nelt np nx1 elements time
 1  1  3  1  0.6011E-03
 1  1  3  1  0.5760E-03
 1  1  3  1  0.5860E-03
 1  1  3  1  0.5791E-03
 1  1  3  1  0.5579E-03
 1  1  4  1  0.1213E-02
 1  1  4  1  0.1175E-02
 1  1  4  1  0.1169E-02
 1  1  4  1  0.1188E-02
 1  1  4  1  0.1149E-02
 1  1  5  1  0.1995E-02
 1  1  5  1  0.1873E-02
 1  1  5  1  0.1860E-02
 1  1  5  1  0.1866E-02
 1  1  5  1  0.1849E-02
 1  1  6  1  0.2948E-02
 1  1  6  1  0.2793E-02
 1  1  6  1  0.2795E-02
 1  1  6  1  0.2777E-02
 1  1  6  1  0.2757E-02
 1  1  7  1  0.3812E-02
 1  1  7  1  0.3598E-02
 1  1  7  1  0.3591E-02
 1  1  7  1  0.3595E-02
 1  1  7  1  0.3564E-02
 1  1  8  1  0.4204E-02
 1  1  8  1  0.3992E-02
 1  1  8  1  0.3965E-02
 1  1  8  1  0.3961E-02
 1  1  8  1  0.3961E-02
 1  1  9  1  0.5552E-02
 1  1  9  1  0.5118E-02
 1  1  9  1  0.5081E-02
 1  1  9  1  0.5083E-02
 1  1  9  1  0.5054E-02
 1  1  10  1  0.5214E-02
 1  1  10  1  0.4679E-02
 1  1  10  1  0.4625E-02
 1  1  10  1  0.4578E-02
 1  1  10  1  0.4592E-02
 1  1  11  1  0.8251E-02
 1  1  11  1  0.7885E-02
 1  1  11  1  0.7711E-02
 1  1  11  1  0.7688E-02
 1  1  11  1  0.7611E-02
 1  1  12  1  0.9961E-02
 1  1  12  1  0.9344E-02
 1  1  12  1  0.9343E-02
 1  1  12  1  0.9360E-02
 1  1  12  1  0.9320E-02
 1  1  13  1  0.1024E-01
 1  1  13  1  0.9183E-02
 1  1  13  1  0.9148E-02
 1  1  13  1  0.9173E-02
 1  1  13  1  0.9114E-02
 1  1  14  1  0.1280E-01
 1  1  14  1  0.1181E-01
 1  1  14  1  0.1177E-01
 1  1  14  1  0.1179E-01
 1  1  14  1  0.1177E-01
 1  1  15  1  0.1797E-01
 1  1  15  1  0.1649E-01
 1  1  15  1  0.1641E-01
 1  1  15  1  0.1649E-01
 1  1  15  1  0.1647E-01
 1  1  16  1  0.2221E-01
 1  1  16  1  0.1958E-01
 1  1  16  1  0.1934E-01
 1  1  16  1  0.1936E-01
 1  1  16  1  0.1932E-01
 1  1  17  1  0.2862E-01
 1  1  17  1  0.2850E-01
 1  1  17  1  0.2849E-01
 1  1  17  1  0.2839E-01
 1  1  17  1  0.2833E-01
 1  1  18  1  0.3305E-01
 1  1  18  1  0.3217E-01
 1  1  18  1  0.3116E-01
 1  1  18  1  0.3073E-01
 1  1  18  1  0.3098E-01
 1  1  19  1  0.4033E-01
 1  1  19  1  0.3931E-01
 1  1  19  1  0.3915E-01
 1  1  19  1  0.3912E-01
 1  1  19  1  0.3909E-01
 1  1  20  1  0.4222E-01
 1  1  20  1  0.4136E-01
 1  1  20  1  0.4142E-01
 1  1  20  1  0.4138E-01
 1  1  20  1  0.4147E-01
