nelt np nx1 elements time
 2  64  3  128  0.5706E-02
 2  64  3  128  0.4693E-02
 2  64  3  128  0.5036E-02
 2  64  3  128  0.4921E-02
 2  64  3  128  0.4935E-02
 2  64  4  128  0.7091E-02
 2  64  4  128  0.6810E-02
 2  64  4  128  0.6908E-02
 2  64  4  128  0.6774E-02
 2  64  4  128  0.6770E-02
 2  64  5  128  0.8889E-02
 2  64  5  128  0.8123E-02
 2  64  5  128  0.9533E-02
 2  64  5  128  0.1050E-01
 2  64  5  128  0.9909E-02
 2  64  6  128  0.1257E-01
 2  64  6  128  0.1164E-01
 2  64  6  128  0.1207E-01
 2  64  6  128  0.1091E-01
 2  64  6  128  0.8606E-02
 2  64  7  128  0.1145E-01
 2  64  7  128  0.1080E-01
 2  64  7  128  0.1106E-01
 2  64  7  128  0.1069E-01
 2  64  7  128  0.1081E-01
 2  64  8  128  0.1874E-01
 2  64  8  128  0.1818E-01
 2  64  8  128  0.1784E-01
 2  64  8  128  0.1796E-01
 2  64  8  128  0.1798E-01
 2  64  9  128  0.2093E-01
 2  64  9  128  0.1939E-01
 2  64  9  128  0.2028E-01
 2  64  9  128  0.2069E-01
 2  64  9  128  0.2046E-01
 2  64  10  128  0.2381E-01
 2  64  10  128  0.2305E-01
 2  64  10  128  0.2311E-01
 2  64  10  128  0.2303E-01
 2  64  10  128  0.2289E-01
 2  64  11  128  0.3206E-01
 2  64  11  128  0.3255E-01
 2  64  11  128  0.3205E-01
 2  64  11  128  0.3163E-01
 2  64  11  128  0.3187E-01
 2  64  12  128  0.4031E-01
 2  64  12  128  0.3946E-01
 2  64  12  128  0.3964E-01
 2  64  12  128  0.3934E-01
 2  64  12  128  0.3954E-01
 2  64  13  128  0.4349E-01
 2  64  13  128  0.4281E-01
 2  64  13  128  0.4253E-01
 2  64  13  128  0.4259E-01
 2  64  13  128  0.4263E-01
 2  64  14  128  0.5171E-01
 2  64  14  128  0.5137E-01
 2  64  14  128  0.5149E-01
 2  64  14  128  0.5211E-01
 2  64  14  128  0.5158E-01
 2  64  15  128  0.6226E-01
 2  64  15  128  0.6002E-01
 2  64  15  128  0.6056E-01
 2  64  15  128  0.6101E-01
 2  64  15  128  0.6043E-01
 2  64  16  128  0.6961E-01
 2  64  16  128  0.6715E-01
 2  64  16  128  0.6565E-01
 2  64  16  128  0.6597E-01
 2  64  16  128  0.6560E-01
 2  64  17  128  0.8853E-01
 2  64  17  128  0.8640E-01
 2  64  17  128  0.8684E-01
 2  64  17  128  0.8724E-01
 2  64  17  128  0.8732E-01
 2  64  18  128  0.1007E+00
 2  64  18  128  0.9723E-01
 2  64  18  128  0.9811E-01
 2  64  18  128  0.9923E-01
 2  64  18  128  0.1013E+00
 2  64  19  128  0.1202E+00
 2  64  19  128  0.1162E+00
 2  64  19  128  0.1162E+00
 2  64  19  128  0.1158E+00
 2  64  19  128  0.1194E+00
 2  64  20  128  0.1417E+00
 2  64  20  128  0.1341E+00
 2  64  20  128  0.1354E+00
 2  64  20  128  0.1354E+00
 2  64  20  128  0.1353E+00
