nelt np nx1 elements time
 2  8  3  16  0.6195E-02
 2  8  3  16  0.5911E-02
 2  8  3  16  0.5957E-02
 2  8  3  16  0.5767E-02
 2  8  3  16  0.5812E-02
 2  8  4  16  0.6411E-02
 2  8  4  16  0.5690E-02
 2  8  4  16  0.5361E-02
 2  8  4  16  0.5974E-02
 2  8  4  16  0.5323E-02
 2  8  5  16  0.6599E-02
 2  8  5  16  0.6094E-02
 2  8  5  16  0.6447E-02
 2  8  5  16  0.5792E-02
 2  8  5  16  0.5712E-02
 2  8  6  16  0.8148E-02
 2  8  6  16  0.7442E-02
 2  8  6  16  0.8146E-02
 2  8  6  16  0.8407E-02
 2  8  6  16  0.8895E-02
 2  8  7  16  0.8731E-02
 2  8  7  16  0.6998E-02
 2  8  7  16  0.7728E-02
 2  8  7  16  0.7039E-02
 2  8  7  16  0.7783E-02
 2  8  8  16  0.1109E-01
 2  8  8  16  0.1001E-01
 2  8  8  16  0.8472E-02
 2  8  8  16  0.8925E-02
 2  8  8  16  0.9205E-02
 2  8  9  16  0.1394E-01
 2  8  9  16  0.1258E-01
 2  8  9  16  0.1275E-01
 2  8  9  16  0.1262E-01
 2  8  9  16  0.1299E-01
 2  8  10  16  0.1397E-01
 2  8  10  16  0.1328E-01
 2  8  10  16  0.1251E-01
 2  8  10  16  0.1186E-01
 2  8  10  16  0.1178E-01
 2  8  11  16  0.1688E-01
 2  8  11  16  0.1567E-01
 2  8  11  16  0.1553E-01
 2  8  11  16  0.1556E-01
 2  8  11  16  0.1560E-01
 2  8  12  16  0.2080E-01
 2  8  12  16  0.1993E-01
 2  8  12  16  0.2012E-01
 2  8  12  16  0.1969E-01
 2  8  12  16  0.1976E-01
 2  8  13  16  0.2564E-01
 2  8  13  16  0.2390E-01
 2  8  13  16  0.2343E-01
 2  8  13  16  0.2327E-01
 2  8  13  16  0.2338E-01
 2  8  14  16  0.3059E-01
 2  8  14  16  0.2953E-01
 2  8  14  16  0.2944E-01
 2  8  14  16  0.2957E-01
 2  8  14  16  0.2961E-01
 2  8  15  16  0.3933E-01
 2  8  15  16  0.3652E-01
 2  8  15  16  0.3841E-01
 2  8  15  16  0.3845E-01
 2  8  15  16  0.3606E-01
 2  8  16  16  0.4375E-01
 2  8  16  16  0.4139E-01
 2  8  16  16  0.4176E-01
 2  8  16  16  0.4072E-01
 2  8  16  16  0.4147E-01
 2  8  17  16  0.5935E-01
 2  8  17  16  0.5611E-01
 2  8  17  16  0.5741E-01
 2  8  17  16  0.5752E-01
 2  8  17  16  0.5623E-01
 2  8  18  16  0.6517E-01
 2  8  18  16  0.6274E-01
 2  8  18  16  0.6244E-01
 2  8  18  16  0.6220E-01
 2  8  18  16  0.6246E-01
 2  8  19  16  0.8035E-01
 2  8  19  16  0.7744E-01
 2  8  19  16  0.7625E-01
 2  8  19  16  0.7619E-01
 2  8  19  16  0.7582E-01
 2  8  20  16  0.8863E-01
 2  8  20  16  0.8493E-01
 2  8  20  16  0.8544E-01
 2  8  20  16  0.8569E-01
 2  8  20  16  0.8596E-01
