nelt np nx1 elements time
 2  1  3  2  0.3001E-02
 2  1  3  2  0.2943E-02
 2  1  3  2  0.2950E-02
 2  1  3  2  0.2939E-02
 2  1  3  2  0.2920E-02
 2  1  4  2  0.3241E-02
 2  1  4  2  0.3146E-02
 2  1  4  2  0.3106E-02
 2  1  4  2  0.3082E-02
 2  1  4  2  0.3108E-02
 2  1  5  2  0.3820E-02
 2  1  5  2  0.3676E-02
 2  1  5  2  0.3664E-02
 2  1  5  2  0.3669E-02
 2  1  5  2  0.3635E-02
 2  1  6  2  0.3319E-02
 2  1  6  2  0.3095E-02
 2  1  6  2  0.3042E-02
 2  1  6  2  0.3080E-02
 2  1  6  2  0.3061E-02
 2  1  7  2  0.5000E-02
 2  1  7  2  0.4688E-02
 2  1  7  2  0.4632E-02
 2  1  7  2  0.4646E-02
 2  1  7  2  0.4637E-02
 2  1  8  2  0.5703E-02
 2  1  8  2  0.5250E-02
 2  1  8  2  0.5284E-02
 2  1  8  2  0.5246E-02
 2  1  8  2  0.5213E-02
 2  1  9  2  0.8375E-02
 2  1  9  2  0.7699E-02
 2  1  9  2  0.7599E-02
 2  1  9  2  0.7505E-02
 2  1  9  2  0.7579E-02
 2  1  10  2  0.9780E-02
 2  1  10  2  0.8733E-02
 2  1  10  2  0.8730E-02
 2  1  10  2  0.8717E-02
 2  1  10  2  0.8624E-02
 2  1  11  2  0.1397E-01
 2  1  11  2  0.1327E-01
 2  1  11  2  0.1342E-01
 2  1  11  2  0.1337E-01
 2  1  11  2  0.1328E-01
 2  1  12  2  0.1533E-01
 2  1  12  2  0.1448E-01
 2  1  12  2  0.1454E-01
 2  1  12  2  0.1444E-01
 2  1  12  2  0.1442E-01
 2  1  13  2  0.2059E-01
 2  1  13  2  0.1950E-01
 2  1  13  2  0.1984E-01
 2  1  13  2  0.1993E-01
 2  1  13  2  0.1993E-01
 2  1  14  2  0.2498E-01
 2  1  14  2  0.2400E-01
 2  1  14  2  0.2403E-01
 2  1  14  2  0.2399E-01
 2  1  14  2  0.2481E-01
 2  1  15  2  0.3327E-01
 2  1  15  2  0.3210E-01
 2  1  15  2  0.3200E-01
 2  1  15  2  0.2976E-01
 2  1  15  2  0.2962E-01
 2  1  16  2  0.3572E-01
 2  1  16  2  0.3407E-01
 2  1  16  2  0.3396E-01
 2  1  16  2  0.3396E-01
 2  1  16  2  0.3432E-01
 2  1  17  2  0.4946E-01
 2  1  17  2  0.4845E-01
 2  1  17  2  0.4829E-01
 2  1  17  2  0.4843E-01
 2  1  17  2  0.4836E-01
 2  1  18  2  0.5613E-01
 2  1  18  2  0.5500E-01
 2  1  18  2  0.5504E-01
 2  1  18  2  0.5502E-01
 2  1  18  2  0.5496E-01
 2  1  19  2  0.6995E-01
 2  1  19  2  0.6770E-01
 2  1  19  2  0.6780E-01
 2  1  19  2  0.6770E-01
 2  1  19  2  0.6784E-01
 2  1  20  2  0.7759E-01
 2  1  20  2  0.7575E-01
 2  1  20  2  0.7596E-01
 2  1  20  2  0.7596E-01
 2  1  20  2  0.7596E-01
