nelt np nx1 elements time
 4  2  3  8  0.4950E-02
 4  2  3  8  0.4888E-02
 4  2  3  8  0.4877E-02
 4  2  3  8  0.4812E-02
 4  2  3  8  0.4910E-02
 4  2  4  8  0.5383E-02
 4  2  4  8  0.5238E-02
 4  2  4  8  0.5210E-02
 4  2  4  8  0.5208E-02
 4  2  4  8  0.5193E-02
 4  2  5  8  0.6355E-02
 4  2  5  8  0.5975E-02
 4  2  5  8  0.5891E-02
 4  2  5  8  0.5863E-02
 4  2  5  8  0.5863E-02
 4  2  6  8  0.7107E-02
 4  2  6  8  0.6752E-02
 4  2  6  8  0.6427E-02
 4  2  6  8  0.6619E-02
 4  2  6  8  0.6532E-02
 4  2  7  8  0.9758E-02
 4  2  7  8  0.9166E-02
 4  2  7  8  0.9104E-02
 4  2  7  8  0.9021E-02
 4  2  7  8  0.9016E-02
 4  2  8  8  0.9793E-02
 4  2  8  8  0.8860E-02
 4  2  8  8  0.9042E-02
 4  2  8  8  0.8954E-02
 4  2  8  8  0.8760E-02
 4  2  9  8  0.1578E-01
 4  2  9  8  0.1402E-01
 4  2  9  8  0.1396E-01
 4  2  9  8  0.1421E-01
 4  2  9  8  0.1395E-01
 4  2  10  8  0.2157E-01
 4  2  10  8  0.1966E-01
 4  2  10  8  0.1954E-01
 4  2  10  8  0.1943E-01
 4  2  10  8  0.1941E-01
 4  2  11  8  0.2661E-01
 4  2  11  8  0.2557E-01
 4  2  11  8  0.2553E-01
 4  2  11  8  0.2550E-01
 4  2  11  8  0.2535E-01
 4  2  12  8  0.3323E-01
 4  2  12  8  0.3395E-01
 4  2  12  8  0.3539E-01
 4  2  12  8  0.3537E-01
 4  2  12  8  0.3544E-01
 4  2  13  8  0.4433E-01
 4  2  13  8  0.4280E-01
 4  2  13  8  0.4299E-01
 4  2  13  8  0.4466E-01
 4  2  13  8  0.4479E-01
 4  2  14  8  0.5165E-01
 4  2  14  8  0.5040E-01
 4  2  14  8  0.5024E-01
 4  2  14  8  0.5015E-01
 4  2  14  8  0.5020E-01
 4  2  15  8  0.6196E-01
 4  2  15  8  0.6013E-01
 4  2  15  8  0.5997E-01
 4  2  15  8  0.6042E-01
 4  2  15  8  0.6042E-01
 4  2  16  8  0.7184E-01
 4  2  16  8  0.6874E-01
 4  2  16  8  0.6847E-01
 4  2  16  8  0.6850E-01
 4  2  16  8  0.6846E-01
 4  2  17  8  0.9975E-01
 4  2  17  8  0.9728E-01
 4  2  17  8  0.9725E-01
 4  2  17  8  0.9711E-01
 4  2  17  8  0.9722E-01
 4  2  18  8  0.1140E+00
 4  2  18  8  0.1111E+00
 4  2  18  8  0.1110E+00
 4  2  18  8  0.1110E+00
 4  2  18  8  0.1110E+00
 4  2  19  8  0.1412E+00
 4  2  19  8  0.1370E+00
 4  2  19  8  0.1369E+00
 4  2  19  8  0.1370E+00
 4  2  19  8  0.1375E+00
 4  2  20  8  0.1592E+00
 4  2  20  8  0.1548E+00
 4  2  20  8  0.1547E+00
 4  2  20  8  0.1546E+00
 4  2  20  8  0.1547E+00
