nelt np nx1 elements time
 4  8  3  32  0.5690E-02
 4  8  3  32  0.5669E-02
 4  8  3  32  0.6120E-02
 4  8  3  32  0.5706E-02
 4  8  3  32  0.5488E-02
 4  8  4  32  0.6169E-02
 4  8  4  32  0.6229E-02
 4  8  4  32  0.6207E-02
 4  8  4  32  0.6153E-02
 4  8  4  32  0.6118E-02
 4  8  5  32  0.9951E-02
 4  8  5  32  0.8957E-02
 4  8  5  32  0.8744E-02
 4  8  5  32  0.8235E-02
 4  8  5  32  0.7949E-02
 4  8  6  32  0.9867E-02
 4  8  6  32  0.8254E-02
 4  8  6  32  0.8463E-02
 4  8  6  32  0.8959E-02
 4  8  6  32  0.8351E-02
 4  8  7  32  0.1127E-01
 4  8  7  32  0.1083E-01
 4  8  7  32  0.1120E-01
 4  8  7  32  0.9302E-02
 4  8  7  32  0.1062E-01
 4  8  8  32  0.1284E-01
 4  8  8  32  0.1270E-01
 4  8  8  32  0.1268E-01
 4  8  8  32  0.1249E-01
 4  8  8  32  0.1289E-01
 4  8  9  32  0.2030E-01
 4  8  9  32  0.1915E-01
 4  8  9  32  0.1868E-01
 4  8  9  32  0.1872E-01
 4  8  9  32  0.1885E-01
 4  8  10  32  0.2508E-01
 4  8  10  32  0.2300E-01
 4  8  10  32  0.2297E-01
 4  8  10  32  0.2302E-01
 4  8  10  32  0.2308E-01
 4  8  11  32  0.3327E-01
 4  8  11  32  0.3151E-01
 4  8  11  32  0.3148E-01
 4  8  11  32  0.3279E-01
 4  8  11  32  0.3125E-01
 4  8  12  32  0.3970E-01
 4  8  12  32  0.3759E-01
 4  8  12  32  0.3740E-01
 4  8  12  32  0.3744E-01
 4  8  12  32  0.3741E-01
 4  8  13  32  0.4623E-01
 4  8  13  32  0.4375E-01
 4  8  13  32  0.4370E-01
 4  8  13  32  0.4370E-01
 4  8  13  32  0.4512E-01
 4  8  14  32  0.5456E-01
 4  8  14  32  0.5234E-01
 4  8  14  32  0.5188E-01
 4  8  14  32  0.5187E-01
 4  8  14  32  0.5189E-01
 4  8  15  32  0.6491E-01
 4  8  15  32  0.6255E-01
 4  8  15  32  0.6241E-01
 4  8  15  32  0.6260E-01
 4  8  15  32  0.6255E-01
 4  8  16  32  0.7526E-01
 4  8  16  32  0.7267E-01
 4  8  16  32  0.7195E-01
 4  8  16  32  0.7247E-01
 4  8  16  32  0.7172E-01
 4  8  17  32  0.1020E+00
 4  8  17  32  0.1003E+00
 4  8  17  32  0.1008E+00
 4  8  17  32  0.1010E+00
 4  8  17  32  0.1004E+00
 4  8  18  32  0.1167E+00
 4  8  18  32  0.1131E+00
 4  8  18  32  0.1142E+00
 4  8  18  32  0.1140E+00
 4  8  18  32  0.1141E+00
 4  8  19  32  0.1450E+00
 4  8  19  32  0.1413E+00
 4  8  19  32  0.1425E+00
 4  8  19  32  0.1429E+00
 4  8  19  32  0.1427E+00
 4  8  20  32  0.1655E+00
 4  8  20  32  0.1607E+00
 4  8  20  32  0.1615E+00
 4  8  20  32  0.1600E+00
 4  8  20  32  0.1600E+00
