nelt np nx1 elements time
 4  16  3  64  0.5974E-02
 4  16  3  64  0.5759E-02
 4  16  3  64  0.5872E-02
 4  16  3  64  0.5597E-02
 4  16  3  64  0.4445E-02
 4  16  4  64  0.5164E-02
 4  16  4  64  0.5201E-02
 4  16  4  64  0.5457E-02
 4  16  4  64  0.6017E-02
 4  16  4  64  0.5986E-02
 4  16  5  64  0.7145E-02
 4  16  5  64  0.6269E-02
 4  16  5  64  0.5704E-02
 4  16  5  64  0.6193E-02
 4  16  5  64  0.6086E-02
 4  16  6  64  0.7304E-02
 4  16  6  64  0.6387E-02
 4  16  6  64  0.6417E-02
 4  16  6  64  0.6465E-02
 4  16  6  64  0.6370E-02
 4  16  7  64  0.1059E-01
 4  16  7  64  0.9115E-02
 4  16  7  64  0.8041E-02
 4  16  7  64  0.7922E-02
 4  16  7  64  0.7924E-02
 4  16  8  64  0.1304E-01
 4  16  8  64  0.1176E-01
 4  16  8  64  0.1207E-01
 4  16  8  64  0.1162E-01
 4  16  8  64  0.1111E-01
 4  16  9  64  0.1808E-01
 4  16  9  64  0.1662E-01
 4  16  9  64  0.1664E-01
 4  16  9  64  0.1640E-01
 4  16  9  64  0.1635E-01
 4  16  10  64  0.2492E-01
 4  16  10  64  0.2362E-01
 4  16  10  64  0.2361E-01
 4  16  10  64  0.2351E-01
 4  16  10  64  0.2349E-01
 4  16  11  64  0.3141E-01
 4  16  11  64  0.2944E-01
 4  16  11  64  0.2975E-01
 4  16  11  64  0.2885E-01
 4  16  11  64  0.2897E-01
 4  16  12  64  0.3920E-01
 4  16  12  64  0.3787E-01
 4  16  12  64  0.3776E-01
 4  16  12  64  0.3782E-01
 4  16  12  64  0.3794E-01
 4  16  13  64  0.4590E-01
 4  16  13  64  0.4521E-01
 4  16  13  64  0.4500E-01
 4  16  13  64  0.4480E-01
 4  16  13  64  0.4713E-01
 4  16  14  64  0.5993E-01
 4  16  14  64  0.5818E-01
 4  16  14  64  0.5898E-01
 4  16  14  64  0.5885E-01
 4  16  14  64  0.5842E-01
 4  16  15  64  0.6589E-01
 4  16  15  64  0.6385E-01
 4  16  15  64  0.6361E-01
 4  16  15  64  0.6341E-01
 4  16  15  64  0.6356E-01
 4  16  16  64  0.7863E-01
 4  16  16  64  0.7271E-01
 4  16  16  64  0.7281E-01
 4  16  16  64  0.7275E-01
 4  16  16  64  0.7245E-01
 4  16  17  64  0.1057E+00
 4  16  17  64  0.1020E+00
 4  16  17  64  0.1019E+00
 4  16  17  64  0.1020E+00
 4  16  17  64  0.1019E+00
 4  16  18  64  0.1201E+00
 4  16  18  64  0.1160E+00
 4  16  18  64  0.1164E+00
 4  16  18  64  0.1191E+00
 4  16  18  64  0.1179E+00
 4  16  19  64  0.1505E+00
 4  16  19  64  0.1444E+00
 4  16  19  64  0.1456E+00
 4  16  19  64  0.1449E+00
 4  16  19  64  0.1433E+00
 4  16  20  64  0.1696E+00
 4  16  20  64  0.1641E+00
 4  16  20  64  0.1632E+00
 4  16  20  64  0.1626E+00
 4  16  20  64  0.1630E+00
