nelt np nx1 elements time
 4  32  3  128  0.5096E-02
 4  32  3  128  0.5188E-02
 4  32  3  128  0.5360E-02
 4  32  3  128  0.4841E-02
 4  32  3  128  0.4975E-02
 4  32  4  128  0.6339E-02
 4  32  4  128  0.5408E-02
 4  32  4  128  0.5574E-02
 4  32  4  128  0.5767E-02
 4  32  4  128  0.5987E-02
 4  32  5  128  0.6732E-02
 4  32  5  128  0.5794E-02
 4  32  5  128  0.6428E-02
 4  32  5  128  0.6025E-02
 4  32  5  128  0.5712E-02
 4  32  6  128  0.8135E-02
 4  32  6  128  0.7541E-02
 4  32  6  128  0.7543E-02
 4  32  6  128  0.7425E-02
 4  32  6  128  0.7397E-02
 4  32  7  128  0.9048E-02
 4  32  7  128  0.8547E-02
 4  32  7  128  0.8523E-02
 4  32  7  128  0.8676E-02
 4  32  7  128  0.8329E-02
 4  32  8  128  0.1503E-01
 4  32  8  128  0.1379E-01
 4  32  8  128  0.1366E-01
 4  32  8  128  0.1370E-01
 4  32  8  128  0.1295E-01
 4  32  9  128  0.2245E-01
 4  32  9  128  0.2097E-01
 4  32  9  128  0.2165E-01
 4  32  9  128  0.2166E-01
 4  32  9  128  0.2128E-01
 4  32  10  128  0.2292E-01
 4  32  10  128  0.2186E-01
 4  32  10  128  0.2163E-01
 4  32  10  128  0.2167E-01
 4  32  10  128  0.2185E-01
 4  32  11  128  0.3071E-01
 4  32  11  128  0.2928E-01
 4  32  11  128  0.2956E-01
 4  32  11  128  0.2937E-01
 4  32  11  128  0.2947E-01
 4  32  12  128  0.4021E-01
 4  32  12  128  0.3779E-01
 4  32  12  128  0.3637E-01
 4  32  12  128  0.3635E-01
 4  32  12  128  0.3697E-01
 4  32  13  128  0.4829E-01
 4  32  13  128  0.4794E-01
 4  32  13  128  0.4850E-01
 4  32  13  128  0.4846E-01
 4  32  13  128  0.4859E-01
 4  32  14  128  0.5809E-01
 4  32  14  128  0.5633E-01
 4  32  14  128  0.5651E-01
 4  32  14  128  0.5682E-01
 4  32  14  128  0.5661E-01
 4  32  15  128  0.6940E-01
 4  32  15  128  0.6799E-01
 4  32  15  128  0.6781E-01
 4  32  15  128  0.6712E-01
 4  32  15  128  0.6822E-01
 4  32  16  128  0.8126E-01
 4  32  16  128  0.7789E-01
 4  32  16  128  0.7776E-01
 4  32  16  128  0.7770E-01
 4  32  16  128  0.7885E-01
 4  32  17  128  0.1118E+00
 4  32  17  128  0.1089E+00
 4  32  17  128  0.1081E+00
 4  32  17  128  0.1084E+00
 4  32  17  128  0.1084E+00
 4  32  18  128  0.1265E+00
 4  32  18  128  0.1238E+00
 4  32  18  128  0.1233E+00
 4  32  18  128  0.1247E+00
 4  32  18  128  0.1231E+00
 4  32  19  128  0.1589E+00
 4  32  19  128  0.1539E+00
 4  32  19  128  0.1532E+00
 4  32  19  128  0.1532E+00
 4  32  19  128  0.1523E+00
 4  32  20  128  0.1824E+00
 4  32  20  128  0.1767E+00
 4  32  20  128  0.1766E+00
 4  32  20  128  0.1762E+00
 4  32  20  128  0.1759E+00
