nelt np nx1 elements time
 8  32  3  256  0.6881E-02
 8  32  3  256  0.6511E-02
 8  32  3  256  0.6602E-02
 8  32  3  256  0.6407E-02
 8  32  3  256  0.6534E-02
 8  32  4  256  0.7965E-02
 8  32  4  256  0.6784E-02
 8  32  4  256  0.7586E-02
 8  32  4  256  0.7071E-02
 8  32  4  256  0.7170E-02
 8  32  5  256  0.1055E-01
 8  32  5  256  0.8848E-02
 8  32  5  256  0.8593E-02
 8  32  5  256  0.9877E-02
 8  32  5  256  0.8584E-02
 8  32  6  256  0.1235E-01
 8  32  6  256  0.1265E-01
 8  32  6  256  0.1308E-01
 8  32  6  256  0.1252E-01
 8  32  6  256  0.1296E-01
 8  32  7  256  0.1843E-01
 8  32  7  256  0.1594E-01
 8  32  7  256  0.1658E-01
 8  32  7  256  0.1633E-01
 8  32  7  256  0.1575E-01
 8  32  8  256  0.2261E-01
 8  32  8  256  0.2120E-01
 8  32  8  256  0.2161E-01
 8  32  8  256  0.2147E-01
 8  32  8  256  0.2186E-01
 8  32  9  256  0.3631E-01
 8  32  9  256  0.3178E-01
 8  32  9  256  0.3167E-01
 8  32  9  256  0.3157E-01
 8  32  9  256  0.3207E-01
 8  32  10  256  0.4335E-01
 8  32  10  256  0.4287E-01
 8  32  10  256  0.4473E-01
 8  32  10  256  0.4343E-01
 8  32  10  256  0.4424E-01
 8  32  11  256  0.5834E-01
 8  32  11  256  0.5722E-01
 8  32  11  256  0.5682E-01
 8  32  11  256  0.5641E-01
 8  32  11  256  0.5520E-01
 8  32  12  256  0.7084E-01
 8  32  12  256  0.6840E-01
 8  32  12  256  0.6840E-01
 8  32  12  256  0.6827E-01
 8  32  12  256  0.6793E-01
 8  32  13  256  0.8745E-01
 8  32  13  256  0.8656E-01
 8  32  13  256  0.8546E-01
 8  32  13  256  0.8585E-01
 8  32  13  256  0.8616E-01
 8  32  14  256  0.1032E+00
 8  32  14  256  0.1024E+00
 8  32  14  256  0.1028E+00
 8  32  14  256  0.1014E+00
 8  32  14  256  0.1018E+00
 8  32  15  256  0.1317E+00
 8  32  15  256  0.1265E+00
 8  32  15  256  0.1249E+00
 8  32  15  256  0.1257E+00
 8  32  15  256  0.1257E+00
 8  32  16  256  0.1557E+00
 8  32  16  256  0.1490E+00
 8  32  16  256  0.1489E+00
 8  32  16  256  0.1491E+00
 8  32  16  256  0.1489E+00
 8  32  17  256  0.2123E+00
 8  32  17  256  0.2057E+00
 8  32  17  256  0.2063E+00
 8  32  17  256  0.2073E+00
 8  32  17  256  0.2057E+00
 8  32  18  256  0.2429E+00
 8  32  18  256  0.2357E+00
 8  32  18  256  0.2367E+00
 8  32  18  256  0.2353E+00
 8  32  18  256  0.2354E+00
 8  32  19  256  0.3071E+00
 8  32  19  256  0.2994E+00
 8  32  19  256  0.2993E+00
 8  32  19  256  0.2986E+00
 8  32  19  256  0.2993E+00
 8  32  20  256  0.3668E+00
 8  32  20  256  0.3549E+00
 8  32  20  256  0.3547E+00
 8  32  20  256  0.3556E+00
 8  32  20  256  0.3556E+00
