nelt np nx1 elements time
 8  1  3  8  0.4142E-02
 8  1  3  8  0.4045E-02
 8  1  3  8  0.4013E-02
 8  1  3  8  0.4029E-02
 8  1  3  8  0.4024E-02
 8  1  4  8  0.4771E-02
 8  1  4  8  0.4603E-02
 8  1  4  8  0.4621E-02
 8  1  4  8  0.4596E-02
 8  1  4  8  0.4600E-02
 8  1  5  8  0.6961E-02
 8  1  5  8  0.6356E-02
 8  1  5  8  0.6326E-02
 8  1  5  8  0.6316E-02
 8  1  5  8  0.6338E-02
 8  1  6  8  0.8783E-02
 8  1  6  8  0.7959E-02
 8  1  6  8  0.7934E-02
 8  1  6  8  0.7855E-02
 8  1  6  8  0.7904E-02
 8  1  7  8  0.1263E-01
 8  1  7  8  0.1096E-01
 8  1  7  8  0.1085E-01
 8  1  7  8  0.1097E-01
 8  1  7  8  0.1092E-01
 8  1  8  8  0.1718E-01
 8  1  8  8  0.1597E-01
 8  1  8  8  0.1595E-01
 8  1  8  8  0.1618E-01
 8  1  8  8  0.1595E-01
 8  1  9  8  0.2795E-01
 8  1  9  8  0.2708E-01
 8  1  9  8  0.2687E-01
 8  1  9  8  0.2690E-01
 8  1  9  8  0.2700E-01
 8  1  10  8  0.3438E-01
 8  1  10  8  0.3344E-01
 8  1  10  8  0.3334E-01
 8  1  10  8  0.3331E-01
 8  1  10  8  0.3336E-01
 8  1  11  8  0.4559E-01
 8  1  11  8  0.4438E-01
 8  1  11  8  0.4436E-01
 8  1  11  8  0.4436E-01
 8  1  11  8  0.4439E-01
 8  1  12  8  0.5502E-01
 8  1  12  8  0.5318E-01
 8  1  12  8  0.5324E-01
 8  1  12  8  0.5326E-01
 8  1  12  8  0.5317E-01
 8  1  13  8  0.7487E-01
 8  1  13  8  0.7242E-01
 8  1  13  8  0.7240E-01
 8  1  13  8  0.7198E-01
 8  1  13  8  0.6987E-01
 8  1  14  8  0.8752E-01
 8  1  14  8  0.8512E-01
 8  1  14  8  0.8472E-01
 8  1  14  8  0.8462E-01
 8  1  14  8  0.8474E-01
 8  1  15  8  0.1085E+00
 8  1  15  8  0.1038E+00
 8  1  15  8  0.1037E+00
 8  1  15  8  0.1040E+00
 8  1  15  8  0.1038E+00
 8  1  16  8  0.1263E+00
 8  1  16  8  0.1205E+00
 8  1  16  8  0.1205E+00
 8  1  16  8  0.1209E+00
 8  1  16  8  0.1206E+00
 8  1  17  8  0.1843E+00
 8  1  17  8  0.1783E+00
 8  1  17  8  0.1785E+00
 8  1  17  8  0.1784E+00
 8  1  17  8  0.1783E+00
 8  1  18  8  0.2114E+00
 8  1  18  8  0.2048E+00
 8  1  18  8  0.2060E+00
 8  1  18  8  0.2050E+00
 8  1  18  8  0.2049E+00
 8  1  19  8  0.2655E+00
 8  1  19  8  0.2580E+00
 8  1  19  8  0.2579E+00
 8  1  19  8  0.2580E+00
 8  1  19  8  0.2580E+00
 8  1  20  8  0.3063E+00
 8  1  20  8  0.2971E+00
 8  1  20  8  0.2971E+00
 8  1  20  8  0.2968E+00
 8  1  20  8  0.2968E+00
