nelt np nx1 elements time
 8  4  3  32  0.5994E-02
 8  4  3  32  0.5689E-02
 8  4  3  32  0.5630E-02
 8  4  3  32  0.5704E-02
 8  4  3  32  0.5656E-02
 8  4  4  32  0.6464E-02
 8  4  4  32  0.6309E-02
 8  4  4  32  0.6289E-02
 8  4  4  32  0.6831E-02
 8  4  4  32  0.6875E-02
 8  4  5  32  0.8408E-02
 8  4  5  32  0.7920E-02
 8  4  5  32  0.7826E-02
 8  4  5  32  0.7872E-02
 8  4  5  32  0.7828E-02
 8  4  6  32  0.1096E-01
 8  4  6  32  0.9812E-02
 8  4  6  32  0.9807E-02
 8  4  6  32  0.9665E-02
 8  4  6  32  0.9848E-02
 8  4  7  32  0.1517E-01
 8  4  7  32  0.1375E-01
 8  4  7  32  0.1353E-01
 8  4  7  32  0.1376E-01
 8  4  7  32  0.1375E-01
 8  4  8  32  0.1989E-01
 8  4  8  32  0.1862E-01
 8  4  8  32  0.1861E-01
 8  4  8  32  0.1862E-01
 8  4  8  32  0.1862E-01
 8  4  9  32  0.3047E-01
 8  4  9  32  0.2934E-01
 8  4  9  32  0.2914E-01
 8  4  9  32  0.2920E-01
 8  4  9  32  0.2909E-01
 8  4  10  32  0.3955E-01
 8  4  10  32  0.3858E-01
 8  4  10  32  0.3888E-01
 8  4  10  32  0.3871E-01
 8  4  10  32  0.3873E-01
 8  4  11  32  0.5115E-01
 8  4  11  32  0.5029E-01
 8  4  11  32  0.5026E-01
 8  4  11  32  0.5013E-01
 8  4  11  32  0.5027E-01
 8  4  12  32  0.6159E-01
 8  4  12  32  0.5989E-01
 8  4  12  32  0.5977E-01
 8  4  12  32  0.5975E-01
 8  4  12  32  0.5976E-01
 8  4  13  32  0.7937E-01
 8  4  13  32  0.7780E-01
 8  4  13  32  0.7861E-01
 8  4  13  32  0.7866E-01
 8  4  13  32  0.7857E-01
 8  4  14  32  0.9382E-01
 8  4  14  32  0.9062E-01
 8  4  14  32  0.9103E-01
 8  4  14  32  0.9104E-01
 8  4  14  32  0.9100E-01
 8  4  15  32  0.1158E+00
 8  4  15  32  0.1126E+00
 8  4  15  32  0.1114E+00
 8  4  15  32  0.1114E+00
 8  4  15  32  0.1114E+00
 8  4  16  32  0.1348E+00
 8  4  16  32  0.1287E+00
 8  4  16  32  0.1300E+00
 8  4  16  32  0.1282E+00
 8  4  16  32  0.1283E+00
 8  4  17  32  0.1932E+00
 8  4  17  32  0.1877E+00
 8  4  17  32  0.1876E+00
 8  4  17  32  0.1874E+00
 8  4  17  32  0.1873E+00
 8  4  18  32  0.2211E+00
 8  4  18  32  0.2149E+00
 8  4  18  32  0.2149E+00
 8  4  18  32  0.2148E+00
 8  4  18  32  0.2152E+00
 8  4  19  32  0.2769E+00
 8  4  19  32  0.2689E+00
 8  4  19  32  0.2693E+00
 8  4  19  32  0.2705E+00
 8  4  19  32  0.2694E+00
 8  4  20  32  0.3221E+00
 8  4  20  32  0.3120E+00
 8  4  20  32  0.3123E+00
 8  4  20  32  0.3121E+00
 8  4  20  32  0.3126E+00
