nelt np nx1 elements time
 8  8  3  64  0.6883E-02
 8  8  3  64  0.6746E-02
 8  8  3  64  0.6934E-02
 8  8  3  64  0.6199E-02
 8  8  3  64  0.6705E-02
 8  8  4  64  0.7467E-02
 8  8  4  64  0.7156E-02
 8  8  4  64  0.7968E-02
 8  8  4  64  0.7588E-02
 8  8  4  64  0.7421E-02
 8  8  5  64  0.1154E-01
 8  8  5  64  0.1087E-01
 8  8  5  64  0.1065E-01
 8  8  5  64  0.1069E-01
 8  8  5  64  0.1009E-01
 8  8  6  64  0.1341E-01
 8  8  6  64  0.1204E-01
 8  8  6  64  0.1149E-01
 8  8  6  64  0.1184E-01
 8  8  6  64  0.1143E-01
 8  8  7  64  0.1754E-01
 8  8  7  64  0.1565E-01
 8  8  7  64  0.1547E-01
 8  8  7  64  0.1619E-01
 8  8  7  64  0.1566E-01
 8  8  8  64  0.2185E-01
 8  8  8  64  0.2029E-01
 8  8  8  64  0.1999E-01
 8  8  8  64  0.2042E-01
 8  8  8  64  0.2023E-01
 8  8  9  64  0.3321E-01
 8  8  9  64  0.3311E-01
 8  8  9  64  0.3343E-01
 8  8  9  64  0.3361E-01
 8  8  9  64  0.3342E-01
 8  8  10  64  0.4397E-01
 8  8  10  64  0.4169E-01
 8  8  10  64  0.4149E-01
 8  8  10  64  0.4146E-01
 8  8  10  64  0.4168E-01
 8  8  11  64  0.5436E-01
 8  8  11  64  0.5190E-01
 8  8  11  64  0.5295E-01
 8  8  11  64  0.5196E-01
 8  8  11  64  0.5197E-01
 8  8  12  64  0.6383E-01
 8  8  12  64  0.6365E-01
 8  8  12  64  0.6244E-01
 8  8  12  64  0.6383E-01
 8  8  12  64  0.6400E-01
 8  8  13  64  0.8420E-01
 8  8  13  64  0.8165E-01
 8  8  13  64  0.8019E-01
 8  8  13  64  0.8035E-01
 8  8  13  64  0.8004E-01
 8  8  14  64  0.9790E-01
 8  8  14  64  0.9393E-01
 8  8  14  64  0.9389E-01
 8  8  14  64  0.9396E-01
 8  8  14  64  0.9403E-01
 8  8  15  64  0.1198E+00
 8  8  15  64  0.1147E+00
 8  8  15  64  0.1153E+00
 8  8  15  64  0.1149E+00
 8  8  15  64  0.1148E+00
 8  8  16  64  0.1391E+00
 8  8  16  64  0.1319E+00
 8  8  16  64  0.1317E+00
 8  8  16  64  0.1324E+00
 8  8  16  64  0.1330E+00
 8  8  17  64  0.1988E+00
 8  8  17  64  0.1910E+00
 8  8  17  64  0.1910E+00
 8  8  17  64  0.1909E+00
 8  8  17  64  0.1912E+00
 8  8  18  64  0.2286E+00
 8  8  18  64  0.2223E+00
 8  8  18  64  0.2223E+00
 8  8  18  64  0.2224E+00
 8  8  18  64  0.2224E+00
 8  8  19  64  0.2828E+00
 8  8  19  64  0.2742E+00
 8  8  19  64  0.2760E+00
 8  8  19  64  0.2739E+00
 8  8  19  64  0.2745E+00
 8  8  20  64  0.3285E+00
 8  8  20  64  0.3189E+00
 8  8  20  64  0.3190E+00
 8  8  20  64  0.3195E+00
 8  8  20  64  0.3192E+00
