nelt np nx1 elements time
 16  64  3  1024  0.1145E-01
 16  64  3  1024  0.1122E-01
 16  64  3  1024  0.1060E-01
 16  64  3  1024  0.1064E-01
 16  64  3  1024  0.1104E-01
 16  64  4  1024  0.1670E-01
 16  64  4  1024  0.1572E-01
 16  64  4  1024  0.1568E-01
 16  64  4  1024  0.1574E-01
 16  64  4  1024  0.1566E-01
 16  64  5  1024  0.2307E-01
 16  64  5  1024  0.2194E-01
 16  64  5  1024  0.2318E-01
 16  64  5  1024  0.2351E-01
 16  64  5  1024  0.2348E-01
 16  64  6  1024  0.3260E-01
 16  64  6  1024  0.3237E-01
 16  64  6  1024  0.3311E-01
 16  64  6  1024  0.3252E-01
 16  64  6  1024  0.3256E-01
 16  64  7  1024  0.4623E-01
 16  64  7  1024  0.4561E-01
 16  64  7  1024  0.4551E-01
 16  64  7  1024  0.4543E-01
 16  64  7  1024  0.4572E-01
 16  64  8  1024  0.5614E-01
 16  64  8  1024  0.5470E-01
 16  64  8  1024  0.5484E-01
 16  64  8  1024  0.5479E-01
 16  64  8  1024  0.5455E-01
 16  64  9  1024  0.8518E-01
 16  64  9  1024  0.8237E-01
 16  64  9  1024  0.8302E-01
 16  64  9  1024  0.8282E-01
 16  64  9  1024  0.8273E-01
 16  64  10  1024  0.1034E+00
 16  64  10  1024  0.1055E+00
 16  64  10  1024  0.1052E+00
 16  64  10  1024  0.1050E+00
 16  64  10  1024  0.1045E+00
 16  64  11  1024  0.1423E+00
 16  64  11  1024  0.1384E+00
 16  64  11  1024  0.1375E+00
 16  64  11  1024  0.1393E+00
 16  64  11  1024  0.1415E+00
 16  64  12  1024  0.1775E+00
 16  64  12  1024  0.1701E+00
 16  64  12  1024  0.1707E+00
 16  64  12  1024  0.1716E+00
 16  64  12  1024  0.1772E+00
 16  64  13  1024  0.2274E+00
 16  64  13  1024  0.2179E+00
 16  64  13  1024  0.2194E+00
 16  64  13  1024  0.2181E+00
 16  64  13  1024  0.2179E+00
 16  64  14  1024  0.2769E+00
 16  64  14  1024  0.2649E+00
 16  64  14  1024  0.2652E+00
 16  64  14  1024  0.2653E+00
 16  64  14  1024  0.2777E+00
 16  64  15  1024  0.3459E+00
 16  64  15  1024  0.3286E+00
 16  64  15  1024  0.3316E+00
 16  64  15  1024  0.3328E+00
 16  64  15  1024  0.3347E+00
 16  64  16  1024  0.4208E+00
 16  64  16  1024  0.4026E+00
 16  64  16  1024  0.4037E+00
 16  64  16  1024  0.4041E+00
 16  64  16  1024  0.4025E+00
 16  64  17  1024  0.5575E+00
 16  64  17  1024  0.5524E+00
 16  64  17  1024  0.5534E+00
 16  64  17  1024  0.5385E+00
 16  64  17  1024  0.5321E+00
 16  64  18  1024  0.6523E+00
 16  64  18  1024  0.6300E+00
 16  64  18  1024  0.6315E+00
 16  64  18  1024  0.6260E+00
 16  64  18  1024  0.6270E+00
 16  64  19  1024  0.8371E+00
 16  64  19  1024  0.7987E+00
 16  64  19  1024  0.7962E+00
 16  64  19  1024  0.7987E+00
 16  64  19  1024  0.7962E+00
 16  64  20  1024  0.9966E+00
 16  64  20  1024  0.9554E+00
 16  64  20  1024  0.9529E+00
 16  64  20  1024  0.9520E+00
 16  64  20  1024  0.9566E+00
