nelt np nx1 elements time
 16  8  3  128  0.9178E-02
 16  8  3  128  0.8639E-02
 16  8  3  128  0.8794E-02
 16  8  3  128  0.8727E-02
 16  8  3  128  0.8636E-02
 16  8  4  128  0.1067E-01
 16  8  4  128  0.9386E-02
 16  8  4  128  0.9884E-02
 16  8  4  128  0.9686E-02
 16  8  4  128  0.1034E-01
 16  8  5  128  0.1683E-01
 16  8  5  128  0.1470E-01
 16  8  5  128  0.1370E-01
 16  8  5  128  0.1468E-01
 16  8  5  128  0.1380E-01
 16  8  6  128  0.2081E-01
 16  8  6  128  0.1775E-01
 16  8  6  128  0.1758E-01
 16  8  6  128  0.1725E-01
 16  8  6  128  0.1746E-01
 16  8  7  128  0.2874E-01
 16  8  7  128  0.2601E-01
 16  8  7  128  0.2584E-01
 16  8  7  128  0.2585E-01
 16  8  7  128  0.2584E-01
 16  8  8  128  0.3871E-01
 16  8  8  128  0.3404E-01
 16  8  8  128  0.3406E-01
 16  8  8  128  0.3411E-01
 16  8  8  128  0.3411E-01
 16  8  9  128  0.5623E-01
 16  8  9  128  0.5359E-01
 16  8  9  128  0.5369E-01
 16  8  9  128  0.5383E-01
 16  8  9  128  0.5401E-01
 16  8  10  128  0.7294E-01
 16  8  10  128  0.7026E-01
 16  8  10  128  0.7135E-01
 16  8  10  128  0.7170E-01
 16  8  10  128  0.7025E-01
 16  8  11  128  0.9611E-01
 16  8  11  128  0.9376E-01
 16  8  11  128  0.9308E-01
 16  8  11  128  0.9235E-01
 16  8  11  128  0.9210E-01
 16  8  12  128  0.1188E+00
 16  8  12  128  0.1135E+00
 16  8  12  128  0.1131E+00
 16  8  12  128  0.1126E+00
 16  8  12  128  0.1136E+00
 16  8  13  128  0.1531E+00
 16  8  13  128  0.1468E+00
 16  8  13  128  0.1471E+00
 16  8  13  128  0.1473E+00
 16  8  13  128  0.1471E+00
 16  8  14  128  0.1849E+00
 16  8  14  128  0.1769E+00
 16  8  14  128  0.1773E+00
 16  8  14  128  0.1773E+00
 16  8  14  128  0.1770E+00
 16  8  15  128  0.2290E+00
 16  8  15  128  0.2212E+00
 16  8  15  128  0.2219E+00
 16  8  15  128  0.2212E+00
 16  8  15  128  0.2236E+00
 16  8  16  128  0.2667E+00
 16  8  16  128  0.2552E+00
 16  8  16  128  0.2555E+00
 16  8  16  128  0.2555E+00
 16  8  16  128  0.2556E+00
 16  8  17  128  0.3845E+00
 16  8  17  128  0.3730E+00
 16  8  17  128  0.3743E+00
 16  8  17  128  0.3740E+00
 16  8  17  128  0.3723E+00
 16  8  18  128  0.4449E+00
 16  8  18  128  0.4316E+00
 16  8  18  128  0.4310E+00
 16  8  18  128  0.4308E+00
 16  8  18  128  0.4308E+00
 16  8  19  128  0.5570E+00
 16  8  19  128  0.5381E+00
 16  8  19  128  0.5383E+00
 16  8  19  128  0.5382E+00
 16  8  19  128  0.5383E+00
 16  8  20  128  0.6450E+00
 16  8  20  128  0.6227E+00
 16  8  20  128  0.6221E+00
 16  8  20  128  0.6230E+00
 16  8  20  128  0.6225E+00
