 1  8  3  8  0.1644E-06
 1  8  3  8  0.4261E-06
 1  8  3  8  0.3841E-06
 1  8  3  8  0.4323E-06
 1  8  3  8  0.4091E-06
 1  8  3  8  0.2719E-06
 1  8  3  8  0.2667E-06
 1  8  3  8  0.2763E-06
 1  8  3  8  0.3643E-06
 1  8  3  8  0.2642E-06
 1  8  4  8  0.4675E-07
 1  8  4  8  0.1810E-06
 1  8  4  8  0.1647E-06
 1  8  4  8  0.1686E-06
 1  8  4  8  0.1985E-06
 1  8  4  8  0.1777E-06
 1  8  4  8  0.2128E-06
 1  8  4  8  0.1633E-06
 1  8  4  8  0.1686E-06
 1  8  4  8  0.1634E-06
 1  8  5  8  0.3277E-07
 1  8  5  8  0.6424E-07
 1  8  5  8  0.9402E-07
 1  8  5  8  0.1130E-06
 1  8  5  8  0.9998E-07
 1  8  5  8  0.7367E-07
 1  8  5  8  0.9934E-07
 1  8  5  8  0.7296E-07
 1  8  5  8  0.9330E-07
 1  8  5  8  0.7399E-07
 1  8  6  8  0.2461E-07
 1  8  6  8  0.1776E-07
 1  8  6  8  0.6733E-07
 1  8  6  8  0.5556E-07
 1  8  6  8  0.6752E-07
 1  8  6  8  0.6614E-07
 1  8  6  8  0.4939E-07
 1  8  6  8  0.6154E-07
 1  8  6  8  0.5924E-07
 1  8  6  8  0.6112E-07
 1  8  7  8  0.2056E-07
 1  8  7  8  0.1621E-07
 1  8  7  8  0.2029E-07
 1  8  7  8  0.4411E-07
 1  8  7  8  0.4434E-07
 1  8  7  8  0.4191E-07
 1  8  7  8  0.4286E-07
 1  8  7  8  0.3814E-07
 1  8  7  8  0.4761E-07
 1  8  7  8  0.4932E-07
 1  8  8  8  0.1503E-07
 1  8  8  8  0.1072E-07
 1  8  8  8  0.1170E-07
 1  8  8  8  0.3694E-07
 1  8  8  8  0.3531E-07
 1  8  8  8  0.3036E-07
 1  8  8  8  0.3572E-07
 1  8  8  8  0.2701E-07
 1  8  8  8  0.2980E-07
 1  8  8  8  0.2881E-07
 1  8  9  8  0.1238E-07
 1  8  9  8  0.1139E-07
 1  8  9  8  0.1110E-07
 1  8  9  8  0.1100E-07
 1  8  9  8  0.2292E-07
 1  8  9  8  0.2303E-07
 1  8  9  8  0.2195E-07
 1  8  9  8  0.2338E-07
 1  8  9  8  0.1904E-07
 1  8  9  8  0.2194E-07
 1  8  10  8  0.1379E-07
 1  8  10  8  0.1150E-07
 1  8  10  8  0.1176E-07
 1  8  10  8  0.1172E-07
 1  8  10  8  0.1337E-07
 1  8  10  8  0.2287E-07
 1  8  10  8  0.2334E-07
 1  8  10  8  0.2179E-07
 1  8  10  8  0.2179E-07
 1  8  10  8  0.2200E-07
 1  8  11  8  0.1318E-07
 1  8  11  8  0.1203E-07
 1  8  11  8  0.1212E-07
 1  8  11  8  0.1175E-07
 1  8  11  8  0.1176E-07
 1  8  11  8  0.1175E-07
 1  8  11  8  0.1194E-07
 1  8  11  8  0.1162E-07
 1  8  11  8  0.1211E-07
 1  8  11  8  0.1165E-07
 1  8  12  8  0.1165E-07
 1  8  12  8  0.1093E-07
 1  8  12  8  0.1078E-07
 1  8  12  8  0.1065E-07
 1  8  12  8  0.1058E-07
 1  8  12  8  0.1060E-07
 1  8  12  8  0.1055E-07
 1  8  12  8  0.1115E-07
 1  8  12  8  0.1068E-07
 1  8  12  8  0.1058E-07
 1  8  13  8  0.1262E-07
 1  8  13  8  0.1157E-07
 1  8  13  8  0.1150E-07
 1  8  13  8  0.1146E-07
 1  8  13  8  0.1179E-07
 1  8  13  8  0.1161E-07
 1  8  13  8  0.1138E-07
 1  8  13  8  0.1169E-07
 1  8  13  8  0.1678E-07
 1  8  13  8  0.1711E-07
 1  8  14  8  0.1075E-07
 1  8  14  8  0.9890E-08
 1  8  14  8  0.1008E-07
 1  8  14  8  0.9894E-08
 1  8  14  8  0.9903E-08
 1  8  14  8  0.1005E-07
 1  8  14  8  0.9887E-08
 1  8  14  8  0.9944E-08
 1  8  14  8  0.9946E-08
 1  8  14  8  0.1007E-07
 1  8  15  8  0.1133E-07
 1  8  15  8  0.1046E-07
 1  8  15  8  0.1046E-07
 1  8  15  8  0.1047E-07
 1  8  15  8  0.1038E-07
 1  8  15  8  0.1049E-07
 1  8  15  8  0.1038E-07
 1  8  15  8  0.1037E-07
 1  8  15  8  0.1041E-07
 1  8  15  8  0.1043E-07
 1  8  16  8  0.1053E-07
 1  8  16  8  0.1018E-07
 1  8  16  8  0.1011E-07
 1  8  16  8  0.1021E-07
 1  8  16  8  0.1016E-07
 1  8  16  8  0.1014E-07
 1  8  16  8  0.1011E-07
 1  8  16  8  0.1026E-07
 1  8  16  8  0.1028E-07
 1  8  16  8  0.1026E-07
 1  8  17  8  0.1210E-07
 1  8  17  8  0.1170E-07
 1  8  17  8  0.1171E-07
 1  8  17  8  0.1200E-07
 1  8  17  8  0.1173E-07
 1  8  17  8  0.1179E-07
 1  8  17  8  0.1183E-07
 1  8  17  8  0.1171E-07
 1  8  17  8  0.1170E-07
 1  8  17  8  0.1168E-07
 1  8  18  8  0.1220E-07
 1  8  18  8  0.1188E-07
 1  8  18  8  0.1189E-07
 1  8  18  8  0.1185E-07
 1  8  18  8  0.1184E-07
 1  8  18  8  0.1186E-07
 1  8  18  8  0.1187E-07
 1  8  18  8  0.1190E-07
 1  8  18  8  0.1188E-07
 1  8  18  8  0.1189E-07
 1  8  19  8  0.1288E-07
 1  8  19  8  0.1257E-07
 1  8  19  8  0.1256E-07
 1  8  19  8  0.1267E-07
 1  8  19  8  0.1262E-07
 1  8  19  8  0.1252E-07
 1  8  19  8  0.1252E-07
 1  8  19  8  0.1251E-07
 1  8  19  8  0.1269E-07
 1  8  19  8  0.1263E-07
 1  8  20  8  0.1178E-07
 1  8  20  8  0.1167E-07
 1  8  20  8  0.1161E-07
 1  8  20  8  0.1159E-07
 1  8  20  8  0.1159E-07
 1  8  20  8  0.1167E-07
 1  8  20  8  0.1161E-07
 1  8  20  8  0.1168E-07
 1  8  20  8  0.1169E-07
 1  8  20  8  0.1169E-07
