 1  64  3  64  0.4585E-06
 1  64  3  64  0.3799E-07
 1  64  3  64  0.4070E-07
 1  64  3  64  0.3840E-07
 1  64  3  64  0.4627E-07
 1  64  3  64  0.3840E-07
 1  64  3  64  0.3298E-07
 1  64  3  64  0.3316E-07
 1  64  3  64  0.3454E-07
 1  64  3  64  0.3739E-07
 1  64  4  64  0.7633E-07
 1  64  4  64  0.1572E-07
 1  64  4  64  0.1562E-07
 1  64  4  64  0.1954E-07
 1  64  4  64  0.1979E-07
 1  64  4  64  0.1684E-07
 1  64  4  64  0.1735E-07
 1  64  4  64  0.1944E-07
 1  64  4  64  0.1993E-07
 1  64  4  64  0.2084E-07
 1  64  5  64  0.7975E-07
 1  64  5  64  0.1049E-07
 1  64  5  64  0.1042E-07
 1  64  5  64  0.1283E-07
 1  64  5  64  0.1303E-07
 1  64  5  64  0.1426E-07
 1  64  5  64  0.1267E-07
 1  64  5  64  0.1216E-07
 1  64  5  64  0.1183E-07
 1  64  5  64  0.1016E-07
 1  64  6  64  0.4721E-07
 1  64  6  64  0.7451E-08
 1  64  6  64  0.8974E-08
 1  64  6  64  0.8612E-08
 1  64  6  64  0.6197E-08
 1  64  6  64  0.7284E-08
 1  64  6  64  0.7663E-08
 1  64  6  64  0.6680E-08
 1  64  6  64  0.6554E-08
 1  64  6  64  0.8106E-08
 1  64  7  64  0.2575E-07
 1  64  7  64  0.4949E-08
 1  64  7  64  0.6451E-08
 1  64  7  64  0.6589E-08
 1  64  7  64  0.7168E-08
 1  64  7  64  0.5300E-08
 1  64  7  64  0.5695E-08
 1  64  7  64  0.5315E-08
 1  64  7  64  0.5724E-08
 1  64  7  64  0.5224E-08
 1  64  8  64  0.2078E-07
 1  64  8  64  0.4560E-08
 1  64  8  64  0.4843E-08
 1  64  8  64  0.4426E-08
 1  64  8  64  0.4792E-08
 1  64  8  64  0.4526E-08
 1  64  8  64  0.4984E-08
 1  64  8  64  0.4353E-08
 1  64  8  64  0.4872E-08
 1  64  8  64  0.4293E-08
 1  64  9  64  0.2149E-08
 1  64  9  64  0.2025E-08
 1  64  9  64  0.1905E-08
 1  64  9  64  0.1940E-08
 1  64  9  64  0.1930E-08
 1  64  9  64  0.1949E-08
 1  64  9  64  0.1946E-08
 1  64  9  64  0.1958E-08
 1  64  9  64  0.1930E-08
 1  64  9  64  0.2078E-08
 1  64  10  64  0.2298E-08
 1  64  10  64  0.2344E-08
 1  64  10  64  0.2170E-08
 1  64  10  64  0.2160E-08
 1  64  10  64  0.2144E-08
 1  64  10  64  0.2211E-08
 1  64  10  64  0.2131E-08
 1  64  10  64  0.2137E-08
 1  64  10  64  0.2132E-08
 1  64  10  64  0.2133E-08
 1  64  11  64  0.2208E-08
 1  64  11  64  0.2132E-08
 1  64  11  64  0.2148E-08
 1  64  11  64  0.2149E-08
 1  64  11  64  0.2159E-08
 1  64  11  64  0.2153E-08
 1  64  11  64  0.2158E-08
 1  64  11  64  0.2164E-08
 1  64  11  64  0.2155E-08
 1  64  11  64  0.2138E-08
 1  64  12  64  0.2172E-08
 1  64  12  64  0.2114E-08
 1  64  12  64  0.2094E-08
 1  64  12  64  0.2105E-08
 1  64  12  64  0.2104E-08
 1  64  12  64  0.2111E-08
 1  64  12  64  0.2110E-08
 1  64  12  64  0.2104E-08
 1  64  12  64  0.2107E-08
 1  64  12  64  0.2108E-08
 1  64  13  64  0.2241E-08
 1  64  13  64  0.2170E-08
 1  64  13  64  0.2202E-08
 1  64  13  64  0.2164E-08
 1  64  13  64  0.2173E-08
 1  64  13  64  0.2173E-08
 1  64  13  64  0.2171E-08
 1  64  13  64  0.2170E-08
 1  64  13  64  0.2181E-08
 1  64  13  64  0.2202E-08
 1  64  14  64  0.2060E-08
 1  64  14  64  0.2017E-08
 1  64  14  64  0.2035E-08
 1  64  14  64  0.2025E-08
 1  64  14  64  0.2029E-08
 1  64  14  64  0.2124E-08
 1  64  14  64  0.2239E-08
 1  64  14  64  0.2240E-08
 1  64  14  64  0.2248E-08
 1  64  14  64  0.2245E-08
 1  64  15  64  0.2045E-08
 1  64  15  64  0.2009E-08
 1  64  15  64  0.2012E-08
 1  64  15  64  0.2015E-08
 1  64  15  64  0.2014E-08
 1  64  15  64  0.2019E-08
 1  64  15  64  0.2020E-08
 1  64  15  64  0.2012E-08
 1  64  15  64  0.2017E-08
 1  64  15  64  0.2011E-08
 1  64  16  64  0.2520E-08
 1  64  16  64  0.2485E-08
 1  64  16  64  0.2488E-08
 1  64  16  64  0.2486E-08
 1  64  16  64  0.2495E-08
 1  64  16  64  0.2480E-08
 1  64  16  64  0.2472E-08
 1  64  16  64  0.2480E-08
 1  64  16  64  0.2476E-08
 1  64  16  64  0.2498E-08
 1  64  17  64  0.2153E-08
 1  64  17  64  0.2141E-08
 1  64  17  64  0.2136E-08
 1  64  17  64  0.2140E-08
 1  64  17  64  0.2128E-08
 1  64  17  64  0.2129E-08
 1  64  17  64  0.2140E-08
 1  64  17  64  0.2148E-08
 1  64  17  64  0.2131E-08
 1  64  17  64  0.2139E-08
 1  64  18  64  0.1986E-08
 1  64  18  64  0.1964E-08
 1  64  18  64  0.1964E-08
 1  64  18  64  0.1970E-08
 1  64  18  64  0.1964E-08
 1  64  18  64  0.1966E-08
 1  64  18  64  0.1971E-08
 1  64  18  64  0.1964E-08
 1  64  18  64  0.1968E-08
 1  64  18  64  0.1968E-08
 1  64  19  64  0.2060E-08
 1  64  19  64  0.2050E-08
 1  64  19  64  0.2043E-08
 1  64  19  64  0.2045E-08
 1  64  19  64  0.2053E-08
 1  64  19  64  0.2036E-08
 1  64  19  64  0.2034E-08
 1  64  19  64  0.2038E-08
 1  64  19  64  0.2035E-08
 1  64  19  64  0.2035E-08
 1  64  20  64  0.1976E-08
 1  64  20  64  0.1958E-08
 1  64  20  64  0.1964E-08
 1  64  20  64  0.1967E-08
 1  64  20  64  0.1965E-08
 1  64  20  64  0.1964E-08
 1  64  20  64  0.1963E-08
 1  64  20  64  0.1965E-08
 1  64  20  64  0.1977E-08
 1  64  20  64  0.1959E-08
