 1  64  3  64  0.4967E-06
 1  64  3  64  0.5556E-07
 1  64  3  64  0.5289E-07
 1  64  3  64  0.5363E-07
 1  64  3  64  0.4631E-07
 1  64  3  64  0.4590E-07
 1  64  3  64  0.5146E-07
 1  64  3  64  0.4783E-07
 1  64  3  64  0.4627E-07
 1  64  3  64  0.5537E-07
 1  64  4  64  0.1288E-06
 1  64  4  64  0.2449E-07
 1  64  4  64  0.2033E-07
 1  64  4  64  0.2066E-07
 1  64  4  64  0.2326E-07
 1  64  4  64  0.2018E-07
 1  64  4  64  0.2026E-07
 1  64  4  64  0.2002E-07
 1  64  4  64  0.1977E-07
 1  64  4  64  0.1944E-07
 1  64  5  64  0.9105E-07
 1  64  5  64  0.3334E-07
 1  64  5  64  0.1505E-07
 1  64  5  64  0.1400E-07
 1  64  5  64  0.1875E-07
 1  64  5  64  0.1512E-07
 1  64  5  64  0.1817E-07
 1  64  5  64  0.1421E-07
 1  64  5  64  0.1504E-07
 1  64  5  64  0.1422E-07
 1  64  6  64  0.6609E-07
 1  64  6  64  0.1172E-07
 1  64  6  64  0.1225E-07
 1  64  6  64  0.1034E-07
 1  64  6  64  0.1066E-07
 1  64  6  64  0.1211E-07
 1  64  6  64  0.1179E-07
 1  64  6  64  0.1080E-07
 1  64  6  64  0.9187E-08
 1  64  6  64  0.9066E-08
 1  64  7  64  0.4056E-07
 1  64  7  64  0.7563E-08
 1  64  7  64  0.8638E-08
 1  64  7  64  0.8504E-08
 1  64  7  64  0.6422E-08
 1  64  7  64  0.6803E-08
 1  64  7  64  0.7443E-08
 1  64  7  64  0.7335E-08
 1  64  7  64  0.8258E-08
 1  64  7  64  0.9340E-08
 1  64  8  64  0.1959E-07
 1  64  8  64  0.5881E-08
 1  64  8  64  0.5302E-08
 1  64  8  64  0.5331E-08
 1  64  8  64  0.6480E-08
 1  64  8  64  0.6044E-08
 1  64  8  64  0.5656E-08
 1  64  8  64  0.6012E-08
 1  64  8  64  0.6012E-08
 1  64  8  64  0.5615E-08
 1  64  9  64  0.2964E-08
 1  64  9  64  0.2767E-08
 1  64  9  64  0.2978E-08
 1  64  9  64  0.2773E-08
 1  64  9  64  0.2770E-08
 1  64  9  64  0.2742E-08
 1  64  9  64  0.2777E-08
 1  64  9  64  0.2885E-08
 1  64  9  64  0.2868E-08
 1  64  9  64  0.2736E-08
 1  64  10  64  0.3118E-08
 1  64  10  64  0.2970E-08
 1  64  10  64  0.2956E-08
 1  64  10  64  0.2984E-08
 1  64  10  64  0.2961E-08
 1  64  10  64  0.2967E-08
 1  64  10  64  0.2978E-08
 1  64  10  64  0.2951E-08
 1  64  10  64  0.2959E-08
 1  64  10  64  0.2948E-08
 1  64  11  64  0.2899E-08
 1  64  11  64  0.2763E-08
 1  64  11  64  0.2776E-08
 1  64  11  64  0.2773E-08
 1  64  11  64  0.2765E-08
 1  64  11  64  0.2754E-08
 1  64  11  64  0.2767E-08
 1  64  11  64  0.2759E-08
 1  64  11  64  0.2757E-08
 1  64  11  64  0.2784E-08
 1  64  12  64  0.2689E-08
 1  64  12  64  0.2613E-08
 1  64  12  64  0.2657E-08
 1  64  12  64  0.2613E-08
 1  64  12  64  0.2615E-08
 1  64  12  64  0.2625E-08
 1  64  12  64  0.2618E-08
 1  64  12  64  0.2613E-08
 1  64  12  64  0.2615E-08
 1  64  12  64  0.2616E-08
 1  64  13  64  0.2777E-08
 1  64  13  64  0.2723E-08
 1  64  13  64  0.2728E-08
 1  64  13  64  0.2724E-08
 1  64  13  64  0.2715E-08
 1  64  13  64  0.2722E-08
 1  64  13  64  0.2731E-08
 1  64  13  64  0.2731E-08
 1  64  13  64  0.2738E-08
 1  64  13  64  0.2729E-08
 1  64  14  64  0.2536E-08
 1  64  14  64  0.2533E-08
 1  64  14  64  0.2513E-08
 1  64  14  64  0.2505E-08
 1  64  14  64  0.2512E-08
 1  64  14  64  0.2517E-08
 1  64  14  64  0.2525E-08
 1  64  14  64  0.2528E-08
 1  64  14  64  0.2491E-08
 1  64  14  64  0.2499E-08
 1  64  15  64  0.2307E-08
 1  64  15  64  0.2259E-08
 1  64  15  64  0.2266E-08
 1  64  15  64  0.2265E-08
 1  64  15  64  0.2261E-08
 1  64  15  64  0.2251E-08
 1  64  15  64  0.2256E-08
 1  64  15  64  0.2250E-08
 1  64  15  64  0.2283E-08
 1  64  15  64  0.2247E-08
 1  64  16  64  0.2733E-08
 1  64  16  64  0.2710E-08
 1  64  16  64  0.2706E-08
 1  64  16  64  0.2714E-08
 1  64  16  64  0.2695E-08
 1  64  16  64  0.2714E-08
 1  64  16  64  0.2705E-08
 1  64  16  64  0.2705E-08
 1  64  16  64  0.2720E-08
 1  64  16  64  0.2708E-08
 1  64  17  64  0.2380E-08
 1  64  17  64  0.2354E-08
 1  64  17  64  0.2352E-08
 1  64  17  64  0.2344E-08
 1  64  17  64  0.2341E-08
 1  64  17  64  0.2339E-08
 1  64  17  64  0.2344E-08
 1  64  17  64  0.2342E-08
 1  64  17  64  0.2340E-08
 1  64  17  64  0.2339E-08
 1  64  18  64  0.2186E-08
 1  64  18  64  0.2151E-08
 1  64  18  64  0.2153E-08
 1  64  18  64  0.2159E-08
 1  64  18  64  0.2156E-08
 1  64  18  64  0.2154E-08
 1  64  18  64  0.2160E-08
 1  64  18  64  0.2159E-08
 1  64  18  64  0.2166E-08
 1  64  18  64  0.2167E-08
 1  64  19  64  0.2255E-08
 1  64  19  64  0.2226E-08
 1  64  19  64  0.2229E-08
 1  64  19  64  0.2222E-08
 1  64  19  64  0.2226E-08
 1  64  19  64  0.2228E-08
 1  64  19  64  0.2225E-08
 1  64  19  64  0.2227E-08
 1  64  19  64  0.2233E-08
 1  64  19  64  0.2233E-08
 1  64  20  64  0.2141E-08
 1  64  20  64  0.2118E-08
 1  64  20  64  0.2119E-08
 1  64  20  64  0.2115E-08
 1  64  20  64  0.2115E-08
 1  64  20  64  0.2123E-08
 1  64  20  64  0.2117E-08
 1  64  20  64  0.2113E-08
 1  64  20  64  0.2122E-08
 1  64  20  64  0.2125E-08
