 1  64  3  64  0.5830E-07
 1  64  3  64  0.4982E-07
 1  64  3  64  0.5106E-07
 1  64  3  64  0.4902E-07
 1  64  3  64  0.4990E-07
 1  64  3  64  0.4919E-07
 1  64  3  64  0.4972E-07
 1  64  3  64  0.5057E-07
 1  64  3  64  0.5004E-07
 1  64  3  64  0.5047E-07
 1  64  4  64  0.2107E-07
 1  64  4  64  0.1845E-07
 1  64  4  64  0.1838E-07
 1  64  4  64  0.1880E-07
 1  64  4  64  0.1822E-07
 1  64  4  64  0.1858E-07
 1  64  4  64  0.1864E-07
 1  64  4  64  0.1857E-07
 1  64  4  64  0.1841E-07
 1  64  4  64  0.1833E-07
 1  64  5  64  0.1190E-07
 1  64  5  64  0.1025E-07
 1  64  5  64  0.1026E-07
 1  64  5  64  0.1059E-07
 1  64  5  64  0.1023E-07
 1  64  5  64  0.1012E-07
 1  64  5  64  0.1056E-07
 1  64  5  64  0.1038E-07
 1  64  5  64  0.1050E-07
 1  64  5  64  0.1021E-07
 1  64  6  64  0.7505E-08
 1  64  6  64  0.6787E-08
 1  64  6  64  0.6898E-08
 1  64  6  64  0.6597E-08
 1  64  6  64  0.6919E-08
 1  64  6  64  0.6670E-08
 1  64  6  64  0.6874E-08
 1  64  6  64  0.6622E-08
 1  64  6  64  0.6824E-08
 1  64  6  64  0.6593E-08
 1  64  7  64  0.5093E-08
 1  64  7  64  0.4528E-08
 1  64  7  64  0.4461E-08
 1  64  7  64  0.4613E-08
 1  64  7  64  0.4506E-08
 1  64  7  64  0.4600E-08
 1  64  7  64  0.4481E-08
 1  64  7  64  0.4592E-08
 1  64  7  64  0.4486E-08
 1  64  7  64  0.4467E-08
 1  64  8  64  0.3954E-08
 1  64  8  64  0.3658E-08
 1  64  8  64  0.3604E-08
 1  64  8  64  0.3564E-08
 1  64  8  64  0.3665E-08
 1  64  8  64  0.3620E-08
 1  64  8  64  0.3589E-08
 1  64  8  64  0.3670E-08
 1  64  8  64  0.3631E-08
 1  64  8  64  0.3644E-08
 1  64  9  64  0.3801E-08
 1  64  9  64  0.3342E-08
 1  64  9  64  0.3314E-08
 1  64  9  64  0.3336E-08
 1  64  9  64  0.3353E-08
 1  64  9  64  0.3314E-08
 1  64  9  64  0.3339E-08
 1  64  9  64  0.3327E-08
 1  64  9  64  0.3330E-08
 1  64  9  64  0.3497E-08
 1  64  10  64  0.2974E-08
 1  64  10  64  0.2806E-08
 1  64  10  64  0.2814E-08
 1  64  10  64  0.2789E-08
 1  64  10  64  0.2788E-08
 1  64  10  64  0.2795E-08
 1  64  10  64  0.2796E-08
 1  64  10  64  0.2781E-08
 1  64  10  64  0.2869E-08
 1  64  10  64  0.2891E-08
 1  64  11  64  0.3311E-08
 1  64  11  64  0.3110E-08
 1  64  11  64  0.3038E-08
 1  64  11  64  0.3005E-08
 1  64  11  64  0.2998E-08
 1  64  11  64  0.3003E-08
 1  64  11  64  0.3007E-08
 1  64  11  64  0.3011E-08
 1  64  11  64  0.3036E-08
 1  64  11  64  0.3035E-08
 1  64  12  64  0.3422E-08
 1  64  12  64  0.3148E-08
 1  64  12  64  0.3149E-08
 1  64  12  64  0.3152E-08
 1  64  12  64  0.3158E-08
 1  64  12  64  0.3148E-08
 1  64  12  64  0.3158E-08
 1  64  12  64  0.3156E-08
 1  64  12  64  0.3153E-08
 1  64  12  64  0.3144E-08
 1  64  13  64  0.3673E-08
 1  64  13  64  0.3380E-08
 1  64  13  64  0.3371E-08
 1  64  13  64  0.3380E-08
 1  64  13  64  0.3381E-08
 1  64  13  64  0.3368E-08
 1  64  13  64  0.3379E-08
 1  64  13  64  0.3361E-08
 1  64  13  64  0.3363E-08
 1  64  13  64  0.3358E-08
 1  64  14  64  0.3490E-08
 1  64  14  64  0.3187E-08
 1  64  14  64  0.3187E-08
 1  64  14  64  0.3181E-08
 1  64  14  64  0.3193E-08
 1  64  14  64  0.3178E-08
 1  64  14  64  0.3171E-08
 1  64  14  64  0.3180E-08
 1  64  14  64  0.3178E-08
 1  64  14  64  0.3169E-08
 1  64  15  64  0.3369E-08
 1  64  15  64  0.3158E-08
 1  64  15  64  0.3155E-08
 1  64  15  64  0.3155E-08
 1  64  15  64  0.3161E-08
 1  64  15  64  0.3165E-08
 1  64  15  64  0.3165E-08
 1  64  15  64  0.3159E-08
 1  64  15  64  0.3165E-08
 1  64  15  64  0.3160E-08
 1  64  16  64  0.4061E-08
 1  64  16  64  0.3875E-08
 1  64  16  64  0.3850E-08
 1  64  16  64  0.3854E-08
 1  64  16  64  0.3885E-08
 1  64  16  64  0.3835E-08
 1  64  16  64  0.3827E-08
 1  64  16  64  0.3836E-08
 1  64  16  64  0.3876E-08
 1  64  16  64  0.3837E-08
 1  64  17  64  0.3465E-08
 1  64  17  64  0.3214E-08
 1  64  17  64  0.3215E-08
 1  64  17  64  0.3219E-08
 1  64  17  64  0.3212E-08
 1  64  17  64  0.3220E-08
 1  64  17  64  0.3216E-08
 1  64  17  64  0.3205E-08
 1  64  17  64  0.3209E-08
 1  64  17  64  0.3209E-08
 1  64  18  64  0.3013E-08
 1  64  18  64  0.2838E-08
 1  64  18  64  0.2838E-08
 1  64  18  64  0.2845E-08
 1  64  18  64  0.2835E-08
 1  64  18  64  0.2840E-08
 1  64  18  64  0.2843E-08
 1  64  18  64  0.2837E-08
 1  64  18  64  0.2837E-08
 1  64  18  64  0.2851E-08
 1  64  19  64  0.2868E-08
 1  64  19  64  0.2700E-08
 1  64  19  64  0.2696E-08
 1  64  19  64  0.2700E-08
 1  64  19  64  0.2705E-08
 1  64  19  64  0.2700E-08
 1  64  19  64  0.2702E-08
 1  64  19  64  0.2717E-08
 1  64  19  64  0.2720E-08
 1  64  19  64  0.2707E-08
 1  64  20  64  0.2696E-08
 1  64  20  64  0.2561E-08
 1  64  20  64  0.2562E-08
 1  64  20  64  0.2578E-08
 1  64  20  64  0.2554E-08
 1  64  20  64  0.2559E-08
 1  64  20  64  0.2552E-08
 1  64  20  64  0.2564E-08
 1  64  20  64  0.2580E-08
 1  64  20  64  0.2586E-08
