 1  16  3  16  0.1138E-06
 1  16  3  16  0.1071E-06
 1  16  3  16  0.1073E-06
 1  16  3  16  0.1041E-06
 1  16  3  16  0.1055E-06
 1  16  3  16  0.1044E-06
 1  16  3  16  0.1057E-06
 1  16  3  16  0.1042E-06
 1  16  3  16  0.1066E-06
 1  16  3  16  0.1045E-06
 1  16  4  16  0.4237E-07
 1  16  4  16  0.3937E-07
 1  16  4  16  0.4003E-07
 1  16  4  16  0.3936E-07
 1  16  4  16  0.3911E-07
 1  16  4  16  0.3969E-07
 1  16  4  16  0.3944E-07
 1  16  4  16  0.4455E-07
 1  16  4  16  0.3974E-07
 1  16  4  16  0.3983E-07
 1  16  5  16  0.2518E-07
 1  16  5  16  0.2618E-07
 1  16  5  16  0.2436E-07
 1  16  5  16  0.2432E-07
 1  16  5  16  0.2522E-07
 1  16  5  16  0.2436E-07
 1  16  5  16  0.2426E-07
 1  16  5  16  0.2438E-07
 1  16  5  16  0.2609E-07
 1  16  5  16  0.2427E-07
 1  16  6  16  0.1817E-07
 1  16  6  16  0.1752E-07
 1  16  6  16  0.1767E-07
 1  16  6  16  0.1744E-07
 1  16  6  16  0.1729E-07
 1  16  6  16  0.1736E-07
 1  16  6  16  0.1748E-07
 1  16  6  16  0.1756E-07
 1  16  6  16  0.1729E-07
 1  16  6  16  0.1724E-07
 1  16  7  16  0.1242E-07
 1  16  7  16  0.1141E-07
 1  16  7  16  0.1160E-07
 1  16  7  16  0.1134E-07
 1  16  7  16  0.1180E-07
 1  16  7  16  0.1158E-07
 1  16  7  16  0.1128E-07
 1  16  7  16  0.1139E-07
 1  16  7  16  0.1176E-07
 1  16  7  16  0.1167E-07
 1  16  8  16  0.9792E-08
 1  16  8  16  0.9205E-08
 1  16  8  16  0.9158E-08
 1  16  8  16  0.9198E-08
 1  16  8  16  0.9119E-08
 1  16  8  16  0.9146E-08
 1  16  8  16  0.9264E-08
 1  16  8  16  0.9122E-08
 1  16  8  16  0.9152E-08
 1  16  8  16  0.9143E-08
 1  16  9  16  0.8427E-08
 1  16  9  16  0.8117E-08
 1  16  9  16  0.7652E-08
 1  16  9  16  0.7671E-08
 1  16  9  16  0.8054E-08
 1  16  9  16  0.7619E-08
 1  16  9  16  0.8224E-08
 1  16  9  16  0.7819E-08
 1  16  9  16  0.7751E-08
 1  16  9  16  0.7609E-08
 1  16  10  16  0.7812E-08
 1  16  10  16  0.7530E-08
 1  16  10  16  0.7548E-08
 1  16  10  16  0.7466E-08
 1  16  10  16  0.7484E-08
 1  16  10  16  0.7474E-08
 1  16  10  16  0.7470E-08
 1  16  10  16  0.7690E-08
 1  16  10  16  0.7493E-08
 1  16  10  16  0.7432E-08
 1  16  11  16  0.6834E-08
 1  16  11  16  0.6581E-08
 1  16  11  16  0.6669E-08
 1  16  11  16  0.6652E-08
 1  16  11  16  0.6579E-08
 1  16  11  16  0.6627E-08
 1  16  11  16  0.6560E-08
 1  16  11  16  0.6589E-08
 1  16  11  16  0.6792E-08
 1  16  11  16  0.6640E-08
 1  16  12  16  0.5920E-08
 1  16  12  16  0.5589E-08
 1  16  12  16  0.5604E-08
 1  16  12  16  0.5606E-08
 1  16  12  16  0.5652E-08
 1  16  12  16  0.5575E-08
 1  16  12  16  0.5615E-08
 1  16  12  16  0.5525E-08
 1  16  12  16  0.5653E-08
 1  16  12  16  0.5585E-08
 1  16  13  16  0.6369E-08
 1  16  13  16  0.5908E-08
 1  16  13  16  0.5935E-08
 1  16  13  16  0.6023E-08
 1  16  13  16  0.5969E-08
 1  16  13  16  0.6023E-08
 1  16  13  16  0.6054E-08
 1  16  13  16  0.5984E-08
 1  16  13  16  0.6031E-08
 1  16  13  16  0.5981E-08
 1  16  14  16  0.5502E-08
 1  16  14  16  0.5241E-08
 1  16  14  16  0.5217E-08
 1  16  14  16  0.5247E-08
 1  16  14  16  0.5280E-08
 1  16  14  16  0.5226E-08
 1  16  14  16  0.5218E-08
 1  16  14  16  0.5243E-08
 1  16  14  16  0.5195E-08
 1  16  14  16  0.5210E-08
 1  16  15  16  0.5604E-08
 1  16  15  16  0.5296E-08
 1  16  15  16  0.5230E-08
 1  16  15  16  0.5240E-08
 1  16  15  16  0.5221E-08
 1  16  15  16  0.5222E-08
 1  16  15  16  0.5275E-08
 1  16  15  16  0.5244E-08
 1  16  15  16  0.5251E-08
 1  16  15  16  0.5237E-08
 1  16  16  16  0.5457E-08
 1  16  16  16  0.5115E-08
 1  16  16  16  0.5122E-08
 1  16  16  16  0.5084E-08
 1  16  16  16  0.5090E-08
 1  16  16  16  0.5113E-08
 1  16  16  16  0.5086E-08
 1  16  16  16  0.5101E-08
 1  16  16  16  0.5159E-08
 1  16  16  16  0.5111E-08
 1  16  17  16  0.6603E-08
 1  16  17  16  0.6536E-08
 1  16  17  16  0.6542E-08
 1  16  17  16  0.6550E-08
 1  16  17  16  0.6572E-08
 1  16  17  16  0.6583E-08
 1  16  17  16  0.6579E-08
 1  16  17  16  0.6559E-08
 1  16  17  16  0.6566E-08
 1  16  17  16  0.6572E-08
 1  16  18  16  0.7015E-08
 1  16  18  16  0.6815E-08
 1  16  18  16  0.6817E-08
 1  16  18  16  0.6823E-08
 1  16  18  16  0.6825E-08
 1  16  18  16  0.6826E-08
 1  16  18  16  0.6811E-08
 1  16  18  16  0.6814E-08
 1  16  18  16  0.6867E-08
 1  16  18  16  0.6862E-08
 1  16  19  16  0.7345E-08
 1  16  19  16  0.7283E-08
 1  16  19  16  0.7282E-08
 1  16  19  16  0.7265E-08
 1  16  19  16  0.7267E-08
 1  16  19  16  0.7267E-08
 1  16  19  16  0.7271E-08
 1  16  19  16  0.7260E-08
 1  16  19  16  0.7252E-08
 1  16  19  16  0.7272E-08
 1  16  20  16  0.7052E-08
 1  16  20  16  0.7024E-08
 1  16  20  16  0.7019E-08
 1  16  20  16  0.7019E-08
 1  16  20  16  0.7014E-08
 1  16  20  16  0.7022E-08
 1  16  20  16  0.7022E-08
 1  16  20  16  0.7018E-08
 1  16  20  16  0.7025E-08
 1  16  20  16  0.7032E-08
