 1  8  3  8  0.5199E-06
 1  8  3  8  0.2745E-06
 1  8  3  8  0.2178E-06
 1  8  3  8  0.3440E-06
 1  8  3  8  0.2840E-06
 1  8  3  8  0.3676E-06
 1  8  3  8  0.2656E-06
 1  8  3  8  0.3411E-06
 1  8  3  8  0.3304E-06
 1  8  3  8  0.4150E-06
 1  8  4  8  0.1810E-06
 1  8  4  8  0.1503E-06
 1  8  4  8  0.1583E-06
 1  8  4  8  0.1529E-06
 1  8  4  8  0.1575E-06
 1  8  4  8  0.1099E-06
 1  8  4  8  0.1034E-06
 1  8  4  8  0.1569E-06
 1  8  4  8  0.1946E-06
 1  8  4  8  0.1732E-06
 1  8  5  8  0.1303E-06
 1  8  5  8  0.1083E-06
 1  8  5  8  0.1003E-06
 1  8  5  8  0.9298E-07
 1  8  5  8  0.7502E-07
 1  8  5  8  0.8233E-07
 1  8  5  8  0.6596E-07
 1  8  5  8  0.6763E-07
 1  8  5  8  0.8766E-07
 1  8  5  8  0.9100E-07
 1  8  6  8  0.7970E-07
 1  8  6  8  0.4167E-07
 1  8  6  8  0.6637E-07
 1  8  6  8  0.4976E-07
 1  8  6  8  0.5671E-07
 1  8  6  8  0.5827E-07
 1  8  6  8  0.5611E-07
 1  8  6  8  0.5924E-07
 1  8  6  8  0.4457E-07
 1  8  6  8  0.4976E-07
 1  8  7  8  0.5112E-07
 1  8  7  8  0.4130E-07
 1  8  7  8  0.3145E-07
 1  8  7  8  0.4046E-07
 1  8  7  8  0.3959E-07
 1  8  7  8  0.3974E-07
 1  8  7  8  0.3768E-07
 1  8  7  8  0.3730E-07
 1  8  7  8  0.2780E-07
 1  8  7  8  0.3415E-07
 1  8  8  8  0.3768E-07
 1  8  8  8  0.3083E-07
 1  8  8  8  0.2156E-07
 1  8  8  8  0.3044E-07
 1  8  8  8  0.2614E-07
 1  8  8  8  0.2889E-07
 1  8  8  8  0.2955E-07
 1  8  8  8  0.2775E-07
 1  8  8  8  0.2507E-07
 1  8  8  8  0.2922E-07
 1  8  9  8  0.2755E-07
 1  8  9  8  0.2326E-07
 1  8  9  8  0.1658E-07
 1  8  9  8  0.1691E-07
 1  8  9  8  0.1646E-07
 1  8  9  8  0.1487E-07
 1  8  9  8  0.1755E-07
 1  8  9  8  0.2120E-07
 1  8  9  8  0.1834E-07
 1  8  9  8  0.1412E-07
 1  8  10  8  0.2488E-07
 1  8  10  8  0.2083E-07
 1  8  10  8  0.2134E-07
 1  8  10  8  0.1933E-07
 1  8  10  8  0.2187E-07
 1  8  10  8  0.2113E-07
 1  8  10  8  0.2108E-07
 1  8  10  8  0.2013E-07
 1  8  10  8  0.2700E-07
 1  8  10  8  0.2700E-07
 1  8  11  8  0.1134E-07
 1  8  11  8  0.1095E-07
 1  8  11  8  0.1125E-07
 1  8  11  8  0.1117E-07
 1  8  11  8  0.1056E-07
 1  8  11  8  0.1095E-07
 1  8  11  8  0.1116E-07
 1  8  11  8  0.9893E-08
 1  8  11  8  0.1135E-07
 1  8  11  8  0.1064E-07
 1  8  12  8  0.9837E-08
 1  8  12  8  0.9924E-08
 1  8  12  8  0.9999E-08
 1  8  12  8  0.9913E-08
 1  8  12  8  0.9846E-08
 1  8  12  8  0.9924E-08
 1  8  12  8  0.9928E-08
 1  8  12  8  0.9753E-08
 1  8  12  8  0.9790E-08
 1  8  12  8  0.9876E-08
 1  8  13  8  0.1714E-07
 1  8  13  8  0.1466E-07
 1  8  13  8  0.1379E-07
 1  8  13  8  0.1472E-07
 1  8  13  8  0.1417E-07
 1  8  13  8  0.1457E-07
 1  8  13  8  0.1462E-07
 1  8  13  8  0.1578E-07
 1  8  13  8  0.1494E-07
 1  8  13  8  0.1500E-07
 1  8  14  8  0.9564E-08
 1  8  14  8  0.9277E-08
 1  8  14  8  0.9205E-08
 1  8  14  8  0.9193E-08
 1  8  14  8  0.9206E-08
 1  8  14  8  0.9251E-08
 1  8  14  8  0.9221E-08
 1  8  14  8  0.9181E-08
 1  8  14  8  0.9216E-08
 1  8  14  8  0.9250E-08
 1  8  15  8  0.9738E-08
 1  8  15  8  0.9733E-08
 1  8  15  8  0.9715E-08
 1  8  15  8  0.9718E-08
 1  8  15  8  0.9733E-08
 1  8  15  8  0.9694E-08
 1  8  15  8  0.9724E-08
 1  8  15  8  0.9737E-08
 1  8  15  8  0.9755E-08
 1  8  15  8  0.9917E-08
 1  8  16  8  0.9833E-08
 1  8  16  8  0.9704E-08
 1  8  16  8  0.9712E-08
 1  8  16  8  0.9704E-08
 1  8  16  8  0.9694E-08
 1  8  16  8  0.9678E-08
 1  8  16  8  0.9675E-08
 1  8  16  8  0.9707E-08
 1  8  16  8  0.9690E-08
 1  8  16  8  0.9670E-08
 1  8  17  8  0.1139E-07
 1  8  17  8  0.1131E-07
 1  8  17  8  0.1138E-07
 1  8  17  8  0.1140E-07
 1  8  17  8  0.1137E-07
 1  8  17  8  0.1131E-07
 1  8  17  8  0.1132E-07
 1  8  17  8  0.1133E-07
 1  8  17  8  0.1135E-07
 1  8  17  8  0.1135E-07
 1  8  18  8  0.1672E-07
 1  8  18  8  0.1522E-07
 1  8  18  8  0.1515E-07
 1  8  18  8  0.1530E-07
 1  8  18  8  0.1501E-07
 1  8  18  8  0.1512E-07
 1  8  18  8  0.1507E-07
 1  8  18  8  0.1527E-07
 1  8  18  8  0.1582E-07
 1  8  18  8  0.1485E-07
 1  8  19  8  0.1198E-07
 1  8  19  8  0.1195E-07
 1  8  19  8  0.1193E-07
 1  8  19  8  0.1200E-07
 1  8  19  8  0.1197E-07
 1  8  19  8  0.1193E-07
 1  8  19  8  0.1196E-07
 1  8  19  8  0.1200E-07
 1  8  19  8  0.1198E-07
 1  8  19  8  0.1193E-07
 1  8  20  8  0.1143E-07
 1  8  20  8  0.1140E-07
 1  8  20  8  0.1141E-07
 1  8  20  8  0.1142E-07
 1  8  20  8  0.1141E-07
 1  8  20  8  0.1140E-07
 1  8  20  8  0.1142E-07
 1  8  20  8  0.1142E-07
 1  8  20  8  0.1144E-07
 1  8  20  8  0.1141E-07
