 1  16  3  16  0.3696E-06
 1  16  3  16  0.1034E-06
 1  16  3  16  0.1141E-06
 1  16  3  16  0.9033E-07
 1  16  3  16  0.1435E-06
 1  16  3  16  0.9106E-07
 1  16  3  16  0.9345E-07
 1  16  3  16  0.8646E-07
 1  16  3  16  0.7727E-07
 1  16  3  16  0.1558E-06
 1  16  4  16  0.1224E-06
 1  16  4  16  0.3710E-07
 1  16  4  16  0.7226E-07
 1  16  4  16  0.4362E-07
 1  16  4  16  0.4199E-07
 1  16  4  16  0.6317E-07
 1  16  4  16  0.3578E-07
 1  16  4  16  0.5378E-07
 1  16  4  16  0.4206E-07
 1  16  4  16  0.3873E-07
 1  16  5  16  0.6851E-07
 1  16  5  16  0.3282E-07
 1  16  5  16  0.2817E-07
 1  16  5  16  0.2603E-07
 1  16  5  16  0.2583E-07
 1  16  5  16  0.2587E-07
 1  16  5  16  0.2567E-07
 1  16  5  16  0.2583E-07
 1  16  5  16  0.2567E-07
 1  16  5  16  0.2567E-07
 1  16  6  16  0.6039E-07
 1  16  6  16  0.1628E-07
 1  16  6  16  0.1564E-07
 1  16  6  16  0.2063E-07
 1  16  6  16  0.1525E-07
 1  16  6  16  0.1600E-07
 1  16  6  16  0.1504E-07
 1  16  6  16  0.1504E-07
 1  16  6  16  0.2343E-07
 1  16  6  16  0.2615E-07
 1  16  7  16  0.3225E-07
 1  16  7  16  0.1731E-07
 1  16  7  16  0.1835E-07
 1  16  7  16  0.1403E-07
 1  16  7  16  0.1531E-07
 1  16  7  16  0.1445E-07
 1  16  7  16  0.1458E-07
 1  16  7  16  0.1536E-07
 1  16  7  16  0.1609E-07
 1  16  7  16  0.1421E-07
 1  16  8  16  0.1778E-07
 1  16  8  16  0.1111E-07
 1  16  8  16  0.1167E-07
 1  16  8  16  0.1037E-07
 1  16  8  16  0.1022E-07
 1  16  8  16  0.1123E-07
 1  16  8  16  0.1078E-07
 1  16  8  16  0.1029E-07
 1  16  8  16  0.1209E-07
 1  16  8  16  0.1018E-07
 1  16  9  16  0.3249E-07
 1  16  9  16  0.1114E-07
 1  16  9  16  0.9375E-08
 1  16  9  16  0.8830E-08
 1  16  9  16  0.1143E-07
 1  16  9  16  0.8858E-08
 1  16  9  16  0.9600E-08
 1  16  9  16  0.8864E-08
 1  16  9  16  0.8742E-08
 1  16  9  16  0.9226E-08
 1  16  10  16  0.1677E-07
 1  16  10  16  0.1037E-07
 1  16  10  16  0.9562E-08
 1  16  10  16  0.1010E-07
 1  16  10  16  0.9393E-08
 1  16  10  16  0.1002E-07
 1  16  10  16  0.9671E-08
 1  16  10  16  0.1027E-07
 1  16  10  16  0.9373E-08
 1  16  10  16  0.9894E-08
 1  16  11  16  0.1374E-07
 1  16  11  16  0.9094E-08
 1  16  11  16  0.8266E-08
 1  16  11  16  0.8531E-08
 1  16  11  16  0.8986E-08
 1  16  11  16  0.8314E-08
 1  16  11  16  0.1177E-07
 1  16  11  16  0.1144E-07
 1  16  11  16  0.9281E-08
 1  16  11  16  0.8516E-08
 1  16  12  16  0.9526E-08
 1  16  12  16  0.7499E-08
 1  16  12  16  0.7488E-08
 1  16  12  16  0.7054E-08
 1  16  12  16  0.7367E-08
 1  16  12  16  0.7545E-08
 1  16  12  16  0.7152E-08
 1  16  12  16  0.7103E-08
 1  16  12  16  0.7405E-08
 1  16  12  16  0.7379E-08
 1  16  13  16  0.5424E-08
 1  16  13  16  0.5400E-08
 1  16  13  16  0.5370E-08
 1  16  13  16  0.5399E-08
 1  16  13  16  0.5396E-08
 1  16  13  16  0.5432E-08
 1  16  13  16  0.5616E-08
 1  16  13  16  0.5410E-08
 1  16  13  16  0.5421E-08
 1  16  13  16  0.5414E-08
 1  16  14  16  0.5283E-08
 1  16  14  16  0.5284E-08
 1  16  14  16  0.5324E-08
 1  16  14  16  0.5288E-08
 1  16  14  16  0.5262E-08
 1  16  14  16  0.5255E-08
 1  16  14  16  0.5276E-08
 1  16  14  16  0.5249E-08
 1  16  14  16  0.5255E-08
 1  16  14  16  0.5267E-08
 1  16  15  16  0.5249E-08
 1  16  15  16  0.5208E-08
 1  16  15  16  0.5207E-08
 1  16  15  16  0.5209E-08
 1  16  15  16  0.5202E-08
 1  16  15  16  0.5206E-08
 1  16  15  16  0.5205E-08
 1  16  15  16  0.5205E-08
 1  16  15  16  0.5195E-08
 1  16  15  16  0.5212E-08
 1  16  16  16  0.5336E-08
 1  16  16  16  0.5333E-08
 1  16  16  16  0.5312E-08
 1  16  16  16  0.5304E-08
 1  16  16  16  0.5305E-08
 1  16  16  16  0.5309E-08
 1  16  16  16  0.5323E-08
 1  16  16  16  0.5331E-08
 1  16  16  16  0.5327E-08
 1  16  16  16  0.5417E-08
 1  16  17  16  0.6108E-08
 1  16  17  16  0.6055E-08
 1  16  17  16  0.6061E-08
 1  16  17  16  0.6097E-08
 1  16  17  16  0.6060E-08
 1  16  17  16  0.6060E-08
 1  16  17  16  0.6072E-08
 1  16  17  16  0.6051E-08
 1  16  17  16  0.6053E-08
 1  16  17  16  0.6054E-08
 1  16  18  16  0.5865E-08
 1  16  18  16  0.5850E-08
 1  16  18  16  0.5845E-08
 1  16  18  16  0.5861E-08
 1  16  18  16  0.5846E-08
 1  16  18  16  0.5870E-08
 1  16  18  16  0.5861E-08
 1  16  18  16  0.5860E-08
 1  16  18  16  0.5863E-08
 1  16  18  16  0.5852E-08
 1  16  19  16  0.6260E-08
 1  16  19  16  0.6246E-08
 1  16  19  16  0.6247E-08
 1  16  19  16  0.6228E-08
 1  16  19  16  0.6235E-08
 1  16  19  16  0.6235E-08
 1  16  19  16  0.6227E-08
 1  16  19  16  0.6226E-08
 1  16  19  16  0.6223E-08
 1  16  19  16  0.6232E-08
 1  16  20  16  0.6050E-08
 1  16  20  16  0.6025E-08
 1  16  20  16  0.6020E-08
 1  16  20  16  0.6019E-08
 1  16  20  16  0.6022E-08
 1  16  20  16  0.6021E-08
 1  16  20  16  0.6015E-08
 1  16  20  16  0.6020E-08
 1  16  20  16  0.6012E-08
 1  16  20  16  0.6018E-08
