 1  2  3  2  0.6062E-07
 1  2  3  2  0.5822E-07
 1  2  3  2  0.7166E-07
 1  2  3  2  0.6055E-07
 1  2  3  2  0.5790E-07
 1  2  3  2  0.5581E-07
 1  2  3  2  0.5531E-07
 1  2  3  2  0.5130E-07
 1  2  3  2  0.5148E-07
 1  2  3  2  0.5160E-07
 1  2  4  2  0.7008E-07
 1  2  4  2  0.5654E-07
 1  2  4  2  0.5997E-07
 1  2  4  2  0.5849E-07
 1  2  4  2  0.5610E-07
 1  2  4  2  0.6362E-07
 1  2  4  2  0.5755E-07
 1  2  4  2  0.5739E-07
 1  2  4  2  0.5000E-07
 1  2  4  2  0.6101E-07
 1  2  5  2  0.7859E-07
 1  2  5  2  0.7605E-07
 1  2  5  2  0.7532E-07
 1  2  5  2  0.7568E-07
 1  2  5  2  0.7204E-07
 1  2  5  2  0.7415E-07
 1  2  5  2  0.7423E-07
 1  2  5  2  0.7364E-07
 1  2  5  2  0.7423E-07
 1  2  5  2  0.7228E-07
 1  2  6  2  0.7958E-07
 1  2  6  2  0.7843E-07
 1  2  6  2  0.7832E-07
 1  2  6  2  0.7861E-07
 1  2  6  2  0.7711E-07
 1  2  6  2  0.7701E-07
 1  2  6  2  0.7704E-07
 1  2  6  2  0.8000E-07
 1  2  6  2  0.7704E-07
 1  2  6  2  0.7674E-07
 1  2  7  2  0.5233E-07
 1  2  7  2  0.5250E-07
 1  2  7  2  0.5016E-07
 1  2  7  2  0.5003E-07
 1  2  7  2  0.5010E-07
 1  2  7  2  0.5054E-07
 1  2  7  2  0.4881E-07
 1  2  7  2  0.4960E-07
 1  2  7  2  0.5009E-07
 1  2  7  2  0.5115E-07
 1  2  8  2  0.4343E-07
 1  2  8  2  0.4324E-07
 1  2  8  2  0.4256E-07
 1  2  8  2  0.4271E-07
 1  2  8  2  0.4270E-07
 1  2  8  2  0.4196E-07
 1  2  8  2  0.4144E-07
 1  2  8  2  0.4233E-07
 1  2  8  2  0.4189E-07
 1  2  8  2  0.4176E-07
 1  2  9  2  0.4270E-07
 1  2  9  2  0.4168E-07
 1  2  9  2  0.4172E-07
 1  2  9  2  0.4159E-07
 1  2  9  2  0.4142E-07
 1  2  9  2  0.4134E-07
 1  2  9  2  0.4147E-07
 1  2  9  2  0.4150E-07
 1  2  9  2  0.4135E-07
 1  2  9  2  0.4139E-07
 1  2  10  2  0.3950E-07
 1  2  10  2  0.3926E-07
 1  2  10  2  0.3888E-07
 1  2  10  2  0.3888E-07
 1  2  10  2  0.3887E-07
 1  2  10  2  0.3889E-07
 1  2  10  2  0.3928E-07
 1  2  10  2  0.3871E-07
 1  2  10  2  0.3904E-07
 1  2  10  2  0.3873E-07
 1  2  11  2  0.3722E-07
 1  2  11  2  0.3698E-07
 1  2  11  2  0.3642E-07
 1  2  11  2  0.3656E-07
 1  2  11  2  0.3773E-07
 1  2  11  2  0.3671E-07
 1  2  11  2  0.3674E-07
 1  2  11  2  0.3685E-07
 1  2  11  2  0.3660E-07
 1  2  11  2  0.3648E-07
 1  2  12  2  0.3305E-07
 1  2  12  2  0.3193E-07
 1  2  12  2  0.3143E-07
 1  2  12  2  0.3191E-07
 1  2  12  2  0.3198E-07
 1  2  12  2  0.3163E-07
 1  2  12  2  0.3181E-07
 1  2  12  2  0.3190E-07
 1  2  12  2  0.3190E-07
 1  2  12  2  0.3202E-07
 1  2  13  2  0.3685E-07
 1  2  13  2  0.3533E-07
 1  2  13  2  0.3570E-07
 1  2  13  2  0.3556E-07
 1  2  13  2  0.3579E-07
 1  2  13  2  0.3521E-07
 1  2  13  2  0.3539E-07
 1  2  13  2  0.3520E-07
 1  2  13  2  0.3523E-07
 1  2  13  2  0.3515E-07
 1  2  14  2  0.3331E-07
 1  2  14  2  0.3214E-07
 1  2  14  2  0.3177E-07
 1  2  14  2  0.3179E-07
 1  2  14  2  0.3163E-07
 1  2  14  2  0.3174E-07
 1  2  14  2  0.3151E-07
 1  2  14  2  0.3167E-07
 1  2  14  2  0.3150E-07
 1  2  14  2  0.3164E-07
 1  2  15  2  0.3823E-07
 1  2  15  2  0.3606E-07
 1  2  15  2  0.3622E-07
 1  2  15  2  0.3642E-07
 1  2  15  2  0.3643E-07
 1  2  15  2  0.3663E-07
 1  2  15  2  0.3697E-07
 1  2  15  2  0.3605E-07
 1  2  15  2  0.3657E-07
 1  2  15  2  0.3580E-07
 1  2  16  2  0.3930E-07
 1  2  16  2  0.3978E-07
 1  2  16  2  0.3940E-07
 1  2  16  2  0.3986E-07
 1  2  16  2  0.3956E-07
 1  2  16  2  0.3962E-07
 1  2  16  2  0.3897E-07
 1  2  16  2  0.3941E-07
 1  2  16  2  0.3929E-07
 1  2  16  2  0.3988E-07
 1  2  17  2  0.5092E-07
 1  2  17  2  0.5033E-07
 1  2  17  2  0.5032E-07
 1  2  17  2  0.5056E-07
 1  2  17  2  0.5028E-07
 1  2  17  2  0.5041E-07
 1  2  17  2  0.5038E-07
 1  2  17  2  0.5034E-07
 1  2  17  2  0.5035E-07
 1  2  17  2  0.5043E-07
 1  2  18  2  0.5017E-07
 1  2  18  2  0.4986E-07
 1  2  18  2  0.4995E-07
 1  2  18  2  0.5005E-07
 1  2  18  2  0.5000E-07
 1  2  18  2  0.4985E-07
 1  2  18  2  0.4983E-07
 1  2  18  2  0.4988E-07
 1  2  18  2  0.5033E-07
 1  2  18  2  0.5024E-07
 1  2  19  2  0.5381E-07
 1  2  19  2  0.5339E-07
 1  2  19  2  0.5329E-07
 1  2  19  2  0.5333E-07
 1  2  19  2  0.5343E-07
 1  2  19  2  0.5344E-07
 1  2  19  2  0.5334E-07
 1  2  19  2  0.5331E-07
 1  2  19  2  0.5349E-07
 1  2  19  2  0.5340E-07
 1  2  20  2  0.5126E-07
 1  2  20  2  0.5126E-07
 1  2  20  2  0.5126E-07
 1  2  20  2  0.5111E-07
 1  2  20  2  0.5115E-07
 1  2  20  2  0.5141E-07
 1  2  20  2  0.5154E-07
 1  2  20  2  0.5188E-07
 1  2  20  2  0.5182E-07
 1  2  20  2  0.5215E-07
