 1  4  3  4  0.6483E-06
 1  4  3  4  0.5306E-06
 1  4  3  4  0.4194E-06
 1  4  3  4  0.3238E-06
 1  4  3  4  0.2804E-06
 1  4  3  4  0.2870E-06
 1  4  3  4  0.3238E-06
 1  4  3  4  0.6233E-06
 1  4  3  4  0.4106E-06
 1  4  3  4  0.3238E-06
 1  4  4  4  0.5762E-07
 1  4  4  4  0.5536E-07
 1  4  4  4  0.5101E-07
 1  4  4  4  0.5310E-07
 1  4  4  4  0.5354E-07
 1  4  4  4  0.5117E-07
 1  4  4  4  0.5776E-07
 1  4  4  4  0.5445E-07
 1  4  4  4  0.5710E-07
 1  4  4  4  0.6290E-07
 1  4  5  4  0.3725E-07
 1  4  5  4  0.3913E-07
 1  4  5  4  0.3555E-07
 1  4  5  4  0.3896E-07
 1  4  5  4  0.3924E-07
 1  4  5  4  0.3535E-07
 1  4  5  4  0.3679E-07
 1  4  5  4  0.3329E-07
 1  4  5  4  0.3511E-07
 1  4  5  4  0.3537E-07
 1  4  6  4  0.1157E-06
 1  4  6  4  0.5326E-07
 1  4  6  4  0.4590E-07
 1  4  6  4  0.4746E-07
 1  4  6  4  0.7754E-07
 1  4  6  4  0.6172E-07
 1  4  6  4  0.6862E-07
 1  4  6  4  0.4627E-07
 1  4  6  4  0.4710E-07
 1  4  6  4  0.4700E-07
 1  4  7  4  0.7438E-07
 1  4  7  4  0.3840E-07
 1  4  7  4  0.6754E-07
 1  4  7  4  0.3742E-07
 1  4  7  4  0.3377E-07
 1  4  7  4  0.3499E-07
 1  4  7  4  0.4646E-07
 1  4  7  4  0.5178E-07
 1  4  7  4  0.3377E-07
 1  4  7  4  0.3400E-07
 1  4  8  4  0.5177E-07
 1  4  8  4  0.5014E-07
 1  4  8  4  0.4036E-07
 1  4  8  4  0.3240E-07
 1  4  8  4  0.3725E-07
 1  4  8  4  0.4183E-07
 1  4  8  4  0.3190E-07
 1  4  8  4  0.4769E-07
 1  4  8  4  0.3500E-07
 1  4  8  4  0.3333E-07
 1  4  9  4  0.1642E-07
 1  4  9  4  0.1615E-07
 1  4  9  4  0.1573E-07
 1  4  9  4  0.1587E-07
 1  4  9  4  0.1614E-07
 1  4  9  4  0.1798E-07
 1  4  9  4  0.1790E-07
 1  4  9  4  0.1590E-07
 1  4  9  4  0.1539E-07
 1  4  9  4  0.1474E-07
 1  4  10  4  0.4075E-07
 1  4  10  4  0.3741E-07
 1  4  10  4  0.3368E-07
 1  4  10  4  0.4150E-07
 1  4  10  4  0.3610E-07
 1  4  10  4  0.3783E-07
 1  4  10  4  0.3642E-07
 1  4  10  4  0.3775E-07
 1  4  10  4  0.3407E-07
 1  4  10  4  0.3590E-07
 1  4  11  4  0.3612E-07
 1  4  11  4  0.3281E-07
 1  4  11  4  0.3306E-07
 1  4  11  4  0.3062E-07
 1  4  11  4  0.3275E-07
 1  4  11  4  0.2999E-07
 1  4  11  4  0.2885E-07
 1  4  11  4  0.3099E-07
 1  4  11  4  0.3368E-07
 1  4  11  4  0.3218E-07
 1  4  12  4  0.1659E-07
 1  4  12  4  0.1666E-07
 1  4  12  4  0.1536E-07
 1  4  12  4  0.1603E-07
 1  4  12  4  0.1580E-07
 1  4  12  4  0.1663E-07
 1  4  12  4  0.1624E-07
 1  4  12  4  0.1555E-07
 1  4  12  4  0.1588E-07
 1  4  12  4  0.1632E-07
 1  4  13  4  0.3080E-07
 1  4  13  4  0.2602E-07
 1  4  13  4  0.2599E-07
 1  4  13  4  0.2617E-07
 1  4  13  4  0.2739E-07
 1  4  13  4  0.2621E-07
 1  4  13  4  0.2492E-07
 1  4  13  4  0.2446E-07
 1  4  13  4  0.2644E-07
 1  4  13  4  0.2720E-07
 1  4  14  4  0.2493E-07
 1  4  14  4  0.2311E-07
 1  4  14  4  0.2384E-07
 1  4  14  4  0.2329E-07
 1  4  14  4  0.2350E-07
 1  4  14  4  0.2400E-07
 1  4  14  4  0.2317E-07
 1  4  14  4  0.2320E-07
 1  4  14  4  0.2150E-07
 1  4  14  4  0.2314E-07
 1  4  15  4  0.2768E-07
 1  4  15  4  0.2525E-07
 1  4  15  4  0.6279E-07
 1  4  15  4  0.2469E-07
 1  4  15  4  0.2482E-07
 1  4  15  4  0.2479E-07
 1  4  15  4  0.2435E-07
 1  4  15  4  0.2523E-07
 1  4  15  4  0.2464E-07
 1  4  15  4  0.2479E-07
 1  4  16  4  0.1741E-07
 1  4  16  4  0.1740E-07
 1  4  16  4  0.1736E-07
 1  4  16  4  0.1737E-07
 1  4  16  4  0.1742E-07
 1  4  16  4  0.1739E-07
 1  4  16  4  0.1744E-07
 1  4  16  4  0.1729E-07
 1  4  16  4  0.1738E-07
 1  4  16  4  0.1733E-07
 1  4  17  4  0.2946E-07
 1  4  17  4  0.2690E-07
 1  4  17  4  0.2768E-07
 1  4  17  4  0.2828E-07
 1  4  17  4  0.2722E-07
 1  4  17  4  0.2795E-07
 1  4  17  4  0.2807E-07
 1  4  17  4  0.2775E-07
 1  4  17  4  0.2828E-07
 1  4  17  4  0.2748E-07
 1  4  18  4  0.2076E-07
 1  4  18  4  0.2076E-07
 1  4  18  4  0.2071E-07
 1  4  18  4  0.2066E-07
 1  4  18  4  0.2066E-07
 1  4  18  4  0.2070E-07
 1  4  18  4  0.2058E-07
 1  4  18  4  0.2067E-07
 1  4  18  4  0.2068E-07
 1  4  18  4  0.2065E-07
 1  4  19  4  0.3296E-07
 1  4  19  4  0.3019E-07
 1  4  19  4  0.3035E-07
 1  4  19  4  0.3154E-07
 1  4  19  4  0.3022E-07
 1  4  19  4  0.3066E-07
 1  4  19  4  0.3320E-07
 1  4  19  4  0.3035E-07
 1  4  19  4  0.3019E-07
 1  4  19  4  0.3111E-07
 1  4  20  4  0.2179E-07
 1  4  20  4  0.2170E-07
 1  4  20  4  0.2168E-07
 1  4  20  4  0.2167E-07
 1  4  20  4  0.2170E-07
 1  4  20  4  0.2170E-07
 1  4  20  4  0.2166E-07
 1  4  20  4  0.2166E-07
 1  4  20  4  0.2167E-07
 1  4  20  4  0.2164E-07
