 1  8  3  8  0.6892E-06
 1  8  3  8  0.4492E-06
 1  8  3  8  0.3232E-06
 1  8  3  8  0.2854E-06
 1  8  3  8  0.2332E-06
 1  8  3  8  0.3116E-06
 1  8  3  8  0.3290E-06
 1  8  3  8  0.2748E-06
 1  8  3  8  0.2944E-06
 1  8  3  8  0.2285E-06
 1  8  4  8  0.1861E-06
 1  8  4  8  0.1592E-06
 1  8  4  8  0.1628E-06
 1  8  4  8  0.1340E-06
 1  8  4  8  0.1373E-06
 1  8  4  8  0.1509E-06
 1  8  4  8  0.1607E-06
 1  8  4  8  0.1753E-06
 1  8  4  8  0.1376E-06
 1  8  4  8  0.1403E-06
 1  8  5  8  0.7620E-07
 1  8  5  8  0.6145E-07
 1  8  5  8  0.6366E-07
 1  8  5  8  0.6847E-07
 1  8  5  8  0.5412E-07
 1  8  5  8  0.6625E-07
 1  8  5  8  0.7083E-07
 1  8  5  8  0.6457E-07
 1  8  5  8  0.5983E-07
 1  8  5  8  0.5993E-07
 1  8  6  8  0.7764E-07
 1  8  6  8  0.7504E-07
 1  8  6  8  0.7206E-07
 1  8  6  8  0.7282E-07
 1  8  6  8  0.7152E-07
 1  8  6  8  0.7734E-07
 1  8  6  8  0.7845E-07
 1  8  6  8  0.7736E-07
 1  8  6  8  0.7476E-07
 1  8  6  8  0.7306E-07
 1  8  7  8  0.5429E-07
 1  8  7  8  0.5015E-07
 1  8  7  8  0.4975E-07
 1  8  7  8  0.5103E-07
 1  8  7  8  0.5447E-07
 1  8  7  8  0.5213E-07
 1  8  7  8  0.4836E-07
 1  8  7  8  0.5152E-07
 1  8  7  8  0.4842E-07
 1  8  7  8  0.4932E-07
 1  8  8  8  0.4150E-07
 1  8  8  8  0.3929E-07
 1  8  8  8  0.4043E-07
 1  8  8  8  0.3787E-07
 1  8  8  8  0.3783E-07
 1  8  8  8  0.4022E-07
 1  8  8  8  0.3901E-07
 1  8  8  8  0.4041E-07
 1  8  8  8  0.3991E-07
 1  8  8  8  0.3767E-07
 1  8  9  8  0.3148E-07
 1  8  9  8  0.3008E-07
 1  8  9  8  0.3000E-07
 1  8  9  8  0.3018E-07
 1  8  9  8  0.3055E-07
 1  8  9  8  0.2969E-07
 1  8  9  8  0.2993E-07
 1  8  9  8  0.2947E-07
 1  8  9  8  0.2967E-07
 1  8  9  8  0.3063E-07
 1  8  10  8  0.2484E-07
 1  8  10  8  0.2437E-07
 1  8  10  8  0.2440E-07
 1  8  10  8  0.2479E-07
 1  8  10  8  0.2415E-07
 1  8  10  8  0.2410E-07
 1  8  10  8  0.2422E-07
 1  8  10  8  0.2392E-07
 1  8  10  8  0.2374E-07
 1  8  10  8  0.2400E-07
 1  8  11  8  0.2258E-07
 1  8  11  8  0.2233E-07
 1  8  11  8  0.2266E-07
 1  8  11  8  0.2246E-07
 1  8  11  8  0.2236E-07
 1  8  11  8  0.2206E-07
 1  8  11  8  0.2198E-07
 1  8  11  8  0.2259E-07
 1  8  11  8  0.2239E-07
 1  8  11  8  0.2222E-07
 1  8  12  8  0.1872E-07
 1  8  12  8  0.1798E-07
 1  8  12  8  0.1771E-07
 1  8  12  8  0.1809E-07
 1  8  12  8  0.1763E-07
 1  8  12  8  0.1764E-07
 1  8  12  8  0.1792E-07
 1  8  12  8  0.1734E-07
 1  8  12  8  0.1768E-07
 1  8  12  8  0.1795E-07
 1  8  13  8  0.1654E-07
 1  8  13  8  0.1617E-07
 1  8  13  8  0.1602E-07
 1  8  13  8  0.1646E-07
 1  8  13  8  0.1576E-07
 1  8  13  8  0.1596E-07
 1  8  13  8  0.1605E-07
 1  8  13  8  0.1610E-07
 1  8  13  8  0.1613E-07
 1  8  13  8  0.1614E-07
 1  8  14  8  0.1459E-07
 1  8  14  8  0.1405E-07
 1  8  14  8  0.1415E-07
 1  8  14  8  0.1413E-07
 1  8  14  8  0.1420E-07
 1  8  14  8  0.1448E-07
 1  8  14  8  0.1422E-07
 1  8  14  8  0.1418E-07
 1  8  14  8  0.1435E-07
 1  8  14  8  0.1421E-07
 1  8  15  8  0.1421E-07
 1  8  15  8  0.1393E-07
 1  8  15  8  0.1392E-07
 1  8  15  8  0.1389E-07
 1  8  15  8  0.1394E-07
 1  8  15  8  0.1393E-07
 1  8  15  8  0.1396E-07
 1  8  15  8  0.1395E-07
 1  8  15  8  0.1397E-07
 1  8  15  8  0.1396E-07
 1  8  16  8  0.1290E-07
 1  8  16  8  0.1263E-07
 1  8  16  8  0.1268E-07
 1  8  16  8  0.1260E-07
 1  8  16  8  0.1259E-07
 1  8  16  8  0.1254E-07
 1  8  16  8  0.1262E-07
 1  8  16  8  0.1265E-07
 1  8  16  8  0.1264E-07
 1  8  16  8  0.1254E-07
 1  8  17  8  0.1496E-07
 1  8  17  8  0.1468E-07
 1  8  17  8  0.1472E-07
 1  8  17  8  0.1468E-07
 1  8  17  8  0.1466E-07
 1  8  17  8  0.1467E-07
 1  8  17  8  0.1463E-07
 1  8  17  8  0.1473E-07
 1  8  17  8  0.1462E-07
 1  8  17  8  0.1471E-07
 1  8  18  8  0.1544E-07
 1  8  18  8  0.1515E-07
 1  8  18  8  0.1515E-07
 1  8  18  8  0.1515E-07
 1  8  18  8  0.1517E-07
 1  8  18  8  0.1516E-07
 1  8  18  8  0.1516E-07
 1  8  18  8  0.1516E-07
 1  8  18  8  0.1530E-07
 1  8  18  8  0.1515E-07
 1  8  19  8  0.1588E-07
 1  8  19  8  0.1565E-07
 1  8  19  8  0.1571E-07
 1  8  19  8  0.1569E-07
 1  8  19  8  0.1564E-07
 1  8  19  8  0.1565E-07
 1  8  19  8  0.1570E-07
 1  8  19  8  0.1567E-07
 1  8  19  8  0.1565E-07
 1  8  19  8  0.1574E-07
 1  8  20  8  0.1494E-07
 1  8  20  8  0.1479E-07
 1  8  20  8  0.1475E-07
 1  8  20  8  0.1475E-07
 1  8  20  8  0.1475E-07
 1  8  20  8  0.1474E-07
 1  8  20  8  0.1472E-07
 1  8  20  8  0.1473E-07
 1  8  20  8  0.1476E-07
 1  8  20  8  0.1475E-07
