 1  32  3  32  0.2577E-06
 1  32  3  32  0.4010E-07
 1  32  3  32  0.4084E-07
 1  32  3  32  0.3900E-07
 1  32  3  32  0.3937E-07
 1  32  3  32  0.5096E-07
 1  32  3  32  0.4664E-07
 1  32  3  32  0.4590E-07
 1  32  3  32  0.4857E-07
 1  32  3  32  0.4673E-07
 1  32  4  32  0.1460E-06
 1  32  4  32  0.2945E-07
 1  32  4  32  0.2099E-07
 1  32  4  32  0.1804E-07
 1  32  4  32  0.1804E-07
 1  32  4  32  0.1855E-07
 1  32  4  32  0.1808E-07
 1  32  4  32  0.1870E-07
 1  32  4  32  0.1890E-07
 1  32  4  32  0.1773E-07
 1  32  5  32  0.8392E-07
 1  32  5  32  0.1117E-07
 1  32  5  32  0.1168E-07
 1  32  5  32  0.1093E-07
 1  32  5  32  0.1093E-07
 1  32  5  32  0.1093E-07
 1  32  5  32  0.1234E-07
 1  32  5  32  0.1109E-07
 1  32  5  32  0.1083E-07
 1  32  5  32  0.1093E-07
 1  32  6  32  0.6143E-07
 1  32  6  32  0.7520E-08
 1  32  6  32  0.7048E-08
 1  32  6  32  0.7278E-08
 1  32  6  32  0.7048E-08
 1  32  6  32  0.7819E-08
 1  32  6  32  0.7232E-08
 1  32  6  32  0.6991E-08
 1  32  6  32  0.6703E-08
 1  32  6  32  0.6795E-08
 1  32  7  32  0.2839E-07
 1  32  7  32  0.8015E-08
 1  32  7  32  0.5894E-08
 1  32  7  32  0.5467E-08
 1  32  7  32  0.5257E-08
 1  32  7  32  0.6075E-08
 1  32  7  32  0.5344E-08
 1  32  7  32  0.5286E-08
 1  32  7  32  0.5010E-08
 1  32  7  32  0.5713E-08
 1  32  8  32  0.1654E-07
 1  32  8  32  0.4011E-08
 1  32  8  32  0.4089E-08
 1  32  8  32  0.3745E-08
 1  32  8  32  0.4458E-08
 1  32  8  32  0.3987E-08
 1  32  8  32  0.3847E-08
 1  32  8  32  0.3822E-08
 1  32  8  32  0.3885E-08
 1  32  8  32  0.3783E-08
 1  32  9  32  0.1605E-07
 1  32  9  32  0.3771E-08
 1  32  9  32  0.3686E-08
 1  32  9  32  0.3986E-08
 1  32  9  32  0.3655E-08
 1  32  9  32  0.3543E-08
 1  32  9  32  0.3972E-08
 1  32  9  32  0.3615E-08
 1  32  9  32  0.3570E-08
 1  32  9  32  0.4715E-08
 1  32  10  32  0.2196E-08
 1  32  10  32  0.2039E-08
 1  32  10  32  0.2084E-08
 1  32  10  32  0.2036E-08
 1  32  10  32  0.2033E-08
 1  32  10  32  0.2044E-08
 1  32  10  32  0.2092E-08
 1  32  10  32  0.4229E-08
 1  32  10  32  0.4406E-08
 1  32  10  32  0.4272E-08
 1  32  11  32  0.1951E-08
 1  32  11  32  0.1885E-08
 1  32  11  32  0.1871E-08
 1  32  11  32  0.1870E-08
 1  32  11  32  0.1873E-08
 1  32  11  32  0.1887E-08
 1  32  11  32  0.1899E-08
 1  32  11  32  0.1871E-08
 1  32  11  32  0.1882E-08
 1  32  11  32  0.1895E-08
 1  32  12  32  0.1766E-08
 1  32  12  32  0.1730E-08
 1  32  12  32  0.1743E-08
 1  32  12  32  0.1738E-08
 1  32  12  32  0.1736E-08
 1  32  12  32  0.1746E-08
 1  32  12  32  0.1733E-08
 1  32  12  32  0.1733E-08
 1  32  12  32  0.1812E-08
 1  32  12  32  0.1750E-08
 1  32  13  32  0.1895E-08
 1  32  13  32  0.1828E-08
 1  32  13  32  0.1837E-08
 1  32  13  32  0.1823E-08
 1  32  13  32  0.1846E-08
 1  32  13  32  0.1839E-08
 1  32  13  32  0.1825E-08
 1  32  13  32  0.1861E-08
 1  32  13  32  0.1855E-08
 1  32  13  32  0.1826E-08
 1  32  14  32  0.1826E-08
 1  32  14  32  0.1790E-08
 1  32  14  32  0.1782E-08
 1  32  14  32  0.1796E-08
 1  32  14  32  0.1794E-08
 1  32  14  32  0.1779E-08
 1  32  14  32  0.1810E-08
 1  32  14  32  0.1772E-08
 1  32  14  32  0.1778E-08
 1  32  14  32  0.1798E-08
 1  32  15  32  0.2069E-08
 1  32  15  32  0.2020E-08
 1  32  15  32  0.2019E-08
 1  32  15  32  0.2021E-08
 1  32  15  32  0.2005E-08
 1  32  15  32  0.2004E-08
 1  32  15  32  0.2012E-08
 1  32  15  32  0.2005E-08
 1  32  15  32  0.2014E-08
 1  32  15  32  0.2018E-08
 1  32  16  32  0.2440E-08
 1  32  16  32  0.2402E-08
 1  32  16  32  0.2407E-08
 1  32  16  32  0.2392E-08
 1  32  16  32  0.2401E-08
 1  32  16  32  0.2403E-08
 1  32  16  32  0.2419E-08
 1  32  16  32  0.2422E-08
 1  32  16  32  0.2398E-08
 1  32  16  32  0.2396E-08
 1  32  17  32  0.2708E-08
 1  32  17  32  0.2680E-08
 1  32  17  32  0.2664E-08
 1  32  17  32  0.2676E-08
 1  32  17  32  0.2663E-08
 1  32  17  32  0.2664E-08
 1  32  17  32  0.2664E-08
 1  32  17  32  0.2663E-08
 1  32  17  32  0.2664E-08
 1  32  17  32  0.2670E-08
 1  32  18  32  0.2662E-08
 1  32  18  32  0.2638E-08
 1  32  18  32  0.2639E-08
 1  32  18  32  0.2626E-08
 1  32  18  32  0.2635E-08
 1  32  18  32  0.2636E-08
 1  32  18  32  0.2636E-08
 1  32  18  32  0.2633E-08
 1  32  18  32  0.2636E-08
 1  32  18  32  0.2628E-08
 1  32  19  32  0.2840E-08
 1  32  19  32  0.2821E-08
 1  32  19  32  0.2819E-08
 1  32  19  32  0.2821E-08
 1  32  19  32  0.2823E-08
 1  32  19  32  0.2818E-08
 1  32  19  32  0.2816E-08
 1  32  19  32  0.2816E-08
 1  32  19  32  0.2831E-08
 1  32  19  32  0.2831E-08
 1  32  20  32  0.2768E-08
 1  32  20  32  0.2741E-08
 1  32  20  32  0.2741E-08
 1  32  20  32  0.2744E-08
 1  32  20  32  0.2741E-08
 1  32  20  32  0.2745E-08
 1  32  20  32  0.2742E-08
 1  32  20  32  0.2747E-08
 1  32  20  32  0.2751E-08
 1  32  20  32  0.2743E-08
