 1  16  3  16  0.4685E-07
 1  16  3  16  0.9732E-07
 1  16  3  16  0.1210E-06
 1  16  3  16  0.9345E-07
 1  16  3  16  0.8334E-07
 1  16  3  16  0.8407E-07
 1  16  3  16  0.7874E-07
 1  16  3  16  0.8186E-07
 1  16  3  16  0.1073E-06
 1  16  3  16  0.8334E-07
 1  16  4  16  0.2279E-07
 1  16  4  16  0.2133E-07
 1  16  4  16  0.5045E-07
 1  16  4  16  0.4587E-07
 1  16  4  16  0.4137E-07
 1  16  4  16  0.3974E-07
 1  16  4  16  0.3803E-07
 1  16  4  16  0.4595E-07
 1  16  4  16  0.4036E-07
 1  16  4  16  0.3555E-07
 1  16  5  16  0.1728E-07
 1  16  5  16  0.1562E-07
 1  16  5  16  0.1545E-07
 1  16  5  16  0.3163E-07
 1  16  5  16  0.2952E-07
 1  16  5  16  0.2968E-07
 1  16  5  16  0.3215E-07
 1  16  5  16  0.3000E-07
 1  16  5  16  0.3016E-07
 1  16  5  16  0.2865E-07
 1  16  6  16  0.1023E-07
 1  16  6  16  0.9401E-08
 1  16  6  16  0.9362E-08
 1  16  6  16  0.9484E-08
 1  16  6  16  0.1679E-07
 1  16  6  16  0.1679E-07
 1  16  6  16  0.1600E-07
 1  16  6  16  0.2286E-07
 1  16  6  16  0.2035E-07
 1  16  6  16  0.1957E-07
 1  16  7  16  0.8018E-08
 1  16  7  16  0.7266E-08
 1  16  7  16  0.7244E-08
 1  16  7  16  0.7324E-08
 1  16  7  16  0.7301E-08
 1  16  7  16  0.1295E-07
 1  16  7  16  0.1605E-07
 1  16  7  16  0.1392E-07
 1  16  7  16  0.1367E-07
 1  16  7  16  0.1548E-07
 1  16  8  16  0.6494E-08
 1  16  8  16  0.5922E-08
 1  16  8  16  0.5795E-08
 1  16  8  16  0.5868E-08
 1  16  8  16  0.5790E-08
 1  16  8  16  0.5859E-08
 1  16  8  16  0.1192E-07
 1  16  8  16  0.1107E-07
 1  16  8  16  0.1204E-07
 1  16  8  16  0.1075E-07
 1  16  9  16  0.6440E-08
 1  16  9  16  0.5634E-08
 1  16  9  16  0.5615E-08
 1  16  9  16  0.5600E-08
 1  16  9  16  0.5619E-08
 1  16  9  16  0.5664E-08
 1  16  9  16  0.5896E-08
 1  16  9  16  0.5555E-08
 1  16  9  16  0.7106E-08
 1  16  9  16  0.8892E-08
 1  16  10  16  0.6272E-08
 1  16  10  16  0.5676E-08
 1  16  10  16  0.5714E-08
 1  16  10  16  0.5643E-08
 1  16  10  16  0.5635E-08
 1  16  10  16  0.5702E-08
 1  16  10  16  0.5852E-08
 1  16  10  16  0.5643E-08
 1  16  10  16  0.5632E-08
 1  16  10  16  0.5879E-08
 1  16  11  16  0.5878E-08
 1  16  11  16  0.5231E-08
 1  16  11  16  0.5173E-08
 1  16  11  16  0.5153E-08
 1  16  11  16  0.5287E-08
 1  16  11  16  0.5185E-08
 1  16  11  16  0.5142E-08
 1  16  11  16  0.5174E-08
 1  16  11  16  0.5158E-08
 1  16  11  16  0.5139E-08
 1  16  12  16  0.5609E-08
 1  16  12  16  0.4964E-08
 1  16  12  16  0.4982E-08
 1  16  12  16  0.4947E-08
 1  16  12  16  0.4967E-08
 1  16  12  16  0.4944E-08
 1  16  12  16  0.4935E-08
 1  16  12  16  0.5001E-08
 1  16  12  16  0.4922E-08
 1  16  12  16  0.4940E-08
 1  16  13  16  0.6028E-08
 1  16  13  16  0.5430E-08
 1  16  13  16  0.5365E-08
 1  16  13  16  0.5418E-08
 1  16  13  16  0.5343E-08
 1  16  13  16  0.5431E-08
 1  16  13  16  0.5352E-08
 1  16  13  16  0.5408E-08
 1  16  13  16  0.5370E-08
 1  16  13  16  0.5353E-08
 1  16  14  16  0.5676E-08
 1  16  14  16  0.5208E-08
 1  16  14  16  0.5269E-08
 1  16  14  16  0.5242E-08
 1  16  14  16  0.5225E-08
 1  16  14  16  0.5313E-08
 1  16  14  16  0.5230E-08
 1  16  14  16  0.5212E-08
 1  16  14  16  0.5195E-08
 1  16  14  16  0.5246E-08
 1  16  15  16  0.5407E-08
 1  16  15  16  0.5018E-08
 1  16  15  16  0.5007E-08
 1  16  15  16  0.5002E-08
 1  16  15  16  0.5006E-08
 1  16  15  16  0.5006E-08
 1  16  15  16  0.5010E-08
 1  16  15  16  0.5052E-08
 1  16  15  16  0.5032E-08
 1  16  15  16  0.5015E-08
 1  16  16  16  0.5378E-08
 1  16  16  16  0.5122E-08
 1  16  16  16  0.5098E-08
 1  16  16  16  0.5112E-08
 1  16  16  16  0.5183E-08
 1  16  16  16  0.5136E-08
 1  16  16  16  0.5127E-08
 1  16  16  16  0.5196E-08
 1  16  16  16  0.5125E-08
 1  16  16  16  0.5161E-08
 1  16  17  16  0.6086E-08
 1  16  17  16  0.5839E-08
 1  16  17  16  0.5836E-08
 1  16  17  16  0.5974E-08
 1  16  17  16  0.5892E-08
 1  16  17  16  0.5961E-08
 1  16  17  16  0.5856E-08
 1  16  17  16  0.5864E-08
 1  16  17  16  0.5861E-08
 1  16  17  16  0.5869E-08
 1  16  18  16  0.5893E-08
 1  16  18  16  0.5685E-08
 1  16  18  16  0.5654E-08
 1  16  18  16  0.5639E-08
 1  16  18  16  0.5710E-08
 1  16  18  16  0.5697E-08
 1  16  18  16  0.5714E-08
 1  16  18  16  0.5662E-08
 1  16  18  16  0.5673E-08
 1  16  18  16  0.5662E-08
 1  16  19  16  0.6227E-08
 1  16  19  16  0.6084E-08
 1  16  19  16  0.6133E-08
 1  16  19  16  0.6100E-08
 1  16  19  16  0.6134E-08
 1  16  19  16  0.6100E-08
 1  16  19  16  0.6100E-08
 1  16  19  16  0.6101E-08
 1  16  19  16  0.6101E-08
 1  16  19  16  0.6101E-08
 1  16  20  16  0.5979E-08
 1  16  20  16  0.5834E-08
 1  16  20  16  0.5878E-08
 1  16  20  16  0.5885E-08
 1  16  20  16  0.5906E-08
 1  16  20  16  0.5873E-08
 1  16  20  16  0.5939E-08
 1  16  20  16  0.5968E-08
 1  16  20  16  0.5937E-08
 1  16  20  16  0.5926E-08
