 1  64  3  64  0.3308E-06
 1  64  3  64  0.4167E-07
 1  64  3  64  0.3914E-07
 1  64  3  64  0.5050E-07
 1  64  3  64  0.4723E-07
 1  64  3  64  0.4378E-07
 1  64  3  64  0.4746E-07
 1  64  3  64  0.4378E-07
 1  64  3  64  0.5206E-07
 1  64  3  64  0.4631E-07
 1  64  4  64  0.9238E-07
 1  64  4  64  0.1921E-07
 1  64  4  64  0.1944E-07
 1  64  4  64  0.2231E-07
 1  64  4  64  0.1791E-07
 1  64  4  64  0.1799E-07
 1  64  4  64  0.2000E-07
 1  64  4  64  0.1725E-07
 1  64  4  64  0.1700E-07
 1  64  4  64  0.1758E-07
 1  64  5  64  0.1043E-06
 1  64  5  64  0.1225E-07
 1  64  5  64  0.1234E-07
 1  64  5  64  0.1487E-07
 1  64  5  64  0.1233E-07
 1  64  5  64  0.1191E-07
 1  64  5  64  0.1263E-07
 1  64  5  64  0.1204E-07
 1  64  5  64  0.1437E-07
 1  64  5  64  0.1591E-07
 1  64  6  64  0.5514E-07
 1  64  6  64  0.9210E-08
 1  64  6  64  0.1008E-07
 1  64  6  64  0.1095E-07
 1  64  6  64  0.9043E-08
 1  64  6  64  0.9503E-08
 1  64  6  64  0.1051E-07
 1  64  6  64  0.9716E-08
 1  64  6  64  0.7813E-08
 1  64  6  64  0.8606E-08
 1  64  7  64  0.2753E-07
 1  64  7  64  0.5753E-08
 1  64  7  64  0.6274E-08
 1  64  7  64  0.6379E-08
 1  64  7  64  0.5984E-08
 1  64  7  64  0.5709E-08
 1  64  7  64  0.6028E-08
 1  64  7  64  0.5680E-08
 1  64  7  64  0.7212E-08
 1  64  7  64  0.7624E-08
 1  64  8  64  0.1755E-07
 1  64  8  64  0.6022E-08
 1  64  8  64  0.5493E-08
 1  64  8  64  0.5341E-08
 1  64  8  64  0.6155E-08
 1  64  8  64  0.5787E-08
 1  64  8  64  0.5421E-08
 1  64  8  64  0.6197E-08
 1  64  8  64  0.5840E-08
 1  64  8  64  0.4598E-08
 1  64  9  64  0.2463E-08
 1  64  9  64  0.2339E-08
 1  64  9  64  0.2351E-08
 1  64  9  64  0.2328E-08
 1  64  9  64  0.2352E-08
 1  64  9  64  0.2357E-08
 1  64  9  64  0.2482E-08
 1  64  9  64  0.2350E-08
 1  64  9  64  0.2312E-08
 1  64  9  64  0.2327E-08
 1  64  10  64  0.2617E-08
 1  64  10  64  0.2490E-08
 1  64  10  64  0.2490E-08
 1  64  10  64  0.2505E-08
 1  64  10  64  0.2495E-08
 1  64  10  64  0.2529E-08
 1  64  10  64  0.2503E-08
 1  64  10  64  0.2547E-08
 1  64  10  64  0.2510E-08
 1  64  10  64  0.2529E-08
 1  64  11  64  0.2551E-08
 1  64  11  64  0.2471E-08
 1  64  11  64  0.2464E-08
 1  64  11  64  0.2467E-08
 1  64  11  64  0.2469E-08
 1  64  11  64  0.2470E-08
 1  64  11  64  0.2495E-08
 1  64  11  64  0.2448E-08
 1  64  11  64  0.2452E-08
 1  64  11  64  0.2453E-08
 1  64  12  64  0.2430E-08
 1  64  12  64  0.2356E-08
 1  64  12  64  0.2381E-08
 1  64  12  64  0.2376E-08
 1  64  12  64  0.2370E-08
 1  64  12  64  0.2359E-08
 1  64  12  64  0.2353E-08
 1  64  12  64  0.2358E-08
 1  64  12  64  0.2405E-08
 1  64  12  64  0.2353E-08
 1  64  13  64  0.2522E-08
 1  64  13  64  0.2463E-08
 1  64  13  64  0.2472E-08
 1  64  13  64  0.2469E-08
 1  64  13  64  0.2481E-08
 1  64  13  64  0.2460E-08
 1  64  13  64  0.2482E-08
 1  64  13  64  0.2458E-08
 1  64  13  64  0.2470E-08
 1  64  13  64  0.2462E-08
 1  64  14  64  0.2546E-08
 1  64  14  64  0.2320E-08
 1  64  14  64  0.2257E-08
 1  64  14  64  0.2255E-08
 1  64  14  64  0.2261E-08
 1  64  14  64  0.2280E-08
 1  64  14  64  0.2265E-08
 1  64  14  64  0.2246E-08
 1  64  14  64  0.2266E-08
 1  64  14  64  0.2259E-08
 1  64  15  64  0.2158E-08
 1  64  15  64  0.2134E-08
 1  64  15  64  0.2136E-08
 1  64  15  64  0.2141E-08
 1  64  15  64  0.2139E-08
 1  64  15  64  0.2131E-08
 1  64  15  64  0.2139E-08
 1  64  15  64  0.2144E-08
 1  64  15  64  0.2153E-08
 1  64  15  64  0.2150E-08
 1  64  16  64  0.2600E-08
 1  64  16  64  0.2571E-08
 1  64  16  64  0.2565E-08
 1  64  16  64  0.2592E-08
 1  64  16  64  0.2579E-08
 1  64  16  64  0.2599E-08
 1  64  16  64  0.2585E-08
 1  64  16  64  0.2594E-08
 1  64  16  64  0.2571E-08
 1  64  16  64  0.2602E-08
 1  64  17  64  0.2249E-08
 1  64  17  64  0.2220E-08
 1  64  17  64  0.2225E-08
 1  64  17  64  0.2220E-08
 1  64  17  64  0.2230E-08
 1  64  17  64  0.2226E-08
 1  64  17  64  0.2221E-08
 1  64  17  64  0.2225E-08
 1  64  17  64  0.2229E-08
 1  64  17  64  0.2229E-08
 1  64  18  64  0.2083E-08
 1  64  18  64  0.2078E-08
 1  64  18  64  0.2070E-08
 1  64  18  64  0.2089E-08
 1  64  18  64  0.2078E-08
 1  64  18  64  0.2069E-08
 1  64  18  64  0.2067E-08
 1  64  18  64  0.2066E-08
 1  64  18  64  0.2068E-08
 1  64  18  64  0.2059E-08
 1  64  19  64  0.2152E-08
 1  64  19  64  0.2136E-08
 1  64  19  64  0.2131E-08
 1  64  19  64  0.2127E-08
 1  64  19  64  0.2134E-08
 1  64  19  64  0.2145E-08
 1  64  19  64  0.2141E-08
 1  64  19  64  0.2135E-08
 1  64  19  64  0.2133E-08
 1  64  19  64  0.2129E-08
 1  64  20  64  0.2043E-08
 1  64  20  64  0.2037E-08
 1  64  20  64  0.2030E-08
 1  64  20  64  0.2034E-08
 1  64  20  64  0.2033E-08
 1  64  20  64  0.2029E-08
 1  64  20  64  0.2041E-08
 1  64  20  64  0.2048E-08
 1  64  20  64  0.2046E-08
 1  64  20  64  0.2047E-08
