 1  4  3  4  0.4908E-06
 1  4  3  4  0.3304E-06
 1  4  3  4  0.6270E-06
 1  4  3  4  0.3517E-06
 1  4  3  4  0.3392E-06
 1  4  3  4  0.2936E-06
 1  4  3  4  0.2899E-06
 1  4  3  4  0.2929E-06
 1  4  3  4  0.2870E-06
 1  4  3  4  0.4136E-06
 1  4  4  4  0.6417E-07
 1  4  4  4  0.6452E-07
 1  4  4  4  0.7539E-07
 1  4  4  4  0.6781E-07
 1  4  4  4  0.6418E-07
 1  4  4  4  0.6337E-07
 1  4  4  4  0.6520E-07
 1  4  4  4  0.6248E-07
 1  4  4  4  0.6586E-07
 1  4  4  4  0.6582E-07
 1  4  5  4  0.4340E-07
 1  4  5  4  0.4089E-07
 1  4  5  4  0.4265E-07
 1  4  5  4  0.4063E-07
 1  4  5  4  0.4084E-07
 1  4  5  4  0.4425E-07
 1  4  5  4  0.4445E-07
 1  4  5  4  0.4389E-07
 1  4  5  4  0.4125E-07
 1  4  5  4  0.4069E-07
 1  4  6  4  0.1192E-06
 1  4  6  4  0.7524E-07
 1  4  6  4  0.5096E-07
 1  4  6  4  0.5519E-07
 1  4  6  4  0.7248E-07
 1  4  6  4  0.6522E-07
 1  4  6  4  0.6715E-07
 1  4  6  4  0.5013E-07
 1  4  6  4  0.5436E-07
 1  4  6  4  0.5445E-07
 1  4  7  4  0.6412E-07
 1  4  7  4  0.4055E-07
 1  4  7  4  0.3568E-07
 1  4  7  4  0.5178E-07
 1  4  7  4  0.3713E-07
 1  4  7  4  0.4547E-07
 1  4  7  4  0.3667E-07
 1  4  7  4  0.3939E-07
 1  4  7  4  0.4929E-07
 1  4  7  4  0.6314E-07
 1  4  8  4  0.4428E-07
 1  4  8  4  0.4051E-07
 1  4  8  4  0.4234E-07
 1  4  8  4  0.3139E-07
 1  4  8  4  0.4816E-07
 1  4  8  4  0.3516E-07
 1  4  8  4  0.4296E-07
 1  4  8  4  0.3042E-07
 1  4  8  4  0.3842E-07
 1  4  8  4  0.3139E-07
 1  4  9  4  0.1662E-07
 1  4  9  4  0.1641E-07
 1  4  9  4  0.1764E-07
 1  4  9  4  0.1679E-07
 1  4  9  4  0.1637E-07
 1  4  9  4  0.1626E-07
 1  4  9  4  0.1602E-07
 1  4  9  4  0.1638E-07
 1  4  9  4  0.1636E-07
 1  4  9  4  0.1605E-07
 1  4  10  4  0.4127E-07
 1  4  10  4  0.3882E-07
 1  4  10  4  0.3425E-07
 1  4  10  4  0.3684E-07
 1  4  10  4  0.3574E-07
 1  4  10  4  0.3892E-07
 1  4  10  4  0.3850E-07
 1  4  10  4  0.3900E-07
 1  4  10  4  0.3699E-07
 1  4  10  4  0.4109E-07
 1  4  11  4  0.3918E-07
 1  4  11  4  0.3236E-07
 1  4  11  4  0.3093E-07
 1  4  11  4  0.2899E-07
 1  4  11  4  0.3056E-07
 1  4  11  4  0.3275E-07
 1  4  11  4  0.3218E-07
 1  4  11  4  0.3256E-07
 1  4  11  4  0.3030E-07
 1  4  11  4  0.3187E-07
 1  4  12  4  0.1607E-07
 1  4  12  4  0.1623E-07
 1  4  12  4  0.1650E-07
 1  4  12  4  0.1552E-07
 1  4  12  4  0.1670E-07
 1  4  12  4  0.1640E-07
 1  4  12  4  0.1592E-07
 1  4  12  4  0.1582E-07
 1  4  12  4  0.1611E-07
 1  4  12  4  0.1537E-07
 1  4  13  4  0.3049E-07
 1  4  13  4  0.2579E-07
 1  4  13  4  0.2583E-07
 1  4  13  4  0.2882E-07
 1  4  13  4  0.2701E-07
 1  4  13  4  0.2939E-07
 1  4  13  4  0.2735E-07
 1  4  13  4  0.2609E-07
 1  4  13  4  0.2670E-07
 1  4  13  4  0.2651E-07
 1  4  14  4  0.2930E-07
 1  4  14  4  0.2427E-07
 1  4  14  4  0.2399E-07
 1  4  14  4  0.2423E-07
 1  4  14  4  0.2435E-07
 1  4  14  4  0.2400E-07
 1  4  14  4  0.2460E-07
 1  4  14  4  0.2451E-07
 1  4  14  4  0.2345E-07
 1  4  14  4  0.2326E-07
 1  4  15  4  0.2923E-07
 1  4  15  4  0.2681E-07
 1  4  15  4  0.2454E-07
 1  4  15  4  0.2622E-07
 1  4  15  4  0.2541E-07
 1  4  15  4  0.2854E-07
 1  4  15  4  0.2550E-07
 1  4  15  4  0.2590E-07
 1  4  15  4  0.2511E-07
 1  4  15  4  0.2576E-07
 1  4  16  4  0.1800E-07
 1  4  16  4  0.1800E-07
 1  4  16  4  0.1800E-07
 1  4  16  4  0.1801E-07
 1  4  16  4  0.1801E-07
 1  4  16  4  0.1812E-07
 1  4  16  4  0.1805E-07
 1  4  16  4  0.1795E-07
 1  4  16  4  0.1798E-07
 1  4  16  4  0.1804E-07
 1  4  17  4  0.3080E-07
 1  4  17  4  0.2904E-07
 1  4  17  4  0.2856E-07
 1  4  17  4  0.2924E-07
 1  4  17  4  0.2941E-07
 1  4  17  4  0.2853E-07
 1  4  17  4  0.2863E-07
 1  4  17  4  0.2865E-07
 1  4  17  4  0.2836E-07
 1  4  17  4  0.2899E-07
 1  4  18  4  0.2116E-07
 1  4  18  4  0.2111E-07
 1  4  18  4  0.2117E-07
 1  4  18  4  0.2110E-07
 1  4  18  4  0.2105E-07
 1  4  18  4  0.2120E-07
 1  4  18  4  0.2127E-07
 1  4  18  4  0.2129E-07
 1  4  18  4  0.2119E-07
 1  4  18  4  0.2131E-07
 1  4  19  4  0.3234E-07
 1  4  19  4  0.3040E-07
 1  4  19  4  0.3092E-07
 1  4  19  4  0.3246E-07
 1  4  19  4  0.3150E-07
 1  4  19  4  0.3060E-07
 1  4  19  4  0.3139E-07
 1  4  19  4  0.3364E-07
 1  4  19  4  0.3147E-07
 1  4  19  4  0.3037E-07
 1  4  20  4  0.2219E-07
 1  4  20  4  0.2217E-07
 1  4  20  4  0.2215E-07
 1  4  20  4  0.2223E-07
 1  4  20  4  0.2221E-07
 1  4  20  4  0.2220E-07
 1  4  20  4  0.2221E-07
 1  4  20  4  0.2216E-07
 1  4  20  4  0.2218E-07
 1  4  20  4  0.2223E-07
