 1  16  3  16  0.8454E-07
 1  16  3  16  0.7372E-07
 1  16  3  16  0.7211E-07
 1  16  3  16  0.7227E-07
 1  16  3  16  0.7267E-07
 1  16  3  16  0.7238E-07
 1  16  3  16  0.7350E-07
 1  16  3  16  0.7988E-07
 1  16  3  16  0.7317E-07
 1  16  3  16  0.7341E-07
 1  16  4  16  0.5260E-07
 1  16  4  16  0.5023E-07
 1  16  4  16  0.5044E-07
 1  16  4  16  0.5006E-07
 1  16  4  16  0.5475E-07
 1  16  4  16  0.5036E-07
 1  16  4  16  0.5082E-07
 1  16  4  16  0.5064E-07
 1  16  4  16  0.5078E-07
 1  16  4  16  0.5031E-07
 1  16  5  16  0.2734E-07
 1  16  5  16  0.2517E-07
 1  16  5  16  0.2522E-07
 1  16  5  16  0.2632E-07
 1  16  5  16  0.2535E-07
 1  16  5  16  0.2508E-07
 1  16  5  16  0.2515E-07
 1  16  5  16  0.2503E-07
 1  16  5  16  0.2520E-07
 1  16  5  16  0.2534E-07
 1  16  6  16  0.1886E-07
 1  16  6  16  0.1813E-07
 1  16  6  16  0.1820E-07
 1  16  6  16  0.1804E-07
 1  16  6  16  0.1799E-07
 1  16  6  16  0.1806E-07
 1  16  6  16  0.1798E-07
 1  16  6  16  0.1803E-07
 1  16  6  16  0.1803E-07
 1  16  6  16  0.1799E-07
 1  16  7  16  0.1311E-07
 1  16  7  16  0.1254E-07
 1  16  7  16  0.1265E-07
 1  16  7  16  0.1244E-07
 1  16  7  16  0.1255E-07
 1  16  7  16  0.1290E-07
 1  16  7  16  0.1247E-07
 1  16  7  16  0.1231E-07
 1  16  7  16  0.1257E-07
 1  16  7  16  0.1246E-07
 1  16  8  16  0.9694E-08
 1  16  8  16  0.9313E-08
 1  16  8  16  0.9260E-08
 1  16  8  16  0.9283E-08
 1  16  8  16  0.9280E-08
 1  16  8  16  0.9258E-08
 1  16  8  16  0.9265E-08
 1  16  8  16  0.9293E-08
 1  16  8  16  0.9242E-08
 1  16  8  16  0.9269E-08
 1  16  9  16  0.9164E-08
 1  16  9  16  0.8540E-08
 1  16  9  16  0.8352E-08
 1  16  9  16  0.8343E-08
 1  16  9  16  0.8315E-08
 1  16  9  16  0.8305E-08
 1  16  9  16  0.8282E-08
 1  16  9  16  0.8674E-08
 1  16  9  16  0.8404E-08
 1  16  9  16  0.8303E-08
 1  16  10  16  0.7727E-08
 1  16  10  16  0.7486E-08
 1  16  10  16  0.7419E-08
 1  16  10  16  0.7382E-08
 1  16  10  16  0.7449E-08
 1  16  10  16  0.7404E-08
 1  16  10  16  0.7330E-08
 1  16  10  16  0.7330E-08
 1  16  10  16  0.7360E-08
 1  16  10  16  0.7325E-08
 1  16  11  16  0.6969E-08
 1  16  11  16  0.6700E-08
 1  16  11  16  0.6596E-08
 1  16  11  16  0.6602E-08
 1  16  11  16  0.6596E-08
 1  16  11  16  0.6710E-08
 1  16  11  16  0.6686E-08
 1  16  11  16  0.6616E-08
 1  16  11  16  0.6689E-08
 1  16  11  16  0.6672E-08
 1  16  12  16  0.5880E-08
 1  16  12  16  0.5723E-08
 1  16  12  16  0.5700E-08
 1  16  12  16  0.5696E-08
 1  16  12  16  0.5673E-08
 1  16  12  16  0.5755E-08
 1  16  12  16  0.5678E-08
 1  16  12  16  0.5735E-08
 1  16  12  16  0.5728E-08
 1  16  12  16  0.5661E-08
 1  16  13  16  0.6251E-08
 1  16  13  16  0.6004E-08
 1  16  13  16  0.5942E-08
 1  16  13  16  0.5933E-08
 1  16  13  16  0.5990E-08
 1  16  13  16  0.5997E-08
 1  16  13  16  0.5954E-08
 1  16  13  16  0.5931E-08
 1  16  13  16  0.5913E-08
 1  16  13  16  0.5935E-08
 1  16  14  16  0.5796E-08
 1  16  14  16  0.5413E-08
 1  16  14  16  0.5426E-08
 1  16  14  16  0.5418E-08
 1  16  14  16  0.5419E-08
 1  16  14  16  0.5419E-08
 1  16  14  16  0.5419E-08
 1  16  14  16  0.5421E-08
 1  16  14  16  0.5409E-08
 1  16  14  16  0.5448E-08
 1  16  15  16  0.5668E-08
 1  16  15  16  0.5377E-08
 1  16  15  16  0.5393E-08
 1  16  15  16  0.5397E-08
 1  16  15  16  0.5398E-08
 1  16  15  16  0.5374E-08
 1  16  15  16  0.5384E-08
 1  16  15  16  0.5380E-08
 1  16  15  16  0.5408E-08
 1  16  15  16  0.5365E-08
 1  16  16  16  0.5900E-08
 1  16  16  16  0.5686E-08
 1  16  16  16  0.5687E-08
 1  16  16  16  0.5721E-08
 1  16  16  16  0.5681E-08
 1  16  16  16  0.5695E-08
 1  16  16  16  0.5674E-08
 1  16  16  16  0.5669E-08
 1  16  16  16  0.5684E-08
 1  16  16  16  0.5661E-08
 1  16  17  16  0.7576E-08
 1  16  17  16  0.7175E-08
 1  16  17  16  0.7155E-08
 1  16  17  16  0.7209E-08
 1  16  17  16  0.7161E-08
 1  16  17  16  0.7165E-08
 1  16  17  16  0.7171E-08
 1  16  17  16  0.7167E-08
 1  16  17  16  0.7155E-08
 1  16  17  16  0.7162E-08
 1  16  18  16  0.7333E-08
 1  16  18  16  0.7154E-08
 1  16  18  16  0.7151E-08
 1  16  18  16  0.7142E-08
 1  16  18  16  0.7149E-08
 1  16  18  16  0.7145E-08
 1  16  18  16  0.7158E-08
 1  16  18  16  0.7168E-08
 1  16  18  16  0.7143E-08
 1  16  18  16  0.7151E-08
 1  16  19  16  0.7769E-08
 1  16  19  16  0.7590E-08
 1  16  19  16  0.7568E-08
 1  16  19  16  0.7559E-08
 1  16  19  16  0.7563E-08
 1  16  19  16  0.7558E-08
 1  16  19  16  0.7562E-08
 1  16  19  16  0.7562E-08
 1  16  19  16  0.7560E-08
 1  16  19  16  0.7568E-08
 1  16  20  16  0.7377E-08
 1  16  20  16  0.7236E-08
 1  16  20  16  0.7231E-08
 1  16  20  16  0.7234E-08
 1  16  20  16  0.7233E-08
 1  16  20  16  0.7252E-08
 1  16  20  16  0.7240E-08
 1  16  20  16  0.7237E-08
 1  16  20  16  0.7234E-08
 1  16  20  16  0.7243E-08
