 1  8  3  8  0.5217E-06
 1  8  3  8  0.3889E-06
 1  8  3  8  0.3120E-06
 1  8  3  8  0.4706E-06
 1  8  3  8  0.3812E-06
 1  8  3  8  0.4783E-06
 1  8  3  8  0.3963E-06
 1  8  3  8  0.2855E-06
 1  8  3  8  0.4154E-06
 1  8  3  8  0.3179E-06
 1  8  4  8  0.2012E-06
 1  8  4  8  0.1588E-06
 1  8  4  8  0.8723E-07
 1  8  4  8  0.9965E-07
 1  8  4  8  0.1270E-06
 1  8  4  8  0.8599E-07
 1  8  4  8  0.1355E-06
 1  8  4  8  0.7233E-07
 1  8  4  8  0.7233E-07
 1  8  4  8  0.1568E-06
 1  8  5  8  0.1440E-06
 1  8  5  8  0.1113E-06
 1  8  5  8  0.9171E-07
 1  8  5  8  0.7868E-07
 1  8  5  8  0.1117E-06
 1  8  5  8  0.1077E-06
 1  8  5  8  0.8233E-07
 1  8  5  8  0.1187E-06
 1  8  5  8  0.8098E-07
 1  8  5  8  0.1063E-06
 1  8  6  8  0.9221E-07
 1  8  6  8  0.7096E-07
 1  8  6  8  0.7041E-07
 1  8  6  8  0.4710E-07
 1  8  6  8  0.6885E-07
 1  8  6  8  0.8219E-07
 1  8  6  8  0.7313E-07
 1  8  6  8  0.6577E-07
 1  8  6  8  0.4806E-07
 1  8  6  8  0.3569E-07
 1  8  7  8  0.5564E-07
 1  8  7  8  0.4460E-07
 1  8  7  8  0.3959E-07
 1  8  7  8  0.4202E-07
 1  8  7  8  0.3742E-07
 1  8  7  8  0.4214E-07
 1  8  7  8  0.4617E-07
 1  8  7  8  0.3510E-07
 1  8  7  8  0.4058E-07
 1  8  7  8  0.5089E-07
 1  8  8  8  0.3370E-07
 1  8  8  8  0.3011E-07
 1  8  8  8  0.2728E-07
 1  8  8  8  0.3816E-07
 1  8  8  8  0.2540E-07
 1  8  8  8  0.2660E-07
 1  8  8  8  0.2604E-07
 1  8  8  8  0.2718E-07
 1  8  8  8  0.3077E-07
 1  8  8  8  0.3264E-07
 1  8  9  8  0.2909E-07
 1  8  9  8  0.2697E-07
 1  8  9  8  0.2120E-07
 1  8  9  8  0.2246E-07
 1  8  9  8  0.2378E-07
 1  8  9  8  0.1886E-07
 1  8  9  8  0.2972E-07
 1  8  9  8  0.3046E-07
 1  8  9  8  0.2680E-07
 1  8  9  8  0.3213E-07
 1  8  10  8  0.2638E-07
 1  8  10  8  0.2354E-07
 1  8  10  8  0.2246E-07
 1  8  10  8  0.2434E-07
 1  8  10  8  0.2267E-07
 1  8  10  8  0.2088E-07
 1  8  10  8  0.2212E-07
 1  8  10  8  0.2171E-07
 1  8  10  8  0.2026E-07
 1  8  10  8  0.2262E-07
 1  8  11  8  0.1378E-07
 1  8  11  8  0.1353E-07
 1  8  11  8  0.1368E-07
 1  8  11  8  0.1358E-07
 1  8  11  8  0.1365E-07
 1  8  11  8  0.1377E-07
 1  8  11  8  0.1357E-07
 1  8  11  8  0.1401E-07
 1  8  11  8  0.1429E-07
 1  8  11  8  0.1341E-07
 1  8  12  8  0.1204E-07
 1  8  12  8  0.1204E-07
 1  8  12  8  0.1209E-07
 1  8  12  8  0.1205E-07
 1  8  12  8  0.1201E-07
 1  8  12  8  0.1204E-07
 1  8  12  8  0.1210E-07
 1  8  12  8  0.1205E-07
 1  8  12  8  0.1208E-07
 1  8  12  8  0.1207E-07
 1  8  13  8  0.1775E-07
 1  8  13  8  0.1608E-07
 1  8  13  8  0.1706E-07
 1  8  13  8  0.1664E-07
 1  8  13  8  0.1589E-07
 1  8  13  8  0.1610E-07
 1  8  13  8  0.1527E-07
 1  8  13  8  0.1654E-07
 1  8  13  8  0.1684E-07
 1  8  13  8  0.1684E-07
 1  8  14  8  0.1083E-07
 1  8  14  8  0.1068E-07
 1  8  14  8  0.1080E-07
 1  8  14  8  0.1065E-07
 1  8  14  8  0.1072E-07
 1  8  14  8  0.1074E-07
 1  8  14  8  0.1074E-07
 1  8  14  8  0.1075E-07
 1  8  14  8  0.1079E-07
 1  8  14  8  0.1072E-07
 1  8  15  8  0.1134E-07
 1  8  15  8  0.1113E-07
 1  8  15  8  0.1107E-07
 1  8  15  8  0.1101E-07
 1  8  15  8  0.1109E-07
 1  8  15  8  0.1123E-07
 1  8  15  8  0.1131E-07
 1  8  15  8  0.1124E-07
 1  8  15  8  0.1119E-07
 1  8  15  8  0.1115E-07
 1  8  16  8  0.1097E-07
 1  8  16  8  0.1095E-07
 1  8  16  8  0.1093E-07
 1  8  16  8  0.1094E-07
 1  8  16  8  0.1108E-07
 1  8  16  8  0.1099E-07
 1  8  16  8  0.1100E-07
 1  8  16  8  0.1100E-07
 1  8  16  8  0.1095E-07
 1  8  16  8  0.1099E-07
 1  8  17  8  0.1244E-07
 1  8  17  8  0.1245E-07
 1  8  17  8  0.1244E-07
 1  8  17  8  0.1242E-07
 1  8  17  8  0.1242E-07
 1  8  17  8  0.1241E-07
 1  8  17  8  0.1241E-07
 1  8  17  8  0.1242E-07
 1  8  17  8  0.1246E-07
 1  8  17  8  0.1245E-07
 1  8  18  8  0.1911E-07
 1  8  18  8  0.1633E-07
 1  8  18  8  0.1623E-07
 1  8  18  8  0.1680E-07
 1  8  18  8  0.1605E-07
 1  8  18  8  0.1627E-07
 1  8  18  8  0.1620E-07
 1  8  18  8  0.1582E-07
 1  8  18  8  0.1658E-07
 1  8  18  8  0.1610E-07
 1  8  19  8  0.1288E-07
 1  8  19  8  0.1284E-07
 1  8  19  8  0.1278E-07
 1  8  19  8  0.1306E-07
 1  8  19  8  0.1281E-07
 1  8  19  8  0.1300E-07
 1  8  19  8  0.1287E-07
 1  8  19  8  0.1293E-07
 1  8  19  8  0.1298E-07
 1  8  19  8  0.1291E-07
 1  8  20  8  0.1221E-07
 1  8  20  8  0.1220E-07
 1  8  20  8  0.1221E-07
 1  8  20  8  0.1220E-07
 1  8  20  8  0.1220E-07
 1  8  20  8  0.1220E-07
 1  8  20  8  0.1221E-07
 1  8  20  8  0.1218E-07
 1  8  20  8  0.1219E-07
 1  8  20  8  0.1222E-07
