 1  1  3  1  0.8389E-06
 1  1  3  1  0.1692E-06
 1  1  3  1  0.1637E-06
 1  1  3  1  0.1686E-06
 1  1  3  1  0.1632E-06
 1  1  3  1  0.1665E-06
 1  1  3  1  0.1679E-06
 1  1  3  1  0.1639E-06
 1  1  3  1  0.1686E-06
 1  1  3  1  0.1682E-06
 1  1  4  1  0.1250E-06
 1  1  4  1  0.3080E-06
 1  1  4  1  0.2968E-06
 1  1  4  1  0.2968E-06
 1  1  4  1  0.4011E-06
 1  1  4  1  0.2968E-06
 1  1  4  1  0.2707E-06
 1  1  4  1  0.2757E-06
 1  1  4  1  0.2657E-06
 1  1  4  1  0.2608E-06
 1  1  5  1  0.7957E-07
 1  1  5  1  0.2104E-06
 1  1  5  1  0.2054E-06
 1  1  5  1  0.1895E-06
 1  1  5  1  0.1869E-06
 1  1  5  1  0.1844E-06
 1  1  5  1  0.1812E-06
 1  1  5  1  0.1812E-06
 1  1  5  1  0.1812E-06
 1  1  5  1  0.1787E-06
 1  1  6  1  0.5356E-07
 1  1  6  1  0.1420E-06
 1  1  6  1  0.1464E-06
 1  1  6  1  0.1402E-06
 1  1  6  1  0.1391E-06
 1  1  6  1  0.1343E-06
 1  1  6  1  0.1328E-06
 1  1  6  1  0.1681E-06
 1  1  6  1  0.1420E-06
 1  1  6  1  0.1314E-06
 1  1  7  1  0.4769E-07
 1  1  7  1  0.1244E-06
 1  1  7  1  0.1184E-06
 1  1  7  1  0.1138E-06
 1  1  7  1  0.1196E-06
 1  1  7  1  0.1117E-06
 1  1  7  1  0.1077E-06
 1  1  7  1  0.1068E-06
 1  1  7  1  0.1050E-06
 1  1  7  1  0.1031E-06
 1  1  8  1  0.4062E-07
 1  1  8  1  0.9174E-07
 1  1  8  1  0.8723E-07
 1  1  8  1  0.8009E-07
 1  1  8  1  0.1021E-06
 1  1  8  1  0.1048E-06
 1  1  8  1  0.1062E-06
 1  1  8  1  0.1021E-06
 1  1  8  1  0.1198E-06
 1  1  8  1  0.1080E-06
 1  1  9  1  0.4676E-07
 1  1  9  1  0.8274E-07
 1  1  9  1  0.7544E-07
 1  1  9  1  0.7228E-07
 1  1  9  1  0.7369E-07
 1  1  9  1  0.7141E-07
 1  1  9  1  0.6901E-07
 1  1  9  1  0.6770E-07
 1  1  9  1  0.8089E-07
 1  1  9  1  0.6726E-07
 1  1  10  1  0.5460E-07
 1  1  10  1  0.5781E-07
 1  1  10  1  0.1320E-06
 1  1  10  1  0.1340E-06
 1  1  10  1  0.1260E-06
 1  1  10  1  0.1307E-06
 1  1  10  1  0.1226E-06
 1  1  10  1  0.1293E-06
 1  1  10  1  0.1229E-06
 1  1  10  1  0.1147E-06
 1  1  11  1  0.5353E-07
 1  1  11  1  0.5172E-07
 1  1  11  1  0.1037E-06
 1  1  11  1  0.1089E-06
 1  1  11  1  0.9894E-07
 1  1  11  1  0.1069E-06
 1  1  11  1  0.9816E-07
 1  1  11  1  0.1047E-06
 1  1  11  1  0.9565E-07
 1  1  11  1  0.1014E-06
 1  1  12  1  0.5219E-07
 1  1  12  1  0.4818E-07
 1  1  12  1  0.8600E-07
 1  1  12  1  0.9143E-07
 1  1  12  1  0.8159E-07
 1  1  12  1  0.8564E-07
 1  1  12  1  0.8085E-07
 1  1  12  1  0.8334E-07
 1  1  12  1  0.8913E-07
 1  1  12  1  0.8237E-07
 1  1  13  1  0.5649E-07
 1  1  13  1  0.5302E-07
 1  1  13  1  0.9192E-07
 1  1  13  1  0.8544E-07
 1  1  13  1  0.9148E-07
 1  1  13  1  0.8924E-07
 1  1  13  1  0.8378E-07
 1  1  13  1  0.8953E-07
 1  1  13  1  0.8877E-07
 1  1  13  1  0.8360E-07
 1  1  14  1  0.5097E-07
 1  1  14  1  0.4868E-07
 1  1  14  1  0.5971E-07
 1  1  14  1  0.6986E-07
 1  1  14  1  0.6997E-07
 1  1  14  1  0.6595E-07
 1  1  14  1  0.7047E-07
 1  1  14  1  0.7093E-07
 1  1  14  1  0.6595E-07
 1  1  14  1  0.6997E-07
 1  1  15  1  0.5750E-07
 1  1  15  1  0.5464E-07
 1  1  15  1  0.5594E-07
 1  1  15  1  0.8197E-07
 1  1  15  1  0.8237E-07
 1  1  15  1  0.8197E-07
 1  1  15  1  0.8237E-07
 1  1  15  1  0.8376E-07
 1  1  15  1  0.8246E-07
 1  1  15  1  0.8246E-07
 1  1  16  1  0.5646E-07
 1  1  16  1  0.5448E-07
 1  1  16  1  0.5489E-07
 1  1  16  1  0.8586E-07
 1  1  16  1  0.8392E-07
 1  1  16  1  0.8586E-07
 1  1  16  1  0.8667E-07
 1  1  16  1  0.8685E-07
 1  1  16  1  0.8642E-07
 1  1  16  1  0.8504E-07
 1  1  17  1  0.7360E-07
 1  1  17  1  0.7152E-07
 1  1  17  1  0.7164E-07
 1  1  17  1  0.9560E-07
 1  1  17  1  0.9371E-07
 1  1  17  1  0.9600E-07
 1  1  17  1  0.9356E-07
 1  1  17  1  0.9607E-07
 1  1  17  1  0.9356E-07
 1  1  17  1  0.9600E-07
 1  1  18  1  0.7187E-07
 1  1  18  1  0.7059E-07
 1  1  18  1  0.7056E-07
 1  1  18  1  0.7364E-07
 1  1  18  1  0.9459E-07
 1  1  18  1  0.9265E-07
 1  1  18  1  0.9281E-07
 1  1  18  1  0.9482E-07
 1  1  18  1  0.9557E-07
 1  1  18  1  0.9448E-07
 1  1  19  1  0.7897E-07
 1  1  19  1  0.7748E-07
 1  1  19  1  0.7782E-07
 1  1  19  1  0.7821E-07
 1  1  19  1  0.1037E-06
 1  1  19  1  0.1032E-06
 1  1  19  1  0.1034E-06
 1  1  19  1  0.1026E-06
 1  1  19  1  0.1034E-06
 1  1  19  1  0.1049E-06
 1  1  20  1  0.7669E-07
 1  1  20  1  0.7619E-07
 1  1  20  1  0.7605E-07
 1  1  20  1  0.7612E-07
 1  1  20  1  0.1008E-06
 1  1  20  1  0.1026E-06
 1  1  20  1  0.1008E-06
 1  1  20  1  0.1027E-06
 1  1  20  1  0.1013E-06
 1  1  20  1  0.1009E-06
