 1  1  3  1  0.1626E-06
 1  1  3  1  0.1574E-06
 1  1  3  1  0.1572E-06
 1  1  3  1  0.1601E-06
 1  1  3  1  0.1561E-06
 1  1  3  1  0.1565E-06
 1  1  3  1  0.1566E-06
 1  1  3  1  0.1558E-06
 1  1  3  1  0.1543E-06
 1  1  3  1  0.1567E-06
 1  1  4  1  0.3179E-06
 1  1  4  1  0.2496E-06
 1  1  4  1  0.2446E-06
 1  1  4  1  0.2558E-06
 1  1  4  1  0.2496E-06
 1  1  4  1  0.2546E-06
 1  1  4  1  0.2446E-06
 1  1  4  1  0.2496E-06
 1  1  4  1  0.2496E-06
 1  1  4  1  0.2446E-06
 1  1  5  1  0.2403E-06
 1  1  5  1  0.1787E-06
 1  1  5  1  0.1812E-06
 1  1  5  1  0.1818E-06
 1  1  5  1  0.2238E-06
 1  1  5  1  0.1812E-06
 1  1  5  1  0.1812E-06
 1  1  5  1  0.1869E-06
 1  1  5  1  0.1812E-06
 1  1  5  1  0.1812E-06
 1  1  6  1  0.1976E-06
 1  1  6  1  0.1280E-06
 1  1  6  1  0.1251E-06
 1  1  6  1  0.1247E-06
 1  1  6  1  0.1251E-06
 1  1  6  1  0.1251E-06
 1  1  6  1  0.1266E-06
 1  1  6  1  0.1556E-06
 1  1  6  1  0.1266E-06
 1  1  6  1  0.1251E-06
 1  1  7  1  0.1216E-06
 1  1  7  1  0.1050E-06
 1  1  7  1  0.1031E-06
 1  1  7  1  0.1022E-06
 1  1  7  1  0.1022E-06
 1  1  7  1  0.1175E-06
 1  1  7  1  0.1059E-06
 1  1  7  1  0.1031E-06
 1  1  7  1  0.1019E-06
 1  1  7  1  0.1022E-06
 1  1  8  1  0.9515E-07
 1  1  8  1  0.8801E-07
 1  1  8  1  0.8723E-07
 1  1  8  1  0.9499E-07
 1  1  8  1  0.8848E-07
 1  1  8  1  0.8848E-07
 1  1  8  1  0.8785E-07
 1  1  8  1  0.8723E-07
 1  1  8  1  0.1060E-06
 1  1  8  1  0.8785E-07
 1  1  9  1  0.7631E-07
 1  1  9  1  0.6628E-07
 1  1  9  1  0.6541E-07
 1  1  9  1  0.7413E-07
 1  1  9  1  0.6497E-07
 1  1  9  1  0.6497E-07
 1  1  9  1  0.6399E-07
 1  1  9  1  0.6399E-07
 1  1  9  1  0.7359E-07
 1  1  9  1  0.6585E-07
 1  1  10  1  0.1040E-06
 1  1  10  1  0.9497E-07
 1  1  10  1  0.1030E-06
 1  1  10  1  0.9402E-07
 1  1  10  1  0.9370E-07
 1  1  10  1  0.1043E-06
 1  1  10  1  0.9402E-07
 1  1  10  1  0.9306E-07
 1  1  10  1  0.1006E-06
 1  1  10  1  0.9362E-07
 1  1  11  1  0.9942E-07
 1  1  11  1  0.9965E-07
 1  1  11  1  0.9291E-07
 1  1  11  1  0.9118E-07
 1  1  11  1  0.9213E-07
 1  1  11  1  0.9118E-07
 1  1  11  1  0.9715E-07
 1  1  11  1  0.9267E-07
 1  1  11  1  0.9792E-07
 1  1  11  1  0.9189E-07
 1  1  12  1  0.8619E-07
 1  1  12  1  0.7736E-07
 1  1  12  1  0.7584E-07
 1  1  12  1  0.7699E-07
 1  1  12  1  0.7579E-07
 1  1  12  1  0.7809E-07
 1  1  12  1  0.7524E-07
 1  1  12  1  0.7639E-07
 1  1  12  1  0.7405E-07
 1  1  12  1  0.8081E-07
 1  1  13  1  0.8725E-07
 1  1  13  1  0.8573E-07
 1  1  13  1  0.8099E-07
 1  1  13  1  0.8161E-07
 1  1  13  1  0.8664E-07
 1  1  13  1  0.7965E-07
 1  1  13  1  0.8555E-07
 1  1  13  1  0.8526E-07
 1  1  13  1  0.8027E-07
 1  1  13  1  0.8407E-07
 1  1  14  1  0.7409E-07
 1  1  14  1  0.7035E-07
 1  1  14  1  0.6473E-07
 1  1  14  1  0.7374E-07
 1  1  14  1  0.7663E-07
 1  1  14  1  0.6586E-07
 1  1  14  1  0.6679E-07
 1  1  14  1  0.7084E-07
 1  1  14  1  0.7044E-07
 1  1  14  1  0.6522E-07
 1  1  15  1  0.8100E-07
 1  1  15  1  0.7674E-07
 1  1  15  1  0.7684E-07
 1  1  15  1  0.7724E-07
 1  1  15  1  0.7596E-07
 1  1  15  1  0.7170E-07
 1  1  15  1  0.7248E-07
 1  1  15  1  0.7634E-07
 1  1  15  1  0.7646E-07
 1  1  15  1  0.7742E-07
 1  1  16  1  0.9057E-07
 1  1  16  1  0.8479E-07
 1  1  16  1  0.8512E-07
 1  1  16  1  0.8504E-07
 1  1  16  1  0.8318E-07
 1  1  16  1  0.8267E-07
 1  1  16  1  0.8300E-07
 1  1  16  1  0.8496E-07
 1  1  16  1  0.8545E-07
 1  1  16  1  0.8479E-07
 1  1  17  1  0.9783E-07
 1  1  17  1  0.9335E-07
 1  1  17  1  0.9560E-07
 1  1  17  1  0.9350E-07
 1  1  17  1  0.9783E-07
 1  1  17  1  0.9261E-07
 1  1  17  1  0.9397E-07
 1  1  17  1  0.9308E-07
 1  1  17  1  0.9342E-07
 1  1  17  1  0.9267E-07
 1  1  18  1  0.9786E-07
 1  1  18  1  0.9533E-07
 1  1  18  1  0.9367E-07
 1  1  18  1  0.9265E-07
 1  1  18  1  0.9281E-07
 1  1  18  1  0.9505E-07
 1  1  18  1  0.9453E-07
 1  1  18  1  0.9276E-07
 1  1  18  1  0.9260E-07
 1  1  18  1  0.9505E-07
 1  1  19  1  0.1062E-06
 1  1  19  1  0.1048E-06
 1  1  19  1  0.1024E-06
 1  1  19  1  0.1036E-06
 1  1  19  1  0.1029E-06
 1  1  19  1  0.1026E-06
 1  1  19  1  0.1024E-06
 1  1  19  1  0.1034E-06
 1  1  19  1  0.1028E-06
 1  1  19  1  0.1024E-06
 1  1  20  1  0.1053E-06
 1  1  20  1  0.1003E-06
 1  1  20  1  0.1027E-06
 1  1  20  1  0.1014E-06
 1  1  20  1  0.1021E-06
 1  1  20  1  0.1011E-06
 1  1  20  1  0.1010E-06
 1  1  20  1  0.1028E-06
 1  1  20  1  0.1005E-06
 1  1  20  1  0.1021E-06
