 1  1  3  1  0.1828E-07
 1  1  3  1  0.1260E-07
 1  1  3  1  0.1222E-07
 1  1  3  1  0.1186E-07
 1  1  3  1  0.1554E-07
 1  1  3  1  0.1198E-07
 1  1  3  1  0.1198E-07
 1  1  3  1  0.1174E-07
 1  1  3  1  0.1171E-07
 1  1  3  1  0.1186E-07
 1  1  4  1  0.2760E-07
 1  1  4  1  0.2870E-07
 1  1  4  1  0.2703E-07
 1  1  4  1  0.2823E-07
 1  1  4  1  0.2791E-07
 1  1  4  1  0.2609E-07
 1  1  4  1  0.2796E-07
 1  1  4  1  0.2671E-07
 1  1  4  1  0.2801E-07
 1  1  4  1  0.2772E-07
 1  1  5  1  0.3205E-07
 1  1  5  1  0.3237E-07
 1  1  5  1  0.3262E-07
 1  1  5  1  0.3208E-07
 1  1  5  1  0.3267E-07
 1  1  5  1  0.3160E-07
 1  1  5  1  0.3195E-07
 1  1  5  1  0.3136E-07
 1  1  5  1  0.3242E-07
 1  1  5  1  0.2954E-07
 1  1  6  1  0.3355E-07
 1  1  6  1  0.3383E-07
 1  1  6  1  0.3424E-07
 1  1  6  1  0.3352E-07
 1  1  6  1  0.3464E-07
 1  1  6  1  0.3256E-07
 1  1  6  1  0.3224E-07
 1  1  6  1  0.3204E-07
 1  1  6  1  0.3196E-07
 1  1  6  1  0.3228E-07
 1  1  7  1  0.3969E-07
 1  1  7  1  0.3884E-07
 1  1  7  1  0.3962E-07
 1  1  7  1  0.3804E-07
 1  1  7  1  0.3799E-07
 1  1  7  1  0.3796E-07
 1  1  7  1  0.3772E-07
 1  1  7  1  0.3834E-07
 1  1  7  1  0.3780E-07
 1  1  7  1  0.3773E-07
 1  1  8  1  0.3913E-07
 1  1  8  1  0.4014E-07
 1  1  8  1  0.3862E-07
 1  1  8  1  0.3831E-07
 1  1  8  1  0.3833E-07
 1  1  8  1  0.3806E-07
 1  1  8  1  0.3813E-07
 1  1  8  1  0.3822E-07
 1  1  8  1  0.3813E-07
 1  1  8  1  0.3806E-07
 1  1  9  1  0.5866E-07
 1  1  9  1  0.5677E-07
 1  1  9  1  0.5670E-07
 1  1  9  1  0.5658E-07
 1  1  9  1  0.5662E-07
 1  1  9  1  0.5656E-07
 1  1  9  1  0.5655E-07
 1  1  9  1  0.5848E-07
 1  1  9  1  0.5690E-07
 1  1  9  1  0.5657E-07
 1  1  10  1  0.5947E-07
 1  1  10  1  0.5922E-07
 1  1  10  1  0.5903E-07
 1  1  10  1  0.5890E-07
 1  1  10  1  0.5892E-07
 1  1  10  1  0.5887E-07
 1  1  10  1  0.5901E-07
 1  1  10  1  0.5893E-07
 1  1  10  1  0.5885E-07
 1  1  10  1  0.5884E-07
 1  1  11  1  0.5962E-07
 1  1  11  1  0.5878E-07
 1  1  11  1  0.5906E-07
 1  1  11  1  0.5871E-07
 1  1  11  1  0.5866E-07
 1  1  11  1  0.5862E-07
 1  1  11  1  0.6136E-07
 1  1  11  1  0.5925E-07
 1  1  11  1  0.5847E-07
 1  1  11  1  0.5840E-07
 1  1  12  1  0.5204E-07
 1  1  12  1  0.5191E-07
 1  1  12  1  0.5175E-07
 1  1  12  1  0.5173E-07
 1  1  12  1  0.5176E-07
 1  1  12  1  0.5169E-07
 1  1  12  1  0.5178E-07
 1  1  12  1  0.5163E-07
 1  1  12  1  0.5169E-07
 1  1  12  1  0.5168E-07
 1  1  13  1  0.6244E-07
 1  1  13  1  0.6138E-07
 1  1  13  1  0.6127E-07
 1  1  13  1  0.6111E-07
 1  1  13  1  0.6122E-07
 1  1  13  1  0.6108E-07
 1  1  13  1  0.6114E-07
 1  1  13  1  0.6115E-07
 1  1  13  1  0.6098E-07
 1  1  13  1  0.6113E-07
 1  1  14  1  0.5450E-07
 1  1  14  1  0.5347E-07
 1  1  14  1  0.5333E-07
 1  1  14  1  0.5337E-07
 1  1  14  1  0.5328E-07
 1  1  14  1  0.5331E-07
 1  1  14  1  0.5330E-07
 1  1  14  1  0.5324E-07
 1  1  14  1  0.5341E-07
 1  1  14  1  0.5325E-07
 1  1  15  1  0.5865E-07
 1  1  15  1  0.5721E-07
 1  1  15  1  0.5734E-07
 1  1  15  1  0.5823E-07
 1  1  15  1  0.5709E-07
 1  1  15  1  0.5710E-07
 1  1  15  1  0.5704E-07
 1  1  15  1  0.5721E-07
 1  1  15  1  0.5711E-07
 1  1  15  1  0.5720E-07
 1  1  16  1  0.5845E-07
 1  1  16  1  0.5811E-07
 1  1  16  1  0.5803E-07
 1  1  16  1  0.5796E-07
 1  1  16  1  0.5818E-07
 1  1  16  1  0.5807E-07
 1  1  16  1  0.5801E-07
 1  1  16  1  0.5832E-07
 1  1  16  1  0.5817E-07
 1  1  16  1  0.5792E-07
 1  1  17  1  0.8064E-07
 1  1  17  1  0.7771E-07
 1  1  17  1  0.7746E-07
 1  1  17  1  0.7741E-07
 1  1  17  1  0.7746E-07
 1  1  17  1  0.7740E-07
 1  1  17  1  0.7754E-07
 1  1  17  1  0.7753E-07
 1  1  17  1  0.7748E-07
 1  1  17  1  0.7734E-07
 1  1  18  1  0.7871E-07
 1  1  18  1  0.7800E-07
 1  1  18  1  0.7799E-07
 1  1  18  1  0.7825E-07
 1  1  18  1  0.7813E-07
 1  1  18  1  0.7820E-07
 1  1  18  1  0.7816E-07
 1  1  18  1  0.7805E-07
 1  1  18  1  0.7808E-07
 1  1  18  1  0.7810E-07
 1  1  19  1  0.8786E-07
 1  1  19  1  0.8738E-07
 1  1  19  1  0.8859E-07
 1  1  19  1  0.8904E-07
 1  1  19  1  0.8906E-07
 1  1  19  1  0.8902E-07
 1  1  19  1  0.8905E-07
 1  1  19  1  0.8900E-07
 1  1  19  1  0.8901E-07
 1  1  19  1  0.8905E-07
 1  1  20  1  0.8508E-07
 1  1  20  1  0.8418E-07
 1  1  20  1  0.8597E-07
 1  1  20  1  0.8657E-07
 1  1  20  1  0.8663E-07
 1  1  20  1  0.8664E-07
 1  1  20  1  0.8659E-07
 1  1  20  1  0.8660E-07
 1  1  20  1  0.8650E-07
 1  1  20  1  0.8648E-07
