 1  4  3  4  0.3584E-06
 1  4  3  4  0.3422E-06
 1  4  3  4  0.3079E-06
 1  4  3  4  0.2857E-06
 1  4  3  4  0.2812E-06
 1  4  3  4  0.2758E-06
 1  4  3  4  0.2943E-06
 1  4  3  4  0.3044E-06
 1  4  3  4  0.2871E-06
 1  4  3  4  0.3158E-06
 1  4  4  4  0.1402E-06
 1  4  4  4  0.1293E-06
 1  4  4  4  0.1268E-06
 1  4  4  4  0.1205E-06
 1  4  4  4  0.1255E-06
 1  4  4  4  0.1251E-06
 1  4  4  4  0.1249E-06
 1  4  4  4  0.1290E-06
 1  4  4  4  0.1321E-06
 1  4  4  4  0.1187E-06
 1  4  5  4  0.1063E-06
 1  4  5  4  0.8289E-07
 1  4  5  4  0.1071E-06
 1  4  5  4  0.8003E-07
 1  4  5  4  0.8427E-07
 1  4  5  4  0.9249E-07
 1  4  5  4  0.8601E-07
 1  4  5  4  0.8554E-07
 1  4  5  4  0.1091E-06
 1  4  5  4  0.7899E-07
 1  4  6  4  0.4836E-07
 1  4  6  4  0.4725E-07
 1  4  6  4  0.4540E-07
 1  4  6  4  0.4350E-07
 1  4  6  4  0.4560E-07
 1  4  6  4  0.4411E-07
 1  4  6  4  0.4505E-07
 1  4  6  4  0.4400E-07
 1  4  6  4  0.4406E-07
 1  4  6  4  0.4387E-07
 1  4  7  4  0.3950E-07
 1  4  7  4  0.3388E-07
 1  4  7  4  0.3351E-07
 1  4  7  4  0.3413E-07
 1  4  7  4  0.3401E-07
 1  4  7  4  0.3513E-07
 1  4  7  4  0.3473E-07
 1  4  7  4  0.3475E-07
 1  4  7  4  0.3372E-07
 1  4  7  4  0.3567E-07
 1  4  8  4  0.2684E-07
 1  4  8  4  0.2471E-07
 1  4  8  4  0.2695E-07
 1  4  8  4  0.2644E-07
 1  4  8  4  0.2545E-07
 1  4  8  4  0.2569E-07
 1  4  8  4  0.2638E-07
 1  4  8  4  0.2486E-07
 1  4  8  4  0.2551E-07
 1  4  8  4  0.2454E-07
 1  4  9  4  0.2601E-07
 1  4  9  4  0.2633E-07
 1  4  9  4  0.2510E-07
 1  4  9  4  0.2625E-07
 1  4  9  4  0.2517E-07
 1  4  9  4  0.2425E-07
 1  4  9  4  0.2470E-07
 1  4  9  4  0.2559E-07
 1  4  9  4  0.2443E-07
 1  4  9  4  0.2652E-07
 1  4  10  4  0.2350E-07
 1  4  10  4  0.2225E-07
 1  4  10  4  0.2221E-07
 1  4  10  4  0.2269E-07
 1  4  10  4  0.2239E-07
 1  4  10  4  0.2308E-07
 1  4  10  4  0.2234E-07
 1  4  10  4  0.2233E-07
 1  4  10  4  0.2321E-07
 1  4  10  4  0.2219E-07
 1  4  11  4  0.2266E-07
 1  4  11  4  0.2054E-07
 1  4  11  4  0.2057E-07
 1  4  11  4  0.2002E-07
 1  4  11  4  0.2072E-07
 1  4  11  4  0.2048E-07
 1  4  11  4  0.2061E-07
 1  4  11  4  0.2031E-07
 1  4  11  4  0.2189E-07
 1  4  11  4  0.2143E-07
 1  4  12  4  0.1891E-07
 1  4  12  4  0.1908E-07
 1  4  12  4  0.1840E-07
 1  4  12  4  0.1889E-07
 1  4  12  4  0.1801E-07
 1  4  12  4  0.1819E-07
 1  4  12  4  0.1826E-07
 1  4  12  4  0.1826E-07
 1  4  12  4  0.1766E-07
 1  4  12  4  0.1799E-07
 1  4  13  4  0.2099E-07
 1  4  13  4  0.1956E-07
 1  4  13  4  0.2040E-07
 1  4  13  4  0.1927E-07
 1  4  13  4  0.1975E-07
 1  4  13  4  0.1906E-07
 1  4  13  4  0.1954E-07
 1  4  13  4  0.1902E-07
 1  4  13  4  0.1956E-07
 1  4  13  4  0.1891E-07
 1  4  14  4  0.1870E-07
 1  4  14  4  0.1785E-07
 1  4  14  4  0.1695E-07
 1  4  14  4  0.1711E-07
 1  4  14  4  0.1832E-07
 1  4  14  4  0.1818E-07
 1  4  14  4  0.1772E-07
 1  4  14  4  0.1737E-07
 1  4  14  4  0.1794E-07
 1  4  14  4  0.1814E-07
 1  4  15  4  0.2361E-07
 1  4  15  4  0.2296E-07
 1  4  15  4  0.2302E-07
 1  4  15  4  0.2301E-07
 1  4  15  4  0.2311E-07
 1  4  15  4  0.2318E-07
 1  4  15  4  0.2289E-07
 1  4  15  4  0.2272E-07
 1  4  15  4  0.2276E-07
 1  4  15  4  0.2272E-07
 1  4  16  4  0.2205E-07
 1  4  16  4  0.2149E-07
 1  4  16  4  0.2169E-07
 1  4  16  4  0.2165E-07
 1  4  16  4  0.2163E-07
 1  4  16  4  0.2157E-07
 1  4  16  4  0.2163E-07
 1  4  16  4  0.2177E-07
 1  4  16  4  0.2164E-07
 1  4  16  4  0.2156E-07
 1  4  17  4  0.2644E-07
 1  4  17  4  0.2610E-07
 1  4  17  4  0.2606E-07
 1  4  17  4  0.2623E-07
 1  4  17  4  0.2613E-07
 1  4  17  4  0.2626E-07
 1  4  17  4  0.2619E-07
 1  4  17  4  0.2599E-07
 1  4  17  4  0.2613E-07
 1  4  17  4  0.2620E-07
 1  4  18  4  0.2627E-07
 1  4  18  4  0.2580E-07
 1  4  18  4  0.2583E-07
 1  4  18  4  0.2588E-07
 1  4  18  4  0.2582E-07
 1  4  18  4  0.2597E-07
 1  4  18  4  0.2583E-07
 1  4  18  4  0.2587E-07
 1  4  18  4  0.2578E-07
 1  4  18  4  0.2583E-07
 1  4  19  4  0.2836E-07
 1  4  19  4  0.2806E-07
 1  4  19  4  0.2808E-07
 1  4  19  4  0.2807E-07
 1  4  19  4  0.2806E-07
 1  4  19  4  0.2809E-07
 1  4  19  4  0.2805E-07
 1  4  19  4  0.2807E-07
 1  4  19  4  0.2804E-07
 1  4  19  4  0.2806E-07
 1  4  20  4  0.2657E-07
 1  4  20  4  0.2635E-07
 1  4  20  4  0.2631E-07
 1  4  20  4  0.2631E-07
 1  4  20  4  0.2639E-07
 1  4  20  4  0.2628E-07
 1  4  20  4  0.2630E-07
 1  4  20  4  0.2634E-07
 1  4  20  4  0.2633E-07
 1  4  20  4  0.2629E-07
