 1  8  3  8  0.1181E-06
 1  8  3  8  0.1122E-06
 1  8  3  8  0.9363E-07
 1  8  3  8  0.1005E-06
 1  8  3  8  0.7211E-07
 1  8  3  8  0.9960E-07
 1  8  3  8  0.9858E-07
 1  8  3  8  0.8984E-07
 1  8  3  8  0.8721E-07
 1  8  3  8  0.8426E-07
 1  8  4  8  0.1312E-06
 1  8  4  8  0.1450E-06
 1  8  4  8  0.1235E-06
 1  8  4  8  0.1356E-06
 1  8  4  8  0.1252E-06
 1  8  4  8  0.1074E-06
 1  8  4  8  0.1274E-06
 1  8  4  8  0.1164E-06
 1  8  4  8  0.1393E-06
 1  8  4  8  0.1322E-06
 1  8  5  8  0.9640E-07
 1  8  5  8  0.1013E-06
 1  8  5  8  0.1111E-06
 1  8  5  8  0.9579E-07
 1  8  5  8  0.1042E-06
 1  8  5  8  0.1002E-06
 1  8  5  8  0.1098E-06
 1  8  5  8  0.1088E-06
 1  8  5  8  0.9905E-07
 1  8  5  8  0.1044E-06
 1  8  6  8  0.7719E-07
 1  8  6  8  0.7441E-07
 1  8  6  8  0.7640E-07
 1  8  6  8  0.7211E-07
 1  8  6  8  0.7238E-07
 1  8  6  8  0.7644E-07
 1  8  6  8  0.7572E-07
 1  8  6  8  0.7383E-07
 1  8  6  8  0.7534E-07
 1  8  6  8  0.7549E-07
 1  8  7  8  0.5120E-07
 1  8  7  8  0.4762E-07
 1  8  7  8  0.5015E-07
 1  8  7  8  0.4900E-07
 1  8  7  8  0.4811E-07
 1  8  7  8  0.4855E-07
 1  8  7  8  0.4968E-07
 1  8  7  8  0.4819E-07
 1  8  7  8  0.4971E-07
 1  8  7  8  0.4969E-07
 1  8  8  8  0.3646E-07
 1  8  8  8  0.3599E-07
 1  8  8  8  0.3464E-07
 1  8  8  8  0.3531E-07
 1  8  8  8  0.3526E-07
 1  8  8  8  0.3566E-07
 1  8  8  8  0.3536E-07
 1  8  8  8  0.3504E-07
 1  8  8  8  0.3538E-07
 1  8  8  8  0.3386E-07
 1  8  9  8  0.2498E-07
 1  8  9  8  0.2518E-07
 1  8  9  8  0.2500E-07
 1  8  9  8  0.2494E-07
 1  8  9  8  0.2528E-07
 1  8  9  8  0.2451E-07
 1  8  9  8  0.2454E-07
 1  8  9  8  0.2459E-07
 1  8  9  8  0.2472E-07
 1  8  9  8  0.2466E-07
 1  8  10  8  0.2114E-07
 1  8  10  8  0.2038E-07
 1  8  10  8  0.2050E-07
 1  8  10  8  0.2063E-07
 1  8  10  8  0.2063E-07
 1  8  10  8  0.2067E-07
 1  8  10  8  0.2000E-07
 1  8  10  8  0.2027E-07
 1  8  10  8  0.2014E-07
 1  8  10  8  0.2051E-07
 1  8  11  8  0.1987E-07
 1  8  11  8  0.1983E-07
 1  8  11  8  0.1983E-07
 1  8  11  8  0.1977E-07
 1  8  11  8  0.1967E-07
 1  8  11  8  0.1984E-07
 1  8  11  8  0.1963E-07
 1  8  11  8  0.1993E-07
 1  8  11  8  0.1958E-07
 1  8  11  8  0.1936E-07
 1  8  12  8  0.1665E-07
 1  8  12  8  0.1588E-07
 1  8  12  8  0.1601E-07
 1  8  12  8  0.1593E-07
 1  8  12  8  0.1592E-07
 1  8  12  8  0.1586E-07
 1  8  12  8  0.1586E-07
 1  8  12  8  0.1613E-07
 1  8  12  8  0.1584E-07
 1  8  12  8  0.1603E-07
 1  8  13  8  0.1519E-07
 1  8  13  8  0.1441E-07
 1  8  13  8  0.1437E-07
 1  8  13  8  0.1430E-07
 1  8  13  8  0.1432E-07
 1  8  13  8  0.1438E-07
 1  8  13  8  0.1443E-07
 1  8  13  8  0.1424E-07
 1  8  13  8  0.1435E-07
 1  8  13  8  0.1425E-07
 1  8  14  8  0.1354E-07
 1  8  14  8  0.1315E-07
 1  8  14  8  0.1307E-07
 1  8  14  8  0.1307E-07
 1  8  14  8  0.1320E-07
 1  8  14  8  0.1306E-07
 1  8  14  8  0.1304E-07
 1  8  14  8  0.1296E-07
 1  8  14  8  0.1308E-07
 1  8  14  8  0.1309E-07
 1  8  15  8  0.1340E-07
 1  8  15  8  0.1291E-07
 1  8  15  8  0.1295E-07
 1  8  15  8  0.1301E-07
 1  8  15  8  0.1290E-07
 1  8  15  8  0.1289E-07
 1  8  15  8  0.1290E-07
 1  8  15  8  0.1295E-07
 1  8  15  8  0.1293E-07
 1  8  15  8  0.1296E-07
 1  8  16  8  0.1271E-07
 1  8  16  8  0.1242E-07
 1  8  16  8  0.1250E-07
 1  8  16  8  0.1245E-07
 1  8  16  8  0.1244E-07
 1  8  16  8  0.1241E-07
 1  8  16  8  0.1242E-07
 1  8  16  8  0.1239E-07
 1  8  16  8  0.1247E-07
 1  8  16  8  0.1251E-07
 1  8  17  8  0.1531E-07
 1  8  17  8  0.1514E-07
 1  8  17  8  0.1510E-07
 1  8  17  8  0.1511E-07
 1  8  17  8  0.1517E-07
 1  8  17  8  0.1519E-07
 1  8  17  8  0.1514E-07
 1  8  17  8  0.1521E-07
 1  8  17  8  0.1517E-07
 1  8  17  8  0.1511E-07
 1  8  18  8  0.1543E-07
 1  8  18  8  0.1518E-07
 1  8  18  8  0.1540E-07
 1  8  18  8  0.1533E-07
 1  8  18  8  0.1524E-07
 1  8  18  8  0.1523E-07
 1  8  18  8  0.1534E-07
 1  8  18  8  0.1526E-07
 1  8  18  8  0.1519E-07
 1  8  18  8  0.1530E-07
 1  8  19  8  0.1612E-07
 1  8  19  8  0.1589E-07
 1  8  19  8  0.1600E-07
 1  8  19  8  0.1598E-07
 1  8  19  8  0.1599E-07
 1  8  19  8  0.1596E-07
 1  8  19  8  0.1596E-07
 1  8  19  8  0.1601E-07
 1  8  19  8  0.1598E-07
 1  8  19  8  0.1599E-07
 1  8  20  8  0.1479E-07
 1  8  20  8  0.1462E-07
 1  8  20  8  0.1460E-07
 1  8  20  8  0.1460E-07
 1  8  20  8  0.1461E-07
 1  8  20  8  0.1461E-07
 1  8  20  8  0.1460E-07
 1  8  20  8  0.1460E-07
 1  8  20  8  0.1463E-07
 1  8  20  8  0.1465E-07
