 1  64  3  64  0.4699E-07
 1  64  3  64  0.4349E-07
 1  64  3  64  0.4271E-07
 1  64  3  64  0.4094E-07
 1  64  3  64  0.4209E-07
 1  64  3  64  0.4107E-07
 1  64  3  64  0.4127E-07
 1  64  3  64  0.4105E-07
 1  64  3  64  0.4176E-07
 1  64  3  64  0.4117E-07
 1  64  4  64  0.2107E-07
 1  64  4  64  0.1882E-07
 1  64  4  64  0.1874E-07
 1  64  4  64  0.1893E-07
 1  64  4  64  0.1852E-07
 1  64  4  64  0.1870E-07
 1  64  4  64  0.1844E-07
 1  64  4  64  0.1890E-07
 1  64  4  64  0.1854E-07
 1  64  4  64  0.1843E-07
 1  64  5  64  0.1181E-07
 1  64  5  64  0.1052E-07
 1  64  5  64  0.1066E-07
 1  64  5  64  0.1047E-07
 1  64  5  64  0.1046E-07
 1  64  5  64  0.1057E-07
 1  64  5  64  0.1051E-07
 1  64  5  64  0.1046E-07
 1  64  5  64  0.1054E-07
 1  64  5  64  0.1039E-07
 1  64  6  64  0.7709E-08
 1  64  6  64  0.6926E-08
 1  64  6  64  0.6833E-08
 1  64  6  64  0.6941E-08
 1  64  6  64  0.6890E-08
 1  64  6  64  0.6802E-08
 1  64  6  64  0.6876E-08
 1  64  6  64  0.6834E-08
 1  64  6  64  0.6854E-08
 1  64  6  64  0.6807E-08
 1  64  7  64  0.5608E-08
 1  64  7  64  0.4986E-08
 1  64  7  64  0.4872E-08
 1  64  7  64  0.4901E-08
 1  64  7  64  0.4864E-08
 1  64  7  64  0.4838E-08
 1  64  7  64  0.4859E-08
 1  64  7  64  0.4860E-08
 1  64  7  64  0.4852E-08
 1  64  7  64  0.4866E-08
 1  64  8  64  0.4247E-08
 1  64  8  64  0.3924E-08
 1  64  8  64  0.3847E-08
 1  64  8  64  0.3891E-08
 1  64  8  64  0.3868E-08
 1  64  8  64  0.3859E-08
 1  64  8  64  0.3867E-08
 1  64  8  64  0.3884E-08
 1  64  8  64  0.3859E-08
 1  64  8  64  0.3903E-08
 1  64  9  64  0.3906E-08
 1  64  9  64  0.3647E-08
 1  64  9  64  0.3469E-08
 1  64  9  64  0.3458E-08
 1  64  9  64  0.3510E-08
 1  64  9  64  0.3613E-08
 1  64  9  64  0.3447E-08
 1  64  9  64  0.3462E-08
 1  64  9  64  0.3643E-08
 1  64  9  64  0.3443E-08
 1  64  10  64  0.3343E-08
 1  64  10  64  0.3030E-08
 1  64  10  64  0.2982E-08
 1  64  10  64  0.3049E-08
 1  64  10  64  0.2992E-08
 1  64  10  64  0.3014E-08
 1  64  10  64  0.3005E-08
 1  64  10  64  0.3002E-08
 1  64  10  64  0.3013E-08
 1  64  10  64  0.2997E-08
 1  64  11  64  0.3490E-08
 1  64  11  64  0.3189E-08
 1  64  11  64  0.3196E-08
 1  64  11  64  0.3183E-08
 1  64  11  64  0.3196E-08
 1  64  11  64  0.3202E-08
 1  64  11  64  0.3200E-08
 1  64  11  64  0.3188E-08
 1  64  11  64  0.3184E-08
 1  64  11  64  0.3184E-08
 1  64  12  64  0.3452E-08
 1  64  12  64  0.3262E-08
 1  64  12  64  0.3245E-08
 1  64  12  64  0.3259E-08
 1  64  12  64  0.3262E-08
 1  64  12  64  0.3257E-08
 1  64  12  64  0.3239E-08
 1  64  12  64  0.3265E-08
 1  64  12  64  0.3254E-08
 1  64  12  64  0.3272E-08
 1  64  13  64  0.3751E-08
 1  64  13  64  0.3531E-08
 1  64  13  64  0.3543E-08
 1  64  13  64  0.3533E-08
 1  64  13  64  0.3543E-08
 1  64  13  64  0.3522E-08
 1  64  13  64  0.3538E-08
 1  64  13  64  0.3525E-08
 1  64  13  64  0.3534E-08
 1  64  13  64  0.3536E-08
 1  64  14  64  0.3560E-08
 1  64  14  64  0.3401E-08
 1  64  14  64  0.3405E-08
 1  64  14  64  0.3397E-08
 1  64  14  64  0.3393E-08
 1  64  14  64  0.3400E-08
 1  64  14  64  0.3386E-08
 1  64  14  64  0.3386E-08
 1  64  14  64  0.3394E-08
 1  64  14  64  0.3385E-08
 1  64  15  64  0.3300E-08
 1  64  15  64  0.3185E-08
 1  64  15  64  0.3182E-08
 1  64  15  64  0.3178E-08
 1  64  15  64  0.3198E-08
 1  64  15  64  0.3178E-08
 1  64  15  64  0.3190E-08
 1  64  15  64  0.3184E-08
 1  64  15  64  0.3195E-08
 1  64  15  64  0.3180E-08
 1  64  16  64  0.3134E-08
 1  64  16  64  0.2975E-08
 1  64  16  64  0.2972E-08
 1  64  16  64  0.2973E-08
 1  64  16  64  0.2959E-08
 1  64  16  64  0.2967E-08
 1  64  16  64  0.2956E-08
 1  64  16  64  0.2965E-08
 1  64  16  64  0.2974E-08
 1  64  16  64  0.2970E-08
 1  64  17  64  0.3070E-08
 1  64  17  64  0.3025E-08
 1  64  17  64  0.3045E-08
 1  64  17  64  0.3024E-08
 1  64  17  64  0.3034E-08
 1  64  17  64  0.3036E-08
 1  64  17  64  0.3034E-08
 1  64  17  64  0.3033E-08
 1  64  17  64  0.3018E-08
 1  64  17  64  0.3016E-08
 1  64  18  64  0.3062E-08
 1  64  18  64  0.2938E-08
 1  64  18  64  0.2927E-08
 1  64  18  64  0.2948E-08
 1  64  18  64  0.2933E-08
 1  64  18  64  0.2937E-08
 1  64  18  64  0.2927E-08
 1  64  18  64  0.2957E-08
 1  64  18  64  0.2927E-08
 1  64  18  64  0.2933E-08
 1  64  19  64  0.2997E-08
 1  64  19  64  0.2887E-08
 1  64  19  64  0.2875E-08
 1  64  19  64  0.2880E-08
 1  64  19  64  0.2878E-08
 1  64  19  64  0.2890E-08
 1  64  19  64  0.2891E-08
 1  64  19  64  0.2894E-08
 1  64  19  64  0.2888E-08
 1  64  19  64  0.2876E-08
 1  64  20  64  0.2835E-08
 1  64  20  64  0.2764E-08
 1  64  20  64  0.2767E-08
 1  64  20  64  0.2764E-08
 1  64  20  64  0.2754E-08
 1  64  20  64  0.2752E-08
 1  64  20  64  0.2743E-08
 1  64  20  64  0.2750E-08
 1  64  20  64  0.2759E-08
 1  64  20  64  0.2744E-08
