 1  2  3  2  0.3502E-06
 1  2  3  2  0.3460E-06
 1  2  3  2  0.3510E-06
 1  2  3  2  0.3417E-06
 1  2  3  2  0.3402E-06
 1  2  3  2  0.3409E-06
 1  2  3  2  0.3412E-06
 1  2  3  2  0.3386E-06
 1  2  3  2  0.3358E-06
 1  2  3  2  0.3353E-06
 1  2  4  2  0.2642E-06
 1  2  4  2  0.2601E-06
 1  2  4  2  0.2641E-06
 1  2  4  2  0.2584E-06
 1  2  4  2  0.2636E-06
 1  2  4  2  0.2574E-06
 1  2  4  2  0.2578E-06
 1  2  4  2  0.2595E-06
 1  2  4  2  0.2634E-06
 1  2  4  2  0.2586E-06
 1  2  5  2  0.1584E-06
 1  2  5  2  0.1570E-06
 1  2  5  2  0.1578E-06
 1  2  5  2  0.1571E-06
 1  2  5  2  0.1551E-06
 1  2  5  2  0.1549E-06
 1  2  5  2  0.1560E-06
 1  2  5  2  0.1547E-06
 1  2  5  2  0.1537E-06
 1  2  5  2  0.1537E-06
 1  2  6  2  0.1066E-06
 1  2  6  2  0.1043E-06
 1  2  6  2  0.1027E-06
 1  2  6  2  0.1025E-06
 1  2  6  2  0.1026E-06
 1  2  6  2  0.1025E-06
 1  2  6  2  0.1019E-06
 1  2  6  2  0.1022E-06
 1  2  6  2  0.1020E-06
 1  2  6  2  0.1018E-06
 1  2  7  2  0.7702E-07
 1  2  7  2  0.7592E-07
 1  2  7  2  0.7578E-07
 1  2  7  2  0.7574E-07
 1  2  7  2  0.7520E-07
 1  2  7  2  0.7810E-07
 1  2  7  2  0.7493E-07
 1  2  7  2  0.7404E-07
 1  2  7  2  0.7447E-07
 1  2  7  2  0.7423E-07
 1  2  8  2  0.5920E-07
 1  2  8  2  0.5842E-07
 1  2  8  2  0.5892E-07
 1  2  8  2  0.5857E-07
 1  2  8  2  0.5848E-07
 1  2  8  2  0.5832E-07
 1  2  8  2  0.5831E-07
 1  2  8  2  0.5833E-07
 1  2  8  2  0.5870E-07
 1  2  8  2  0.5815E-07
 1  2  9  2  0.5160E-07
 1  2  9  2  0.4973E-07
 1  2  9  2  0.4959E-07
 1  2  9  2  0.4968E-07
 1  2  9  2  0.4953E-07
 1  2  9  2  0.4994E-07
 1  2  9  2  0.4965E-07
 1  2  9  2  0.4934E-07
 1  2  9  2  0.4948E-07
 1  2  9  2  0.4930E-07
 1  2  10  2  0.4752E-07
 1  2  10  2  0.4721E-07
 1  2  10  2  0.4699E-07
 1  2  10  2  0.4779E-07
 1  2  10  2  0.4720E-07
 1  2  10  2  0.4690E-07
 1  2  10  2  0.4698E-07
 1  2  10  2  0.4681E-07
 1  2  10  2  0.4714E-07
 1  2  10  2  0.4697E-07
 1  2  11  2  0.5444E-07
 1  2  11  2  0.5122E-07
 1  2  11  2  0.5473E-07
 1  2  11  2  0.5165E-07
 1  2  11  2  0.5310E-07
 1  2  11  2  0.5282E-07
 1  2  11  2  0.5352E-07
 1  2  11  2  0.5181E-07
 1  2  11  2  0.5145E-07
 1  2  11  2  0.5299E-07
 1  2  12  2  0.4032E-07
 1  2  12  2  0.3758E-07
 1  2  12  2  0.3742E-07
 1  2  12  2  0.3714E-07
 1  2  12  2  0.3730E-07
 1  2  12  2  0.3739E-07
 1  2  12  2  0.3740E-07
 1  2  12  2  0.3739E-07
 1  2  12  2  0.3704E-07
 1  2  12  2  0.3727E-07
 1  2  13  2  0.4169E-07
 1  2  13  2  0.3919E-07
 1  2  13  2  0.3872E-07
 1  2  13  2  0.3884E-07
 1  2  13  2  0.3896E-07
 1  2  13  2  0.3884E-07
 1  2  13  2  0.3860E-07
 1  2  13  2  0.3871E-07
 1  2  13  2  0.3872E-07
 1  2  13  2  0.3874E-07
 1  2  14  2  0.4476E-07
 1  2  14  2  0.4042E-07
 1  2  14  2  0.4067E-07
 1  2  14  2  0.4023E-07
 1  2  14  2  0.4064E-07
 1  2  14  2  0.4046E-07
 1  2  14  2  0.4092E-07
 1  2  14  2  0.4055E-07
 1  2  14  2  0.4073E-07
 1  2  14  2  0.4113E-07
 1  2  15  2  0.5083E-07
 1  2  15  2  0.4841E-07
 1  2  15  2  0.4818E-07
 1  2  15  2  0.4847E-07
 1  2  15  2  0.4875E-07
 1  2  15  2  0.4846E-07
 1  2  15  2  0.4824E-07
 1  2  15  2  0.4873E-07
 1  2  15  2  0.4813E-07
 1  2  15  2  0.4801E-07
 1  2  16  2  0.5236E-07
 1  2  16  2  0.5036E-07
 1  2  16  2  0.5042E-07
 1  2  16  2  0.5046E-07
 1  2  16  2  0.5043E-07
 1  2  16  2  0.5034E-07
 1  2  16  2  0.5036E-07
 1  2  16  2  0.5030E-07
 1  2  16  2  0.5046E-07
 1  2  16  2  0.5042E-07
 1  2  17  2  0.5898E-07
 1  2  17  2  0.5718E-07
 1  2  17  2  0.5700E-07
 1  2  17  2  0.5706E-07
 1  2  17  2  0.5705E-07
 1  2  17  2  0.5708E-07
 1  2  17  2  0.5705E-07
 1  2  17  2  0.5700E-07
 1  2  17  2  0.5707E-07
 1  2  17  2  0.5706E-07
 1  2  18  2  0.5702E-07
 1  2  18  2  0.5599E-07
 1  2  18  2  0.5594E-07
 1  2  18  2  0.5590E-07
 1  2  18  2  0.5583E-07
 1  2  18  2  0.5589E-07
 1  2  18  2  0.5586E-07
 1  2  18  2  0.5587E-07
 1  2  18  2  0.5588E-07
 1  2  18  2  0.5588E-07
 1  2  19  2  0.5816E-07
 1  2  19  2  0.5721E-07
 1  2  19  2  0.5728E-07
 1  2  19  2  0.5724E-07
 1  2  19  2  0.5726E-07
 1  2  19  2  0.5766E-07
 1  2  19  2  0.5766E-07
 1  2  19  2  0.5754E-07
 1  2  19  2  0.5758E-07
 1  2  19  2  0.5762E-07
 1  2  20  2  0.5263E-07
 1  2  20  2  0.5193E-07
 1  2  20  2  0.5189E-07
 1  2  20  2  0.5192E-07
 1  2  20  2  0.5193E-07
 1  2  20  2  0.5194E-07
 1  2  20  2  0.5189E-07
 1  2  20  2  0.5198E-07
 1  2  20  2  0.5207E-07
 1  2  20  2  0.5185E-07
