 1  32  3  32  0.2732E-06
 1  32  3  32  0.5712E-07
 1  32  3  32  0.5252E-07
 1  32  3  32  0.5519E-07
 1  32  3  32  0.5243E-07
 1  32  3  32  0.5280E-07
 1  32  3  32  0.5252E-07
 1  32  3  32  0.5409E-07
 1  32  3  32  0.6834E-07
 1  32  3  32  0.5252E-07
 1  32  4  32  0.7551E-07
 1  32  4  32  0.2573E-07
 1  32  4  32  0.2359E-07
 1  32  4  32  0.2247E-07
 1  32  4  32  0.2340E-07
 1  32  4  32  0.2507E-07
 1  32  4  32  0.2390E-07
 1  32  4  32  0.2394E-07
 1  32  4  32  0.2297E-07
 1  32  4  32  0.2293E-07
 1  32  5  32  0.5474E-07
 1  32  5  32  0.1409E-07
 1  32  5  32  0.1343E-07
 1  32  5  32  0.1349E-07
 1  32  5  32  0.1315E-07
 1  32  5  32  0.1301E-07
 1  32  5  32  0.1333E-07
 1  32  5  32  0.1325E-07
 1  32  5  32  0.1609E-07
 1  32  5  32  0.1367E-07
 1  32  6  32  0.3196E-07
 1  32  6  32  0.8922E-08
 1  32  6  32  0.9256E-08
 1  32  6  32  0.8531E-08
 1  32  6  32  0.8439E-08
 1  32  6  32  0.8773E-08
 1  32  6  32  0.8393E-08
 1  32  6  32  0.9405E-08
 1  32  6  32  0.9313E-08
 1  32  6  32  0.8784E-08
 1  32  7  32  0.2317E-07
 1  32  7  32  0.7472E-08
 1  32  7  32  0.5706E-08
 1  32  7  32  0.5706E-08
 1  32  7  32  0.5677E-08
 1  32  7  32  0.6350E-08
 1  32  7  32  0.5684E-08
 1  32  7  32  0.5648E-08
 1  32  7  32  0.5561E-08
 1  32  7  32  0.8167E-08
 1  32  8  32  0.1654E-07
 1  32  8  32  0.4763E-08
 1  32  8  32  0.4414E-08
 1  32  8  32  0.5147E-08
 1  32  8  32  0.4332E-08
 1  32  8  32  0.4477E-08
 1  32  8  32  0.4783E-08
 1  32  8  32  0.4497E-08
 1  32  8  32  0.4516E-08
 1  32  8  32  0.4351E-08
 1  32  9  32  0.1699E-07
 1  32  9  32  0.4187E-08
 1  32  9  32  0.4143E-08
 1  32  9  32  0.4061E-08
 1  32  9  32  0.5274E-08
 1  32  9  32  0.5304E-08
 1  32  9  32  0.5846E-08
 1  32  9  32  0.5573E-08
 1  32  9  32  0.6371E-08
 1  32  9  32  0.6132E-08
 1  32  10  32  0.1120E-07
 1  32  10  32  0.4905E-08
 1  32  10  32  0.5051E-08
 1  32  10  32  0.4758E-08
 1  32  10  32  0.6040E-08
 1  32  10  32  0.6594E-08
 1  32  10  32  0.6447E-08
 1  32  10  32  0.6457E-08
 1  32  10  32  0.6614E-08
 1  32  10  32  0.6676E-08
 1  32  11  32  0.2560E-08
 1  32  11  32  0.2378E-08
 1  32  11  32  0.2404E-08
 1  32  11  32  0.2378E-08
 1  32  11  32  0.2355E-08
 1  32  11  32  0.2353E-08
 1  32  11  32  0.2381E-08
 1  32  11  32  0.2357E-08
 1  32  11  32  0.2394E-08
 1  32  11  32  0.2456E-08
 1  32  12  32  0.2327E-08
 1  32  12  32  0.2266E-08
 1  32  12  32  0.2337E-08
 1  32  12  32  0.2253E-08
 1  32  12  32  0.2255E-08
 1  32  12  32  0.2252E-08
 1  32  12  32  0.2248E-08
 1  32  12  32  0.2259E-08
 1  32  12  32  0.2256E-08
 1  32  12  32  0.2276E-08
 1  32  13  32  0.2503E-08
 1  32  13  32  0.2496E-08
 1  32  13  32  0.2468E-08
 1  32  13  32  0.2466E-08
 1  32  13  32  0.2466E-08
 1  32  13  32  0.2440E-08
 1  32  13  32  0.2469E-08
 1  32  13  32  0.2529E-08
 1  32  13  32  0.2471E-08
 1  32  13  32  0.2458E-08
 1  32  14  32  0.2493E-08
 1  32  14  32  0.2456E-08
 1  32  14  32  0.2460E-08
 1  32  14  32  0.2480E-08
 1  32  14  32  0.2472E-08
 1  32  14  32  0.2468E-08
 1  32  14  32  0.2444E-08
 1  32  14  32  0.2447E-08
 1  32  14  32  0.2439E-08
 1  32  14  32  0.2445E-08
 1  32  15  32  0.2796E-08
 1  32  15  32  0.2753E-08
 1  32  15  32  0.2741E-08
 1  32  15  32  0.2758E-08
 1  32  15  32  0.2753E-08
 1  32  15  32  0.2756E-08
 1  32  15  32  0.2749E-08
 1  32  15  32  0.2749E-08
 1  32  15  32  0.2756E-08
 1  32  15  32  0.2746E-08
 1  32  16  32  0.2818E-08
 1  32  16  32  0.2796E-08
 1  32  16  32  0.2792E-08
 1  32  16  32  0.2795E-08
 1  32  16  32  0.2794E-08
 1  32  16  32  0.2792E-08
 1  32  16  32  0.2800E-08
 1  32  16  32  0.2797E-08
 1  32  16  32  0.2795E-08
 1  32  16  32  0.2796E-08
 1  32  17  32  0.3207E-08
 1  32  17  32  0.3192E-08
 1  32  17  32  0.3196E-08
 1  32  17  32  0.3206E-08
 1  32  17  32  0.3190E-08
 1  32  17  32  0.3199E-08
 1  32  17  32  0.3207E-08
 1  32  17  32  0.3210E-08
 1  32  17  32  0.3198E-08
 1  32  17  32  0.3200E-08
 1  32  18  32  0.3093E-08
 1  32  18  32  0.3075E-08
 1  32  18  32  0.3075E-08
 1  32  18  32  0.3068E-08
 1  32  18  32  0.3077E-08
 1  32  18  32  0.3081E-08
 1  32  18  32  0.3086E-08
 1  32  18  32  0.3076E-08
 1  32  18  32  0.3078E-08
 1  32  18  32  0.3082E-08
 1  32  19  32  0.3105E-08
 1  32  19  32  0.3092E-08
 1  32  19  32  0.3085E-08
 1  32  19  32  0.3080E-08
 1  32  19  32  0.3081E-08
 1  32  19  32  0.3095E-08
 1  32  19  32  0.3083E-08
 1  32  19  32  0.3082E-08
 1  32  19  32  0.3078E-08
 1  32  19  32  0.3081E-08
 1  32  20  32  0.3000E-08
 1  32  20  32  0.2993E-08
 1  32  20  32  0.2994E-08
 1  32  20  32  0.2990E-08
 1  32  20  32  0.2994E-08
 1  32  20  32  0.2990E-08
 1  32  20  32  0.2991E-08
 1  32  20  32  0.2988E-08
 1  32  20  32  0.2990E-08
 1  32  20  32  0.2992E-08
