 1  64  3  64  0.3457E-06
 1  64  3  64  0.2543E-07
 1  64  3  64  0.2874E-07
 1  64  3  64  0.3569E-07
 1  64  3  64  0.2856E-07
 1  64  3  64  0.2851E-07
 1  64  3  64  0.2700E-07
 1  64  3  64  0.3569E-07
 1  64  3  64  0.2741E-07
 1  64  3  64  0.2488E-07
 1  64  4  64  0.2479E-06
 1  64  4  64  0.1213E-07
 1  64  4  64  0.1327E-07
 1  64  4  64  0.1383E-07
 1  64  4  64  0.1228E-07
 1  64  4  64  0.1228E-07
 1  64  4  64  0.1228E-07
 1  64  4  64  0.1131E-07
 1  64  4  64  0.1480E-07
 1  64  4  64  0.1164E-07
 1  64  5  64  0.1165E-06
 1  64  5  64  0.8831E-08
 1  64  5  64  0.1062E-07
 1  64  5  64  0.8663E-08
 1  64  5  64  0.7788E-08
 1  64  5  64  0.9209E-08
 1  64  5  64  0.7540E-08
 1  64  5  64  0.8206E-08
 1  64  5  64  0.7421E-08
 1  64  5  64  0.9875E-08
 1  64  6  64  0.6382E-07
 1  64  6  64  0.4852E-08
 1  64  6  64  0.7284E-08
 1  64  6  64  0.6634E-08
 1  64  6  64  0.6778E-08
 1  64  6  64  0.6364E-08
 1  64  6  64  0.6922E-08
 1  64  6  64  0.6508E-08
 1  64  6  64  0.4651E-08
 1  64  6  64  0.5956E-08
 1  64  7  64  0.3479E-07
 1  64  7  64  0.4982E-08
 1  64  7  64  0.4616E-08
 1  64  7  64  0.4674E-08
 1  64  7  64  0.5010E-08
 1  64  7  64  0.4116E-08
 1  64  7  64  0.5130E-08
 1  64  7  64  0.4934E-08
 1  64  7  64  0.4706E-08
 1  64  7  64  0.4967E-08
 1  64  8  64  0.2082E-07
 1  64  8  64  0.3956E-08
 1  64  8  64  0.3519E-08
 1  64  8  64  0.3888E-08
 1  64  8  64  0.3267E-08
 1  64  8  64  0.3560E-08
 1  64  8  64  0.3408E-08
 1  64  8  64  0.3235E-08
 1  64  8  64  0.3602E-08
 1  64  8  64  0.3284E-08
 1  64  9  64  0.1608E-08
 1  64  9  64  0.1228E-08
 1  64  9  64  0.1241E-08
 1  64  9  64  0.1203E-08
 1  64  9  64  0.1204E-08
 1  64  9  64  0.1197E-08
 1  64  9  64  0.1215E-08
 1  64  9  64  0.1206E-08
 1  64  9  64  0.1204E-08
 1  64  9  64  0.1212E-08
 1  64  10  64  0.1606E-08
 1  64  10  64  0.1459E-08
 1  64  10  64  0.1503E-08
 1  64  10  64  0.1480E-08
 1  64  10  64  0.1457E-08
 1  64  10  64  0.1465E-08
 1  64  10  64  0.1465E-08
 1  64  10  64  0.1479E-08
 1  64  10  64  0.1457E-08
 1  64  10  64  0.1464E-08
 1  64  11  64  0.1678E-08
 1  64  11  64  0.1487E-08
 1  64  11  64  0.1461E-08
 1  64  11  64  0.1463E-08
 1  64  11  64  0.1462E-08
 1  64  11  64  0.1456E-08
 1  64  11  64  0.1487E-08
 1  64  11  64  0.1484E-08
 1  64  11  64  0.1488E-08
 1  64  11  64  0.1474E-08
 1  64  12  64  0.1519E-08
 1  64  12  64  0.1448E-08
 1  64  12  64  0.1443E-08
 1  64  12  64  0.1451E-08
 1  64  12  64  0.1473E-08
 1  64  12  64  0.1450E-08
 1  64  12  64  0.1445E-08
 1  64  12  64  0.1441E-08
 1  64  12  64  0.1462E-08
 1  64  12  64  0.1464E-08
 1  64  13  64  0.1712E-08
 1  64  13  64  0.1631E-08
 1  64  13  64  0.1636E-08
 1  64  13  64  0.1635E-08
 1  64  13  64  0.1631E-08
 1  64  13  64  0.1627E-08
 1  64  13  64  0.1631E-08
 1  64  13  64  0.1632E-08
 1  64  13  64  0.1636E-08
 1  64  13  64  0.1633E-08
 1  64  14  64  0.1667E-08
 1  64  14  64  0.1629E-08
 1  64  14  64  0.1617E-08
 1  64  14  64  0.1595E-08
 1  64  14  64  0.1606E-08
 1  64  14  64  0.1598E-08
 1  64  14  64  0.1604E-08
 1  64  14  64  0.1604E-08
 1  64  14  64  0.1600E-08
 1  64  14  64  0.1595E-08
 1  64  15  64  0.1732E-08
 1  64  15  64  0.1684E-08
 1  64  15  64  0.1683E-08
 1  64  15  64  0.1684E-08
 1  64  15  64  0.1676E-08
 1  64  15  64  0.1666E-08
 1  64  15  64  0.1673E-08
 1  64  15  64  0.1674E-08
 1  64  15  64  0.1670E-08
 1  64  15  64  0.1666E-08
 1  64  16  64  0.2312E-08
 1  64  16  64  0.2257E-08
 1  64  16  64  0.2295E-08
 1  64  16  64  0.2267E-08
 1  64  16  64  0.2290E-08
 1  64  16  64  0.2271E-08
 1  64  16  64  0.2269E-08
 1  64  16  64  0.2284E-08
 1  64  16  64  0.2276E-08
 1  64  16  64  0.2282E-08
 1  64  17  64  0.1953E-08
 1  64  17  64  0.2072E-08
 1  64  17  64  0.2094E-08
 1  64  17  64  0.2087E-08
 1  64  17  64  0.2091E-08
 1  64  17  64  0.1935E-08
 1  64  17  64  0.1922E-08
 1  64  17  64  0.1921E-08
 1  64  17  64  0.1924E-08
 1  64  17  64  0.1930E-08
 1  64  18  64  0.1823E-08
 1  64  18  64  0.1802E-08
 1  64  18  64  0.1803E-08
 1  64  18  64  0.1804E-08
 1  64  18  64  0.1802E-08
 1  64  18  64  0.1801E-08
 1  64  18  64  0.1811E-08
 1  64  18  64  0.1803E-08
 1  64  18  64  0.1804E-08
 1  64  18  64  0.1799E-08
 1  64  19  64  0.1904E-08
 1  64  19  64  0.1880E-08
 1  64  19  64  0.1876E-08
 1  64  19  64  0.1872E-08
 1  64  19  64  0.1879E-08
 1  64  19  64  0.1873E-08
 1  64  19  64  0.1878E-08
 1  64  19  64  0.1874E-08
 1  64  19  64  0.1880E-08
 1  64  19  64  0.1882E-08
 1  64  20  64  0.1850E-08
 1  64  20  64  0.1838E-08
 1  64  20  64  0.1830E-08
 1  64  20  64  0.1823E-08
 1  64  20  64  0.1813E-08
 1  64  20  64  0.1822E-08
 1  64  20  64  0.1813E-08
 1  64  20  64  0.1822E-08
 1  64  20  64  0.1816E-08
 1  64  20  64  0.1814E-08
