 1  8  3  8  0.3687E-06
 1  8  3  8  0.3241E-06
 1  8  3  8  0.2763E-06
 1  8  3  8  0.2715E-06
 1  8  3  8  0.2667E-06
 1  8  3  8  0.3333E-06
 1  8  3  8  0.3146E-06
 1  8  3  8  0.3333E-06
 1  8  3  8  0.3194E-06
 1  8  3  8  0.3164E-06
 1  8  4  8  0.2182E-06
 1  8  4  8  0.1229E-06
 1  8  4  8  0.6581E-07
 1  8  4  8  0.5852E-07
 1  8  4  8  0.1484E-06
 1  8  4  8  0.1301E-06
 1  8  4  8  0.6380E-07
 1  8  4  8  0.1172E-06
 1  8  4  8  0.1049E-06
 1  8  4  8  0.1386E-06
 1  8  5  8  0.1090E-06
 1  8  5  8  0.7796E-07
 1  8  5  8  0.9235E-07
 1  8  5  8  0.7868E-07
 1  8  5  8  0.8202E-07
 1  8  5  8  0.9100E-07
 1  8  5  8  0.8432E-07
 1  8  5  8  0.7033E-07
 1  8  5  8  0.4896E-07
 1  8  5  8  0.8567E-07
 1  8  6  8  0.7253E-07
 1  8  6  8  0.4976E-07
 1  8  6  8  0.4806E-07
 1  8  6  8  0.4765E-07
 1  8  6  8  0.4627E-07
 1  8  6  8  0.5128E-07
 1  8  6  8  0.4958E-07
 1  8  6  8  0.4052E-07
 1  8  6  8  0.3316E-07
 1  8  6  8  0.4167E-07
 1  8  7  8  0.4860E-07
 1  8  7  8  0.2963E-07
 1  8  7  8  0.3475E-07
 1  8  7  8  0.3331E-07
 1  8  7  8  0.3267E-07
 1  8  7  8  0.3012E-07
 1  8  7  8  0.3898E-07
 1  8  7  8  0.3157E-07
 1  8  7  8  0.3001E-07
 1  8  7  8  0.3533E-07
 1  8  8  8  0.3052E-07
 1  8  8  8  0.2586E-07
 1  8  8  8  0.2313E-07
 1  8  8  8  0.2532E-07
 1  8  8  8  0.2621E-07
 1  8  8  8  0.2507E-07
 1  8  8  8  0.2326E-07
 1  8  8  8  0.2425E-07
 1  8  8  8  0.2530E-07
 1  8  8  8  0.2270E-07
 1  8  9  8  0.2738E-07
 1  8  9  8  0.2097E-07
 1  8  9  8  0.2045E-07
 1  8  9  8  0.1487E-07
 1  8  9  8  0.1732E-07
 1  8  9  8  0.1818E-07
 1  8  9  8  0.1761E-07
 1  8  9  8  0.1777E-07
 1  8  9  8  0.1897E-07
 1  8  9  8  0.1652E-07
 1  8  10  8  0.2596E-07
 1  8  10  8  0.2049E-07
 1  8  10  8  0.2041E-07
 1  8  10  8  0.1900E-07
 1  8  10  8  0.1916E-07
 1  8  10  8  0.1967E-07
 1  8  10  8  0.1838E-07
 1  8  10  8  0.1983E-07
 1  8  10  8  0.1880E-07
 1  8  10  8  0.2013E-07
 1  8  11  8  0.8602E-08
 1  8  11  8  0.8814E-08
 1  8  11  8  0.8990E-08
 1  8  11  8  0.9112E-08
 1  8  11  8  0.8947E-08
 1  8  11  8  0.9191E-08
 1  8  11  8  0.9253E-08
 1  8  11  8  0.8721E-08
 1  8  11  8  0.9303E-08
 1  8  11  8  0.9133E-08
 1  8  12  8  0.8302E-08
 1  8  12  8  0.8403E-08
 1  8  12  8  0.7925E-08
 1  8  12  8  0.8320E-08
 1  8  12  8  0.8183E-08
 1  8  12  8  0.7889E-08
 1  8  12  8  0.8409E-08
 1  8  12  8  0.8314E-08
 1  8  12  8  0.8268E-08
 1  8  12  8  0.8603E-08
 1  8  13  8  0.1752E-07
 1  8  13  8  0.1386E-07
 1  8  13  8  0.1380E-07
 1  8  13  8  0.1347E-07
 1  8  13  8  0.1331E-07
 1  8  13  8  0.1329E-07
 1  8  13  8  0.1349E-07
 1  8  13  8  0.1343E-07
 1  8  13  8  0.1344E-07
 1  8  13  8  0.1377E-07
 1  8  14  8  0.8112E-08
 1  8  14  8  0.8003E-08
 1  8  14  8  0.7862E-08
 1  8  14  8  0.7935E-08
 1  8  14  8  0.7874E-08
 1  8  14  8  0.7857E-08
 1  8  14  8  0.8047E-08
 1  8  14  8  0.7920E-08
 1  8  14  8  0.7860E-08
 1  8  14  8  0.7861E-08
 1  8  15  8  0.8322E-08
 1  8  15  8  0.8280E-08
 1  8  15  8  0.8406E-08
 1  8  15  8  0.8262E-08
 1  8  15  8  0.8402E-08
 1  8  15  8  0.8241E-08
 1  8  15  8  0.8291E-08
 1  8  15  8  0.8266E-08
 1  8  15  8  0.8333E-08
 1  8  15  8  0.8279E-08
 1  8  16  8  0.8688E-08
 1  8  16  8  0.8464E-08
 1  8  16  8  0.8484E-08
 1  8  16  8  0.8526E-08
 1  8  16  8  0.8497E-08
 1  8  16  8  0.8701E-08
 1  8  16  8  0.8551E-08
 1  8  16  8  0.8501E-08
 1  8  16  8  0.8525E-08
 1  8  16  8  0.8514E-08
 1  8  17  8  0.1019E-07
 1  8  17  8  0.1015E-07
 1  8  17  8  0.1016E-07
 1  8  17  8  0.1019E-07
 1  8  17  8  0.1018E-07
 1  8  17  8  0.1014E-07
 1  8  17  8  0.1016E-07
 1  8  17  8  0.1012E-07
 1  8  17  8  0.1011E-07
 1  8  17  8  0.1017E-07
 1  8  18  8  0.1006E-07
 1  8  18  8  0.9998E-08
 1  8  18  8  0.9990E-08
 1  8  18  8  0.1000E-07
 1  8  18  8  0.9992E-08
 1  8  18  8  0.1001E-07
 1  8  18  8  0.1002E-07
 1  8  18  8  0.1006E-07
 1  8  18  8  0.1013E-07
 1  8  18  8  0.1455E-07
 1  8  19  8  0.1098E-07
 1  8  19  8  0.1094E-07
 1  8  19  8  0.1103E-07
 1  8  19  8  0.1098E-07
 1  8  19  8  0.1133E-07
 1  8  19  8  0.1106E-07
 1  8  19  8  0.1111E-07
 1  8  19  8  0.1105E-07
 1  8  19  8  0.1101E-07
 1  8  19  8  0.1104E-07
 1  8  20  8  0.1072E-07
 1  8  20  8  0.1070E-07
 1  8  20  8  0.1075E-07
 1  8  20  8  0.1071E-07
 1  8  20  8  0.1070E-07
 1  8  20  8  0.1069E-07
 1  8  20  8  0.1070E-07
 1  8  20  8  0.1070E-07
 1  8  20  8  0.1071E-07
 1  8  20  8  0.1072E-07
