 1  16  3  16  0.2452E-06
 1  16  3  16  0.7395E-07
 1  16  3  16  0.7727E-07
 1  16  3  16  0.7101E-07
 1  16  3  16  0.6788E-07
 1  16  3  16  0.6880E-07
 1  16  3  16  0.7800E-07
 1  16  3  16  0.1050E-06
 1  16  3  16  0.1041E-06
 1  16  3  16  0.9953E-07
 1  16  4  16  0.8817E-07
 1  16  4  16  0.7357E-07
 1  16  4  16  0.5953E-07
 1  16  4  16  0.6116E-07
 1  16  4  16  0.4781E-07
 1  16  4  16  0.4750E-07
 1  16  4  16  0.4657E-07
 1  16  4  16  0.4657E-07
 1  16  4  16  0.6217E-07
 1  16  4  16  0.4688E-07
 1  16  5  16  0.7768E-07
 1  16  5  16  0.2400E-07
 1  16  5  16  0.2182E-07
 1  16  5  16  0.2035E-07
 1  16  5  16  0.1884E-07
 1  16  5  16  0.2015E-07
 1  16  5  16  0.1868E-07
 1  16  5  16  0.1800E-07
 1  16  5  16  0.2050E-07
 1  16  5  16  0.1852E-07
 1  16  6  16  0.3868E-07
 1  16  6  16  0.1649E-07
 1  16  6  16  0.1368E-07
 1  16  6  16  0.1350E-07
 1  16  6  16  0.1223E-07
 1  16  6  16  0.1331E-07
 1  16  6  16  0.1377E-07
 1  16  6  16  0.1223E-07
 1  16  6  16  0.1304E-07
 1  16  6  16  0.1216E-07
 1  16  7  16  0.2497E-07
 1  16  7  16  0.1179E-07
 1  16  7  16  0.1111E-07
 1  16  7  16  0.1209E-07
 1  16  7  16  0.1135E-07
 1  16  7  16  0.1093E-07
 1  16  7  16  0.1075E-07
 1  16  7  16  0.1208E-07
 1  16  7  16  0.1082E-07
 1  16  7  16  0.1118E-07
 1  16  8  16  0.1896E-07
 1  16  8  16  0.8430E-08
 1  16  8  16  0.8101E-08
 1  16  8  16  0.7936E-08
 1  16  8  16  0.7616E-08
 1  16  8  16  0.7616E-08
 1  16  8  16  0.7936E-08
 1  16  8  16  0.7693E-08
 1  16  8  16  0.7567E-08
 1  16  8  16  0.7606E-08
 1  16  9  16  0.1823E-07
 1  16  9  16  0.8973E-08
 1  16  9  16  0.8176E-08
 1  16  9  16  0.7202E-08
 1  16  9  16  0.7086E-08
 1  16  9  16  0.7747E-08
 1  16  9  16  0.7284E-08
 1  16  9  16  0.6916E-08
 1  16  9  16  0.7801E-08
 1  16  9  16  0.7059E-08
 1  16  10  16  0.1444E-07
 1  16  10  16  0.8727E-08
 1  16  10  16  0.8916E-08
 1  16  10  16  0.8330E-08
 1  16  10  16  0.8355E-08
 1  16  10  16  0.8250E-08
 1  16  10  16  0.8146E-08
 1  16  10  16  0.8583E-08
 1  16  10  16  0.8042E-08
 1  16  10  16  0.8668E-08
 1  16  11  16  0.1570E-07
 1  16  11  16  0.1005E-07
 1  16  11  16  0.7654E-08
 1  16  11  16  0.7732E-08
 1  16  11  16  0.7262E-08
 1  16  11  16  0.8139E-08
 1  16  11  16  0.7217E-08
 1  16  11  16  0.7452E-08
 1  16  11  16  0.7747E-08
 1  16  11  16  0.7120E-08
 1  16  12  16  0.1057E-07
 1  16  12  16  0.6620E-08
 1  16  12  16  0.6197E-08
 1  16  12  16  0.6401E-08
 1  16  12  16  0.6378E-08
 1  16  12  16  0.6016E-08
 1  16  12  16  0.6545E-08
 1  16  12  16  0.6485E-08
 1  16  12  16  0.6028E-08
 1  16  12  16  0.6416E-08
 1  16  13  16  0.4369E-08
 1  16  13  16  0.4314E-08
 1  16  13  16  0.4299E-08
 1  16  13  16  0.4340E-08
 1  16  13  16  0.4305E-08
 1  16  13  16  0.4329E-08
 1  16  13  16  0.4321E-08
 1  16  13  16  0.4348E-08
 1  16  13  16  0.4320E-08
 1  16  13  16  0.4347E-08
 1  16  14  16  0.4299E-08
 1  16  14  16  0.4398E-08
 1  16  14  16  0.4263E-08
 1  16  14  16  0.4262E-08
 1  16  14  16  0.4261E-08
 1  16  14  16  0.4263E-08
 1  16  14  16  0.4240E-08
 1  16  14  16  0.4263E-08
 1  16  14  16  0.4257E-08
 1  16  14  16  0.4267E-08
 1  16  15  16  0.4647E-08
 1  16  15  16  0.4580E-08
 1  16  15  16  0.4599E-08
 1  16  15  16  0.4566E-08
 1  16  15  16  0.4576E-08
 1  16  15  16  0.4576E-08
 1  16  15  16  0.4580E-08
 1  16  15  16  0.4563E-08
 1  16  15  16  0.4591E-08
 1  16  15  16  0.4716E-08
 1  16  16  16  0.4778E-08
 1  16  16  16  0.4749E-08
 1  16  16  16  0.4780E-08
 1  16  16  16  0.4755E-08
 1  16  16  16  0.4767E-08
 1  16  16  16  0.4754E-08
 1  16  16  16  0.4783E-08
 1  16  16  16  0.4747E-08
 1  16  16  16  0.4757E-08
 1  16  16  16  0.4749E-08
 1  16  17  16  0.5582E-08
 1  16  17  16  0.5545E-08
 1  16  17  16  0.5694E-08
 1  16  17  16  0.5544E-08
 1  16  17  16  0.5549E-08
 1  16  17  16  0.5541E-08
 1  16  17  16  0.5550E-08
 1  16  17  16  0.5564E-08
 1  16  17  16  0.5546E-08
 1  16  17  16  0.5551E-08
 1  16  18  16  0.5428E-08
 1  16  18  16  0.5388E-08
 1  16  18  16  0.5425E-08
 1  16  18  16  0.5424E-08
 1  16  18  16  0.5390E-08
 1  16  18  16  0.5389E-08
 1  16  18  16  0.5406E-08
 1  16  18  16  0.5425E-08
 1  16  18  16  0.5388E-08
 1  16  18  16  0.5406E-08
 1  16  19  16  0.5911E-08
 1  16  19  16  0.5892E-08
 1  16  19  16  0.5889E-08
 1  16  19  16  0.5859E-08
 1  16  19  16  0.5851E-08
 1  16  19  16  0.5839E-08
 1  16  19  16  0.5830E-08
 1  16  19  16  0.5833E-08
 1  16  19  16  0.5844E-08
 1  16  19  16  0.5835E-08
 1  16  20  16  0.5662E-08
 1  16  20  16  0.5643E-08
 1  16  20  16  0.5647E-08
 1  16  20  16  0.5642E-08
 1  16  20  16  0.5638E-08
 1  16  20  16  0.5634E-08
 1  16  20  16  0.5658E-08
 1  16  20  16  0.5667E-08
 1  16  20  16  0.5664E-08
 1  16  20  16  0.5669E-08
