 1  2  3  2  0.4584E-06
 1  2  3  2  0.4692E-06
 1  2  3  2  0.3963E-06
 1  2  3  2  0.3468E-06
 1  2  3  2  0.3540E-06
 1  2  3  2  0.4691E-06
 1  2  3  2  0.3378E-06
 1  2  3  2  0.3681E-06
 1  2  3  2  0.3463E-06
 1  2  3  2  0.3373E-06
 1  2  4  2  0.1510E-06
 1  2  4  2  0.1396E-06
 1  2  4  2  0.1407E-06
 1  2  4  2  0.1373E-06
 1  2  4  2  0.1297E-06
 1  2  4  2  0.1327E-06
 1  2  4  2  0.1337E-06
 1  2  4  2  0.1354E-06
 1  2  4  2  0.1401E-06
 1  2  4  2  0.1279E-06
 1  2  5  2  0.9861E-07
 1  2  5  2  0.9813E-07
 1  2  5  2  0.9648E-07
 1  2  5  2  0.9240E-07
 1  2  5  2  0.9410E-07
 1  2  5  2  0.9206E-07
 1  2  5  2  0.9937E-07
 1  2  5  2  0.9476E-07
 1  2  5  2  0.9413E-07
 1  2  5  2  0.9222E-07
 1  2  6  2  0.7532E-07
 1  2  6  2  0.7381E-07
 1  2  6  2  0.7442E-07
 1  2  6  2  0.7399E-07
 1  2  6  2  0.7384E-07
 1  2  6  2  0.7418E-07
 1  2  6  2  0.7356E-07
 1  2  6  2  0.7321E-07
 1  2  6  2  0.7299E-07
 1  2  6  2  0.7305E-07
 1  2  7  2  0.4946E-07
 1  2  7  2  0.4822E-07
 1  2  7  2  0.4858E-07
 1  2  7  2  0.4794E-07
 1  2  7  2  0.4843E-07
 1  2  7  2  0.4656E-07
 1  2  7  2  0.4813E-07
 1  2  7  2  0.4683E-07
 1  2  7  2  0.4719E-07
 1  2  7  2  0.4971E-07
 1  2  8  2  0.4174E-07
 1  2  8  2  0.4047E-07
 1  2  8  2  0.4048E-07
 1  2  8  2  0.4074E-07
 1  2  8  2  0.4090E-07
 1  2  8  2  0.4034E-07
 1  2  8  2  0.4074E-07
 1  2  8  2  0.4100E-07
 1  2  8  2  0.4063E-07
 1  2  8  2  0.4050E-07
 1  2  9  2  0.4065E-07
 1  2  9  2  0.3944E-07
 1  2  9  2  0.3934E-07
 1  2  9  2  0.3944E-07
 1  2  9  2  0.3971E-07
 1  2  9  2  0.3941E-07
 1  2  9  2  0.3918E-07
 1  2  9  2  0.3945E-07
 1  2  9  2  0.3940E-07
 1  2  9  2  0.3918E-07
 1  2  10  2  0.3941E-07
 1  2  10  2  0.3834E-07
 1  2  10  2  0.3824E-07
 1  2  10  2  0.3801E-07
 1  2  10  2  0.3787E-07
 1  2  10  2  0.3925E-07
 1  2  10  2  0.3831E-07
 1  2  10  2  0.3797E-07
 1  2  10  2  0.3832E-07
 1  2  10  2  0.3845E-07
 1  2  11  2  0.3681E-07
 1  2  11  2  0.3643E-07
 1  2  11  2  0.3580E-07
 1  2  11  2  0.3684E-07
 1  2  11  2  0.3589E-07
 1  2  11  2  0.3623E-07
 1  2  11  2  0.3599E-07
 1  2  11  2  0.3600E-07
 1  2  11  2  0.3553E-07
 1  2  11  2  0.3626E-07
 1  2  12  2  0.3153E-07
 1  2  12  2  0.3036E-07
 1  2  12  2  0.3059E-07
 1  2  12  2  0.3065E-07
 1  2  12  2  0.3034E-07
 1  2  12  2  0.3029E-07
 1  2  12  2  0.3021E-07
 1  2  12  2  0.3099E-07
 1  2  12  2  0.3038E-07
 1  2  12  2  0.3050E-07
 1  2  13  2  0.3504E-07
 1  2  13  2  0.3357E-07
 1  2  13  2  0.3383E-07
 1  2  13  2  0.3331E-07
 1  2  13  2  0.3382E-07
 1  2  13  2  0.3447E-07
 1  2  13  2  0.3415E-07
 1  2  13  2  0.3363E-07
 1  2  13  2  0.3362E-07
 1  2  13  2  0.3386E-07
 1  2  14  2  0.3018E-07
 1  2  14  2  0.2959E-07
 1  2  14  2  0.2957E-07
 1  2  14  2  0.2956E-07
 1  2  14  2  0.2953E-07
 1  2  14  2  0.3009E-07
 1  2  14  2  0.2958E-07
 1  2  14  2  0.2960E-07
 1  2  14  2  0.2967E-07
 1  2  14  2  0.2976E-07
 1  2  15  2  0.3488E-07
 1  2  15  2  0.3313E-07
 1  2  15  2  0.3373E-07
 1  2  15  2  0.3322E-07
 1  2  15  2  0.3315E-07
 1  2  15  2  0.3330E-07
 1  2  15  2  0.3341E-07
 1  2  15  2  0.3315E-07
 1  2  15  2  0.3325E-07
 1  2  15  2  0.3400E-07
 1  2  16  2  0.3555E-07
 1  2  16  2  0.3297E-07
 1  2  16  2  0.3331E-07
 1  2  16  2  0.3257E-07
 1  2  16  2  0.3317E-07
 1  2  16  2  0.3328E-07
 1  2  16  2  0.3255E-07
 1  2  16  2  0.3288E-07
 1  2  16  2  0.3231E-07
 1  2  16  2  0.3337E-07
 1  2  17  2  0.4564E-07
 1  2  17  2  0.4416E-07
 1  2  17  2  0.4416E-07
 1  2  17  2  0.4451E-07
 1  2  17  2  0.4423E-07
 1  2  17  2  0.4418E-07
 1  2  17  2  0.4401E-07
 1  2  17  2  0.4399E-07
 1  2  17  2  0.4402E-07
 1  2  17  2  0.4400E-07
 1  2  18  2  0.4756E-07
 1  2  18  2  0.4702E-07
 1  2  18  2  0.4678E-07
 1  2  18  2  0.4671E-07
 1  2  18  2  0.4691E-07
 1  2  18  2  0.4693E-07
 1  2  18  2  0.4766E-07
 1  2  18  2  0.4762E-07
 1  2  18  2  0.4769E-07
 1  2  18  2  0.4760E-07
 1  2  19  2  0.5141E-07
 1  2  19  2  0.5088E-07
 1  2  19  2  0.5067E-07
 1  2  19  2  0.5077E-07
 1  2  19  2  0.5076E-07
 1  2  19  2  0.5078E-07
 1  2  19  2  0.5057E-07
 1  2  19  2  0.5084E-07
 1  2  19  2  0.5060E-07
 1  2  19  2  0.5122E-07
 1  2  20  2  0.4846E-07
 1  2  20  2  0.4833E-07
 1  2  20  2  0.4929E-07
 1  2  20  2  0.5040E-07
 1  2  20  2  0.5052E-07
 1  2  20  2  0.5058E-07
 1  2  20  2  0.5038E-07
 1  2  20  2  0.5050E-07
 1  2  20  2  0.5059E-07
 1  2  20  2  0.5035E-07
