 1  1  3  1  0.1596E-06
 1  1  3  1  0.1582E-06
 1  1  3  1  0.1542E-06
 1  1  3  1  0.1556E-06
 1  1  3  1  0.1591E-06
 1  1  3  1  0.1541E-06
 1  1  3  1  0.1565E-06
 1  1  3  1  0.1598E-06
 1  1  3  1  0.1555E-06
 1  1  3  1  0.1571E-06
 1  1  4  1  0.3291E-06
 1  1  4  1  0.2496E-06
 1  1  4  1  0.2496E-06
 1  1  4  1  0.2384E-06
 1  1  4  1  0.2546E-06
 1  1  4  1  0.2397E-06
 1  1  4  1  0.2496E-06
 1  1  4  1  0.2496E-06
 1  1  4  1  0.2508E-06
 1  1  4  1  0.2508E-06
 1  1  5  1  0.2397E-06
 1  1  5  1  0.1812E-06
 1  1  5  1  0.1844E-06
 1  1  5  1  0.1812E-06
 1  1  5  1  0.1844E-06
 1  1  5  1  0.1812E-06
 1  1  5  1  0.2270E-06
 1  1  5  1  0.1812E-06
 1  1  5  1  0.1787E-06
 1  1  5  1  0.1812E-06
 1  1  6  1  0.1527E-06
 1  1  6  1  0.1233E-06
 1  1  6  1  0.1575E-06
 1  1  6  1  0.1247E-06
 1  1  6  1  0.1233E-06
 1  1  6  1  0.1236E-06
 1  1  6  1  0.1222E-06
 1  1  6  1  0.1236E-06
 1  1  6  1  0.1236E-06
 1  1  6  1  0.1218E-06
 1  1  7  1  0.1205E-06
 1  1  7  1  0.1047E-06
 1  1  7  1  0.1235E-06
 1  1  7  1  0.1070E-06
 1  1  7  1  0.1022E-06
 1  1  7  1  0.1031E-06
 1  1  7  1  0.1031E-06
 1  1  7  1  0.1031E-06
 1  1  7  1  0.1022E-06
 1  1  7  1  0.1253E-06
 1  1  8  1  0.1062E-06
 1  1  8  1  0.9251E-07
 1  1  8  1  0.1060E-06
 1  1  8  1  0.9825E-07
 1  1  8  1  0.9127E-07
 1  1  8  1  0.9111E-07
 1  1  8  1  0.8987E-07
 1  1  8  1  0.8723E-07
 1  1  8  1  0.9701E-07
 1  1  8  1  0.8987E-07
 1  1  9  1  0.8176E-07
 1  1  9  1  0.6541E-07
 1  1  9  1  0.6486E-07
 1  1  9  1  0.7642E-07
 1  1  9  1  0.6497E-07
 1  1  9  1  0.6454E-07
 1  1  9  1  0.6356E-07
 1  1  9  1  0.6530E-07
 1  1  9  1  0.7457E-07
 1  1  9  1  0.6585E-07
 1  1  10  1  0.1203E-06
 1  1  10  1  0.1113E-06
 1  1  10  1  0.1147E-06
 1  1  10  1  0.1094E-06
 1  1  10  1  0.1153E-06
 1  1  10  1  0.1163E-06
 1  1  10  1  0.9934E-07
 1  1  10  1  0.9704E-07
 1  1  10  1  0.9529E-07
 1  1  10  1  0.1043E-06
 1  1  11  1  0.1032E-06
 1  1  11  1  0.9392E-07
 1  1  11  1  0.1002E-06
 1  1  11  1  0.9291E-07
 1  1  11  1  0.9721E-07
 1  1  11  1  0.9237E-07
 1  1  11  1  0.9141E-07
 1  1  11  1  0.9816E-07
 1  1  11  1  0.9040E-07
 1  1  11  1  0.9667E-07
 1  1  12  1  0.8913E-07
 1  1  12  1  0.7796E-07
 1  1  12  1  0.8352E-07
 1  1  12  1  0.7717E-07
 1  1  12  1  0.8177E-07
 1  1  12  1  0.7639E-07
 1  1  12  1  0.8278E-07
 1  1  12  1  0.7639E-07
 1  1  12  1  0.8122E-07
 1  1  12  1  0.7658E-07
 1  1  13  1  0.9119E-07
 1  1  13  1  0.8132E-07
 1  1  13  1  0.8313E-07
 1  1  13  1  0.8649E-07
 1  1  13  1  0.8041E-07
 1  1  13  1  0.8512E-07
 1  1  13  1  0.8074E-07
 1  1  13  1  0.8085E-07
 1  1  13  1  0.8541E-07
 1  1  13  1  0.8027E-07
 1  1  14  1  0.6826E-07
 1  1  14  1  0.6913E-07
 1  1  14  1  0.7044E-07
 1  1  14  1  0.6462E-07
 1  1  14  1  0.6887E-07
 1  1  14  1  0.7023E-07
 1  1  14  1  0.6511E-07
 1  1  14  1  0.6925E-07
 1  1  14  1  0.7058E-07
 1  1  14  1  0.6488E-07
 1  1  15  1  0.8157E-07
 1  1  15  1  0.7714E-07
 1  1  15  1  0.7714E-07
 1  1  15  1  0.7693E-07
 1  1  15  1  0.7634E-07
 1  1  15  1  0.7674E-07
 1  1  15  1  0.7191E-07
 1  1  15  1  0.7229E-07
 1  1  15  1  0.7566E-07
 1  1  15  1  0.7655E-07
 1  1  16  1  0.8952E-07
 1  1  16  1  0.8438E-07
 1  1  16  1  0.8318E-07
 1  1  16  1  0.8341E-07
 1  1  16  1  0.8407E-07
 1  1  16  1  0.8520E-07
 1  1  16  1  0.8504E-07
 1  1  16  1  0.8456E-07
 1  1  16  1  0.8333E-07
 1  1  16  1  0.8423E-07
 1  1  17  1  0.9743E-07
 1  1  17  1  0.9350E-07
 1  1  17  1  0.9547E-07
 1  1  17  1  0.9316E-07
 1  1  17  1  0.9486E-07
 1  1  17  1  0.9309E-07
 1  1  17  1  0.9465E-07
 1  1  17  1  0.9282E-07
 1  1  17  1  0.9492E-07
 1  1  17  1  0.9390E-07
 1  1  18  1  0.9682E-07
 1  1  18  1  0.9516E-07
 1  1  18  1  0.9476E-07
 1  1  18  1  0.9498E-07
 1  1  18  1  0.9231E-07
 1  1  18  1  0.9397E-07
 1  1  18  1  0.9546E-07
 1  1  18  1  0.9299E-07
 1  1  18  1  0.9219E-07
 1  1  18  1  0.9283E-07
 1  1  19  1  0.1082E-06
 1  1  19  1  0.1022E-06
 1  1  19  1  0.1028E-06
 1  1  19  1  0.1029E-06
 1  1  19  1  0.1031E-06
 1  1  19  1  0.1023E-06
 1  1  19  1  0.1035E-06
 1  1  19  1  0.1025E-06
 1  1  19  1  0.1028E-06
 1  1  19  1  0.1021E-06
 1  1  20  1  0.1055E-06
 1  1  20  1  0.1004E-06
 1  1  20  1  0.1027E-06
 1  1  20  1  0.1012E-06
 1  1  20  1  0.1024E-06
 1  1  20  1  0.1037E-06
 1  1  20  1  0.1002E-06
 1  1  20  1  0.1023E-06
 1  1  20  1  0.1009E-06
 1  1  20  1  0.1036E-06
