 1  16  3  16  0.2013E-06
 1  16  3  16  0.6788E-07
 1  16  3  16  0.5776E-07
 1  16  3  16  0.6016E-07
 1  16  3  16  0.7175E-07
 1  16  3  16  0.6328E-07
 1  16  3  16  0.5721E-07
 1  16  3  16  0.5482E-07
 1  16  3  16  0.5482E-07
 1  16  3  16  0.5556E-07
 1  16  4  16  0.1126E-06
 1  16  4  16  0.2895E-07
 1  16  4  16  0.3415E-07
 1  16  4  16  0.2833E-07
 1  16  4  16  0.2639E-07
 1  16  4  16  0.2546E-07
 1  16  4  16  0.2507E-07
 1  16  4  16  0.2344E-07
 1  16  4  16  0.2709E-07
 1  16  4  16  0.2670E-07
 1  16  5  16  0.9783E-07
 1  16  5  16  0.2050E-07
 1  16  5  16  0.2567E-07
 1  16  5  16  0.2066E-07
 1  16  5  16  0.1967E-07
 1  16  5  16  0.1951E-07
 1  16  5  16  0.1983E-07
 1  16  5  16  0.1915E-07
 1  16  5  16  0.2400E-07
 1  16  5  16  0.1717E-07
 1  16  6  16  0.4475E-07
 1  16  6  16  0.1410E-07
 1  16  6  16  0.1552E-07
 1  16  6  16  0.1803E-07
 1  16  6  16  0.1591E-07
 1  16  6  16  0.1591E-07
 1  16  6  16  0.1534E-07
 1  16  6  16  0.1573E-07
 1  16  6  16  0.1127E-07
 1  16  6  16  0.1120E-07
 1  16  7  16  0.2223E-07
 1  16  7  16  0.9963E-08
 1  16  7  16  0.9775E-08
 1  16  7  16  0.9717E-08
 1  16  7  16  0.9833E-08
 1  16  7  16  0.9225E-08
 1  16  7  16  0.1038E-07
 1  16  7  16  0.1227E-07
 1  16  7  16  0.9833E-08
 1  16  7  16  0.9529E-08
 1  16  8  16  0.1721E-07
 1  16  8  16  0.9236E-08
 1  16  8  16  0.7771E-08
 1  16  8  16  0.7072E-08
 1  16  8  16  0.8062E-08
 1  16  8  16  0.6869E-08
 1  16  8  16  0.6674E-08
 1  16  8  16  0.6587E-08
 1  16  8  16  0.6345E-08
 1  16  8  16  0.7732E-08
 1  16  9  16  0.1812E-07
 1  16  9  16  0.6602E-08
 1  16  9  16  0.6718E-08
 1  16  9  16  0.6657E-08
 1  16  9  16  0.6548E-08
 1  16  9  16  0.6228E-08
 1  16  9  16  0.1037E-07
 1  16  9  16  0.9968E-08
 1  16  9  16  0.9805E-08
 1  16  9  16  0.9171E-08
 1  16  10  16  0.1525E-07
 1  16  10  16  0.8856E-08
 1  16  10  16  0.8042E-08
 1  16  10  16  0.8523E-08
 1  16  10  16  0.8081E-08
 1  16  10  16  0.9333E-08
 1  16  10  16  0.7957E-08
 1  16  10  16  0.8518E-08
 1  16  10  16  0.7957E-08
 1  16  10  16  0.8479E-08
 1  16  11  16  0.3567E-08
 1  16  11  16  0.3479E-08
 1  16  11  16  0.3535E-08
 1  16  11  16  0.7542E-08
 1  16  11  16  0.6620E-08
 1  16  11  16  0.8781E-08
 1  16  11  16  0.9218E-08
 1  16  11  16  0.8688E-08
 1  16  11  16  0.9311E-08
 1  16  11  16  0.9938E-08
 1  16  12  16  0.3293E-08
 1  16  12  16  0.3236E-08
 1  16  12  16  0.3220E-08
 1  16  12  16  0.3212E-08
 1  16  12  16  0.3230E-08
 1  16  12  16  0.3216E-08
 1  16  12  16  0.3247E-08
 1  16  12  16  0.5510E-08
 1  16  12  16  0.5752E-08
 1  16  12  16  0.5473E-08
 1  16  13  16  0.3564E-08
 1  16  13  16  0.3508E-08
 1  16  13  16  0.3526E-08
 1  16  13  16  0.3511E-08
 1  16  13  16  0.3478E-08
 1  16  13  16  0.3504E-08
 1  16  13  16  0.3631E-08
 1  16  13  16  0.3482E-08
 1  16  13  16  0.3561E-08
 1  16  13  16  0.3491E-08
 1  16  14  16  0.3379E-08
 1  16  14  16  0.3373E-08
 1  16  14  16  0.3343E-08
 1  16  14  16  0.3359E-08
 1  16  14  16  0.3339E-08
 1  16  14  16  0.3343E-08
 1  16  14  16  0.3376E-08
 1  16  14  16  0.3329E-08
 1  16  14  16  0.3342E-08
 1  16  14  16  0.3331E-08
 1  16  15  16  0.3800E-08
 1  16  15  16  0.3763E-08
 1  16  15  16  0.3767E-08
 1  16  15  16  0.3770E-08
 1  16  15  16  0.3757E-08
 1  16  15  16  0.3781E-08
 1  16  15  16  0.3752E-08
 1  16  15  16  0.3747E-08
 1  16  15  16  0.3743E-08
 1  16  15  16  0.3770E-08
 1  16  16  16  0.4210E-08
 1  16  16  16  0.4160E-08
 1  16  16  16  0.4130E-08
 1  16  16  16  0.4251E-08
 1  16  16  16  0.4148E-08
 1  16  16  16  0.4158E-08
 1  16  16  16  0.4151E-08
 1  16  16  16  0.4152E-08
 1  16  16  16  0.4151E-08
 1  16  16  16  0.4153E-08
 1  16  17  16  0.4971E-08
 1  16  17  16  0.4952E-08
 1  16  17  16  0.4938E-08
 1  16  17  16  0.4948E-08
 1  16  17  16  0.4946E-08
 1  16  17  16  0.4957E-08
 1  16  17  16  0.4938E-08
 1  16  17  16  0.4965E-08
 1  16  17  16  0.4935E-08
 1  16  17  16  0.4937E-08
 1  16  18  16  0.4978E-08
 1  16  18  16  0.4894E-08
 1  16  18  16  0.4930E-08
 1  16  18  16  0.4880E-08
 1  16  18  16  0.4880E-08
 1  16  18  16  0.4876E-08
 1  16  18  16  0.4872E-08
 1  16  18  16  0.4872E-08
 1  16  18  16  0.4978E-08
 1  16  18  16  0.4894E-08
 1  16  19  16  0.5386E-08
 1  16  19  16  0.5371E-08
 1  16  19  16  0.5419E-08
 1  16  19  16  0.5387E-08
 1  16  19  16  0.5384E-08
 1  16  19  16  0.5375E-08
 1  16  19  16  0.5386E-08
 1  16  19  16  0.5375E-08
 1  16  19  16  0.5413E-08
 1  16  19  16  0.5463E-08
 1  16  20  16  0.5260E-08
 1  16  20  16  0.5248E-08
 1  16  20  16  0.5241E-08
 1  16  20  16  0.5245E-08
 1  16  20  16  0.5230E-08
 1  16  20  16  0.5231E-08
 1  16  20  16  0.5239E-08
 1  16  20  16  0.5231E-08
 1  16  20  16  0.5246E-08
 1  16  20  16  0.5245E-08
