 1  1  3  1  0.1581E-05
 1  1  3  1  0.1074E-05
 1  1  3  1  0.1124E-05
 1  1  3  1  0.1110E-05
 1  1  3  1  0.1086E-05
 1  1  3  1  0.1086E-05
 1  1  3  1  0.1086E-05
 1  1  3  1  0.1333E-05
 1  1  3  1  0.1036E-05
 1  1  3  1  0.1101E-05
 1  1  4  1  0.1670E-06
 1  1  4  1  0.1198E-06
 1  1  4  1  0.1207E-06
 1  1  4  1  0.1354E-06
 1  1  4  1  0.1185E-06
 1  1  4  1  0.1193E-06
 1  1  4  1  0.1307E-06
 1  1  4  1  0.1189E-06
 1  1  4  1  0.1193E-06
 1  1  4  1  0.1315E-06
 1  1  5  1  0.1029E-06
 1  1  5  1  0.9504E-07
 1  1  5  1  0.9504E-07
 1  1  5  1  0.9463E-07
 1  1  5  1  0.9547E-07
 1  1  5  1  0.9366E-07
 1  1  5  1  0.9377E-07
 1  1  5  1  0.9076E-07
 1  1  5  1  0.9076E-07
 1  1  5  1  0.9527E-07
 1  1  6  1  0.6488E-07
 1  1  6  1  0.6313E-07
 1  1  6  1  0.6241E-07
 1  1  6  1  0.6169E-07
 1  1  6  1  0.6413E-07
 1  1  6  1  0.6108E-07
 1  1  6  1  0.6151E-07
 1  1  6  1  0.6197E-07
 1  1  6  1  0.6137E-07
 1  1  6  1  0.6058E-07
 1  1  7  1  0.5875E-07
 1  1  7  1  0.5763E-07
 1  1  7  1  0.5706E-07
 1  1  7  1  0.5498E-07
 1  1  7  1  0.5493E-07
 1  1  7  1  0.5488E-07
 1  1  7  1  0.5521E-07
 1  1  7  1  0.5498E-07
 1  1  7  1  0.5472E-07
 1  1  7  1  0.5452E-07
 1  1  8  1  0.4495E-07
 1  1  8  1  0.4407E-07
 1  1  8  1  0.4319E-07
 1  1  8  1  0.4298E-07
 1  1  8  1  0.4281E-07
 1  1  8  1  0.4290E-07
 1  1  8  1  0.4275E-07
 1  1  8  1  0.4274E-07
 1  1  8  1  0.4298E-07
 1  1  8  1  0.4275E-07
 1  1  9  1  0.5232E-07
 1  1  9  1  0.5015E-07
 1  1  9  1  0.4990E-07
 1  1  9  1  0.5009E-07
 1  1  9  1  0.4980E-07
 1  1  9  1  0.4983E-07
 1  1  9  1  0.4978E-07
 1  1  9  1  0.4984E-07
 1  1  9  1  0.4984E-07
 1  1  9  1  0.4984E-07
 1  1  10  1  0.5730E-07
 1  1  10  1  0.5589E-07
 1  1  10  1  0.5570E-07
 1  1  10  1  0.5581E-07
 1  1  10  1  0.5571E-07
 1  1  10  1  0.5561E-07
 1  1  10  1  0.5632E-07
 1  1  10  1  0.5547E-07
 1  1  10  1  0.5543E-07
 1  1  10  1  0.5542E-07
 1  1  11  1  0.5441E-07
 1  1  11  1  0.5335E-07
 1  1  11  1  0.5328E-07
 1  1  11  1  0.5323E-07
 1  1  11  1  0.5332E-07
 1  1  11  1  0.5329E-07
 1  1  11  1  0.5324E-07
 1  1  11  1  0.5323E-07
 1  1  11  1  0.5324E-07
 1  1  11  1  0.5326E-07
 1  1  12  1  0.4968E-07
 1  1  12  1  0.4866E-07
 1  1  12  1  0.4863E-07
 1  1  12  1  0.4862E-07
 1  1  12  1  0.4907E-07
 1  1  12  1  0.4870E-07
 1  1  12  1  0.4855E-07
 1  1  12  1  0.4851E-07
 1  1  12  1  0.4861E-07
 1  1  12  1  0.4858E-07
 1  1  13  1  0.5661E-07
 1  1  13  1  0.5581E-07
 1  1  13  1  0.5584E-07
 1  1  13  1  0.5583E-07
 1  1  13  1  0.5571E-07
 1  1  13  1  0.5578E-07
 1  1  13  1  0.5570E-07
 1  1  13  1  0.5589E-07
 1  1  13  1  0.5638E-07
 1  1  13  1  0.5581E-07
 1  1  14  1  0.5034E-07
 1  1  14  1  0.4948E-07
 1  1  14  1  0.4952E-07
 1  1  14  1  0.4946E-07
 1  1  14  1  0.4950E-07
 1  1  14  1  0.4951E-07
 1  1  14  1  0.4941E-07
 1  1  14  1  0.4938E-07
 1  1  14  1  0.4977E-07
 1  1  14  1  0.4931E-07
 1  1  15  1  0.5990E-07
 1  1  15  1  0.5385E-07
 1  1  15  1  0.5392E-07
 1  1  15  1  0.5403E-07
 1  1  15  1  0.5400E-07
 1  1  15  1  0.5388E-07
 1  1  15  1  0.5391E-07
 1  1  15  1  0.5386E-07
 1  1  15  1  0.5376E-07
 1  1  15  1  0.5388E-07
 1  1  16  1  0.5075E-07
 1  1  16  1  0.5009E-07
 1  1  16  1  0.5000E-07
 1  1  16  1  0.4990E-07
 1  1  16  1  0.5054E-07
 1  1  16  1  0.5022E-07
 1  1  16  1  0.5064E-07
 1  1  16  1  0.5017E-07
 1  1  16  1  0.5007E-07
 1  1  16  1  0.5015E-07
 1  1  17  1  0.7083E-07
 1  1  17  1  0.6985E-07
 1  1  17  1  0.6985E-07
 1  1  17  1  0.6985E-07
 1  1  17  1  0.7002E-07
 1  1  17  1  0.6993E-07
 1  1  17  1  0.7001E-07
 1  1  17  1  0.7005E-07
 1  1  17  1  0.7001E-07
 1  1  17  1  0.7005E-07
 1  1  18  1  0.7386E-07
 1  1  18  1  0.7305E-07
 1  1  18  1  0.7305E-07
 1  1  18  1  0.7302E-07
 1  1  18  1  0.7321E-07
 1  1  18  1  0.7302E-07
 1  1  18  1  0.7308E-07
 1  1  18  1  0.7334E-07
 1  1  18  1  0.7324E-07
 1  1  18  1  0.7302E-07
 1  1  19  1  0.8283E-07
 1  1  19  1  0.8229E-07
 1  1  19  1  0.8232E-07
 1  1  19  1  0.8232E-07
 1  1  19  1  0.8237E-07
 1  1  19  1  0.8233E-07
 1  1  19  1  0.8228E-07
 1  1  19  1  0.8229E-07
 1  1  19  1  0.8253E-07
 1  1  19  1  0.8227E-07
 1  1  20  1  0.7903E-07
 1  1  20  1  0.7896E-07
 1  1  20  1  0.7944E-07
 1  1  20  1  0.7931E-07
 1  1  20  1  0.7927E-07
 1  1  20  1  0.7932E-07
 1  1  20  1  0.7930E-07
 1  1  20  1  0.7928E-07
 1  1  20  1  0.7934E-07
 1  1  20  1  0.7937E-07
