 1  2  3  2  0.1186E-05
 1  2  3  2  0.7344E-06
 1  2  3  2  0.3267E-06
 1  2  3  2  0.3267E-06
 1  2  3  2  0.3267E-06
 1  2  3  2  0.4518E-06
 1  2  3  2  0.7344E-06
 1  2  3  2  0.3208E-06
 1  2  3  2  0.3208E-06
 1  2  3  2  0.3282E-06
 1  2  4  2  0.5756E-06
 1  2  4  2  0.1453E-06
 1  2  4  2  0.1875E-06
 1  2  4  2  0.1850E-06
 1  2  4  2  0.1844E-06
 1  2  4  2  0.1850E-06
 1  2  4  2  0.1844E-06
 1  2  4  2  0.5470E-06
 1  2  4  2  0.3645E-06
 1  2  4  2  0.1409E-06
 1  2  5  2  0.2295E-06
 1  2  5  2  0.4266E-06
 1  2  5  2  0.1895E-06
 1  2  5  2  0.3347E-06
 1  2  5  2  0.1853E-06
 1  2  5  2  0.2254E-06
 1  2  5  2  0.1853E-06
 1  2  5  2  0.1640E-06
 1  2  5  2  0.1853E-06
 1  2  5  2  0.1640E-06
 1  2  6  2  0.1560E-06
 1  2  6  2  0.7322E-07
 1  2  6  2  0.7322E-07
 1  2  6  2  0.7248E-07
 1  2  6  2  0.7248E-07
 1  2  6  2  0.9106E-07
 1  2  6  2  0.7101E-07
 1  2  6  2  0.7248E-07
 1  2  6  2  0.7175E-07
 1  2  6  2  0.7175E-07
 1  2  7  2  0.1448E-06
 1  2  7  2  0.8944E-07
 1  2  7  2  0.5839E-07
 1  2  7  2  0.1287E-06
 1  2  7  2  0.5827E-07
 1  2  7  2  0.5781E-07
 1  2  7  2  0.5827E-07
 1  2  7  2  0.1428E-06
 1  2  7  2  0.1375E-06
 1  2  7  2  0.6024E-07
 1  2  8  2  0.6962E-07
 1  2  8  2  0.4719E-07
 1  2  8  2  0.5239E-07
 1  2  8  2  0.6511E-07
 1  2  8  2  0.6186E-07
 1  2  8  2  0.5922E-07
 1  2  8  2  0.6449E-07
 1  2  8  2  0.6418E-07
 1  2  8  2  0.6900E-07
 1  2  8  2  0.6411E-07
 1  2  9  2  0.7544E-07
 1  2  9  2  0.4824E-07
 1  2  9  2  0.5260E-07
 1  2  9  2  0.5576E-07
 1  2  9  2  0.6083E-07
 1  2  9  2  0.5238E-07
 1  2  9  2  0.5598E-07
 1  2  9  2  0.5484E-07
 1  2  9  2  0.5603E-07
 1  2  9  2  0.5533E-07
 1  2  10  2  0.7717E-07
 1  2  10  2  0.6886E-07
 1  2  10  2  0.7403E-07
 1  2  10  2  0.6866E-07
 1  2  10  2  0.6735E-07
 1  2  10  2  0.6266E-07
 1  2  10  2  0.6286E-07
 1  2  10  2  0.5968E-07
 1  2  10  2  0.6799E-07
 1  2  10  2  0.6767E-07
 1  2  11  2  0.6637E-07
 1  2  11  2  0.5986E-07
 1  2  11  2  0.6013E-07
 1  2  11  2  0.5672E-07
 1  2  11  2  0.6147E-07
 1  2  11  2  0.6335E-07
 1  2  11  2  0.5634E-07
 1  2  11  2  0.6350E-07
 1  2  11  2  0.6362E-07
 1  2  11  2  0.5672E-07
 1  2  12  2  0.4783E-07
 1  2  12  2  0.4330E-07
 1  2  12  2  0.4408E-07
 1  2  12  2  0.4804E-07
 1  2  12  2  0.4128E-07
 1  2  12  2  0.4273E-07
 1  2  12  2  0.4611E-07
 1  2  12  2  0.4542E-07
 1  2  12  2  0.4070E-07
 1  2  12  2  0.4668E-07
 1  2  13  2  0.5317E-07
 1  2  13  2  0.4816E-07
 1  2  13  2  0.4907E-07
 1  2  13  2  0.4764E-07
 1  2  13  2  0.4909E-07
 1  2  13  2  0.4538E-07
 1  2  13  2  0.5084E-07
 1  2  13  2  0.4824E-07
 1  2  13  2  0.4809E-07
 1  2  13  2  0.4864E-07
 1  2  14  2  0.4786E-07
 1  2  14  2  0.4276E-07
 1  2  14  2  0.4324E-07
 1  2  14  2  0.4336E-07
 1  2  14  2  0.4415E-07
 1  2  14  2  0.4434E-07
 1  2  14  2  0.4433E-07
 1  2  14  2  0.4240E-07
 1  2  14  2  0.4149E-07
 1  2  14  2  0.4259E-07
 1  2  15  2  0.5017E-07
 1  2  15  2  0.4661E-07
 1  2  15  2  0.4859E-07
 1  2  15  2  0.4706E-07
 1  2  15  2  0.4711E-07
 1  2  15  2  0.4953E-07
 1  2  15  2  0.4637E-07
 1  2  15  2  0.4598E-07
 1  2  15  2  0.4647E-07
 1  2  15  2  0.4533E-07
 1  2  16  2  0.5249E-07
 1  2  16  2  0.4732E-07
 1  2  16  2  0.4679E-07
 1  2  16  2  0.4671E-07
 1  2  16  2  0.4855E-07
 1  2  16  2  0.4952E-07
 1  2  16  2  0.4758E-07
 1  2  16  2  0.4703E-07
 1  2  16  2  0.4781E-07
 1  2  16  2  0.4631E-07
 1  2  17  2  0.5567E-07
 1  2  17  2  0.5482E-07
 1  2  17  2  0.5286E-07
 1  2  17  2  0.5272E-07
 1  2  17  2  0.5340E-07
 1  2  17  2  0.5248E-07
 1  2  17  2  0.5323E-07
 1  2  17  2  0.5258E-07
 1  2  17  2  0.5281E-07
 1  2  17  2  0.5259E-07
 1  2  18  2  0.5621E-07
 1  2  18  2  0.5295E-07
 1  2  18  2  0.5338E-07
 1  2  18  2  0.5347E-07
 1  2  18  2  0.5372E-07
 1  2  18  2  0.5376E-07
 1  2  18  2  0.5601E-07
 1  2  18  2  0.5359E-07
 1  2  18  2  0.5338E-07
 1  2  18  2  0.5358E-07
 1  2  19  2  0.6456E-07
 1  2  19  2  0.5939E-07
 1  2  19  2  0.6002E-07
 1  2  19  2  0.6041E-07
 1  2  19  2  0.5710E-07
 1  2  19  2  0.5990E-07
 1  2  19  2  0.5790E-07
 1  2  19  2  0.6026E-07
 1  2  19  2  0.5885E-07
 1  2  19  2  0.5863E-07
 1  2  20  2  0.5852E-07
 1  2  20  2  0.5664E-07
 1  2  20  2  0.5504E-07
 1  2  20  2  0.5523E-07
 1  2  20  2  0.5593E-07
 1  2  20  2  0.5642E-07
 1  2  20  2  0.5617E-07
 1  2  20  2  0.5798E-07
 1  2  20  2  0.5727E-07
 1  2  20  2  0.5608E-07
