 1  2  3  2  0.8404E-06
 1  2  3  2  0.6108E-06
 1  2  3  2  0.3826E-06
 1  2  3  2  0.6549E-06
 1  2  3  2  0.2458E-06
 1  2  3  2  0.3826E-06
 1  2  3  2  0.2399E-06
 1  2  3  2  0.6476E-06
 1  2  3  2  0.2399E-06
 1  2  3  2  0.2472E-06
 1  2  4  2  0.5048E-06
 1  2  4  2  0.2862E-06
 1  2  4  2  0.2844E-06
 1  2  4  2  0.2813E-06
 1  2  4  2  0.1118E-06
 1  2  4  2  0.1198E-06
 1  2  4  2  0.2993E-06
 1  2  4  2  0.2813E-06
 1  2  4  2  0.1093E-06
 1  2  4  2  0.2788E-06
 1  2  5  2  0.2562E-06
 1  2  5  2  0.1720E-06
 1  2  5  2  0.1666E-06
 1  2  5  2  0.1494E-06
 1  2  5  2  0.2174E-06
 1  2  5  2  0.1427E-06
 1  2  5  2  0.1440E-06
 1  2  5  2  0.1399E-06
 1  2  5  2  0.2546E-06
 1  2  5  2  0.1828E-06
 1  2  6  2  0.1164E-06
 1  2  6  2  0.1365E-06
 1  2  6  2  0.1157E-06
 1  2  6  2  0.7487E-07
 1  2  6  2  0.5795E-07
 1  2  6  2  0.5776E-07
 1  2  6  2  0.5721E-07
 1  2  6  2  0.5721E-07
 1  2  6  2  0.5795E-07
 1  2  6  2  0.1542E-06
 1  2  7  2  0.9812E-07
 1  2  7  2  0.1025E-06
 1  2  7  2  0.7577E-07
 1  2  7  2  0.9187E-07
 1  2  7  2  0.1040E-06
 1  2  7  2  0.7866E-07
 1  2  7  2  0.9141E-07
 1  2  7  2  0.9094E-07
 1  2  7  2  0.5097E-07
 1  2  7  2  0.5966E-07
 1  2  8  2  0.7583E-07
 1  2  8  2  0.7264E-07
 1  2  8  2  0.5898E-07
 1  2  8  2  0.5277E-07
 1  2  8  2  0.5860E-07
 1  2  8  2  0.7590E-07
 1  2  8  2  0.6349E-07
 1  2  8  2  0.6380E-07
 1  2  8  2  0.6837E-07
 1  2  8  2  0.6349E-07
 1  2  9  2  0.7337E-07
 1  2  9  2  0.6219E-07
 1  2  9  2  0.4551E-07
 1  2  9  2  0.5467E-07
 1  2  9  2  0.5554E-07
 1  2  9  2  0.5511E-07
 1  2  9  2  0.4775E-07
 1  2  9  2  0.5789E-07
 1  2  9  2  0.5941E-07
 1  2  9  2  0.4753E-07
 1  2  10  2  0.7284E-07
 1  2  10  2  0.7216E-07
 1  2  10  2  0.6998E-07
 1  2  10  2  0.6068E-07
 1  2  10  2  0.5869E-07
 1  2  10  2  0.5833E-07
 1  2  10  2  0.5881E-07
 1  2  10  2  0.5833E-07
 1  2  10  2  0.6115E-07
 1  2  10  2  0.5798E-07
 1  2  11  2  0.6562E-07
 1  2  11  2  0.6037E-07
 1  2  11  2  0.6386E-07
 1  2  11  2  0.5962E-07
 1  2  11  2  0.5825E-07
 1  2  11  2  0.5711E-07
 1  2  11  2  0.5962E-07
 1  2  11  2  0.5183E-07
 1  2  11  2  0.5923E-07
 1  2  11  2  0.5660E-07
 1  2  12  2  0.4753E-07
 1  2  12  2  0.4795E-07
 1  2  12  2  0.4551E-07
 1  2  12  2  0.4620E-07
 1  2  12  2  0.4351E-07
 1  2  12  2  0.4535E-07
 1  2  12  2  0.4330E-07
 1  2  12  2  0.4553E-07
 1  2  12  2  0.4321E-07
 1  2  12  2  0.4804E-07
 1  2  13  2  0.4916E-07
 1  2  13  2  0.4674E-07
 1  2  13  2  0.4370E-07
 1  2  13  2  0.4666E-07
 1  2  13  2  0.4802E-07
 1  2  13  2  0.4467E-07
 1  2  13  2  0.4339E-07
 1  2  13  2  0.4574E-07
 1  2  13  2  0.4422E-07
 1  2  13  2  0.4339E-07
 1  2  14  2  0.4489E-07
 1  2  14  2  0.3930E-07
 1  2  14  2  0.4130E-07
 1  2  14  2  0.4318E-07
 1  2  14  2  0.4221E-07
 1  2  14  2  0.3717E-07
 1  2  14  2  0.4173E-07
 1  2  14  2  0.4204E-07
 1  2  14  2  0.4166E-07
 1  2  14  2  0.3924E-07
 1  2  15  2  0.4859E-07
 1  2  15  2  0.4429E-07
 1  2  15  2  0.4301E-07
 1  2  15  2  0.4409E-07
 1  2  15  2  0.4321E-07
 1  2  15  2  0.4335E-07
 1  2  15  2  0.4469E-07
 1  2  15  2  0.4430E-07
 1  2  15  2  0.4321E-07
 1  2  15  2  0.4425E-07
 1  2  16  2  0.4862E-07
 1  2  16  2  0.4565E-07
 1  2  16  2  0.4558E-07
 1  2  16  2  0.4488E-07
 1  2  16  2  0.4493E-07
 1  2  16  2  0.4526E-07
 1  2  16  2  0.4513E-07
 1  2  16  2  0.4415E-07
 1  2  16  2  0.4472E-07
 1  2  16  2  0.4484E-07
 1  2  17  2  0.5153E-07
 1  2  17  2  0.5108E-07
 1  2  17  2  0.4922E-07
 1  2  17  2  0.5105E-07
 1  2  17  2  0.4895E-07
 1  2  17  2  0.4960E-07
 1  2  17  2  0.4990E-07
 1  2  17  2  0.4888E-07
 1  2  17  2  0.4952E-07
 1  2  17  2  0.5006E-07
 1  2  18  2  0.5616E-07
 1  2  18  2  0.5210E-07
 1  2  18  2  0.5152E-07
 1  2  18  2  0.5273E-07
 1  2  18  2  0.5193E-07
 1  2  18  2  0.5181E-07
 1  2  18  2  0.5230E-07
 1  2  18  2  0.5239E-07
 1  2  18  2  0.5196E-07
 1  2  18  2  0.5127E-07
 1  2  19  2  0.6118E-07
 1  2  19  2  0.5511E-07
 1  2  19  2  0.5613E-07
 1  2  19  2  0.5506E-07
 1  2  19  2  0.5574E-07
 1  2  19  2  0.5598E-07
 1  2  19  2  0.5555E-07
 1  2  19  2  0.5659E-07
 1  2  19  2  0.5542E-07
 1  2  19  2  0.5604E-07
 1  2  20  2  0.4042E-07
 1  2  20  2  0.4033E-07
 1  2  20  2  0.4021E-07
 1  2  20  2  0.4110E-07
 1  2  20  2  0.5390E-07
 1  2  20  2  0.5413E-07
 1  2  20  2  0.5412E-07
 1  2  20  2  0.5439E-07
 1  2  20  2  0.5348E-07
 1  2  20  2  0.6052E-07
