 1  1  3  1  0.1659E-06
 1  1  3  1  0.1622E-06
 1  1  3  1  0.1633E-06
 1  1  3  1  0.1600E-06
 1  1  3  1  0.1612E-06
 1  1  3  1  0.1643E-06
 1  1  3  1  0.1616E-06
 1  1  3  1  0.1611E-06
 1  1  3  1  0.1651E-06
 1  1  3  1  0.1604E-06
 1  1  4  1  0.3601E-06
 1  1  4  1  0.2446E-06
 1  1  4  1  0.2558E-06
 1  1  4  1  0.2508E-06
 1  1  4  1  0.2595E-06
 1  1  4  1  0.2558E-06
 1  1  4  1  0.2496E-06
 1  1  4  1  0.2446E-06
 1  1  4  1  0.2558E-06
 1  1  4  1  0.2446E-06
 1  1  5  1  0.2480E-06
 1  1  5  1  0.1787E-06
 1  1  5  1  0.2664E-06
 1  1  5  1  0.1869E-06
 1  1  5  1  0.1844E-06
 1  1  5  1  0.1812E-06
 1  1  5  1  0.1818E-06
 1  1  5  1  0.1812E-06
 1  1  5  1  0.1812E-06
 1  1  5  1  0.1787E-06
 1  1  6  1  0.1637E-06
 1  1  6  1  0.1266E-06
 1  1  6  1  0.1343E-06
 1  1  6  1  0.1262E-06
 1  1  6  1  0.1251E-06
 1  1  6  1  0.1310E-06
 1  1  6  1  0.1280E-06
 1  1  6  1  0.1251E-06
 1  1  6  1  0.1233E-06
 1  1  6  1  0.1251E-06
 1  1  7  1  0.1244E-06
 1  1  7  1  0.1040E-06
 1  1  7  1  0.1050E-06
 1  1  7  1  0.1040E-06
 1  1  7  1  0.1031E-06
 1  1  7  1  0.1031E-06
 1  1  7  1  0.1022E-06
 1  1  7  1  0.1019E-06
 1  1  7  1  0.1223E-06
 1  1  7  1  0.1077E-06
 1  1  8  1  0.9903E-07
 1  1  8  1  0.9624E-07
 1  1  8  1  0.9049E-07
 1  1  8  1  0.1028E-06
 1  1  8  1  0.9437E-07
 1  1  8  1  0.9049E-07
 1  1  8  1  0.8925E-07
 1  1  8  1  0.8848E-07
 1  1  8  1  0.1009E-06
 1  1  8  1  0.9251E-07
 1  1  9  1  0.7871E-07
 1  1  9  1  0.6770E-07
 1  1  9  1  0.6770E-07
 1  1  9  1  0.7631E-07
 1  1  9  1  0.6486E-07
 1  1  9  1  0.6486E-07
 1  1  9  1  0.6443E-07
 1  1  9  1  0.6497E-07
 1  1  9  1  0.7413E-07
 1  1  9  1  0.6443E-07
 1  1  10  1  0.1043E-06
 1  1  10  1  0.1023E-06
 1  1  10  1  0.9402E-07
 1  1  10  1  0.9433E-07
 1  1  10  1  0.1050E-06
 1  1  10  1  0.9537E-07
 1  1  10  1  0.9465E-07
 1  1  10  1  0.9505E-07
 1  1  10  1  0.9370E-07
 1  1  10  1  0.1020E-06
 1  1  11  1  0.1050E-06
 1  1  11  1  0.9792E-07
 1  1  11  1  0.9141E-07
 1  1  11  1  0.9416E-07
 1  1  11  1  0.9219E-07
 1  1  11  1  0.9565E-07
 1  1  11  1  0.9267E-07
 1  1  11  1  0.9864E-07
 1  1  11  1  0.9243E-07
 1  1  11  1  0.9745E-07
 1  1  12  1  0.8122E-07
 1  1  12  1  0.8623E-07
 1  1  12  1  0.7639E-07
 1  1  12  1  0.8122E-07
 1  1  12  1  0.7584E-07
 1  1  12  1  0.7929E-07
 1  1  12  1  0.7694E-07
 1  1  12  1  0.8214E-07
 1  1  12  1  0.7699E-07
 1  1  12  1  0.8140E-07
 1  1  13  1  0.9072E-07
 1  1  13  1  0.8465E-07
 1  1  13  1  0.8345E-07
 1  1  13  1  0.8588E-07
 1  1  13  1  0.8041E-07
 1  1  13  1  0.8468E-07
 1  1  13  1  0.8027E-07
 1  1  13  1  0.8059E-07
 1  1  13  1  0.8483E-07
 1  1  13  1  0.7965E-07
 1  1  14  1  0.7603E-07
 1  1  14  1  0.7081E-07
 1  1  14  1  0.6511E-07
 1  1  14  1  0.7020E-07
 1  1  14  1  0.6960E-07
 1  1  14  1  0.6488E-07
 1  1  14  1  0.7009E-07
 1  1  14  1  0.6960E-07
 1  1  14  1  0.6499E-07
 1  1  14  1  0.7009E-07
 1  1  15  1  0.8159E-07
 1  1  15  1  0.7735E-07
 1  1  15  1  0.7705E-07
 1  1  15  1  0.7684E-07
 1  1  15  1  0.7644E-07
 1  1  15  1  0.7587E-07
 1  1  15  1  0.7309E-07
 1  1  15  1  0.7575E-07
 1  1  15  1  0.7526E-07
 1  1  15  1  0.7752E-07
 1  1  16  1  0.8805E-07
 1  1  16  1  0.8593E-07
 1  1  16  1  0.8382E-07
 1  1  16  1  0.8545E-07
 1  1  16  1  0.8553E-07
 1  1  16  1  0.8479E-07
 1  1  16  1  0.8423E-07
 1  1  16  1  0.8349E-07
 1  1  16  1  0.8349E-07
 1  1  16  1  0.8448E-07
 1  1  17  1  0.9769E-07
 1  1  17  1  0.9688E-07
 1  1  17  1  0.9397E-07
 1  1  17  1  0.9526E-07
 1  1  17  1  0.9403E-07
 1  1  17  1  0.9526E-07
 1  1  17  1  0.9363E-07
 1  1  17  1  0.9539E-07
 1  1  17  1  0.9329E-07
 1  1  17  1  0.9567E-07
 1  1  18  1  0.9837E-07
 1  1  18  1  0.9424E-07
 1  1  18  1  0.9249E-07
 1  1  18  1  0.9276E-07
 1  1  18  1  0.9442E-07
 1  1  18  1  0.9499E-07
 1  1  18  1  0.9431E-07
 1  1  18  1  0.9253E-07
 1  1  18  1  0.9351E-07
 1  1  18  1  0.9528E-07
 1  1  19  1  0.1052E-06
 1  1  19  1  0.1028E-06
 1  1  19  1  0.1057E-06
 1  1  19  1  0.1026E-06
 1  1  19  1  0.1030E-06
 1  1  19  1  0.1032E-06
 1  1  19  1  0.1036E-06
 1  1  19  1  0.1026E-06
 1  1  19  1  0.1032E-06
 1  1  19  1  0.1028E-06
 1  1  20  1  0.1045E-06
 1  1  20  1  0.1008E-06
 1  1  20  1  0.1028E-06
 1  1  20  1  0.1003E-06
 1  1  20  1  0.1029E-06
 1  1  20  1  0.1012E-06
 1  1  20  1  0.1010E-06
 1  1  20  1  0.1032E-06
 1  1  20  1  0.1008E-06
 1  1  20  1  0.1027E-06
