 1  64  3  64  0.2992E-07
 1  64  3  64  0.6848E-07
 1  64  3  64  0.7676E-07
 1  64  3  64  0.6577E-07
 1  64  3  64  0.6499E-07
 1  64  3  64  0.5979E-07
 1  64  3  64  0.7119E-07
 1  64  3  64  0.6540E-07
 1  64  3  64  0.6577E-07
 1  64  3  64  0.5537E-07
 1  64  4  64  0.1128E-07
 1  64  4  64  0.8806E-08
 1  64  4  64  0.1847E-07
 1  64  4  64  0.1969E-07
 1  64  4  64  0.2571E-07
 1  64  4  64  0.2286E-07
 1  64  4  64  0.2474E-07
 1  64  4  64  0.2288E-07
 1  64  4  64  0.2255E-07
 1  64  4  64  0.2522E-07
 1  64  5  64  0.6491E-08
 1  64  5  64  0.5428E-08
 1  64  5  64  0.5334E-08
 1  64  5  64  0.5663E-08
 1  64  5  64  0.1012E-07
 1  64  5  64  0.1295E-07
 1  64  5  64  0.1475E-07
 1  64  5  64  0.1683E-07
 1  64  5  64  0.1696E-07
 1  64  5  64  0.1334E-07
 1  64  6  64  0.4545E-08
 1  64  6  64  0.3594E-08
 1  64  6  64  0.3549E-08
 1  64  6  64  0.3484E-08
 1  64  6  64  0.3593E-08
 1  64  6  64  0.7405E-08
 1  64  6  64  0.1027E-07
 1  64  6  64  0.1058E-07
 1  64  6  64  0.1169E-07
 1  64  6  64  0.1056E-07
 1  64  7  64  0.3342E-08
 1  64  7  64  0.2723E-08
 1  64  7  64  0.2731E-08
 1  64  7  64  0.2714E-08
 1  64  7  64  0.2721E-08
 1  64  7  64  0.2752E-08
 1  64  7  64  0.2858E-08
 1  64  7  64  0.6955E-08
 1  64  7  64  0.7805E-08
 1  64  7  64  0.8472E-08
 1  64  8  64  0.3429E-08
 1  64  8  64  0.2889E-08
 1  64  8  64  0.2776E-08
 1  64  8  64  0.2835E-08
 1  64  8  64  0.2785E-08
 1  64  8  64  0.2795E-08
 1  64  8  64  0.2833E-08
 1  64  8  64  0.2800E-08
 1  64  8  64  0.2813E-08
 1  64  8  64  0.5433E-08
 1  64  9  64  0.3261E-08
 1  64  9  64  0.3032E-08
 1  64  9  64  0.3038E-08
 1  64  9  64  0.3075E-08
 1  64  9  64  0.3056E-08
 1  64  9  64  0.3076E-08
 1  64  9  64  0.2518E-08
 1  64  9  64  0.2532E-08
 1  64  9  64  0.2598E-08
 1  64  9  64  0.2696E-08
 1  64  10  64  0.2954E-08
 1  64  10  64  0.2731E-08
 1  64  10  64  0.2698E-08
 1  64  10  64  0.2705E-08
 1  64  10  64  0.2702E-08
 1  64  10  64  0.2706E-08
 1  64  10  64  0.2705E-08
 1  64  10  64  0.2724E-08
 1  64  10  64  0.2704E-08
 1  64  10  64  0.2714E-08
 1  64  11  64  0.2963E-08
 1  64  11  64  0.2716E-08
 1  64  11  64  0.2721E-08
 1  64  11  64  0.2703E-08
 1  64  11  64  0.2727E-08
 1  64  11  64  0.2705E-08
 1  64  11  64  0.2719E-08
 1  64  11  64  0.2712E-08
 1  64  11  64  0.2711E-08
 1  64  11  64  0.2722E-08
 1  64  12  64  0.2913E-08
 1  64  12  64  0.2548E-08
 1  64  12  64  0.2565E-08
 1  64  12  64  0.2545E-08
 1  64  12  64  0.2545E-08
 1  64  12  64  0.2537E-08
 1  64  12  64  0.2530E-08
 1  64  12  64  0.2539E-08
 1  64  12  64  0.2522E-08
 1  64  12  64  0.2527E-08
 1  64  13  64  0.2821E-08
 1  64  13  64  0.2574E-08
 1  64  13  64  0.2538E-08
 1  64  13  64  0.2547E-08
 1  64  13  64  0.2538E-08
 1  64  13  64  0.2538E-08
 1  64  13  64  0.2542E-08
 1  64  13  64  0.2546E-08
 1  64  13  64  0.2542E-08
 1  64  13  64  0.2543E-08
 1  64  14  64  0.2737E-08
 1  64  14  64  0.2437E-08
 1  64  14  64  0.2398E-08
 1  64  14  64  0.2405E-08
 1  64  14  64  0.2415E-08
 1  64  14  64  0.2426E-08
 1  64  14  64  0.2433E-08
 1  64  14  64  0.2426E-08
 1  64  14  64  0.2410E-08
 1  64  14  64  0.2423E-08
 1  64  15  64  0.2349E-08
 1  64  15  64  0.2118E-08
 1  64  15  64  0.2104E-08
 1  64  15  64  0.2119E-08
 1  64  15  64  0.2099E-08
 1  64  15  64  0.2112E-08
 1  64  15  64  0.2113E-08
 1  64  15  64  0.2125E-08
 1  64  15  64  0.2119E-08
 1  64  15  64  0.2117E-08
 1  64  16  64  0.2789E-08
 1  64  16  64  0.2575E-08
 1  64  16  64  0.2587E-08
 1  64  16  64  0.2580E-08
 1  64  16  64  0.2588E-08
 1  64  16  64  0.2564E-08
 1  64  16  64  0.2552E-08
 1  64  16  64  0.2563E-08
 1  64  16  64  0.2576E-08
 1  64  16  64  0.2570E-08
 1  64  17  64  0.2444E-08
 1  64  17  64  0.2278E-08
 1  64  17  64  0.2280E-08
 1  64  17  64  0.2264E-08
 1  64  17  64  0.2265E-08
 1  64  17  64  0.2268E-08
 1  64  17  64  0.2280E-08
 1  64  17  64  0.2259E-08
 1  64  17  64  0.2265E-08
 1  64  17  64  0.2272E-08
 1  64  18  64  0.2234E-08
 1  64  18  64  0.2088E-08
 1  64  18  64  0.2077E-08
 1  64  18  64  0.2085E-08
 1  64  18  64  0.2083E-08
 1  64  18  64  0.2074E-08
 1  64  18  64  0.2082E-08
 1  64  18  64  0.2079E-08
 1  64  18  64  0.2086E-08
 1  64  18  64  0.2101E-08
 1  64  19  64  0.2304E-08
 1  64  19  64  0.2184E-08
 1  64  19  64  0.2172E-08
 1  64  19  64  0.2177E-08
 1  64  19  64  0.2190E-08
 1  64  19  64  0.2189E-08
 1  64  19  64  0.2184E-08
 1  64  19  64  0.2182E-08
 1  64  19  64  0.2177E-08
 1  64  19  64  0.2173E-08
 1  64  20  64  0.2222E-08
 1  64  20  64  0.2074E-08
 1  64  20  64  0.2079E-08
 1  64  20  64  0.2085E-08
 1  64  20  64  0.2072E-08
 1  64  20  64  0.2067E-08
 1  64  20  64  0.2071E-08
 1  64  20  64  0.2075E-08
 1  64  20  64  0.2070E-08
 1  64  20  64  0.2083E-08
