 1  32  3  32  0.3700E-06
 1  32  3  32  0.8058E-07
 1  32  3  32  0.7175E-07
 1  32  3  32  0.6981E-07
 1  32  3  32  0.7865E-07
 1  32  3  32  0.7257E-07
 1  32  3  32  0.7405E-07
 1  32  3  32  0.7331E-07
 1  32  3  32  0.7947E-07
 1  32  3  32  0.6752E-07
 1  32  4  32  0.1318E-06
 1  32  4  32  0.3857E-07
 1  32  4  32  0.3465E-07
 1  32  4  32  0.3714E-07
 1  32  4  32  0.3516E-07
 1  32  4  32  0.3128E-07
 1  32  4  32  0.3271E-07
 1  32  4  32  0.4051E-07
 1  32  4  32  0.3007E-07
 1  32  4  32  0.3531E-07
 1  32  5  32  0.9376E-07
 1  32  5  32  0.2466E-07
 1  32  5  32  0.2007E-07
 1  32  5  32  0.1808E-07
 1  32  5  32  0.1800E-07
 1  32  5  32  0.1808E-07
 1  32  5  32  0.2027E-07
 1  32  5  32  0.1816E-07
 1  32  5  32  0.1860E-07
 1  32  5  32  0.1983E-07
 1  32  6  32  0.5286E-07
 1  32  6  32  0.1383E-07
 1  32  6  32  0.1404E-07
 1  32  6  32  0.1567E-07
 1  32  6  32  0.1360E-07
 1  32  6  32  0.1282E-07
 1  32  6  32  0.1264E-07
 1  32  6  32  0.1167E-07
 1  32  6  32  0.1202E-07
 1  32  6  32  0.1259E-07
 1  32  7  32  0.3025E-07
 1  32  7  32  0.1012E-07
 1  32  7  32  0.7566E-08
 1  32  7  32  0.8175E-08
 1  32  7  32  0.7624E-08
 1  32  7  32  0.7928E-08
 1  32  7  32  0.8566E-08
 1  32  7  32  0.7682E-08
 1  32  7  32  0.7805E-08
 1  32  7  32  0.9022E-08
 1  32  8  32  0.1915E-07
 1  32  8  32  0.7669E-08
 1  32  8  32  0.6713E-08
 1  32  8  32  0.6490E-08
 1  32  8  32  0.7732E-08
 1  32  8  32  0.6063E-08
 1  32  8  32  0.7019E-08
 1  32  8  32  0.6204E-08
 1  32  8  32  0.6088E-08
 1  32  8  32  0.7523E-08
 1  32  9  32  0.1753E-07
 1  32  9  32  0.5529E-08
 1  32  9  32  0.5216E-08
 1  32  9  32  0.5516E-08
 1  32  9  32  0.5332E-08
 1  32  9  32  0.7457E-08
 1  32  9  32  0.7958E-08
 1  32  9  32  0.7604E-08
 1  32  9  32  0.5945E-08
 1  32  9  32  0.5386E-08
 1  32  10  32  0.1346E-07
 1  32  10  32  0.5677E-08
 1  32  10  32  0.5635E-08
 1  32  10  32  0.5970E-08
 1  32  10  32  0.5657E-08
 1  32  10  32  0.7468E-08
 1  32  10  32  0.8439E-08
 1  32  10  32  0.6365E-08
 1  32  10  32  0.5834E-08
 1  32  10  32  0.5648E-08
 1  32  11  32  0.3368E-08
 1  32  11  32  0.3274E-08
 1  32  11  32  0.3290E-08
 1  32  11  32  0.3270E-08
 1  32  11  32  0.3248E-08
 1  32  11  32  0.3285E-08
 1  32  11  32  0.3257E-08
 1  32  11  32  0.3280E-08
 1  32  11  32  0.3267E-08
 1  32  11  32  0.3297E-08
 1  32  12  32  0.3105E-08
 1  32  12  32  0.3064E-08
 1  32  12  32  0.3074E-08
 1  32  12  32  0.3086E-08
 1  32  12  32  0.3055E-08
 1  32  12  32  0.3052E-08
 1  32  12  32  0.3029E-08
 1  32  12  32  0.3067E-08
 1  32  12  32  0.3044E-08
 1  32  12  32  0.3032E-08
 1  32  13  32  0.3214E-08
 1  32  13  32  0.3262E-08
 1  32  13  32  0.3195E-08
 1  32  13  32  0.3183E-08
 1  32  13  32  0.3209E-08
 1  32  13  32  0.3160E-08
 1  32  13  32  0.3219E-08
 1  32  13  32  0.3206E-08
 1  32  13  32  0.3189E-08
 1  32  13  32  0.3196E-08
 1  32  14  32  0.3186E-08
 1  32  14  32  0.3163E-08
 1  32  14  32  0.3146E-08
 1  32  14  32  0.3141E-08
 1  32  14  32  0.3140E-08
 1  32  14  32  0.3139E-08
 1  32  14  32  0.3141E-08
 1  32  14  32  0.3146E-08
 1  32  14  32  0.3152E-08
 1  32  14  32  0.3147E-08
 1  32  15  32  0.3398E-08
 1  32  15  32  0.3364E-08
 1  32  15  32  0.3368E-08
 1  32  15  32  0.3364E-08
 1  32  15  32  0.3364E-08
 1  32  15  32  0.3359E-08
 1  32  15  32  0.3358E-08
 1  32  15  32  0.3382E-08
 1  32  15  32  0.3382E-08
 1  32  15  32  0.3385E-08
 1  32  16  32  0.3182E-08
 1  32  16  32  0.3143E-08
 1  32  16  32  0.3144E-08
 1  32  16  32  0.3137E-08
 1  32  16  32  0.3144E-08
 1  32  16  32  0.3146E-08
 1  32  16  32  0.3150E-08
 1  32  16  32  0.3138E-08
 1  32  16  32  0.3144E-08
 1  32  16  32  0.3136E-08
 1  32  17  32  0.3722E-08
 1  32  17  32  0.3679E-08
 1  32  17  32  0.3683E-08
 1  32  17  32  0.3673E-08
 1  32  17  32  0.3675E-08
 1  32  17  32  0.3697E-08
 1  32  17  32  0.3676E-08
 1  32  17  32  0.3691E-08
 1  32  17  32  0.3686E-08
 1  32  17  32  0.3673E-08
 1  32  18  32  0.3562E-08
 1  32  18  32  0.3551E-08
 1  32  18  32  0.3554E-08
 1  32  18  32  0.3535E-08
 1  32  18  32  0.3556E-08
 1  32  18  32  0.3531E-08
 1  32  18  32  0.3533E-08
 1  32  18  32  0.3539E-08
 1  32  18  32  0.3527E-08
 1  32  18  32  0.3580E-08
 1  32  19  32  0.3361E-08
 1  32  19  32  0.3340E-08
 1  32  19  32  0.3335E-08
 1  32  19  32  0.3335E-08
 1  32  19  32  0.3340E-08
 1  32  19  32  0.3334E-08
 1  32  19  32  0.3335E-08
 1  32  19  32  0.3328E-08
 1  32  19  32  0.3336E-08
 1  32  19  32  0.3339E-08
 1  32  20  32  0.3226E-08
 1  32  20  32  0.3208E-08
 1  32  20  32  0.3210E-08
 1  32  20  32  0.3211E-08
 1  32  20  32  0.3214E-08
 1  32  20  32  0.3210E-08
 1  32  20  32  0.3212E-08
 1  32  20  32  0.3214E-08
 1  32  20  32  0.3214E-08
 1  32  20  32  0.3216E-08
