 1  1  3  1  0.1222E-06
 1  1  3  1  0.1199E-06
 1  1  3  1  0.1211E-06
 1  1  3  1  0.1196E-06
 1  1  3  1  0.1202E-06
 1  1  3  1  0.1198E-06
 1  1  3  1  0.1202E-06
 1  1  3  1  0.1201E-06
 1  1  3  1  0.1184E-06
 1  1  3  1  0.1203E-06
 1  1  4  1  0.4172E-06
 1  1  4  1  0.2397E-06
 1  1  4  1  0.2446E-06
 1  1  4  1  0.2347E-06
 1  1  4  1  0.2446E-06
 1  1  4  1  0.2496E-06
 1  1  4  1  0.2347E-06
 1  1  4  1  0.2347E-06
 1  1  4  1  0.2347E-06
 1  1  4  1  0.2347E-06
 1  1  5  1  0.2581E-06
 1  1  5  1  0.1812E-06
 1  1  5  1  0.1812E-06
 1  1  5  1  0.1736E-06
 1  1  5  1  0.1729E-06
 1  1  5  1  0.1761E-06
 1  1  5  1  0.1761E-06
 1  1  5  1  0.1787E-06
 1  1  5  1  0.1761E-06
 1  1  5  1  0.1812E-06
 1  1  6  1  0.1696E-06
 1  1  6  1  0.1236E-06
 1  1  6  1  0.1218E-06
 1  1  6  1  0.1222E-06
 1  1  6  1  0.1527E-06
 1  1  6  1  0.1251E-06
 1  1  6  1  0.1218E-06
 1  1  6  1  0.1236E-06
 1  1  6  1  0.1218E-06
 1  1  6  1  0.1203E-06
 1  1  7  1  0.1506E-06
 1  1  7  1  0.1050E-06
 1  1  7  1  0.1019E-06
 1  1  7  1  0.1022E-06
 1  1  7  1  0.9917E-07
 1  1  7  1  0.1001E-06
 1  1  7  1  0.1244E-06
 1  1  7  1  0.1029E-06
 1  1  7  1  0.1010E-06
 1  1  7  1  0.1003E-06
 1  1  8  1  0.1178E-06
 1  1  8  1  0.9763E-07
 1  1  8  1  0.9701E-07
 1  1  8  1  0.1023E-06
 1  1  8  1  0.9577E-07
 1  1  8  1  0.9313E-07
 1  1  8  1  0.9298E-07
 1  1  8  1  0.9189E-07
 1  1  8  1  0.9903E-07
 1  1  8  1  0.9174E-07
 1  1  9  1  0.8144E-07
 1  1  9  1  0.6672E-07
 1  1  9  1  0.6541E-07
 1  1  9  1  0.8045E-07
 1  1  9  1  0.6628E-07
 1  1  9  1  0.6443E-07
 1  1  9  1  0.6356E-07
 1  1  9  1  0.6356E-07
 1  1  9  1  0.7369E-07
 1  1  9  1  0.6639E-07
 1  1  10  1  0.1253E-06
 1  1  10  1  0.1124E-06
 1  1  10  1  0.1206E-06
 1  1  10  1  0.1156E-06
 1  1  10  1  0.1220E-06
 1  1  10  1  0.1133E-06
 1  1  10  1  0.1090E-06
 1  1  10  1  0.1224E-06
 1  1  10  1  0.1100E-06
 1  1  10  1  0.1174E-06
 1  1  11  1  0.1037E-06
 1  1  11  1  0.1011E-06
 1  1  11  1  0.9440E-07
 1  1  11  1  0.1029E-06
 1  1  11  1  0.9416E-07
 1  1  11  1  0.9989E-07
 1  1  11  1  0.9339E-07
 1  1  11  1  0.9165E-07
 1  1  11  1  0.9870E-07
 1  1  11  1  0.9165E-07
 1  1  12  1  0.9125E-07
 1  1  12  1  0.7947E-07
 1  1  12  1  0.8449E-07
 1  1  12  1  0.7851E-07
 1  1  12  1  0.8352E-07
 1  1  12  1  0.7736E-07
 1  1  12  1  0.8297E-07
 1  1  12  1  0.7658E-07
 1  1  12  1  0.8255E-07
 1  1  12  1  0.7773E-07
 1  1  13  1  0.9271E-07
 1  1  13  1  0.8772E-07
 1  1  13  1  0.8103E-07
 1  1  13  1  0.8146E-07
 1  1  13  1  0.8631E-07
 1  1  13  1  0.8041E-07
 1  1  13  1  0.8526E-07
 1  1  13  1  0.8616E-07
 1  1  13  1  0.8041E-07
 1  1  13  1  0.8602E-07
 1  1  14  1  0.7533E-07
 1  1  14  1  0.6450E-07
 1  1  14  1  0.6777E-07
 1  1  14  1  0.7020E-07
 1  1  14  1  0.6412E-07
 1  1  14  1  0.6899E-07
 1  1  14  1  0.7035E-07
 1  1  14  1  0.6462E-07
 1  1  14  1  0.6925E-07
 1  1  14  1  0.7047E-07
 1  1  15  1  0.8484E-07
 1  1  15  1  0.8140E-07
 1  1  15  1  0.8138E-07
 1  1  15  1  0.7702E-07
 1  1  15  1  0.7702E-07
 1  1  15  1  0.7684E-07
 1  1  15  1  0.8110E-07
 1  1  15  1  0.8030E-07
 1  1  15  1  0.8979E-07
 1  1  15  1  0.7702E-07
 1  1  16  1  0.8659E-07
 1  1  16  1  0.8277E-07
 1  1  16  1  0.8448E-07
 1  1  16  1  0.8471E-07
 1  1  16  1  0.8489E-07
 1  1  16  1  0.8413E-07
 1  1  16  1  0.8277E-07
 1  1  16  1  0.8341E-07
 1  1  16  1  0.8471E-07
 1  1  16  1  0.8489E-07
 1  1  17  1  0.9560E-07
 1  1  17  1  0.9261E-07
 1  1  17  1  0.9186E-07
 1  1  17  1  0.9241E-07
 1  1  17  1  0.9207E-07
 1  1  17  1  0.9288E-07
 1  1  17  1  0.9240E-07
 1  1  17  1  0.9248E-07
 1  1  17  1  0.9499E-07
 1  1  17  1  0.9261E-07
 1  1  18  1  0.9528E-07
 1  1  18  1  0.9213E-07
 1  1  18  1  0.9442E-07
 1  1  18  1  0.9431E-07
 1  1  18  1  0.9465E-07
 1  1  18  1  0.9168E-07
 1  1  18  1  0.9401E-07
 1  1  18  1  0.9453E-07
 1  1  18  1  0.9317E-07
 1  1  18  1  0.9174E-07
 1  1  19  1  0.1063E-06
 1  1  19  1  0.1032E-06
 1  1  19  1  0.1024E-06
 1  1  19  1  0.1024E-06
 1  1  19  1  0.1021E-06
 1  1  19  1  0.1030E-06
 1  1  19  1  0.1023E-06
 1  1  19  1  0.1025E-06
 1  1  19  1  0.1018E-06
 1  1  19  1  0.1026E-06
 1  1  20  1  0.1057E-06
 1  1  20  1  0.1007E-06
 1  1  20  1  0.1020E-06
 1  1  20  1  0.1009E-06
 1  1  20  1  0.1006E-06
 1  1  20  1  0.1028E-06
 1  1  20  1  0.9967E-07
 1  1  20  1  0.1024E-06
 1  1  20  1  0.1017E-06
 1  1  20  1  0.1021E-06
