 1  32  3  32  0.7507E-07
 1  32  3  32  0.6971E-07
 1  32  3  32  0.6976E-07
 1  32  3  32  0.6917E-07
 1  32  3  32  0.6927E-07
 1  32  3  32  0.7164E-07
 1  32  3  32  0.7000E-07
 1  32  3  32  0.6970E-07
 1  32  3  32  0.7120E-07
 1  32  3  32  0.6941E-07
 1  32  4  32  0.3322E-07
 1  32  4  32  0.3166E-07
 1  32  4  32  0.3092E-07
 1  32  4  32  0.3123E-07
 1  32  4  32  0.3094E-07
 1  32  4  32  0.3113E-07
 1  32  4  32  0.3255E-07
 1  32  4  32  0.3207E-07
 1  32  4  32  0.3137E-07
 1  32  4  32  0.3114E-07
 1  32  5  32  0.1905E-07
 1  32  5  32  0.1732E-07
 1  32  5  32  0.1735E-07
 1  32  5  32  0.1776E-07
 1  32  5  32  0.1736E-07
 1  32  5  32  0.1747E-07
 1  32  5  32  0.1732E-07
 1  32  5  32  0.1737E-07
 1  32  5  32  0.1728E-07
 1  32  5  32  0.1725E-07
 1  32  6  32  0.1194E-07
 1  32  6  32  0.1147E-07
 1  32  6  32  0.1148E-07
 1  32  6  32  0.1125E-07
 1  32  6  32  0.1135E-07
 1  32  6  32  0.1135E-07
 1  32  6  32  0.1125E-07
 1  32  6  32  0.1112E-07
 1  32  6  32  0.1130E-07
 1  32  6  32  0.1109E-07
 1  32  7  32  0.8379E-08
 1  32  7  32  0.8019E-08
 1  32  7  32  0.7810E-08
 1  32  7  32  0.7892E-08
 1  32  7  32  0.7816E-08
 1  32  7  32  0.7817E-08
 1  32  7  32  0.7826E-08
 1  32  7  32  0.7827E-08
 1  32  7  32  0.7823E-08
 1  32  7  32  0.7787E-08
 1  32  8  32  0.6281E-08
 1  32  8  32  0.5871E-08
 1  32  8  32  0.5879E-08
 1  32  8  32  0.5849E-08
 1  32  8  32  0.5812E-08
 1  32  8  32  0.5811E-08
 1  32  8  32  0.5842E-08
 1  32  8  32  0.5824E-08
 1  32  8  32  0.5821E-08
 1  32  8  32  0.5870E-08
 1  32  9  32  0.5330E-08
 1  32  9  32  0.5109E-08
 1  32  9  32  0.5044E-08
 1  32  9  32  0.5026E-08
 1  32  9  32  0.5011E-08
 1  32  9  32  0.5065E-08
 1  32  9  32  0.5031E-08
 1  32  9  32  0.5040E-08
 1  32  9  32  0.5087E-08
 1  32  9  32  0.5071E-08
 1  32  10  32  0.4717E-08
 1  32  10  32  0.4388E-08
 1  32  10  32  0.4394E-08
 1  32  10  32  0.4360E-08
 1  32  10  32  0.4358E-08
 1  32  10  32  0.4373E-08
 1  32  10  32  0.4344E-08
 1  32  10  32  0.4370E-08
 1  32  10  32  0.4351E-08
 1  32  10  32  0.4345E-08
 1  32  11  32  0.4150E-08
 1  32  11  32  0.3898E-08
 1  32  11  32  0.3875E-08
 1  32  11  32  0.3867E-08
 1  32  11  32  0.3936E-08
 1  32  11  32  0.3853E-08
 1  32  11  32  0.3870E-08
 1  32  11  32  0.3869E-08
 1  32  11  32  0.3856E-08
 1  32  11  32  0.3850E-08
 1  32  12  32  0.3499E-08
 1  32  12  32  0.3363E-08
 1  32  12  32  0.3324E-08
 1  32  12  32  0.3326E-08
 1  32  12  32  0.3335E-08
 1  32  12  32  0.3388E-08
 1  32  12  32  0.3368E-08
 1  32  12  32  0.3358E-08
 1  32  12  32  0.3368E-08
 1  32  12  32  0.3319E-08
 1  32  13  32  0.3661E-08
 1  32  13  32  0.3494E-08
 1  32  13  32  0.3471E-08
 1  32  13  32  0.3478E-08
 1  32  13  32  0.3467E-08
 1  32  13  32  0.3497E-08
 1  32  13  32  0.3528E-08
 1  32  13  32  0.3482E-08
 1  32  13  32  0.3508E-08
 1  32  13  32  0.3526E-08
 1  32  14  32  0.3462E-08
 1  32  14  32  0.3194E-08
 1  32  14  32  0.3178E-08
 1  32  14  32  0.3175E-08
 1  32  14  32  0.3195E-08
 1  32  14  32  0.3224E-08
 1  32  14  32  0.3211E-08
 1  32  14  32  0.3200E-08
 1  32  14  32  0.3179E-08
 1  32  14  32  0.3171E-08
 1  32  15  32  0.3663E-08
 1  32  15  32  0.3422E-08
 1  32  15  32  0.3422E-08
 1  32  15  32  0.3453E-08
 1  32  15  32  0.3462E-08
 1  32  15  32  0.3452E-08
 1  32  15  32  0.3457E-08
 1  32  15  32  0.3444E-08
 1  32  15  32  0.3461E-08
 1  32  15  32  0.3434E-08
 1  32  16  32  0.3422E-08
 1  32  16  32  0.3246E-08
 1  32  16  32  0.3238E-08
 1  32  16  32  0.3237E-08
 1  32  16  32  0.3236E-08
 1  32  16  32  0.3243E-08
 1  32  16  32  0.3254E-08
 1  32  16  32  0.3269E-08
 1  32  16  32  0.3268E-08
 1  32  16  32  0.3252E-08
 1  32  17  32  0.4612E-08
 1  32  17  32  0.4506E-08
 1  32  17  32  0.4499E-08
 1  32  17  32  0.4510E-08
 1  32  17  32  0.4510E-08
 1  32  17  32  0.4505E-08
 1  32  17  32  0.4519E-08
 1  32  17  32  0.4545E-08
 1  32  17  32  0.4540E-08
 1  32  17  32  0.4546E-08
 1  32  18  32  0.4547E-08
 1  32  18  32  0.4434E-08
 1  32  18  32  0.4433E-08
 1  32  18  32  0.4445E-08
 1  32  18  32  0.4431E-08
 1  32  18  32  0.4442E-08
 1  32  18  32  0.4450E-08
 1  32  18  32  0.4444E-08
 1  32  18  32  0.4450E-08
 1  32  18  32  0.4437E-08
 1  32  19  32  0.4264E-08
 1  32  19  32  0.4183E-08
 1  32  19  32  0.4179E-08
 1  32  19  32  0.4175E-08
 1  32  19  32  0.4186E-08
 1  32  19  32  0.4168E-08
 1  32  19  32  0.4168E-08
 1  32  19  32  0.4173E-08
 1  32  19  32  0.4168E-08
 1  32  19  32  0.4178E-08
 1  32  20  32  0.4117E-08
 1  32  20  32  0.4012E-08
 1  32  20  32  0.4008E-08
 1  32  20  32  0.4010E-08
 1  32  20  32  0.4028E-08
 1  32  20  32  0.4032E-08
 1  32  20  32  0.4024E-08
 1  32  20  32  0.4010E-08
 1  32  20  32  0.4012E-08
 1  32  20  32  0.4016E-08
