 1  2  3  2  0.7712E-06
 1  2  3  2  0.7226E-06
 1  2  3  2  0.3149E-06
 1  2  3  2  0.3091E-06
 1  2  3  2  0.3076E-06
 1  2  3  2  0.3149E-06
 1  2  3  2  0.3076E-06
 1  2  3  2  0.8521E-06
 1  2  3  2  0.3017E-06
 1  2  3  2  0.3149E-06
 1  2  4  2  0.2080E-06
 1  2  4  2  0.1900E-06
 1  2  4  2  0.1850E-06
 1  2  4  2  0.4893E-06
 1  2  4  2  0.1354E-06
 1  2  4  2  0.1794E-06
 1  2  4  2  0.1794E-06
 1  2  4  2  0.1794E-06
 1  2  4  2  0.1770E-06
 1  2  4  2  0.1801E-06
 1  2  5  2  0.2308E-06
 1  2  5  2  0.1574E-06
 1  2  5  2  0.1761E-06
 1  2  5  2  0.1866E-06
 1  2  5  2  0.1574E-06
 1  2  5  2  0.1586E-06
 1  2  5  2  0.1574E-06
 1  2  5  2  0.1895E-06
 1  2  5  2  0.3080E-06
 1  2  5  2  0.2508E-06
 1  2  6  2  0.1358E-06
 1  2  6  2  0.1142E-06
 1  2  6  2  0.8334E-07
 1  2  6  2  0.8113E-07
 1  2  6  2  0.8113E-07
 1  2  6  2  0.6862E-07
 1  2  6  2  0.8021E-07
 1  2  6  2  0.8021E-07
 1  2  6  2  0.9640E-07
 1  2  6  2  0.6807E-07
 1  2  7  2  0.1308E-06
 1  2  7  2  0.9662E-07
 1  2  7  2  0.9523E-07
 1  2  7  2  0.8689E-07
 1  2  7  2  0.6557E-07
 1  2  7  2  0.1040E-06
 1  2  7  2  0.5735E-07
 1  2  7  2  0.5642E-07
 1  2  7  2  0.5538E-07
 1  2  7  2  0.5596E-07
 1  2  8  2  0.6869E-07
 1  2  8  2  0.5208E-07
 1  2  8  2  0.5829E-07
 1  2  8  2  0.6317E-07
 1  2  8  2  0.6317E-07
 1  2  8  2  0.6310E-07
 1  2  8  2  0.6900E-07
 1  2  8  2  0.5829E-07
 1  2  8  2  0.6349E-07
 1  2  8  2  0.6349E-07
 1  2  9  2  0.7751E-07
 1  2  9  2  0.5118E-07
 1  2  9  2  0.4595E-07
 1  2  9  2  0.5462E-07
 1  2  9  2  0.5511E-07
 1  2  9  2  0.5418E-07
 1  2  9  2  0.4868E-07
 1  2  9  2  0.5511E-07
 1  2  9  2  0.5484E-07
 1  2  9  2  0.5440E-07
 1  2  10  2  0.7701E-07
 1  2  10  2  0.6684E-07
 1  2  10  2  0.6135E-07
 1  2  10  2  0.6167E-07
 1  2  10  2  0.5933E-07
 1  2  10  2  0.6282E-07
 1  2  10  2  0.6501E-07
 1  2  10  2  0.6314E-07
 1  2  10  2  0.7049E-07
 1  2  10  2  0.6882E-07
 1  2  11  2  0.6437E-07
 1  2  11  2  0.6299E-07
 1  2  11  2  0.5872E-07
 1  2  11  2  0.6111E-07
 1  2  11  2  0.5747E-07
 1  2  11  2  0.5899E-07
 1  2  11  2  0.6449E-07
 1  2  11  2  0.6060E-07
 1  2  11  2  0.5786E-07
 1  2  11  2  0.6072E-07
 1  2  12  2  0.4735E-07
 1  2  12  2  0.4245E-07
 1  2  12  2  0.4447E-07
 1  2  12  2  0.4369E-07
 1  2  12  2  0.4755E-07
 1  2  12  2  0.4206E-07
 1  2  12  2  0.4551E-07
 1  2  12  2  0.4378E-07
 1  2  12  2  0.4532E-07
 1  2  12  2  0.4475E-07
 1  2  13  2  0.4930E-07
 1  2  13  2  0.5082E-07
 1  2  13  2  0.4983E-07
 1  2  13  2  0.4650E-07
 1  2  13  2  0.4643E-07
 1  2  13  2  0.4854E-07
 1  2  13  2  0.5113E-07
 1  2  13  2  0.4543E-07
 1  2  13  2  0.5106E-07
 1  2  13  2  0.4992E-07
 1  2  14  2  0.4683E-07
 1  2  14  2  0.4197E-07
 1  2  14  2  0.4372E-07
 1  2  14  2  0.4379E-07
 1  2  14  2  0.4482E-07
 1  2  14  2  0.4476E-07
 1  2  14  2  0.4137E-07
 1  2  14  2  0.4398E-07
 1  2  14  2  0.4263E-07
 1  2  14  2  0.4362E-07
 1  2  15  2  0.4963E-07
 1  2  15  2  0.4567E-07
 1  2  15  2  0.4622E-07
 1  2  15  2  0.4755E-07
 1  2  15  2  0.4622E-07
 1  2  15  2  0.5052E-07
 1  2  15  2  0.4721E-07
 1  2  15  2  0.4558E-07
 1  2  15  2  0.4616E-07
 1  2  15  2  0.4613E-07
 1  2  16  2  0.4973E-07
 1  2  16  2  0.4695E-07
 1  2  16  2  0.4793E-07
 1  2  16  2  0.4757E-07
 1  2  16  2  0.4695E-07
 1  2  16  2  0.4760E-07
 1  2  16  2  0.4704E-07
 1  2  16  2  0.4728E-07
 1  2  16  2  0.4699E-07
 1  2  16  2  0.4790E-07
 1  2  17  2  0.5356E-07
 1  2  17  2  0.5119E-07
 1  2  17  2  0.5218E-07
 1  2  17  2  0.5187E-07
 1  2  17  2  0.5078E-07
 1  2  17  2  0.5171E-07
 1  2  17  2  0.5201E-07
 1  2  17  2  0.5095E-07
 1  2  17  2  0.5204E-07
 1  2  17  2  0.5068E-07
 1  2  18  2  0.5576E-07
 1  2  18  2  0.5278E-07
 1  2  18  2  0.5330E-07
 1  2  18  2  0.5306E-07
 1  2  18  2  0.5301E-07
 1  2  18  2  0.5304E-07
 1  2  18  2  0.5336E-07
 1  2  18  2  0.5332E-07
 1  2  18  2  0.5353E-07
 1  2  18  2  0.5289E-07
 1  2  19  2  0.6145E-07
 1  2  19  2  0.5922E-07
 1  2  19  2  0.5749E-07
 1  2  19  2  0.5737E-07
 1  2  19  2  0.5778E-07
 1  2  19  2  0.5793E-07
 1  2  19  2  0.5744E-07
 1  2  19  2  0.5744E-07
 1  2  19  2  0.5757E-07
 1  2  19  2  0.5691E-07
 1  2  20  2  0.5610E-07
 1  2  20  2  0.5525E-07
 1  2  20  2  0.5644E-07
 1  2  20  2  0.5648E-07
 1  2  20  2  0.5608E-07
 1  2  20  2  0.5733E-07
 1  2  20  2  0.5482E-07
 1  2  20  2  0.5473E-07
 1  2  20  2  0.5606E-07
 1  2  20  2  0.5578E-07
