 1  2  3  2  0.8271E-06
 1  2  3  2  0.4312E-06
 1  2  3  2  0.6902E-06
 1  2  3  2  0.2840E-06
 1  2  3  2  0.2899E-06
 1  2  3  2  0.4194E-06
 1  2  3  2  0.2899E-06
 1  2  3  2  0.2899E-06
 1  2  3  2  0.2914E-06
 1  2  3  2  0.8330E-06
 1  2  4  2  0.3669E-06
 1  2  4  2  0.1254E-06
 1  2  4  2  0.1279E-06
 1  2  4  2  0.3489E-06
 1  2  4  2  0.1248E-06
 1  2  4  2  0.1279E-06
 1  2  4  2  0.1745E-06
 1  2  4  2  0.1695E-06
 1  2  4  2  0.1720E-06
 1  2  4  2  0.1720E-06
 1  2  5  2  0.1879E-06
 1  2  5  2  0.1961E-06
 1  2  5  2  0.1507E-06
 1  2  5  2  0.2906E-06
 1  2  5  2  0.1933E-06
 1  2  5  2  0.2441E-06
 1  2  5  2  0.2654E-06
 1  2  5  2  0.3042E-06
 1  2  5  2  0.1532E-06
 1  2  5  2  0.3119E-06
 1  2  6  2  0.1497E-06
 1  2  6  2  0.1133E-06
 1  2  6  2  0.6549E-07
 1  2  6  2  0.6788E-07
 1  2  6  2  0.6476E-07
 1  2  6  2  0.9493E-07
 1  2  6  2  0.8334E-07
 1  2  6  2  0.7782E-07
 1  2  6  2  0.6568E-07
 1  2  6  2  0.6623E-07
 1  2  7  2  0.1040E-06
 1  2  7  2  0.4669E-07
 1  2  7  2  0.5491E-07
 1  2  7  2  0.4669E-07
 1  2  7  2  0.5445E-07
 1  2  7  2  0.1030E-06
 1  2  7  2  0.8747E-07
 1  2  7  2  0.5584E-07
 1  2  7  2  0.9720E-07
 1  2  7  2  0.4564E-07
 1  2  8  2  0.7846E-07
 1  2  8  2  0.5146E-07
 1  2  8  2  0.6248E-07
 1  2  8  2  0.6449E-07
 1  2  8  2  0.6248E-07
 1  2  8  2  0.6186E-07
 1  2  8  2  0.6255E-07
 1  2  8  2  0.5596E-07
 1  2  8  2  0.6480E-07
 1  2  8  2  0.4983E-07
 1  2  9  2  0.7980E-07
 1  2  9  2  0.5146E-07
 1  2  9  2  0.5238E-07
 1  2  9  2  0.5146E-07
 1  2  9  2  0.4710E-07
 1  2  9  2  0.5146E-07
 1  2  9  2  0.5375E-07
 1  2  9  2  0.5467E-07
 1  2  9  2  0.5004E-07
 1  2  9  2  0.5353E-07
 1  2  10  2  0.7153E-07
 1  2  10  2  0.6131E-07
 1  2  10  2  0.7013E-07
 1  2  10  2  0.6767E-07
 1  2  10  2  0.6016E-07
 1  2  10  2  0.6684E-07
 1  2  10  2  0.5984E-07
 1  2  10  2  0.6314E-07
 1  2  10  2  0.6600E-07
 1  2  10  2  0.6668E-07
 1  2  11  2  0.6562E-07
 1  2  11  2  0.5371E-07
 1  2  11  2  0.5938E-07
 1  2  11  2  0.5460E-07
 1  2  11  2  0.6072E-07
 1  2  11  2  0.6449E-07
 1  2  11  2  0.5571E-07
 1  2  11  2  0.6135E-07
 1  2  11  2  0.5986E-07
 1  2  11  2  0.5747E-07
 1  2  12  2  0.9037E-07
 1  2  12  2  0.5333E-07
 1  2  12  2  0.4707E-07
 1  2  12  2  0.4985E-07
 1  2  12  2  0.4572E-07
 1  2  12  2  0.4755E-07
 1  2  12  2  0.4447E-07
 1  2  12  2  0.4737E-07
 1  2  12  2  0.4484E-07
 1  2  12  2  0.4447E-07
 1  2  13  2  0.5310E-07
 1  2  13  2  0.4818E-07
 1  2  13  2  0.4429E-07
 1  2  13  2  0.4641E-07
 1  2  13  2  0.4764E-07
 1  2  13  2  0.4840E-07
 1  2  13  2  0.4484E-07
 1  2  13  2  0.4854E-07
 1  2  13  2  0.4878E-07
 1  2  13  2  0.4446E-07
 1  2  14  2  0.4349E-07
 1  2  14  2  0.4337E-07
 1  2  14  2  0.4452E-07
 1  2  14  2  0.4320E-07
 1  2  14  2  0.4094E-07
 1  2  14  2  0.4052E-07
 1  2  14  2  0.4330E-07
 1  2  14  2  0.4318E-07
 1  2  14  2  0.4326E-07
 1  2  14  2  0.4294E-07
 1  2  15  2  0.5007E-07
 1  2  15  2  0.4613E-07
 1  2  15  2  0.4479E-07
 1  2  15  2  0.4454E-07
 1  2  15  2  0.4616E-07
 1  2  15  2  0.4539E-07
 1  2  15  2  0.4613E-07
 1  2  15  2  0.4618E-07
 1  2  15  2  0.4646E-07
 1  2  15  2  0.4598E-07
 1  2  16  2  0.4888E-07
 1  2  16  2  0.4736E-07
 1  2  16  2  0.4659E-07
 1  2  16  2  0.4619E-07
 1  2  16  2  0.4590E-07
 1  2  16  2  0.4663E-07
 1  2  16  2  0.4728E-07
 1  2  16  2  0.4614E-07
 1  2  16  2  0.4903E-07
 1  2  16  2  0.4630E-07
 1  2  17  2  0.5418E-07
 1  2  17  2  0.5235E-07
 1  2  17  2  0.5011E-07
 1  2  17  2  0.5190E-07
 1  2  17  2  0.5184E-07
 1  2  17  2  0.5014E-07
 1  2  17  2  0.5125E-07
 1  2  17  2  0.5231E-07
 1  2  17  2  0.5091E-07
 1  2  17  2  0.5282E-07
 1  2  18  2  0.5584E-07
 1  2  18  2  0.5324E-07
 1  2  18  2  0.5310E-07
 1  2  18  2  0.5327E-07
 1  2  18  2  0.5230E-07
 1  2  18  2  0.5261E-07
 1  2  18  2  0.5238E-07
 1  2  18  2  0.5413E-07
 1  2  18  2  0.5275E-07
 1  2  18  2  0.5267E-07
 1  2  19  2  0.5921E-07
 1  2  19  2  0.5786E-07
 1  2  19  2  0.5723E-07
 1  2  19  2  0.5827E-07
 1  2  19  2  0.5669E-07
 1  2  19  2  0.5839E-07
 1  2  19  2  0.5708E-07
 1  2  19  2  0.5805E-07
 1  2  19  2  0.5732E-07
 1  2  19  2  0.5839E-07
 1  2  20  2  0.5727E-07
 1  2  20  2  0.5517E-07
 1  2  20  2  0.5593E-07
 1  2  20  2  0.5606E-07
 1  2  20  2  0.5610E-07
 1  2  20  2  0.5482E-07
 1  2  20  2  0.5589E-07
 1  2  20  2  0.5557E-07
 1  2  20  2  0.5521E-07
 1  2  20  2  0.5648E-07
