 2  16  3  32  0.5721E-07
 2  16  3  32  0.5301E-07
 2  16  3  32  0.5349E-07
 2  16  3  32  0.5272E-07
 2  16  3  32  0.5231E-07
 2  16  3  32  0.5288E-07
 2  16  3  32  0.5227E-07
 2  16  3  32  0.5250E-07
 2  16  3  32  0.5266E-07
 2  16  3  32  0.5277E-07
 2  16  4  32  0.2638E-07
 2  16  4  32  0.2447E-07
 2  16  4  32  0.2452E-07
 2  16  4  32  0.2457E-07
 2  16  4  32  0.2462E-07
 2  16  4  32  0.2435E-07
 2  16  4  32  0.2428E-07
 2  16  4  32  0.2592E-07
 2  16  4  32  0.2481E-07
 2  16  4  32  0.2421E-07
 2  16  5  32  0.1690E-07
 2  16  5  32  0.1635E-07
 2  16  5  32  0.1616E-07
 2  16  5  32  0.1633E-07
 2  16  5  32  0.1617E-07
 2  16  5  32  0.1625E-07
 2  16  5  32  0.1631E-07
 2  16  5  32  0.1617E-07
 2  16  5  32  0.1614E-07
 2  16  5  32  0.1626E-07
 2  16  6  32  0.1159E-07
 2  16  6  32  0.1146E-07
 2  16  6  32  0.1114E-07
 2  16  6  32  0.1151E-07
 2  16  6  32  0.1110E-07
 2  16  6  32  0.1110E-07
 2  16  6  32  0.1149E-07
 2  16  6  32  0.1108E-07
 2  16  6  32  0.1110E-07
 2  16  6  32  0.1102E-07
 2  16  7  32  0.8882E-08
 2  16  7  32  0.8535E-08
 2  16  7  32  0.8448E-08
 2  16  7  32  0.8450E-08
 2  16  7  32  0.8443E-08
 2  16  7  32  0.8490E-08
 2  16  7  32  0.8615E-08
 2  16  7  32  0.8465E-08
 2  16  7  32  0.8587E-08
 2  16  7  32  0.8443E-08
 2  16  8  32  0.6147E-08
 2  16  8  32  0.5964E-08
 2  16  8  32  0.5944E-08
 2  16  8  32  0.5983E-08
 2  16  8  32  0.5989E-08
 2  16  8  32  0.5951E-08
 2  16  8  32  0.5973E-08
 2  16  8  32  0.5940E-08
 2  16  8  32  0.5929E-08
 2  16  8  32  0.5944E-08
 2  16  9  32  0.5842E-08
 2  16  9  32  0.5575E-08
 2  16  9  32  0.5600E-08
 2  16  9  32  0.5533E-08
 2  16  9  32  0.5545E-08
 2  16  9  32  0.5535E-08
 2  16  9  32  0.5511E-08
 2  16  9  32  0.5562E-08
 2  16  9  32  0.5504E-08
 2  16  9  32  0.5586E-08
 2  16  10  32  0.5591E-08
 2  16  10  32  0.5383E-08
 2  16  10  32  0.5352E-08
 2  16  10  32  0.5360E-08
 2  16  10  32  0.5373E-08
 2  16  10  32  0.5347E-08
 2  16  10  32  0.5400E-08
 2  16  10  32  0.5358E-08
 2  16  10  32  0.5345E-08
 2  16  10  32  0.5346E-08
 2  16  11  32  0.5770E-08
 2  16  11  32  0.5570E-08
 2  16  11  32  0.5562E-08
 2  16  11  32  0.5574E-08
 2  16  11  32  0.5560E-08
 2  16  11  32  0.5569E-08
 2  16  11  32  0.5545E-08
 2  16  11  32  0.5565E-08
 2  16  11  32  0.5582E-08
 2  16  11  32  0.5599E-08
 2  16  12  32  0.4839E-08
 2  16  12  32  0.4550E-08
 2  16  12  32  0.4542E-08
 2  16  12  32  0.4535E-08
 2  16  12  32  0.4523E-08
 2  16  12  32  0.4528E-08
 2  16  12  32  0.4534E-08
 2  16  12  32  0.4518E-08
 2  16  12  32  0.4516E-08
 2  16  12  32  0.4519E-08
 2  16  13  32  0.5514E-08
 2  16  13  32  0.5389E-08
 2  16  13  32  0.5381E-08
 2  16  13  32  0.5411E-08
 2  16  13  32  0.5397E-08
 2  16  13  32  0.5386E-08
 2  16  13  32  0.5385E-08
 2  16  13  32  0.5375E-08
 2  16  13  32  0.5372E-08
 2  16  13  32  0.5381E-08
 2  16  14  32  0.5430E-08
 2  16  14  32  0.5238E-08
 2  16  14  32  0.5233E-08
 2  16  14  32  0.5232E-08
 2  16  14  32  0.5241E-08
 2  16  14  32  0.5235E-08
 2  16  14  32  0.5220E-08
 2  16  14  32  0.5222E-08
 2  16  14  32  0.5226E-08
 2  16  14  32  0.5241E-08
 2  16  15  32  0.6132E-08
 2  16  15  32  0.6006E-08
 2  16  15  32  0.5992E-08
 2  16  15  32  0.5990E-08
 2  16  15  32  0.5992E-08
 2  16  15  32  0.5989E-08
 2  16  15  32  0.5993E-08
 2  16  15  32  0.5992E-08
 2  16  15  32  0.5986E-08
 2  16  15  32  0.5992E-08
 2  16  16  32  0.5647E-08
 2  16  16  32  0.5616E-08
 2  16  16  32  0.5611E-08
 2  16  16  32  0.5616E-08
 2  16  16  32  0.5620E-08
 2  16  16  32  0.5612E-08
 2  16  16  32  0.5615E-08
 2  16  16  32  0.5614E-08
 2  16  16  32  0.5609E-08
 2  16  16  32  0.5607E-08
 2  16  17  32  0.6848E-08
 2  16  17  32  0.6815E-08
 2  16  17  32  0.6809E-08
 2  16  17  32  0.6802E-08
 2  16  17  32  0.6820E-08
 2  16  17  32  0.6806E-08
 2  16  17  32  0.6795E-08
 2  16  17  32  0.6807E-08
 2  16  17  32  0.6805E-08
 2  16  17  32  0.6816E-08
 2  16  18  32  0.6671E-08
 2  16  18  32  0.6527E-08
 2  16  18  32  0.6532E-08
 2  16  18  32  0.6530E-08
 2  16  18  32  0.6533E-08
 2  16  18  32  0.6564E-08
 2  16  18  32  0.6548E-08
 2  16  18  32  0.6534E-08
 2  16  18  32  0.6528E-08
 2  16  18  32  0.6536E-08
 2  16  19  32  0.6756E-08
 2  16  19  32  0.6737E-08
 2  16  19  32  0.6735E-08
 2  16  19  32  0.6754E-08
 2  16  19  32  0.6754E-08
 2  16  19  32  0.6746E-08
 2  16  19  32  0.6755E-08
 2  16  19  32  0.6746E-08
 2  16  19  32  0.6746E-08
 2  16  19  32  0.6740E-08
 2  16  20  32  0.6440E-08
 2  16  20  32  0.6324E-08
 2  16  20  32  0.6315E-08
 2  16  20  32  0.6332E-08
 2  16  20  32  0.6330E-08
 2  16  20  32  0.6337E-08
 2  16  20  32  0.6318E-08
 2  16  20  32  0.6324E-08
 2  16  20  32  0.6319E-08
 2  16  20  32  0.6322E-08
