 2  2  3  4  0.4533E-06
 2  2  3  4  0.3613E-06
 2  2  3  4  0.3944E-06
 2  2  3  4  0.3885E-06
 2  2  3  4  0.2782E-06
 2  2  3  4  0.2782E-06
 2  2  3  4  0.3083E-06
 2  2  3  4  0.2745E-06
 2  2  3  4  0.3856E-06
 2  2  3  4  0.3952E-06
 2  2  4  4  0.1301E-06
 2  2  4  4  0.9624E-07
 2  2  4  4  0.9903E-07
 2  2  4  4  0.1810E-06
 2  2  4  4  0.1198E-06
 2  2  4  4  0.9251E-07
 2  2  4  4  0.9531E-07
 2  2  4  4  0.9531E-07
 2  2  4  4  0.9531E-07
 2  2  4  4  0.1586E-06
 2  2  5  4  0.1140E-06
 2  2  5  4  0.8329E-07
 2  2  5  4  0.8519E-07
 2  2  5  4  0.9727E-07
 2  2  5  4  0.6596E-07
 2  2  5  4  0.6612E-07
 2  2  5  4  0.6612E-07
 2  2  5  4  0.6549E-07
 2  2  5  4  0.1074E-06
 2  2  5  4  0.6596E-07
 2  2  6  4  0.8067E-07
 2  2  6  4  0.7478E-07
 2  2  6  4  0.7598E-07
 2  2  6  4  0.7561E-07
 2  2  6  4  0.6945E-07
 2  2  6  4  0.9217E-07
 2  2  6  4  0.7451E-07
 2  2  6  4  0.6752E-07
 2  2  6  4  0.9217E-07
 2  2  6  4  0.7018E-07
 2  2  7  4  0.6997E-07
 2  2  7  4  0.6123E-07
 2  2  7  4  0.5103E-07
 2  2  7  4  0.5468E-07
 2  2  7  4  0.4593E-07
 2  2  7  4  0.4153E-07
 2  2  7  4  0.4541E-07
 2  2  7  4  0.4541E-07
 2  2  7  4  0.4055E-07
 2  2  7  4  0.4982E-07
 2  2  8  4  0.5763E-07
 2  2  8  4  0.5371E-07
 2  2  8  4  0.5596E-07
 2  2  8  4  0.5274E-07
 2  2  8  4  0.5371E-07
 2  2  8  4  0.4785E-07
 2  2  8  4  0.5192E-07
 2  2  8  4  0.5045E-07
 2  2  8  4  0.5421E-07
 2  2  8  4  0.4540E-07
 2  2  9  4  0.5339E-07
 2  2  9  4  0.4720E-07
 2  2  9  4  0.4227E-07
 2  2  9  4  0.4666E-07
 2  2  9  4  0.3772E-07
 2  2  9  4  0.4756E-07
 2  2  9  4  0.4216E-07
 2  2  9  4  0.4663E-07
 2  2  9  4  0.4219E-07
 2  2  9  4  0.5579E-07
 2  2  10  4  0.6133E-07
 2  2  10  4  0.5825E-07
 2  2  10  4  0.5841E-07
 2  2  10  4  0.5809E-07
 2  2  10  4  0.5899E-07
 2  2  10  4  0.5776E-07
 2  2  10  4  0.5601E-07
 2  2  10  4  0.5575E-07
 2  2  10  4  0.5766E-07
 2  2  10  4  0.5784E-07
 2  2  11  4  0.5316E-07
 2  2  11  4  0.5434E-07
 2  2  11  4  0.5234E-07
 2  2  11  4  0.5329E-07
 2  2  11  4  0.5110E-07
 2  2  11  4  0.4977E-07
 2  2  11  4  0.4972E-07
 2  2  11  4  0.5110E-07
 2  2  11  4  0.5071E-07
 2  2  11  4  0.5177E-07
 2  2  12  4  0.4562E-07
 2  2  12  4  0.4432E-07
 2  2  12  4  0.4374E-07
 2  2  12  4  0.4354E-07
 2  2  12  4  0.4220E-07
 2  2  12  4  0.4378E-07
 2  2  12  4  0.4393E-07
 2  2  12  4  0.4345E-07
 2  2  12  4  0.4345E-07
 2  2  12  4  0.4205E-07
 2  2  13  4  0.4878E-07
 2  2  13  4  0.4802E-07
 2  2  13  4  0.4760E-07
 2  2  13  4  0.4639E-07
 2  2  13  4  0.4752E-07
 2  2  13  4  0.4719E-07
 2  2  13  4  0.4771E-07
 2  2  13  4  0.4579E-07
 2  2  13  4  0.4703E-07
 2  2  13  4  0.4844E-07
 2  2  14  4  0.4115E-07
 2  2  14  4  0.4239E-07
 2  2  14  4  0.4079E-07
 2  2  14  4  0.4200E-07
 2  2  14  4  0.4109E-07
 2  2  14  4  0.4242E-07
 2  2  14  4  0.4097E-07
 2  2  14  4  0.4194E-07
 2  2  14  4  0.4042E-07
 2  2  14  4  0.4066E-07
 2  2  15  4  0.4608E-07
 2  2  15  4  0.4462E-07
 2  2  15  4  0.4422E-07
 2  2  15  4  0.4701E-07
 2  2  15  4  0.4363E-07
 2  2  15  4  0.4503E-07
 2  2  15  4  0.4481E-07
 2  2  15  4  0.4499E-07
 2  2  15  4  0.4521E-07
 2  2  15  4  0.4435E-07
 2  2  16  4  0.4750E-07
 2  2  16  4  0.4568E-07
 2  2  16  4  0.4539E-07
 2  2  16  4  0.4502E-07
 2  2  16  4  0.4555E-07
 2  2  16  4  0.4653E-07
 2  2  16  4  0.4572E-07
 2  2  16  4  0.4519E-07
 2  2  16  4  0.4498E-07
 2  2  16  4  0.4511E-07
 2  2  17  4  0.5280E-07
 2  2  17  4  0.5149E-07
 2  2  17  4  0.5073E-07
 2  2  17  4  0.5019E-07
 2  2  17  4  0.5004E-07
 2  2  17  4  0.4980E-07
 2  2  17  4  0.4995E-07
 2  2  17  4  0.4946E-07
 2  2  17  4  0.5013E-07
 2  2  17  4  0.5012E-07
 2  2  18  4  0.5174E-07
 2  2  18  4  0.5012E-07
 2  2  18  4  0.5040E-07
 2  2  18  4  0.5146E-07
 2  2  18  4  0.5034E-07
 2  2  18  4  0.5014E-07
 2  2  18  4  0.5055E-07
 2  2  18  4  0.4991E-07
 2  2  18  4  0.5036E-07
 2  2  18  4  0.5104E-07
 2  2  19  4  0.5622E-07
 2  2  19  4  0.5418E-07
 2  2  19  4  0.5450E-07
 2  2  19  4  0.5485E-07
 2  2  19  4  0.5449E-07
 2  2  19  4  0.5444E-07
 2  2  19  4  0.5474E-07
 2  2  19  4  0.5422E-07
 2  2  19  4  0.5476E-07
 2  2  19  4  0.5493E-07
 2  2  20  4  0.4112E-07
 2  2  20  4  0.5387E-07
 2  2  20  4  0.5401E-07
 2  2  20  4  0.5477E-07
 2  2  20  4  0.5393E-07
 2  2  20  4  0.5432E-07
 2  2  20  4  0.5430E-07
 2  2  20  4  0.5383E-07
 2  2  20  4  0.5488E-07
 2  2  20  4  0.5344E-07
