 2  4  3  8  0.8157E-07
 2  4  3  8  0.8225E-07
 2  4  3  8  0.8654E-07
 2  4  3  8  0.8290E-07
 2  4  3  8  0.7889E-07
 2  4  3  8  0.8137E-07
 2  4  3  8  0.7752E-07
 2  4  3  8  0.7606E-07
 2  4  3  8  0.7434E-07
 2  4  3  8  0.8469E-07
 2  4  4  8  0.4409E-07
 2  4  4  8  0.1419E-06
 2  4  4  8  0.1419E-06
 2  4  4  8  0.1726E-06
 2  4  4  8  0.1205E-06
 2  4  4  8  0.1113E-06
 2  4  4  8  0.9174E-07
 2  4  4  8  0.1406E-06
 2  4  4  8  0.1262E-06
 2  4  4  8  0.1009E-06
 2  4  5  8  0.3211E-07
 2  4  5  8  0.4427E-07
 2  4  5  8  0.9131E-07
 2  4  5  8  0.6739E-07
 2  4  5  8  0.7137E-07
 2  4  5  8  0.8639E-07
 2  4  5  8  0.6771E-07
 2  4  5  8  0.7900E-07
 2  4  5  8  0.7335E-07
 2  4  5  8  0.8098E-07
 2  4  6  8  0.2572E-07
 2  4  6  8  0.2137E-07
 2  4  6  8  0.2208E-07
 2  4  6  8  0.1939E-07
 2  4  6  8  0.1923E-07
 2  4  6  8  0.1955E-07
 2  4  6  8  0.2072E-07
 2  4  6  8  0.1905E-07
 2  4  6  8  0.1968E-07
 2  4  6  8  0.2115E-07
 2  4  7  8  0.2044E-07
 2  4  7  8  0.1713E-07
 2  4  7  8  0.2575E-07
 2  4  7  8  0.3950E-07
 2  4  7  8  0.3924E-07
 2  4  7  8  0.4614E-07
 2  4  7  8  0.3936E-07
 2  4  7  8  0.4179E-07
 2  4  7  8  0.3901E-07
 2  4  7  8  0.3452E-07
 2  4  8  8  0.1590E-07
 2  4  8  8  0.1464E-07
 2  4  8  8  0.1418E-07
 2  4  8  8  0.1348E-07
 2  4  8  8  0.1520E-07
 2  4  8  8  0.1493E-07
 2  4  8  8  0.1434E-07
 2  4  8  8  0.1378E-07
 2  4  8  8  0.1430E-07
 2  4  8  8  0.1384E-07
 2  4  9  8  0.1901E-07
 2  4  9  8  0.1754E-07
 2  4  9  8  0.1624E-07
 2  4  9  8  0.1699E-07
 2  4  9  8  0.2949E-07
 2  4  9  8  0.2897E-07
 2  4  9  8  0.2892E-07
 2  4  9  8  0.2995E-07
 2  4  9  8  0.2704E-07
 2  4  9  8  0.2811E-07
 2  4  10  8  0.2108E-07
 2  4  10  8  0.2043E-07
 2  4  10  8  0.2033E-07
 2  4  10  8  0.2029E-07
 2  4  10  8  0.2041E-07
 2  4  10  8  0.3525E-07
 2  4  10  8  0.3517E-07
 2  4  10  8  0.3400E-07
 2  4  10  8  0.3504E-07
 2  4  10  8  0.3484E-07
 2  4  11  8  0.2040E-07
 2  4  11  8  0.1930E-07
 2  4  11  8  0.1925E-07
 2  4  11  8  0.1918E-07
 2  4  11  8  0.1916E-07
 2  4  11  8  0.1930E-07
 2  4  11  8  0.3165E-07
 2  4  11  8  0.2883E-07
 2  4  11  8  0.3050E-07
 2  4  11  8  0.2977E-07
 2  4  12  8  0.1939E-07
 2  4  12  8  0.1835E-07
 2  4  12  8  0.1840E-07
 2  4  12  8  0.1829E-07
 2  4  12  8  0.1838E-07
 2  4  12  8  0.1834E-07
 2  4  12  8  0.1836E-07
 2  4  12  8  0.2498E-07
 2  4  12  8  0.2508E-07
 2  4  12  8  0.2573E-07
 2  4  13  8  0.2006E-07
 2  4  13  8  0.1953E-07
 2  4  13  8  0.1949E-07
 2  4  13  8  0.1945E-07
 2  4  13  8  0.1948E-07
 2  4  13  8  0.1948E-07
 2  4  13  8  0.1945E-07
 2  4  13  8  0.1947E-07
 2  4  13  8  0.1951E-07
 2  4  13  8  0.1945E-07
 2  4  14  8  0.1891E-07
 2  4  14  8  0.1846E-07
 2  4  14  8  0.1836E-07
 2  4  14  8  0.1836E-07
 2  4  14  8  0.1835E-07
 2  4  14  8  0.1837E-07
 2  4  14  8  0.1838E-07
 2  4  14  8  0.1836E-07
 2  4  14  8  0.1836E-07
 2  4  14  8  0.2390E-07
 2  4  15  8  0.1899E-07
 2  4  15  8  0.1862E-07
 2  4  15  8  0.1868E-07
 2  4  15  8  0.1867E-07
 2  4  15  8  0.1859E-07
 2  4  15  8  0.1862E-07
 2  4  15  8  0.1868E-07
 2  4  15  8  0.1863E-07
 2  4  15  8  0.1863E-07
 2  4  15  8  0.1863E-07
 2  4  16  8  0.1792E-07
 2  4  16  8  0.1757E-07
 2  4  16  8  0.1757E-07
 2  4  16  8  0.1753E-07
 2  4  16  8  0.1756E-07
 2  4  16  8  0.1758E-07
 2  4  16  8  0.1757E-07
 2  4  16  8  0.1757E-07
 2  4  16  8  0.1758E-07
 2  4  16  8  0.1756E-07
 2  4  17  8  0.2212E-07
 2  4  17  8  0.2178E-07
 2  4  17  8  0.2177E-07
 2  4  17  8  0.2175E-07
 2  4  17  8  0.2175E-07
 2  4  17  8  0.2184E-07
 2  4  17  8  0.2197E-07
 2  4  17  8  0.2191E-07
 2  4  17  8  0.2192E-07
 2  4  17  8  0.2193E-07
 2  4  18  8  0.2028E-07
 2  4  18  8  0.2009E-07
 2  4  18  8  0.2010E-07
 2  4  18  8  0.2004E-07
 2  4  18  8  0.2005E-07
 2  4  18  8  0.2007E-07
 2  4  18  8  0.2012E-07
 2  4  18  8  0.2014E-07
 2  4  18  8  0.2007E-07
 2  4  18  8  0.2011E-07
 2  4  19  8  0.2207E-07
 2  4  19  8  0.2193E-07
 2  4  19  8  0.2193E-07
 2  4  19  8  0.2206E-07
 2  4  19  8  0.2204E-07
 2  4  19  8  0.2203E-07
 2  4  19  8  0.2205E-07
 2  4  19  8  0.2204E-07
 2  4  19  8  0.2202E-07
 2  4  19  8  0.2205E-07
 2  4  20  8  0.2105E-07
 2  4  20  8  0.2108E-07
 2  4  20  8  0.2092E-07
 2  4  20  8  0.2094E-07
 2  4  20  8  0.2104E-07
 2  4  20  8  0.2103E-07
 2  4  20  8  0.2104E-07
 2  4  20  8  0.2103E-07
 2  4  20  8  0.2103E-07
 2  4  20  8  0.2104E-07
