 2  32  3  64  0.1321E-06
 2  32  3  64  0.3744E-07
 2  32  3  64  0.3454E-07
 2  32  3  64  0.3219E-07
 2  32  3  64  0.3757E-07
 2  32  3  64  0.3587E-07
 2  32  3  64  0.3164E-07
 2  32  3  64  0.3472E-07
 2  32  3  64  0.3146E-07
 2  32  3  64  0.3666E-07
 2  32  4  64  0.3686E-07
 2  32  4  64  0.1506E-07
 2  32  4  64  0.1562E-07
 2  32  4  64  0.1554E-07
 2  32  4  64  0.1717E-07
 2  32  4  64  0.1449E-07
 2  32  4  64  0.1603E-07
 2  32  4  64  0.1572E-07
 2  32  4  64  0.1562E-07
 2  32  4  64  0.1676E-07
 2  32  5  64  0.3663E-07
 2  32  5  64  0.1184E-07
 2  32  5  64  0.9576E-08
 2  32  5  64  0.9457E-08
 2  32  5  64  0.1008E-07
 2  32  5  64  0.1126E-07
 2  32  5  64  0.1162E-07
 2  32  5  64  0.9716E-08
 2  32  5  64  0.1088E-07
 2  32  5  64  0.1021E-07
 2  32  6  64  0.1968E-07
 2  32  6  64  0.6657E-08
 2  32  6  64  0.6778E-08
 2  32  6  64  0.7474E-08
 2  32  6  64  0.6439E-08
 2  32  6  64  0.6514E-08
 2  32  6  64  0.6801E-08
 2  32  6  64  0.7663E-08
 2  32  6  64  0.6485E-08
 2  32  6  64  0.7451E-08
 2  32  7  64  0.1365E-07
 2  32  7  64  0.4583E-08
 2  32  7  64  0.4569E-08
 2  32  7  64  0.4417E-08
 2  32  7  64  0.4768E-08
 2  32  7  64  0.4420E-08
 2  32  7  64  0.4507E-08
 2  32  7  64  0.5329E-08
 2  32  7  64  0.4558E-08
 2  32  7  64  0.4507E-08
 2  32  8  64  0.7223E-08
 2  32  8  64  0.5066E-08
 2  32  8  64  0.5889E-08
 2  32  8  64  0.4882E-08
 2  32  8  64  0.5047E-08
 2  32  8  64  0.5096E-08
 2  32  8  64  0.5127E-08
 2  32  8  64  0.5227E-08
 2  32  8  64  0.5156E-08
 2  32  8  64  0.5159E-08
 2  32  9  64  0.3082E-08
 2  32  9  64  0.3086E-08
 2  32  9  64  0.3019E-08
 2  32  9  64  0.3056E-08
 2  32  9  64  0.3154E-08
 2  32  9  64  0.3103E-08
 2  32  9  64  0.3122E-08
 2  32  9  64  0.3056E-08
 2  32  9  64  0.3097E-08
 2  32  9  64  0.3058E-08
 2  32  10  64  0.3038E-08
 2  32  10  64  0.3007E-08
 2  32  10  64  0.2997E-08
 2  32  10  64  0.3000E-08
 2  32  10  64  0.2995E-08
 2  32  10  64  0.3002E-08
 2  32  10  64  0.3025E-08
 2  32  10  64  0.2993E-08
 2  32  10  64  0.3001E-08
 2  32  10  64  0.2994E-08
 2  32  11  64  0.2835E-08
 2  32  11  64  0.2788E-08
 2  32  11  64  0.2780E-08
 2  32  11  64  0.2774E-08
 2  32  11  64  0.2765E-08
 2  32  11  64  0.2781E-08
 2  32  11  64  0.2774E-08
 2  32  11  64  0.2793E-08
 2  32  11  64  0.2797E-08
 2  32  11  64  0.2788E-08
 2  32  12  64  0.2577E-08
 2  32  12  64  0.2565E-08
 2  32  12  64  0.2558E-08
 2  32  12  64  0.2551E-08
 2  32  12  64  0.2567E-08
 2  32  12  64  0.2560E-08
 2  32  12  64  0.2562E-08
 2  32  12  64  0.2554E-08
 2  32  12  64  0.2558E-08
 2  32  12  64  0.2561E-08
 2  32  13  64  0.2808E-08
 2  32  13  64  0.2799E-08
 2  32  13  64  0.2790E-08
 2  32  13  64  0.2786E-08
 2  32  13  64  0.2798E-08
 2  32  13  64  0.2801E-08
 2  32  13  64  0.2783E-08
 2  32  13  64  0.2814E-08
 2  32  13  64  0.2811E-08
 2  32  13  64  0.2786E-08
 2  32  14  64  0.2631E-08
 2  32  14  64  0.2624E-08
 2  32  14  64  0.2605E-08
 2  32  14  64  0.2632E-08
 2  32  14  64  0.2619E-08
 2  32  14  64  0.2612E-08
 2  32  14  64  0.2603E-08
 2  32  14  64  0.2634E-08
 2  32  14  64  0.2604E-08
 2  32  14  64  0.2615E-08
 2  32  15  64  0.2776E-08
 2  32  15  64  0.2752E-08
 2  32  15  64  0.2758E-08
 2  32  15  64  0.2757E-08
 2  32  15  64  0.2754E-08
 2  32  15  64  0.2766E-08
 2  32  15  64  0.2755E-08
 2  32  15  64  0.2753E-08
 2  32  15  64  0.2755E-08
 2  32  15  64  0.2753E-08
 2  32  16  64  0.2744E-08
 2  32  16  64  0.2737E-08
 2  32  16  64  0.2727E-08
 2  32  16  64  0.2735E-08
 2  32  16  64  0.2730E-08
 2  32  16  64  0.2724E-08
 2  32  16  64  0.2740E-08
 2  32  16  64  0.2731E-08
 2  32  16  64  0.2735E-08
 2  32  16  64  0.2731E-08
 2  32  17  64  0.3001E-08
 2  32  17  64  0.2989E-08
 2  32  17  64  0.2991E-08
 2  32  17  64  0.2993E-08
 2  32  17  64  0.2990E-08
 2  32  17  64  0.2990E-08
 2  32  17  64  0.2998E-08
 2  32  17  64  0.2990E-08
 2  32  17  64  0.2993E-08
 2  32  17  64  0.2992E-08
 2  32  18  64  0.2789E-08
 2  32  18  64  0.2782E-08
 2  32  18  64  0.2778E-08
 2  32  18  64  0.2779E-08
 2  32  18  64  0.2778E-08
 2  32  18  64  0.2777E-08
 2  32  18  64  0.2776E-08
 2  32  18  64  0.2778E-08
 2  32  18  64  0.2773E-08
 2  32  18  64  0.2774E-08
 2  32  19  64  0.3021E-08
 2  32  19  64  0.3012E-08
 2  32  19  64  0.3012E-08
 2  32  19  64  0.3011E-08
 2  32  19  64  0.3005E-08
 2  32  19  64  0.3008E-08
 2  32  19  64  0.3009E-08
 2  32  19  64  0.3007E-08
 2  32  19  64  0.3006E-08
 2  32  19  64  0.3007E-08
 2  32  20  64  0.2932E-08
 2  32  20  64  0.2921E-08
 2  32  20  64  0.2926E-08
 2  32  20  64  0.2923E-08
 2  32  20  64  0.2922E-08
 2  32  20  64  0.2923E-08
 2  32  20  64  0.2930E-08
 2  32  20  64  0.2925E-08
 2  32  20  64  0.2928E-08
 2  32  20  64  0.2922E-08
