 2  64  3  128  0.1647E-06
 2  64  3  128  0.2201E-07
 2  64  3  128  0.2286E-07
 2  64  3  128  0.2171E-07
 2  64  3  128  0.2470E-07
 2  64  3  128  0.2421E-07
 2  64  3  128  0.2364E-07
 2  64  3  128  0.2470E-07
 2  64  3  128  0.2313E-07
 2  64  3  128  0.2247E-07
 2  64  4  128  0.4435E-07
 2  64  4  128  0.1070E-07
 2  64  4  128  0.1079E-07
 2  64  4  128  0.1102E-07
 2  64  4  128  0.1253E-07
 2  64  4  128  0.1090E-07
 2  64  4  128  0.1066E-07
 2  64  4  128  0.1185E-07
 2  64  4  128  0.1098E-07
 2  64  4  128  0.1078E-07
 2  64  5  128  0.4787E-07
 2  64  5  128  0.8394E-08
 2  64  5  128  0.7873E-08
 2  64  5  128  0.7167E-08
 2  64  5  128  0.7371E-08
 2  64  5  128  0.7356E-08
 2  64  5  128  0.9626E-08
 2  64  5  128  0.8668E-08
 2  64  5  128  0.9418E-08
 2  64  5  128  0.9855E-08
 2  64  6  128  0.2309E-07
 2  64  6  128  0.6741E-08
 2  64  6  128  0.5125E-08
 2  64  6  128  0.5076E-08
 2  64  6  128  0.5461E-08
 2  64  6  128  0.6798E-08
 2  64  6  128  0.5668E-08
 2  64  6  128  0.5039E-08
 2  64  6  128  0.5499E-08
 2  64  6  128  0.4895E-08
 2  64  7  128  0.2335E-08
 2  64  7  128  0.2188E-08
 2  64  7  128  0.2309E-08
 2  64  7  128  0.2329E-08
 2  64  7  128  0.2177E-08
 2  64  7  128  0.2162E-08
 2  64  7  128  0.2139E-08
 2  64  7  128  0.2289E-08
 2  64  7  128  0.2171E-08
 2  64  7  128  0.2133E-08
 2  64  8  128  0.2172E-08
 2  64  8  128  0.2074E-08
 2  64  8  128  0.2079E-08
 2  64  8  128  0.2079E-08
 2  64  8  128  0.2068E-08
 2  64  8  128  0.2058E-08
 2  64  8  128  0.2064E-08
 2  64  8  128  0.2070E-08
 2  64  8  128  0.2074E-08
 2  64  8  128  0.2042E-08
 2  64  9  128  0.2277E-08
 2  64  9  128  0.2193E-08
 2  64  9  128  0.2189E-08
 2  64  9  128  0.2197E-08
 2  64  9  128  0.2192E-08
 2  64  9  128  0.2199E-08
 2  64  9  128  0.2202E-08
 2  64  9  128  0.2182E-08
 2  64  9  128  0.2199E-08
 2  64  9  128  0.2177E-08
 2  64  10  128  0.2358E-08
 2  64  10  128  0.2280E-08
 2  64  10  128  0.2301E-08
 2  64  10  128  0.2304E-08
 2  64  10  128  0.2299E-08
 2  64  10  128  0.2301E-08
 2  64  10  128  0.2306E-08
 2  64  10  128  0.2302E-08
 2  64  10  128  0.2323E-08
 2  64  10  128  0.2312E-08
 2  64  11  128  0.2012E-08
 2  64  11  128  0.1976E-08
 2  64  11  128  0.1973E-08
 2  64  11  128  0.1969E-08
 2  64  11  128  0.1973E-08
 2  64  11  128  0.1972E-08
 2  64  11  128  0.1973E-08
 2  64  11  128  0.1995E-08
 2  64  11  128  0.1978E-08
 2  64  11  128  0.1971E-08
 2  64  12  128  0.1858E-08
 2  64  12  128  0.1825E-08
 2  64  12  128  0.1823E-08
 2  64  12  128  0.1823E-08
 2  64  12  128  0.1821E-08
 2  64  12  128  0.1818E-08
 2  64  12  128  0.1812E-08
 2  64  12  128  0.1821E-08
 2  64  12  128  0.1817E-08
 2  64  12  128  0.1831E-08
 2  64  13  128  0.1872E-08
 2  64  13  128  0.1850E-08
 2  64  13  128  0.1858E-08
 2  64  13  128  0.1852E-08
 2  64  13  128  0.1860E-08
 2  64  13  128  0.1861E-08
 2  64  13  128  0.1867E-08
 2  64  13  128  0.1852E-08
 2  64  13  128  0.1840E-08
 2  64  13  128  0.1850E-08
 2  64  14  128  0.1764E-08
 2  64  14  128  0.1745E-08
 2  64  14  128  0.1743E-08
 2  64  14  128  0.1741E-08
 2  64  14  128  0.1739E-08
 2  64  14  128  0.1742E-08
 2  64  14  128  0.1744E-08
 2  64  14  128  0.1738E-08
 2  64  14  128  0.1743E-08
 2  64  14  128  0.1739E-08
 2  64  15  128  0.1824E-08
 2  64  15  128  0.1844E-08
 2  64  15  128  0.1795E-08
 2  64  15  128  0.1800E-08
 2  64  15  128  0.1801E-08
 2  64  15  128  0.1800E-08
 2  64  15  128  0.1802E-08
 2  64  15  128  0.1799E-08
 2  64  15  128  0.1801E-08
 2  64  15  128  0.1800E-08
 2  64  16  128  0.1955E-08
 2  64  16  128  0.1932E-08
 2  64  16  128  0.1938E-08
 2  64  16  128  0.1946E-08
 2  64  16  128  0.1939E-08
 2  64  16  128  0.1942E-08
 2  64  16  128  0.1939E-08
 2  64  16  128  0.1952E-08
 2  64  16  128  0.1955E-08
 2  64  16  128  0.1960E-08
 2  64  17  128  0.1993E-08
 2  64  17  128  0.1984E-08
 2  64  17  128  0.1989E-08
 2  64  17  128  0.1982E-08
 2  64  17  128  0.1996E-08
 2  64  17  128  0.1997E-08
 2  64  17  128  0.1991E-08
 2  64  17  128  0.1990E-08
 2  64  17  128  0.1997E-08
 2  64  17  128  0.1987E-08
 2  64  18  128  0.1894E-08
 2  64  18  128  0.1882E-08
 2  64  18  128  0.1878E-08
 2  64  18  128  0.1880E-08
 2  64  18  128  0.1877E-08
 2  64  18  128  0.1879E-08
 2  64  18  128  0.1881E-08
 2  64  18  128  0.1877E-08
 2  64  18  128  0.1886E-08
 2  64  18  128  0.1885E-08
 2  64  19  128  0.2004E-08
 2  64  19  128  0.1996E-08
 2  64  19  128  0.2003E-08
 2  64  19  128  0.1995E-08
 2  64  19  128  0.1993E-08
 2  64  19  128  0.1991E-08
 2  64  19  128  0.1993E-08
 2  64  19  128  0.1989E-08
 2  64  19  128  0.2004E-08
 2  64  19  128  0.1997E-08
 2  64  20  128  0.1920E-08
 2  64  20  128  0.1912E-08
 2  64  20  128  0.1912E-08
 2  64  20  128  0.1910E-08
 2  64  20  128  0.1908E-08
 2  64  20  128  0.1905E-08
 2  64  20  128  0.1908E-08
 2  64  20  128  0.1909E-08
 2  64  20  128  0.1916E-08
 2  64  20  128  0.1917E-08
