 2  64  3  128  0.2422E-07
 2  64  3  128  0.2163E-07
 2  64  3  128  0.2260E-07
 2  64  3  128  0.2188E-07
 2  64  3  128  0.2168E-07
 2  64  3  128  0.2183E-07
 2  64  3  128  0.2226E-07
 2  64  3  128  0.2166E-07
 2  64  3  128  0.2168E-07
 2  64  3  128  0.2189E-07
 2  64  4  128  0.1174E-07
 2  64  4  128  0.1059E-07
 2  64  4  128  0.1069E-07
 2  64  4  128  0.1058E-07
 2  64  4  128  0.1050E-07
 2  64  4  128  0.1054E-07
 2  64  4  128  0.1057E-07
 2  64  4  128  0.1049E-07
 2  64  4  128  0.1050E-07
 2  64  4  128  0.1069E-07
 2  64  5  128  0.7271E-08
 2  64  5  128  0.6173E-08
 2  64  5  128  0.6101E-08
 2  64  5  128  0.6166E-08
 2  64  5  128  0.6170E-08
 2  64  5  128  0.6109E-08
 2  64  5  128  0.6357E-08
 2  64  5  128  0.6144E-08
 2  64  5  128  0.6157E-08
 2  64  5  128  0.6141E-08
 2  64  6  128  0.4771E-08
 2  64  6  128  0.4167E-08
 2  64  6  128  0.4140E-08
 2  64  6  128  0.4126E-08
 2  64  6  128  0.4158E-08
 2  64  6  128  0.4091E-08
 2  64  6  128  0.4102E-08
 2  64  6  128  0.4118E-08
 2  64  6  128  0.4114E-08
 2  64  6  128  0.4105E-08
 2  64  7  128  0.3607E-08
 2  64  7  128  0.3344E-08
 2  64  7  128  0.3300E-08
 2  64  7  128  0.3192E-08
 2  64  7  128  0.3185E-08
 2  64  7  128  0.3163E-08
 2  64  7  128  0.3310E-08
 2  64  7  128  0.3301E-08
 2  64  7  128  0.3176E-08
 2  64  7  128  0.3223E-08
 2  64  8  128  0.3058E-08
 2  64  8  128  0.2716E-08
 2  64  8  128  0.2741E-08
 2  64  8  128  0.2721E-08
 2  64  8  128  0.2728E-08
 2  64  8  128  0.2710E-08
 2  64  8  128  0.2744E-08
 2  64  8  128  0.2735E-08
 2  64  8  128  0.2726E-08
 2  64  8  128  0.2716E-08
 2  64  9  128  0.3068E-08
 2  64  9  128  0.2863E-08
 2  64  9  128  0.2854E-08
 2  64  9  128  0.2861E-08
 2  64  9  128  0.2850E-08
 2  64  9  128  0.2865E-08
 2  64  9  128  0.2846E-08
 2  64  9  128  0.2849E-08
 2  64  9  128  0.2859E-08
 2  64  9  128  0.2858E-08
 2  64  10  128  0.3117E-08
 2  64  10  128  0.2874E-08
 2  64  10  128  0.2873E-08
 2  64  10  128  0.2881E-08
 2  64  10  128  0.2882E-08
 2  64  10  128  0.2877E-08
 2  64  10  128  0.2881E-08
 2  64  10  128  0.2882E-08
 2  64  10  128  0.2873E-08
 2  64  10  128  0.2865E-08
 2  64  11  128  0.2751E-08
 2  64  11  128  0.2640E-08
 2  64  11  128  0.2619E-08
 2  64  11  128  0.2617E-08
 2  64  11  128  0.2660E-08
 2  64  11  128  0.2620E-08
 2  64  11  128  0.2618E-08
 2  64  11  128  0.2630E-08
 2  64  11  128  0.2629E-08
 2  64  11  128  0.2638E-08
 2  64  12  128  0.2760E-08
 2  64  12  128  0.2656E-08
 2  64  12  128  0.2657E-08
 2  64  12  128  0.2671E-08
 2  64  12  128  0.2668E-08
 2  64  12  128  0.2657E-08
 2  64  12  128  0.2663E-08
 2  64  12  128  0.2656E-08
 2  64  12  128  0.2650E-08
 2  64  12  128  0.2648E-08
 2  64  13  128  0.2746E-08
 2  64  13  128  0.2622E-08
 2  64  13  128  0.2622E-08
 2  64  13  128  0.2628E-08
 2  64  13  128  0.2626E-08
 2  64  13  128  0.2624E-08
 2  64  13  128  0.2628E-08
 2  64  13  128  0.2621E-08
 2  64  13  128  0.2623E-08
 2  64  13  128  0.2622E-08
 2  64  14  128  0.2476E-08
 2  64  14  128  0.2418E-08
 2  64  14  128  0.2420E-08
 2  64  14  128  0.2418E-08
 2  64  14  128  0.2424E-08
 2  64  14  128  0.2435E-08
 2  64  14  128  0.2419E-08
 2  64  14  128  0.2437E-08
 2  64  14  128  0.2426E-08
 2  64  14  128  0.2435E-08
 2  64  15  128  0.2490E-08
 2  64  15  128  0.2448E-08
 2  64  15  128  0.2444E-08
 2  64  15  128  0.2453E-08
 2  64  15  128  0.2459E-08
 2  64  15  128  0.2458E-08
 2  64  15  128  0.2461E-08
 2  64  15  128  0.2451E-08
 2  64  15  128  0.2440E-08
 2  64  15  128  0.2443E-08
 2  64  16  128  0.2457E-08
 2  64  16  128  0.2354E-08
 2  64  16  128  0.2356E-08
 2  64  16  128  0.2368E-08
 2  64  16  128  0.2360E-08
 2  64  16  128  0.2355E-08
 2  64  16  128  0.2355E-08
 2  64  16  128  0.2352E-08
 2  64  16  128  0.2351E-08
 2  64  16  128  0.2351E-08
 2  64  17  128  0.2583E-08
 2  64  17  128  0.2586E-08
 2  64  17  128  0.2589E-08
 2  64  17  128  0.2586E-08
 2  64  17  128  0.2579E-08
 2  64  17  128  0.2586E-08
 2  64  17  128  0.2590E-08
 2  64  17  128  0.2571E-08
 2  64  17  128  0.2583E-08
 2  64  17  128  0.2561E-08
 2  64  18  128  0.2518E-08
 2  64  18  128  0.2432E-08
 2  64  18  128  0.2439E-08
 2  64  18  128  0.2435E-08
 2  64  18  128  0.2432E-08
 2  64  18  128  0.2441E-08
 2  64  18  128  0.2450E-08
 2  64  18  128  0.2449E-08
 2  64  18  128  0.2436E-08
 2  64  18  128  0.2431E-08
 2  64  19  128  0.2425E-08
 2  64  19  128  0.2395E-08
 2  64  19  128  0.2400E-08
 2  64  19  128  0.2390E-08
 2  64  19  128  0.2384E-08
 2  64  19  128  0.2385E-08
 2  64  19  128  0.2381E-08
 2  64  19  128  0.2391E-08
 2  64  19  128  0.2399E-08
 2  64  19  128  0.2389E-08
 2  64  20  128  0.2356E-08
 2  64  20  128  0.2338E-08
 2  64  20  128  0.2336E-08
 2  64  20  128  0.2329E-08
 2  64  20  128  0.2326E-08
 2  64  20  128  0.2332E-08
 2  64  20  128  0.2342E-08
 2  64  20  128  0.2330E-08
 2  64  20  128  0.2328E-08
 2  64  20  128  0.2327E-08
