 2  8  3  16  0.2300E-06
 2  8  3  16  0.1775E-06
 2  8  3  16  0.9419E-07
 2  8  3  16  0.8794E-07
 2  8  3  16  0.2152E-06
 2  8  3  16  0.2237E-06
 2  8  3  16  0.2384E-06
 2  8  3  16  0.1558E-06
 2  8  3  16  0.2106E-06
 2  8  3  16  0.1991E-06
 2  8  4  16  0.6815E-07
 2  8  4  16  0.6849E-07
 2  8  4  16  0.6774E-07
 2  8  4  16  0.6749E-07
 2  8  4  16  0.6649E-07
 2  8  4  16  0.6745E-07
 2  8  4  16  0.6736E-07
 2  8  4  16  0.6684E-07
 2  8  4  16  0.6927E-07
 2  8  4  16  0.6735E-07
 2  8  5  16  0.7518E-07
 2  8  5  16  0.3648E-07
 2  8  5  16  0.4601E-07
 2  8  5  16  0.4749E-07
 2  8  5  16  0.3684E-07
 2  8  5  16  0.4466E-07
 2  8  5  16  0.4649E-07
 2  8  5  16  0.3866E-07
 2  8  5  16  0.2531E-07
 2  8  5  16  0.2801E-07
 2  8  6  16  0.3741E-07
 2  8  6  16  0.2748E-07
 2  8  6  16  0.2642E-07
 2  8  6  16  0.2923E-07
 2  8  6  16  0.2902E-07
 2  8  6  16  0.2923E-07
 2  8  6  16  0.2644E-07
 2  8  6  16  0.3116E-07
 2  8  6  16  0.3134E-07
 2  8  6  16  0.1851E-07
 2  8  7  16  0.3292E-07
 2  8  7  16  0.2187E-07
 2  8  7  16  0.1926E-07
 2  8  7  16  0.1943E-07
 2  8  7  16  0.2552E-07
 2  8  7  16  0.2848E-07
 2  8  7  16  0.2095E-07
 2  8  7  16  0.1822E-07
 2  8  7  16  0.2029E-07
 2  8  7  16  0.1778E-07
 2  8  8  16  0.1974E-07
 2  8  8  16  0.1929E-07
 2  8  8  16  0.1726E-07
 2  8  8  16  0.1852E-07
 2  8  8  16  0.1786E-07
 2  8  8  16  0.1924E-07
 2  8  8  16  0.1713E-07
 2  8  8  16  0.1762E-07
 2  8  8  16  0.1619E-07
 2  8  8  16  0.1766E-07
 2  8  9  16  0.1877E-07
 2  8  9  16  0.1629E-07
 2  8  9  16  0.1580E-07
 2  8  9  16  0.1689E-07
 2  8  9  16  0.1620E-07
 2  8  9  16  0.1555E-07
 2  8  9  16  0.1652E-07
 2  8  9  16  0.1534E-07
 2  8  9  16  0.1577E-07
 2  8  9  16  0.1681E-07
 2  8  10  16  0.2414E-07
 2  8  10  16  0.1887E-07
 2  8  10  16  0.1880E-07
 2  8  10  16  0.1844E-07
 2  8  10  16  0.1818E-07
 2  8  10  16  0.1877E-07
 2  8  10  16  0.1783E-07
 2  8  10  16  0.1812E-07
 2  8  10  16  0.1754E-07
 2  8  10  16  0.1856E-07
 2  8  11  16  0.1985E-07
 2  8  11  16  0.1725E-07
 2  8  11  16  0.1703E-07
 2  8  11  16  0.1720E-07
 2  8  11  16  0.1728E-07
 2  8  11  16  0.1668E-07
 2  8  11  16  0.1820E-07
 2  8  11  16  0.1645E-07
 2  8  11  16  0.1646E-07
 2  8  11  16  0.1618E-07
 2  8  12  16  0.9559E-08
 2  8  12  16  0.9524E-08
 2  8  12  16  0.9573E-08
 2  8  12  16  0.9524E-08
 2  8  12  16  0.9772E-08
 2  8  12  16  0.9611E-08
 2  8  12  16  0.9727E-08
 2  8  12  16  0.9595E-08
 2  8  12  16  0.9728E-08
 2  8  12  16  0.9672E-08
 2  8  13  16  0.1031E-07
 2  8  13  16  0.1024E-07
 2  8  13  16  0.1027E-07
 2  8  13  16  0.1026E-07
 2  8  13  16  0.1030E-07
 2  8  13  16  0.1027E-07
 2  8  13  16  0.1028E-07
 2  8  13  16  0.1030E-07
 2  8  13  16  0.1029E-07
 2  8  13  16  0.1028E-07
 2  8  14  16  0.9335E-08
 2  8  14  16  0.9310E-08
 2  8  14  16  0.9308E-08
 2  8  14  16  0.9313E-08
 2  8  14  16  0.9270E-08
 2  8  14  16  0.9279E-08
 2  8  14  16  0.9493E-08
 2  8  14  16  0.9413E-08
 2  8  14  16  0.9394E-08
 2  8  14  16  0.9418E-08
 2  8  15  16  0.9843E-08
 2  8  15  16  0.9796E-08
 2  8  15  16  0.9854E-08
 2  8  15  16  0.9863E-08
 2  8  15  16  0.9861E-08
 2  8  15  16  0.9852E-08
 2  8  15  16  0.9861E-08
 2  8  15  16  0.9863E-08
 2  8  15  16  0.9851E-08
 2  8  15  16  0.9892E-08
 2  8  16  16  0.9363E-08
 2  8  16  16  0.9355E-08
 2  8  16  16  0.9349E-08
 2  8  16  16  0.9360E-08
 2  8  16  16  0.9334E-08
 2  8  16  16  0.9341E-08
 2  8  16  16  0.9344E-08
 2  8  16  16  0.9339E-08
 2  8  16  16  0.9356E-08
 2  8  16  16  0.9344E-08
 2  8  17  16  0.1098E-07
 2  8  17  16  0.1100E-07
 2  8  17  16  0.1097E-07
 2  8  17  16  0.1096E-07
 2  8  17  16  0.1096E-07
 2  8  17  16  0.1096E-07
 2  8  17  16  0.1098E-07
 2  8  17  16  0.1096E-07
 2  8  17  16  0.1096E-07
 2  8  17  16  0.1097E-07
 2  8  18  16  0.1036E-07
 2  8  18  16  0.1033E-07
 2  8  18  16  0.1033E-07
 2  8  18  16  0.1033E-07
 2  8  18  16  0.1033E-07
 2  8  18  16  0.1032E-07
 2  8  18  16  0.1033E-07
 2  8  18  16  0.1033E-07
 2  8  18  16  0.1033E-07
 2  8  18  16  0.1034E-07
 2  8  19  16  0.1121E-07
 2  8  19  16  0.1124E-07
 2  8  19  16  0.1121E-07
 2  8  19  16  0.1121E-07
 2  8  19  16  0.1120E-07
 2  8  19  16  0.1121E-07
 2  8  19  16  0.1120E-07
 2  8  19  16  0.1119E-07
 2  8  19  16  0.1122E-07
 2  8  19  16  0.1119E-07
 2  8  20  16  0.1073E-07
 2  8  20  16  0.1074E-07
 2  8  20  16  0.1073E-07
 2  8  20  16  0.1074E-07
 2  8  20  16  0.1073E-07
 2  8  20  16  0.1075E-07
 2  8  20  16  0.1077E-07
 2  8  20  16  0.1078E-07
 2  8  20  16  0.1078E-07
 2  8  20  16  0.1078E-07
