 2  64  3  128  0.1923E-06
 2  64  3  128  0.1748E-07
 2  64  3  128  0.2500E-07
 2  64  3  128  0.2304E-07
 2  64  3  128  0.2488E-07
 2  64  3  128  0.2490E-07
 2  64  3  128  0.2518E-07
 2  64  3  128  0.2219E-07
 2  64  3  128  0.2277E-07
 2  64  3  128  0.1978E-07
 2  64  4  128  0.3918E-07
 2  64  4  128  0.1025E-07
 2  64  4  128  0.1143E-07
 2  64  4  128  0.7936E-08
 2  64  4  128  0.1139E-07
 2  64  4  128  0.1054E-07
 2  64  4  128  0.9924E-08
 2  64  4  128  0.1245E-07
 2  64  4  128  0.8624E-08
 2  64  4  128  0.9604E-08
 2  64  5  128  0.3740E-07
 2  64  5  128  0.6770E-08
 2  64  5  128  0.7063E-08
 2  64  5  128  0.6581E-08
 2  64  5  128  0.6502E-08
 2  64  5  128  0.7873E-08
 2  64  5  128  0.7853E-08
 2  64  5  128  0.6271E-08
 2  64  5  128  0.5980E-08
 2  64  5  128  0.6561E-08
 2  64  6  128  0.2494E-07
 2  64  6  128  0.4401E-08
 2  64  6  128  0.4979E-08
 2  64  6  128  0.5824E-08
 2  64  6  128  0.5257E-08
 2  64  6  128  0.4533E-08
 2  64  6  128  0.7367E-08
 2  64  6  128  0.4568E-08
 2  64  6  128  0.4895E-08
 2  64  6  128  0.4257E-08
 2  64  7  128  0.1893E-08
 2  64  7  128  0.1764E-08
 2  64  7  128  0.1737E-08
 2  64  7  128  0.1905E-08
 2  64  7  128  0.1747E-08
 2  64  7  128  0.1903E-08
 2  64  7  128  0.1753E-08
 2  64  7  128  0.1760E-08
 2  64  7  128  0.1775E-08
 2  64  7  128  0.1783E-08
 2  64  8  128  0.1839E-08
 2  64  8  128  0.1707E-08
 2  64  8  128  0.1728E-08
 2  64  8  128  0.1728E-08
 2  64  8  128  0.1719E-08
 2  64  8  128  0.1733E-08
 2  64  8  128  0.1716E-08
 2  64  8  128  0.1730E-08
 2  64  8  128  0.1734E-08
 2  64  8  128  0.1733E-08
 2  64  9  128  0.2038E-08
 2  64  9  128  0.1971E-08
 2  64  9  128  0.1917E-08
 2  64  9  128  0.1929E-08
 2  64  9  128  0.1924E-08
 2  64  9  128  0.1915E-08
 2  64  9  128  0.1927E-08
 2  64  9  128  0.1931E-08
 2  64  9  128  0.1935E-08
 2  64  9  128  0.1941E-08
 2  64  10  128  0.2131E-08
 2  64  10  128  0.2079E-08
 2  64  10  128  0.2070E-08
 2  64  10  128  0.2074E-08
 2  64  10  128  0.2064E-08
 2  64  10  128  0.2074E-08
 2  64  10  128  0.2064E-08
 2  64  10  128  0.2073E-08
 2  64  10  128  0.2064E-08
 2  64  10  128  0.2072E-08
 2  64  11  128  0.1847E-08
 2  64  11  128  0.1815E-08
 2  64  11  128  0.1875E-08
 2  64  11  128  0.1823E-08
 2  64  11  128  0.1815E-08
 2  64  11  128  0.1818E-08
 2  64  11  128  0.1817E-08
 2  64  11  128  0.1820E-08
 2  64  11  128  0.1812E-08
 2  64  11  128  0.1819E-08
 2  64  12  128  0.1728E-08
 2  64  12  128  0.1721E-08
 2  64  12  128  0.1716E-08
 2  64  12  128  0.1715E-08
 2  64  12  128  0.1716E-08
 2  64  12  128  0.1721E-08
 2  64  12  128  0.1731E-08
 2  64  12  128  0.1722E-08
 2  64  12  128  0.1716E-08
 2  64  12  128  0.1706E-08
 2  64  13  128  0.1807E-08
 2  64  13  128  0.1784E-08
 2  64  13  128  0.1782E-08
 2  64  13  128  0.1775E-08
 2  64  13  128  0.1771E-08
 2  64  13  128  0.1782E-08
 2  64  13  128  0.1775E-08
 2  64  13  128  0.1774E-08
 2  64  13  128  0.1778E-08
 2  64  13  128  0.1785E-08
 2  64  14  128  0.1656E-08
 2  64  14  128  0.1687E-08
 2  64  14  128  0.1657E-08
 2  64  14  128  0.1650E-08
 2  64  14  128  0.1671E-08
 2  64  14  128  0.1661E-08
 2  64  14  128  0.1665E-08
 2  64  14  128  0.1674E-08
 2  64  14  128  0.1673E-08
 2  64  14  128  0.1659E-08
 2  64  15  128  0.1740E-08
 2  64  15  128  0.1715E-08
 2  64  15  128  0.1728E-08
 2  64  15  128  0.1722E-08
 2  64  15  128  0.1728E-08
 2  64  15  128  0.1735E-08
 2  64  15  128  0.1734E-08
 2  64  15  128  0.1742E-08
 2  64  15  128  0.1736E-08
 2  64  15  128  0.1730E-08
 2  64  16  128  0.1867E-08
 2  64  16  128  0.1855E-08
 2  64  16  128  0.1864E-08
 2  64  16  128  0.1858E-08
 2  64  16  128  0.1862E-08
 2  64  16  128  0.1877E-08
 2  64  16  128  0.1872E-08
 2  64  16  128  0.1875E-08
 2  64  16  128  0.1867E-08
 2  64  16  128  0.1869E-08
 2  64  17  128  0.1916E-08
 2  64  17  128  0.1899E-08
 2  64  17  128  0.1898E-08
 2  64  17  128  0.1908E-08
 2  64  17  128  0.1911E-08
 2  64  17  128  0.1908E-08
 2  64  17  128  0.1904E-08
 2  64  17  128  0.1898E-08
 2  64  17  128  0.1902E-08
 2  64  17  128  0.1899E-08
 2  64  18  128  0.1807E-08
 2  64  18  128  0.1789E-08
 2  64  18  128  0.1789E-08
 2  64  18  128  0.1784E-08
 2  64  18  128  0.1795E-08
 2  64  18  128  0.1785E-08
 2  64  18  128  0.1789E-08
 2  64  18  128  0.1805E-08
 2  64  18  128  0.1791E-08
 2  64  18  128  0.1803E-08
 2  64  19  128  0.1917E-08
 2  64  19  128  0.1912E-08
 2  64  19  128  0.1908E-08
 2  64  19  128  0.1908E-08
 2  64  19  128  0.1913E-08
 2  64  19  128  0.1909E-08
 2  64  19  128  0.1908E-08
 2  64  19  128  0.1907E-08
 2  64  19  128  0.1912E-08
 2  64  19  128  0.1909E-08
 2  64  20  128  0.1841E-08
 2  64  20  128  0.1839E-08
 2  64  20  128  0.1842E-08
 2  64  20  128  0.1837E-08
 2  64  20  128  0.1838E-08
 2  64  20  128  0.1837E-08
 2  64  20  128  0.1838E-08
 2  64  20  128  0.1837E-08
 2  64  20  128  0.1841E-08
 2  64  20  128  0.1840E-08
