 2  64  3  128  0.3087E-06
 2  64  3  128  0.2757E-07
 2  64  3  128  0.2711E-07
 2  64  3  128  0.3482E-07
 2  64  3  128  0.3482E-07
 2  64  3  128  0.3820E-07
 2  64  3  128  0.3511E-07
 2  64  3  128  0.3357E-07
 2  64  3  128  0.2817E-07
 2  64  3  128  0.2661E-07
 2  64  4  128  0.7597E-07
 2  64  4  128  0.1437E-07
 2  64  4  128  0.1457E-07
 2  64  4  128  0.1526E-07
 2  64  4  128  0.1286E-07
 2  64  4  128  0.1265E-07
 2  64  4  128  0.1318E-07
 2  64  4  128  0.1274E-07
 2  64  4  128  0.1404E-07
 2  64  4  128  0.1220E-07
 2  64  5  128  0.5668E-07
 2  64  5  128  0.1494E-07
 2  64  5  128  0.8648E-08
 2  64  5  128  0.8126E-08
 2  64  5  128  0.9169E-08
 2  64  5  128  0.7873E-08
 2  64  5  128  0.1023E-07
 2  64  5  128  0.8812E-08
 2  64  5  128  0.1056E-07
 2  64  5  128  0.1123E-07
 2  64  6  128  0.3704E-07
 2  64  6  128  0.6016E-08
 2  64  6  128  0.6617E-08
 2  64  6  128  0.7706E-08
 2  64  6  128  0.6956E-08
 2  64  6  128  0.6243E-08
 2  64  6  128  0.5545E-08
 2  64  6  128  0.6281E-08
 2  64  6  128  0.5884E-08
 2  64  6  128  0.5763E-08
 2  64  7  128  0.3032E-08
 2  64  7  128  0.2564E-08
 2  64  7  128  0.2549E-08
 2  64  7  128  0.2554E-08
 2  64  7  128  0.2541E-08
 2  64  7  128  0.2701E-08
 2  64  7  128  0.2695E-08
 2  64  7  128  0.2549E-08
 2  64  7  128  0.2542E-08
 2  64  7  128  0.2715E-08
 2  64  8  128  0.2482E-08
 2  64  8  128  0.2385E-08
 2  64  8  128  0.2384E-08
 2  64  8  128  0.2396E-08
 2  64  8  128  0.2419E-08
 2  64  8  128  0.2377E-08
 2  64  8  128  0.2365E-08
 2  64  8  128  0.2369E-08
 2  64  8  128  0.2413E-08
 2  64  8  128  0.2420E-08
 2  64  9  128  0.2506E-08
 2  64  9  128  0.2417E-08
 2  64  9  128  0.2405E-08
 2  64  9  128  0.2392E-08
 2  64  9  128  0.2406E-08
 2  64  9  128  0.2404E-08
 2  64  9  128  0.2395E-08
 2  64  9  128  0.2411E-08
 2  64  9  128  0.2402E-08
 2  64  9  128  0.2411E-08
 2  64  10  128  0.2648E-08
 2  64  10  128  0.2580E-08
 2  64  10  128  0.2581E-08
 2  64  10  128  0.2571E-08
 2  64  10  128  0.2576E-08
 2  64  10  128  0.2573E-08
 2  64  10  128  0.2572E-08
 2  64  10  128  0.2556E-08
 2  64  10  128  0.2550E-08
 2  64  10  128  0.2544E-08
 2  64  11  128  0.2179E-08
 2  64  11  128  0.2114E-08
 2  64  11  128  0.2104E-08
 2  64  11  128  0.2118E-08
 2  64  11  128  0.2107E-08
 2  64  11  128  0.2116E-08
 2  64  11  128  0.2116E-08
 2  64  11  128  0.2131E-08
 2  64  11  128  0.2131E-08
 2  64  11  128  0.2125E-08
 2  64  12  128  0.1972E-08
 2  64  12  128  0.1926E-08
 2  64  12  128  0.1949E-08
 2  64  12  128  0.1930E-08
 2  64  12  128  0.1933E-08
 2  64  12  128  0.1927E-08
 2  64  12  128  0.1928E-08
 2  64  12  128  0.1936E-08
 2  64  12  128  0.1928E-08
 2  64  12  128  0.1933E-08
 2  64  13  128  0.2019E-08
 2  64  13  128  0.1980E-08
 2  64  13  128  0.1980E-08
 2  64  13  128  0.1977E-08
 2  64  13  128  0.1987E-08
 2  64  13  128  0.1987E-08
 2  64  13  128  0.1984E-08
 2  64  13  128  0.1985E-08
 2  64  13  128  0.1990E-08
 2  64  13  128  0.1981E-08
 2  64  14  128  0.1862E-08
 2  64  14  128  0.1841E-08
 2  64  14  128  0.1843E-08
 2  64  14  128  0.1834E-08
 2  64  14  128  0.1840E-08
 2  64  14  128  0.1842E-08
 2  64  14  128  0.1857E-08
 2  64  14  128  0.1855E-08
 2  64  14  128  0.1857E-08
 2  64  14  128  0.1859E-08
 2  64  15  128  0.1897E-08
 2  64  15  128  0.1869E-08
 2  64  15  128  0.1881E-08
 2  64  15  128  0.1884E-08
 2  64  15  128  0.1885E-08
 2  64  15  128  0.1887E-08
 2  64  15  128  0.1879E-08
 2  64  15  128  0.1870E-08
 2  64  15  128  0.1874E-08
 2  64  15  128  0.1879E-08
 2  64  16  128  0.2037E-08
 2  64  16  128  0.2021E-08
 2  64  16  128  0.2017E-08
 2  64  16  128  0.2026E-08
 2  64  16  128  0.2018E-08
 2  64  16  128  0.2011E-08
 2  64  16  128  0.2013E-08
 2  64  16  128  0.2029E-08
 2  64  16  128  0.2020E-08
 2  64  16  128  0.2011E-08
 2  64  17  128  0.2085E-08
 2  64  17  128  0.2066E-08
 2  64  17  128  0.2071E-08
 2  64  17  128  0.2071E-08
 2  64  17  128  0.2072E-08
 2  64  17  128  0.2086E-08
 2  64  17  128  0.2079E-08
 2  64  17  128  0.2074E-08
 2  64  17  128  0.2069E-08
 2  64  17  128  0.2064E-08
 2  64  18  128  0.1975E-08
 2  64  18  128  0.1951E-08
 2  64  18  128  0.1956E-08
 2  64  18  128  0.1952E-08
 2  64  18  128  0.1949E-08
 2  64  18  128  0.1956E-08
 2  64  18  128  0.1951E-08
 2  64  18  128  0.1959E-08
 2  64  18  128  0.1964E-08
 2  64  18  128  0.1964E-08
 2  64  19  128  0.2091E-08
 2  64  19  128  0.2181E-08
 2  64  19  128  0.2265E-08
 2  64  19  128  0.2077E-08
 2  64  19  128  0.2075E-08
 2  64  19  128  0.2076E-08
 2  64  19  128  0.2075E-08
 2  64  19  128  0.2080E-08
 2  64  19  128  0.2077E-08
 2  64  19  128  0.2069E-08
 2  64  20  128  0.1985E-08
 2  64  20  128  0.1975E-08
 2  64  20  128  0.1973E-08
 2  64  20  128  0.1980E-08
 2  64  20  128  0.1969E-08
 2  64  20  128  0.1983E-08
 2  64  20  128  0.1978E-08
 2  64  20  128  0.1985E-08
 2  64  20  128  0.1977E-08
 2  64  20  128  0.1976E-08
