 2  16  3  32  0.1312E-06
 2  16  3  32  0.6871E-07
 2  16  3  32  0.6292E-07
 2  16  3  32  0.7064E-07
 2  16  3  32  0.6328E-07
 2  16  3  32  0.6908E-07
 2  16  3  32  0.6678E-07
 2  16  3  32  0.6218E-07
 2  16  3  32  0.6172E-07
 2  16  3  32  0.7865E-07
 2  16  4  32  0.4234E-07
 2  16  4  32  0.2976E-07
 2  16  4  32  0.3143E-07
 2  16  4  32  0.2899E-07
 2  16  4  32  0.2829E-07
 2  16  4  32  0.3450E-07
 2  16  4  32  0.2297E-07
 2  16  4  32  0.2165E-07
 2  16  4  32  0.2247E-07
 2  16  4  32  0.2134E-07
 2  16  5  32  0.3475E-07
 2  16  5  32  0.2066E-07
 2  16  5  32  0.1975E-07
 2  16  5  32  0.1858E-07
 2  16  5  32  0.2084E-07
 2  16  5  32  0.2108E-07
 2  16  5  32  0.1999E-07
 2  16  5  32  0.2317E-07
 2  16  5  32  0.2100E-07
 2  16  5  32  0.2074E-07
 2  16  6  32  0.2098E-07
 2  16  6  32  0.1274E-07
 2  16  6  32  0.1104E-07
 2  16  6  32  0.9647E-08
 2  16  6  32  0.1004E-07
 2  16  6  32  0.1259E-07
 2  16  6  32  0.1177E-07
 2  16  6  32  0.1066E-07
 2  16  6  32  0.9555E-08
 2  16  6  32  0.1027E-07
 2  16  7  32  0.1503E-07
 2  16  7  32  0.8957E-08
 2  16  7  32  0.9659E-08
 2  16  7  32  0.9507E-08
 2  16  7  32  0.9565E-08
 2  16  7  32  0.8834E-08
 2  16  7  32  0.8747E-08
 2  16  7  32  0.9355E-08
 2  16  7  32  0.8631E-08
 2  16  7  32  0.1030E-07
 2  16  8  32  0.3977E-08
 2  16  8  32  0.3919E-08
 2  16  8  32  0.3932E-08
 2  16  8  32  0.3911E-08
 2  16  8  32  0.3948E-08
 2  16  8  32  0.3917E-08
 2  16  8  32  0.3912E-08
 2  16  8  32  0.3910E-08
 2  16  8  32  0.3915E-08
 2  16  8  32  0.3927E-08
 2  16  9  32  0.4184E-08
 2  16  9  32  0.4156E-08
 2  16  9  32  0.4172E-08
 2  16  9  32  0.4187E-08
 2  16  9  32  0.4391E-08
 2  16  9  32  0.4184E-08
 2  16  9  32  0.4192E-08
 2  16  9  32  0.4299E-08
 2  16  9  32  0.4334E-08
 2  16  9  32  0.4213E-08
 2  16  10  32  0.4454E-08
 2  16  10  32  0.4452E-08
 2  16  10  32  0.4398E-08
 2  16  10  32  0.4392E-08
 2  16  10  32  0.4426E-08
 2  16  10  32  0.4397E-08
 2  16  10  32  0.4430E-08
 2  16  10  32  0.4396E-08
 2  16  10  32  0.4514E-08
 2  16  10  32  0.4458E-08
 2  16  11  32  0.4995E-08
 2  16  11  32  0.4966E-08
 2  16  11  32  0.4992E-08
 2  16  11  32  0.5091E-08
 2  16  11  32  0.5023E-08
 2  16  11  32  0.5000E-08
 2  16  11  32  0.5037E-08
 2  16  11  32  0.5033E-08
 2  16  11  32  0.5036E-08
 2  16  11  32  0.5056E-08
 2  16  12  32  0.4433E-08
 2  16  12  32  0.4414E-08
 2  16  12  32  0.4419E-08
 2  16  12  32  0.4493E-08
 2  16  12  32  0.4434E-08
 2  16  12  32  0.4460E-08
 2  16  12  32  0.4440E-08
 2  16  12  32  0.4491E-08
 2  16  12  32  0.4512E-08
 2  16  12  32  0.4481E-08
 2  16  13  32  0.4983E-08
 2  16  13  32  0.5011E-08
 2  16  13  32  0.4991E-08
 2  16  13  32  0.5007E-08
 2  16  13  32  0.4989E-08
 2  16  13  32  0.4992E-08
 2  16  13  32  0.4993E-08
 2  16  13  32  0.4988E-08
 2  16  13  32  0.4983E-08
 2  16  13  32  0.4988E-08
 2  16  14  32  0.4643E-08
 2  16  14  32  0.4623E-08
 2  16  14  32  0.4625E-08
 2  16  14  32  0.4633E-08
 2  16  14  32  0.4621E-08
 2  16  14  32  0.4633E-08
 2  16  14  32  0.4626E-08
 2  16  14  32  0.4628E-08
 2  16  14  32  0.4631E-08
 2  16  14  32  0.4627E-08
 2  16  15  32  0.4903E-08
 2  16  15  32  0.4888E-08
 2  16  15  32  0.4901E-08
 2  16  15  32  0.4879E-08
 2  16  15  32  0.4888E-08
 2  16  15  32  0.4888E-08
 2  16  15  32  0.4879E-08
 2  16  15  32  0.4891E-08
 2  16  15  32  0.4888E-08
 2  16  15  32  0.4879E-08
 2  16  16  32  0.4701E-08
 2  16  16  32  0.4697E-08
 2  16  16  32  0.4702E-08
 2  16  16  32  0.4700E-08
 2  16  16  32  0.4699E-08
 2  16  16  32  0.4717E-08
 2  16  16  32  0.4712E-08
 2  16  16  32  0.4706E-08
 2  16  16  32  0.4717E-08
 2  16  16  32  0.4706E-08
 2  16  17  32  0.5505E-08
 2  16  17  32  0.5501E-08
 2  16  17  32  0.5486E-08
 2  16  17  32  0.5495E-08
 2  16  17  32  0.5489E-08
 2  16  17  32  0.5480E-08
 2  16  17  32  0.5486E-08
 2  16  17  32  0.5480E-08
 2  16  17  32  0.5493E-08
 2  16  17  32  0.5495E-08
 2  16  18  32  0.5164E-08
 2  16  18  32  0.5152E-08
 2  16  18  32  0.5157E-08
 2  16  18  32  0.5157E-08
 2  16  18  32  0.5169E-08
 2  16  18  32  0.5165E-08
 2  16  18  32  0.5157E-08
 2  16  18  32  0.5162E-08
 2  16  18  32  0.5163E-08
 2  16  18  32  0.5170E-08
 2  16  19  32  0.5614E-08
 2  16  19  32  0.5611E-08
 2  16  19  32  0.5608E-08
 2  16  19  32  0.5621E-08
 2  16  19  32  0.5628E-08
 2  16  19  32  0.5625E-08
 2  16  19  32  0.5614E-08
 2  16  19  32  0.5614E-08
 2  16  19  32  0.5607E-08
 2  16  19  32  0.5616E-08
 2  16  20  32  0.5437E-08
 2  16  20  32  0.5431E-08
 2  16  20  32  0.5430E-08
 2  16  20  32  0.5433E-08
 2  16  20  32  0.5427E-08
 2  16  20  32  0.5441E-08
 2  16  20  32  0.5436E-08
 2  16  20  32  0.5436E-08
 2  16  20  32  0.5439E-08
 2  16  20  32  0.5429E-08
