 2  16  3  32  0.1686E-06
 2  16  3  32  0.6945E-07
 2  16  3  32  0.8334E-07
 2  16  3  32  0.7910E-07
 2  16  3  32  0.6282E-07
 2  16  3  32  0.6292E-07
 2  16  3  32  0.6328E-07
 2  16  3  32  0.8950E-07
 2  16  3  32  0.9493E-07
 2  16  3  32  0.7754E-07
 2  16  4  32  0.6624E-07
 2  16  4  32  0.2767E-07
 2  16  4  32  0.2619E-07
 2  16  4  32  0.2833E-07
 2  16  4  32  0.2522E-07
 2  16  4  32  0.2604E-07
 2  16  4  32  0.2635E-07
 2  16  4  32  0.2507E-07
 2  16  4  32  0.2930E-07
 2  16  4  32  0.2569E-07
 2  16  5  32  0.4915E-07
 2  16  5  32  0.2050E-07
 2  16  5  32  0.2191E-07
 2  16  5  32  0.1808E-07
 2  16  5  32  0.1866E-07
 2  16  5  32  0.1834E-07
 2  16  5  32  0.1941E-07
 2  16  5  32  0.1816E-07
 2  16  5  32  0.1810E-07
 2  16  5  32  0.1935E-07
 2  16  6  32  0.2971E-07
 2  16  6  32  0.1553E-07
 2  16  6  32  0.1230E-07
 2  16  6  32  0.1239E-07
 2  16  6  32  0.1548E-07
 2  16  6  32  0.1630E-07
 2  16  6  32  0.1770E-07
 2  16  6  32  0.1249E-07
 2  16  6  32  0.1176E-07
 2  16  6  32  0.1279E-07
 2  16  7  32  0.1874E-07
 2  16  7  32  0.1051E-07
 2  16  7  32  0.9927E-08
 2  16  7  32  0.9565E-08
 2  16  7  32  0.1042E-07
 2  16  7  32  0.9572E-08
 2  16  7  32  0.9717E-08
 2  16  7  32  0.1005E-07
 2  16  7  32  0.9840E-08
 2  16  7  32  0.1030E-07
 2  16  8  32  0.4838E-08
 2  16  8  32  0.4507E-08
 2  16  8  32  0.4492E-08
 2  16  8  32  0.4647E-08
 2  16  8  32  0.4490E-08
 2  16  8  32  0.4620E-08
 2  16  8  32  0.4512E-08
 2  16  8  32  0.4443E-08
 2  16  8  32  0.4602E-08
 2  16  8  32  0.4440E-08
 2  16  9  32  0.4740E-08
 2  16  9  32  0.4683E-08
 2  16  9  32  0.4721E-08
 2  16  9  32  0.4666E-08
 2  16  9  32  0.4797E-08
 2  16  9  32  0.4655E-08
 2  16  9  32  0.4681E-08
 2  16  9  32  0.4653E-08
 2  16  9  32  0.4658E-08
 2  16  9  32  0.4656E-08
 2  16  10  32  0.4878E-08
 2  16  10  32  0.4849E-08
 2  16  10  32  0.4832E-08
 2  16  10  32  0.4858E-08
 2  16  10  32  0.4816E-08
 2  16  10  32  0.4894E-08
 2  16  10  32  0.4852E-08
 2  16  10  32  0.4845E-08
 2  16  10  32  0.4803E-08
 2  16  10  32  0.4822E-08
 2  16  11  32  0.5584E-08
 2  16  11  32  0.5577E-08
 2  16  11  32  0.5593E-08
 2  16  11  32  0.5568E-08
 2  16  11  32  0.5621E-08
 2  16  11  32  0.5568E-08
 2  16  11  32  0.5491E-08
 2  16  11  32  0.5551E-08
 2  16  11  32  0.5534E-08
 2  16  11  32  0.5489E-08
 2  16  12  32  0.4757E-08
 2  16  12  32  0.4755E-08
 2  16  12  32  0.4772E-08
 2  16  12  32  0.4727E-08
 2  16  12  32  0.4764E-08
 2  16  12  32  0.4715E-08
 2  16  12  32  0.4786E-08
 2  16  12  32  0.4722E-08
 2  16  12  32  0.4725E-08
 2  16  12  32  0.4713E-08
 2  16  13  32  0.5268E-08
 2  16  13  32  0.5243E-08
 2  16  13  32  0.5246E-08
 2  16  13  32  0.5275E-08
 2  16  13  32  0.5265E-08
 2  16  13  32  0.5251E-08
 2  16  13  32  0.5262E-08
 2  16  13  32  0.5249E-08
 2  16  13  32  0.5259E-08
 2  16  13  32  0.5256E-08
 2  16  14  32  0.4921E-08
 2  16  14  32  0.4860E-08
 2  16  14  32  0.4862E-08
 2  16  14  32  0.4853E-08
 2  16  14  32  0.4868E-08
 2  16  14  32  0.4864E-08
 2  16  14  32  0.4856E-08
 2  16  14  32  0.4855E-08
 2  16  14  32  0.4839E-08
 2  16  14  32  0.4861E-08
 2  16  15  32  0.5099E-08
 2  16  15  32  0.5070E-08
 2  16  15  32  0.5068E-08
 2  16  15  32  0.5076E-08
 2  16  15  32  0.5082E-08
 2  16  15  32  0.5073E-08
 2  16  15  32  0.5068E-08
 2  16  15  32  0.5079E-08
 2  16  15  32  0.5072E-08
 2  16  15  32  0.5087E-08
 2  16  16  32  0.4900E-08
 2  16  16  32  0.4861E-08
 2  16  16  32  0.4872E-08
 2  16  16  32  0.4860E-08
 2  16  16  32  0.4880E-08
 2  16  16  32  0.4870E-08
 2  16  16  32  0.4856E-08
 2  16  16  32  0.4859E-08
 2  16  16  32  0.4865E-08
 2  16  16  32  0.4865E-08
 2  16  17  32  0.5654E-08
 2  16  17  32  0.5667E-08
 2  16  17  32  0.5647E-08
 2  16  17  32  0.5657E-08
 2  16  17  32  0.5663E-08
 2  16  17  32  0.5658E-08
 2  16  17  32  0.5656E-08
 2  16  17  32  0.5645E-08
 2  16  17  32  0.5654E-08
 2  16  17  32  0.5647E-08
 2  16  18  32  0.5317E-08
 2  16  18  32  0.5312E-08
 2  16  18  32  0.5313E-08
 2  16  18  32  0.5318E-08
 2  16  18  32  0.5321E-08
 2  16  18  32  0.5306E-08
 2  16  18  32  0.5304E-08
 2  16  18  32  0.5299E-08
 2  16  18  32  0.5320E-08
 2  16  18  32  0.5303E-08
 2  16  19  32  0.5752E-08
 2  16  19  32  0.5741E-08
 2  16  19  32  0.5741E-08
 2  16  19  32  0.5743E-08
 2  16  19  32  0.5749E-08
 2  16  19  32  0.5757E-08
 2  16  19  32  0.5751E-08
 2  16  19  32  0.5751E-08
 2  16  19  32  0.5746E-08
 2  16  19  32  0.5753E-08
 2  16  20  32  0.5567E-08
 2  16  20  32  0.5557E-08
 2  16  20  32  0.5553E-08
 2  16  20  32  0.5565E-08
 2  16  20  32  0.5554E-08
 2  16  20  32  0.5569E-08
 2  16  20  32  0.5556E-08
 2  16  20  32  0.5554E-08
 2  16  20  32  0.5554E-08
 2  16  20  32  0.5555E-08
