 2  32  3  64  0.1869E-06
 2  32  3  64  0.2277E-07
 2  32  3  64  0.2277E-07
 2  32  3  64  0.2180E-07
 2  32  3  64  0.2198E-07
 2  32  3  64  0.2198E-07
 2  32  3  64  0.3316E-07
 2  32  3  64  0.3357E-07
 2  32  3  64  0.2488E-07
 2  32  3  64  0.2507E-07
 2  32  4  64  0.8137E-07
 2  32  4  64  0.1131E-07
 2  32  4  64  0.1123E-07
 2  32  4  64  0.1246E-07
 2  32  4  64  0.9837E-08
 2  32  4  64  0.1034E-07
 2  32  4  64  0.1024E-07
 2  32  4  64  0.1065E-07
 2  32  4  64  0.1057E-07
 2  32  4  64  0.1162E-07
 2  32  5  64  0.3679E-07
 2  32  5  64  0.7580E-08
 2  32  5  64  0.6666E-08
 2  32  5  64  0.6914E-08
 2  32  5  64  0.9706E-08
 2  32  5  64  0.9288E-08
 2  32  5  64  0.8126E-08
 2  32  5  64  0.8335E-08
 2  32  5  64  0.8374E-08
 2  32  5  64  0.8166E-08
 2  32  6  64  0.3299E-07
 2  32  6  64  0.4869E-08
 2  32  6  64  0.4846E-08
 2  32  6  64  0.4772E-08
 2  32  6  64  0.5088E-08
 2  32  6  64  0.4680E-08
 2  32  6  64  0.4628E-08
 2  32  6  64  0.4697E-08
 2  32  6  64  0.5881E-08
 2  32  6  64  0.5404E-08
 2  32  7  64  0.1368E-07
 2  32  7  64  0.3689E-08
 2  32  7  64  0.3523E-08
 2  32  7  64  0.3418E-08
 2  32  7  64  0.3812E-08
 2  32  7  64  0.3552E-08
 2  32  7  64  0.3523E-08
 2  32  7  64  0.3979E-08
 2  32  7  64  0.3418E-08
 2  32  7  64  0.3432E-08
 2  32  8  64  0.9602E-08
 2  32  8  64  0.4009E-08
 2  32  8  64  0.4181E-08
 2  32  8  64  0.3876E-08
 2  32  8  64  0.4242E-08
 2  32  8  64  0.3936E-08
 2  32  8  64  0.4392E-08
 2  32  8  64  0.3978E-08
 2  32  8  64  0.3723E-08
 2  32  8  64  0.3888E-08
 2  32  9  64  0.2179E-08
 2  32  9  64  0.2150E-08
 2  32  9  64  0.2117E-08
 2  32  9  64  0.2164E-08
 2  32  9  64  0.2129E-08
 2  32  9  64  0.2149E-08
 2  32  9  64  0.2158E-08
 2  32  9  64  0.2125E-08
 2  32  9  64  0.2151E-08
 2  32  9  64  0.2126E-08
 2  32  10  64  0.2172E-08
 2  32  10  64  0.2099E-08
 2  32  10  64  0.2112E-08
 2  32  10  64  0.2106E-08
 2  32  10  64  0.2137E-08
 2  32  10  64  0.2109E-08
 2  32  10  64  0.2106E-08
 2  32  10  64  0.2116E-08
 2  32  10  64  0.2100E-08
 2  32  10  64  0.2119E-08
 2  32  11  64  0.1853E-08
 2  32  11  64  0.1811E-08
 2  32  11  64  0.1800E-08
 2  32  11  64  0.1822E-08
 2  32  11  64  0.1819E-08
 2  32  11  64  0.1809E-08
 2  32  11  64  0.1860E-08
 2  32  11  64  0.1817E-08
 2  32  11  64  0.1850E-08
 2  32  11  64  0.1871E-08
 2  32  12  64  0.1948E-08
 2  32  12  64  0.1874E-08
 2  32  12  64  0.1893E-08
 2  32  12  64  0.1874E-08
 2  32  12  64  0.1865E-08
 2  32  12  64  0.1873E-08
 2  32  12  64  0.1875E-08
 2  32  12  64  0.1869E-08
 2  32  12  64  0.1938E-08
 2  32  12  64  0.1912E-08
 2  32  13  64  0.2197E-08
 2  32  13  64  0.2158E-08
 2  32  13  64  0.2156E-08
 2  32  13  64  0.2162E-08
 2  32  13  64  0.2189E-08
 2  32  13  64  0.2161E-08
 2  32  13  64  0.2170E-08
 2  32  13  64  0.2165E-08
 2  32  13  64  0.2156E-08
 2  32  13  64  0.2178E-08
 2  32  14  64  0.2093E-08
 2  32  14  64  0.2076E-08
 2  32  14  64  0.2079E-08
 2  32  14  64  0.2079E-08
 2  32  14  64  0.2075E-08
 2  32  14  64  0.2080E-08
 2  32  14  64  0.2073E-08
 2  32  14  64  0.2078E-08
 2  32  14  64  0.2078E-08
 2  32  14  64  0.2099E-08
 2  32  15  64  0.2332E-08
 2  32  15  64  0.2320E-08
 2  32  15  64  0.2314E-08
 2  32  15  64  0.2315E-08
 2  32  15  64  0.2317E-08
 2  32  15  64  0.2316E-08
 2  32  15  64  0.2338E-08
 2  32  15  64  0.2317E-08
 2  32  15  64  0.2318E-08
 2  32  15  64  0.2318E-08
 2  32  16  64  0.2375E-08
 2  32  16  64  0.2358E-08
 2  32  16  64  0.2359E-08
 2  32  16  64  0.2360E-08
 2  32  16  64  0.2359E-08
 2  32  16  64  0.2356E-08
 2  32  16  64  0.2353E-08
 2  32  16  64  0.2352E-08
 2  32  16  64  0.2355E-08
 2  32  16  64  0.2358E-08
 2  32  17  64  0.2677E-08
 2  32  17  64  0.2658E-08
 2  32  17  64  0.2666E-08
 2  32  17  64  0.2658E-08
 2  32  17  64  0.2659E-08
 2  32  17  64  0.2659E-08
 2  32  17  64  0.2656E-08
 2  32  17  64  0.2653E-08
 2  32  17  64  0.2655E-08
 2  32  17  64  0.2658E-08
 2  32  18  64  0.2498E-08
 2  32  18  64  0.2484E-08
 2  32  18  64  0.2483E-08
 2  32  18  64  0.2483E-08
 2  32  18  64  0.2481E-08
 2  32  18  64  0.2482E-08
 2  32  18  64  0.2483E-08
 2  32  18  64  0.2482E-08
 2  32  18  64  0.2485E-08
 2  32  18  64  0.2489E-08
 2  32  19  64  0.2747E-08
 2  32  19  64  0.2735E-08
 2  32  19  64  0.2738E-08
 2  32  19  64  0.2734E-08
 2  32  19  64  0.2735E-08
 2  32  19  64  0.2735E-08
 2  32  19  64  0.2733E-08
 2  32  19  64  0.2732E-08
 2  32  19  64  0.2735E-08
 2  32  19  64  0.2735E-08
 2  32  20  64  0.2673E-08
 2  32  20  64  0.2722E-08
 2  32  20  64  0.3009E-08
 2  32  20  64  0.2668E-08
 2  32  20  64  0.2664E-08
 2  32  20  64  0.2668E-08
 2  32  20  64  0.2668E-08
 2  32  20  64  0.2667E-08
 2  32  20  64  0.2665E-08
 2  32  20  64  0.2667E-08
