 2  16  3  32  0.5916E-07
 2  16  3  32  0.5361E-07
 2  16  3  32  0.5343E-07
 2  16  3  32  0.5269E-07
 2  16  3  32  0.5267E-07
 2  16  3  32  0.5359E-07
 2  16  3  32  0.5295E-07
 2  16  3  32  0.5301E-07
 2  16  3  32  0.5258E-07
 2  16  3  32  0.5304E-07
 2  16  4  32  0.2629E-07
 2  16  4  32  0.2521E-07
 2  16  4  32  0.2639E-07
 2  16  4  32  0.2527E-07
 2  16  4  32  0.2513E-07
 2  16  4  32  0.2495E-07
 2  16  4  32  0.2598E-07
 2  16  4  32  0.2507E-07
 2  16  4  32  0.2489E-07
 2  16  4  32  0.2505E-07
 2  16  5  32  0.1826E-07
 2  16  5  32  0.1677E-07
 2  16  5  32  0.1681E-07
 2  16  5  32  0.1672E-07
 2  16  5  32  0.1669E-07
 2  16  5  32  0.1714E-07
 2  16  5  32  0.1668E-07
 2  16  5  32  0.1672E-07
 2  16  5  32  0.1667E-07
 2  16  5  32  0.1717E-07
 2  16  6  32  0.1158E-07
 2  16  6  32  0.1111E-07
 2  16  6  32  0.1116E-07
 2  16  6  32  0.1109E-07
 2  16  6  32  0.1106E-07
 2  16  6  32  0.1108E-07
 2  16  6  32  0.1108E-07
 2  16  6  32  0.1110E-07
 2  16  6  32  0.1109E-07
 2  16  6  32  0.1109E-07
 2  16  7  32  0.8954E-08
 2  16  7  32  0.8530E-08
 2  16  7  32  0.8517E-08
 2  16  7  32  0.8495E-08
 2  16  7  32  0.8489E-08
 2  16  7  32  0.8517E-08
 2  16  7  32  0.8491E-08
 2  16  7  32  0.8507E-08
 2  16  7  32  0.8483E-08
 2  16  7  32  0.8441E-08
 2  16  8  32  0.6308E-08
 2  16  8  32  0.5930E-08
 2  16  8  32  0.5855E-08
 2  16  8  32  0.5856E-08
 2  16  8  32  0.5866E-08
 2  16  8  32  0.5850E-08
 2  16  8  32  0.5848E-08
 2  16  8  32  0.5914E-08
 2  16  8  32  0.5867E-08
 2  16  8  32  0.5834E-08
 2  16  9  32  0.5986E-08
 2  16  9  32  0.5634E-08
 2  16  9  32  0.5625E-08
 2  16  9  32  0.5630E-08
 2  16  9  32  0.5613E-08
 2  16  9  32  0.5632E-08
 2  16  9  32  0.5598E-08
 2  16  9  32  0.5626E-08
 2  16  9  32  0.5620E-08
 2  16  9  32  0.5621E-08
 2  16  10  32  0.5581E-08
 2  16  10  32  0.5374E-08
 2  16  10  32  0.5372E-08
 2  16  10  32  0.5362E-08
 2  16  10  32  0.5363E-08
 2  16  10  32  0.5361E-08
 2  16  10  32  0.5352E-08
 2  16  10  32  0.5353E-08
 2  16  10  32  0.5342E-08
 2  16  10  32  0.5347E-08
 2  16  11  32  0.5965E-08
 2  16  11  32  0.5749E-08
 2  16  11  32  0.5730E-08
 2  16  11  32  0.5705E-08
 2  16  11  32  0.5711E-08
 2  16  11  32  0.5682E-08
 2  16  11  32  0.5710E-08
 2  16  11  32  0.5687E-08
 2  16  11  32  0.5680E-08
 2  16  11  32  0.5699E-08
 2  16  12  32  0.4917E-08
 2  16  12  32  0.4747E-08
 2  16  12  32  0.4722E-08
 2  16  12  32  0.4745E-08
 2  16  12  32  0.4726E-08
 2  16  12  32  0.4719E-08
 2  16  12  32  0.4730E-08
 2  16  12  32  0.4760E-08
 2  16  12  32  0.4747E-08
 2  16  12  32  0.4714E-08
 2  16  13  32  0.5606E-08
 2  16  13  32  0.5374E-08
 2  16  13  32  0.5372E-08
 2  16  13  32  0.5403E-08
 2  16  13  32  0.5361E-08
 2  16  13  32  0.5385E-08
 2  16  13  32  0.5356E-08
 2  16  13  32  0.5364E-08
 2  16  13  32  0.5400E-08
 2  16  13  32  0.5387E-08
 2  16  14  32  0.5610E-08
 2  16  14  32  0.5460E-08
 2  16  14  32  0.5460E-08
 2  16  14  32  0.5449E-08
 2  16  14  32  0.5464E-08
 2  16  14  32  0.5456E-08
 2  16  14  32  0.5466E-08
 2  16  14  32  0.5451E-08
 2  16  14  32  0.5463E-08
 2  16  14  32  0.5447E-08
 2  16  15  32  0.6265E-08
 2  16  15  32  0.6093E-08
 2  16  15  32  0.6092E-08
 2  16  15  32  0.6092E-08
 2  16  15  32  0.6088E-08
 2  16  15  32  0.6089E-08
 2  16  15  32  0.6087E-08
 2  16  15  32  0.6085E-08
 2  16  15  32  0.6094E-08
 2  16  15  32  0.6188E-08
 2  16  16  32  0.5795E-08
 2  16  16  32  0.5744E-08
 2  16  16  32  0.5748E-08
 2  16  16  32  0.5756E-08
 2  16  16  32  0.5736E-08
 2  16  16  32  0.5740E-08
 2  16  16  32  0.5746E-08
 2  16  16  32  0.5746E-08
 2  16  16  32  0.5738E-08
 2  16  16  32  0.5737E-08
 2  16  17  32  0.7035E-08
 2  16  17  32  0.6988E-08
 2  16  17  32  0.6999E-08
 2  16  17  32  0.6988E-08
 2  16  17  32  0.6999E-08
 2  16  17  32  0.7001E-08
 2  16  17  32  0.6996E-08
 2  16  17  32  0.7008E-08
 2  16  17  32  0.7002E-08
 2  16  17  32  0.7002E-08
 2  16  18  32  0.6653E-08
 2  16  18  32  0.6562E-08
 2  16  18  32  0.6568E-08
 2  16  18  32  0.6560E-08
 2  16  18  32  0.6603E-08
 2  16  18  32  0.6633E-08
 2  16  18  32  0.6629E-08
 2  16  18  32  0.6628E-08
 2  16  18  32  0.6621E-08
 2  16  18  32  0.6652E-08
 2  16  19  32  0.6995E-08
 2  16  19  32  0.6853E-08
 2  16  19  32  0.6851E-08
 2  16  19  32  0.6853E-08
 2  16  19  32  0.6860E-08
 2  16  19  32  0.6854E-08
 2  16  19  32  0.6853E-08
 2  16  19  32  0.6858E-08
 2  16  19  32  0.6850E-08
 2  16  19  32  0.6850E-08
 2  16  20  32  0.6521E-08
 2  16  20  32  0.6502E-08
 2  16  20  32  0.6501E-08
 2  16  20  32  0.6508E-08
 2  16  20  32  0.6508E-08
 2  16  20  32  0.6484E-08
 2  16  20  32  0.6491E-08
 2  16  20  32  0.6488E-08
 2  16  20  32  0.6491E-08
 2  16  20  32  0.6491E-08
