 2  2  3  4  0.5526E-06
 2  2  3  4  0.4503E-06
 2  2  3  4  0.4503E-06
 2  2  3  4  0.4481E-06
 2  2  3  4  0.4415E-06
 2  2  3  4  0.4415E-06
 2  2  3  4  0.4415E-06
 2  2  3  4  0.4445E-06
 2  2  3  4  0.3981E-06
 2  2  3  4  0.4445E-06
 2  2  4  4  0.1341E-06
 2  2  4  4  0.1158E-06
 2  2  4  4  0.8196E-07
 2  2  4  4  0.8071E-07
 2  2  4  4  0.1459E-06
 2  2  4  4  0.1121E-06
 2  2  4  4  0.1121E-06
 2  2  4  4  0.1170E-06
 2  2  4  4  0.8071E-07
 2  2  4  4  0.1043E-06
 2  2  5  4  0.1446E-06
 2  2  5  4  0.1125E-06
 2  2  5  4  0.6072E-07
 2  2  5  4  0.5945E-07
 2  2  5  4  0.5802E-07
 2  2  5  4  0.5865E-07
 2  2  5  4  0.5738E-07
 2  2  5  4  0.8059E-07
 2  2  5  4  0.8790E-07
 2  2  5  4  0.1186E-06
 2  2  6  4  0.9217E-07
 2  2  6  4  0.5666E-07
 2  2  6  4  0.7368E-07
 2  2  6  4  0.7331E-07
 2  2  6  4  0.6365E-07
 2  2  6  4  0.6825E-07
 2  2  6  4  0.7368E-07
 2  2  6  4  0.7377E-07
 2  2  6  4  0.1038E-06
 2  2  6  4  0.5629E-07
 2  2  7  4  0.6464E-07
 2  2  7  4  0.4883E-07
 2  2  7  4  0.4814E-07
 2  2  7  4  0.5393E-07
 2  2  7  4  0.5126E-07
 2  2  7  4  0.5126E-07
 2  2  7  4  0.5097E-07
 2  2  7  4  0.6366E-07
 2  2  7  4  0.5682E-07
 2  2  7  4  0.5613E-07
 2  2  8  4  0.5666E-07
 2  2  8  4  0.4377E-07
 2  2  8  4  0.5029E-07
 2  2  8  4  0.5386E-07
 2  2  8  4  0.4249E-07
 2  2  8  4  0.4164E-07
 2  2  8  4  0.5014E-07
 2  2  8  4  0.4152E-07
 2  2  8  4  0.4020E-07
 2  2  8  4  0.5227E-07
 2  2  9  4  0.5737E-07
 2  2  9  4  0.4720E-07
 2  2  9  4  0.4412E-07
 2  2  9  4  0.4312E-07
 2  2  9  4  0.4391E-07
 2  2  9  4  0.4047E-07
 2  2  9  4  0.4745E-07
 2  2  9  4  0.4243E-07
 2  2  9  4  0.4571E-07
 2  2  9  4  0.4402E-07
 2  2  10  4  0.6209E-07
 2  2  10  4  0.5917E-07
 2  2  10  4  0.5366E-07
 2  2  10  4  0.5849E-07
 2  2  10  4  0.5617E-07
 2  2  10  4  0.5891E-07
 2  2  10  4  0.5317E-07
 2  2  10  4  0.5607E-07
 2  2  10  4  0.5601E-07
 2  2  10  4  0.5925E-07
 2  2  11  4  0.5502E-07
 2  2  11  4  0.5014E-07
 2  2  11  4  0.4951E-07
 2  2  11  4  0.4914E-07
 2  2  11  4  0.4833E-07
 2  2  11  4  0.5202E-07
 2  2  11  4  0.4996E-07
 2  2  11  4  0.5190E-07
 2  2  11  4  0.5190E-07
 2  2  11  4  0.5071E-07
 2  2  12  4  0.4601E-07
 2  2  12  4  0.4196E-07
 2  2  12  4  0.4360E-07
 2  2  12  4  0.4235E-07
 2  2  12  4  0.4307E-07
 2  2  12  4  0.4156E-07
 2  2  12  4  0.4268E-07
 2  2  12  4  0.4268E-07
 2  2  12  4  0.4268E-07
 2  2  12  4  0.4148E-07
 2  2  13  4  0.5239E-07
 2  2  13  4  0.4502E-07
 2  2  13  4  0.4430E-07
 2  2  13  4  0.4597E-07
 2  2  13  4  0.4441E-07
 2  2  13  4  0.4491E-07
 2  2  13  4  0.4598E-07
 2  2  13  4  0.4499E-07
 2  2  13  4  0.4533E-07
 2  2  13  4  0.4676E-07
 2  2  14  4  0.4124E-07
 2  2  14  4  0.3960E-07
 2  2  14  4  0.3997E-07
 2  2  14  4  0.3863E-07
 2  2  14  4  0.3906E-07
 2  2  14  4  0.3860E-07
 2  2  14  4  0.3875E-07
 2  2  14  4  0.3969E-07
 2  2  14  4  0.3908E-07
 2  2  14  4  0.3939E-07
 2  2  15  4  0.4486E-07
 2  2  15  4  0.4259E-07
 2  2  15  4  0.4296E-07
 2  2  15  4  0.4311E-07
 2  2  15  4  0.4282E-07
 2  2  15  4  0.4366E-07
 2  2  15  4  0.4321E-07
 2  2  15  4  0.4343E-07
 2  2  15  4  0.4136E-07
 2  2  15  4  0.4254E-07
 2  2  16  4  0.3069E-07
 2  2  16  4  0.3071E-07
 2  2  16  4  0.3158E-07
 2  2  16  4  0.4370E-07
 2  2  16  4  0.4362E-07
 2  2  16  4  0.4435E-07
 2  2  16  4  0.4382E-07
 2  2  16  4  0.4498E-07
 2  2  16  4  0.4362E-07
 2  2  16  4  0.4421E-07
 2  2  17  4  0.3937E-07
 2  2  17  4  0.3920E-07
 2  2  17  4  0.3920E-07
 2  2  17  4  0.3932E-07
 2  2  17  4  0.4884E-07
 2  2  17  4  0.4887E-07
 2  2  17  4  0.4945E-07
 2  2  17  4  0.4839E-07
 2  2  17  4  0.4907E-07
 2  2  17  4  0.4895E-07
 2  2  18  4  0.3673E-07
 2  2  18  4  0.3657E-07
 2  2  18  4  0.3672E-07
 2  2  18  4  0.3663E-07
 2  2  18  4  0.3652E-07
 2  2  18  4  0.3665E-07
 2  2  18  4  0.4821E-07
 2  2  18  4  0.4874E-07
 2  2  18  4  0.4913E-07
 2  2  18  4  0.4940E-07
 2  2  19  4  0.4039E-07
 2  2  19  4  0.4028E-07
 2  2  19  4  0.4029E-07
 2  2  19  4  0.4032E-07
 2  2  19  4  0.4034E-07
 2  2  19  4  0.4029E-07
 2  2  19  4  0.4027E-07
 2  2  19  4  0.4041E-07
 2  2  19  4  0.5341E-07
 2  2  19  4  0.5360E-07
 2  2  20  4  0.3888E-07
 2  2  20  4  0.3895E-07
 2  2  20  4  0.3902E-07
 2  2  20  4  0.3919E-07
 2  2  20  4  0.3921E-07
 2  2  20  4  0.3925E-07
 2  2  20  4  0.3947E-07
 2  2  20  4  0.3957E-07
 2  2  20  4  0.3958E-07
 2  2  20  4  0.3959E-07
