 2  1  3  2  0.4371E-06
 2  1  3  2  0.3208E-06
 2  1  3  2  0.3223E-06
 2  1  3  2  0.3267E-06
 2  1  3  2  0.3267E-06
 2  1  3  2  0.3149E-06
 2  1  3  2  0.3149E-06
 2  1  3  2  0.4268E-06
 2  1  3  2  0.3326E-06
 2  1  3  2  0.3149E-06
 2  1  4  2  0.2707E-06
 2  1  4  2  0.2347E-06
 2  1  4  2  0.1900E-06
 2  1  4  2  0.1745E-06
 2  1  4  2  0.1664E-06
 2  1  4  2  0.1621E-06
 2  1  4  2  0.1670E-06
 2  1  4  2  0.1664E-06
 2  1  4  2  0.1639E-06
 2  1  4  2  0.2291E-06
 2  1  5  2  0.1799E-06
 2  1  5  2  0.1348E-06
 2  1  5  2  0.1322E-06
 2  1  5  2  0.1319E-06
 2  1  5  2  0.1319E-06
 2  1  5  2  0.1322E-06
 2  1  5  2  0.1599E-06
 2  1  5  2  0.1348E-06
 2  1  5  2  0.1307E-06
 2  1  5  2  0.1307E-06
 2  1  6  2  0.1418E-06
 2  1  6  2  0.9493E-07
 2  1  6  2  0.9033E-07
 2  1  6  2  0.9106E-07
 2  1  6  2  0.9106E-07
 2  1  6  2  0.9033E-07
 2  1  6  2  0.9787E-07
 2  1  6  2  0.9106E-07
 2  1  6  2  0.9033E-07
 2  1  6  2  0.8959E-07
 2  1  7  2  0.9766E-07
 2  1  7  2  0.8156E-07
 2  1  7  2  0.7820E-07
 2  1  7  2  0.7820E-07
 2  1  7  2  0.9766E-07
 2  1  7  2  0.7727E-07
 2  1  7  2  0.7634E-07
 2  1  7  2  0.7530E-07
 2  1  7  2  0.8608E-07
 2  1  7  2  0.8017E-07
 2  1  8  2  0.8165E-07
 2  1  8  2  0.6667E-07
 2  1  8  2  0.6480E-07
 2  1  8  2  0.6380E-07
 2  1  8  2  0.6543E-07
 2  1  8  2  0.6317E-07
 2  1  8  2  0.6317E-07
 2  1  8  2  0.6310E-07
 2  1  8  2  0.6543E-07
 2  1  8  2  0.6418E-07
 2  1  9  2  0.8552E-07
 2  1  9  2  0.7724E-07
 2  1  9  2  0.8116E-07
 2  1  9  2  0.7544E-07
 2  1  9  2  0.7179E-07
 2  1  9  2  0.8024E-07
 2  1  9  2  0.7151E-07
 2  1  9  2  0.7773E-07
 2  1  9  2  0.7451E-07
 2  1  9  2  0.7201E-07
 2  1  10  2  0.1111E-06
 2  1  10  2  0.1087E-06
 2  1  10  2  0.1075E-06
 2  1  10  2  0.1113E-06
 2  1  10  2  0.1042E-06
 2  1  10  2  0.1073E-06
 2  1  10  2  0.1069E-06
 2  1  10  2  0.1078E-06
 2  1  10  2  0.1030E-06
 2  1  10  2  0.1052E-06
 2  1  11  2  0.9341E-07
 2  1  11  2  0.8326E-07
 2  1  11  2  0.8789E-07
 2  1  11  2  0.8804E-07
 2  1  11  2  0.8915E-07
 2  1  11  2  0.8840E-07
 2  1  11  2  0.8303E-07
 2  1  11  2  0.8715E-07
 2  1  11  2  0.8879E-07
 2  1  11  2  0.8789E-07
 2  1  12  2  0.7474E-07
 2  1  12  2  0.7253E-07
 2  1  12  2  0.7322E-07
 2  1  12  2  0.7349E-07
 2  1  12  2  0.7388E-07
 2  1  12  2  0.7338E-07
 2  1  12  2  0.7377E-07
 2  1  12  2  0.6848E-07
 2  1  12  2  0.6926E-07
 2  1  12  2  0.7241E-07
 2  1  13  2  0.8671E-07
 2  1  13  2  0.8345E-07
 2  1  13  2  0.8153E-07
 2  1  13  2  0.8533E-07
 2  1  13  2  0.8322E-07
 2  1  13  2  0.8284E-07
 2  1  13  2  0.8186E-07
 2  1  13  2  0.8208E-07
 2  1  13  2  0.8291E-07
 2  1  13  2  0.8369E-07
 2  1  14  2  0.7568E-07
 2  1  14  2  0.7209E-07
 2  1  14  2  0.7440E-07
 2  1  14  2  0.7258E-07
 2  1  14  2  0.7180E-07
 2  1  14  2  0.7495E-07
 2  1  14  2  0.7264E-07
 2  1  14  2  0.7125E-07
 2  1  14  2  0.7446E-07
 2  1  14  2  0.7239E-07
 2  1  15  2  0.7817E-07
 2  1  15  2  0.7778E-07
 2  1  15  2  0.7649E-07
 2  1  15  2  0.7521E-07
 2  1  15  2  0.7739E-07
 2  1  15  2  0.7724E-07
 2  1  15  2  0.7501E-07
 2  1  15  2  0.7555E-07
 2  1  15  2  0.7792E-07
 2  1  15  2  0.7526E-07
 2  1  16  2  0.8322E-07
 2  1  16  2  0.8105E-07
 2  1  16  2  0.7975E-07
 2  1  16  2  0.7955E-07
 2  1  16  2  0.8098E-07
 2  1  16  2  0.8049E-07
 2  1  16  2  0.8061E-07
 2  1  16  2  0.7996E-07
 2  1  16  2  0.8004E-07
 2  1  16  2  0.7833E-07
 2  1  17  2  0.1034E-06
 2  1  17  2  0.9183E-07
 2  1  17  2  0.9143E-07
 2  1  17  2  0.9047E-07
 2  1  17  2  0.9050E-07
 2  1  17  2  0.9186E-07
 2  1  17  2  0.9214E-07
 2  1  17  2  0.9166E-07
 2  1  17  2  0.9169E-07
 2  1  17  2  0.8983E-07
 2  1  18  2  0.9491E-07
 2  1  18  2  0.9428E-07
 2  1  18  2  0.9277E-07
 2  1  18  2  0.9265E-07
 2  1  18  2  0.9179E-07
 2  1  18  2  0.9322E-07
 2  1  18  2  0.9565E-07
 2  1  18  2  0.9294E-07
 2  1  18  2  0.9316E-07
 2  1  18  2  0.9248E-07
 2  1  19  2  0.1068E-06
 2  1  19  2  0.1046E-06
 2  1  19  2  0.1049E-06
 2  1  19  2  0.1046E-06
 2  1  19  2  0.1050E-06
 2  1  19  2  0.1045E-06
 2  1  19  2  0.1049E-06
 2  1  19  2  0.1046E-06
 2  1  19  2  0.1051E-06
 2  1  19  2  0.1044E-06
 2  1  20  2  0.7531E-07
 2  1  20  2  0.7533E-07
 2  1  20  2  0.7528E-07
 2  1  20  2  0.7648E-07
 2  1  20  2  0.1008E-06
 2  1  20  2  0.1008E-06
 2  1  20  2  0.1005E-06
 2  1  20  2  0.1006E-06
 2  1  20  2  0.1004E-06
 2  1  20  2  0.1008E-06
