 2  4  3  8  0.6318E-07
 2  4  3  8  0.3952E-07
 2  4  3  8  0.4923E-07
 2  4  3  8  0.6361E-07
 2  4  3  8  0.4950E-07
 2  4  3  8  0.4622E-07
 2  4  3  8  0.5481E-07
 2  4  3  8  0.4092E-07
 2  4  3  8  0.4511E-07
 2  4  3  8  0.5494E-07
 2  4  4  8  0.1706E-06
 2  4  4  8  0.1257E-06
 2  4  4  8  0.1172E-06
 2  4  4  8  0.6845E-07
 2  4  4  8  0.6178E-07
 2  4  4  8  0.6178E-07
 2  4  4  8  0.6131E-07
 2  4  4  8  0.6193E-07
 2  4  4  8  0.9049E-07
 2  4  4  8  0.1191E-06
 2  4  5  8  0.9171E-07
 2  4  5  8  0.4196E-07
 2  4  5  8  0.3966E-07
 2  4  5  8  0.6763E-07
 2  4  5  8  0.6167E-07
 2  4  5  8  0.7304E-07
 2  4  5  8  0.7129E-07
 2  4  5  8  0.6660E-07
 2  4  5  8  0.3934E-07
 2  4  5  8  0.5937E-07
 2  4  6  8  0.1457E-07
 2  4  6  8  0.1480E-07
 2  4  6  8  0.1308E-07
 2  4  6  8  0.1373E-07
 2  4  6  8  0.1426E-07
 2  4  6  8  0.1312E-07
 2  4  6  8  0.1510E-07
 2  4  6  8  0.1465E-07
 2  4  6  8  0.1576E-07
 2  4  6  8  0.1618E-07
 2  4  7  8  0.4420E-07
 2  4  7  8  0.3594E-07
 2  4  7  8  0.3438E-07
 2  4  7  8  0.3134E-07
 2  4  7  8  0.3084E-07
 2  4  7  8  0.3012E-07
 2  4  7  8  0.3073E-07
 2  4  7  8  0.3267E-07
 2  4  7  8  0.2856E-07
 2  4  7  8  0.3218E-07
 2  4  8  8  0.1036E-07
 2  4  8  8  0.1082E-07
 2  4  8  8  0.1127E-07
 2  4  8  8  0.1023E-07
 2  4  8  8  0.9864E-08
 2  4  8  8  0.1026E-07
 2  4  8  8  0.1004E-07
 2  4  8  8  0.1002E-07
 2  4  8  8  0.1110E-07
 2  4  8  8  0.1020E-07
 2  4  9  8  0.3001E-07
 2  4  9  8  0.2372E-07
 2  4  9  8  0.2441E-07
 2  4  9  8  0.2372E-07
 2  4  9  8  0.2503E-07
 2  4  9  8  0.2417E-07
 2  4  9  8  0.2476E-07
 2  4  9  8  0.2487E-07
 2  4  9  8  0.2635E-07
 2  4  9  8  0.2396E-07
 2  4  10  8  0.3554E-07
 2  4  10  8  0.3150E-07
 2  4  10  8  0.2954E-07
 2  4  10  8  0.2979E-07
 2  4  10  8  0.3346E-07
 2  4  10  8  0.3108E-07
 2  4  10  8  0.3008E-07
 2  4  10  8  0.3071E-07
 2  4  10  8  0.2921E-07
 2  4  10  8  0.2909E-07
 2  4  11  8  0.2942E-07
 2  4  11  8  0.2605E-07
 2  4  11  8  0.2607E-07
 2  4  11  8  0.2545E-07
 2  4  11  8  0.2586E-07
 2  4  11  8  0.2611E-07
 2  4  11  8  0.2689E-07
 2  4  11  8  0.2680E-07
 2  4  11  8  0.2670E-07
 2  4  11  8  0.2729E-07
 2  4  12  8  0.2534E-07
 2  4  12  8  0.2283E-07
 2  4  12  8  0.2262E-07
 2  4  12  8  0.2300E-07
 2  4  12  8  0.2240E-07
 2  4  12  8  0.2245E-07
 2  4  12  8  0.2276E-07
 2  4  12  8  0.2211E-07
 2  4  12  8  0.2177E-07
 2  4  12  8  0.2288E-07
 2  4  13  8  0.1694E-07
 2  4  13  8  0.1687E-07
 2  4  13  8  0.1684E-07
 2  4  13  8  0.1684E-07
 2  4  13  8  0.1682E-07
 2  4  13  8  0.1684E-07
 2  4  13  8  0.1684E-07
 2  4  13  8  0.1686E-07
 2  4  13  8  0.1681E-07
 2  4  13  8  0.1686E-07
 2  4  14  8  0.2282E-07
 2  4  14  8  0.2104E-07
 2  4  14  8  0.2091E-07
 2  4  14  8  0.2044E-07
 2  4  14  8  0.2190E-07
 2  4  14  8  0.2047E-07
 2  4  14  8  0.2187E-07
 2  4  14  8  0.2076E-07
 2  4  14  8  0.2162E-07
 2  4  14  8  0.2100E-07
 2  4  15  8  0.1673E-07
 2  4  15  8  0.1672E-07
 2  4  15  8  0.1670E-07
 2  4  15  8  0.1672E-07
 2  4  15  8  0.1673E-07
 2  4  15  8  0.1675E-07
 2  4  15  8  0.1669E-07
 2  4  15  8  0.1672E-07
 2  4  15  8  0.1674E-07
 2  4  15  8  0.1672E-07
 2  4  16  8  0.1579E-07
 2  4  16  8  0.1577E-07
 2  4  16  8  0.1578E-07
 2  4  16  8  0.1578E-07
 2  4  16  8  0.1577E-07
 2  4  16  8  0.1581E-07
 2  4  16  8  0.1578E-07
 2  4  16  8  0.1577E-07
 2  4  16  8  0.1580E-07
 2  4  16  8  0.1580E-07
 2  4  17  8  0.1969E-07
 2  4  17  8  0.1975E-07
 2  4  17  8  0.1972E-07
 2  4  17  8  0.1971E-07
 2  4  17  8  0.1975E-07
 2  4  17  8  0.1975E-07
 2  4  17  8  0.1977E-07
 2  4  17  8  0.2014E-07
 2  4  17  8  0.2520E-07
 2  4  17  8  0.2516E-07
 2  4  18  8  0.1857E-07
 2  4  18  8  0.1854E-07
 2  4  18  8  0.1855E-07
 2  4  18  8  0.1855E-07
 2  4  18  8  0.1864E-07
 2  4  18  8  0.1863E-07
 2  4  18  8  0.1866E-07
 2  4  18  8  0.1868E-07
 2  4  18  8  0.1878E-07
 2  4  18  8  0.1875E-07
 2  4  19  8  0.2067E-07
 2  4  19  8  0.2055E-07
 2  4  19  8  0.2061E-07
 2  4  19  8  0.2074E-07
 2  4  19  8  0.2077E-07
 2  4  19  8  0.2085E-07
 2  4  19  8  0.2081E-07
 2  4  19  8  0.2081E-07
 2  4  19  8  0.2084E-07
 2  4  19  8  0.2077E-07
 2  4  20  8  0.1982E-07
 2  4  20  8  0.1980E-07
 2  4  20  8  0.1980E-07
 2  4  20  8  0.1980E-07
 2  4  20  8  0.1978E-07
 2  4  20  8  0.1978E-07
 2  4  20  8  0.1979E-07
 2  4  20  8  0.1985E-07
 2  4  20  8  0.1984E-07
 2  4  20  8  0.1983E-07
