 2  8  3  16  0.2191E-06
 2  8  3  16  0.7947E-07
 2  8  3  16  0.8867E-07
 2  8  3  16  0.9014E-07
 2  8  3  16  0.1321E-06
 2  8  3  16  0.7727E-07
 2  8  3  16  0.7947E-07
 2  8  3  16  0.7947E-07
 2  8  3  16  0.7874E-07
 2  8  3  16  0.7874E-07
 2  8  4  16  0.5688E-07
 2  8  4  16  0.5577E-07
 2  8  4  16  0.5587E-07
 2  8  4  16  0.5551E-07
 2  8  4  16  0.5610E-07
 2  8  4  16  0.5596E-07
 2  8  4  16  0.5646E-07
 2  8  4  16  0.5575E-07
 2  8  4  16  0.5546E-07
 2  8  4  16  0.5902E-07
 2  8  5  16  0.6600E-07
 2  8  5  16  0.4768E-07
 2  8  5  16  0.4983E-07
 2  8  5  16  0.4733E-07
 2  8  5  16  0.3632E-07
 2  8  5  16  0.4069E-07
 2  8  5  16  0.3437E-07
 2  8  5  16  0.3048E-07
 2  8  5  16  0.2734E-07
 2  8  5  16  0.2333E-07
 2  8  6  16  0.4273E-07
 2  8  6  16  0.3472E-07
 2  8  6  16  0.3279E-07
 2  8  6  16  0.3511E-07
 2  8  6  16  0.3183E-07
 2  8  6  16  0.3114E-07
 2  8  6  16  0.2999E-07
 2  8  6  16  0.2847E-07
 2  8  6  16  0.3452E-07
 2  8  6  16  0.2950E-07
 2  8  7  16  0.2793E-07
 2  8  7  16  0.1633E-07
 2  8  7  16  0.2303E-07
 2  8  7  16  0.2259E-07
 2  8  7  16  0.1951E-07
 2  8  7  16  0.2369E-07
 2  8  7  16  0.2059E-07
 2  8  7  16  0.2339E-07
 2  8  7  16  0.1567E-07
 2  8  7  16  0.2217E-07
 2  8  8  16  0.1953E-07
 2  8  8  16  0.1965E-07
 2  8  8  16  0.1624E-07
 2  8  8  16  0.1685E-07
 2  8  8  16  0.1555E-07
 2  8  8  16  0.1636E-07
 2  8  8  16  0.1643E-07
 2  8  8  16  0.1632E-07
 2  8  8  16  0.1489E-07
 2  8  8  16  0.1673E-07
 2  8  9  16  0.1977E-07
 2  8  9  16  0.1426E-07
 2  8  9  16  0.1495E-07
 2  8  9  16  0.1554E-07
 2  8  9  16  0.1472E-07
 2  8  9  16  0.1486E-07
 2  8  9  16  0.1355E-07
 2  8  9  16  0.1443E-07
 2  8  9  16  0.1426E-07
 2  8  9  16  0.1444E-07
 2  8  10  16  0.2096E-07
 2  8  10  16  0.1762E-07
 2  8  10  16  0.1823E-07
 2  8  10  16  0.1752E-07
 2  8  10  16  0.1721E-07
 2  8  10  16  0.1709E-07
 2  8  10  16  0.1735E-07
 2  8  10  16  0.1679E-07
 2  8  10  16  0.1783E-07
 2  8  10  16  0.1704E-07
 2  8  11  16  0.1908E-07
 2  8  11  16  0.1581E-07
 2  8  11  16  0.1612E-07
 2  8  11  16  0.1589E-07
 2  8  11  16  0.1578E-07
 2  8  11  16  0.1583E-07
 2  8  11  16  0.1778E-07
 2  8  11  16  0.1604E-07
 2  8  11  16  0.1559E-07
 2  8  11  16  0.1624E-07
 2  8  12  16  0.8986E-08
 2  8  12  16  0.8967E-08
 2  8  12  16  0.8990E-08
 2  8  12  16  0.8965E-08
 2  8  12  16  0.8966E-08
 2  8  12  16  0.8970E-08
 2  8  12  16  0.8972E-08
 2  8  12  16  0.9004E-08
 2  8  12  16  0.8982E-08
 2  8  12  16  0.9204E-08
 2  8  13  16  0.9806E-08
 2  8  13  16  0.9799E-08
 2  8  13  16  0.9788E-08
 2  8  13  16  0.9812E-08
 2  8  13  16  0.9806E-08
 2  8  13  16  0.9805E-08
 2  8  13  16  0.9820E-08
 2  8  13  16  0.9816E-08
 2  8  13  16  0.9800E-08
 2  8  13  16  0.9802E-08
 2  8  14  16  0.8986E-08
 2  8  14  16  0.8899E-08
 2  8  14  16  0.8858E-08
 2  8  14  16  0.8866E-08
 2  8  14  16  0.8848E-08
 2  8  14  16  0.8850E-08
 2  8  14  16  0.8848E-08
 2  8  14  16  0.8850E-08
 2  8  14  16  0.8856E-08
 2  8  14  16  0.8891E-08
 2  8  15  16  0.9345E-08
 2  8  15  16  0.9373E-08
 2  8  15  16  0.9377E-08
 2  8  15  16  0.9372E-08
 2  8  15  16  0.9373E-08
 2  8  15  16  0.9431E-08
 2  8  15  16  0.9390E-08
 2  8  15  16  0.9384E-08
 2  8  15  16  0.9402E-08
 2  8  15  16  0.9378E-08
 2  8  16  16  0.8966E-08
 2  8  16  16  0.8959E-08
 2  8  16  16  0.8970E-08
 2  8  16  16  0.8962E-08
 2  8  16  16  0.8964E-08
 2  8  16  16  0.8960E-08
 2  8  16  16  0.8980E-08
 2  8  16  16  0.8970E-08
 2  8  16  16  0.8976E-08
 2  8  16  16  0.8963E-08
 2  8  17  16  0.1064E-07
 2  8  17  16  0.1064E-07
 2  8  17  16  0.1063E-07
 2  8  17  16  0.1064E-07
 2  8  17  16  0.1065E-07
 2  8  17  16  0.1064E-07
 2  8  17  16  0.1064E-07
 2  8  17  16  0.1064E-07
 2  8  17  16  0.1064E-07
 2  8  17  16  0.1066E-07
 2  8  18  16  0.1007E-07
 2  8  18  16  0.1008E-07
 2  8  18  16  0.1005E-07
 2  8  18  16  0.1004E-07
 2  8  18  16  0.1005E-07
 2  8  18  16  0.1005E-07
 2  8  18  16  0.1005E-07
 2  8  18  16  0.1004E-07
 2  8  18  16  0.1005E-07
 2  8  18  16  0.1005E-07
 2  8  19  16  0.1098E-07
 2  8  19  16  0.1098E-07
 2  8  19  16  0.1096E-07
 2  8  19  16  0.1097E-07
 2  8  19  16  0.1096E-07
 2  8  19  16  0.1096E-07
 2  8  19  16  0.1099E-07
 2  8  19  16  0.1095E-07
 2  8  19  16  0.1096E-07
 2  8  19  16  0.1097E-07
 2  8  20  16  0.1045E-07
 2  8  20  16  0.1046E-07
 2  8  20  16  0.1047E-07
 2  8  20  16  0.1047E-07
 2  8  20  16  0.1046E-07
 2  8  20  16  0.1046E-07
 2  8  20  16  0.1046E-07
 2  8  20  16  0.1047E-07
 2  8  20  16  0.1047E-07
 2  8  20  16  0.1046E-07
