 2  8  3  16  0.2300E-06
 2  8  3  16  0.1705E-06
 2  8  3  16  0.1604E-06
 2  8  3  16  0.1566E-06
 2  8  3  16  0.1558E-06
 2  8  3  16  0.1667E-06
 2  8  3  16  0.1497E-06
 2  8  3  16  0.1466E-06
 2  8  3  16  0.1575E-06
 2  8  3  16  0.8021E-07
 2  8  4  16  0.1453E-07
 2  8  4  16  0.1927E-07
 2  8  4  16  0.2831E-07
 2  8  4  16  0.1943E-07
 2  8  4  16  0.2206E-07
 2  8  4  16  0.2613E-07
 2  8  4  16  0.2182E-07
 2  8  4  16  0.2250E-07
 2  8  4  16  0.1984E-07
 2  8  4  16  0.2220E-07
 2  8  5  16  0.8066E-07
 2  8  5  16  0.4168E-07
 2  8  5  16  0.4184E-07
 2  8  5  16  0.3918E-07
 2  8  5  16  0.3882E-07
 2  8  5  16  0.3016E-07
 2  8  5  16  0.3481E-07
 2  8  5  16  0.3850E-07
 2  8  5  16  0.3250E-07
 2  8  5  16  0.4534E-07
 2  8  6  16  0.3502E-07
 2  8  6  16  0.2500E-07
 2  8  6  16  0.2564E-07
 2  8  6  16  0.2056E-07
 2  8  6  16  0.2063E-07
 2  8  6  16  0.2730E-07
 2  8  6  16  0.2304E-07
 2  8  6  16  0.2681E-07
 2  8  6  16  0.2759E-07
 2  8  6  16  0.1927E-07
 2  8  7  16  0.3329E-07
 2  8  7  16  0.2447E-07
 2  8  7  16  0.2059E-07
 2  8  7  16  0.1900E-07
 2  8  7  16  0.2101E-07
 2  8  7  16  0.1998E-07
 2  8  7  16  0.1622E-07
 2  8  7  16  0.1859E-07
 2  8  7  16  0.1658E-07
 2  8  7  16  0.2023E-07
 2  8  8  16  0.2466E-07
 2  8  8  16  0.1921E-07
 2  8  8  16  0.1824E-07
 2  8  8  16  0.1448E-07
 2  8  8  16  0.1441E-07
 2  8  8  16  0.1452E-07
 2  8  8  16  0.1437E-07
 2  8  8  16  0.1510E-07
 2  8  8  16  0.1298E-07
 2  8  8  16  0.1615E-07
 2  8  9  16  0.1732E-07
 2  8  9  16  0.1474E-07
 2  8  9  16  0.1280E-07
 2  8  9  16  0.1400E-07
 2  8  9  16  0.1266E-07
 2  8  9  16  0.1340E-07
 2  8  9  16  0.1223E-07
 2  8  9  16  0.1263E-07
 2  8  9  16  0.1355E-07
 2  8  9  16  0.1266E-07
 2  8  10  16  0.1898E-07
 2  8  10  16  0.1644E-07
 2  8  10  16  0.1602E-07
 2  8  10  16  0.1640E-07
 2  8  10  16  0.1585E-07
 2  8  10  16  0.1571E-07
 2  8  10  16  0.1506E-07
 2  8  10  16  0.1596E-07
 2  8  10  16  0.1644E-07
 2  8  10  16  0.1588E-07
 2  8  11  16  0.8210E-08
 2  8  11  16  0.8146E-08
 2  8  11  16  0.8274E-08
 2  8  11  16  0.1531E-07
 2  8  11  16  0.1482E-07
 2  8  11  16  0.1481E-07
 2  8  11  16  0.1490E-07
 2  8  11  16  0.1459E-07
 2  8  11  16  0.1506E-07
 2  8  11  16  0.1451E-07
 2  8  12  16  0.7851E-08
 2  8  12  16  0.7920E-08
 2  8  12  16  0.7857E-08
 2  8  12  16  0.7865E-08
 2  8  12  16  0.7856E-08
 2  8  12  16  0.7802E-08
 2  8  12  16  0.7845E-08
 2  8  12  16  0.7842E-08
 2  8  12  16  0.7869E-08
 2  8  12  16  0.7832E-08
 2  8  13  16  0.8653E-08
 2  8  13  16  0.8639E-08
 2  8  13  16  0.8611E-08
 2  8  13  16  0.8607E-08
 2  8  13  16  0.8625E-08
 2  8  13  16  0.8640E-08
 2  8  13  16  0.8624E-08
 2  8  13  16  0.8632E-08
 2  8  13  16  0.8636E-08
 2  8  13  16  0.8627E-08
 2  8  14  16  0.8126E-08
 2  8  14  16  0.8005E-08
 2  8  14  16  0.8014E-08
 2  8  14  16  0.8007E-08
 2  8  14  16  0.7994E-08
 2  8  14  16  0.7990E-08
 2  8  14  16  0.7992E-08
 2  8  14  16  0.7995E-08
 2  8  14  16  0.8070E-08
 2  8  14  16  0.8029E-08
 2  8  15  16  0.8683E-08
 2  8  15  16  0.8675E-08
 2  8  15  16  0.8673E-08
 2  8  15  16  0.8763E-08
 2  8  15  16  0.8668E-08
 2  8  15  16  0.8672E-08
 2  8  15  16  0.8654E-08
 2  8  15  16  0.8675E-08
 2  8  15  16  0.8670E-08
 2  8  15  16  0.8647E-08
 2  8  16  16  0.8230E-08
 2  8  16  16  0.8213E-08
 2  8  16  16  0.8277E-08
 2  8  16  16  0.8259E-08
 2  8  16  16  0.8263E-08
 2  8  16  16  0.8268E-08
 2  8  16  16  0.8337E-08
 2  8  16  16  0.8342E-08
 2  8  16  16  0.8367E-08
 2  8  16  16  0.8334E-08
 2  8  17  16  0.1009E-07
 2  8  17  16  0.1008E-07
 2  8  17  16  0.1008E-07
 2  8  17  16  0.1011E-07
 2  8  17  16  0.1010E-07
 2  8  17  16  0.1010E-07
 2  8  17  16  0.1010E-07
 2  8  17  16  0.1010E-07
 2  8  17  16  0.1011E-07
 2  8  17  16  0.1010E-07
 2  8  18  16  0.9538E-08
 2  8  18  16  0.9526E-08
 2  8  18  16  0.9515E-08
 2  8  18  16  0.9506E-08
 2  8  18  16  0.9537E-08
 2  8  18  16  0.9551E-08
 2  8  18  16  0.9533E-08
 2  8  18  16  0.9548E-08
 2  8  18  16  0.9554E-08
 2  8  18  16  0.9554E-08
 2  8  19  16  0.1051E-07
 2  8  19  16  0.1051E-07
 2  8  19  16  0.1051E-07
 2  8  19  16  0.1050E-07
 2  8  19  16  0.1050E-07
 2  8  19  16  0.1052E-07
 2  8  19  16  0.1052E-07
 2  8  19  16  0.1051E-07
 2  8  19  16  0.1051E-07
 2  8  19  16  0.1050E-07
 2  8  20  16  0.1007E-07
 2  8  20  16  0.1010E-07
 2  8  20  16  0.1009E-07
 2  8  20  16  0.1009E-07
 2  8  20  16  0.1009E-07
 2  8  20  16  0.1010E-07
 2  8  20  16  0.1011E-07
 2  8  20  16  0.1010E-07
 2  8  20  16  0.1009E-07
 2  8  20  16  0.1007E-07
