 2  4  3  8  0.7802E-07
 2  4  3  8  0.7161E-07
 2  4  3  8  0.8486E-07
 2  4  3  8  0.6736E-07
 2  4  3  8  0.7000E-07
 2  4  3  8  0.7083E-07
 2  4  3  8  0.7687E-07
 2  4  3  8  0.6657E-07
 2  4  3  8  0.9171E-07
 2  4  3  8  0.7608E-07
 2  4  4  8  0.1712E-06
 2  4  4  8  0.7808E-07
 2  4  4  8  0.1009E-06
 2  4  4  8  0.6643E-07
 2  4  4  8  0.1113E-06
 2  4  4  8  0.7109E-07
 2  4  4  8  0.7156E-07
 2  4  4  8  0.1080E-06
 2  4  4  8  0.8134E-07
 2  4  4  8  0.9111E-07
 2  4  5  8  0.9926E-07
 2  4  5  8  0.8098E-07
 2  4  5  8  0.5595E-07
 2  4  5  8  0.4967E-07
 2  4  5  8  0.6572E-07
 2  4  5  8  0.4466E-07
 2  4  5  8  0.4562E-07
 2  4  5  8  0.4601E-07
 2  4  5  8  0.4633E-07
 2  4  5  8  0.5666E-07
 2  4  6  8  0.1781E-07
 2  4  6  8  0.1768E-07
 2  4  6  8  0.1848E-07
 2  4  6  8  0.1705E-07
 2  4  6  8  0.1863E-07
 2  4  6  8  0.1759E-07
 2  4  6  8  0.1908E-07
 2  4  6  8  0.1886E-07
 2  4  6  8  0.1827E-07
 2  4  6  8  0.1815E-07
 2  4  7  8  0.4118E-07
 2  4  7  8  0.3145E-07
 2  4  7  8  0.3197E-07
 2  4  7  8  0.2833E-07
 2  4  7  8  0.2905E-07
 2  4  7  8  0.2769E-07
 2  4  7  8  0.2914E-07
 2  4  7  8  0.3655E-07
 2  4  7  8  0.3594E-07
 2  4  7  8  0.3365E-07
 2  4  8  8  0.1198E-07
 2  4  8  8  0.1293E-07
 2  4  8  8  0.1341E-07
 2  4  8  8  0.1191E-07
 2  4  8  8  0.1275E-07
 2  4  8  8  0.1181E-07
 2  4  8  8  0.1183E-07
 2  4  8  8  0.1189E-07
 2  4  8  8  0.1189E-07
 2  4  8  8  0.1185E-07
 2  4  9  8  0.3464E-07
 2  4  9  8  0.2360E-07
 2  4  9  8  0.2435E-07
 2  4  9  8  0.2750E-07
 2  4  9  8  0.2412E-07
 2  4  9  8  0.2298E-07
 2  4  9  8  0.2441E-07
 2  4  9  8  0.2503E-07
 2  4  9  8  0.2412E-07
 2  4  9  8  0.2480E-07
 2  4  10  8  0.3380E-07
 2  4  10  8  0.3095E-07
 2  4  10  8  0.3154E-07
 2  4  10  8  0.3166E-07
 2  4  10  8  0.3079E-07
 2  4  10  8  0.2941E-07
 2  4  10  8  0.3054E-07
 2  4  10  8  0.3187E-07
 2  4  10  8  0.3079E-07
 2  4  10  8  0.3099E-07
 2  4  11  8  0.3109E-07
 2  4  11  8  0.2815E-07
 2  4  11  8  0.2786E-07
 2  4  11  8  0.2773E-07
 2  4  11  8  0.2736E-07
 2  4  11  8  0.2789E-07
 2  4  11  8  0.2826E-07
 2  4  11  8  0.2818E-07
 2  4  11  8  0.2780E-07
 2  4  11  8  0.2805E-07
 2  4  12  8  0.2498E-07
 2  4  12  8  0.2412E-07
 2  4  12  8  0.2382E-07
 2  4  12  8  0.2397E-07
 2  4  12  8  0.2375E-07
 2  4  12  8  0.2361E-07
 2  4  12  8  0.2380E-07
 2  4  12  8  0.2428E-07
 2  4  12  8  0.2443E-07
 2  4  12  8  0.2375E-07
 2  4  13  8  0.1847E-07
 2  4  13  8  0.1845E-07
 2  4  13  8  0.1846E-07
 2  4  13  8  0.1848E-07
 2  4  13  8  0.1844E-07
 2  4  13  8  0.1846E-07
 2  4  13  8  0.1847E-07
 2  4  13  8  0.1845E-07
 2  4  13  8  0.1847E-07
 2  4  13  8  0.1844E-07
 2  4  14  8  0.2343E-07
 2  4  14  8  0.2197E-07
 2  4  14  8  0.2229E-07
 2  4  14  8  0.2331E-07
 2  4  14  8  0.2196E-07
 2  4  14  8  0.2269E-07
 2  4  14  8  0.2176E-07
 2  4  14  8  0.2244E-07
 2  4  14  8  0.2279E-07
 2  4  14  8  0.2184E-07
 2  4  15  8  0.1788E-07
 2  4  15  8  0.1786E-07
 2  4  15  8  0.1790E-07
 2  4  15  8  0.1788E-07
 2  4  15  8  0.1789E-07
 2  4  15  8  0.1789E-07
 2  4  15  8  0.1783E-07
 2  4  15  8  0.1787E-07
 2  4  15  8  0.1788E-07
 2  4  15  8  0.1789E-07
 2  4  16  8  0.1680E-07
 2  4  16  8  0.1679E-07
 2  4  16  8  0.1682E-07
 2  4  16  8  0.1680E-07
 2  4  16  8  0.1679E-07
 2  4  16  8  0.1681E-07
 2  4  16  8  0.1681E-07
 2  4  16  8  0.1678E-07
 2  4  16  8  0.1681E-07
 2  4  16  8  0.1678E-07
 2  4  17  8  0.2701E-07
 2  4  17  8  0.2626E-07
 2  4  17  8  0.2633E-07
 2  4  17  8  0.2615E-07
 2  4  17  8  0.2647E-07
 2  4  17  8  0.2610E-07
 2  4  17  8  0.2598E-07
 2  4  17  8  0.2603E-07
 2  4  17  8  0.2624E-07
 2  4  17  8  0.2615E-07
 2  4  18  8  0.1956E-07
 2  4  18  8  0.1956E-07
 2  4  18  8  0.1962E-07
 2  4  18  8  0.1953E-07
 2  4  18  8  0.1953E-07
 2  4  18  8  0.1957E-07
 2  4  18  8  0.1958E-07
 2  4  18  8  0.1958E-07
 2  4  18  8  0.1957E-07
 2  4  18  8  0.1953E-07
 2  4  19  8  0.2149E-07
 2  4  19  8  0.2152E-07
 2  4  19  8  0.2154E-07
 2  4  19  8  0.2155E-07
 2  4  19  8  0.2157E-07
 2  4  19  8  0.2158E-07
 2  4  19  8  0.2155E-07
 2  4  19  8  0.2152E-07
 2  4  19  8  0.2152E-07
 2  4  19  8  0.2151E-07
 2  4  20  8  0.2047E-07
 2  4  20  8  0.2049E-07
 2  4  20  8  0.2052E-07
 2  4  20  8  0.2052E-07
 2  4  20  8  0.2049E-07
 2  4  20  8  0.2050E-07
 2  4  20  8  0.2051E-07
 2  4  20  8  0.2047E-07
 2  4  20  8  0.2047E-07
 2  4  20  8  0.2048E-07
