 2  32  3  64  0.1910E-07
 2  32  3  64  0.4070E-07
 2  32  3  64  0.3298E-07
 2  32  3  64  0.3104E-07
 2  32  3  64  0.3068E-07
 2  32  3  64  0.3164E-07
 2  32  3  64  0.2930E-07
 2  32  3  64  0.2989E-07
 2  32  3  64  0.2911E-07
 2  32  3  64  0.3302E-07
 2  32  4  64  0.9890E-08
 2  32  4  64  0.8804E-08
 2  32  4  64  0.1799E-07
 2  32  4  64  0.1587E-07
 2  32  4  64  0.1872E-07
 2  32  4  64  0.1653E-07
 2  32  4  64  0.1457E-07
 2  32  4  64  0.1416E-07
 2  32  4  64  0.1717E-07
 2  32  4  64  0.1480E-07
 2  32  5  64  0.6522E-08
 2  32  5  64  0.5970E-08
 2  32  5  64  0.6035E-08
 2  32  5  64  0.6034E-08
 2  32  5  64  0.1012E-07
 2  32  5  64  0.1029E-07
 2  32  5  64  0.9755E-08
 2  32  5  64  0.9467E-08
 2  32  5  64  0.9497E-08
 2  32  5  64  0.9884E-08
 2  32  6  64  0.4436E-08
 2  32  6  64  0.4136E-08
 2  32  6  64  0.4313E-08
 2  32  6  64  0.4123E-08
 2  32  6  64  0.4435E-08
 2  32  6  64  0.8273E-08
 2  32  6  64  0.6772E-08
 2  32  6  64  0.7140E-08
 2  32  6  64  0.6847E-08
 2  32  6  64  0.6560E-08
 2  32  7  64  0.3545E-08
 2  32  7  64  0.3349E-08
 2  32  7  64  0.3428E-08
 2  32  7  64  0.3348E-08
 2  32  7  64  0.3378E-08
 2  32  7  64  0.3360E-08
 2  32  7  64  0.3382E-08
 2  32  7  64  0.5695E-08
 2  32  7  64  0.5315E-08
 2  32  7  64  0.5192E-08
 2  32  8  64  0.3794E-08
 2  32  8  64  0.3606E-08
 2  32  8  64  0.3568E-08
 2  32  8  64  0.3604E-08
 2  32  8  64  0.3540E-08
 2  32  8  64  0.3549E-08
 2  32  8  64  0.3563E-08
 2  32  8  64  0.3550E-08
 2  32  8  64  0.3573E-08
 2  32  8  64  0.5484E-08
 2  32  9  64  0.3443E-08
 2  32  9  64  0.3373E-08
 2  32  9  64  0.3288E-08
 2  32  9  64  0.3314E-08
 2  32  9  64  0.3321E-08
 2  32  9  64  0.3278E-08
 2  32  9  64  0.3306E-08
 2  32  9  64  0.3363E-08
 2  32  9  64  0.3315E-08
 2  32  9  64  0.3289E-08
 2  32  10  64  0.3533E-08
 2  32  10  64  0.3383E-08
 2  32  10  64  0.3398E-08
 2  32  10  64  0.3391E-08
 2  32  10  64  0.3373E-08
 2  32  10  64  0.3407E-08
 2  32  10  64  0.3413E-08
 2  32  10  64  0.3407E-08
 2  32  10  64  0.3403E-08
 2  32  10  64  0.3371E-08
 2  32  11  64  0.3315E-08
 2  32  11  64  0.3214E-08
 2  32  11  64  0.3218E-08
 2  32  11  64  0.3246E-08
 2  32  11  64  0.3206E-08
 2  32  11  64  0.3225E-08
 2  32  11  64  0.3216E-08
 2  32  11  64  0.3240E-08
 2  32  11  64  0.3201E-08
 2  32  11  64  0.3225E-08
 2  32  12  64  0.2789E-08
 2  32  12  64  0.2647E-08
 2  32  12  64  0.2644E-08
 2  32  12  64  0.2646E-08
 2  32  12  64  0.2659E-08
 2  32  12  64  0.2646E-08
 2  32  12  64  0.2651E-08
 2  32  12  64  0.2652E-08
 2  32  12  64  0.2649E-08
 2  32  12  64  0.2647E-08
 2  32  13  64  0.3016E-08
 2  32  13  64  0.2918E-08
 2  32  13  64  0.2881E-08
 2  32  13  64  0.2883E-08
 2  32  13  64  0.2884E-08
 2  32  13  64  0.2880E-08
 2  32  13  64  0.2879E-08
 2  32  13  64  0.2875E-08
 2  32  13  64  0.2876E-08
 2  32  13  64  0.2873E-08
 2  32  14  64  0.2807E-08
 2  32  14  64  0.2671E-08
 2  32  14  64  0.2705E-08
 2  32  14  64  0.2685E-08
 2  32  14  64  0.2663E-08
 2  32  14  64  0.2702E-08
 2  32  14  64  0.2673E-08
 2  32  14  64  0.2665E-08
 2  32  14  64  0.2667E-08
 2  32  14  64  0.2667E-08
 2  32  15  64  0.2911E-08
 2  32  15  64  0.2810E-08
 2  32  15  64  0.2825E-08
 2  32  15  64  0.2812E-08
 2  32  15  64  0.2850E-08
 2  32  15  64  0.2840E-08
 2  32  15  64  0.2819E-08
 2  32  15  64  0.2820E-08
 2  32  15  64  0.2814E-08
 2  32  15  64  0.2817E-08
 2  32  16  64  0.2864E-08
 2  32  16  64  0.2812E-08
 2  32  16  64  0.2815E-08
 2  32  16  64  0.2781E-08
 2  32  16  64  0.2784E-08
 2  32  16  64  0.2803E-08
 2  32  16  64  0.2788E-08
 2  32  16  64  0.2782E-08
 2  32  16  64  0.2782E-08
 2  32  16  64  0.2789E-08
 2  32  17  64  0.3176E-08
 2  32  17  64  0.3082E-08
 2  32  17  64  0.3089E-08
 2  32  17  64  0.3099E-08
 2  32  17  64  0.3091E-08
 2  32  17  64  0.3071E-08
 2  32  17  64  0.3085E-08
 2  32  17  64  0.3084E-08
 2  32  17  64  0.3075E-08
 2  32  17  64  0.3077E-08
 2  32  18  64  0.2891E-08
 2  32  18  64  0.2867E-08
 2  32  18  64  0.2865E-08
 2  32  18  64  0.2867E-08
 2  32  18  64  0.2858E-08
 2  32  18  64  0.2859E-08
 2  32  18  64  0.2855E-08
 2  32  18  64  0.2852E-08
 2  32  18  64  0.2849E-08
 2  32  18  64  0.2853E-08
 2  32  19  64  0.3153E-08
 2  32  19  64  0.3094E-08
 2  32  19  64  0.3089E-08
 2  32  19  64  0.3089E-08
 2  32  19  64  0.3082E-08
 2  32  19  64  0.3074E-08
 2  32  19  64  0.3074E-08
 2  32  19  64  0.3078E-08
 2  32  19  64  0.3080E-08
 2  32  19  64  0.3085E-08
 2  32  20  64  0.3046E-08
 2  32  20  64  0.3010E-08
 2  32  20  64  0.3002E-08
 2  32  20  64  0.2999E-08
 2  32  20  64  0.2997E-08
 2  32  20  64  0.2997E-08
 2  32  20  64  0.2989E-08
 2  32  20  64  0.2991E-08
 2  32  20  64  0.2999E-08
 2  32  20  64  0.2995E-08
