 2  8  3  16  0.3173E-06
 2  8  3  16  0.3123E-06
 2  8  3  16  0.3227E-06
 2  8  3  16  0.3192E-06
 2  8  3  16  0.3195E-06
 2  8  3  16  0.3133E-06
 2  8  3  16  0.3266E-06
 2  8  3  16  0.3202E-06
 2  8  3  16  0.3118E-06
 2  8  3  16  0.3097E-06
 2  8  4  16  0.1674E-06
 2  8  4  16  0.1662E-06
 2  8  4  16  0.1653E-06
 2  8  4  16  0.1670E-06
 2  8  4  16  0.1653E-06
 2  8  4  16  0.1664E-06
 2  8  4  16  0.1658E-06
 2  8  4  16  0.1643E-06
 2  8  4  16  0.1656E-06
 2  8  4  16  0.1668E-06
 2  8  5  16  0.7934E-07
 2  8  5  16  0.7753E-07
 2  8  5  16  0.7811E-07
 2  8  5  16  0.7743E-07
 2  8  5  16  0.7759E-07
 2  8  5  16  0.7658E-07
 2  8  5  16  0.7579E-07
 2  8  5  16  0.7958E-07
 2  8  5  16  0.7680E-07
 2  8  5  16  0.7853E-07
 2  8  6  16  0.5003E-07
 2  8  6  16  0.4976E-07
 2  8  6  16  0.5086E-07
 2  8  6  16  0.4946E-07
 2  8  6  16  0.4939E-07
 2  8  6  16  0.4802E-07
 2  8  6  16  0.4974E-07
 2  8  6  16  0.4992E-07
 2  8  6  16  0.4990E-07
 2  8  6  16  0.4916E-07
 2  8  7  16  0.2820E-07
 2  8  7  16  0.2960E-07
 2  8  7  16  0.2963E-07
 2  8  7  16  0.3001E-07
 2  8  7  16  0.2984E-07
 2  8  7  16  0.2740E-07
 2  8  7  16  0.2742E-07
 2  8  7  16  0.3095E-07
 2  8  7  16  0.2745E-07
 2  8  7  16  0.2776E-07
 2  8  8  16  0.2470E-07
 2  8  8  16  0.2446E-07
 2  8  8  16  0.2432E-07
 2  8  8  16  0.2412E-07
 2  8  8  16  0.2466E-07
 2  8  8  16  0.2428E-07
 2  8  8  16  0.2422E-07
 2  8  8  16  0.2446E-07
 2  8  8  16  0.2440E-07
 2  8  8  16  0.2445E-07
 2  8  9  16  0.2091E-07
 2  8  9  16  0.2059E-07
 2  8  9  16  0.2056E-07
 2  8  9  16  0.2060E-07
 2  8  9  16  0.2083E-07
 2  8  9  16  0.2067E-07
 2  8  9  16  0.2076E-07
 2  8  9  16  0.2073E-07
 2  8  9  16  0.2077E-07
 2  8  9  16  0.2070E-07
 2  8  10  16  0.1829E-07
 2  8  10  16  0.1801E-07
 2  8  10  16  0.1795E-07
 2  8  10  16  0.1805E-07
 2  8  10  16  0.1788E-07
 2  8  10  16  0.1798E-07
 2  8  10  16  0.1790E-07
 2  8  10  16  0.1801E-07
 2  8  10  16  0.1800E-07
 2  8  10  16  0.1802E-07
 2  8  11  16  0.1618E-07
 2  8  11  16  0.1567E-07
 2  8  11  16  0.1570E-07
 2  8  11  16  0.1551E-07
 2  8  11  16  0.1554E-07
 2  8  11  16  0.1560E-07
 2  8  11  16  0.1555E-07
 2  8  11  16  0.1556E-07
 2  8  11  16  0.1558E-07
 2  8  11  16  0.1558E-07
 2  8  12  16  0.1267E-07
 2  8  12  16  0.1250E-07
 2  8  12  16  0.1253E-07
 2  8  12  16  0.1247E-07
 2  8  12  16  0.1243E-07
 2  8  12  16  0.1251E-07
 2  8  12  16  0.1256E-07
 2  8  12  16  0.1251E-07
 2  8  12  16  0.1248E-07
 2  8  12  16  0.1245E-07
 2  8  13  16  0.1341E-07
 2  8  13  16  0.1319E-07
 2  8  13  16  0.1319E-07
 2  8  13  16  0.1316E-07
 2  8  13  16  0.1320E-07
 2  8  13  16  0.1316E-07
 2  8  13  16  0.1316E-07
 2  8  13  16  0.1316E-07
 2  8  13  16  0.1317E-07
 2  8  13  16  0.1318E-07
 2  8  14  16  0.1225E-07
 2  8  14  16  0.1199E-07
 2  8  14  16  0.1199E-07
 2  8  14  16  0.1204E-07
 2  8  14  16  0.1204E-07
 2  8  14  16  0.1201E-07
 2  8  14  16  0.1197E-07
 2  8  14  16  0.1197E-07
 2  8  14  16  0.1195E-07
 2  8  14  16  0.1199E-07
 2  8  15  16  0.1308E-07
 2  8  15  16  0.1292E-07
 2  8  15  16  0.1290E-07
 2  8  15  16  0.1287E-07
 2  8  15  16  0.1289E-07
 2  8  15  16  0.1288E-07
 2  8  15  16  0.1287E-07
 2  8  15  16  0.1292E-07
 2  8  15  16  0.1288E-07
 2  8  15  16  0.1287E-07
 2  8  16  16  0.1224E-07
 2  8  16  16  0.1208E-07
 2  8  16  16  0.1211E-07
 2  8  16  16  0.1211E-07
 2  8  16  16  0.1209E-07
 2  8  16  16  0.1213E-07
 2  8  16  16  0.1211E-07
 2  8  16  16  0.1214E-07
 2  8  16  16  0.1210E-07
 2  8  16  16  0.1209E-07
 2  8  17  16  0.1441E-07
 2  8  17  16  0.1416E-07
 2  8  17  16  0.1420E-07
 2  8  17  16  0.1417E-07
 2  8  17  16  0.1416E-07
 2  8  17  16  0.1416E-07
 2  8  17  16  0.1421E-07
 2  8  17  16  0.1414E-07
 2  8  17  16  0.1427E-07
 2  8  17  16  0.1413E-07
 2  8  18  16  0.1376E-07
 2  8  18  16  0.1372E-07
 2  8  18  16  0.1371E-07
 2  8  18  16  0.1371E-07
 2  8  18  16  0.1373E-07
 2  8  18  16  0.1371E-07
 2  8  18  16  0.1373E-07
 2  8  18  16  0.1374E-07
 2  8  18  16  0.1372E-07
 2  8  18  16  0.1374E-07
 2  8  19  16  0.1393E-07
 2  8  19  16  0.1382E-07
 2  8  19  16  0.1380E-07
 2  8  19  16  0.1380E-07
 2  8  19  16  0.1380E-07
 2  8  19  16  0.1382E-07
 2  8  19  16  0.1380E-07
 2  8  19  16  0.1381E-07
 2  8  19  16  0.1381E-07
 2  8  19  16  0.1389E-07
 2  8  20  16  0.1301E-07
 2  8  20  16  0.1291E-07
 2  8  20  16  0.1289E-07
 2  8  20  16  0.1289E-07
 2  8  20  16  0.1289E-07
 2  8  20  16  0.1288E-07
 2  8  20  16  0.1290E-07
 2  8  20  16  0.1289E-07
 2  8  20  16  0.1288E-07
 2  8  20  16  0.1290E-07
