 2  2  3  4  0.3111E-06
 2  2  3  4  0.2770E-06
 2  2  3  4  0.2591E-06
 2  2  3  4  0.2564E-06
 2  2  3  4  0.2556E-06
 2  2  3  4  0.2565E-06
 2  2  3  4  0.2542E-06
 2  2  3  4  0.2394E-06
 2  2  3  4  0.2417E-06
 2  2  3  4  0.2469E-06
 2  2  4  4  0.1185E-06
 2  2  4  4  0.1115E-06
 2  2  4  4  0.1132E-06
 2  2  4  4  0.1152E-06
 2  2  4  4  0.1147E-06
 2  2  4  4  0.1115E-06
 2  2  4  4  0.1107E-06
 2  2  4  4  0.1145E-06
 2  2  4  4  0.1138E-06
 2  2  4  4  0.1139E-06
 2  2  5  4  0.7617E-07
 2  2  5  4  0.7521E-07
 2  2  5  4  0.7463E-07
 2  2  5  4  0.7419E-07
 2  2  5  4  0.7782E-07
 2  2  5  4  0.7454E-07
 2  2  5  4  0.7445E-07
 2  2  5  4  0.7387E-07
 2  2  5  4  0.7462E-07
 2  2  5  4  0.7342E-07
 2  2  6  4  0.4568E-07
 2  2  6  4  0.4424E-07
 2  2  6  4  0.4336E-07
 2  2  6  4  0.4391E-07
 2  2  6  4  0.4476E-07
 2  2  6  4  0.4412E-07
 2  2  6  4  0.4431E-07
 2  2  6  4  0.4393E-07
 2  2  6  4  0.4415E-07
 2  2  6  4  0.4334E-07
 2  2  7  4  0.4121E-07
 2  2  7  4  0.3949E-07
 2  2  7  4  0.3971E-07
 2  2  7  4  0.3964E-07
 2  2  7  4  0.3969E-07
 2  2  7  4  0.3935E-07
 2  2  7  4  0.3928E-07
 2  2  7  4  0.3944E-07
 2  2  7  4  0.3957E-07
 2  2  7  4  0.3947E-07
 2  2  8  4  0.2926E-07
 2  2  8  4  0.2755E-07
 2  2  8  4  0.2729E-07
 2  2  8  4  0.2742E-07
 2  2  8  4  0.2727E-07
 2  2  8  4  0.2716E-07
 2  2  8  4  0.2737E-07
 2  2  8  4  0.2818E-07
 2  2  8  4  0.2744E-07
 2  2  8  4  0.2788E-07
 2  2  9  4  0.3345E-07
 2  2  9  4  0.3270E-07
 2  2  9  4  0.3241E-07
 2  2  9  4  0.3239E-07
 2  2  9  4  0.3263E-07
 2  2  9  4  0.3244E-07
 2  2  9  4  0.3244E-07
 2  2  9  4  0.3278E-07
 2  2  9  4  0.3210E-07
 2  2  9  4  0.3241E-07
 2  2  10  4  0.3308E-07
 2  2  10  4  0.3285E-07
 2  2  10  4  0.3283E-07
 2  2  10  4  0.3297E-07
 2  2  10  4  0.3272E-07
 2  2  10  4  0.3290E-07
 2  2  10  4  0.3299E-07
 2  2  10  4  0.3292E-07
 2  2  10  4  0.3275E-07
 2  2  10  4  0.3290E-07
 2  2  11  4  0.3260E-07
 2  2  11  4  0.3173E-07
 2  2  11  4  0.3203E-07
 2  2  11  4  0.3169E-07
 2  2  11  4  0.3170E-07
 2  2  11  4  0.3184E-07
 2  2  11  4  0.3159E-07
 2  2  11  4  0.3176E-07
 2  2  11  4  0.3205E-07
 2  2  11  4  0.3187E-07
 2  2  12  4  0.3065E-07
 2  2  12  4  0.2888E-07
 2  2  12  4  0.2853E-07
 2  2  12  4  0.2874E-07
 2  2  12  4  0.2833E-07
 2  2  12  4  0.2835E-07
 2  2  12  4  0.2829E-07
 2  2  12  4  0.2897E-07
 2  2  12  4  0.2882E-07
 2  2  12  4  0.2862E-07
 2  2  13  4  0.4088E-07
 2  2  13  4  0.4015E-07
 2  2  13  4  0.3990E-07
 2  2  13  4  0.3998E-07
 2  2  13  4  0.3919E-07
 2  2  13  4  0.3962E-07
 2  2  13  4  0.3955E-07
 2  2  13  4  0.3947E-07
 2  2  13  4  0.3966E-07
 2  2  13  4  0.3928E-07
 2  2  14  4  0.3565E-07
 2  2  14  4  0.3427E-07
 2  2  14  4  0.3477E-07
 2  2  14  4  0.3463E-07
 2  2  14  4  0.3476E-07
 2  2  14  4  0.3464E-07
 2  2  14  4  0.3439E-07
 2  2  14  4  0.3475E-07
 2  2  14  4  0.3425E-07
 2  2  14  4  0.3448E-07
 2  2  15  4  0.4249E-07
 2  2  15  4  0.4238E-07
 2  2  15  4  0.4200E-07
 2  2  15  4  0.4194E-07
 2  2  15  4  0.4198E-07
 2  2  15  4  0.4188E-07
 2  2  15  4  0.4198E-07
 2  2  15  4  0.4186E-07
 2  2  15  4  0.4191E-07
 2  2  15  4  0.4194E-07
 2  2  16  4  0.4001E-07
 2  2  16  4  0.3952E-07
 2  2  16  4  0.3938E-07
 2  2  16  4  0.3941E-07
 2  2  16  4  0.3952E-07
 2  2  16  4  0.3995E-07
 2  2  16  4  0.3991E-07
 2  2  16  4  0.3984E-07
 2  2  16  4  0.3980E-07
 2  2  16  4  0.3986E-07
 2  2  17  4  0.5056E-07
 2  2  17  4  0.5039E-07
 2  2  17  4  0.5038E-07
 2  2  17  4  0.5032E-07
 2  2  17  4  0.5032E-07
 2  2  17  4  0.5028E-07
 2  2  17  4  0.5039E-07
 2  2  17  4  0.5034E-07
 2  2  17  4  0.5033E-07
 2  2  17  4  0.5026E-07
 2  2  18  4  0.4922E-07
 2  2  18  4  0.4893E-07
 2  2  18  4  0.4919E-07
 2  2  18  4  0.4901E-07
 2  2  18  4  0.4894E-07
 2  2  18  4  0.4894E-07
 2  2  18  4  0.4888E-07
 2  2  18  4  0.4894E-07
 2  2  18  4  0.4892E-07
 2  2  18  4  0.4891E-07
 2  2  19  4  0.4936E-07
 2  2  19  4  0.4942E-07
 2  2  19  4  0.4931E-07
 2  2  19  4  0.4917E-07
 2  2  19  4  0.4930E-07
 2  2  19  4  0.4914E-07
 2  2  19  4  0.4918E-07
 2  2  19  4  0.4927E-07
 2  2  19  4  0.4916E-07
 2  2  19  4  0.4928E-07
 2  2  20  4  0.4741E-07
 2  2  20  4  0.4726E-07
 2  2  20  4  0.4724E-07
 2  2  20  4  0.4722E-07
 2  2  20  4  0.4731E-07
 2  2  20  4  0.4727E-07
 2  2  20  4  0.4726E-07
 2  2  20  4  0.4722E-07
 2  2  20  4  0.4722E-07
 2  2  20  4  0.4722E-07
