 2  1  3  2  0.1743E-06
 2  1  3  2  0.1799E-06
 2  1  3  2  0.3314E-06
 2  1  3  2  0.1899E-06
 2  1  3  2  0.1747E-06
 2  1  3  2  0.1736E-06
 2  1  3  2  0.1729E-06
 2  1  3  2  0.1719E-06
 2  1  3  2  0.1706E-06
 2  1  3  2  0.1712E-06
 2  1  4  2  0.1626E-06
 2  1  4  2  0.1679E-06
 2  1  4  2  0.1634E-06
 2  1  4  2  0.1620E-06
 2  1  4  2  0.1615E-06
 2  1  4  2  0.1613E-06
 2  1  4  2  0.1605E-06
 2  1  4  2  0.1593E-06
 2  1  4  2  0.1615E-06
 2  1  4  2  0.1603E-06
 2  1  5  2  0.1226E-06
 2  1  5  2  0.1240E-06
 2  1  5  2  0.1214E-06
 2  1  5  2  0.1210E-06
 2  1  5  2  0.1207E-06
 2  1  5  2  0.1202E-06
 2  1  5  2  0.1204E-06
 2  1  5  2  0.1208E-06
 2  1  5  2  0.1206E-06
 2  1  5  2  0.1206E-06
 2  1  6  2  0.1042E-06
 2  1  6  2  0.1018E-06
 2  1  6  2  0.1017E-06
 2  1  6  2  0.1015E-06
 2  1  6  2  0.1016E-06
 2  1  6  2  0.1016E-06
 2  1  6  2  0.1013E-06
 2  1  6  2  0.1014E-06
 2  1  6  2  0.1015E-06
 2  1  6  2  0.1016E-06
 2  1  7  2  0.7535E-07
 2  1  7  2  0.7370E-07
 2  1  7  2  0.7337E-07
 2  1  7  2  0.7345E-07
 2  1  7  2  0.7327E-07
 2  1  7  2  0.7350E-07
 2  1  7  2  0.7362E-07
 2  1  7  2  0.7342E-07
 2  1  7  2  0.7313E-07
 2  1  7  2  0.7332E-07
 2  1  8  2  0.6884E-07
 2  1  8  2  0.6803E-07
 2  1  8  2  0.6867E-07
 2  1  8  2  0.6756E-07
 2  1  8  2  0.6765E-07
 2  1  8  2  0.6754E-07
 2  1  8  2  0.6766E-07
 2  1  8  2  0.6765E-07
 2  1  8  2  0.6758E-07
 2  1  8  2  0.6772E-07
 2  1  9  2  0.6719E-07
 2  1  9  2  0.6537E-07
 2  1  9  2  0.6543E-07
 2  1  9  2  0.6524E-07
 2  1  9  2  0.6527E-07
 2  1  9  2  0.6589E-07
 2  1  9  2  0.6529E-07
 2  1  9  2  0.6532E-07
 2  1  9  2  0.6532E-07
 2  1  9  2  0.6548E-07
 2  1  10  2  0.6907E-07
 2  1  10  2  0.6890E-07
 2  1  10  2  0.6931E-07
 2  1  10  2  0.6891E-07
 2  1  10  2  0.6898E-07
 2  1  10  2  0.6883E-07
 2  1  10  2  0.6910E-07
 2  1  10  2  0.6901E-07
 2  1  10  2  0.6893E-07
 2  1  10  2  0.6905E-07
 2  1  11  2  0.6651E-07
 2  1  11  2  0.6502E-07
 2  1  11  2  0.6506E-07
 2  1  11  2  0.6525E-07
 2  1  11  2  0.6545E-07
 2  1  11  2  0.6511E-07
 2  1  11  2  0.6519E-07
 2  1  11  2  0.6507E-07
 2  1  11  2  0.6529E-07
 2  1  11  2  0.6517E-07
 2  1  12  2  0.6460E-07
 2  1  12  2  0.6318E-07
 2  1  12  2  0.6313E-07
 2  1  12  2  0.6299E-07
 2  1  12  2  0.6495E-07
 2  1  12  2  0.6309E-07
 2  1  12  2  0.6314E-07
 2  1  12  2  0.6315E-07
 2  1  12  2  0.6319E-07
 2  1  12  2  0.6451E-07
 2  1  13  2  0.7523E-07
 2  1  13  2  0.7342E-07
 2  1  13  2  0.7332E-07
 2  1  13  2  0.7329E-07
 2  1  13  2  0.7333E-07
 2  1  13  2  0.7477E-07
 2  1  13  2  0.7364E-07
 2  1  13  2  0.7378E-07
 2  1  13  2  0.7484E-07
 2  1  13  2  0.7422E-07
 2  1  14  2  0.7316E-07
 2  1  14  2  0.7164E-07
 2  1  14  2  0.7168E-07
 2  1  14  2  0.7167E-07
 2  1  14  2  0.7164E-07
 2  1  14  2  0.7157E-07
 2  1  14  2  0.7168E-07
 2  1  14  2  0.7162E-07
 2  1  14  2  0.7167E-07
 2  1  14  2  0.7155E-07
 2  1  15  2  0.8156E-07
 2  1  15  2  0.8010E-07
 2  1  15  2  0.8020E-07
 2  1  15  2  0.8040E-07
 2  1  15  2  0.8030E-07
 2  1  15  2  0.8134E-07
 2  1  15  2  0.8226E-07
 2  1  15  2  0.8221E-07
 2  1  15  2  0.8228E-07
 2  1  15  2  0.8220E-07
 2  1  16  2  0.8530E-07
 2  1  16  2  0.8372E-07
 2  1  16  2  0.8370E-07
 2  1  16  2  0.8372E-07
 2  1  16  2  0.8374E-07
 2  1  16  2  0.8377E-07
 2  1  16  2  0.8373E-07
 2  1  16  2  0.8376E-07
 2  1  16  2  0.8375E-07
 2  1  16  2  0.8370E-07
 2  1  17  2  0.9376E-07
 2  1  17  2  0.9263E-07
 2  1  17  2  0.9267E-07
 2  1  17  2  0.9347E-07
 2  1  17  2  0.9402E-07
 2  1  17  2  0.9402E-07
 2  1  17  2  0.9402E-07
 2  1  17  2  0.9401E-07
 2  1  17  2  0.9401E-07
 2  1  17  2  0.9397E-07
 2  1  18  2  0.9192E-07
 2  1  18  2  0.9118E-07
 2  1  18  2  0.9263E-07
 2  1  18  2  0.9300E-07
 2  1  18  2  0.9300E-07
 2  1  18  2  0.9302E-07
 2  1  18  2  0.9328E-07
 2  1  18  2  0.9347E-07
 2  1  18  2  0.9335E-07
 2  1  18  2  0.9346E-07
 2  1  19  2  0.9378E-07
 2  1  19  2  0.9289E-07
 2  1  19  2  0.9296E-07
 2  1  19  2  0.9288E-07
 2  1  19  2  0.9288E-07
 2  1  19  2  0.9295E-07
 2  1  19  2  0.9429E-07
 2  1  19  2  0.9423E-07
 2  1  19  2  0.9421E-07
 2  1  19  2  0.9446E-07
 2  1  20  2  0.8742E-07
 2  1  20  2  0.8785E-07
 2  1  20  2  0.8780E-07
 2  1  20  2  0.8789E-07
 2  1  20  2  0.8783E-07
 2  1  20  2  0.8785E-07
 2  1  20  2  0.8781E-07
 2  1  20  2  0.8786E-07
 2  1  20  2  0.8778E-07
 2  1  20  2  0.8780E-07
