 2  16  3  32  0.1428E-06
 2  16  3  32  0.5942E-07
 2  16  3  32  0.5602E-07
 2  16  3  32  0.5409E-07
 2  16  3  32  0.5363E-07
 2  16  3  32  0.5399E-07
 2  16  3  32  0.6098E-07
 2  16  3  32  0.5436E-07
 2  16  3  32  0.5399E-07
 2  16  3  32  0.5363E-07
 2  16  4  32  0.3888E-07
 2  16  4  32  0.1956E-07
 2  16  4  32  0.1940E-07
 2  16  4  32  0.1839E-07
 2  16  4  32  0.1870E-07
 2  16  4  32  0.1901E-07
 2  16  4  32  0.2002E-07
 2  16  4  32  0.1855E-07
 2  16  4  32  0.1824E-07
 2  16  4  32  0.1789E-07
 2  16  5  32  0.3201E-07
 2  16  5  32  0.1333E-07
 2  16  5  32  0.1484E-07
 2  16  5  32  0.1333E-07
 2  16  5  32  0.1266E-07
 2  16  5  32  0.1266E-07
 2  16  5  32  0.1250E-07
 2  16  5  32  0.1450E-07
 2  16  5  32  0.1317E-07
 2  16  5  32  0.1367E-07
 2  16  6  32  0.2088E-07
 2  16  6  32  0.9256E-08
 2  16  6  32  0.8876E-08
 2  16  6  32  0.8968E-08
 2  16  6  32  0.8623E-08
 2  16  6  32  0.8543E-08
 2  16  6  32  0.1220E-07
 2  16  6  32  0.1245E-07
 2  16  6  32  0.1215E-07
 2  16  6  32  0.1302E-07
 2  16  7  32  0.1531E-07
 2  16  7  32  0.8385E-08
 2  16  7  32  0.8233E-08
 2  16  7  32  0.8718E-08
 2  16  7  32  0.7834E-08
 2  16  7  32  0.7776E-08
 2  16  7  32  0.7957E-08
 2  16  7  32  0.8138E-08
 2  16  7  32  0.7957E-08
 2  16  7  32  0.7682E-08
 2  16  8  32  0.3678E-08
 2  16  8  32  0.3394E-08
 2  16  8  32  0.3381E-08
 2  16  8  32  0.3404E-08
 2  16  8  32  0.3373E-08
 2  16  8  32  0.3519E-08
 2  16  8  32  0.3401E-08
 2  16  8  32  0.3380E-08
 2  16  8  32  0.3394E-08
 2  16  8  32  0.3600E-08
 2  16  9  32  0.3742E-08
 2  16  9  32  0.3700E-08
 2  16  9  32  0.3670E-08
 2  16  9  32  0.3715E-08
 2  16  9  32  0.3891E-08
 2  16  9  32  0.3716E-08
 2  16  9  32  0.3680E-08
 2  16  9  32  0.3692E-08
 2  16  9  32  0.3716E-08
 2  16  9  32  0.3716E-08
 2  16  10  32  0.4125E-08
 2  16  10  32  0.4085E-08
 2  16  10  32  0.4059E-08
 2  16  10  32  0.4051E-08
 2  16  10  32  0.4103E-08
 2  16  10  32  0.4034E-08
 2  16  10  32  0.4052E-08
 2  16  10  32  0.4045E-08
 2  16  10  32  0.4045E-08
 2  16  10  32  0.4051E-08
 2  16  11  32  0.4453E-08
 2  16  11  32  0.4389E-08
 2  16  11  32  0.4441E-08
 2  16  11  32  0.4384E-08
 2  16  11  32  0.4385E-08
 2  16  11  32  0.4403E-08
 2  16  11  32  0.4394E-08
 2  16  11  32  0.4401E-08
 2  16  11  32  0.4434E-08
 2  16  11  32  0.4403E-08
 2  16  12  32  0.4126E-08
 2  16  12  32  0.4114E-08
 2  16  12  32  0.4112E-08
 2  16  12  32  0.4111E-08
 2  16  12  32  0.4205E-08
 2  16  12  32  0.4124E-08
 2  16  12  32  0.4104E-08
 2  16  12  32  0.4121E-08
 2  16  12  32  0.4198E-08
 2  16  12  32  0.4139E-08
 2  16  13  32  0.4775E-08
 2  16  13  32  0.4741E-08
 2  16  13  32  0.4742E-08
 2  16  13  32  0.4742E-08
 2  16  13  32  0.4736E-08
 2  16  13  32  0.4733E-08
 2  16  13  32  0.4747E-08
 2  16  13  32  0.4734E-08
 2  16  13  32  0.4743E-08
 2  16  13  32  0.4738E-08
 2  16  14  32  0.4397E-08
 2  16  14  32  0.4378E-08
 2  16  14  32  0.4390E-08
 2  16  14  32  0.4383E-08
 2  16  14  32  0.4385E-08
 2  16  14  32  0.4384E-08
 2  16  14  32  0.4404E-08
 2  16  14  32  0.4392E-08
 2  16  14  32  0.4384E-08
 2  16  14  32  0.4385E-08
 2  16  15  32  0.4665E-08
 2  16  15  32  0.4657E-08
 2  16  15  32  0.4673E-08
 2  16  15  32  0.4652E-08
 2  16  15  32  0.4673E-08
 2  16  15  32  0.4685E-08
 2  16  15  32  0.4675E-08
 2  16  15  32  0.4652E-08
 2  16  15  32  0.4703E-08
 2  16  15  32  0.4677E-08
 2  16  16  32  0.4534E-08
 2  16  16  32  0.4527E-08
 2  16  16  32  0.4524E-08
 2  16  16  32  0.4522E-08
 2  16  16  32  0.4523E-08
 2  16  16  32  0.4520E-08
 2  16  16  32  0.4524E-08
 2  16  16  32  0.4509E-08
 2  16  16  32  0.4516E-08
 2  16  16  32  0.4518E-08
 2  16  17  32  0.5323E-08
 2  16  17  32  0.5319E-08
 2  16  17  32  0.5316E-08
 2  16  17  32  0.5319E-08
 2  16  17  32  0.5317E-08
 2  16  17  32  0.5329E-08
 2  16  17  32  0.5319E-08
 2  16  17  32  0.5328E-08
 2  16  17  32  0.5333E-08
 2  16  17  32  0.5328E-08
 2  16  18  32  0.5017E-08
 2  16  18  32  0.4989E-08
 2  16  18  32  0.4998E-08
 2  16  18  32  0.4993E-08
 2  16  18  32  0.4999E-08
 2  16  18  32  0.5007E-08
 2  16  18  32  0.5001E-08
 2  16  18  32  0.5000E-08
 2  16  18  32  0.5035E-08
 2  16  18  32  0.4993E-08
 2  16  19  32  0.5491E-08
 2  16  19  32  0.5467E-08
 2  16  19  32  0.5481E-08
 2  16  19  32  0.5484E-08
 2  16  19  32  0.5480E-08
 2  16  19  32  0.5477E-08
 2  16  19  32  0.5477E-08
 2  16  19  32  0.5478E-08
 2  16  19  32  0.5480E-08
 2  16  19  32  0.5473E-08
 2  16  20  32  0.5292E-08
 2  16  20  32  0.5286E-08
 2  16  20  32  0.5285E-08
 2  16  20  32  0.5284E-08
 2  16  20  32  0.5285E-08
 2  16  20  32  0.5282E-08
 2  16  20  32  0.5290E-08
 2  16  20  32  0.5291E-08
 2  16  20  32  0.5282E-08
 2  16  20  32  0.5278E-08
