 2  64  3  128  0.1189E-07
 2  64  3  128  0.1032E-07
 2  64  3  128  0.2180E-07
 2  64  3  128  0.2497E-07
 2  64  3  128  0.3008E-07
 2  64  3  128  0.2980E-07
 2  64  3  128  0.2808E-07
 2  64  3  128  0.2980E-07
 2  64  3  128  0.2932E-07
 2  64  3  128  0.2672E-07
 2  64  4  128  0.6357E-08
 2  64  4  128  0.5315E-08
 2  64  4  128  0.5043E-08
 2  64  4  128  0.5340E-08
 2  64  4  128  0.9236E-08
 2  64  4  128  0.1359E-07
 2  64  4  128  0.1261E-07
 2  64  4  128  0.1371E-07
 2  64  4  128  0.1225E-07
 2  64  4  128  0.1224E-07
 2  64  5  128  0.4077E-08
 2  64  5  128  0.3376E-08
 2  64  5  128  0.3414E-08
 2  64  5  128  0.3343E-08
 2  64  5  128  0.3339E-08
 2  64  5  128  0.3391E-08
 2  64  5  128  0.7043E-08
 2  64  5  128  0.9522E-08
 2  64  5  128  0.8980E-08
 2  64  5  128  0.9646E-08
 2  64  6  128  0.3013E-08
 2  64  6  128  0.2471E-08
 2  64  6  128  0.2411E-08
 2  64  6  128  0.2442E-08
 2  64  6  128  0.2497E-08
 2  64  6  128  0.2386E-08
 2  64  6  128  0.2460E-08
 2  64  6  128  0.2467E-08
 2  64  6  128  0.3026E-08
 2  64  6  128  0.5545E-08
 2  64  7  128  0.2723E-08
 2  64  7  128  0.2435E-08
 2  64  7  128  0.2421E-08
 2  64  7  128  0.2398E-08
 2  64  7  128  0.2411E-08
 2  64  7  128  0.2402E-08
 2  64  7  128  0.2391E-08
 2  64  7  128  0.2397E-08
 2  64  7  128  0.2404E-08
 2  64  7  128  0.2400E-08
 2  64  8  128  0.2673E-08
 2  64  8  128  0.2411E-08
 2  64  8  128  0.2361E-08
 2  64  8  128  0.2384E-08
 2  64  8  128  0.2363E-08
 2  64  8  128  0.2365E-08
 2  64  8  128  0.2356E-08
 2  64  8  128  0.2382E-08
 2  64  8  128  0.2351E-08
 2  64  8  128  0.2380E-08
 2  64  9  128  0.2270E-08
 2  64  9  128  0.2184E-08
 2  64  9  128  0.2139E-08
 2  64  9  128  0.2181E-08
 2  64  9  128  0.2167E-08
 2  64  9  128  0.2152E-08
 2  64  9  128  0.2150E-08
 2  64  9  128  0.2205E-08
 2  64  9  128  0.2166E-08
 2  64  9  128  0.2150E-08
 2  64  10  128  0.2539E-08
 2  64  10  128  0.2455E-08
 2  64  10  128  0.2448E-08
 2  64  10  128  0.2450E-08
 2  64  10  128  0.2442E-08
 2  64  10  128  0.2443E-08
 2  64  10  128  0.2453E-08
 2  64  10  128  0.2459E-08
 2  64  10  128  0.2473E-08
 2  64  10  128  0.2460E-08
 2  64  11  128  0.2042E-08
 2  64  11  128  0.1984E-08
 2  64  11  128  0.1964E-08
 2  64  11  128  0.1960E-08
 2  64  11  128  0.1960E-08
 2  64  11  128  0.1978E-08
 2  64  11  128  0.1969E-08
 2  64  11  128  0.1976E-08
 2  64  11  128  0.1972E-08
 2  64  11  128  0.1972E-08
 2  64  12  128  0.2024E-08
 2  64  12  128  0.1869E-08
 2  64  12  128  0.1856E-08
 2  64  12  128  0.1859E-08
 2  64  12  128  0.1854E-08
 2  64  12  128  0.1857E-08
 2  64  12  128  0.1863E-08
 2  64  12  128  0.1848E-08
 2  64  12  128  0.1852E-08
 2  64  12  128  0.1852E-08
 2  64  13  128  0.2193E-08
 2  64  13  128  0.1873E-08
 2  64  13  128  0.1851E-08
 2  64  13  128  0.1856E-08
 2  64  13  128  0.1860E-08
 2  64  13  128  0.1868E-08
 2  64  13  128  0.1859E-08
 2  64  13  128  0.1869E-08
 2  64  13  128  0.1867E-08
 2  64  13  128  0.1864E-08
 2  64  14  128  0.1926E-08
 2  64  14  128  0.1776E-08
 2  64  14  128  0.1783E-08
 2  64  14  128  0.1784E-08
 2  64  14  128  0.1785E-08
 2  64  14  128  0.1777E-08
 2  64  14  128  0.1774E-08
 2  64  14  128  0.1771E-08
 2  64  14  128  0.1764E-08
 2  64  14  128  0.1764E-08
 2  64  15  128  0.1889E-08
 2  64  15  128  0.1798E-08
 2  64  15  128  0.1793E-08
 2  64  15  128  0.1794E-08
 2  64  15  128  0.1785E-08
 2  64  15  128  0.1791E-08
 2  64  15  128  0.1798E-08
 2  64  15  128  0.1804E-08
 2  64  15  128  0.1803E-08
 2  64  15  128  0.1800E-08
 2  64  16  128  0.2097E-08
 2  64  16  128  0.1983E-08
 2  64  16  128  0.1969E-08
 2  64  16  128  0.1976E-08
 2  64  16  128  0.1970E-08
 2  64  16  128  0.1969E-08
 2  64  16  128  0.1957E-08
 2  64  16  128  0.1971E-08
 2  64  16  128  0.1977E-08
 2  64  16  128  0.1979E-08
 2  64  17  128  0.2113E-08
 2  64  17  128  0.2045E-08
 2  64  17  128  0.2041E-08
 2  64  17  128  0.2041E-08
 2  64  17  128  0.2040E-08
 2  64  17  128  0.2030E-08
 2  64  17  128  0.2027E-08
 2  64  17  128  0.2034E-08
 2  64  17  128  0.2028E-08
 2  64  17  128  0.2033E-08
 2  64  18  128  0.1995E-08
 2  64  18  128  0.1929E-08
 2  64  18  128  0.1931E-08
 2  64  18  128  0.1917E-08
 2  64  18  128  0.1924E-08
 2  64  18  128  0.1917E-08
 2  64  18  128  0.1914E-08
 2  64  18  128  0.1913E-08
 2  64  18  128  0.1919E-08
 2  64  18  128  0.1930E-08
 2  64  19  128  0.2076E-08
 2  64  19  128  0.2024E-08
 2  64  19  128  0.2028E-08
 2  64  19  128  0.2021E-08
 2  64  19  128  0.2022E-08
 2  64  19  128  0.2022E-08
 2  64  19  128  0.2019E-08
 2  64  19  128  0.2018E-08
 2  64  19  128  0.2025E-08
 2  64  19  128  0.2019E-08
 2  64  20  128  0.2008E-08
 2  64  20  128  0.1964E-08
 2  64  20  128  0.1950E-08
 2  64  20  128  0.1959E-08
 2  64  20  128  0.1957E-08
 2  64  20  128  0.1966E-08
 2  64  20  128  0.1958E-08
 2  64  20  128  0.1952E-08
 2  64  20  128  0.1959E-08
 2  64  20  128  0.1954E-08
