 2  1  3  2  0.4503E-06
 2  1  3  2  0.3341E-06
 2  1  3  2  0.3400E-06
 2  1  3  2  0.3341E-06
 2  1  3  2  0.3326E-06
 2  1  3  2  0.4518E-06
 2  1  3  2  0.3444E-06
 2  1  3  2  0.3326E-06
 2  1  3  2  0.3341E-06
 2  1  3  2  0.3267E-06
 2  1  4  2  0.2136E-06
 2  1  4  2  0.1720E-06
 2  1  4  2  0.1745E-06
 2  1  4  2  0.1720E-06
 2  1  4  2  0.1720E-06
 2  1  4  2  0.1695E-06
 2  1  4  2  0.1720E-06
 2  1  4  2  0.1695E-06
 2  1  4  2  0.1689E-06
 2  1  4  2  0.1720E-06
 2  1  5  2  0.1599E-06
 2  1  5  2  0.1345E-06
 2  1  5  2  0.1319E-06
 2  1  5  2  0.1335E-06
 2  1  5  2  0.1319E-06
 2  1  5  2  0.1322E-06
 2  1  5  2  0.1532E-06
 2  1  5  2  0.1357E-06
 2  1  5  2  0.1348E-06
 2  1  5  2  0.1335E-06
 2  1  6  2  0.1073E-06
 2  1  6  2  0.9419E-07
 2  1  6  2  0.9327E-07
 2  1  6  2  0.1096E-06
 2  1  6  2  0.9640E-07
 2  1  6  2  0.9419E-07
 2  1  6  2  0.9345E-07
 2  1  6  2  0.9253E-07
 2  1  6  2  0.9345E-07
 2  1  6  2  0.1065E-06
 2  1  7  2  0.8608E-07
 2  1  7  2  0.7866E-07
 2  1  7  2  0.8851E-07
 2  1  7  2  0.8214E-07
 2  1  7  2  0.7970E-07
 2  1  7  2  0.7866E-07
 2  1  7  2  0.7866E-07
 2  1  7  2  0.8932E-07
 2  1  7  2  0.7970E-07
 2  1  7  2  0.7820E-07
 2  1  8  2  0.6837E-07
 2  1  8  2  0.6310E-07
 2  1  8  2  0.7163E-07
 2  1  8  2  0.6449E-07
 2  1  8  2  0.6411E-07
 2  1  8  2  0.6380E-07
 2  1  8  2  0.7194E-07
 2  1  8  2  0.6605E-07
 2  1  8  2  0.6380E-07
 2  1  8  2  0.6317E-07
 2  1  9  2  0.7838E-07
 2  1  9  2  0.7250E-07
 2  1  9  2  0.7800E-07
 2  1  9  2  0.7408E-07
 2  1  9  2  0.7179E-07
 2  1  9  2  0.7359E-07
 2  1  9  2  0.7086E-07
 2  1  9  2  0.7936E-07
 2  1  9  2  0.7359E-07
 2  1  9  2  0.7135E-07
 2  1  10  2  0.1100E-06
 2  1  10  2  0.1095E-06
 2  1  10  2  0.1035E-06
 2  1  10  2  0.1085E-06
 2  1  10  2  0.1067E-06
 2  1  10  2  0.1036E-06
 2  1  10  2  0.1035E-06
 2  1  10  2  0.1043E-06
 2  1  10  2  0.1078E-06
 2  1  10  2  0.1035E-06
 2  1  11  2  0.9318E-07
 2  1  11  2  0.8401E-07
 2  1  11  2  0.8741E-07
 2  1  11  2  0.9028E-07
 2  1  11  2  0.8840E-07
 2  1  11  2  0.8314E-07
 2  1  11  2  0.8452E-07
 2  1  11  2  0.8777E-07
 2  1  11  2  0.8965E-07
 2  1  11  2  0.8828E-07
 2  1  12  2  0.7775E-07
 2  1  12  2  0.7437E-07
 2  1  12  2  0.7736E-07
 2  1  12  2  0.7011E-07
 2  1  12  2  0.7032E-07
 2  1  12  2  0.7301E-07
 2  1  12  2  0.7485E-07
 2  1  12  2  0.7455E-07
 2  1  12  2  0.7437E-07
 2  1  12  2  0.7485E-07
 2  1  13  2  0.8915E-07
 2  1  13  2  0.8428E-07
 2  1  13  2  0.8381E-07
 2  1  13  2  0.8224E-07
 2  1  13  2  0.8595E-07
 2  1  13  2  0.8474E-07
 2  1  13  2  0.8369E-07
 2  1  13  2  0.8314E-07
 2  1  13  2  0.8314E-07
 2  1  13  2  0.8443E-07
 2  1  14  2  0.7739E-07
 2  1  14  2  0.7351E-07
 2  1  14  2  0.7585E-07
 2  1  14  2  0.7343E-07
 2  1  14  2  0.7320E-07
 2  1  14  2  0.7526E-07
 2  1  14  2  0.7343E-07
 2  1  14  2  0.7277E-07
 2  1  14  2  0.7427E-07
 2  1  14  2  0.7385E-07
 2  1  15  2  0.7847E-07
 2  1  15  2  0.7773E-07
 2  1  15  2  0.7807E-07
 2  1  15  2  0.7556E-07
 2  1  15  2  0.7575E-07
 2  1  15  2  0.7863E-07
 2  1  15  2  0.7847E-07
 2  1  15  2  0.7566E-07
 2  1  15  2  0.7813E-07
 2  1  15  2  0.7788E-07
 2  1  16  2  0.8345E-07
 2  1  16  2  0.8085E-07
 2  1  16  2  0.8170E-07
 2  1  16  2  0.8073E-07
 2  1  16  2  0.8081E-07
 2  1  16  2  0.8138E-07
 2  1  16  2  0.8110E-07
 2  1  16  2  0.8126E-07
 2  1  16  2  0.8081E-07
 2  1  16  2  0.8052E-07
 2  1  17  2  0.9424E-07
 2  1  17  2  0.9268E-07
 2  1  17  2  0.9231E-07
 2  1  17  2  0.9177E-07
 2  1  17  2  0.9105E-07
 2  1  17  2  0.9119E-07
 2  1  17  2  0.9709E-07
 2  1  17  2  0.9169E-07
 2  1  17  2  0.9346E-07
 2  1  17  2  0.9373E-07
 2  1  18  2  0.9579E-07
 2  1  18  2  0.9591E-07
 2  1  18  2  0.9465E-07
 2  1  18  2  0.9602E-07
 2  1  18  2  0.9434E-07
 2  1  18  2  0.9459E-07
 2  1  18  2  0.9416E-07
 2  1  18  2  0.9424E-07
 2  1  18  2  0.9348E-07
 2  1  18  2  0.9431E-07
 2  1  19  2  0.1070E-06
 2  1  19  2  0.1062E-06
 2  1  19  2  0.1060E-06
 2  1  19  2  0.1050E-06
 2  1  19  2  0.1057E-06
 2  1  19  2  0.1051E-06
 2  1  19  2  0.1057E-06
 2  1  19  2  0.1051E-06
 2  1  19  2  0.1058E-06
 2  1  19  2  0.1051E-06
 2  1  20  2  0.1019E-06
 2  1  20  2  0.1016E-06
 2  1  20  2  0.1009E-06
 2  1  20  2  0.1022E-06
 2  1  20  2  0.1008E-06
 2  1  20  2  0.1011E-06
 2  1  20  2  0.1008E-06
 2  1  20  2  0.1010E-06
 2  1  20  2  0.1020E-06
 2  1  20  2  0.1022E-06
