 2  4  3  8  0.2354E-06
 2  4  3  8  0.2418E-06
 2  4  3  8  0.2303E-06
 2  4  3  8  0.2407E-06
 2  4  3  8  0.2172E-06
 2  4  3  8  0.2192E-06
 2  4  3  8  0.2198E-06
 2  4  3  8  0.2126E-06
 2  4  3  8  0.2214E-06
 2  4  3  8  0.1981E-06
 2  4  4  8  0.5833E-07
 2  4  4  8  0.5174E-07
 2  4  4  8  0.5104E-07
 2  4  4  8  0.5319E-07
 2  4  4  8  0.5572E-07
 2  4  4  8  0.5335E-07
 2  4  4  8  0.4680E-07
 2  4  4  8  0.4818E-07
 2  4  4  8  0.4613E-07
 2  4  4  8  0.4464E-07
 2  4  5  8  0.6258E-07
 2  4  5  8  0.5792E-07
 2  4  5  8  0.5619E-07
 2  4  5  8  0.5918E-07
 2  4  5  8  0.5579E-07
 2  4  5  8  0.6137E-07
 2  4  5  8  0.5219E-07
 2  4  5  8  0.6258E-07
 2  4  5  8  0.5364E-07
 2  4  5  8  0.6096E-07
 2  4  6  8  0.3527E-07
 2  4  6  8  0.3265E-07
 2  4  6  8  0.3320E-07
 2  4  6  8  0.3415E-07
 2  4  6  8  0.3278E-07
 2  4  6  8  0.3229E-07
 2  4  6  8  0.3272E-07
 2  4  6  8  0.3146E-07
 2  4  6  8  0.3294E-07
 2  4  6  8  0.3224E-07
 2  4  7  8  0.2924E-07
 2  4  7  8  0.2786E-07
 2  4  7  8  0.2854E-07
 2  4  7  8  0.2916E-07
 2  4  7  8  0.2622E-07
 2  4  7  8  0.2702E-07
 2  4  7  8  0.3157E-07
 2  4  7  8  0.3072E-07
 2  4  7  8  0.3024E-07
 2  4  7  8  0.2664E-07
 2  4  8  8  0.2258E-07
 2  4  8  8  0.1999E-07
 2  4  8  8  0.2002E-07
 2  4  8  8  0.1938E-07
 2  4  8  8  0.1910E-07
 2  4  8  8  0.1901E-07
 2  4  8  8  0.1824E-07
 2  4  8  8  0.1871E-07
 2  4  8  8  0.1931E-07
 2  4  8  8  0.1906E-07
 2  4  9  8  0.1976E-07
 2  4  9  8  0.1953E-07
 2  4  9  8  0.1911E-07
 2  4  9  8  0.1953E-07
 2  4  9  8  0.1987E-07
 2  4  9  8  0.1952E-07
 2  4  9  8  0.1945E-07
 2  4  9  8  0.1949E-07
 2  4  9  8  0.1936E-07
 2  4  9  8  0.1942E-07
 2  4  10  8  0.2209E-07
 2  4  10  8  0.2174E-07
 2  4  10  8  0.2162E-07
 2  4  10  8  0.2095E-07
 2  4  10  8  0.2144E-07
 2  4  10  8  0.2112E-07
 2  4  10  8  0.2044E-07
 2  4  10  8  0.2061E-07
 2  4  10  8  0.2093E-07
 2  4  10  8  0.2076E-07
 2  4  11  8  0.1979E-07
 2  4  11  8  0.1971E-07
 2  4  11  8  0.1927E-07
 2  4  11  8  0.1890E-07
 2  4  11  8  0.1926E-07
 2  4  11  8  0.1900E-07
 2  4  11  8  0.1969E-07
 2  4  11  8  0.1938E-07
 2  4  11  8  0.1947E-07
 2  4  11  8  0.2031E-07
 2  4  12  8  0.2112E-07
 2  4  12  8  0.2075E-07
 2  4  12  8  0.2071E-07
 2  4  12  8  0.2077E-07
 2  4  12  8  0.2068E-07
 2  4  12  8  0.2083E-07
 2  4  12  8  0.2084E-07
 2  4  12  8  0.2079E-07
 2  4  12  8  0.2080E-07
 2  4  12  8  0.2069E-07
 2  4  13  8  0.2290E-07
 2  4  13  8  0.2243E-07
 2  4  13  8  0.2228E-07
 2  4  13  8  0.2233E-07
 2  4  13  8  0.2229E-07
 2  4  13  8  0.2228E-07
 2  4  13  8  0.2227E-07
 2  4  13  8  0.2223E-07
 2  4  13  8  0.2235E-07
 2  4  13  8  0.2236E-07
 2  4  14  8  0.2288E-07
 2  4  14  8  0.2283E-07
 2  4  14  8  0.2274E-07
 2  4  14  8  0.2273E-07
 2  4  14  8  0.2275E-07
 2  4  14  8  0.2271E-07
 2  4  14  8  0.2267E-07
 2  4  14  8  0.2274E-07
 2  4  14  8  0.2264E-07
 2  4  14  8  0.2262E-07
 2  4  15  8  0.2332E-07
 2  4  15  8  0.2321E-07
 2  4  15  8  0.2325E-07
 2  4  15  8  0.2322E-07
 2  4  15  8  0.2321E-07
 2  4  15  8  0.2319E-07
 2  4  15  8  0.2318E-07
 2  4  15  8  0.2324E-07
 2  4  15  8  0.2330E-07
 2  4  15  8  0.2336E-07
 2  4  16  8  0.2235E-07
 2  4  16  8  0.2207E-07
 2  4  16  8  0.2208E-07
 2  4  16  8  0.2209E-07
 2  4  16  8  0.2214E-07
 2  4  16  8  0.2207E-07
 2  4  16  8  0.2210E-07
 2  4  16  8  0.2209E-07
 2  4  16  8  0.2213E-07
 2  4  16  8  0.2214E-07
 2  4  17  8  0.2742E-07
 2  4  17  8  0.2719E-07
 2  4  17  8  0.2722E-07
 2  4  17  8  0.2721E-07
 2  4  17  8  0.2722E-07
 2  4  17  8  0.2720E-07
 2  4  17  8  0.2721E-07
 2  4  17  8  0.2722E-07
 2  4  17  8  0.2724E-07
 2  4  17  8  0.2722E-07
 2  4  18  8  0.2527E-07
 2  4  18  8  0.2503E-07
 2  4  18  8  0.2504E-07
 2  4  18  8  0.2504E-07
 2  4  18  8  0.2508E-07
 2  4  18  8  0.2506E-07
 2  4  18  8  0.2508E-07
 2  4  18  8  0.2505E-07
 2  4  18  8  0.2503E-07
 2  4  18  8  0.2515E-07
 2  4  19  8  0.2648E-07
 2  4  19  8  0.2624E-07
 2  4  19  8  0.2625E-07
 2  4  19  8  0.2630E-07
 2  4  19  8  0.2623E-07
 2  4  19  8  0.2623E-07
 2  4  19  8  0.2620E-07
 2  4  19  8  0.2627E-07
 2  4  19  8  0.2623E-07
 2  4  19  8  0.2621E-07
 2  4  20  8  0.2485E-07
 2  4  20  8  0.2478E-07
 2  4  20  8  0.2473E-07
 2  4  20  8  0.2473E-07
 2  4  20  8  0.2470E-07
 2  4  20  8  0.2473E-07
 2  4  20  8  0.2475E-07
 2  4  20  8  0.2477E-07
 2  4  20  8  0.2481E-07
 2  4  20  8  0.2483E-07
