 2  32  3  64  0.2089E-06
 2  32  3  64  0.4070E-07
 2  32  3  64  0.3629E-07
 2  32  3  64  0.4824E-07
 2  32  3  64  0.3955E-07
 2  32  3  64  0.3859E-07
 2  32  3  64  0.3840E-07
 2  32  3  64  0.4765E-07
 2  32  3  64  0.4420E-07
 2  32  3  64  0.4263E-07
 2  32  4  64  0.6438E-07
 2  32  4  64  0.1954E-07
 2  32  4  64  0.1758E-07
 2  32  4  64  0.1686E-07
 2  32  4  64  0.2059E-07
 2  32  4  64  0.1936E-07
 2  32  4  64  0.2662E-07
 2  32  4  64  0.2328E-07
 2  32  4  64  0.2101E-07
 2  32  4  64  0.2059E-07
 2  32  5  64  0.5125E-07
 2  32  5  64  0.2013E-07
 2  32  5  64  0.1117E-07
 2  32  5  64  0.1162E-07
 2  32  5  64  0.1133E-07
 2  32  5  64  0.1088E-07
 2  32  5  64  0.1146E-07
 2  32  5  64  0.1133E-07
 2  32  5  64  0.1092E-07
 2  32  5  64  0.1221E-07
 2  32  6  64  0.2722E-07
 2  32  6  64  0.7238E-08
 2  32  6  64  0.8606E-08
 2  32  6  64  0.7882E-08
 2  32  6  64  0.7255E-08
 2  32  6  64  0.7497E-08
 2  32  6  64  0.7399E-08
 2  32  6  64  0.7640E-08
 2  32  6  64  0.9836E-08
 2  32  6  64  0.9112E-08
 2  32  7  64  0.1733E-07
 2  32  7  64  0.5300E-08
 2  32  7  64  0.5575E-08
 2  32  7  64  0.5590E-08
 2  32  7  64  0.5362E-08
 2  32  7  64  0.5224E-08
 2  32  7  64  0.5148E-08
 2  32  7  64  0.5423E-08
 2  32  7  64  0.4996E-08
 2  32  7  64  0.5376E-08
 2  32  8  64  0.9878E-08
 2  32  8  64  0.5503E-08
 2  32  8  64  0.5840E-08
 2  32  8  64  0.5646E-08
 2  32  8  64  0.5481E-08
 2  32  8  64  0.5983E-08
 2  32  8  64  0.5961E-08
 2  32  8  64  0.5421E-08
 2  32  8  64  0.5646E-08
 2  32  8  64  0.5687E-08
 2  32  9  64  0.3642E-08
 2  32  9  64  0.3484E-08
 2  32  9  64  0.3525E-08
 2  32  9  64  0.3501E-08
 2  32  9  64  0.3548E-08
 2  32  9  64  0.3579E-08
 2  32  9  64  0.3565E-08
 2  32  9  64  0.3529E-08
 2  32  9  64  0.3559E-08
 2  32  9  64  0.3509E-08
 2  32  10  64  0.3467E-08
 2  32  10  64  0.3406E-08
 2  32  10  64  0.3386E-08
 2  32  10  64  0.3445E-08
 2  32  10  64  0.3394E-08
 2  32  10  64  0.3428E-08
 2  32  10  64  0.3413E-08
 2  32  10  64  0.3438E-08
 2  32  10  64  0.3388E-08
 2  32  10  64  0.3409E-08
 2  32  11  64  0.3166E-08
 2  32  11  64  0.3133E-08
 2  32  11  64  0.3116E-08
 2  32  11  64  0.3124E-08
 2  32  11  64  0.3120E-08
 2  32  11  64  0.3114E-08
 2  32  11  64  0.3125E-08
 2  32  11  64  0.3115E-08
 2  32  11  64  0.3112E-08
 2  32  11  64  0.3122E-08
 2  32  12  64  0.2805E-08
 2  32  12  64  0.2757E-08
 2  32  12  64  0.2768E-08
 2  32  12  64  0.2759E-08
 2  32  12  64  0.2759E-08
 2  32  12  64  0.2756E-08
 2  32  12  64  0.2757E-08
 2  32  12  64  0.2764E-08
 2  32  12  64  0.2760E-08
 2  32  12  64  0.2758E-08
 2  32  13  64  0.3015E-08
 2  32  13  64  0.2991E-08
 2  32  13  64  0.2985E-08
 2  32  13  64  0.2980E-08
 2  32  13  64  0.2977E-08
 2  32  13  64  0.2976E-08
 2  32  13  64  0.2983E-08
 2  32  13  64  0.2981E-08
 2  32  13  64  0.3001E-08
 2  32  13  64  0.2978E-08
 2  32  14  64  0.2791E-08
 2  32  14  64  0.2783E-08
 2  32  14  64  0.2768E-08
 2  32  14  64  0.2772E-08
 2  32  14  64  0.2785E-08
 2  32  14  64  0.2773E-08
 2  32  14  64  0.2774E-08
 2  32  14  64  0.2775E-08
 2  32  14  64  0.2770E-08
 2  32  14  64  0.2769E-08
 2  32  15  64  0.2911E-08
 2  32  15  64  0.2898E-08
 2  32  15  64  0.2890E-08
 2  32  15  64  0.2892E-08
 2  32  15  64  0.2886E-08
 2  32  15  64  0.2896E-08
 2  32  15  64  0.2892E-08
 2  32  15  64  0.2908E-08
 2  32  15  64  0.2899E-08
 2  32  15  64  0.2890E-08
 2  32  16  64  0.2833E-08
 2  32  16  64  0.2804E-08
 2  32  16  64  0.2806E-08
 2  32  16  64  0.2804E-08
 2  32  16  64  0.2806E-08
 2  32  16  64  0.2814E-08
 2  32  16  64  0.2812E-08
 2  32  16  64  0.2813E-08
 2  32  16  64  0.2809E-08
 2  32  16  64  0.2814E-08
 2  32  17  64  0.3128E-08
 2  32  17  64  0.3114E-08
 2  32  17  64  0.3116E-08
 2  32  17  64  0.3111E-08
 2  32  17  64  0.3112E-08
 2  32  17  64  0.3112E-08
 2  32  17  64  0.3110E-08
 2  32  17  64  0.3113E-08
 2  32  17  64  0.3113E-08
 2  32  17  64  0.3114E-08
 2  32  18  64  0.2882E-08
 2  32  18  64  0.2867E-08
 2  32  18  64  0.2869E-08
 2  32  18  64  0.2867E-08
 2  32  18  64  0.2871E-08
 2  32  18  64  0.2870E-08
 2  32  18  64  0.2872E-08
 2  32  18  64  0.2868E-08
 2  32  18  64  0.2873E-08
 2  32  18  64  0.2868E-08
 2  32  19  64  0.3109E-08
 2  32  19  64  0.3093E-08
 2  32  19  64  0.3093E-08
 2  32  19  64  0.3096E-08
 2  32  19  64  0.3345E-08
 2  32  19  64  0.3095E-08
 2  32  19  64  0.3096E-08
 2  32  19  64  0.3089E-08
 2  32  19  64  0.3093E-08
 2  32  19  64  0.3091E-08
 2  32  20  64  0.3012E-08
 2  32  20  64  0.3001E-08
 2  32  20  64  0.3003E-08
 2  32  20  64  0.3009E-08
 2  32  20  64  0.3010E-08
 2  32  20  64  0.3007E-08
 2  32  20  64  0.3014E-08
 2  32  20  64  0.3003E-08
 2  32  20  64  0.3003E-08
 2  32  20  64  0.3006E-08
