 2  32  3  64  0.4148E-07
 2  32  3  64  0.3936E-07
 2  32  3  64  0.3996E-07
 2  32  3  64  0.3927E-07
 2  32  3  64  0.3950E-07
 2  32  3  64  0.3967E-07
 2  32  3  64  0.3960E-07
 2  32  3  64  0.3971E-07
 2  32  3  64  0.3961E-07
 2  32  3  64  0.3966E-07
 2  32  4  64  0.1940E-07
 2  32  4  64  0.1865E-07
 2  32  4  64  0.1808E-07
 2  32  4  64  0.1810E-07
 2  32  4  64  0.1873E-07
 2  32  4  64  0.1810E-07
 2  32  4  64  0.1800E-07
 2  32  4  64  0.1870E-07
 2  32  4  64  0.1808E-07
 2  32  4  64  0.1847E-07
 2  32  5  64  0.1193E-07
 2  32  5  64  0.1117E-07
 2  32  5  64  0.1105E-07
 2  32  5  64  0.1102E-07
 2  32  5  64  0.1095E-07
 2  32  5  64  0.1106E-07
 2  32  5  64  0.1148E-07
 2  32  5  64  0.1097E-07
 2  32  5  64  0.1112E-07
 2  32  5  64  0.1101E-07
 2  32  6  64  0.7492E-08
 2  32  6  64  0.7203E-08
 2  32  6  64  0.7220E-08
 2  32  6  64  0.7098E-08
 2  32  6  64  0.7092E-08
 2  32  6  64  0.7269E-08
 2  32  6  64  0.7225E-08
 2  32  6  64  0.7308E-08
 2  32  6  64  0.7156E-08
 2  32  6  64  0.7086E-08
 2  32  7  64  0.5478E-08
 2  32  7  64  0.5225E-08
 2  32  7  64  0.5215E-08
 2  32  7  64  0.5246E-08
 2  32  7  64  0.5226E-08
 2  32  7  64  0.5331E-08
 2  32  7  64  0.5265E-08
 2  32  7  64  0.5331E-08
 2  32  7  64  0.5197E-08
 2  32  7  64  0.5215E-08
 2  32  8  64  0.4408E-08
 2  32  8  64  0.4168E-08
 2  32  8  64  0.4153E-08
 2  32  8  64  0.4138E-08
 2  32  8  64  0.4152E-08
 2  32  8  64  0.4127E-08
 2  32  8  64  0.4183E-08
 2  32  8  64  0.4135E-08
 2  32  8  64  0.4148E-08
 2  32  8  64  0.4160E-08
 2  32  9  64  0.4355E-08
 2  32  9  64  0.4121E-08
 2  32  9  64  0.4084E-08
 2  32  9  64  0.4120E-08
 2  32  9  64  0.4085E-08
 2  32  9  64  0.4140E-08
 2  32  9  64  0.4113E-08
 2  32  9  64  0.4101E-08
 2  32  9  64  0.4106E-08
 2  32  9  64  0.4122E-08
 2  32  10  64  0.3676E-08
 2  32  10  64  0.3526E-08
 2  32  10  64  0.3531E-08
 2  32  10  64  0.3512E-08
 2  32  10  64  0.3510E-08
 2  32  10  64  0.3532E-08
 2  32  10  64  0.3512E-08
 2  32  10  64  0.3523E-08
 2  32  10  64  0.3538E-08
 2  32  10  64  0.3537E-08
 2  32  11  64  0.3324E-08
 2  32  11  64  0.3195E-08
 2  32  11  64  0.3172E-08
 2  32  11  64  0.3201E-08
 2  32  11  64  0.3174E-08
 2  32  11  64  0.3195E-08
 2  32  11  64  0.3204E-08
 2  32  11  64  0.3190E-08
 2  32  11  64  0.3193E-08
 2  32  11  64  0.3200E-08
 2  32  12  64  0.2727E-08
 2  32  12  64  0.2666E-08
 2  32  12  64  0.2660E-08
 2  32  12  64  0.2679E-08
 2  32  12  64  0.2666E-08
 2  32  12  64  0.2683E-08
 2  32  12  64  0.2670E-08
 2  32  12  64  0.2670E-08
 2  32  12  64  0.2662E-08
 2  32  12  64  0.2657E-08
 2  32  13  64  0.3288E-08
 2  32  13  64  0.3139E-08
 2  32  13  64  0.3129E-08
 2  32  13  64  0.3101E-08
 2  32  13  64  0.3101E-08
 2  32  13  64  0.3103E-08
 2  32  13  64  0.3109E-08
 2  32  13  64  0.3121E-08
 2  32  13  64  0.3096E-08
 2  32  13  64  0.3093E-08
 2  32  14  64  0.3072E-08
 2  32  14  64  0.3050E-08
 2  32  14  64  0.3028E-08
 2  32  14  64  0.3042E-08
 2  32  14  64  0.3033E-08
 2  32  14  64  0.3031E-08
 2  32  14  64  0.3034E-08
 2  32  14  64  0.3035E-08
 2  32  14  64  0.3033E-08
 2  32  14  64  0.3030E-08
 2  32  15  64  0.3557E-08
 2  32  15  64  0.3390E-08
 2  32  15  64  0.3388E-08
 2  32  15  64  0.3403E-08
 2  32  15  64  0.3394E-08
 2  32  15  64  0.3401E-08
 2  32  15  64  0.3402E-08
 2  32  15  64  0.3396E-08
 2  32  15  64  0.3406E-08
 2  32  15  64  0.3390E-08
 2  32  16  64  0.3205E-08
 2  32  16  64  0.3172E-08
 2  32  16  64  0.3172E-08
 2  32  16  64  0.3148E-08
 2  32  16  64  0.3169E-08
 2  32  16  64  0.3164E-08
 2  32  16  64  0.3154E-08
 2  32  16  64  0.3149E-08
 2  32  16  64  0.3152E-08
 2  32  16  64  0.3148E-08
 2  32  17  64  0.3819E-08
 2  32  17  64  0.3771E-08
 2  32  17  64  0.3762E-08
 2  32  17  64  0.3758E-08
 2  32  17  64  0.3756E-08
 2  32  17  64  0.3756E-08
 2  32  17  64  0.3757E-08
 2  32  17  64  0.3753E-08
 2  32  17  64  0.3757E-08
 2  32  17  64  0.3764E-08
 2  32  18  64  0.3555E-08
 2  32  18  64  0.3543E-08
 2  32  18  64  0.3547E-08
 2  32  18  64  0.3550E-08
 2  32  18  64  0.3539E-08
 2  32  18  64  0.3541E-08
 2  32  18  64  0.3539E-08
 2  32  18  64  0.3538E-08
 2  32  18  64  0.3537E-08
 2  32  18  64  0.3538E-08
 2  32  19  64  0.3691E-08
 2  32  19  64  0.3674E-08
 2  32  19  64  0.3677E-08
 2  32  19  64  0.3682E-08
 2  32  19  64  0.3684E-08
 2  32  19  64  0.3678E-08
 2  32  19  64  0.3676E-08
 2  32  19  64  0.3672E-08
 2  32  19  64  0.3673E-08
 2  32  19  64  0.3674E-08
 2  32  20  64  0.3447E-08
 2  32  20  64  0.3434E-08
 2  32  20  64  0.3426E-08
 2  32  20  64  0.3426E-08
 2  32  20  64  0.3436E-08
 2  32  20  64  0.3432E-08
 2  32  20  64  0.3433E-08
 2  32  20  64  0.3435E-08
 2  32  20  64  0.3426E-08
 2  32  20  64  0.3424E-08
