 2  4  3  8  0.1038E-06
 2  4  3  8  0.9965E-07
 2  4  3  8  0.1012E-06
 2  4  3  8  0.1004E-06
 2  4  3  8  0.9185E-07
 2  4  3  8  0.9785E-07
 2  4  3  8  0.9205E-07
 2  4  3  8  0.9048E-07
 2  4  3  8  0.1002E-06
 2  4  3  8  0.9506E-07
 2  4  4  8  0.1159E-06
 2  4  4  8  0.8009E-07
 2  4  4  8  0.8134E-07
 2  4  4  8  0.8071E-07
 2  4  4  8  0.8522E-07
 2  4  4  8  0.7994E-07
 2  4  4  8  0.8071E-07
 2  4  4  8  0.8863E-07
 2  4  4  8  0.8087E-07
 2  4  4  8  0.1146E-06
 2  4  5  8  0.9163E-07
 2  4  5  8  0.5500E-07
 2  4  5  8  0.5134E-07
 2  4  5  8  0.5198E-07
 2  4  5  8  0.6898E-07
 2  4  5  8  0.4896E-07
 2  4  5  8  0.5166E-07
 2  4  5  8  0.6294E-07
 2  4  5  8  0.5166E-07
 2  4  5  8  0.6231E-07
 2  4  6  8  0.2149E-07
 2  4  6  8  0.2240E-07
 2  4  6  8  0.2122E-07
 2  4  6  8  0.2309E-07
 2  4  6  8  0.2212E-07
 2  4  6  8  0.2117E-07
 2  4  6  8  0.2218E-07
 2  4  6  8  0.2009E-07
 2  4  6  8  0.2151E-07
 2  4  6  8  0.2240E-07
 2  4  7  8  0.4990E-07
 2  4  7  8  0.3655E-07
 2  4  7  8  0.3096E-07
 2  4  7  8  0.3168E-07
 2  4  7  8  0.3852E-07
 2  4  7  8  0.3027E-07
 2  4  7  8  0.2830E-07
 2  4  7  8  0.3267E-07
 2  4  7  8  0.3632E-07
 2  4  7  8  0.3050E-07
 2  4  8  8  0.1412E-07
 2  4  8  8  0.1377E-07
 2  4  8  8  0.1382E-07
 2  4  8  8  0.1439E-07
 2  4  8  8  0.1523E-07
 2  4  8  8  0.1471E-07
 2  4  8  8  0.1359E-07
 2  4  8  8  0.1455E-07
 2  4  8  8  0.1402E-07
 2  4  8  8  0.1438E-07
 2  4  9  8  0.3344E-07
 2  4  9  8  0.3024E-07
 2  4  9  8  0.3024E-07
 2  4  9  8  0.2743E-07
 2  4  9  8  0.2852E-07
 2  4  9  8  0.2743E-07
 2  4  9  8  0.2766E-07
 2  4  9  8  0.2605E-07
 2  4  9  8  0.2750E-07
 2  4  9  8  0.2886E-07
 2  4  10  8  0.3475E-07
 2  4  10  8  0.3375E-07
 2  4  10  8  0.3404E-07
 2  4  10  8  0.3320E-07
 2  4  10  8  0.3329E-07
 2  4  10  8  0.3063E-07
 2  4  10  8  0.3129E-07
 2  4  10  8  0.3196E-07
 2  4  10  8  0.3221E-07
 2  4  10  8  0.3258E-07
 2  4  11  8  0.3625E-07
 2  4  11  8  0.3121E-07
 2  4  11  8  0.2965E-07
 2  4  11  8  0.3036E-07
 2  4  11  8  0.2892E-07
 2  4  11  8  0.2921E-07
 2  4  11  8  0.3012E-07
 2  4  11  8  0.2876E-07
 2  4  11  8  0.3159E-07
 2  4  11  8  0.3062E-07
 2  4  12  8  0.2804E-07
 2  4  12  8  0.2530E-07
 2  4  12  8  0.2517E-07
 2  4  12  8  0.2628E-07
 2  4  12  8  0.2525E-07
 2  4  12  8  0.2501E-07
 2  4  12  8  0.2505E-07
 2  4  12  8  0.2597E-07
 2  4  12  8  0.2556E-07
 2  4  12  8  0.2554E-07
 2  4  13  8  0.1943E-07
 2  4  13  8  0.1945E-07
 2  4  13  8  0.1950E-07
 2  4  13  8  0.1955E-07
 2  4  13  8  0.1946E-07
 2  4  13  8  0.1951E-07
 2  4  13  8  0.1932E-07
 2  4  13  8  0.1955E-07
 2  4  13  8  0.1946E-07
 2  4  13  8  0.1938E-07
 2  4  14  8  0.2606E-07
 2  4  14  8  0.2413E-07
 2  4  14  8  0.2340E-07
 2  4  14  8  0.2393E-07
 2  4  14  8  0.2502E-07
 2  4  14  8  0.2349E-07
 2  4  14  8  0.2314E-07
 2  4  14  8  0.2364E-07
 2  4  14  8  0.2308E-07
 2  4  14  8  0.2299E-07
 2  4  15  8  0.1888E-07
 2  4  15  8  0.1888E-07
 2  4  15  8  0.1884E-07
 2  4  15  8  0.1891E-07
 2  4  15  8  0.1891E-07
 2  4  15  8  0.1888E-07
 2  4  15  8  0.1896E-07
 2  4  15  8  0.1884E-07
 2  4  15  8  0.1893E-07
 2  4  15  8  0.1893E-07
 2  4  16  8  0.1775E-07
 2  4  16  8  0.1770E-07
 2  4  16  8  0.1775E-07
 2  4  16  8  0.1773E-07
 2  4  16  8  0.1775E-07
 2  4  16  8  0.1801E-07
 2  4  16  8  0.1798E-07
 2  4  16  8  0.1802E-07
 2  4  16  8  0.1796E-07
 2  4  16  8  0.1801E-07
 2  4  17  8  0.2855E-07
 2  4  17  8  0.2778E-07
 2  4  17  8  0.2707E-07
 2  4  17  8  0.2760E-07
 2  4  17  8  0.2736E-07
 2  4  17  8  0.2751E-07
 2  4  17  8  0.2794E-07
 2  4  17  8  0.2722E-07
 2  4  17  8  0.2909E-07
 2  4  17  8  0.2735E-07
 2  4  18  8  0.2041E-07
 2  4  18  8  0.2041E-07
 2  4  18  8  0.2038E-07
 2  4  18  8  0.2038E-07
 2  4  18  8  0.2039E-07
 2  4  18  8  0.2038E-07
 2  4  18  8  0.2043E-07
 2  4  18  8  0.2042E-07
 2  4  18  8  0.2038E-07
 2  4  18  8  0.2049E-07
 2  4  19  8  0.2241E-07
 2  4  19  8  0.2228E-07
 2  4  19  8  0.2231E-07
 2  4  19  8  0.2232E-07
 2  4  19  8  0.2233E-07
 2  4  19  8  0.2234E-07
 2  4  19  8  0.2229E-07
 2  4  19  8  0.2231E-07
 2  4  19  8  0.2238E-07
 2  4  19  8  0.2237E-07
 2  4  20  8  0.2116E-07
 2  4  20  8  0.2114E-07
 2  4  20  8  0.2113E-07
 2  4  20  8  0.2115E-07
 2  4  20  8  0.2112E-07
 2  4  20  8  0.2111E-07
 2  4  20  8  0.2119E-07
 2  4  20  8  0.2118E-07
 2  4  20  8  0.2120E-07
 2  4  20  8  0.2115E-07
