 2  8  3  16  0.6740E-07
 2  8  3  16  0.1913E-06
 2  8  3  16  0.1882E-06
 2  8  3  16  0.2114E-06
 2  8  3  16  0.1991E-06
 2  8  3  16  0.1843E-06
 2  8  3  16  0.2082E-06
 2  8  3  16  0.1853E-06
 2  8  3  16  0.9879E-07
 2  8  3  16  0.1126E-06
 2  8  4  16  0.5863E-07
 2  8  4  16  0.5725E-07
 2  8  4  16  0.5687E-07
 2  8  4  16  0.5792E-07
 2  8  4  16  0.5748E-07
 2  8  4  16  0.5652E-07
 2  8  4  16  0.5838E-07
 2  8  4  16  0.5822E-07
 2  8  4  16  0.5672E-07
 2  8  4  16  0.5840E-07
 2  8  5  16  0.3553E-07
 2  8  5  16  0.3522E-07
 2  8  5  16  0.3565E-07
 2  8  5  16  0.5503E-07
 2  8  5  16  0.5448E-07
 2  8  5  16  0.6068E-07
 2  8  5  16  0.5500E-07
 2  8  5  16  0.5519E-07
 2  8  5  16  0.6501E-07
 2  8  5  16  0.5849E-07
 2  8  6  16  0.2351E-07
 2  8  6  16  0.2274E-07
 2  8  6  16  0.2239E-07
 2  8  6  16  0.2324E-07
 2  8  6  16  0.3137E-07
 2  8  6  16  0.3116E-07
 2  8  6  16  0.3252E-07
 2  8  6  16  0.3171E-07
 2  8  6  16  0.3231E-07
 2  8  6  16  0.3348E-07
 2  8  7  16  0.1822E-07
 2  8  7  16  0.1666E-07
 2  8  7  16  0.1635E-07
 2  8  7  16  0.1659E-07
 2  8  7  16  0.1676E-07
 2  8  7  16  0.2915E-07
 2  8  7  16  0.3809E-07
 2  8  7  16  0.2873E-07
 2  8  7  16  0.2959E-07
 2  8  7  16  0.2806E-07
 2  8  8  16  0.1343E-07
 2  8  8  16  0.1275E-07
 2  8  8  16  0.1278E-07
 2  8  8  16  0.1269E-07
 2  8  8  16  0.1299E-07
 2  8  8  16  0.1290E-07
 2  8  8  16  0.2059E-07
 2  8  8  16  0.2121E-07
 2  8  8  16  0.1908E-07
 2  8  8  16  0.2141E-07
 2  8  9  16  0.1278E-07
 2  8  9  16  0.1171E-07
 2  8  9  16  0.1165E-07
 2  8  9  16  0.1173E-07
 2  8  9  16  0.1188E-07
 2  8  9  16  0.1164E-07
 2  8  9  16  0.1171E-07
 2  8  9  16  0.1144E-07
 2  8  9  16  0.1658E-07
 2  8  9  16  0.1557E-07
 2  8  10  16  0.1280E-07
 2  8  10  16  0.1199E-07
 2  8  10  16  0.1190E-07
 2  8  10  16  0.1188E-07
 2  8  10  16  0.1186E-07
 2  8  10  16  0.1185E-07
 2  8  10  16  0.1187E-07
 2  8  10  16  0.1187E-07
 2  8  10  16  0.1194E-07
 2  8  10  16  0.1191E-07
 2  8  11  16  0.1189E-07
 2  8  11  16  0.1141E-07
 2  8  11  16  0.1137E-07
 2  8  11  16  0.1132E-07
 2  8  11  16  0.1135E-07
 2  8  11  16  0.1136E-07
 2  8  11  16  0.1137E-07
 2  8  11  16  0.1138E-07
 2  8  11  16  0.1134E-07
 2  8  11  16  0.1133E-07
 2  8  12  16  0.1031E-07
 2  8  12  16  0.9696E-08
 2  8  12  16  0.9672E-08
 2  8  12  16  0.9703E-08
 2  8  12  16  0.9671E-08
 2  8  12  16  0.9696E-08
 2  8  12  16  0.9684E-08
 2  8  12  16  0.9663E-08
 2  8  12  16  0.9700E-08
 2  8  12  16  0.9844E-08
 2  8  13  16  0.1084E-07
 2  8  13  16  0.1045E-07
 2  8  13  16  0.1046E-07
 2  8  13  16  0.1046E-07
 2  8  13  16  0.1047E-07
 2  8  13  16  0.1047E-07
 2  8  13  16  0.1048E-07
 2  8  13  16  0.1046E-07
 2  8  13  16  0.1047E-07
 2  8  13  16  0.1046E-07
 2  8  14  16  0.9735E-08
 2  8  14  16  0.9447E-08
 2  8  14  16  0.9452E-08
 2  8  14  16  0.9478E-08
 2  8  14  16  0.9450E-08
 2  8  14  16  0.9443E-08
 2  8  14  16  0.9451E-08
 2  8  14  16  0.9452E-08
 2  8  14  16  0.9452E-08
 2  8  14  16  0.9476E-08
 2  8  15  16  0.1020E-07
 2  8  15  16  0.9940E-08
 2  8  15  16  0.9972E-08
 2  8  15  16  0.9869E-08
 2  8  15  16  0.9921E-08
 2  8  15  16  0.9869E-08
 2  8  15  16  0.9892E-08
 2  8  15  16  0.9869E-08
 2  8  15  16  0.9877E-08
 2  8  15  16  0.9866E-08
 2  8  16  16  0.9594E-08
 2  8  16  16  0.9383E-08
 2  8  16  16  0.9383E-08
 2  8  16  16  0.9384E-08
 2  8  16  16  0.9360E-08
 2  8  16  16  0.9377E-08
 2  8  16  16  0.9374E-08
 2  8  16  16  0.9360E-08
 2  8  16  16  0.9367E-08
 2  8  16  16  0.9366E-08
 2  8  17  16  0.1124E-07
 2  8  17  16  0.1105E-07
 2  8  17  16  0.1105E-07
 2  8  17  16  0.1111E-07
 2  8  17  16  0.1110E-07
 2  8  17  16  0.1105E-07
 2  8  17  16  0.1103E-07
 2  8  17  16  0.1111E-07
 2  8  17  16  0.1111E-07
 2  8  17  16  0.1106E-07
 2  8  18  16  0.1064E-07
 2  8  18  16  0.1042E-07
 2  8  18  16  0.1055E-07
 2  8  18  16  0.1047E-07
 2  8  18  16  0.1048E-07
 2  8  18  16  0.1047E-07
 2  8  18  16  0.1050E-07
 2  8  18  16  0.1046E-07
 2  8  18  16  0.1046E-07
 2  8  18  16  0.1048E-07
 2  8  19  16  0.1151E-07
 2  8  19  16  0.1143E-07
 2  8  19  16  0.1135E-07
 2  8  19  16  0.1136E-07
 2  8  19  16  0.1138E-07
 2  8  19  16  0.1137E-07
 2  8  19  16  0.1136E-07
 2  8  19  16  0.1141E-07
 2  8  19  16  0.1142E-07
 2  8  19  16  0.1143E-07
 2  8  20  16  0.1097E-07
 2  8  20  16  0.1093E-07
 2  8  20  16  0.1085E-07
 2  8  20  16  0.1093E-07
 2  8  20  16  0.1088E-07
 2  8  20  16  0.1087E-07
 2  8  20  16  0.1089E-07
 2  8  20  16  0.1088E-07
 2  8  20  16  0.1089E-07
 2  8  20  16  0.1089E-07
