 2  64  3  128  0.1705E-06
 2  64  3  128  0.1417E-07
 2  64  3  128  0.1757E-07
 2  64  3  128  0.1543E-07
 2  64  3  128  0.1764E-07
 2  64  3  128  0.1545E-07
 2  64  3  128  0.1513E-07
 2  64  3  128  0.1476E-07
 2  64  3  128  0.1727E-07
 2  64  3  128  0.1456E-07
 2  64  4  128  0.1051E-06
 2  64  4  128  0.6432E-08
 2  64  4  128  0.9769E-08
 2  64  4  128  0.8382E-08
 2  64  4  128  0.7451E-08
 2  64  4  128  0.7567E-08
 2  64  4  128  0.9197E-08
 2  64  4  128  0.7489E-08
 2  64  4  128  0.7208E-08
 2  64  4  128  0.6752E-08
 2  64  5  128  0.5340E-07
 2  64  5  128  0.5042E-08
 2  64  5  128  0.5414E-08
 2  64  5  128  0.6725E-08
 2  64  5  128  0.4982E-08
 2  64  5  128  0.5379E-08
 2  64  5  128  0.6249E-08
 2  64  5  128  0.5414E-08
 2  64  5  128  0.5250E-08
 2  64  5  128  0.6353E-08
 2  64  6  128  0.3318E-07
 2  64  6  128  0.3605E-08
 2  64  6  128  0.3921E-08
 2  64  6  128  0.4087E-08
 2  64  6  128  0.4099E-08
 2  64  6  128  0.4099E-08
 2  64  6  128  0.3630E-08
 2  64  6  128  0.3676E-08
 2  64  6  128  0.4823E-08
 2  64  6  128  0.4593E-08
 2  64  7  128  0.1149E-08
 2  64  7  128  0.1028E-08
 2  64  7  128  0.1013E-08
 2  64  7  128  0.1036E-08
 2  64  7  128  0.1033E-08
 2  64  7  128  0.1043E-08
 2  64  7  128  0.1039E-08
 2  64  7  128  0.1016E-08
 2  64  7  128  0.1036E-08
 2  64  7  128  0.1034E-08
 2  64  8  128  0.1093E-08
 2  64  8  128  0.9558E-09
 2  64  8  128  0.9554E-09
 2  64  8  128  0.9647E-09
 2  64  8  128  0.9498E-09
 2  64  8  128  0.9463E-09
 2  64  8  128  0.9680E-09
 2  64  8  128  0.9741E-09
 2  64  8  128  0.9537E-09
 2  64  8  128  0.9562E-09
 2  64  9  128  0.1528E-08
 2  64  9  128  0.1437E-08
 2  64  9  128  0.1423E-08
 2  64  9  128  0.1426E-08
 2  64  9  128  0.1418E-08
 2  64  9  128  0.1400E-08
 2  64  9  128  0.1450E-08
 2  64  9  128  0.1440E-08
 2  64  9  128  0.1421E-08
 2  64  9  128  0.1423E-08
 2  64  10  128  0.1558E-08
 2  64  10  128  0.1448E-08
 2  64  10  128  0.1452E-08
 2  64  10  128  0.1440E-08
 2  64  10  128  0.1464E-08
 2  64  10  128  0.1448E-08
 2  64  10  128  0.1457E-08
 2  64  10  128  0.1455E-08
 2  64  10  128  0.1453E-08
 2  64  10  128  0.1459E-08
 2  64  11  128  0.1582E-08
 2  64  11  128  0.1498E-08
 2  64  11  128  0.1504E-08
 2  64  11  128  0.1505E-08
 2  64  11  128  0.1506E-08
 2  64  11  128  0.1490E-08
 2  64  11  128  0.1494E-08
 2  64  11  128  0.1507E-08
 2  64  11  128  0.1497E-08
 2  64  11  128  0.1493E-08
 2  64  12  128  0.1464E-08
 2  64  12  128  0.1424E-08
 2  64  12  128  0.1422E-08
 2  64  12  128  0.1424E-08
 2  64  12  128  0.1422E-08
 2  64  12  128  0.1417E-08
 2  64  12  128  0.1468E-08
 2  64  12  128  0.1424E-08
 2  64  12  128  0.1428E-08
 2  64  12  128  0.1418E-08
 2  64  13  128  0.1599E-08
 2  64  13  128  0.1559E-08
 2  64  13  128  0.1563E-08
 2  64  13  128  0.1561E-08
 2  64  13  128  0.1560E-08
 2  64  13  128  0.1554E-08
 2  64  13  128  0.1557E-08
 2  64  13  128  0.1556E-08
 2  64  13  128  0.1558E-08
 2  64  13  128  0.1551E-08
 2  64  14  128  0.1491E-08
 2  64  14  128  0.1473E-08
 2  64  14  128  0.1475E-08
 2  64  14  128  0.1471E-08
 2  64  14  128  0.1469E-08
 2  64  14  128  0.1473E-08
 2  64  14  128  0.1470E-08
 2  64  14  128  0.1478E-08
 2  64  14  128  0.1466E-08
 2  64  14  128  0.1474E-08
 2  64  15  128  0.1584E-08
 2  64  15  128  0.1549E-08
 2  64  15  128  0.1547E-08
 2  64  15  128  0.1545E-08
 2  64  15  128  0.1554E-08
 2  64  15  128  0.1551E-08
 2  64  15  128  0.1546E-08
 2  64  15  128  0.1544E-08
 2  64  15  128  0.1556E-08
 2  64  15  128  0.1550E-08
 2  64  16  128  0.1785E-08
 2  64  16  128  0.1776E-08
 2  64  16  128  0.1782E-08
 2  64  16  128  0.1796E-08
 2  64  16  128  0.1770E-08
 2  64  16  128  0.1781E-08
 2  64  16  128  0.1755E-08
 2  64  16  128  0.1778E-08
 2  64  16  128  0.1771E-08
 2  64  16  128  0.1760E-08
 2  64  17  128  0.1819E-08
 2  64  17  128  0.1797E-08
 2  64  17  128  0.1803E-08
 2  64  17  128  0.1805E-08
 2  64  17  128  0.1800E-08
 2  64  17  128  0.1794E-08
 2  64  17  128  0.1797E-08
 2  64  17  128  0.1791E-08
 2  64  17  128  0.1791E-08
 2  64  17  128  0.1795E-08
 2  64  18  128  0.1717E-08
 2  64  18  128  0.1850E-08
 2  64  18  128  0.1931E-08
 2  64  18  128  0.1722E-08
 2  64  18  128  0.1693E-08
 2  64  18  128  0.1689E-08
 2  64  18  128  0.1690E-08
 2  64  18  128  0.1687E-08
 2  64  18  128  0.1698E-08
 2  64  18  128  0.1700E-08
 2  64  19  128  0.1823E-08
 2  64  19  128  0.1817E-08
 2  64  19  128  0.1815E-08
 2  64  19  128  0.1823E-08
 2  64  19  128  0.1818E-08
 2  64  19  128  0.1814E-08
 2  64  19  128  0.1819E-08
 2  64  19  128  0.1814E-08
 2  64  19  128  0.1816E-08
 2  64  19  128  0.1825E-08
 2  64  20  128  0.1774E-08
 2  64  20  128  0.1765E-08
 2  64  20  128  0.1774E-08
 2  64  20  128  0.1761E-08
 2  64  20  128  0.1761E-08
 2  64  20  128  0.1764E-08
 2  64  20  128  0.1764E-08
 2  64  20  128  0.1759E-08
 2  64  20  128  0.1765E-08
 2  64  20  128  0.1766E-08
