 2  16  3  32  0.8465E-07
 2  16  3  32  0.8105E-07
 2  16  3  32  0.8097E-07
 2  16  3  32  0.8358E-07
 2  16  3  32  0.8032E-07
 2  16  3  32  0.8087E-07
 2  16  3  32  0.8028E-07
 2  16  3  32  0.8024E-07
 2  16  3  32  0.8060E-07
 2  16  3  32  0.8025E-07
 2  16  4  32  0.3522E-07
 2  16  4  32  0.3303E-07
 2  16  4  32  0.3300E-07
 2  16  4  32  0.3283E-07
 2  16  4  32  0.3270E-07
 2  16  4  32  0.3267E-07
 2  16  4  32  0.3277E-07
 2  16  4  32  0.3284E-07
 2  16  4  32  0.3275E-07
 2  16  4  32  0.3269E-07
 2  16  5  32  0.2489E-07
 2  16  5  32  0.2400E-07
 2  16  5  32  0.2493E-07
 2  16  5  32  0.2397E-07
 2  16  5  32  0.2407E-07
 2  16  5  32  0.2394E-07
 2  16  5  32  0.2476E-07
 2  16  5  32  0.2397E-07
 2  16  5  32  0.2391E-07
 2  16  5  32  0.2397E-07
 2  16  6  32  0.1423E-07
 2  16  6  32  0.1379E-07
 2  16  6  32  0.1407E-07
 2  16  6  32  0.1370E-07
 2  16  6  32  0.1367E-07
 2  16  6  32  0.1364E-07
 2  16  6  32  0.1441E-07
 2  16  6  32  0.1368E-07
 2  16  6  32  0.1410E-07
 2  16  6  32  0.1370E-07
 2  16  7  32  0.1301E-07
 2  16  7  32  0.1248E-07
 2  16  7  32  0.1250E-07
 2  16  7  32  0.1253E-07
 2  16  7  32  0.1303E-07
 2  16  7  32  0.1271E-07
 2  16  7  32  0.1275E-07
 2  16  7  32  0.1245E-07
 2  16  7  32  0.1244E-07
 2  16  7  32  0.1247E-07
 2  16  8  32  0.8110E-08
 2  16  8  32  0.7827E-08
 2  16  8  32  0.8034E-08
 2  16  8  32  0.7836E-08
 2  16  8  32  0.7809E-08
 2  16  8  32  0.7821E-08
 2  16  8  32  0.7865E-08
 2  16  8  32  0.7815E-08
 2  16  8  32  0.7838E-08
 2  16  8  32  0.7823E-08
 2  16  9  32  0.9693E-08
 2  16  9  32  0.9088E-08
 2  16  9  32  0.9315E-08
 2  16  9  32  0.9071E-08
 2  16  9  32  0.9347E-08
 2  16  9  32  0.9094E-08
 2  16  9  32  0.9182E-08
 2  16  9  32  0.9043E-08
 2  16  9  32  0.9228E-08
 2  16  9  32  0.9303E-08
 2  16  10  32  0.6695E-08
 2  16  10  32  0.6579E-08
 2  16  10  32  0.6455E-08
 2  16  10  32  0.6437E-08
 2  16  10  32  0.6435E-08
 2  16  10  32  0.6445E-08
 2  16  10  32  0.6422E-08
 2  16  10  32  0.6605E-08
 2  16  10  32  0.6421E-08
 2  16  10  32  0.6433E-08
 2  16  11  32  0.6317E-08
 2  16  11  32  0.6198E-08
 2  16  11  32  0.6029E-08
 2  16  11  32  0.5974E-08
 2  16  11  32  0.6096E-08
 2  16  11  32  0.6052E-08
 2  16  11  32  0.5970E-08
 2  16  11  32  0.6051E-08
 2  16  11  32  0.5966E-08
 2  16  11  32  0.5966E-08
 2  16  12  32  0.6597E-08
 2  16  12  32  0.6357E-08
 2  16  12  32  0.6374E-08
 2  16  12  32  0.6332E-08
 2  16  12  32  0.6336E-08
 2  16  12  32  0.6334E-08
 2  16  12  32  0.6332E-08
 2  16  12  32  0.6343E-08
 2  16  12  32  0.6345E-08
 2  16  12  32  0.6348E-08
 2  16  13  32  0.7275E-08
 2  16  13  32  0.7079E-08
 2  16  13  32  0.7058E-08
 2  16  13  32  0.7062E-08
 2  16  13  32  0.7111E-08
 2  16  13  32  0.7060E-08
 2  16  13  32  0.7072E-08
 2  16  13  32  0.7142E-08
 2  16  13  32  0.7109E-08
 2  16  13  32  0.7126E-08
 2  16  14  32  0.7185E-08
 2  16  14  32  0.6987E-08
 2  16  14  32  0.6988E-08
 2  16  14  32  0.6976E-08
 2  16  14  32  0.6985E-08
 2  16  14  32  0.6985E-08
 2  16  14  32  0.7076E-08
 2  16  14  32  0.7000E-08
 2  16  14  32  0.7006E-08
 2  16  14  32  0.7005E-08
 2  16  15  32  0.7450E-08
 2  16  15  32  0.7324E-08
 2  16  15  32  0.7403E-08
 2  16  15  32  0.7385E-08
 2  16  15  32  0.7379E-08
 2  16  15  32  0.7380E-08
 2  16  15  32  0.7382E-08
 2  16  15  32  0.7383E-08
 2  16  15  32  0.7374E-08
 2  16  15  32  0.7370E-08
 2  16  16  32  0.8039E-08
 2  16  16  32  0.7877E-08
 2  16  16  32  0.7892E-08
 2  16  16  32  0.7863E-08
 2  16  16  32  0.7877E-08
 2  16  16  32  0.7884E-08
 2  16  16  32  0.7868E-08
 2  16  16  32  0.7859E-08
 2  16  16  32  0.7880E-08
 2  16  16  32  0.7898E-08
 2  16  17  32  0.7810E-08
 2  16  17  32  0.7709E-08
 2  16  17  32  0.7694E-08
 2  16  17  32  0.7681E-08
 2  16  17  32  0.7714E-08
 2  16  17  32  0.7714E-08
 2  16  17  32  0.7709E-08
 2  16  17  32  0.7707E-08
 2  16  17  32  0.7693E-08
 2  16  17  32  0.7707E-08
 2  16  18  32  0.7390E-08
 2  16  18  32  0.7287E-08
 2  16  18  32  0.7284E-08
 2  16  18  32  0.7324E-08
 2  16  18  32  0.7290E-08
 2  16  18  32  0.7304E-08
 2  16  18  32  0.7297E-08
 2  16  18  32  0.7294E-08
 2  16  18  32  0.7289E-08
 2  16  18  32  0.7290E-08
 2  16  19  32  0.7358E-08
 2  16  19  32  0.7272E-08
 2  16  19  32  0.7304E-08
 2  16  19  32  0.7313E-08
 2  16  19  32  0.7313E-08
 2  16  19  32  0.7322E-08
 2  16  19  32  0.7310E-08
 2  16  19  32  0.7311E-08
 2  16  19  32  0.7316E-08
 2  16  19  32  0.7316E-08
 2  16  20  32  0.6812E-08
 2  16  20  32  0.6747E-08
 2  16  20  32  0.6750E-08
 2  16  20  32  0.6740E-08
 2  16  20  32  0.6751E-08
 2  16  20  32  0.6740E-08
 2  16  20  32  0.6750E-08
 2  16  20  32  0.6742E-08
 2  16  20  32  0.6748E-08
 2  16  20  32  0.6737E-08
