 2  1  3  2  0.4312E-06
 2  1  3  2  0.3400E-06
 2  1  3  2  0.3459E-06
 2  1  3  2  0.3385E-06
 2  1  3  2  0.3385E-06
 2  1  3  2  0.3326E-06
 2  1  3  2  0.4503E-06
 2  1  3  2  0.3385E-06
 2  1  3  2  0.3400E-06
 2  1  3  2  0.3400E-06
 2  1  4  2  0.2241E-06
 2  1  4  2  0.1745E-06
 2  1  4  2  0.1720E-06
 2  1  4  2  0.1670E-06
 2  1  4  2  0.1720E-06
 2  1  4  2  0.1695E-06
 2  1  4  2  0.1695E-06
 2  1  4  2  0.1664E-06
 2  1  4  2  0.1825E-06
 2  1  4  2  0.1689E-06
 2  1  5  2  0.1602E-06
 2  1  5  2  0.1348E-06
 2  1  5  2  0.1335E-06
 2  1  5  2  0.1707E-06
 2  1  5  2  0.1319E-06
 2  1  5  2  0.1307E-06
 2  1  5  2  0.1307E-06
 2  1  5  2  0.1307E-06
 2  1  5  2  0.1307E-06
 2  1  5  2  0.1307E-06
 2  1  6  2  0.1056E-06
 2  1  6  2  0.1087E-06
 2  1  6  2  0.9732E-07
 2  1  6  2  0.9401E-07
 2  1  6  2  0.9272E-07
 2  1  6  2  0.9253E-07
 2  1  6  2  0.9272E-07
 2  1  6  2  0.1063E-06
 2  1  6  2  0.9566E-07
 2  1  6  2  0.9272E-07
 2  1  7  2  0.9083E-07
 2  1  7  2  0.7970E-07
 2  1  7  2  0.7970E-07
 2  1  7  2  0.9048E-07
 2  1  7  2  0.7820E-07
 2  1  7  2  0.7727E-07
 2  1  7  2  0.7681E-07
 2  1  7  2  0.7669E-07
 2  1  7  2  0.7924E-07
 2  1  7  2  0.7820E-07
 2  1  8  2  0.7063E-07
 2  1  8  2  0.7257E-07
 2  1  8  2  0.6511E-07
 2  1  8  2  0.6349E-07
 2  1  8  2  0.6349E-07
 2  1  8  2  0.6869E-07
 2  1  8  2  0.6480E-07
 2  1  8  2  0.6349E-07
 2  1  8  2  0.6310E-07
 2  1  8  2  0.6349E-07
 2  1  9  2  0.8640E-07
 2  1  9  2  0.7271E-07
 2  1  9  2  0.7795E-07
 2  1  9  2  0.7429E-07
 2  1  9  2  0.7228E-07
 2  1  9  2  0.7457E-07
 2  1  9  2  0.7113E-07
 2  1  9  2  0.7724E-07
 2  1  9  2  0.7337E-07
 2  1  9  2  0.7250E-07
 2  1  10  2  0.1147E-06
 2  1  10  2  0.1045E-06
 2  1  10  2  0.1030E-06
 2  1  10  2  0.1060E-06
 2  1  10  2  0.1090E-06
 2  1  10  2  0.1032E-06
 2  1  10  2  0.1053E-06
 2  1  10  2  0.1095E-06
 2  1  10  2  0.1023E-06
 2  1  10  2  0.1032E-06
 2  1  11  2  0.9431E-07
 2  1  11  2  0.8425E-07
 2  1  11  2  0.8828E-07
 2  1  11  2  0.8903E-07
 2  1  11  2  0.8852E-07
 2  1  11  2  0.8855E-07
 2  1  11  2  0.8404E-07
 2  1  11  2  0.8765E-07
 2  1  11  2  0.8915E-07
 2  1  11  2  0.8843E-07
 2  1  12  2  0.7763E-07
 2  1  12  2  0.7409E-07
 2  1  12  2  0.7388E-07
 2  1  12  2  0.7398E-07
 2  1  12  2  0.7398E-07
 2  1  12  2  0.6935E-07
 2  1  12  2  0.7283E-07
 2  1  12  2  0.7418E-07
 2  1  12  2  0.7485E-07
 2  1  12  2  0.7349E-07
 2  1  13  2  0.8649E-07
 2  1  13  2  0.8293E-07
 2  1  13  2  0.8313E-07
 2  1  13  2  0.8376E-07
 2  1  13  2  0.8390E-07
 2  1  13  2  0.8238E-07
 2  1  13  2  0.8381E-07
 2  1  13  2  0.8503E-07
 2  1  13  2  0.8338E-07
 2  1  13  2  0.8200E-07
 2  1  14  2  0.7410E-07
 2  1  14  2  0.7300E-07
 2  1  14  2  0.7362E-07
 2  1  14  2  0.7264E-07
 2  1  14  2  0.7374E-07
 2  1  14  2  0.7313E-07
 2  1  14  2  0.7197E-07
 2  1  14  2  0.7313E-07
 2  1  14  2  0.7349E-07
 2  1  14  2  0.7197E-07
 2  1  15  2  0.7861E-07
 2  1  15  2  0.7802E-07
 2  1  15  2  0.7719E-07
 2  1  15  2  0.7551E-07
 2  1  15  2  0.7733E-07
 2  1  15  2  0.7842E-07
 2  1  15  2  0.7536E-07
 2  1  15  2  0.7585E-07
 2  1  15  2  0.7857E-07
 2  1  15  2  0.7818E-07
 2  1  16  2  0.8288E-07
 2  1  16  2  0.8541E-07
 2  1  16  2  0.8228E-07
 2  1  16  2  0.8077E-07
 2  1  16  2  0.8080E-07
 2  1  16  2  0.8135E-07
 2  1  16  2  0.8085E-07
 2  1  16  2  0.8004E-07
 2  1  16  2  0.8167E-07
 2  1  16  2  0.8122E-07
 2  1  17  2  0.9265E-07
 2  1  17  2  0.9115E-07
 2  1  17  2  0.9221E-07
 2  1  17  2  0.9258E-07
 2  1  17  2  0.9207E-07
 2  1  17  2  0.9214E-07
 2  1  17  2  0.9190E-07
 2  1  17  2  0.9058E-07
 2  1  17  2  0.9095E-07
 2  1  17  2  0.9241E-07
 2  1  18  2  0.9459E-07
 2  1  18  2  0.9774E-07
 2  1  18  2  0.9428E-07
 2  1  18  2  0.9343E-07
 2  1  18  2  0.9482E-07
 2  1  18  2  0.9420E-07
 2  1  18  2  0.9422E-07
 2  1  18  2  0.9574E-07
 2  1  18  2  0.9439E-07
 2  1  18  2  0.9600E-07
 2  1  19  2  0.1066E-06
 2  1  19  2  0.1050E-06
 2  1  19  2  0.1055E-06
 2  1  19  2  0.1051E-06
 2  1  19  2  0.1056E-06
 2  1  19  2  0.1052E-06
 2  1  19  2  0.1054E-06
 2  1  19  2  0.1052E-06
 2  1  19  2  0.1056E-06
 2  1  19  2  0.1050E-06
 2  1  20  2  0.1020E-06
 2  1  20  2  0.1009E-06
 2  1  20  2  0.1006E-06
 2  1  20  2  0.1010E-06
 2  1  20  2  0.1007E-06
 2  1  20  2  0.1009E-06
 2  1  20  2  0.1007E-06
 2  1  20  2  0.1008E-06
 2  1  20  2  0.1005E-06
 2  1  20  2  0.1010E-06
