 2  32  3  64  0.5054E-07
 2  32  3  64  0.4955E-07
 2  32  3  64  0.4856E-07
 2  32  3  64  0.4929E-07
 2  32  3  64  0.4719E-07
 2  32  3  64  0.4886E-07
 2  32  3  64  0.4836E-07
 2  32  3  64  0.4844E-07
 2  32  3  64  0.4720E-07
 2  32  3  64  0.4713E-07
 2  32  4  64  0.2057E-07
 2  32  4  64  0.1885E-07
 2  32  4  64  0.1895E-07
 2  32  4  64  0.1958E-07
 2  32  4  64  0.1880E-07
 2  32  4  64  0.1945E-07
 2  32  4  64  0.1955E-07
 2  32  4  64  0.1884E-07
 2  32  4  64  0.1875E-07
 2  32  4  64  0.1862E-07
 2  32  5  64  0.1508E-07
 2  32  5  64  0.1424E-07
 2  32  5  64  0.1424E-07
 2  32  5  64  0.1429E-07
 2  32  5  64  0.1409E-07
 2  32  5  64  0.1426E-07
 2  32  5  64  0.1418E-07
 2  32  5  64  0.1421E-07
 2  32  5  64  0.1420E-07
 2  32  5  64  0.1415E-07
 2  32  6  64  0.7955E-08
 2  32  6  64  0.7532E-08
 2  32  6  64  0.7607E-08
 2  32  6  64  0.7553E-08
 2  32  6  64  0.7548E-08
 2  32  6  64  0.7573E-08
 2  32  6  64  0.7571E-08
 2  32  6  64  0.7895E-08
 2  32  6  64  0.7583E-08
 2  32  6  64  0.7742E-08
 2  32  7  64  0.5635E-08
 2  32  7  64  0.5339E-08
 2  32  7  64  0.5304E-08
 2  32  7  64  0.5449E-08
 2  32  7  64  0.5304E-08
 2  32  7  64  0.5400E-08
 2  32  7  64  0.5306E-08
 2  32  7  64  0.5290E-08
 2  32  7  64  0.5323E-08
 2  32  7  64  0.5308E-08
 2  32  8  64  0.4408E-08
 2  32  8  64  0.4233E-08
 2  32  8  64  0.4221E-08
 2  32  8  64  0.4292E-08
 2  32  8  64  0.4291E-08
 2  32  8  64  0.4228E-08
 2  32  8  64  0.4219E-08
 2  32  8  64  0.4218E-08
 2  32  8  64  0.4222E-08
 2  32  8  64  0.4208E-08
 2  32  9  64  0.3964E-08
 2  32  9  64  0.3671E-08
 2  32  9  64  0.3753E-08
 2  32  9  64  0.3748E-08
 2  32  9  64  0.3705E-08
 2  32  9  64  0.3623E-08
 2  32  9  64  0.3647E-08
 2  32  9  64  0.3681E-08
 2  32  9  64  0.3784E-08
 2  32  9  64  0.3778E-08
 2  32  10  64  0.3744E-08
 2  32  10  64  0.3639E-08
 2  32  10  64  0.3598E-08
 2  32  10  64  0.3657E-08
 2  32  10  64  0.3568E-08
 2  32  10  64  0.3618E-08
 2  32  10  64  0.3653E-08
 2  32  10  64  0.3658E-08
 2  32  10  64  0.3615E-08
 2  32  10  64  0.3592E-08
 2  32  11  64  0.3538E-08
 2  32  11  64  0.3355E-08
 2  32  11  64  0.3388E-08
 2  32  11  64  0.3362E-08
 2  32  11  64  0.3356E-08
 2  32  11  64  0.3342E-08
 2  32  11  64  0.3362E-08
 2  32  11  64  0.3349E-08
 2  32  11  64  0.3374E-08
 2  32  11  64  0.3370E-08
 2  32  12  64  0.3647E-08
 2  32  12  64  0.3505E-08
 2  32  12  64  0.3483E-08
 2  32  12  64  0.3482E-08
 2  32  12  64  0.3488E-08
 2  32  12  64  0.3486E-08
 2  32  12  64  0.3489E-08
 2  32  12  64  0.3499E-08
 2  32  12  64  0.3502E-08
 2  32  12  64  0.3498E-08
 2  32  13  64  0.3989E-08
 2  32  13  64  0.3878E-08
 2  32  13  64  0.3901E-08
 2  32  13  64  0.3886E-08
 2  32  13  64  0.3876E-08
 2  32  13  64  0.3884E-08
 2  32  13  64  0.3877E-08
 2  32  13  64  0.3874E-08
 2  32  13  64  0.3887E-08
 2  32  13  64  0.3891E-08
 2  32  14  64  0.3954E-08
 2  32  14  64  0.3864E-08
 2  32  14  64  0.3846E-08
 2  32  14  64  0.3861E-08
 2  32  14  64  0.3847E-08
 2  32  14  64  0.3860E-08
 2  32  14  64  0.3842E-08
 2  32  14  64  0.3862E-08
 2  32  14  64  0.3862E-08
 2  32  14  64  0.3861E-08
 2  32  15  64  0.4098E-08
 2  32  15  64  0.3984E-08
 2  32  15  64  0.3982E-08
 2  32  15  64  0.3980E-08
 2  32  15  64  0.3982E-08
 2  32  15  64  0.3976E-08
 2  32  15  64  0.3977E-08
 2  32  15  64  0.3975E-08
 2  32  15  64  0.3978E-08
 2  32  15  64  0.3976E-08
 2  32  16  64  0.4742E-08
 2  32  16  64  0.4637E-08
 2  32  16  64  0.4639E-08
 2  32  16  64  0.4654E-08
 2  32  16  64  0.4638E-08
 2  32  16  64  0.4664E-08
 2  32  16  64  0.4650E-08
 2  32  16  64  0.4660E-08
 2  32  16  64  0.4641E-08
 2  32  16  64  0.4635E-08
 2  32  17  64  0.4197E-08
 2  32  17  64  0.4102E-08
 2  32  17  64  0.4109E-08
 2  32  17  64  0.4103E-08
 2  32  17  64  0.4100E-08
 2  32  17  64  0.4099E-08
 2  32  17  64  0.4105E-08
 2  32  17  64  0.4101E-08
 2  32  17  64  0.4107E-08
 2  32  17  64  0.4108E-08
 2  32  18  64  0.3914E-08
 2  32  18  64  0.3866E-08
 2  32  18  64  0.3862E-08
 2  32  18  64  0.3873E-08
 2  32  18  64  0.3869E-08
 2  32  18  64  0.3864E-08
 2  32  18  64  0.3871E-08
 2  32  18  64  0.3861E-08
 2  32  18  64  0.3900E-08
 2  32  18  64  0.3863E-08
 2  32  19  64  0.3925E-08
 2  32  19  64  0.3860E-08
 2  32  19  64  0.3863E-08
 2  32  19  64  0.3861E-08
 2  32  19  64  0.3860E-08
 2  32  19  64  0.3857E-08
 2  32  19  64  0.3856E-08
 2  32  19  64  0.3854E-08
 2  32  19  64  0.3861E-08
 2  32  19  64  0.3859E-08
 2  32  20  64  0.3634E-08
 2  32  20  64  0.3586E-08
 2  32  20  64  0.3584E-08
 2  32  20  64  0.3590E-08
 2  32  20  64  0.3588E-08
 2  32  20  64  0.3587E-08
 2  32  20  64  0.3588E-08
 2  32  20  64  0.3591E-08
 2  32  20  64  0.3586E-08
 2  32  20  64  0.3586E-08
