 2  4  3  8  0.1682E-06
 2  4  3  8  0.1859E-06
 2  4  3  8  0.1448E-06
 2  4  3  8  0.1562E-06
 2  4  3  8  0.1723E-06
 2  4  3  8  0.1491E-06
 2  4  3  8  0.1541E-06
 2  4  3  8  0.1572E-06
 2  4  3  8  0.1469E-06
 2  4  3  8  0.1494E-06
 2  4  4  8  0.7698E-07
 2  4  4  8  0.7828E-07
 2  4  4  8  0.7373E-07
 2  4  4  8  0.7377E-07
 2  4  4  8  0.7045E-07
 2  4  4  8  0.7305E-07
 2  4  4  8  0.7274E-07
 2  4  4  8  0.7012E-07
 2  4  4  8  0.7104E-07
 2  4  4  8  0.7116E-07
 2  4  5  8  0.4989E-07
 2  4  5  8  0.4634E-07
 2  4  5  8  0.5036E-07
 2  4  5  8  0.4853E-07
 2  4  5  8  0.4949E-07
 2  4  5  8  0.4615E-07
 2  4  5  8  0.4783E-07
 2  4  5  8  0.4663E-07
 2  4  5  8  0.4597E-07
 2  4  5  8  0.4679E-07
 2  4  6  8  0.3445E-07
 2  4  6  8  0.3252E-07
 2  4  6  8  0.3390E-07
 2  4  6  8  0.3628E-07
 2  4  6  8  0.3119E-07
 2  4  6  8  0.3163E-07
 2  4  6  8  0.3336E-07
 2  4  6  8  0.3095E-07
 2  4  6  8  0.2921E-07
 2  4  6  8  0.2970E-07
 2  4  7  8  0.2627E-07
 2  4  7  8  0.2422E-07
 2  4  7  8  0.2466E-07
 2  4  7  8  0.2362E-07
 2  4  7  8  0.2327E-07
 2  4  7  8  0.2549E-07
 2  4  7  8  0.2398E-07
 2  4  7  8  0.2527E-07
 2  4  7  8  0.2391E-07
 2  4  7  8  0.2348E-07
 2  4  8  8  0.2106E-07
 2  4  8  8  0.1809E-07
 2  4  8  8  0.1829E-07
 2  4  8  8  0.1804E-07
 2  4  8  8  0.1877E-07
 2  4  8  8  0.1795E-07
 2  4  8  8  0.1837E-07
 2  4  8  8  0.1817E-07
 2  4  8  8  0.1846E-07
 2  4  8  8  0.1896E-07
 2  4  9  8  0.1978E-07
 2  4  9  8  0.1948E-07
 2  4  9  8  0.1915E-07
 2  4  9  8  0.1883E-07
 2  4  9  8  0.1890E-07
 2  4  9  8  0.1892E-07
 2  4  9  8  0.1866E-07
 2  4  9  8  0.1915E-07
 2  4  9  8  0.1870E-07
 2  4  9  8  0.1878E-07
 2  4  10  8  0.2018E-07
 2  4  10  8  0.1941E-07
 2  4  10  8  0.1933E-07
 2  4  10  8  0.1925E-07
 2  4  10  8  0.1902E-07
 2  4  10  8  0.1966E-07
 2  4  10  8  0.1942E-07
 2  4  10  8  0.1932E-07
 2  4  10  8  0.1957E-07
 2  4  10  8  0.1925E-07
 2  4  11  8  0.1949E-07
 2  4  11  8  0.1841E-07
 2  4  11  8  0.1847E-07
 2  4  11  8  0.1844E-07
 2  4  11  8  0.1808E-07
 2  4  11  8  0.1808E-07
 2  4  11  8  0.1820E-07
 2  4  11  8  0.1852E-07
 2  4  11  8  0.1905E-07
 2  4  11  8  0.1878E-07
 2  4  12  8  0.2024E-07
 2  4  12  8  0.1929E-07
 2  4  12  8  0.1909E-07
 2  4  12  8  0.1937E-07
 2  4  12  8  0.2019E-07
 2  4  12  8  0.1991E-07
 2  4  12  8  0.1986E-07
 2  4  12  8  0.1924E-07
 2  4  12  8  0.1949E-07
 2  4  12  8  0.1939E-07
 2  4  13  8  0.2307E-07
 2  4  13  8  0.2251E-07
 2  4  13  8  0.2242E-07
 2  4  13  8  0.2248E-07
 2  4  13  8  0.2265E-07
 2  4  13  8  0.2261E-07
 2  4  13  8  0.2256E-07
 2  4  13  8  0.2254E-07
 2  4  13  8  0.2259E-07
 2  4  13  8  0.2249E-07
 2  4  14  8  0.2129E-07
 2  4  14  8  0.2112E-07
 2  4  14  8  0.2111E-07
 2  4  14  8  0.2113E-07
 2  4  14  8  0.2110E-07
 2  4  14  8  0.2137E-07
 2  4  14  8  0.2162E-07
 2  4  14  8  0.2149E-07
 2  4  14  8  0.2129E-07
 2  4  14  8  0.2151E-07
 2  4  15  8  0.2355E-07
 2  4  15  8  0.2324E-07
 2  4  15  8  0.2326E-07
 2  4  15  8  0.2323E-07
 2  4  15  8  0.2330E-07
 2  4  15  8  0.2324E-07
 2  4  15  8  0.2322E-07
 2  4  15  8  0.2318E-07
 2  4  15  8  0.2318E-07
 2  4  15  8  0.2318E-07
 2  4  16  8  0.2227E-07
 2  4  16  8  0.2201E-07
 2  4  16  8  0.2205E-07
 2  4  16  8  0.2198E-07
 2  4  16  8  0.2199E-07
 2  4  16  8  0.2211E-07
 2  4  16  8  0.2200E-07
 2  4  16  8  0.2200E-07
 2  4  16  8  0.2218E-07
 2  4  16  8  0.2220E-07
 2  4  17  8  0.2750E-07
 2  4  17  8  0.2731E-07
 2  4  17  8  0.2728E-07
 2  4  17  8  0.2722E-07
 2  4  17  8  0.2716E-07
 2  4  17  8  0.2719E-07
 2  4  17  8  0.2714E-07
 2  4  17  8  0.2718E-07
 2  4  17  8  0.2714E-07
 2  4  17  8  0.2714E-07
 2  4  18  8  0.2605E-07
 2  4  18  8  0.2599E-07
 2  4  18  8  0.2599E-07
 2  4  18  8  0.2598E-07
 2  4  18  8  0.2587E-07
 2  4  18  8  0.2588E-07
 2  4  18  8  0.2588E-07
 2  4  18  8  0.2585E-07
 2  4  18  8  0.2591E-07
 2  4  18  8  0.2586E-07
 2  4  19  8  0.2666E-07
 2  4  19  8  0.2654E-07
 2  4  19  8  0.2653E-07
 2  4  19  8  0.2664E-07
 2  4  19  8  0.2659E-07
 2  4  19  8  0.2663E-07
 2  4  19  8  0.2665E-07
 2  4  19  8  0.2665E-07
 2  4  19  8  0.2664E-07
 2  4  19  8  0.2683E-07
 2  4  20  8  0.2471E-07
 2  4  20  8  0.2454E-07
 2  4  20  8  0.2454E-07
 2  4  20  8  0.2456E-07
 2  4  20  8  0.2443E-07
 2  4  20  8  0.2439E-07
 2  4  20  8  0.2441E-07
 2  4  20  8  0.2438E-07
 2  4  20  8  0.2440E-07
 2  4  20  8  0.2442E-07
