 2  2  3  4  0.4481E-06
 2  2  3  4  0.2782E-06
 2  2  3  4  0.2870E-06
 2  2  3  4  0.2840E-06
 2  2  3  4  0.3459E-06
 2  2  3  4  0.2686E-06
 2  2  3  4  0.2840E-06
 2  2  3  4  0.2840E-06
 2  2  3  4  0.2870E-06
 2  2  3  4  0.2804E-06
 2  2  4  4  0.1717E-06
 2  2  4  4  0.1329E-06
 2  2  4  4  0.1354E-06
 2  2  4  4  0.9903E-07
 2  2  4  4  0.1003E-06
 2  2  4  4  0.1003E-06
 2  2  4  4  0.1459E-06
 2  2  4  4  0.1003E-06
 2  2  4  4  0.9872E-07
 2  2  4  4  0.1003E-06
 2  2  5  4  0.1133E-06
 2  2  5  4  0.8678E-07
 2  2  5  4  0.8472E-07
 2  2  5  4  0.6803E-07
 2  2  5  4  0.1033E-06
 2  2  5  4  0.6994E-07
 2  2  5  4  0.9600E-07
 2  2  5  4  0.6866E-07
 2  2  5  4  0.6866E-07
 2  2  5  4  0.6803E-07
 2  2  6  4  0.1073E-06
 2  2  6  4  0.8021E-07
 2  2  6  4  0.6981E-07
 2  2  6  4  0.7129E-07
 2  2  6  4  0.8913E-07
 2  2  6  4  0.8573E-07
 2  2  6  4  0.5786E-07
 2  2  6  4  0.6945E-07
 2  2  6  4  0.8370E-07
 2  2  6  4  0.6981E-07
 2  2  7  4  0.7194E-07
 2  2  7  4  0.4761E-07
 2  2  7  4  0.5150E-07
 2  2  7  4  0.5178E-07
 2  2  7  4  0.4663E-07
 2  2  7  4  0.4686E-07
 2  2  7  4  0.4663E-07
 2  2  7  4  0.5150E-07
 2  2  7  4  0.4692E-07
 2  2  7  4  0.4646E-07
 2  2  8  4  0.4932E-07
 2  2  8  4  0.4086E-07
 2  2  8  4  0.5157E-07
 2  2  8  4  0.4591E-07
 2  2  8  4  0.3663E-07
 2  2  8  4  0.4428E-07
 2  2  8  4  0.4362E-07
 2  2  8  4  0.4816E-07
 2  2  8  4  0.4769E-07
 2  2  8  4  0.4327E-07
 2  2  9  4  0.4778E-07
 2  2  9  4  0.4857E-07
 2  2  9  4  0.4491E-07
 2  2  9  4  0.4756E-07
 2  2  9  4  0.4309E-07
 2  2  9  4  0.4857E-07
 2  2  9  4  0.4298E-07
 2  2  9  4  0.4470E-07
 2  2  9  4  0.4448E-07
 2  2  9  4  0.4162E-07
 2  2  10  4  0.5885E-07
 2  2  10  4  0.5742E-07
 2  2  10  4  0.5658E-07
 2  2  10  4  0.5841E-07
 2  2  10  4  0.5925E-07
 2  2  10  4  0.5643E-07
 2  2  10  4  0.6082E-07
 2  2  10  4  0.5875E-07
 2  2  10  4  0.5841E-07
 2  2  10  4  0.5800E-07
 2  2  11  4  0.5772E-07
 2  2  11  4  0.5216E-07
 2  2  11  4  0.5214E-07
 2  2  11  4  0.5359E-07
 2  2  11  4  0.5359E-07
 2  2  11  4  0.5239E-07
 2  2  11  4  0.5245E-07
 2  2  11  4  0.5404E-07
 2  2  11  4  0.5447E-07
 2  2  11  4  0.5196E-07
 2  2  12  4  0.4644E-07
 2  2  12  4  0.4427E-07
 2  2  12  4  0.4404E-07
 2  2  12  4  0.4407E-07
 2  2  12  4  0.4466E-07
 2  2  12  4  0.4519E-07
 2  2  12  4  0.4413E-07
 2  2  12  4  0.4509E-07
 2  2  12  4  0.4413E-07
 2  2  12  4  0.4316E-07
 2  2  13  4  0.4954E-07
 2  2  13  4  0.4787E-07
 2  2  13  4  0.4859E-07
 2  2  13  4  0.4752E-07
 2  2  13  4  0.4988E-07
 2  2  13  4  0.4775E-07
 2  2  13  4  0.4923E-07
 2  2  13  4  0.4988E-07
 2  2  13  4  0.4802E-07
 2  2  13  4  0.4901E-07
 2  2  14  4  0.4179E-07
 2  2  14  4  0.4315E-07
 2  2  14  4  0.4134E-07
 2  2  14  4  0.4194E-07
 2  2  14  4  0.4160E-07
 2  2  14  4  0.4160E-07
 2  2  14  4  0.4263E-07
 2  2  14  4  0.4324E-07
 2  2  14  4  0.4184E-07
 2  2  14  4  0.4234E-07
 2  2  15  4  0.4852E-07
 2  2  15  4  0.4484E-07
 2  2  15  4  0.4486E-07
 2  2  15  4  0.4555E-07
 2  2  15  4  0.4479E-07
 2  2  15  4  0.4523E-07
 2  2  15  4  0.4472E-07
 2  2  15  4  0.4496E-07
 2  2  15  4  0.4481E-07
 2  2  15  4  0.4432E-07
 2  2  16  4  0.4830E-07
 2  2  16  4  0.4553E-07
 2  2  16  4  0.4571E-07
 2  2  16  4  0.4563E-07
 2  2  16  4  0.4621E-07
 2  2  16  4  0.4630E-07
 2  2  16  4  0.4533E-07
 2  2  16  4  0.4578E-07
 2  2  16  4  0.4623E-07
 2  2  16  4  0.4628E-07
 2  2  17  4  0.5080E-07
 2  2  17  4  0.5107E-07
 2  2  17  4  0.5222E-07
 2  2  17  4  0.5002E-07
 2  2  17  4  0.5044E-07
 2  2  17  4  0.5026E-07
 2  2  17  4  0.5073E-07
 2  2  17  4  0.5050E-07
 2  2  17  4  0.5106E-07
 2  2  17  4  0.5090E-07
 2  2  18  4  0.5308E-07
 2  2  18  4  0.5081E-07
 2  2  18  4  0.5091E-07
 2  2  18  4  0.5094E-07
 2  2  18  4  0.5210E-07
 2  2  18  4  0.5056E-07
 2  2  18  4  0.5165E-07
 2  2  18  4  0.5138E-07
 2  2  18  4  0.5048E-07
 2  2  18  4  0.5070E-07
 2  2  19  4  0.5659E-07
 2  2  19  4  0.5506E-07
 2  2  19  4  0.5557E-07
 2  2  19  4  0.5551E-07
 2  2  19  4  0.5477E-07
 2  2  19  4  0.5521E-07
 2  2  19  4  0.5531E-07
 2  2  19  4  0.5495E-07
 2  2  19  4  0.5542E-07
 2  2  19  4  0.5507E-07
 2  2  20  4  0.5557E-07
 2  2  20  4  0.5470E-07
 2  2  20  4  0.5502E-07
 2  2  20  4  0.5500E-07
 2  2  20  4  0.5430E-07
 2  2  20  4  0.5500E-07
 2  2  20  4  0.5482E-07
 2  2  20  4  0.5432E-07
 2  2  20  4  0.5646E-07
 2  2  20  4  0.5475E-07
