 2  1  3  2  0.2427E-06
 2  1  3  2  0.2013E-06
 2  1  3  2  0.2149E-06
 2  1  3  2  0.2056E-06
 2  1  3  2  0.2209E-06
 2  1  3  2  0.2087E-06
 2  1  3  2  0.2037E-06
 2  1  3  2  0.2141E-06
 2  1  3  2  0.2056E-06
 2  1  3  2  0.2684E-06
 2  1  4  2  0.9611E-07
 2  1  4  2  0.9421E-07
 2  1  4  2  0.9797E-07
 2  1  4  2  0.9246E-07
 2  1  4  2  0.9268E-07
 2  1  4  2  0.9069E-07
 2  1  4  2  0.9567E-07
 2  1  4  2  0.9237E-07
 2  1  4  2  0.9016E-07
 2  1  4  2  0.9006E-07
 2  1  5  2  0.7575E-07
 2  1  5  2  0.7499E-07
 2  1  5  2  0.7638E-07
 2  1  5  2  0.7404E-07
 2  1  5  2  0.7396E-07
 2  1  5  2  0.7358E-07
 2  1  5  2  0.7360E-07
 2  1  5  2  0.7381E-07
 2  1  5  2  0.7390E-07
 2  1  5  2  0.7261E-07
 2  1  6  2  0.5496E-07
 2  1  6  2  0.5459E-07
 2  1  6  2  0.5302E-07
 2  1  6  2  0.5285E-07
 2  1  6  2  0.5283E-07
 2  1  6  2  0.5284E-07
 2  1  6  2  0.5281E-07
 2  1  6  2  0.5260E-07
 2  1  6  2  0.5268E-07
 2  1  6  2  0.5292E-07
 2  1  7  2  0.5135E-07
 2  1  7  2  0.4911E-07
 2  1  7  2  0.4908E-07
 2  1  7  2  0.4915E-07
 2  1  7  2  0.4914E-07
 2  1  7  2  0.4912E-07
 2  1  7  2  0.4904E-07
 2  1  7  2  0.4895E-07
 2  1  7  2  0.4909E-07
 2  1  7  2  0.4932E-07
 2  1  8  2  0.4084E-07
 2  1  8  2  0.3945E-07
 2  1  8  2  0.3956E-07
 2  1  8  2  0.3948E-07
 2  1  8  2  0.3953E-07
 2  1  8  2  0.3946E-07
 2  1  8  2  0.3945E-07
 2  1  8  2  0.3941E-07
 2  1  8  2  0.3937E-07
 2  1  8  2  0.3941E-07
 2  1  9  2  0.4933E-07
 2  1  9  2  0.4842E-07
 2  1  9  2  0.4839E-07
 2  1  9  2  0.4833E-07
 2  1  9  2  0.4827E-07
 2  1  9  2  0.4835E-07
 2  1  9  2  0.4845E-07
 2  1  9  2  0.4835E-07
 2  1  9  2  0.4836E-07
 2  1  9  2  0.4837E-07
 2  1  10  2  0.5499E-07
 2  1  10  2  0.5415E-07
 2  1  10  2  0.5415E-07
 2  1  10  2  0.5407E-07
 2  1  10  2  0.5414E-07
 2  1  10  2  0.5440E-07
 2  1  10  2  0.5413E-07
 2  1  10  2  0.5418E-07
 2  1  10  2  0.5426E-07
 2  1  10  2  0.5488E-07
 2  1  11  2  0.5353E-07
 2  1  11  2  0.5277E-07
 2  1  11  2  0.5272E-07
 2  1  11  2  0.5267E-07
 2  1  11  2  0.5274E-07
 2  1  11  2  0.5273E-07
 2  1  11  2  0.5312E-07
 2  1  11  2  0.5279E-07
 2  1  11  2  0.5293E-07
 2  1  11  2  0.5263E-07
 2  1  12  2  0.4911E-07
 2  1  12  2  0.4827E-07
 2  1  12  2  0.4829E-07
 2  1  12  2  0.4817E-07
 2  1  12  2  0.4798E-07
 2  1  12  2  0.4799E-07
 2  1  12  2  0.4802E-07
 2  1  12  2  0.4794E-07
 2  1  12  2  0.4790E-07
 2  1  12  2  0.4779E-07
 2  1  13  2  0.5766E-07
 2  1  13  2  0.5676E-07
 2  1  13  2  0.5677E-07
 2  1  13  2  0.5679E-07
 2  1  13  2  0.5732E-07
 2  1  13  2  0.5706E-07
 2  1  13  2  0.5681E-07
 2  1  13  2  0.5659E-07
 2  1  13  2  0.5661E-07
 2  1  13  2  0.5650E-07
 2  1  14  2  0.5309E-07
 2  1  14  2  0.5333E-07
 2  1  14  2  0.5265E-07
 2  1  14  2  0.5257E-07
 2  1  14  2  0.5264E-07
 2  1  14  2  0.5280E-07
 2  1  14  2  0.5282E-07
 2  1  14  2  0.5283E-07
 2  1  14  2  0.5280E-07
 2  1  14  2  0.5306E-07
 2  1  15  2  0.6549E-07
 2  1  15  2  0.6482E-07
 2  1  15  2  0.6483E-07
 2  1  15  2  0.6483E-07
 2  1  15  2  0.6474E-07
 2  1  15  2  0.6473E-07
 2  1  15  2  0.6479E-07
 2  1  15  2  0.6486E-07
 2  1  15  2  0.6480E-07
 2  1  15  2  0.6475E-07
 2  1  16  2  0.6166E-07
 2  1  16  2  0.6119E-07
 2  1  16  2  0.6113E-07
 2  1  16  2  0.6115E-07
 2  1  16  2  0.6116E-07
 2  1  16  2  0.6115E-07
 2  1  16  2  0.6111E-07
 2  1  16  2  0.6194E-07
 2  1  16  2  0.6187E-07
 2  1  16  2  0.6191E-07
 2  1  17  2  0.8401E-07
 2  1  17  2  0.8462E-07
 2  1  17  2  0.8465E-07
 2  1  17  2  0.8459E-07
 2  1  17  2  0.8462E-07
 2  1  17  2  0.8460E-07
 2  1  17  2  0.8461E-07
 2  1  17  2  0.8461E-07
 2  1  17  2  0.8488E-07
 2  1  17  2  0.8502E-07
 2  1  18  2  0.8158E-07
 2  1  18  2  0.8240E-07
 2  1  18  2  0.8338E-07
 2  1  18  2  0.8335E-07
 2  1  18  2  0.8350E-07
 2  1  18  2  0.8337E-07
 2  1  18  2  0.8342E-07
 2  1  18  2  0.8336E-07
 2  1  18  2  0.8336E-07
 2  1  18  2  0.8340E-07
 2  1  19  2  0.8747E-07
 2  1  19  2  0.8730E-07
 2  1  19  2  0.8740E-07
 2  1  19  2  0.8724E-07
 2  1  19  2  0.8731E-07
 2  1  19  2  0.8731E-07
 2  1  19  2  0.8733E-07
 2  1  19  2  0.8732E-07
 2  1  19  2  0.8734E-07
 2  1  19  2  0.8730E-07
 2  1  20  2  0.8162E-07
 2  1  20  2  0.8109E-07
 2  1  20  2  0.8109E-07
 2  1  20  2  0.8111E-07
 2  1  20  2  0.8107E-07
 2  1  20  2  0.8117E-07
 2  1  20  2  0.8108E-07
 2  1  20  2  0.8108E-07
 2  1  20  2  0.8106E-07
 2  1  20  2  0.8149E-07
