 2  1  3  2  0.4989E-06
 2  1  3  2  0.3400E-06
 2  1  3  2  0.3459E-06
 2  1  3  2  0.3267E-06
 2  1  3  2  0.3341E-06
 2  1  3  2  0.3459E-06
 2  1  3  2  0.3326E-06
 2  1  3  2  0.3326E-06
 2  1  3  2  0.3267E-06
 2  1  3  2  0.3326E-06
 2  1  4  2  0.2421E-06
 2  1  4  2  0.1720E-06
 2  1  4  2  0.1720E-06
 2  1  4  2  0.1720E-06
 2  1  4  2  0.2241E-06
 2  1  4  2  0.1776E-06
 2  1  4  2  0.1770E-06
 2  1  4  2  0.1720E-06
 2  1  4  2  0.1720E-06
 2  1  4  2  0.1714E-06
 2  1  5  2  0.1599E-06
 2  1  5  2  0.1332E-06
 2  1  5  2  0.1319E-06
 2  1  5  2  0.1682E-06
 2  1  5  2  0.1373E-06
 2  1  5  2  0.1389E-06
 2  1  5  2  0.1373E-06
 2  1  5  2  0.1373E-06
 2  1  5  2  0.1361E-06
 2  1  5  2  0.1361E-06
 2  1  6  2  0.1142E-06
 2  1  6  2  0.1019E-06
 2  1  6  2  0.9345E-07
 2  1  6  2  0.9345E-07
 2  1  6  2  0.9345E-07
 2  1  6  2  0.1181E-06
 2  1  6  2  0.9401E-07
 2  1  6  2  0.9253E-07
 2  1  6  2  0.9180E-07
 2  1  6  2  0.9253E-07
 2  1  7  2  0.8932E-07
 2  1  7  2  0.1021E-06
 2  1  7  2  0.8445E-07
 2  1  7  2  0.8017E-07
 2  1  7  2  0.7913E-07
 2  1  7  2  0.7878E-07
 2  1  7  2  0.8897E-07
 2  1  7  2  0.7820E-07
 2  1  7  2  0.7727E-07
 2  1  7  2  0.7669E-07
 2  1  8  2  0.7652E-07
 2  1  8  2  0.6667E-07
 2  1  8  2  0.6543E-07
 2  1  8  2  0.6480E-07
 2  1  8  2  0.6574E-07
 2  1  8  2  0.6411E-07
 2  1  8  2  0.6380E-07
 2  1  8  2  0.7194E-07
 2  1  8  2  0.6473E-07
 2  1  8  2  0.6411E-07
 2  1  9  2  0.8640E-07
 2  1  9  2  0.7686E-07
 2  1  9  2  0.7844E-07
 2  1  9  2  0.7495E-07
 2  1  9  2  0.7222E-07
 2  1  9  2  0.7495E-07
 2  1  9  2  0.7206E-07
 2  1  9  2  0.7751E-07
 2  1  9  2  0.7429E-07
 2  1  9  2  0.7228E-07
 2  1  10  2  0.1128E-06
 2  1  10  2  0.1123E-06
 2  1  10  2  0.1107E-06
 2  1  10  2  0.1035E-06
 2  1  10  2  0.1055E-06
 2  1  10  2  0.1083E-06
 2  1  10  2  0.1032E-06
 2  1  10  2  0.1013E-06
 2  1  10  2  0.1050E-06
 2  1  10  2  0.1077E-06
 2  1  11  2  0.9353E-07
 2  1  11  2  0.8491E-07
 2  1  11  2  0.8852E-07
 2  1  11  2  0.9001E-07
 2  1  11  2  0.8903E-07
 2  1  11  2  0.8389E-07
 2  1  11  2  0.8455E-07
 2  1  11  2  0.8840E-07
 2  1  11  2  0.8918E-07
 2  1  11  2  0.8852E-07
 2  1  12  2  0.7977E-07
 2  1  12  2  0.7071E-07
 2  1  12  2  0.7078E-07
 2  1  12  2  0.7398E-07
 2  1  12  2  0.7398E-07
 2  1  12  2  0.7455E-07
 2  1  12  2  0.7398E-07
 2  1  12  2  0.7416E-07
 2  1  12  2  0.7398E-07
 2  1  12  2  0.7002E-07
 2  1  13  2  0.8815E-07
 2  1  13  2  0.8559E-07
 2  1  13  2  0.8654E-07
 2  1  13  2  0.8490E-07
 2  1  13  2  0.8437E-07
 2  1  13  2  0.8314E-07
 2  1  13  2  0.8642E-07
 2  1  13  2  0.8483E-07
 2  1  13  2  0.8369E-07
 2  1  13  2  0.8322E-07
 2  1  14  2  0.7884E-07
 2  1  14  2  0.7556E-07
 2  1  14  2  0.7332E-07
 2  1  14  2  0.7592E-07
 2  1  14  2  0.7380E-07
 2  1  14  2  0.7380E-07
 2  1  14  2  0.7532E-07
 2  1  14  2  0.7356E-07
 2  1  14  2  0.7283E-07
 2  1  14  2  0.7362E-07
 2  1  15  2  0.7921E-07
 2  1  15  2  0.7571E-07
 2  1  15  2  0.7897E-07
 2  1  15  2  0.7742E-07
 2  1  15  2  0.7580E-07
 2  1  15  2  0.7768E-07
 2  1  15  2  0.7817E-07
 2  1  15  2  0.7555E-07
 2  1  15  2  0.7614E-07
 2  1  15  2  0.7852E-07
 2  1  16  2  0.8434E-07
 2  1  16  2  0.8236E-07
 2  1  16  2  0.8200E-07
 2  1  16  2  0.8174E-07
 2  1  16  2  0.8159E-07
 2  1  16  2  0.9005E-07
 2  1  16  2  0.8093E-07
 2  1  16  2  0.8326E-07
 2  1  16  2  0.8186E-07
 2  1  16  2  0.8175E-07
 2  1  17  2  0.9597E-07
 2  1  17  2  0.9376E-07
 2  1  17  2  0.9251E-07
 2  1  17  2  0.9342E-07
 2  1  17  2  0.9386E-07
 2  1  17  2  0.9149E-07
 2  1  17  2  0.9197E-07
 2  1  17  2  0.9182E-07
 2  1  17  2  0.9356E-07
 2  1  17  2  0.9352E-07
 2  1  18  2  0.9608E-07
 2  1  18  2  0.9505E-07
 2  1  18  2  0.9419E-07
 2  1  18  2  0.9451E-07
 2  1  18  2  0.9559E-07
 2  1  18  2  0.9582E-07
 2  1  18  2  0.9562E-07
 2  1  18  2  0.9491E-07
 2  1  18  2  0.9622E-07
 2  1  18  2  0.9442E-07
 2  1  19  2  0.1070E-06
 2  1  19  2  0.1056E-06
 2  1  19  2  0.1058E-06
 2  1  19  2  0.1053E-06
 2  1  19  2  0.1055E-06
 2  1  19  2  0.1056E-06
 2  1  19  2  0.1057E-06
 2  1  19  2  0.1053E-06
 2  1  19  2  0.1057E-06
 2  1  19  2  0.1052E-06
 2  1  20  2  0.1035E-06
 2  1  20  2  0.1018E-06
 2  1  20  2  0.1011E-06
 2  1  20  2  0.1013E-06
 2  1  20  2  0.1009E-06
 2  1  20  2  0.1012E-06
 2  1  20  2  0.1011E-06
 2  1  20  2  0.1011E-06
 2  1  20  2  0.1010E-06
 2  1  20  2  0.1011E-06
