 2  1  3  2  0.3241E-07
 2  1  3  2  0.3395E-07
 2  1  3  2  0.3357E-07
 2  1  3  2  0.3173E-07
 2  1  3  2  0.3258E-07
 2  1  3  2  0.3142E-07
 2  1  3  2  0.3401E-07
 2  1  3  2  0.3167E-07
 2  1  3  2  0.3272E-07
 2  1  3  2  0.3258E-07
 2  1  4  2  0.3961E-07
 2  1  4  2  0.4092E-07
 2  1  4  2  0.4018E-07
 2  1  4  2  0.3977E-07
 2  1  4  2  0.3932E-07
 2  1  4  2  0.3841E-07
 2  1  4  2  0.3909E-07
 2  1  4  2  0.3844E-07
 2  1  4  2  0.3789E-07
 2  1  4  2  0.3877E-07
 2  1  5  2  0.9617E-07
 2  1  5  2  0.5809E-07
 2  1  5  2  0.5695E-07
 2  1  5  2  0.5567E-07
 2  1  5  2  0.5531E-07
 2  1  5  2  0.5559E-07
 2  1  5  2  0.5533E-07
 2  1  5  2  0.5495E-07
 2  1  5  2  0.5504E-07
 2  1  5  2  0.5503E-07
 2  1  6  2  0.5906E-07
 2  1  6  2  0.6053E-07
 2  1  6  2  0.5919E-07
 2  1  6  2  0.5872E-07
 2  1  6  2  0.5906E-07
 2  1  6  2  0.5900E-07
 2  1  6  2  0.5843E-07
 2  1  6  2  0.5825E-07
 2  1  6  2  0.5816E-07
 2  1  6  2  0.5829E-07
 2  1  7  2  0.6199E-07
 2  1  7  2  0.5302E-07
 2  1  7  2  0.5285E-07
 2  1  7  2  0.5283E-07
 2  1  7  2  0.5281E-07
 2  1  7  2  0.5272E-07
 2  1  7  2  0.5269E-07
 2  1  7  2  0.5298E-07
 2  1  7  2  0.5278E-07
 2  1  7  2  0.5259E-07
 2  1  8  2  0.4361E-07
 2  1  8  2  0.4241E-07
 2  1  8  2  0.4232E-07
 2  1  8  2  0.4225E-07
 2  1  8  2  0.4228E-07
 2  1  8  2  0.4222E-07
 2  1  8  2  0.4214E-07
 2  1  8  2  0.4212E-07
 2  1  8  2  0.4221E-07
 2  1  8  2  0.4212E-07
 2  1  9  2  0.5309E-07
 2  1  9  2  0.5219E-07
 2  1  9  2  0.5208E-07
 2  1  9  2  0.5220E-07
 2  1  9  2  0.5228E-07
 2  1  9  2  0.5215E-07
 2  1  9  2  0.5207E-07
 2  1  9  2  0.5204E-07
 2  1  9  2  0.5208E-07
 2  1  9  2  0.5223E-07
 2  1  10  2  0.5802E-07
 2  1  10  2  0.5660E-07
 2  1  10  2  0.5650E-07
 2  1  10  2  0.5658E-07
 2  1  10  2  0.5659E-07
 2  1  10  2  0.5665E-07
 2  1  10  2  0.5657E-07
 2  1  10  2  0.5650E-07
 2  1  10  2  0.5653E-07
 2  1  10  2  0.5657E-07
 2  1  11  2  0.5748E-07
 2  1  11  2  0.5668E-07
 2  1  11  2  0.5680E-07
 2  1  11  2  0.5675E-07
 2  1  11  2  0.5671E-07
 2  1  11  2  0.5671E-07
 2  1  11  2  0.5687E-07
 2  1  11  2  0.5679E-07
 2  1  11  2  0.5666E-07
 2  1  11  2  0.5688E-07
 2  1  12  2  0.5088E-07
 2  1  12  2  0.5084E-07
 2  1  12  2  0.5065E-07
 2  1  12  2  0.5083E-07
 2  1  12  2  0.5072E-07
 2  1  12  2  0.5099E-07
 2  1  12  2  0.5070E-07
 2  1  12  2  0.5134E-07
 2  1  12  2  0.5090E-07
 2  1  12  2  0.5079E-07
 2  1  13  2  0.6059E-07
 2  1  13  2  0.6028E-07
 2  1  13  2  0.6034E-07
 2  1  13  2  0.6003E-07
 2  1  13  2  0.6031E-07
 2  1  13  2  0.6035E-07
 2  1  13  2  0.6031E-07
 2  1  13  2  0.6051E-07
 2  1  13  2  0.6014E-07
 2  1  13  2  0.6127E-07
 2  1  14  2  0.5740E-07
 2  1  14  2  0.5726E-07
 2  1  14  2  0.5734E-07
 2  1  14  2  0.5722E-07
 2  1  14  2  0.5721E-07
 2  1  14  2  0.5710E-07
 2  1  14  2  0.5728E-07
 2  1  14  2  0.5708E-07
 2  1  14  2  0.5700E-07
 2  1  14  2  0.5719E-07
 2  1  15  2  0.6880E-07
 2  1  15  2  0.6842E-07
 2  1  15  2  0.6851E-07
 2  1  15  2  0.6849E-07
 2  1  15  2  0.6844E-07
 2  1  15  2  0.6857E-07
 2  1  15  2  0.6851E-07
 2  1  15  2  0.6852E-07
 2  1  15  2  0.6851E-07
 2  1  15  2  0.6851E-07
 2  1  16  2  0.6573E-07
 2  1  16  2  0.6524E-07
 2  1  16  2  0.6531E-07
 2  1  16  2  0.6545E-07
 2  1  16  2  0.6518E-07
 2  1  16  2  0.6519E-07
 2  1  16  2  0.6569E-07
 2  1  16  2  0.6889E-07
 2  1  16  2  0.6888E-07
 2  1  16  2  0.6877E-07
 2  1  17  2  0.8927E-07
 2  1  17  2  0.8957E-07
 2  1  17  2  0.8953E-07
 2  1  17  2  0.8950E-07
 2  1  17  2  0.8949E-07
 2  1  17  2  0.8947E-07
 2  1  17  2  0.8946E-07
 2  1  17  2  0.8954E-07
 2  1  17  2  0.8948E-07
 2  1  17  2  0.8949E-07
 2  1  18  2  0.8354E-07
 2  1  18  2  0.8344E-07
 2  1  18  2  0.8490E-07
 2  1  18  2  0.8504E-07
 2  1  18  2  0.8500E-07
 2  1  18  2  0.8534E-07
 2  1  18  2  0.8525E-07
 2  1  18  2  0.8528E-07
 2  1  18  2  0.8530E-07
 2  1  18  2  0.8522E-07
 2  1  19  2  0.8970E-07
 2  1  19  2  0.8908E-07
 2  1  19  2  0.8908E-07
 2  1  19  2  0.8920E-07
 2  1  19  2  0.8908E-07
 2  1  19  2  0.8907E-07
 2  1  19  2  0.8905E-07
 2  1  19  2  0.8913E-07
 2  1  19  2  0.8908E-07
 2  1  19  2  0.8919E-07
 2  1  20  2  0.8529E-07
 2  1  20  2  0.8505E-07
 2  1  20  2  0.8501E-07
 2  1  20  2  0.8500E-07
 2  1  20  2  0.8498E-07
 2  1  20  2  0.8514E-07
 2  1  20  2  0.8501E-07
 2  1  20  2  0.8503E-07
 2  1  20  2  0.8503E-07
 2  1  20  2  0.8500E-07
