 2  32  3  64  0.4053E-07
 2  32  3  64  0.3755E-07
 2  32  3  64  0.3724E-07
 2  32  3  64  0.3904E-07
 2  32  3  64  0.3721E-07
 2  32  3  64  0.3724E-07
 2  32  3  64  0.3753E-07
 2  32  3  64  0.3763E-07
 2  32  3  64  0.3917E-07
 2  32  3  64  0.3724E-07
 2  32  4  64  0.1826E-07
 2  32  4  64  0.1727E-07
 2  32  4  64  0.1708E-07
 2  32  4  64  0.1701E-07
 2  32  4  64  0.1700E-07
 2  32  4  64  0.1703E-07
 2  32  4  64  0.1713E-07
 2  32  4  64  0.1693E-07
 2  32  4  64  0.1697E-07
 2  32  4  64  0.1695E-07
 2  32  5  64  0.1103E-07
 2  32  5  64  0.1041E-07
 2  32  5  64  0.1049E-07
 2  32  5  64  0.1013E-07
 2  32  5  64  0.1014E-07
 2  32  5  64  0.1008E-07
 2  32  5  64  0.1059E-07
 2  32  5  64  0.1046E-07
 2  32  5  64  0.1053E-07
 2  32  5  64  0.1037E-07
 2  32  6  64  0.7380E-08
 2  32  6  64  0.6886E-08
 2  32  6  64  0.6835E-08
 2  32  6  64  0.6827E-08
 2  32  6  64  0.6995E-08
 2  32  6  64  0.6826E-08
 2  32  6  64  0.6820E-08
 2  32  6  64  0.6794E-08
 2  32  6  64  0.6824E-08
 2  32  6  64  0.6784E-08
 2  32  7  64  0.5403E-08
 2  32  7  64  0.5187E-08
 2  32  7  64  0.5106E-08
 2  32  7  64  0.5152E-08
 2  32  7  64  0.5082E-08
 2  32  7  64  0.5081E-08
 2  32  7  64  0.5058E-08
 2  32  7  64  0.5184E-08
 2  32  7  64  0.5146E-08
 2  32  7  64  0.5087E-08
 2  32  8  64  0.5250E-08
 2  32  8  64  0.4933E-08
 2  32  8  64  0.4959E-08
 2  32  8  64  0.4917E-08
 2  32  8  64  0.4926E-08
 2  32  8  64  0.4938E-08
 2  32  8  64  0.4944E-08
 2  32  8  64  0.4885E-08
 2  32  8  64  0.4934E-08
 2  32  8  64  0.4916E-08
 2  32  9  64  0.4509E-08
 2  32  9  64  0.4320E-08
 2  32  9  64  0.4332E-08
 2  32  9  64  0.4386E-08
 2  32  9  64  0.4307E-08
 2  32  9  64  0.4296E-08
 2  32  9  64  0.4299E-08
 2  32  9  64  0.4314E-08
 2  32  9  64  0.4298E-08
 2  32  9  64  0.4313E-08
 2  32  10  64  0.4030E-08
 2  32  10  64  0.3958E-08
 2  32  10  64  0.3924E-08
 2  32  10  64  0.3912E-08
 2  32  10  64  0.3915E-08
 2  32  10  64  0.3897E-08
 2  32  10  64  0.3883E-08
 2  32  10  64  0.3926E-08
 2  32  10  64  0.3963E-08
 2  32  10  64  0.3908E-08
 2  32  11  64  0.3396E-08
 2  32  11  64  0.3241E-08
 2  32  11  64  0.3216E-08
 2  32  11  64  0.3222E-08
 2  32  11  64  0.3221E-08
 2  32  11  64  0.3216E-08
 2  32  11  64  0.3240E-08
 2  32  11  64  0.3225E-08
 2  32  11  64  0.3216E-08
 2  32  11  64  0.3220E-08
 2  32  12  64  0.2852E-08
 2  32  12  64  0.2739E-08
 2  32  12  64  0.2743E-08
 2  32  12  64  0.2757E-08
 2  32  12  64  0.2758E-08
 2  32  12  64  0.2739E-08
 2  32  12  64  0.2741E-08
 2  32  12  64  0.2740E-08
 2  32  12  64  0.2835E-08
 2  32  12  64  0.2747E-08
 2  32  13  64  0.3212E-08
 2  32  13  64  0.3142E-08
 2  32  13  64  0.3138E-08
 2  32  13  64  0.3152E-08
 2  32  13  64  0.3156E-08
 2  32  13  64  0.3137E-08
 2  32  13  64  0.3167E-08
 2  32  13  64  0.3138E-08
 2  32  13  64  0.3133E-08
 2  32  13  64  0.3156E-08
 2  32  14  64  0.3262E-08
 2  32  14  64  0.3164E-08
 2  32  14  64  0.3163E-08
 2  32  14  64  0.3168E-08
 2  32  14  64  0.3169E-08
 2  32  14  64  0.3170E-08
 2  32  14  64  0.3164E-08
 2  32  14  64  0.3161E-08
 2  32  14  64  0.3165E-08
 2  32  14  64  0.3181E-08
 2  32  15  64  0.3626E-08
 2  32  15  64  0.3510E-08
 2  32  15  64  0.3509E-08
 2  32  15  64  0.3514E-08
 2  32  15  64  0.3504E-08
 2  32  15  64  0.3509E-08
 2  32  15  64  0.3505E-08
 2  32  15  64  0.3499E-08
 2  32  15  64  0.3508E-08
 2  32  15  64  0.3505E-08
 2  32  16  64  0.3420E-08
 2  32  16  64  0.3328E-08
 2  32  16  64  0.3330E-08
 2  32  16  64  0.3316E-08
 2  32  16  64  0.3324E-08
 2  32  16  64  0.3346E-08
 2  32  16  64  0.3338E-08
 2  32  16  64  0.3335E-08
 2  32  16  64  0.3326E-08
 2  32  16  64  0.3334E-08
 2  32  17  64  0.4098E-08
 2  32  17  64  0.3954E-08
 2  32  17  64  0.3954E-08
 2  32  17  64  0.3949E-08
 2  32  17  64  0.3952E-08
 2  32  17  64  0.3953E-08
 2  32  17  64  0.3945E-08
 2  32  17  64  0.3947E-08
 2  32  17  64  0.3950E-08
 2  32  17  64  0.3954E-08
 2  32  18  64  0.3708E-08
 2  32  18  64  0.3674E-08
 2  32  18  64  0.3677E-08
 2  32  18  64  0.3677E-08
 2  32  18  64  0.3674E-08
 2  32  18  64  0.3671E-08
 2  32  18  64  0.3678E-08
 2  32  18  64  0.3676E-08
 2  32  18  64  0.3685E-08
 2  32  18  64  0.3680E-08
 2  32  19  64  0.3862E-08
 2  32  19  64  0.3753E-08
 2  32  19  64  0.3760E-08
 2  32  19  64  0.3760E-08
 2  32  19  64  0.3765E-08
 2  32  19  64  0.3757E-08
 2  32  19  64  0.3758E-08
 2  32  19  64  0.3754E-08
 2  32  19  64  0.3753E-08
 2  32  19  64  0.3757E-08
 2  32  20  64  0.3561E-08
 2  32  20  64  0.3544E-08
 2  32  20  64  0.3541E-08
 2  32  20  64  0.3539E-08
 2  32  20  64  0.3540E-08
 2  32  20  64  0.3538E-08
 2  32  20  64  0.3535E-08
 2  32  20  64  0.3536E-08
 2  32  20  64  0.3540E-08
 2  32  20  64  0.3531E-08
