 2  8  3  16  0.3633E-06
 2  8  3  16  0.1582E-06
 2  8  3  16  0.1087E-06
 2  8  3  16  0.2493E-06
 2  8  3  16  0.2314E-06
 2  8  3  16  0.1606E-06
 2  8  3  16  0.1727E-06
 2  8  3  16  0.9805E-07
 2  8  3  16  0.1003E-06
 2  8  3  16  0.9272E-07
 2  8  4  16  0.7769E-07
 2  8  4  16  0.7783E-07
 2  8  4  16  0.7726E-07
 2  8  4  16  0.7815E-07
 2  8  4  16  0.8018E-07
 2  8  4  16  0.7715E-07
 2  8  4  16  0.7918E-07
 2  8  4  16  0.7801E-07
 2  8  4  16  0.7803E-07
 2  8  4  16  0.7828E-07
 2  8  5  16  0.6950E-07
 2  8  5  16  0.4133E-07
 2  8  5  16  0.4299E-07
 2  8  5  16  0.4117E-07
 2  8  5  16  0.3783E-07
 2  8  5  16  0.5118E-07
 2  8  5  16  0.4164E-07
 2  8  5  16  0.5333E-07
 2  8  5  16  0.5170E-07
 2  8  5  16  0.4168E-07
 2  8  6  16  0.4330E-07
 2  8  6  16  0.3201E-07
 2  8  6  16  0.4022E-07
 2  8  6  16  0.3424E-07
 2  8  6  16  0.4033E-07
 2  8  6  16  0.3173E-07
 2  8  6  16  0.3424E-07
 2  8  6  16  0.3327E-07
 2  8  6  16  0.3261E-07
 2  8  6  16  0.2893E-07
 2  8  7  16  0.3558E-07
 2  8  7  16  0.2369E-07
 2  8  7  16  0.2259E-07
 2  8  7  16  0.1810E-07
 2  8  7  16  0.2485E-07
 2  8  7  16  0.3208E-07
 2  8  7  16  0.3195E-07
 2  8  7  16  0.2339E-07
 2  8  7  16  0.2618E-07
 2  8  7  16  0.2831E-07
 2  8  8  16  0.2267E-07
 2  8  8  16  0.2083E-07
 2  8  8  16  0.1904E-07
 2  8  8  16  0.1945E-07
 2  8  8  16  0.1819E-07
 2  8  8  16  0.1973E-07
 2  8  8  16  0.1832E-07
 2  8  8  16  0.1958E-07
 2  8  8  16  0.2222E-07
 2  8  8  16  0.1969E-07
 2  8  9  16  0.1989E-07
 2  8  9  16  0.1726E-07
 2  8  9  16  0.1892E-07
 2  8  9  16  0.1795E-07
 2  8  9  16  0.1684E-07
 2  8  9  16  0.1806E-07
 2  8  9  16  0.1738E-07
 2  8  9  16  0.1632E-07
 2  8  9  16  0.2140E-07
 2  8  9  16  0.2229E-07
 2  8  10  16  0.2163E-07
 2  8  10  16  0.2032E-07
 2  8  10  16  0.2133E-07
 2  8  10  16  0.1983E-07
 2  8  10  16  0.1996E-07
 2  8  10  16  0.1987E-07
 2  8  10  16  0.2004E-07
 2  8  10  16  0.2000E-07
 2  8  10  16  0.1977E-07
 2  8  10  16  0.1955E-07
 2  8  11  16  0.2017E-07
 2  8  11  16  0.1763E-07
 2  8  11  16  0.1750E-07
 2  8  11  16  0.1750E-07
 2  8  11  16  0.1748E-07
 2  8  11  16  0.1823E-07
 2  8  11  16  0.1735E-07
 2  8  11  16  0.1789E-07
 2  8  11  16  0.1735E-07
 2  8  11  16  0.2110E-07
 2  8  12  16  0.1025E-07
 2  8  12  16  0.1021E-07
 2  8  12  16  0.1031E-07
 2  8  12  16  0.1020E-07
 2  8  12  16  0.1019E-07
 2  8  12  16  0.1018E-07
 2  8  12  16  0.1019E-07
 2  8  12  16  0.1017E-07
 2  8  12  16  0.1018E-07
 2  8  12  16  0.1018E-07
 2  8  13  16  0.1081E-07
 2  8  13  16  0.1084E-07
 2  8  13  16  0.1095E-07
 2  8  13  16  0.1096E-07
 2  8  13  16  0.1096E-07
 2  8  13  16  0.1094E-07
 2  8  13  16  0.1093E-07
 2  8  13  16  0.1096E-07
 2  8  13  16  0.1097E-07
 2  8  13  16  0.1096E-07
 2  8  14  16  0.9861E-08
 2  8  14  16  0.9837E-08
 2  8  14  16  0.9851E-08
 2  8  14  16  0.9844E-08
 2  8  14  16  0.9950E-08
 2  8  14  16  0.9915E-08
 2  8  14  16  0.9856E-08
 2  8  14  16  0.9882E-08
 2  8  14  16  0.9875E-08
 2  8  14  16  0.9983E-08
 2  8  15  16  0.1029E-07
 2  8  15  16  0.1031E-07
 2  8  15  16  0.1026E-07
 2  8  15  16  0.1027E-07
 2  8  15  16  0.1026E-07
 2  8  15  16  0.1029E-07
 2  8  15  16  0.1026E-07
 2  8  15  16  0.1028E-07
 2  8  15  16  0.1027E-07
 2  8  15  16  0.1028E-07
 2  8  16  16  0.9700E-08
 2  8  16  16  0.9704E-08
 2  8  16  16  0.9717E-08
 2  8  16  16  0.9705E-08
 2  8  16  16  0.9709E-08
 2  8  16  16  0.9709E-08
 2  8  16  16  0.9693E-08
 2  8  16  16  0.9695E-08
 2  8  16  16  0.9716E-08
 2  8  16  16  0.9688E-08
 2  8  17  16  0.1130E-07
 2  8  17  16  0.1128E-07
 2  8  17  16  0.1128E-07
 2  8  17  16  0.1128E-07
 2  8  17  16  0.1129E-07
 2  8  17  16  0.1127E-07
 2  8  17  16  0.1127E-07
 2  8  17  16  0.1129E-07
 2  8  17  16  0.1129E-07
 2  8  17  16  0.1128E-07
 2  8  18  16  0.1065E-07
 2  8  18  16  0.1063E-07
 2  8  18  16  0.1064E-07
 2  8  18  16  0.1064E-07
 2  8  18  16  0.1064E-07
 2  8  18  16  0.1066E-07
 2  8  18  16  0.1063E-07
 2  8  18  16  0.1063E-07
 2  8  18  16  0.1062E-07
 2  8  18  16  0.1063E-07
 2  8  19  16  0.1148E-07
 2  8  19  16  0.1144E-07
 2  8  19  16  0.1145E-07
 2  8  19  16  0.1148E-07
 2  8  19  16  0.1149E-07
 2  8  19  16  0.1150E-07
 2  8  19  16  0.1149E-07
 2  8  19  16  0.1148E-07
 2  8  19  16  0.1149E-07
 2  8  19  16  0.1149E-07
 2  8  20  16  0.1101E-07
 2  8  20  16  0.1098E-07
 2  8  20  16  0.1098E-07
 2  8  20  16  0.1098E-07
 2  8  20  16  0.1098E-07
 2  8  20  16  0.1099E-07
 2  8  20  16  0.1098E-07
 2  8  20  16  0.1098E-07
 2  8  20  16  0.1097E-07
 2  8  20  16  0.1097E-07
