 2  16  3  32  0.1266E-06
 2  16  3  32  0.4590E-07
 2  16  3  32  0.4516E-07
 2  16  3  32  0.4314E-07
 2  16  3  32  0.4010E-07
 2  16  3  32  0.3891E-07
 2  16  3  32  0.5096E-07
 2  16  3  32  0.4277E-07
 2  16  3  32  0.3937E-07
 2  16  3  32  0.4204E-07
 2  16  4  32  0.7959E-07
 2  16  4  32  0.1773E-07
 2  16  4  32  0.1676E-07
 2  16  4  32  0.1595E-07
 2  16  4  32  0.2002E-07
 2  16  4  32  0.1890E-07
 2  16  4  32  0.1789E-07
 2  16  4  32  0.1579E-07
 2  16  4  32  0.1381E-07
 2  16  4  32  0.1595E-07
 2  16  5  32  0.4383E-07
 2  16  5  32  0.1150E-07
 2  16  5  32  0.1109E-07
 2  16  5  32  0.1317E-07
 2  16  5  32  0.1075E-07
 2  16  5  32  0.1065E-07
 2  16  5  32  0.1109E-07
 2  16  5  32  0.1091E-07
 2  16  5  32  0.1083E-07
 2  16  5  32  0.1067E-07
 2  16  6  32  0.2484E-07
 2  16  6  32  0.8290E-08
 2  16  6  32  0.7910E-08
 2  16  6  32  0.7956E-08
 2  16  6  32  0.8830E-08
 2  16  6  32  0.7623E-08
 2  16  6  32  0.7577E-08
 2  16  6  32  0.7474E-08
 2  16  6  32  0.8830E-08
 2  16  6  32  0.7566E-08
 2  16  7  32  0.1536E-07
 2  16  7  32  0.8225E-08
 2  16  7  32  0.7349E-08
 2  16  7  32  0.6958E-08
 2  16  7  32  0.6864E-08
 2  16  7  32  0.7045E-08
 2  16  7  32  0.6893E-08
 2  16  7  32  0.6683E-08
 2  16  7  32  0.7436E-08
 2  16  7  32  0.6770E-08
 2  16  8  32  0.2536E-08
 2  16  8  32  0.2459E-08
 2  16  8  32  0.2459E-08
 2  16  8  32  0.2451E-08
 2  16  8  32  0.2449E-08
 2  16  8  32  0.2465E-08
 2  16  8  32  0.2484E-08
 2  16  8  32  0.2442E-08
 2  16  8  32  0.2451E-08
 2  16  8  32  0.2441E-08
 2  16  9  32  0.3135E-08
 2  16  9  32  0.3100E-08
 2  16  9  32  0.3103E-08
 2  16  9  32  0.3110E-08
 2  16  9  32  0.3104E-08
 2  16  9  32  0.3109E-08
 2  16  9  32  0.3097E-08
 2  16  9  32  0.3112E-08
 2  16  9  32  0.3094E-08
 2  16  9  32  0.3099E-08
 2  16  10  32  0.3540E-08
 2  16  10  32  0.3478E-08
 2  16  10  32  0.3518E-08
 2  16  10  32  0.3497E-08
 2  16  10  32  0.3499E-08
 2  16  10  32  0.3490E-08
 2  16  10  32  0.3493E-08
 2  16  10  32  0.3492E-08
 2  16  10  32  0.3538E-08
 2  16  10  32  0.3643E-08
 2  16  11  32  0.3499E-08
 2  16  11  32  0.3439E-08
 2  16  11  32  0.3445E-08
 2  16  11  32  0.3444E-08
 2  16  11  32  0.3438E-08
 2  16  11  32  0.3439E-08
 2  16  11  32  0.3483E-08
 2  16  11  32  0.3539E-08
 2  16  11  32  0.3450E-08
 2  16  11  32  0.3445E-08
 2  16  12  32  0.3600E-08
 2  16  12  32  0.3578E-08
 2  16  12  32  0.3569E-08
 2  16  12  32  0.3581E-08
 2  16  12  32  0.3567E-08
 2  16  12  32  0.3562E-08
 2  16  12  32  0.3573E-08
 2  16  12  32  0.3580E-08
 2  16  12  32  0.3574E-08
 2  16  12  32  0.3568E-08
 2  16  13  32  0.4166E-08
 2  16  13  32  0.4134E-08
 2  16  13  32  0.4130E-08
 2  16  13  32  0.4139E-08
 2  16  13  32  0.4157E-08
 2  16  13  32  0.4152E-08
 2  16  13  32  0.4168E-08
 2  16  13  32  0.4144E-08
 2  16  13  32  0.4145E-08
 2  16  13  32  0.4142E-08
 2  16  14  32  0.3883E-08
 2  16  14  32  0.3855E-08
 2  16  14  32  0.3854E-08
 2  16  14  32  0.3901E-08
 2  16  14  32  0.3897E-08
 2  16  14  32  0.3880E-08
 2  16  14  32  0.3903E-08
 2  16  14  32  0.3909E-08
 2  16  14  32  0.3892E-08
 2  16  14  32  0.3896E-08
 2  16  15  32  0.4305E-08
 2  16  15  32  0.4274E-08
 2  16  15  32  0.4268E-08
 2  16  15  32  0.4277E-08
 2  16  15  32  0.4279E-08
 2  16  15  32  0.4269E-08
 2  16  15  32  0.4278E-08
 2  16  15  32  0.4268E-08
 2  16  15  32  0.4279E-08
 2  16  15  32  0.4274E-08
 2  16  16  32  0.4191E-08
 2  16  16  32  0.4168E-08
 2  16  16  32  0.4174E-08
 2  16  16  32  0.4182E-08
 2  16  16  32  0.4177E-08
 2  16  16  32  0.4189E-08
 2  16  16  32  0.4180E-08
 2  16  16  32  0.4173E-08
 2  16  16  32  0.4182E-08
 2  16  16  32  0.4182E-08
 2  16  17  32  0.5114E-08
 2  16  17  32  0.5027E-08
 2  16  17  32  0.5019E-08
 2  16  17  32  0.5025E-08
 2  16  17  32  0.5021E-08
 2  16  17  32  0.5019E-08
 2  16  17  32  0.5023E-08
 2  16  17  32  0.5031E-08
 2  16  17  32  0.5023E-08
 2  16  17  32  0.5021E-08
 2  16  18  32  0.4742E-08
 2  16  18  32  0.4721E-08
 2  16  18  32  0.4726E-08
 2  16  18  32  0.4716E-08
 2  16  18  32  0.4709E-08
 2  16  18  32  0.4721E-08
 2  16  18  32  0.4721E-08
 2  16  18  32  0.4716E-08
 2  16  18  32  0.4719E-08
 2  16  18  32  0.4720E-08
 2  16  19  32  0.5242E-08
 2  16  19  32  0.5229E-08
 2  16  19  32  0.5239E-08
 2  16  19  32  0.5232E-08
 2  16  19  32  0.5227E-08
 2  16  19  32  0.5226E-08
 2  16  19  32  0.5225E-08
 2  16  19  32  0.5240E-08
 2  16  19  32  0.5256E-08
 2  16  19  32  0.5225E-08
 2  16  20  32  0.5079E-08
 2  16  20  32  0.5071E-08
 2  16  20  32  0.5075E-08
 2  16  20  32  0.5075E-08
 2  16  20  32  0.5076E-08
 2  16  20  32  0.5080E-08
 2  16  20  32  0.5079E-08
 2  16  20  32  0.5079E-08
 2  16  20  32  0.5070E-08
 2  16  20  32  0.5074E-08
