 2  1  3  2  0.2060E-06
 2  1  3  2  0.3709E-06
 2  1  3  2  0.3635E-06
 2  1  3  2  0.3517E-06
 2  1  3  2  0.3532E-06
 2  1  3  2  0.3517E-06
 2  1  3  2  0.3517E-06
 2  1  3  2  0.3517E-06
 2  1  3  2  0.4577E-06
 2  1  3  2  0.3517E-06
 2  1  4  2  0.7997E-07
 2  1  4  2  0.2186E-06
 2  1  4  2  0.2167E-06
 2  1  4  2  0.2707E-06
 2  1  4  2  0.2210E-06
 2  1  4  2  0.1925E-06
 2  1  4  2  0.1900E-06
 2  1  4  2  0.1875E-06
 2  1  4  2  0.1850E-06
 2  1  4  2  0.1850E-06
 2  1  5  2  0.6419E-07
 2  1  5  2  0.1507E-06
 2  1  5  2  0.1507E-06
 2  1  5  2  0.1748E-06
 2  1  5  2  0.1469E-06
 2  1  5  2  0.1402E-06
 2  1  5  2  0.1389E-06
 2  1  5  2  0.1361E-06
 2  1  5  2  0.1348E-06
 2  1  5  2  0.1373E-06
 2  1  6  2  0.4660E-07
 2  1  6  2  0.5237E-07
 2  1  6  2  0.1164E-06
 2  1  6  2  0.1080E-06
 2  1  6  2  0.1034E-06
 2  1  6  2  0.1087E-06
 2  1  6  2  0.1027E-06
 2  1  6  2  0.1010E-06
 2  1  6  2  0.9953E-07
 2  1  6  2  0.9787E-07
 2  1  7  2  0.4386E-07
 2  1  7  2  0.4441E-07
 2  1  7  2  0.1025E-06
 2  1  7  2  0.9233E-07
 2  1  7  2  0.8839E-07
 2  1  7  2  0.1010E-06
 2  1  7  2  0.9233E-07
 2  1  7  2  0.8596E-07
 2  1  7  2  0.8399E-07
 2  1  7  2  0.9477E-07
 2  1  8  2  0.3803E-07
 2  1  8  2  0.3751E-07
 2  1  8  2  0.4688E-07
 2  1  8  2  0.8460E-07
 2  1  8  2  0.7357E-07
 2  1  8  2  0.7132E-07
 2  1  8  2  0.7000E-07
 2  1  8  2  0.7063E-07
 2  1  8  2  0.6969E-07
 2  1  8  2  0.6737E-07
 2  1  9  2  0.4636E-07
 2  1  9  2  0.4585E-07
 2  1  9  2  0.4631E-07
 2  1  9  2  0.9103E-07
 2  1  9  2  0.8116E-07
 2  1  9  2  0.8411E-07
 2  1  9  2  0.8002E-07
 2  1  9  2  0.7615E-07
 2  1  9  2  0.8024E-07
 2  1  9  2  0.7544E-07
 2  1  10  2  0.5460E-07
 2  1  10  2  0.5301E-07
 2  1  10  2  0.5283E-07
 2  1  10  2  0.6121E-07
 2  1  10  2  0.1169E-06
 2  1  10  2  0.1163E-06
 2  1  10  2  0.1092E-06
 2  1  10  2  0.1147E-06
 2  1  10  2  0.1107E-06
 2  1  10  2  0.1142E-06
 2  1  11  2  0.5455E-07
 2  1  11  2  0.5248E-07
 2  1  11  2  0.5252E-07
 2  1  11  2  0.5252E-07
 2  1  11  2  0.9067E-07
 2  1  11  2  0.8515E-07
 2  1  11  2  0.8628E-07
 2  1  11  2  0.9028E-07
 2  1  11  2  0.9165E-07
 2  1  11  2  0.9055E-07
 2  1  12  2  0.5441E-07
 2  1  12  2  0.5222E-07
 2  1  12  2  0.5211E-07
 2  1  12  2  0.5210E-07
 2  1  12  2  0.5264E-07
 2  1  12  2  0.7630E-07
 2  1  12  2  0.7579E-07
 2  1  12  2  0.7543E-07
 2  1  12  2  0.7492E-07
 2  1  12  2  0.7050E-07
 2  1  13  2  0.6181E-07
 2  1  13  2  0.6009E-07
 2  1  13  2  0.6019E-07
 2  1  13  2  0.6010E-07
 2  1  13  2  0.6013E-07
 2  1  13  2  0.6244E-07
 2  1  13  2  0.8360E-07
 2  1  13  2  0.8405E-07
 2  1  13  2  0.8314E-07
 2  1  13  2  0.8443E-07
 2  1  14  2  0.5611E-07
 2  1  14  2  0.5450E-07
 2  1  14  2  0.5454E-07
 2  1  14  2  0.5449E-07
 2  1  14  2  0.5449E-07
 2  1  14  2  0.5466E-07
 2  1  14  2  0.5623E-07
 2  1  14  2  0.7368E-07
 2  1  14  2  0.7422E-07
 2  1  14  2  0.7617E-07
 2  1  15  2  0.6171E-07
 2  1  15  2  0.6057E-07
 2  1  15  2  0.6048E-07
 2  1  15  2  0.6053E-07
 2  1  15  2  0.6080E-07
 2  1  15  2  0.6077E-07
 2  1  15  2  0.6072E-07
 2  1  15  2  0.7895E-07
 2  1  15  2  0.7858E-07
 2  1  15  2  0.7586E-07
 2  1  16  2  0.5870E-07
 2  1  16  2  0.5770E-07
 2  1  16  2  0.5781E-07
 2  1  16  2  0.5783E-07
 2  1  16  2  0.5800E-07
 2  1  16  2  0.5796E-07
 2  1  16  2  0.5778E-07
 2  1  16  2  0.5810E-07
 2  1  16  2  0.8183E-07
 2  1  16  2  0.8158E-07
 2  1  17  2  0.7438E-07
 2  1  17  2  0.7338E-07
 2  1  17  2  0.7352E-07
 2  1  17  2  0.7347E-07
 2  1  17  2  0.7338E-07
 2  1  17  2  0.7338E-07
 2  1  17  2  0.7339E-07
 2  1  17  2  0.7338E-07
 2  1  17  2  0.7351E-07
 2  1  17  2  0.9084E-07
 2  1  18  2  0.7116E-07
 2  1  18  2  0.7042E-07
 2  1  18  2  0.7039E-07
 2  1  18  2  0.7037E-07
 2  1  18  2  0.7033E-07
 2  1  18  2  0.7041E-07
 2  1  18  2  0.7057E-07
 2  1  18  2  0.7059E-07
 2  1  18  2  0.7047E-07
 2  1  18  2  0.7078E-07
 2  1  19  2  0.7809E-07
 2  1  19  2  0.7740E-07
 2  1  19  2  0.7793E-07
 2  1  19  2  0.7746E-07
 2  1  19  2  0.7740E-07
 2  1  19  2  0.7981E-07
 2  1  19  2  0.7988E-07
 2  1  19  2  0.7982E-07
 2  1  19  2  0.7987E-07
 2  1  19  2  0.7963E-07
 2  1  20  2  0.7575E-07
 2  1  20  2  0.7513E-07
 2  1  20  2  0.7602E-07
 2  1  20  2  0.7604E-07
 2  1  20  2  0.7601E-07
 2  1  20  2  0.7597E-07
 2  1  20  2  0.7602E-07
 2  1  20  2  0.7600E-07
 2  1  20  2  0.7600E-07
 2  1  20  2  0.7598E-07
