 2  16  3  32  0.2781E-07
 2  16  3  32  0.7405E-07
 2  16  3  32  0.8021E-07
 2  16  3  32  0.6365E-07
 2  16  3  32  0.6016E-07
 2  16  3  32  0.6098E-07
 2  16  3  32  0.7331E-07
 2  16  3  32  0.6062E-07
 2  16  3  32  0.5942E-07
 2  16  3  32  0.5749E-07
 2  16  4  32  0.1805E-07
 2  16  4  32  0.1689E-07
 2  16  4  32  0.3275E-07
 2  16  4  32  0.3353E-07
 2  16  4  32  0.3139E-07
 2  16  4  32  0.2980E-07
 2  16  4  32  0.4071E-07
 2  16  4  32  0.3027E-07
 2  16  4  32  0.2848E-07
 2  16  4  32  0.2945E-07
 2  16  5  32  0.1276E-07
 2  16  5  32  0.1115E-07
 2  16  5  32  0.1098E-07
 2  16  5  32  0.1156E-07
 2  16  5  32  0.2058E-07
 2  16  5  32  0.1983E-07
 2  16  5  32  0.1941E-07
 2  16  5  32  0.2199E-07
 2  16  5  32  0.1933E-07
 2  16  5  32  0.1951E-07
 2  16  6  32  0.7649E-08
 2  16  6  32  0.6982E-08
 2  16  6  32  0.6881E-08
 2  16  6  32  0.6866E-08
 2  16  6  32  0.7414E-08
 2  16  6  32  0.1268E-07
 2  16  6  32  0.1577E-07
 2  16  6  32  0.1673E-07
 2  16  6  32  0.1741E-07
 2  16  6  32  0.1591E-07
 2  16  7  32  0.6269E-08
 2  16  7  32  0.5864E-08
 2  16  7  32  0.5866E-08
 2  16  7  32  0.5852E-08
 2  16  7  32  0.5833E-08
 2  16  7  32  0.5806E-08
 2  16  7  32  0.6008E-08
 2  16  7  32  0.1236E-07
 2  16  7  32  0.1109E-07
 2  16  7  32  0.1136E-07
 2  16  8  32  0.4445E-08
 2  16  8  32  0.3994E-08
 2  16  8  32  0.3968E-08
 2  16  8  32  0.3993E-08
 2  16  8  32  0.3974E-08
 2  16  8  32  0.3935E-08
 2  16  8  32  0.3971E-08
 2  16  8  32  0.3944E-08
 2  16  8  32  0.4050E-08
 2  16  8  32  0.3985E-08
 2  16  9  32  0.4695E-08
 2  16  9  32  0.4332E-08
 2  16  9  32  0.4338E-08
 2  16  9  32  0.4296E-08
 2  16  9  32  0.4279E-08
 2  16  9  32  0.4297E-08
 2  16  9  32  0.4259E-08
 2  16  9  32  0.4271E-08
 2  16  9  32  0.4274E-08
 2  16  9  32  0.4268E-08
 2  16  10  32  0.5035E-08
 2  16  10  32  0.4673E-08
 2  16  10  32  0.4641E-08
 2  16  10  32  0.4639E-08
 2  16  10  32  0.4659E-08
 2  16  10  32  0.4644E-08
 2  16  10  32  0.4618E-08
 2  16  10  32  0.4637E-08
 2  16  10  32  0.4638E-08
 2  16  10  32  0.4777E-08
 2  16  11  32  0.5998E-08
 2  16  11  32  0.5628E-08
 2  16  11  32  0.5599E-08
 2  16  11  32  0.5593E-08
 2  16  11  32  0.5585E-08
 2  16  11  32  0.5586E-08
 2  16  11  32  0.5595E-08
 2  16  11  32  0.5579E-08
 2  16  11  32  0.5598E-08
 2  16  11  32  0.5595E-08
 2  16  12  32  0.4952E-08
 2  16  12  32  0.4650E-08
 2  16  12  32  0.4644E-08
 2  16  12  32  0.4638E-08
 2  16  12  32  0.4648E-08
 2  16  12  32  0.4644E-08
 2  16  12  32  0.4637E-08
 2  16  12  32  0.4656E-08
 2  16  12  32  0.4648E-08
 2  16  12  32  0.4659E-08
 2  16  13  32  0.5424E-08
 2  16  13  32  0.5186E-08
 2  16  13  32  0.5179E-08
 2  16  13  32  0.5246E-08
 2  16  13  32  0.5183E-08
 2  16  13  32  0.5182E-08
 2  16  13  32  0.5192E-08
 2  16  13  32  0.5180E-08
 2  16  13  32  0.5177E-08
 2  16  13  32  0.5172E-08
 2  16  14  32  0.4926E-08
 2  16  14  32  0.4801E-08
 2  16  14  32  0.4758E-08
 2  16  14  32  0.4760E-08
 2  16  14  32  0.4760E-08
 2  16  14  32  0.4760E-08
 2  16  14  32  0.4843E-08
 2  16  14  32  0.4766E-08
 2  16  14  32  0.4826E-08
 2  16  14  32  0.4773E-08
 2  16  15  32  0.5154E-08
 2  16  15  32  0.5017E-08
 2  16  15  32  0.5059E-08
 2  16  15  32  0.5044E-08
 2  16  15  32  0.5048E-08
 2  16  15  32  0.5025E-08
 2  16  15  32  0.5018E-08
 2  16  15  32  0.5056E-08
 2  16  15  32  0.5047E-08
 2  16  15  32  0.5041E-08
 2  16  16  32  0.4965E-08
 2  16  16  32  0.4835E-08
 2  16  16  32  0.4833E-08
 2  16  16  32  0.4884E-08
 2  16  16  32  0.4823E-08
 2  16  16  32  0.4875E-08
 2  16  16  32  0.4847E-08
 2  16  16  32  0.4854E-08
 2  16  16  32  0.4856E-08
 2  16  16  32  0.4888E-08
 2  16  17  32  0.5814E-08
 2  16  17  32  0.5679E-08
 2  16  17  32  0.5652E-08
 2  16  17  32  0.5714E-08
 2  16  17  32  0.5643E-08
 2  16  17  32  0.5658E-08
 2  16  17  32  0.5719E-08
 2  16  17  32  0.5672E-08
 2  16  17  32  0.5648E-08
 2  16  17  32  0.5659E-08
 2  16  18  32  0.5456E-08
 2  16  18  32  0.5319E-08
 2  16  18  32  0.5351E-08
 2  16  18  32  0.5344E-08
 2  16  18  32  0.5334E-08
 2  16  18  32  0.5319E-08
 2  16  18  32  0.5317E-08
 2  16  18  32  0.5310E-08
 2  16  18  32  0.5332E-08
 2  16  18  32  0.5319E-08
 2  16  19  32  0.5871E-08
 2  16  19  32  0.5785E-08
 2  16  19  32  0.5788E-08
 2  16  19  32  0.5808E-08
 2  16  19  32  0.5786E-08
 2  16  19  32  0.5779E-08
 2  16  19  32  0.5781E-08
 2  16  19  32  0.5784E-08
 2  16  19  32  0.5783E-08
 2  16  19  32  0.5782E-08
 2  16  20  32  0.5670E-08
 2  16  20  32  0.5586E-08
 2  16  20  32  0.5599E-08
 2  16  20  32  0.5592E-08
 2  16  20  32  0.5608E-08
 2  16  20  32  0.5598E-08
 2  16  20  32  0.5613E-08
 2  16  20  32  0.5613E-08
 2  16  20  32  0.5601E-08
 2  16  20  32  0.5603E-08
