 2  2  3  4  0.5738E-07
 2  2  3  4  0.5957E-07
 2  2  3  4  0.5210E-07
 2  2  3  4  0.5618E-07
 2  2  3  4  0.5428E-07
 2  2  3  4  0.5395E-07
 2  2  3  4  0.5620E-07
 2  2  3  4  0.5102E-07
 2  2  3  4  0.5037E-07
 2  2  3  4  0.5376E-07
 2  2  4  4  0.7329E-07
 2  2  4  4  0.7620E-07
 2  2  4  4  0.7094E-07
 2  2  4  4  0.7122E-07
 2  2  4  4  0.6933E-07
 2  2  4  4  0.7060E-07
 2  2  4  4  0.6958E-07
 2  2  4  4  0.6874E-07
 2  2  4  4  0.6893E-07
 2  2  4  4  0.6770E-07
 2  2  5  4  0.7742E-07
 2  2  5  4  0.7443E-07
 2  2  5  4  0.7392E-07
 2  2  5  4  0.7437E-07
 2  2  5  4  0.7428E-07
 2  2  5  4  0.7337E-07
 2  2  5  4  0.7389E-07
 2  2  5  4  0.7385E-07
 2  2  5  4  0.7415E-07
 2  2  5  4  0.7346E-07
 2  2  6  4  0.5392E-07
 2  2  6  4  0.5018E-07
 2  2  6  4  0.6088E-07
 2  2  6  4  0.5485E-07
 2  2  6  4  0.5317E-07
 2  2  6  4  0.5772E-07
 2  2  6  4  0.5256E-07
 2  2  6  4  0.5301E-07
 2  2  6  4  0.5491E-07
 2  2  6  4  0.5062E-07
 2  2  7  4  0.4221E-07
 2  2  7  4  0.4171E-07
 2  2  7  4  0.4095E-07
 2  2  7  4  0.4103E-07
 2  2  7  4  0.4091E-07
 2  2  7  4  0.4094E-07
 2  2  7  4  0.4063E-07
 2  2  7  4  0.4067E-07
 2  2  7  4  0.4059E-07
 2  2  7  4  0.4082E-07
 2  2  8  4  0.4949E-07
 2  2  8  4  0.4988E-07
 2  2  8  4  0.4942E-07
 2  2  8  4  0.4868E-07
 2  2  8  4  0.5149E-07
 2  2  8  4  0.4818E-07
 2  2  8  4  0.4631E-07
 2  2  8  4  0.4933E-07
 2  2  8  4  0.4677E-07
 2  2  8  4  0.4844E-07
 2  2  9  4  0.3448E-07
 2  2  9  4  0.3360E-07
 2  2  9  4  0.3380E-07
 2  2  9  4  0.3367E-07
 2  2  9  4  0.3344E-07
 2  2  9  4  0.3363E-07
 2  2  9  4  0.3358E-07
 2  2  9  4  0.3328E-07
 2  2  9  4  0.3348E-07
 2  2  9  4  0.3336E-07
 2  2  10  4  0.3387E-07
 2  2  10  4  0.3389E-07
 2  2  10  4  0.3389E-07
 2  2  10  4  0.3397E-07
 2  2  10  4  0.3359E-07
 2  2  10  4  0.3361E-07
 2  2  10  4  0.3347E-07
 2  2  10  4  0.3357E-07
 2  2  10  4  0.3368E-07
 2  2  10  4  0.3351E-07
 2  2  11  4  0.3505E-07
 2  2  11  4  0.3340E-07
 2  2  11  4  0.3339E-07
 2  2  11  4  0.3324E-07
 2  2  11  4  0.3300E-07
 2  2  11  4  0.3282E-07
 2  2  11  4  0.3256E-07
 2  2  11  4  0.3235E-07
 2  2  11  4  0.3225E-07
 2  2  11  4  0.3224E-07
 2  2  12  4  0.3192E-07
 2  2  12  4  0.3168E-07
 2  2  12  4  0.3119E-07
 2  2  12  4  0.3162E-07
 2  2  12  4  0.3167E-07
 2  2  12  4  0.3050E-07
 2  2  12  4  0.3102E-07
 2  2  12  4  0.3104E-07
 2  2  12  4  0.3128E-07
 2  2  12  4  0.3152E-07
 2  2  13  4  0.4052E-07
 2  2  13  4  0.3926E-07
 2  2  13  4  0.3932E-07
 2  2  13  4  0.3910E-07
 2  2  13  4  0.3941E-07
 2  2  13  4  0.3953E-07
 2  2  13  4  0.3928E-07
 2  2  13  4  0.3978E-07
 2  2  13  4  0.3949E-07
 2  2  13  4  0.3933E-07
 2  2  14  4  0.3875E-07
 2  2  14  4  0.3822E-07
 2  2  14  4  0.3838E-07
 2  2  14  4  0.3845E-07
 2  2  14  4  0.3831E-07
 2  2  14  4  0.3834E-07
 2  2  14  4  0.3843E-07
 2  2  14  4  0.3816E-07
 2  2  14  4  0.3825E-07
 2  2  14  4  0.3825E-07
 2  2  15  4  0.4400E-07
 2  2  15  4  0.4388E-07
 2  2  15  4  0.4375E-07
 2  2  15  4  0.4361E-07
 2  2  15  4  0.4361E-07
 2  2  15  4  0.4374E-07
 2  2  15  4  0.4367E-07
 2  2  15  4  0.4375E-07
 2  2  15  4  0.4368E-07
 2  2  15  4  0.4366E-07
 2  2  16  4  0.4173E-07
 2  2  16  4  0.4137E-07
 2  2  16  4  0.4130E-07
 2  2  16  4  0.4131E-07
 2  2  16  4  0.4133E-07
 2  2  16  4  0.4141E-07
 2  2  16  4  0.4138E-07
 2  2  16  4  0.4130E-07
 2  2  16  4  0.4132E-07
 2  2  16  4  0.4138E-07
 2  2  17  4  0.5132E-07
 2  2  17  4  0.5105E-07
 2  2  17  4  0.5105E-07
 2  2  17  4  0.5110E-07
 2  2  17  4  0.5116E-07
 2  2  17  4  0.5122E-07
 2  2  17  4  0.5106E-07
 2  2  17  4  0.5118E-07
 2  2  17  4  0.5119E-07
 2  2  17  4  0.5106E-07
 2  2  18  4  0.4810E-07
 2  2  18  4  0.4784E-07
 2  2  18  4  0.4779E-07
 2  2  18  4  0.4780E-07
 2  2  18  4  0.4783E-07
 2  2  18  4  0.4778E-07
 2  2  18  4  0.4787E-07
 2  2  18  4  0.4781E-07
 2  2  18  4  0.4785E-07
 2  2  18  4  0.4776E-07
 2  2  19  4  0.5038E-07
 2  2  19  4  0.5031E-07
 2  2  19  4  0.5006E-07
 2  2  19  4  0.4998E-07
 2  2  19  4  0.5000E-07
 2  2  19  4  0.5002E-07
 2  2  19  4  0.5000E-07
 2  2  19  4  0.5011E-07
 2  2  19  4  0.4999E-07
 2  2  19  4  0.5064E-07
 2  2  20  4  0.4729E-07
 2  2  20  4  0.4721E-07
 2  2  20  4  0.4722E-07
 2  2  20  4  0.4721E-07
 2  2  20  4  0.4737E-07
 2  2  20  4  0.4726E-07
 2  2  20  4  0.4717E-07
 2  2  20  4  0.4727E-07
 2  2  20  4  0.4739E-07
 2  2  20  4  0.4731E-07
