 4  64  3  256  0.9404E-07
 4  64  3  256  0.1075E-07
 4  64  3  256  0.8635E-08
 4  64  3  256  0.9164E-08
 4  64  3  256  0.8244E-08
 4  64  3  256  0.1066E-07
 4  64  3  256  0.8681E-08
 4  64  3  256  0.8244E-08
 4  64  3  256  0.8623E-08
 4  64  3  256  0.8784E-08
 4  64  4  256  0.4551E-07
 4  64  4  256  0.5408E-08
 4  64  4  256  0.5268E-08
 4  64  4  256  0.4516E-08
 4  64  4  256  0.4758E-08
 4  64  4  256  0.4720E-08
 4  64  4  256  0.4618E-08
 4  64  4  256  0.4375E-08
 4  64  4  256  0.4414E-08
 4  64  4  256  0.4395E-08
 4  64  5  256  0.2430E-07
 4  64  5  256  0.3780E-08
 4  64  5  256  0.3365E-08
 4  64  5  256  0.4210E-08
 4  64  5  256  0.3499E-08
 4  64  5  256  0.3825E-08
 4  64  5  256  0.3447E-08
 4  64  5  256  0.3792E-08
 4  64  5  256  0.3907E-08
 4  64  5  256  0.3417E-08
 4  64  6  256  0.1209E-08
 4  64  6  256  0.1040E-08
 4  64  6  256  0.1009E-08
 4  64  6  256  0.1008E-08
 4  64  6  256  0.1017E-08
 4  64  6  256  0.1002E-08
 4  64  6  256  0.1032E-08
 4  64  6  256  0.1035E-08
 4  64  6  256  0.1006E-08
 4  64  6  256  0.9985E-09
 4  64  7  256  0.1133E-08
 4  64  7  256  0.1076E-08
 4  64  7  256  0.1061E-08
 4  64  7  256  0.1060E-08
 4  64  7  256  0.1062E-08
 4  64  7  256  0.1066E-08
 4  64  7  256  0.1070E-08
 4  64  7  256  0.1053E-08
 4  64  7  256  0.1064E-08
 4  64  7  256  0.1072E-08
 4  64  8  256  0.1155E-08
 4  64  8  256  0.1086E-08
 4  64  8  256  0.1113E-08
 4  64  8  256  0.1098E-08
 4  64  8  256  0.1099E-08
 4  64  8  256  0.1098E-08
 4  64  8  256  0.1100E-08
 4  64  8  256  0.1090E-08
 4  64  8  256  0.1092E-08
 4  64  8  256  0.1095E-08
 4  64  9  256  0.1445E-08
 4  64  9  256  0.1442E-08
 4  64  9  256  0.1398E-08
 4  64  9  256  0.1398E-08
 4  64  9  256  0.1419E-08
 4  64  9  256  0.1396E-08
 4  64  9  256  0.1430E-08
 4  64  9  256  0.1405E-08
 4  64  9  256  0.1432E-08
 4  64  9  256  0.1429E-08
 4  64  10  256  0.1538E-08
 4  64  10  256  0.1495E-08
 4  64  10  256  0.1507E-08
 4  64  10  256  0.1505E-08
 4  64  10  256  0.1496E-08
 4  64  10  256  0.1501E-08
 4  64  10  256  0.1497E-08
 4  64  10  256  0.1501E-08
 4  64  10  256  0.1498E-08
 4  64  10  256  0.1501E-08
 4  64  11  256  0.1434E-08
 4  64  11  256  0.1403E-08
 4  64  11  256  0.1409E-08
 4  64  11  256  0.1407E-08
 4  64  11  256  0.1420E-08
 4  64  11  256  0.1412E-08
 4  64  11  256  0.1417E-08
 4  64  11  256  0.1417E-08
 4  64  11  256  0.1411E-08
 4  64  11  256  0.1408E-08
 4  64  12  256  0.1389E-08
 4  64  12  256  0.1370E-08
 4  64  12  256  0.1375E-08
 4  64  12  256  0.1371E-08
 4  64  12  256  0.1366E-08
 4  64  12  256  0.1371E-08
 4  64  12  256  0.1369E-08
 4  64  12  256  0.1370E-08
 4  64  12  256  0.1372E-08
 4  64  12  256  0.1398E-08
 4  64  13  256  0.1510E-08
 4  64  13  256  0.1483E-08
 4  64  13  256  0.1480E-08
 4  64  13  256  0.1482E-08
 4  64  13  256  0.1482E-08
 4  64  13  256  0.1483E-08
 4  64  13  256  0.1480E-08
 4  64  13  256  0.1483E-08
 4  64  13  256  0.1478E-08
 4  64  13  256  0.1476E-08
 4  64  14  256  0.1372E-08
 4  64  14  256  0.1368E-08
 4  64  14  256  0.1360E-08
 4  64  14  256  0.1365E-08
 4  64  14  256  0.1360E-08
 4  64  14  256  0.1366E-08
 4  64  14  256  0.1366E-08
 4  64  14  256  0.1372E-08
 4  64  14  256  0.1377E-08
 4  64  14  256  0.1380E-08
 4  64  15  256  0.1477E-08
 4  64  15  256  0.1455E-08
 4  64  15  256  0.1456E-08
 4  64  15  256  0.1450E-08
 4  64  15  256  0.1447E-08
 4  64  15  256  0.1454E-08
 4  64  15  256  0.1452E-08
 4  64  15  256  0.1447E-08
 4  64  15  256  0.1452E-08
 4  64  15  256  0.1452E-08
 4  64  16  256  0.1619E-08
 4  64  16  256  0.1614E-08
 4  64  16  256  0.1611E-08
 4  64  16  256  0.1619E-08
 4  64  16  256  0.1619E-08
 4  64  16  256  0.1618E-08
 4  64  16  256  0.1612E-08
 4  64  16  256  0.1618E-08
 4  64  16  256  0.1610E-08
 4  64  16  256  0.1609E-08
 4  64  17  256  0.1762E-08
 4  64  17  256  0.1757E-08
 4  64  17  256  0.1757E-08
 4  64  17  256  0.1751E-08
 4  64  17  256  0.1755E-08
 4  64  17  256  0.1755E-08
 4  64  17  256  0.1753E-08
 4  64  17  256  0.1753E-08
 4  64  17  256  0.1755E-08
 4  64  17  256  0.1751E-08
 4  64  18  256  0.1633E-08
 4  64  18  256  0.1626E-08
 4  64  18  256  0.1840E-08
 4  64  18  256  0.1620E-08
 4  64  18  256  0.1623E-08
 4  64  18  256  0.1626E-08
 4  64  18  256  0.1623E-08
 4  64  18  256  0.1617E-08
 4  64  18  256  0.1623E-08
 4  64  18  256  0.1630E-08
 4  64  19  256  0.1795E-08
 4  64  19  256  0.1800E-08
 4  64  19  256  0.1792E-08
 4  64  19  256  0.1792E-08
 4  64  19  256  0.1943E-08
 4  64  19  256  0.1793E-08
 4  64  19  256  0.1790E-08
 4  64  19  256  0.1791E-08
 4  64  19  256  0.1792E-08
 4  64  19  256  0.1790E-08
 4  64  20  256  0.1733E-08
 4  64  20  256  0.1725E-08
 4  64  20  256  0.1726E-08
 4  64  20  256  0.1728E-08
 4  64  20  256  0.1729E-08
 4  64  20  256  0.1725E-08
 4  64  20  256  0.1729E-08
 4  64  20  256  0.1725E-08
 4  64  20  256  0.1726E-08
 4  64  20  256  0.1730E-08
