 4  1  3  4  0.3083E-06
 4  1  3  4  0.2443E-06
 4  1  3  4  0.2347E-06
 4  1  3  4  0.2347E-06
 4  1  3  4  0.2347E-06
 4  1  3  4  0.2347E-06
 4  1  3  4  0.2347E-06
 4  1  3  4  0.2318E-06
 4  1  3  4  0.2311E-06
 4  1  3  4  0.2347E-06
 4  1  4  4  0.1431E-06
 4  1  4  4  0.9251E-07
 4  1  4  4  0.9127E-07
 4  1  4  4  0.9003E-07
 4  1  4  4  0.8848E-07
 4  1  4  4  0.8723E-07
 4  1  4  4  0.8848E-07
 4  1  4  4  0.8972E-07
 4  1  4  4  0.8848E-07
 4  1  4  4  0.1239E-06
 4  1  5  4  0.1259E-06
 4  1  5  4  0.1019E-06
 4  1  5  4  0.1233E-06
 4  1  5  4  0.1025E-06
 4  1  5  4  0.9998E-07
 4  1  5  4  0.9998E-07
 4  1  5  4  0.1001E-06
 4  1  5  4  0.1167E-06
 4  1  5  4  0.1012E-06
 4  1  5  4  0.1001E-06
 4  1  6  4  0.9253E-07
 4  1  6  4  0.9033E-07
 4  1  6  4  0.7607E-07
 4  1  6  4  0.7487E-07
 4  1  6  4  0.7451E-07
 4  1  6  4  0.8527E-07
 4  1  6  4  0.7451E-07
 4  1  6  4  0.7405E-07
 4  1  6  4  0.7405E-07
 4  1  6  4  0.7524E-07
 4  1  7  4  0.8289E-07
 4  1  7  4  0.7044E-07
 4  1  7  4  0.7918E-07
 4  1  7  4  0.6754E-07
 4  1  7  4  0.6725E-07
 4  1  7  4  0.7142E-07
 4  1  7  4  0.6951E-07
 4  1  7  4  0.7507E-07
 4  1  7  4  0.7188E-07
 4  1  7  4  0.6905E-07
 4  1  8  4  0.8106E-07
 4  1  8  4  0.6934E-07
 4  1  8  4  0.7078E-07
 4  1  8  4  0.6737E-07
 4  1  8  4  0.7160E-07
 4  1  8  4  0.6609E-07
 4  1  8  4  0.6934E-07
 4  1  8  4  0.6706E-07
 4  1  8  4  0.6966E-07
 4  1  8  4  0.6706E-07
 4  1  9  4  0.7397E-07
 4  1  9  4  0.6538E-07
 4  1  9  4  0.6939E-07
 4  1  9  4  0.6895E-07
 4  1  9  4  0.6435E-07
 4  1  9  4  0.6814E-07
 4  1  9  4  0.6961E-07
 4  1  9  4  0.6459E-07
 4  1  9  4  0.6846E-07
 4  1  9  4  0.6974E-07
 4  1  10  4  0.1062E-06
 4  1  10  4  0.1010E-06
 4  1  10  4  0.1046E-06
 4  1  10  4  0.1015E-06
 4  1  10  4  0.1012E-06
 4  1  10  4  0.1044E-06
 4  1  10  4  0.1016E-06
 4  1  10  4  0.1017E-06
 4  1  10  4  0.1040E-06
 4  1  10  4  0.1015E-06
 4  1  11  4  0.9712E-07
 4  1  11  4  0.9498E-07
 4  1  11  4  0.9553E-07
 4  1  11  4  0.9297E-07
 4  1  11  4  0.9479E-07
 4  1  11  4  0.9473E-07
 4  1  11  4  0.9322E-07
 4  1  11  4  0.9536E-07
 4  1  11  4  0.9303E-07
 4  1  11  4  0.9322E-07
 4  1  12  4  0.8405E-07
 4  1  12  4  0.7899E-07
 4  1  12  4  0.7760E-07
 4  1  12  4  0.7764E-07
 4  1  12  4  0.7953E-07
 4  1  12  4  0.8000E-07
 4  1  12  4  0.8011E-07
 4  1  12  4  0.7751E-07
 4  1  12  4  0.7938E-07
 4  1  12  4  0.7953E-07
 4  1  13  4  0.8140E-07
 4  1  13  4  0.7863E-07
 4  1  13  4  0.7860E-07
 4  1  13  4  0.7927E-07
 4  1  13  4  0.7908E-07
 4  1  13  4  0.7962E-07
 4  1  13  4  0.7860E-07
 4  1  13  4  0.7894E-07
 4  1  13  4  0.7898E-07
 4  1  13  4  0.8068E-07
 4  1  14  4  0.7164E-07
 4  1  14  4  0.7128E-07
 4  1  14  4  0.6949E-07
 4  1  14  4  0.7164E-07
 4  1  14  4  0.6930E-07
 4  1  14  4  0.6985E-07
 4  1  14  4  0.6988E-07
 4  1  14  4  0.6991E-07
 4  1  14  4  0.6952E-07
 4  1  14  4  0.7015E-07
 4  1  15  4  0.7980E-07
 4  1  15  4  0.7928E-07
 4  1  15  4  0.7716E-07
 4  1  15  4  0.7758E-07
 4  1  15  4  0.7792E-07
 4  1  15  4  0.7686E-07
 4  1  15  4  0.7755E-07
 4  1  15  4  0.7761E-07
 4  1  15  4  0.7753E-07
 4  1  15  4  0.7765E-07
 4  1  16  4  0.8291E-07
 4  1  16  4  0.8091E-07
 4  1  16  4  0.8095E-07
 4  1  16  4  0.8195E-07
 4  1  16  4  0.8150E-07
 4  1  16  4  0.8146E-07
 4  1  16  4  0.8077E-07
 4  1  16  4  0.8093E-07
 4  1  16  4  0.8089E-07
 4  1  16  4  0.8110E-07
 4  1  17  4  0.9546E-07
 4  1  17  4  0.9376E-07
 4  1  17  4  0.9195E-07
 4  1  17  4  0.9314E-07
 4  1  17  4  0.9207E-07
 4  1  17  4  0.9285E-07
 4  1  17  4  0.9220E-07
 4  1  17  4  0.9209E-07
 4  1  17  4  0.9256E-07
 4  1  17  4  0.9209E-07
 4  1  18  4  0.9564E-07
 4  1  18  4  0.9460E-07
 4  1  18  4  0.9481E-07
 4  1  18  4  0.9406E-07
 4  1  18  4  0.9389E-07
 4  1  18  4  0.9428E-07
 4  1  18  4  0.9534E-07
 4  1  18  4  0.9508E-07
 4  1  18  4  0.9391E-07
 4  1  18  4  0.9588E-07
 4  1  19  4  0.1047E-06
 4  1  19  4  0.1040E-06
 4  1  19  4  0.1042E-06
 4  1  19  4  0.1033E-06
 4  1  19  4  0.1039E-06
 4  1  19  4  0.1046E-06
 4  1  19  4  0.1036E-06
 4  1  19  4  0.1036E-06
 4  1  19  4  0.1041E-06
 4  1  19  4  0.1040E-06
 4  1  20  4  0.1004E-06
 4  1  20  4  0.9897E-07
 4  1  20  4  0.9948E-07
 4  1  20  4  0.9945E-07
 4  1  20  4  0.9953E-07
 4  1  20  4  0.9910E-07
 4  1  20  4  0.9954E-07
 4  1  20  4  0.9954E-07
 4  1  20  4  0.9918E-07
 4  1  20  4  0.9899E-07
