 4  16  3  64  0.7119E-07
 4  16  3  64  0.3840E-07
 4  16  3  64  0.3242E-07
 4  16  3  64  0.4093E-07
 4  16  3  64  0.3238E-07
 4  16  3  64  0.3183E-07
 4  16  3  64  0.3224E-07
 4  16  3  64  0.3932E-07
 4  16  3  64  0.3569E-07
 4  16  3  64  0.3224E-07
 4  16  4  64  0.2579E-07
 4  16  4  64  0.1523E-07
 4  16  4  64  0.1911E-07
 4  16  4  64  0.1684E-07
 4  16  4  64  0.1432E-07
 4  16  4  64  0.1424E-07
 4  16  4  64  0.1473E-07
 4  16  4  64  0.1473E-07
 4  16  4  64  0.1416E-07
 4  16  4  64  0.1409E-07
 4  16  5  64  0.2292E-07
 4  16  5  64  0.1174E-07
 4  16  5  64  0.1184E-07
 4  16  5  64  0.1158E-07
 4  16  5  64  0.1096E-07
 4  16  5  64  0.1195E-07
 4  16  5  64  0.1117E-07
 4  16  5  64  0.1029E-07
 4  16  5  64  0.1054E-07
 4  16  5  64  0.1209E-07
 4  16  6  64  0.1601E-07
 4  16  6  64  0.7255E-08
 4  16  6  64  0.7014E-08
 4  16  6  64  0.7261E-08
 4  16  6  64  0.7111E-08
 4  16  6  64  0.7571E-08
 4  16  6  64  0.7111E-08
 4  16  6  64  0.7037E-08
 4  16  6  64  0.7502E-08
 4  16  6  64  0.7157E-08
 4  16  7  64  0.9706E-08
 4  16  7  64  0.7367E-08
 4  16  7  64  0.6893E-08
 4  16  7  64  0.8109E-08
 4  16  7  64  0.6589E-08
 4  16  7  64  0.6513E-08
 4  16  7  64  0.6679E-08
 4  16  7  64  0.6332E-08
 4  16  7  64  0.6632E-08
 4  16  7  64  0.6285E-08
 4  16  8  64  0.8239E-08
 4  16  8  64  0.6512E-08
 4  16  8  64  0.6684E-08
 4  16  8  64  0.6531E-08
 4  16  8  64  0.6684E-08
 4  16  8  64  0.6347E-08
 4  16  8  64  0.6704E-08
 4  16  8  64  0.6633E-08
 4  16  8  64  0.6825E-08
 4  16  8  64  0.6531E-08
 4  16  9  64  0.4693E-08
 4  16  9  64  0.4649E-08
 4  16  9  64  0.4649E-08
 4  16  9  64  0.4666E-08
 4  16  9  64  0.4654E-08
 4  16  9  64  0.4701E-08
 4  16  9  64  0.4662E-08
 4  16  9  64  0.4639E-08
 4  16  9  64  0.4649E-08
 4  16  9  64  0.4684E-08
 4  16  10  64  0.5356E-08
 4  16  10  64  0.5301E-08
 4  16  10  64  0.5316E-08
 4  16  10  64  0.5297E-08
 4  16  10  64  0.5300E-08
 4  16  10  64  0.5311E-08
 4  16  10  64  0.5302E-08
 4  16  10  64  0.5311E-08
 4  16  10  64  0.5302E-08
 4  16  10  64  0.5320E-08
 4  16  11  64  0.5231E-08
 4  16  11  64  0.5251E-08
 4  16  11  64  0.5216E-08
 4  16  11  64  0.5225E-08
 4  16  11  64  0.5203E-08
 4  16  11  64  0.5219E-08
 4  16  11  64  0.5235E-08
 4  16  11  64  0.5216E-08
 4  16  11  64  0.5202E-08
 4  16  11  64  0.5184E-08
 4  16  12  64  0.4558E-08
 4  16  12  64  0.4544E-08
 4  16  12  64  0.4563E-08
 4  16  12  64  0.4545E-08
 4  16  12  64  0.4548E-08
 4  16  12  64  0.4556E-08
 4  16  12  64  0.4552E-08
 4  16  12  64  0.4545E-08
 4  16  12  64  0.4546E-08
 4  16  12  64  0.4570E-08
 4  16  13  64  0.5190E-08
 4  16  13  64  0.5176E-08
 4  16  13  64  0.5178E-08
 4  16  13  64  0.5184E-08
 4  16  13  64  0.5189E-08
 4  16  13  64  0.5184E-08
 4  16  13  64  0.5186E-08
 4  16  13  64  0.5190E-08
 4  16  13  64  0.5184E-08
 4  16  13  64  0.5170E-08
 4  16  14  64  0.4328E-08
 4  16  14  64  0.4313E-08
 4  16  14  64  0.4320E-08
 4  16  14  64  0.4317E-08
 4  16  14  64  0.4336E-08
 4  16  14  64  0.4323E-08
 4  16  14  64  0.4325E-08
 4  16  14  64  0.4327E-08
 4  16  14  64  0.4334E-08
 4  16  14  64  0.4324E-08
 4  16  15  64  0.4658E-08
 4  16  15  64  0.4639E-08
 4  16  15  64  0.4643E-08
 4  16  15  64  0.4643E-08
 4  16  15  64  0.4641E-08
 4  16  15  64  0.4645E-08
 4  16  15  64  0.4641E-08
 4  16  15  64  0.4643E-08
 4  16  15  64  0.4643E-08
 4  16  15  64  0.4642E-08
 4  16  16  64  0.4447E-08
 4  16  16  64  0.4450E-08
 4  16  16  64  0.4450E-08
 4  16  16  64  0.4444E-08
 4  16  16  64  0.4450E-08
 4  16  16  64  0.4447E-08
 4  16  16  64  0.4449E-08
 4  16  16  64  0.4464E-08
 4  16  16  64  0.4451E-08
 4  16  16  64  0.4442E-08
 4  16  17  64  0.5316E-08
 4  16  17  64  0.5319E-08
 4  16  17  64  0.5310E-08
 4  16  17  64  0.5309E-08
 4  16  17  64  0.5301E-08
 4  16  17  64  0.5316E-08
 4  16  17  64  0.5312E-08
 4  16  17  64  0.5318E-08
 4  16  17  64  0.5311E-08
 4  16  17  64  0.5318E-08
 4  16  18  64  0.4971E-08
 4  16  18  64  0.4965E-08
 4  16  18  64  0.4976E-08
 4  16  18  64  0.4962E-08
 4  16  18  64  0.4972E-08
 4  16  18  64  0.4968E-08
 4  16  18  64  0.4968E-08
 4  16  18  64  0.4962E-08
 4  16  18  64  0.4966E-08
 4  16  18  64  0.4968E-08
 4  16  19  64  0.5505E-08
 4  16  19  64  0.5509E-08
 4  16  19  64  0.5500E-08
 4  16  19  64  0.5504E-08
 4  16  19  64  0.5502E-08
 4  16  19  64  0.5507E-08
 4  16  19  64  0.5500E-08
 4  16  19  64  0.5502E-08
 4  16  19  64  0.5504E-08
 4  16  19  64  0.5504E-08
 4  16  20  64  0.5301E-08
 4  16  20  64  0.5301E-08
 4  16  20  64  0.5298E-08
 4  16  20  64  0.5297E-08
 4  16  20  64  0.5300E-08
 4  16  20  64  0.5303E-08
 4  16  20  64  0.5314E-08
 4  16  20  64  0.5347E-08
 4  16  20  64  0.5322E-08
 4  16  20  64  0.5302E-08
