 4  4  3  16  0.1775E-06
 4  4  3  16  0.1290E-06
 4  4  3  16  0.1326E-06
 4  4  3  16  0.9106E-07
 4  4  3  16  0.9033E-07
 4  4  3  16  0.1266E-06
 4  4  3  16  0.8794E-07
 4  4  3  16  0.9033E-07
 4  4  3  16  0.9345E-07
 4  4  3  16  0.9327E-07
 4  4  4  16  0.5728E-07
 4  4  4  16  0.4726E-07
 4  4  4  16  0.5860E-07
 4  4  4  16  0.6054E-07
 4  4  4  16  0.6116E-07
 4  4  4  16  0.4657E-07
 4  4  4  16  0.6092E-07
 4  4  4  16  0.4975E-07
 4  4  4  16  0.4525E-07
 4  4  4  16  0.4719E-07
 4  4  5  16  0.5333E-07
 4  4  5  16  0.4617E-07
 4  4  5  16  0.3703E-07
 4  4  5  16  0.4999E-07
 4  4  5  16  0.3199E-07
 4  4  5  16  0.4232E-07
 4  4  5  16  0.4017E-07
 4  4  5  16  0.3219E-07
 4  4  5  16  0.4550E-07
 4  4  5  16  0.3481E-07
 4  4  6  16  0.3551E-07
 4  4  6  16  0.3569E-07
 4  4  6  16  0.3617E-07
 4  4  6  16  0.3856E-07
 4  4  6  16  0.3222E-07
 4  4  6  16  0.2932E-07
 4  4  6  16  0.3212E-07
 4  4  6  16  0.3183E-07
 4  4  6  16  0.3771E-07
 4  4  6  16  0.3212E-07
 4  4  7  16  0.3267E-07
 4  4  7  16  0.2649E-07
 4  4  7  16  0.2363E-07
 4  4  7  16  0.2763E-07
 4  4  7  16  0.2356E-07
 4  4  7  16  0.2539E-07
 4  4  7  16  0.2424E-07
 4  4  7  16  0.2459E-07
 4  4  7  16  0.2428E-07
 4  4  7  16  0.2460E-07
 4  4  8  16  0.2543E-07
 4  4  8  16  0.2348E-07
 4  4  8  16  0.2388E-07
 4  4  8  16  0.2396E-07
 4  4  8  16  0.2421E-07
 4  4  8  16  0.2641E-07
 4  4  8  16  0.2352E-07
 4  4  8  16  0.2348E-07
 4  4  8  16  0.2312E-07
 4  4  8  16  0.2352E-07
 4  4  9  16  0.2640E-07
 4  4  9  16  0.2304E-07
 4  4  9  16  0.2289E-07
 4  4  9  16  0.2277E-07
 4  4  9  16  0.2221E-07
 4  4  9  16  0.2195E-07
 4  4  9  16  0.2180E-07
 4  4  9  16  0.2315E-07
 4  4  9  16  0.2278E-07
 4  4  9  16  0.2278E-07
 4  4  10  16  0.3296E-07
 4  4  10  16  0.3131E-07
 4  4  10  16  0.3175E-07
 4  4  10  16  0.3159E-07
 4  4  10  16  0.3102E-07
 4  4  10  16  0.3009E-07
 4  4  10  16  0.3252E-07
 4  4  10  16  0.3114E-07
 4  4  10  16  0.3161E-07
 4  4  10  16  0.3258E-07
 4  4  11  16  0.3146E-07
 4  4  11  16  0.2841E-07
 4  4  11  16  0.2833E-07
 4  4  11  16  0.2865E-07
 4  4  11  16  0.2828E-07
 4  4  11  16  0.2857E-07
 4  4  11  16  0.2857E-07
 4  4  11  16  0.2938E-07
 4  4  11  16  0.2894E-07
 4  4  11  16  0.2878E-07
 4  4  12  16  0.2477E-07
 4  4  12  16  0.2334E-07
 4  4  12  16  0.2362E-07
 4  4  12  16  0.2332E-07
 4  4  12  16  0.2333E-07
 4  4  12  16  0.2324E-07
 4  4  12  16  0.2340E-07
 4  4  12  16  0.2320E-07
 4  4  12  16  0.2359E-07
 4  4  12  16  0.2279E-07
 4  4  13  16  0.1848E-07
 4  4  13  16  0.1846E-07
 4  4  13  16  0.1852E-07
 4  4  13  16  0.1858E-07
 4  4  13  16  0.1856E-07
 4  4  13  16  0.1857E-07
 4  4  13  16  0.1852E-07
 4  4  13  16  0.1862E-07
 4  4  13  16  0.1858E-07
 4  4  13  16  0.1856E-07
 4  4  14  16  0.1622E-07
 4  4  14  16  0.1619E-07
 4  4  14  16  0.1622E-07
 4  4  14  16  0.1621E-07
 4  4  14  16  0.1620E-07
 4  4  14  16  0.1621E-07
 4  4  14  16  0.1619E-07
 4  4  14  16  0.1622E-07
 4  4  14  16  0.1622E-07
 4  4  14  16  0.1618E-07
 4  4  15  16  0.1738E-07
 4  4  15  16  0.1735E-07
 4  4  15  16  0.1733E-07
 4  4  15  16  0.1736E-07
 4  4  15  16  0.1734E-07
 4  4  15  16  0.1738E-07
 4  4  15  16  0.1737E-07
 4  4  15  16  0.1737E-07
 4  4  15  16  0.1736E-07
 4  4  15  16  0.1742E-07
 4  4  16  16  0.1664E-07
 4  4  16  16  0.1663E-07
 4  4  16  16  0.1665E-07
 4  4  16  16  0.1662E-07
 4  4  16  16  0.1664E-07
 4  4  16  16  0.1664E-07
 4  4  16  16  0.1667E-07
 4  4  16  16  0.1665E-07
 4  4  16  16  0.1666E-07
 4  4  16  16  0.1664E-07
 4  4  17  16  0.2064E-07
 4  4  17  16  0.2060E-07
 4  4  17  16  0.2061E-07
 4  4  17  16  0.2061E-07
 4  4  17  16  0.2060E-07
 4  4  17  16  0.2060E-07
 4  4  17  16  0.2059E-07
 4  4  17  16  0.2059E-07
 4  4  17  16  0.2058E-07
 4  4  17  16  0.2057E-07
 4  4  18  16  0.1908E-07
 4  4  18  16  0.1903E-07
 4  4  18  16  0.1904E-07
 4  4  18  16  0.1906E-07
 4  4  18  16  0.1906E-07
 4  4  18  16  0.1908E-07
 4  4  18  16  0.1906E-07
 4  4  18  16  0.1914E-07
 4  4  18  16  0.1915E-07
 4  4  18  16  0.1914E-07
 4  4  19  16  0.2110E-07
 4  4  19  16  0.2112E-07
 4  4  19  16  0.2109E-07
 4  4  19  16  0.2109E-07
 4  4  19  16  0.2110E-07
 4  4  19  16  0.2111E-07
 4  4  19  16  0.2117E-07
 4  4  19  16  0.2113E-07
 4  4  19  16  0.2112E-07
 4  4  19  16  0.2116E-07
 4  4  20  16  0.2018E-07
 4  4  20  16  0.2019E-07
 4  4  20  16  0.2014E-07
 4  4  20  16  0.2015E-07
 4  4  20  16  0.2017E-07
 4  4  20  16  0.2015E-07
 4  4  20  16  0.2017E-07
 4  4  20  16  0.2016E-07
 4  4  20  16  0.2016E-07
 4  4  20  16  0.2016E-07
