 4  16  3  64  0.7832E-07
 4  16  3  64  0.2989E-07
 4  16  3  64  0.2796E-07
 4  16  3  64  0.2796E-07
 4  16  3  64  0.2948E-07
 4  16  3  64  0.3049E-07
 4  16  3  64  0.3334E-07
 4  16  3  64  0.2741E-07
 4  16  3  64  0.2723E-07
 4  16  3  64  0.2681E-07
 4  16  4  64  0.2693E-07
 4  16  4  64  0.1789E-07
 4  16  4  64  0.1740E-07
 4  16  4  64  0.1717E-07
 4  16  4  64  0.1733E-07
 4  16  4  64  0.1319E-07
 4  16  4  64  0.1269E-07
 4  16  4  64  0.1220E-07
 4  16  4  64  0.1416E-07
 4  16  4  64  0.1236E-07
 4  16  5  64  0.2000E-07
 4  16  5  64  0.1050E-07
 4  16  5  64  0.9835E-08
 4  16  5  64  0.9249E-08
 4  16  5  64  0.1171E-07
 4  16  5  64  0.1029E-07
 4  16  5  64  0.1003E-07
 4  16  5  64  0.1088E-07
 4  16  5  64  0.1004E-07
 4  16  5  64  0.9745E-08
 4  16  6  64  0.1264E-07
 4  16  6  64  0.6847E-08
 4  16  6  64  0.8273E-08
 4  16  6  64  0.6341E-08
 4  16  6  64  0.6370E-08
 4  16  6  64  0.6847E-08
 4  16  6  64  0.6364E-08
 4  16  6  64  0.6416E-08
 4  16  6  64  0.6824E-08
 4  16  6  64  0.6341E-08
 4  16  7  64  0.1111E-07
 4  16  7  64  0.6712E-08
 4  16  7  64  0.7215E-08
 4  16  7  64  0.6364E-08
 4  16  7  64  0.6650E-08
 4  16  7  64  0.6299E-08
 4  16  7  64  0.6560E-08
 4  16  7  64  0.6484E-08
 4  16  7  64  0.6437E-08
 4  16  7  64  0.6607E-08
 4  16  8  64  0.9248E-08
 4  16  8  64  0.6085E-08
 4  16  8  64  0.6032E-08
 4  16  8  64  0.6267E-08
 4  16  8  64  0.5901E-08
 4  16  8  64  0.6022E-08
 4  16  8  64  0.6286E-08
 4  16  8  64  0.5818E-08
 4  16  8  64  0.6296E-08
 4  16  8  64  0.6308E-08
 4  16  9  64  0.4216E-08
 4  16  9  64  0.4257E-08
 4  16  9  64  0.4143E-08
 4  16  9  64  0.4189E-08
 4  16  9  64  0.4216E-08
 4  16  9  64  0.4143E-08
 4  16  9  64  0.4227E-08
 4  16  9  64  0.4160E-08
 4  16  9  64  0.4177E-08
 4  16  9  64  0.4209E-08
 4  16  10  64  0.4910E-08
 4  16  10  64  0.4839E-08
 4  16  10  64  0.4836E-08
 4  16  10  64  0.4851E-08
 4  16  10  64  0.4848E-08
 4  16  10  64  0.4834E-08
 4  16  10  64  0.4845E-08
 4  16  10  64  0.4836E-08
 4  16  10  64  0.4866E-08
 4  16  10  64  0.4881E-08
 4  16  11  64  0.4820E-08
 4  16  11  64  0.4796E-08
 4  16  11  64  0.4788E-08
 4  16  11  64  0.4787E-08
 4  16  11  64  0.4795E-08
 4  16  11  64  0.4841E-08
 4  16  11  64  0.4783E-08
 4  16  11  64  0.4844E-08
 4  16  11  64  0.4826E-08
 4  16  11  64  0.4842E-08
 4  16  12  64  0.4312E-08
 4  16  12  64  0.4309E-08
 4  16  12  64  0.4302E-08
 4  16  12  64  0.4303E-08
 4  16  12  64  0.4304E-08
 4  16  12  64  0.4302E-08
 4  16  12  64  0.4306E-08
 4  16  12  64  0.4304E-08
 4  16  12  64  0.4308E-08
 4  16  12  64  0.4300E-08
 4  16  13  64  0.4925E-08
 4  16  13  64  0.4910E-08
 4  16  13  64  0.4920E-08
 4  16  13  64  0.4907E-08
 4  16  13  64  0.4904E-08
 4  16  13  64  0.4908E-08
 4  16  13  64  0.4911E-08
 4  16  13  64  0.4912E-08
 4  16  13  64  0.4915E-08
 4  16  13  64  0.4915E-08
 4  16  14  64  0.4135E-08
 4  16  14  64  0.4116E-08
 4  16  14  64  0.4117E-08
 4  16  14  64  0.4110E-08
 4  16  14  64  0.4121E-08
 4  16  14  64  0.4125E-08
 4  16  14  64  0.4116E-08
 4  16  14  64  0.4114E-08
 4  16  14  64  0.4117E-08
 4  16  14  64  0.4124E-08
 4  16  15  64  0.4467E-08
 4  16  15  64  0.4453E-08
 4  16  15  64  0.4452E-08
 4  16  15  64  0.4450E-08
 4  16  15  64  0.4453E-08
 4  16  15  64  0.4453E-08
 4  16  15  64  0.4453E-08
 4  16  15  64  0.4459E-08
 4  16  15  64  0.4457E-08
 4  16  15  64  0.4459E-08
 4  16  16  64  0.4280E-08
 4  16  16  64  0.4273E-08
 4  16  16  64  0.4277E-08
 4  16  16  64  0.4275E-08
 4  16  16  64  0.4274E-08
 4  16  16  64  0.4276E-08
 4  16  16  64  0.4278E-08
 4  16  16  64  0.4275E-08
 4  16  16  64  0.4264E-08
 4  16  16  64  0.4275E-08
 4  16  17  64  0.5150E-08
 4  16  17  64  0.5149E-08
 4  16  17  64  0.5142E-08
 4  16  17  64  0.5156E-08
 4  16  17  64  0.5146E-08
 4  16  17  64  0.5158E-08
 4  16  17  64  0.5148E-08
 4  16  17  64  0.5152E-08
 4  16  17  64  0.5156E-08
 4  16  17  64  0.5148E-08
 4  16  18  64  0.4821E-08
 4  16  18  64  0.4815E-08
 4  16  18  64  0.4816E-08
 4  16  18  64  0.4826E-08
 4  16  18  64  0.4816E-08
 4  16  18  64  0.4815E-08
 4  16  18  64  0.4819E-08
 4  16  18  64  0.4820E-08
 4  16  18  64  0.4819E-08
 4  16  18  64  0.4818E-08
 4  16  19  64  0.5347E-08
 4  16  19  64  0.5345E-08
 4  16  19  64  0.5343E-08
 4  16  19  64  0.5346E-08
 4  16  19  64  0.5348E-08
 4  16  19  64  0.5349E-08
 4  16  19  64  0.5333E-08
 4  16  19  64  0.5352E-08
 4  16  19  64  0.5345E-08
 4  16  19  64  0.5357E-08
 4  16  20  64  0.5162E-08
 4  16  20  64  0.5160E-08
 4  16  20  64  0.5164E-08
 4  16  20  64  0.5161E-08
 4  16  20  64  0.5163E-08
 4  16  20  64  0.5162E-08
 4  16  20  64  0.5157E-08
 4  16  20  64  0.5167E-08
 4  16  20  64  0.5158E-08
 4  16  20  64  0.5162E-08
