 4  1  3  4  0.3422E-06
 4  1  3  4  0.2347E-06
 4  1  3  4  0.2311E-06
 4  1  3  4  0.2281E-06
 4  1  3  4  0.2252E-06
 4  1  3  4  0.2252E-06
 4  1  3  4  0.2311E-06
 4  1  3  4  0.2281E-06
 4  1  3  4  0.2929E-06
 4  1  3  4  0.2281E-06
 4  1  4  4  0.1121E-06
 4  1  4  4  0.8723E-07
 4  1  4  4  0.1158E-06
 4  1  4  4  0.9003E-07
 4  1  4  4  0.8723E-07
 4  1  4  4  0.8599E-07
 4  1  4  4  0.8444E-07
 4  1  4  4  0.8599E-07
 4  1  4  4  0.8599E-07
 4  1  4  4  0.8444E-07
 4  1  5  4  0.1121E-06
 4  1  5  4  0.1012E-06
 4  1  5  4  0.1160E-06
 4  1  5  4  0.1033E-06
 4  1  5  4  0.1008E-06
 4  1  5  4  0.9871E-07
 4  1  5  4  0.9934E-07
 4  1  5  4  0.1119E-06
 4  1  5  4  0.1052E-06
 4  1  5  4  0.1008E-06
 4  1  6  4  0.8260E-07
 4  1  6  4  0.8720E-07
 4  1  6  4  0.7717E-07
 4  1  6  4  0.7331E-07
 4  1  6  4  0.7331E-07
 4  1  6  4  0.8177E-07
 4  1  6  4  0.7524E-07
 4  1  6  4  0.7257E-07
 4  1  6  4  0.7405E-07
 4  1  6  4  0.8297E-07
 4  1  7  4  0.7675E-07
 4  1  7  4  0.6974E-07
 4  1  7  4  0.7559E-07
 4  1  7  4  0.7119E-07
 4  1  7  4  0.6899E-07
 4  1  7  4  0.7362E-07
 4  1  7  4  0.7067E-07
 4  1  7  4  0.6777E-07
 4  1  7  4  0.7559E-07
 4  1  7  4  0.6853E-07
 4  1  8  4  0.7846E-07
 4  1  8  4  0.6818E-07
 4  1  8  4  0.7241E-07
 4  1  8  4  0.6706E-07
 4  1  8  4  0.7128E-07
 4  1  8  4  0.6624E-07
 4  1  8  4  0.7047E-07
 4  1  8  4  0.6574E-07
 4  1  8  4  0.7000E-07
 4  1  8  4  0.6593E-07
 4  1  9  4  0.7443E-07
 4  1  9  4  0.6323E-07
 4  1  9  4  0.6377E-07
 4  1  9  4  0.6882E-07
 4  1  9  4  0.6298E-07
 4  1  9  4  0.6413E-07
 4  1  9  4  0.6961E-07
 4  1  9  4  0.6789E-07
 4  1  9  4  0.6320E-07
 4  1  9  4  0.6860E-07
 4  1  10  4  0.1067E-06
 4  1  10  4  0.1010E-06
 4  1  10  4  0.1006E-06
 4  1  10  4  0.1010E-06
 4  1  10  4  0.1003E-06
 4  1  10  4  0.1006E-06
 4  1  10  4  0.1012E-06
 4  1  10  4  0.1002E-06
 4  1  10  4  0.1040E-06
 4  1  10  4  0.1006E-06
 4  1  11  4  0.9661E-07
 4  1  11  4  0.9210E-07
 4  1  11  4  0.9442E-07
 4  1  11  4  0.9085E-07
 4  1  11  4  0.9253E-07
 4  1  11  4  0.9442E-07
 4  1  11  4  0.9179E-07
 4  1  11  4  0.9234E-07
 4  1  11  4  0.9404E-07
 4  1  11  4  0.9228E-07
 4  1  12  4  0.7870E-07
 4  1  12  4  0.7706E-07
 4  1  12  4  0.7991E-07
 4  1  12  4  0.7909E-07
 4  1  12  4  0.7677E-07
 4  1  12  4  0.7678E-07
 4  1  12  4  0.7876E-07
 4  1  12  4  0.7866E-07
 4  1  12  4  0.7956E-07
 4  1  12  4  0.7677E-07
 4  1  13  4  0.7980E-07
 4  1  13  4  0.7867E-07
 4  1  13  4  0.7799E-07
 4  1  13  4  0.7802E-07
 4  1  13  4  0.7749E-07
 4  1  13  4  0.7803E-07
 4  1  13  4  0.7848E-07
 4  1  13  4  0.7810E-07
 4  1  13  4  0.7779E-07
 4  1  13  4  0.7791E-07
 4  1  14  4  0.6951E-07
 4  1  14  4  0.6927E-07
 4  1  14  4  0.6916E-07
 4  1  14  4  0.6955E-07
 4  1  14  4  0.6845E-07
 4  1  14  4  0.6934E-07
 4  1  14  4  0.7039E-07
 4  1  14  4  0.6888E-07
 4  1  14  4  0.7113E-07
 4  1  14  4  0.6858E-07
 4  1  15  4  0.7825E-07
 4  1  15  4  0.7788E-07
 4  1  15  4  0.7600E-07
 4  1  15  4  0.7738E-07
 4  1  15  4  0.7647E-07
 4  1  15  4  0.7711E-07
 4  1  15  4  0.7758E-07
 4  1  15  4  0.7694E-07
 4  1  15  4  0.7652E-07
 4  1  15  4  0.7676E-07
 4  1  16  4  0.8183E-07
 4  1  16  4  0.8061E-07
 4  1  16  4  0.8024E-07
 4  1  16  4  0.8817E-07
 4  1  16  4  0.8105E-07
 4  1  16  4  0.8091E-07
 4  1  16  4  0.8053E-07
 4  1  16  4  0.8038E-07
 4  1  16  4  0.8051E-07
 4  1  16  4  0.8030E-07
 4  1  17  4  0.9210E-07
 4  1  17  4  0.9066E-07
 4  1  17  4  0.9090E-07
 4  1  17  4  0.9103E-07
 4  1  17  4  0.9685E-07
 4  1  17  4  0.9156E-07
 4  1  17  4  0.9131E-07
 4  1  17  4  0.9112E-07
 4  1  17  4  0.9105E-07
 4  1  17  4  0.9126E-07
 4  1  18  4  0.9455E-07
 4  1  18  4  0.9444E-07
 4  1  18  4  0.9341E-07
 4  1  18  4  0.9299E-07
 4  1  18  4  0.9398E-07
 4  1  18  4  0.9458E-07
 4  1  18  4  0.9348E-07
 4  1  18  4  0.9299E-07
 4  1  18  4  0.9401E-07
 4  1  18  4  0.9436E-07
 4  1  19  4  0.1034E-06
 4  1  19  4  0.1033E-06
 4  1  19  4  0.1030E-06
 4  1  19  4  0.1024E-06
 4  1  19  4  0.1030E-06
 4  1  19  4  0.1025E-06
 4  1  19  4  0.1025E-06
 4  1  19  4  0.1028E-06
 4  1  19  4  0.1023E-06
 4  1  19  4  0.1047E-06
 4  1  20  4  0.7545E-07
 4  1  20  4  0.9837E-07
 4  1  20  4  0.9906E-07
 4  1  20  4  0.9888E-07
 4  1  20  4  0.9871E-07
 4  1  20  4  0.9897E-07
 4  1  20  4  0.9850E-07
 4  1  20  4  0.9876E-07
 4  1  20  4  0.9911E-07
 4  1  20  4  0.9846E-07
