 4  1  3  4  0.3457E-07
 4  1  3  4  0.3796E-07
 4  1  3  4  0.3556E-07
 4  1  3  4  0.3491E-07
 4  1  3  4  0.3331E-07
 4  1  3  4  0.3265E-07
 4  1  3  4  0.3197E-07
 4  1  3  4  0.3232E-07
 4  1  3  4  0.3194E-07
 4  1  3  4  0.3179E-07
 4  1  4  4  0.5057E-07
 4  1  4  4  0.4945E-07
 4  1  4  4  0.4850E-07
 4  1  4  4  0.4668E-07
 4  1  4  4  0.4695E-07
 4  1  4  4  0.4669E-07
 4  1  4  4  0.4678E-07
 4  1  4  4  0.4660E-07
 4  1  4  4  0.4714E-07
 4  1  4  4  0.4699E-07
 4  1  5  4  0.6593E-07
 4  1  5  4  0.6649E-07
 4  1  5  4  0.6532E-07
 4  1  5  4  0.6535E-07
 4  1  5  4  0.6518E-07
 4  1  5  4  0.6491E-07
 4  1  5  4  0.6549E-07
 4  1  5  4  0.6528E-07
 4  1  5  4  0.6536E-07
 4  1  5  4  0.6513E-07
 4  1  6  4  0.5250E-07
 4  1  6  4  0.5097E-07
 4  1  6  4  0.5076E-07
 4  1  6  4  0.5095E-07
 4  1  6  4  0.5086E-07
 4  1  6  4  0.5086E-07
 4  1  6  4  0.5082E-07
 4  1  6  4  0.5092E-07
 4  1  6  4  0.5100E-07
 4  1  6  4  0.5084E-07
 4  1  7  4  0.4875E-07
 4  1  7  4  0.4819E-07
 4  1  7  4  0.4809E-07
 4  1  7  4  0.4803E-07
 4  1  7  4  0.4795E-07
 4  1  7  4  0.4800E-07
 4  1  7  4  0.4810E-07
 4  1  7  4  0.4802E-07
 4  1  7  4  0.4800E-07
 4  1  7  4  0.4790E-07
 4  1  8  4  0.4126E-07
 4  1  8  4  0.4082E-07
 4  1  8  4  0.4063E-07
 4  1  8  4  0.4058E-07
 4  1  8  4  0.4071E-07
 4  1  8  4  0.4072E-07
 4  1  8  4  0.4054E-07
 4  1  8  4  0.4052E-07
 4  1  8  4  0.4050E-07
 4  1  8  4  0.4054E-07
 4  1  9  4  0.5151E-07
 4  1  9  4  0.5056E-07
 4  1  9  4  0.5051E-07
 4  1  9  4  0.5048E-07
 4  1  9  4  0.5051E-07
 4  1  9  4  0.5058E-07
 4  1  9  4  0.5048E-07
 4  1  9  4  0.5057E-07
 4  1  9  4  0.5049E-07
 4  1  9  4  0.5060E-07
 4  1  10  4  0.5615E-07
 4  1  10  4  0.5603E-07
 4  1  10  4  0.5591E-07
 4  1  10  4  0.5579E-07
 4  1  10  4  0.5573E-07
 4  1  10  4  0.5575E-07
 4  1  10  4  0.5559E-07
 4  1  10  4  0.5563E-07
 4  1  10  4  0.5576E-07
 4  1  10  4  0.5554E-07
 4  1  11  4  0.5873E-07
 4  1  11  4  0.5787E-07
 4  1  11  4  0.5790E-07
 4  1  11  4  0.5788E-07
 4  1  11  4  0.5789E-07
 4  1  11  4  0.5789E-07
 4  1  11  4  0.5820E-07
 4  1  11  4  0.5809E-07
 4  1  11  4  0.5800E-07
 4  1  11  4  0.5790E-07
 4  1  12  4  0.6010E-07
 4  1  12  4  0.5959E-07
 4  1  12  4  0.5967E-07
 4  1  12  4  0.5962E-07
 4  1  12  4  0.5971E-07
 4  1  12  4  0.5962E-07
 4  1  12  4  0.5993E-07
 4  1  12  4  0.5981E-07
 4  1  12  4  0.5968E-07
 4  1  12  4  0.5975E-07
 4  1  13  4  0.7340E-07
 4  1  13  4  0.7301E-07
 4  1  13  4  0.7286E-07
 4  1  13  4  0.7287E-07
 4  1  13  4  0.7281E-07
 4  1  13  4  0.7286E-07
 4  1  13  4  0.7277E-07
 4  1  13  4  0.7283E-07
 4  1  13  4  0.7310E-07
 4  1  13  4  0.7282E-07
 4  1  14  4  0.6799E-07
 4  1  14  4  0.6781E-07
 4  1  14  4  0.6775E-07
 4  1  14  4  0.6792E-07
 4  1  14  4  0.6783E-07
 4  1  14  4  0.6806E-07
 4  1  14  4  0.6782E-07
 4  1  14  4  0.6776E-07
 4  1  14  4  0.6969E-07
 4  1  14  4  0.6974E-07
 4  1  15  4  0.7265E-07
 4  1  15  4  0.7234E-07
 4  1  15  4  0.7234E-07
 4  1  15  4  0.7229E-07
 4  1  15  4  0.7233E-07
 4  1  15  4  0.7234E-07
 4  1  15  4  0.7238E-07
 4  1  15  4  0.7236E-07
 4  1  15  4  0.7235E-07
 4  1  15  4  0.7232E-07
 4  1  16  4  0.6717E-07
 4  1  16  4  0.6711E-07
 4  1  16  4  0.6706E-07
 4  1  16  4  0.6698E-07
 4  1  16  4  0.6699E-07
 4  1  16  4  0.6704E-07
 4  1  16  4  0.6698E-07
 4  1  16  4  0.6704E-07
 4  1  16  4  0.6706E-07
 4  1  16  4  0.6698E-07
 4  1  17  4  0.8753E-07
 4  1  17  4  0.8824E-07
 4  1  17  4  0.8904E-07
 4  1  17  4  0.8905E-07
 4  1  17  4  0.8901E-07
 4  1  17  4  0.8900E-07
 4  1  17  4  0.8886E-07
 4  1  17  4  0.8863E-07
 4  1  17  4  0.8860E-07
 4  1  17  4  0.8932E-07
 4  1  18  4  0.8301E-07
 4  1  18  4  0.8286E-07
 4  1  18  4  0.8325E-07
 4  1  18  4  0.8360E-07
 4  1  18  4  0.8356E-07
 4  1  18  4  0.8353E-07
 4  1  18  4  0.8363E-07
 4  1  18  4  0.8359E-07
 4  1  18  4  0.8358E-07
 4  1  18  4  0.8377E-07
 4  1  19  4  0.8788E-07
 4  1  19  4  0.8835E-07
 4  1  19  4  0.8836E-07
 4  1  19  4  0.8857E-07
 4  1  19  4  0.8890E-07
 4  1  19  4  0.8882E-07
 4  1  19  4  0.8880E-07
 4  1  19  4  0.8880E-07
 4  1  19  4  0.8875E-07
 4  1  19  4  0.8875E-07
 4  1  20  4  0.8364E-07
 4  1  20  4  0.8348E-07
 4  1  20  4  0.8351E-07
 4  1  20  4  0.8347E-07
 4  1  20  4  0.8379E-07
 4  1  20  4  0.8382E-07
 4  1  20  4  0.8378E-07
 4  1  20  4  0.8382E-07
 4  1  20  4  0.8381E-07
 4  1  20  4  0.8379E-07
