 4  2  3  8  0.1660E-06
 4  2  3  8  0.1480E-06
 4  2  3  8  0.1460E-06
 4  2  3  8  0.1503E-06
 4  2  3  8  0.1465E-06
 4  2  3  8  0.1487E-06
 4  2  3  8  0.1562E-06
 4  2  3  8  0.1506E-06
 4  2  3  8  0.1583E-06
 4  2  3  8  0.1513E-06
 4  2  4  8  0.6578E-07
 4  2  4  8  0.5871E-07
 4  2  4  8  0.6249E-07
 4  2  4  8  0.6043E-07
 4  2  4  8  0.5892E-07
 4  2  4  8  0.6002E-07
 4  2  4  8  0.5940E-07
 4  2  4  8  0.5763E-07
 4  2  4  8  0.5735E-07
 4  2  4  8  0.5891E-07
 4  2  5  8  0.4879E-07
 4  2  5  8  0.4775E-07
 4  2  5  8  0.4779E-07
 4  2  5  8  0.4714E-07
 4  2  5  8  0.4802E-07
 4  2  5  8  0.4768E-07
 4  2  5  8  0.4796E-07
 4  2  5  8  0.4677E-07
 4  2  5  8  0.4808E-07
 4  2  5  8  0.4694E-07
 4  2  6  8  0.3714E-07
 4  2  6  8  0.3596E-07
 4  2  6  8  0.3591E-07
 4  2  6  8  0.3594E-07
 4  2  6  8  0.3727E-07
 4  2  6  8  0.3646E-07
 4  2  6  8  0.3603E-07
 4  2  6  8  0.3618E-07
 4  2  6  8  0.3602E-07
 4  2  6  8  0.3598E-07
 4  2  7  8  0.3221E-07
 4  2  7  8  0.3148E-07
 4  2  7  8  0.3139E-07
 4  2  7  8  0.3188E-07
 4  2  7  8  0.3134E-07
 4  2  7  8  0.3136E-07
 4  2  7  8  0.3188E-07
 4  2  7  8  0.3166E-07
 4  2  7  8  0.3156E-07
 4  2  7  8  0.3174E-07
 4  2  8  8  0.2573E-07
 4  2  8  8  0.2512E-07
 4  2  8  8  0.2532E-07
 4  2  8  8  0.2493E-07
 4  2  8  8  0.2592E-07
 4  2  8  8  0.2525E-07
 4  2  8  8  0.2546E-07
 4  2  8  8  0.2533E-07
 4  2  8  8  0.2521E-07
 4  2  8  8  0.2518E-07
 4  2  9  8  0.2914E-07
 4  2  9  8  0.2865E-07
 4  2  9  8  0.2853E-07
 4  2  9  8  0.2850E-07
 4  2  9  8  0.2854E-07
 4  2  9  8  0.2847E-07
 4  2  9  8  0.2867E-07
 4  2  9  8  0.2845E-07
 4  2  9  8  0.2837E-07
 4  2  9  8  0.2838E-07
 4  2  10  8  0.3359E-07
 4  2  10  8  0.3216E-07
 4  2  10  8  0.3263E-07
 4  2  10  8  0.3234E-07
 4  2  10  8  0.3249E-07
 4  2  10  8  0.3251E-07
 4  2  10  8  0.3266E-07
 4  2  10  8  0.3277E-07
 4  2  10  8  0.3278E-07
 4  2  10  8  0.3222E-07
 4  2  11  8  0.3802E-07
 4  2  11  8  0.3637E-07
 4  2  11  8  0.3683E-07
 4  2  11  8  0.3644E-07
 4  2  11  8  0.3614E-07
 4  2  11  8  0.3619E-07
 4  2  11  8  0.3608E-07
 4  2  11  8  0.3639E-07
 4  2  11  8  0.3649E-07
 4  2  11  8  0.3587E-07
 4  2  12  8  0.3895E-07
 4  2  12  8  0.3864E-07
 4  2  12  8  0.3858E-07
 4  2  12  8  0.3849E-07
 4  2  12  8  0.3842E-07
 4  2  12  8  0.3849E-07
 4  2  12  8  0.3847E-07
 4  2  12  8  0.3861E-07
 4  2  12  8  0.3872E-07
 4  2  12  8  0.3859E-07
 4  2  13  8  0.4310E-07
 4  2  13  8  0.4296E-07
 4  2  13  8  0.4298E-07
 4  2  13  8  0.4308E-07
 4  2  13  8  0.4318E-07
 4  2  13  8  0.4309E-07
 4  2  13  8  0.4302E-07
 4  2  13  8  0.4311E-07
 4  2  13  8  0.4294E-07
 4  2  13  8  0.4324E-07
 4  2  14  8  0.3945E-07
 4  2  14  8  0.3934E-07
 4  2  14  8  0.3937E-07
 4  2  14  8  0.3947E-07
 4  2  14  8  0.3949E-07
 4  2  14  8  0.3957E-07
 4  2  14  8  0.3955E-07
 4  2  14  8  0.3958E-07
 4  2  14  8  0.3954E-07
 4  2  14  8  0.3948E-07
 4  2  15  8  0.4286E-07
 4  2  15  8  0.4265E-07
 4  2  15  8  0.4260E-07
 4  2  15  8  0.4263E-07
 4  2  15  8  0.4261E-07
 4  2  15  8  0.4266E-07
 4  2  15  8  0.4258E-07
 4  2  15  8  0.4252E-07
 4  2  15  8  0.4261E-07
 4  2  15  8  0.4263E-07
 4  2  16  8  0.3868E-07
 4  2  16  8  0.3856E-07
 4  2  16  8  0.3853E-07
 4  2  16  8  0.3856E-07
 4  2  16  8  0.3856E-07
 4  2  16  8  0.3856E-07
 4  2  16  8  0.3870E-07
 4  2  16  8  0.3866E-07
 4  2  16  8  0.3863E-07
 4  2  16  8  0.3861E-07
 4  2  17  8  0.4713E-07
 4  2  17  8  0.4693E-07
 4  2  17  8  0.4691E-07
 4  2  17  8  0.4718E-07
 4  2  17  8  0.4717E-07
 4  2  17  8  0.4718E-07
 4  2  17  8  0.4710E-07
 4  2  17  8  0.4718E-07
 4  2  17  8  0.4712E-07
 4  2  17  8  0.4719E-07
 4  2  18  8  0.4550E-07
 4  2  18  8  0.4540E-07
 4  2  18  8  0.4536E-07
 4  2  18  8  0.4534E-07
 4  2  18  8  0.4535E-07
 4  2  18  8  0.4535E-07
 4  2  18  8  0.4538E-07
 4  2  18  8  0.4538E-07
 4  2  18  8  0.4531E-07
 4  2  18  8  0.4533E-07
 4  2  19  8  0.4733E-07
 4  2  19  8  0.4724E-07
 4  2  19  8  0.4719E-07
 4  2  19  8  0.4720E-07
 4  2  19  8  0.4720E-07
 4  2  19  8  0.4724E-07
 4  2  19  8  0.4717E-07
 4  2  19  8  0.4717E-07
 4  2  19  8  0.4718E-07
 4  2  19  8  0.4718E-07
 4  2  20  8  0.4436E-07
 4  2  20  8  0.4414E-07
 4  2  20  8  0.4412E-07
 4  2  20  8  0.4410E-07
 4  2  20  8  0.4419E-07
 4  2  20  8  0.4428E-07
 4  2  20  8  0.4428E-07
 4  2  20  8  0.4425E-07
 4  2  20  8  0.4433E-07
 4  2  20  8  0.4444E-07
