 4  64  3  256  0.1465E-07
 4  64  3  256  0.1275E-07
 4  64  3  256  0.1295E-07
 4  64  3  256  0.1304E-07
 4  64  3  256  0.1290E-07
 4  64  3  256  0.1293E-07
 4  64  3  256  0.1295E-07
 4  64  3  256  0.1296E-07
 4  64  3  256  0.1292E-07
 4  64  3  256  0.1298E-07
 4  64  4  256  0.7015E-08
 4  64  4  256  0.6315E-08
 4  64  4  256  0.6352E-08
 4  64  4  256  0.6339E-08
 4  64  4  256  0.6259E-08
 4  64  4  256  0.6386E-08
 4  64  4  256  0.6448E-08
 4  64  4  256  0.6274E-08
 4  64  4  256  0.6258E-08
 4  64  4  256  0.6344E-08
 4  64  5  256  0.4423E-08
 4  64  5  256  0.4035E-08
 4  64  5  256  0.4006E-08
 4  64  5  256  0.4044E-08
 4  64  5  256  0.4039E-08
 4  64  5  256  0.4000E-08
 4  64  5  256  0.4027E-08
 4  64  5  256  0.3987E-08
 4  64  5  256  0.4094E-08
 4  64  5  256  0.3998E-08
 4  64  6  256  0.3354E-08
 4  64  6  256  0.3147E-08
 4  64  6  256  0.3159E-08
 4  64  6  256  0.3118E-08
 4  64  6  256  0.3095E-08
 4  64  6  256  0.3149E-08
 4  64  6  256  0.3097E-08
 4  64  6  256  0.3099E-08
 4  64  6  256  0.3089E-08
 4  64  6  256  0.3075E-08
 4  64  7  256  0.3141E-08
 4  64  7  256  0.2979E-08
 4  64  7  256  0.3053E-08
 4  64  7  256  0.2975E-08
 4  64  7  256  0.2978E-08
 4  64  7  256  0.3004E-08
 4  64  7  256  0.2997E-08
 4  64  7  256  0.2998E-08
 4  64  7  256  0.3005E-08
 4  64  7  256  0.2970E-08
 4  64  8  256  0.3309E-08
 4  64  8  256  0.3180E-08
 4  64  8  256  0.3208E-08
 4  64  8  256  0.3201E-08
 4  64  8  256  0.3179E-08
 4  64  8  256  0.3177E-08
 4  64  8  256  0.3183E-08
 4  64  8  256  0.3173E-08
 4  64  8  256  0.3179E-08
 4  64  8  256  0.3191E-08
 4  64  9  256  0.3202E-08
 4  64  9  256  0.3118E-08
 4  64  9  256  0.3114E-08
 4  64  9  256  0.3109E-08
 4  64  9  256  0.3114E-08
 4  64  9  256  0.3108E-08
 4  64  9  256  0.3114E-08
 4  64  9  256  0.3117E-08
 4  64  9  256  0.3110E-08
 4  64  9  256  0.3108E-08
 4  64  10  256  0.3003E-08
 4  64  10  256  0.2956E-08
 4  64  10  256  0.2960E-08
 4  64  10  256  0.2956E-08
 4  64  10  256  0.2963E-08
 4  64  10  256  0.2961E-08
 4  64  10  256  0.2950E-08
 4  64  10  256  0.2960E-08
 4  64  10  256  0.2959E-08
 4  64  10  256  0.2952E-08
 4  64  11  256  0.2671E-08
 4  64  11  256  0.2597E-08
 4  64  11  256  0.2596E-08
 4  64  11  256  0.2614E-08
 4  64  11  256  0.2619E-08
 4  64  11  256  0.2619E-08
 4  64  11  256  0.2607E-08
 4  64  11  256  0.2608E-08
 4  64  11  256  0.2622E-08
 4  64  11  256  0.2597E-08
 4  64  12  256  0.2408E-08
 4  64  12  256  0.2376E-08
 4  64  12  256  0.2379E-08
 4  64  12  256  0.2381E-08
 4  64  12  256  0.2370E-08
 4  64  12  256  0.2363E-08
 4  64  12  256  0.2357E-08
 4  64  12  256  0.2359E-08
 4  64  12  256  0.2367E-08
 4  64  12  256  0.2359E-08
 4  64  13  256  0.2461E-08
 4  64  13  256  0.2391E-08
 4  64  13  256  0.2391E-08
 4  64  13  256  0.2552E-08
 4  64  13  256  0.2622E-08
 4  64  13  256  0.2408E-08
 4  64  13  256  0.2387E-08
 4  64  13  256  0.2381E-08
 4  64  13  256  0.2383E-08
 4  64  13  256  0.2397E-08
 4  64  14  256  0.2257E-08
 4  64  14  256  0.2195E-08
 4  64  14  256  0.2188E-08
 4  64  14  256  0.2185E-08
 4  64  14  256  0.2194E-08
 4  64  14  256  0.2186E-08
 4  64  14  256  0.2197E-08
 4  64  14  256  0.2200E-08
 4  64  14  256  0.2191E-08
 4  64  14  256  0.2185E-08
 4  64  15  256  0.2335E-08
 4  64  15  256  0.2289E-08
 4  64  15  256  0.2285E-08
 4  64  15  256  0.2282E-08
 4  64  15  256  0.2280E-08
 4  64  15  256  0.2280E-08
 4  64  15  256  0.2283E-08
 4  64  15  256  0.2283E-08
 4  64  15  256  0.2288E-08
 4  64  15  256  0.2283E-08
 4  64  16  256  0.2488E-08
 4  64  16  256  0.2430E-08
 4  64  16  256  0.2435E-08
 4  64  16  256  0.2435E-08
 4  64  16  256  0.2437E-08
 4  64  16  256  0.2431E-08
 4  64  16  256  0.2433E-08
 4  64  16  256  0.2436E-08
 4  64  16  256  0.2438E-08
 4  64  16  256  0.2430E-08
 4  64  17  256  0.2538E-08
 4  64  17  256  0.2463E-08
 4  64  17  256  0.2468E-08
 4  64  17  256  0.2618E-08
 4  64  17  256  0.2464E-08
 4  64  17  256  0.2462E-08
 4  64  17  256  0.2467E-08
 4  64  17  256  0.2461E-08
 4  64  17  256  0.2466E-08
 4  64  17  256  0.2463E-08
 4  64  18  256  0.2363E-08
 4  64  18  256  0.2335E-08
 4  64  18  256  0.2321E-08
 4  64  18  256  0.2312E-08
 4  64  18  256  0.2312E-08
 4  64  18  256  0.2334E-08
 4  64  18  256  0.2315E-08
 4  64  18  256  0.2314E-08
 4  64  18  256  0.2315E-08
 4  64  18  256  0.2335E-08
 4  64  19  256  0.2348E-08
 4  64  19  256  0.2286E-08
 4  64  19  256  0.2283E-08
 4  64  19  256  0.2298E-08
 4  64  19  256  0.2290E-08
 4  64  19  256  0.2281E-08
 4  64  19  256  0.2285E-08
 4  64  19  256  0.2292E-08
 4  64  19  256  0.2280E-08
 4  64  19  256  0.2283E-08
 4  64  20  256  0.2348E-08
 4  64  20  256  0.2321E-08
 4  64  20  256  0.2313E-08
 4  64  20  256  0.2307E-08
 4  64  20  256  0.2316E-08
 4  64  20  256  0.2307E-08
 4  64  20  256  0.2308E-08
 4  64  20  256  0.2313E-08
 4  64  20  256  0.2308E-08
 4  64  20  256  0.2316E-08
