 4  16  3  64  0.8490E-07
 4  16  3  64  0.3739E-07
 4  16  3  64  0.3606E-07
 4  16  3  64  0.3587E-07
 4  16  3  64  0.4401E-07
 4  16  3  64  0.3587E-07
 4  16  3  64  0.3532E-07
 4  16  3  64  0.3551E-07
 4  16  3  64  0.4033E-07
 4  16  3  64  0.3546E-07
 4  16  4  64  0.3531E-07
 4  16  4  64  0.1700E-07
 4  16  4  64  0.1653E-07
 4  16  4  64  0.1863E-07
 4  16  4  64  0.1717E-07
 4  16  4  64  0.1684E-07
 4  16  4  64  0.1653E-07
 4  16  4  64  0.2148E-07
 4  16  4  64  0.1946E-07
 4  16  4  64  0.1735E-07
 4  16  5  64  0.2417E-07
 4  16  5  64  0.1283E-07
 4  16  5  64  0.1333E-07
 4  16  5  64  0.1380E-07
 4  16  5  64  0.1479E-07
 4  16  5  64  0.1130E-07
 4  16  5  64  0.1363E-07
 4  16  5  64  0.1321E-07
 4  16  5  64  0.1195E-07
 4  16  5  64  0.1308E-07
 4  16  6  64  0.1664E-07
 4  16  6  64  0.8273E-08
 4  16  6  64  0.8491E-08
 4  16  6  64  0.8077E-08
 4  16  6  64  0.7813E-08
 4  16  6  64  0.8629E-08
 4  16  6  64  0.7956E-08
 4  16  6  64  0.8250E-08
 4  16  6  64  0.7859E-08
 4  16  6  64  0.7594E-08
 4  16  7  64  0.1216E-07
 4  16  7  64  0.7411E-08
 4  16  7  64  0.6817E-08
 4  16  7  64  0.7150E-08
 4  16  7  64  0.6770E-08
 4  16  7  64  0.7063E-08
 4  16  7  64  0.8138E-08
 4  16  7  64  0.7592E-08
 4  16  7  64  0.6727E-08
 4  16  7  64  0.7259E-08
 4  16  8  64  0.8818E-08
 4  16  8  64  0.7354E-08
 4  16  8  64  0.7560E-08
 4  16  8  64  0.7324E-08
 4  16  8  64  0.7191E-08
 4  16  8  64  0.6755E-08
 4  16  8  64  0.6764E-08
 4  16  8  64  0.7162E-08
 4  16  8  64  0.7232E-08
 4  16  8  64  0.7213E-08
 4  16  9  64  0.5212E-08
 4  16  9  64  0.5193E-08
 4  16  9  64  0.5191E-08
 4  16  9  64  0.5177E-08
 4  16  9  64  0.5219E-08
 4  16  9  64  0.5183E-08
 4  16  9  64  0.5185E-08
 4  16  9  64  0.5194E-08
 4  16  9  64  0.5186E-08
 4  16  9  64  0.5196E-08
 4  16  10  64  0.5816E-08
 4  16  10  64  0.5771E-08
 4  16  10  64  0.5779E-08
 4  16  10  64  0.5769E-08
 4  16  10  64  0.5768E-08
 4  16  10  64  0.5773E-08
 4  16  10  64  0.5763E-08
 4  16  10  64  0.5769E-08
 4  16  10  64  0.5785E-08
 4  16  10  64  0.5775E-08
 4  16  11  64  0.5630E-08
 4  16  11  64  0.5581E-08
 4  16  11  64  0.5574E-08
 4  16  11  64  0.5590E-08
 4  16  11  64  0.5576E-08
 4  16  11  64  0.5607E-08
 4  16  11  64  0.5577E-08
 4  16  11  64  0.5575E-08
 4  16  11  64  0.5572E-08
 4  16  11  64  0.5576E-08
 4  16  12  64  0.4807E-08
 4  16  12  64  0.4791E-08
 4  16  12  64  0.4785E-08
 4  16  12  64  0.4788E-08
 4  16  12  64  0.4793E-08
 4  16  12  64  0.4778E-08
 4  16  12  64  0.4782E-08
 4  16  12  64  0.4778E-08
 4  16  12  64  0.4785E-08
 4  16  12  64  0.4779E-08
 4  16  13  64  0.5393E-08
 4  16  13  64  0.5376E-08
 4  16  13  64  0.5381E-08
 4  16  13  64  0.5379E-08
 4  16  13  64  0.5389E-08
 4  16  13  64  0.5372E-08
 4  16  13  64  0.5389E-08
 4  16  13  64  0.5389E-08
 4  16  13  64  0.5388E-08
 4  16  13  64  0.5383E-08
 4  16  14  64  0.4516E-08
 4  16  14  64  0.4505E-08
 4  16  14  64  0.4509E-08
 4  16  14  64  0.4518E-08
 4  16  14  64  0.4505E-08
 4  16  14  64  0.4502E-08
 4  16  14  64  0.4502E-08
 4  16  14  64  0.4507E-08
 4  16  14  64  0.4502E-08
 4  16  14  64  0.4509E-08
 4  16  15  64  0.4803E-08
 4  16  15  64  0.4788E-08
 4  16  15  64  0.4792E-08
 4  16  15  64  0.4788E-08
 4  16  15  64  0.4785E-08
 4  16  15  64  0.4785E-08
 4  16  15  64  0.4791E-08
 4  16  15  64  0.4788E-08
 4  16  15  64  0.4786E-08
 4  16  15  64  0.4787E-08
 4  16  16  64  0.4601E-08
 4  16  16  64  0.4597E-08
 4  16  16  64  0.4582E-08
 4  16  16  64  0.4603E-08
 4  16  16  64  0.4595E-08
 4  16  16  64  0.4599E-08
 4  16  16  64  0.4597E-08
 4  16  16  64  0.4601E-08
 4  16  16  64  0.4593E-08
 4  16  16  64  0.4594E-08
 4  16  17  64  0.5447E-08
 4  16  17  64  0.5433E-08
 4  16  17  64  0.5442E-08
 4  16  17  64  0.5442E-08
 4  16  17  64  0.5439E-08
 4  16  17  64  0.5452E-08
 4  16  17  64  0.5440E-08
 4  16  17  64  0.5438E-08
 4  16  17  64  0.5452E-08
 4  16  17  64  0.5437E-08
 4  16  18  64  0.5110E-08
 4  16  18  64  0.5115E-08
 4  16  18  64  0.5114E-08
 4  16  18  64  0.5109E-08
 4  16  18  64  0.5104E-08
 4  16  18  64  0.5101E-08
 4  16  18  64  0.5112E-08
 4  16  18  64  0.5101E-08
 4  16  18  64  0.5118E-08
 4  16  18  64  0.5109E-08
 4  16  19  64  0.5656E-08
 4  16  19  64  0.5652E-08
 4  16  19  64  0.5649E-08
 4  16  19  64  0.5644E-08
 4  16  19  64  0.5648E-08
 4  16  19  64  0.5647E-08
 4  16  19  64  0.5645E-08
 4  16  19  64  0.5645E-08
 4  16  19  64  0.5645E-08
 4  16  19  64  0.5643E-08
 4  16  20  64  0.5437E-08
 4  16  20  64  0.5435E-08
 4  16  20  64  0.5434E-08
 4  16  20  64  0.5442E-08
 4  16  20  64  0.5439E-08
 4  16  20  64  0.5435E-08
 4  16  20  64  0.5432E-08
 4  16  20  64  0.5436E-08
 4  16  20  64  0.5437E-08
 4  16  20  64  0.5438E-08
