 4  4  3  16  0.5551E-07
 4  4  3  16  0.2036E-06
 4  4  3  16  0.1242E-06
 4  4  3  16  0.1367E-06
 4  4  3  16  0.1258E-06
 4  4  3  16  0.1829E-06
 4  4  3  16  0.1589E-06
 4  4  3  16  0.1280E-06
 4  4  3  16  0.1597E-06
 4  4  3  16  0.1437E-06
 4  4  4  16  0.4150E-07
 4  4  4  16  0.3337E-07
 4  4  4  16  0.7683E-07
 4  4  4  16  0.1080E-06
 4  4  4  16  0.7908E-07
 4  4  4  16  0.8560E-07
 4  4  4  16  0.8630E-07
 4  4  4  16  0.8335E-07
 4  4  4  16  0.8304E-07
 4  4  4  16  0.7388E-07
 4  4  5  16  0.2659E-07
 4  4  5  16  0.2424E-07
 4  4  5  16  0.2457E-07
 4  4  5  16  0.4164E-07
 4  4  5  16  0.5400E-07
 4  4  5  16  0.5833E-07
 4  4  5  16  0.4284E-07
 4  4  5  16  0.3898E-07
 4  4  5  16  0.4470E-07
 4  4  5  16  0.4919E-07
 4  4  6  16  0.2355E-07
 4  4  6  16  0.2203E-07
 4  4  6  16  0.2137E-07
 4  4  6  16  0.2137E-07
 4  4  6  16  0.3355E-07
 4  4  6  16  0.3599E-07
 4  4  6  16  0.3038E-07
 4  4  6  16  0.3502E-07
 4  4  6  16  0.3210E-07
 4  4  6  16  0.3548E-07
 4  4  7  16  0.2204E-07
 4  4  7  16  0.1929E-07
 4  4  7  16  0.1960E-07
 4  4  7  16  0.1899E-07
 4  4  7  16  0.1930E-07
 4  4  7  16  0.3001E-07
 4  4  7  16  0.2835E-07
 4  4  7  16  0.3044E-07
 4  4  7  16  0.2848E-07
 4  4  7  16  0.3067E-07
 4  4  8  16  0.1812E-07
 4  4  8  16  0.1679E-07
 4  4  8  16  0.1648E-07
 4  4  8  16  0.1649E-07
 4  4  8  16  0.1665E-07
 4  4  8  16  0.1663E-07
 4  4  8  16  0.2470E-07
 4  4  8  16  0.2429E-07
 4  4  8  16  0.2535E-07
 4  4  8  16  0.2364E-07
 4  4  9  16  0.1817E-07
 4  4  9  16  0.1742E-07
 4  4  9  16  0.1740E-07
 4  4  9  16  0.1749E-07
 4  4  9  16  0.1737E-07
 4  4  9  16  0.1740E-07
 4  4  9  16  0.1746E-07
 4  4  9  16  0.1736E-07
 4  4  9  16  0.2352E-07
 4  4  9  16  0.2375E-07
 4  4  10  16  0.2041E-07
 4  4  10  16  0.1975E-07
 4  4  10  16  0.1977E-07
 4  4  10  16  0.1976E-07
 4  4  10  16  0.1964E-07
 4  4  10  16  0.1977E-07
 4  4  10  16  0.1973E-07
 4  4  10  16  0.1983E-07
 4  4  10  16  0.1978E-07
 4  4  10  16  0.1991E-07
 4  4  11  16  0.1976E-07
 4  4  11  16  0.1933E-07
 4  4  11  16  0.1939E-07
 4  4  11  16  0.1936E-07
 4  4  11  16  0.1937E-07
 4  4  11  16  0.1938E-07
 4  4  11  16  0.1932E-07
 4  4  11  16  0.1931E-07
 4  4  11  16  0.1933E-07
 4  4  11  16  0.1936E-07
 4  4  12  16  0.1775E-07
 4  4  12  16  0.1739E-07
 4  4  12  16  0.1738E-07
 4  4  12  16  0.1739E-07
 4  4  12  16  0.1741E-07
 4  4  12  16  0.1739E-07
 4  4  12  16  0.1738E-07
 4  4  12  16  0.1736E-07
 4  4  12  16  0.1739E-07
 4  4  12  16  0.1738E-07
 4  4  13  16  0.1926E-07
 4  4  13  16  0.1895E-07
 4  4  13  16  0.1895E-07
 4  4  13  16  0.1887E-07
 4  4  13  16  0.1886E-07
 4  4  13  16  0.1895E-07
 4  4  13  16  0.1891E-07
 4  4  13  16  0.1892E-07
 4  4  13  16  0.1898E-07
 4  4  13  16  0.1890E-07
 4  4  14  16  0.1660E-07
 4  4  14  16  0.1637E-07
 4  4  14  16  0.1640E-07
 4  4  14  16  0.1637E-07
 4  4  14  16  0.1637E-07
 4  4  14  16  0.1637E-07
 4  4  14  16  0.1634E-07
 4  4  14  16  0.1638E-07
 4  4  14  16  0.1640E-07
 4  4  14  16  0.1641E-07
 4  4  15  16  0.1782E-07
 4  4  15  16  0.1763E-07
 4  4  15  16  0.1761E-07
 4  4  15  16  0.1762E-07
 4  4  15  16  0.1764E-07
 4  4  15  16  0.1764E-07
 4  4  15  16  0.1762E-07
 4  4  15  16  0.1763E-07
 4  4  15  16  0.1762E-07
 4  4  15  16  0.1764E-07
 4  4  16  16  0.1724E-07
 4  4  16  16  0.1714E-07
 4  4  16  16  0.1714E-07
 4  4  16  16  0.1712E-07
 4  4  16  16  0.1710E-07
 4  4  16  16  0.1707E-07
 4  4  16  16  0.1704E-07
 4  4  16  16  0.1704E-07
 4  4  16  16  0.1707E-07
 4  4  16  16  0.1707E-07
 4  4  17  16  0.2119E-07
 4  4  17  16  0.2104E-07
 4  4  17  16  0.2099E-07
 4  4  17  16  0.2100E-07
 4  4  17  16  0.2096E-07
 4  4  17  16  0.2095E-07
 4  4  17  16  0.2094E-07
 4  4  17  16  0.2103E-07
 4  4  17  16  0.2103E-07
 4  4  17  16  0.2101E-07
 4  4  18  16  0.1957E-07
 4  4  18  16  0.1939E-07
 4  4  18  16  0.1943E-07
 4  4  18  16  0.1940E-07
 4  4  18  16  0.1938E-07
 4  4  18  16  0.1939E-07
 4  4  18  16  0.1940E-07
 4  4  18  16  0.1940E-07
 4  4  18  16  0.1937E-07
 4  4  18  16  0.1937E-07
 4  4  19  16  0.2155E-07
 4  4  19  16  0.2150E-07
 4  4  19  16  0.2151E-07
 4  4  19  16  0.2152E-07
 4  4  19  16  0.2152E-07
 4  4  19  16  0.2156E-07
 4  4  19  16  0.2155E-07
 4  4  19  16  0.2155E-07
 4  4  19  16  0.2154E-07
 4  4  19  16  0.2156E-07
 4  4  20  16  0.2060E-07
 4  4  20  16  0.2051E-07
 4  4  20  16  0.2051E-07
 4  4  20  16  0.2052E-07
 4  4  20  16  0.2055E-07
 4  4  20  16  0.2052E-07
 4  4  20  16  0.2048E-07
 4  4  20  16  0.2049E-07
 4  4  20  16  0.2050E-07
 4  4  20  16  0.2054E-07
