 4  8  3  32  0.4153E-07
 4  8  3  32  0.1138E-06
 4  8  3  32  0.1104E-06
 4  8  3  32  0.1130E-06
 4  8  3  32  0.1088E-06
 4  8  3  32  0.1064E-06
 4  8  3  32  0.8021E-07
 4  8  3  32  0.8334E-07
 4  8  3  32  0.9677E-07
 4  8  3  32  0.1104E-06
 4  8  4  32  0.3345E-07
 4  8  4  32  0.3090E-07
 4  8  4  32  0.5456E-07
 4  8  4  32  0.4296E-07
 4  8  4  32  0.4637E-07
 4  8  4  32  0.4199E-07
 4  8  4  32  0.5390E-07
 4  8  4  32  0.5584E-07
 4  8  4  32  0.5305E-07
 4  8  4  32  0.4214E-07
 4  8  5  32  0.2234E-07
 4  8  5  32  0.2167E-07
 4  8  5  32  0.2109E-07
 4  8  5  32  0.2189E-07
 4  8  5  32  0.2935E-07
 4  8  5  32  0.3376E-07
 4  8  5  32  0.3141E-07
 4  8  5  32  0.2909E-07
 4  8  5  32  0.2948E-07
 4  8  5  32  0.3068E-07
 4  8  6  32  0.1528E-07
 4  8  6  32  0.1497E-07
 4  8  6  32  0.1449E-07
 4  8  6  32  0.1462E-07
 4  8  6  32  0.1477E-07
 4  8  6  32  0.2455E-07
 4  8  6  32  0.2343E-07
 4  8  6  32  0.2281E-07
 4  8  6  32  0.2431E-07
 4  8  6  32  0.2310E-07
 4  8  7  32  0.1167E-07
 4  8  7  32  0.1065E-07
 4  8  7  32  0.1056E-07
 4  8  7  32  0.1074E-07
 4  8  7  32  0.1041E-07
 4  8  7  32  0.1080E-07
 4  8  7  32  0.1089E-07
 4  8  7  32  0.1061E-07
 4  8  7  32  0.1051E-07
 4  8  7  32  0.1061E-07
 4  8  8  32  0.1038E-07
 4  8  8  32  0.9681E-08
 4  8  8  32  0.9812E-08
 4  8  8  32  0.9703E-08
 4  8  8  32  0.9616E-08
 4  8  8  32  0.9570E-08
 4  8  8  32  0.9639E-08
 4  8  8  32  0.9733E-08
 4  8  8  32  0.1378E-07
 4  8  8  32  0.1390E-07
 4  8  9  32  0.1119E-07
 4  8  9  32  0.1074E-07
 4  8  9  32  0.1071E-07
 4  8  9  32  0.1068E-07
 4  8  9  32  0.1065E-07
 4  8  9  32  0.1067E-07
 4  8  9  32  0.1058E-07
 4  8  9  32  0.1067E-07
 4  8  9  32  0.1064E-07
 4  8  9  32  0.1062E-07
 4  8  10  32  0.1065E-07
 4  8  10  32  0.1025E-07
 4  8  10  32  0.1036E-07
 4  8  10  32  0.1022E-07
 4  8  10  32  0.1028E-07
 4  8  10  32  0.1026E-07
 4  8  10  32  0.1024E-07
 4  8  10  32  0.1027E-07
 4  8  10  32  0.1022E-07
 4  8  10  32  0.1024E-07
 4  8  11  32  0.1018E-07
 4  8  11  32  0.9964E-08
 4  8  11  32  0.9950E-08
 4  8  11  32  0.9983E-08
 4  8  11  32  0.1011E-07
 4  8  11  32  0.9978E-08
 4  8  11  32  0.1005E-07
 4  8  11  32  0.1003E-07
 4  8  11  32  0.1006E-07
 4  8  11  32  0.9955E-08
 4  8  12  32  0.9468E-08
 4  8  12  32  0.9259E-08
 4  8  12  32  0.9241E-08
 4  8  12  32  0.9314E-08
 4  8  12  32  0.9231E-08
 4  8  12  32  0.9226E-08
 4  8  12  32  0.9219E-08
 4  8  12  32  0.9228E-08
 4  8  12  32  0.9232E-08
 4  8  12  32  0.9300E-08
 4  8  13  32  0.9704E-08
 4  8  13  32  0.9553E-08
 4  8  13  32  0.9556E-08
 4  8  13  32  0.9546E-08
 4  8  13  32  0.9659E-08
 4  8  13  32  0.9532E-08
 4  8  13  32  0.9601E-08
 4  8  13  32  0.9568E-08
 4  8  13  32  0.9574E-08
 4  8  13  32  0.9629E-08
 4  8  14  32  0.8802E-08
 4  8  14  32  0.8650E-08
 4  8  14  32  0.8654E-08
 4  8  14  32  0.8685E-08
 4  8  14  32  0.8678E-08
 4  8  14  32  0.8682E-08
 4  8  14  32  0.8680E-08
 4  8  14  32  0.8702E-08
 4  8  14  32  0.8702E-08
 4  8  14  32  0.8708E-08
 4  8  15  32  0.9324E-08
 4  8  15  32  0.9253E-08
 4  8  15  32  0.9280E-08
 4  8  15  32  0.9284E-08
 4  8  15  32  0.9326E-08
 4  8  15  32  0.9313E-08
 4  8  15  32  0.9287E-08
 4  8  15  32  0.9285E-08
 4  8  15  32  0.9285E-08
 4  8  15  32  0.9286E-08
 4  8  16  32  0.8812E-08
 4  8  16  32  0.8760E-08
 4  8  16  32  0.8755E-08
 4  8  16  32  0.8829E-08
 4  8  16  32  0.8747E-08
 4  8  16  32  0.8762E-08
 4  8  16  32  0.8762E-08
 4  8  16  32  0.8725E-08
 4  8  16  32  0.8732E-08
 4  8  16  32  0.8731E-08
 4  8  17  32  0.1080E-07
 4  8  17  32  0.1065E-07
 4  8  17  32  0.1071E-07
 4  8  17  32  0.1063E-07
 4  8  17  32  0.1064E-07
 4  8  17  32  0.1064E-07
 4  8  17  32  0.1064E-07
 4  8  17  32  0.1064E-07
 4  8  17  32  0.1065E-07
 4  8  17  32  0.1063E-07
 4  8  18  32  0.1005E-07
 4  8  18  32  0.1004E-07
 4  8  18  32  0.9989E-08
 4  8  18  32  0.1001E-07
 4  8  18  32  0.1001E-07
 4  8  18  32  0.9991E-08
 4  8  18  32  0.1001E-07
 4  8  18  32  0.9987E-08
 4  8  18  32  0.1001E-07
 4  8  18  32  0.1001E-07
 4  8  19  32  0.1112E-07
 4  8  19  32  0.1104E-07
 4  8  19  32  0.1103E-07
 4  8  19  32  0.1105E-07
 4  8  19  32  0.1104E-07
 4  8  19  32  0.1104E-07
 4  8  19  32  0.1103E-07
 4  8  19  32  0.1102E-07
 4  8  19  32  0.1103E-07
 4  8  19  32  0.1103E-07
 4  8  20  32  0.1058E-07
 4  8  20  32  0.1053E-07
 4  8  20  32  0.1051E-07
 4  8  20  32  0.1052E-07
 4  8  20  32  0.1056E-07
 4  8  20  32  0.1054E-07
 4  8  20  32  0.1053E-07
 4  8  20  32  0.1054E-07
 4  8  20  32  0.1055E-07
 4  8  20  32  0.1055E-07
