 4  4  3  16  0.1713E-06
 4  4  3  16  0.1288E-06
 4  4  3  16  0.1181E-06
 4  4  3  16  0.9640E-07
 4  4  3  16  0.9566E-07
 4  4  3  16  0.1428E-06
 4  4  3  16  0.1119E-06
 4  4  3  16  0.8646E-07
 4  4  3  16  0.8646E-07
 4  4  3  16  0.8628E-07
 4  4  4  16  0.6543E-07
 4  4  4  16  0.4393E-07
 4  4  4  16  0.6674E-07
 4  4  4  16  0.6442E-07
 4  4  4  16  0.4789E-07
 4  4  4  16  0.4261E-07
 4  4  4  16  0.4331E-07
 4  4  4  16  0.5464E-07
 4  4  4  16  0.4719E-07
 4  4  4  16  0.4432E-07
 4  4  5  16  0.6684E-07
 4  4  5  16  0.4347E-07
 4  4  5  16  0.3314E-07
 4  4  5  16  0.3048E-07
 4  4  5  16  0.3787E-07
 4  4  5  16  0.2968E-07
 4  4  5  16  0.2968E-07
 4  4  5  16  0.3032E-07
 4  4  5  16  0.3533E-07
 4  4  5  16  0.4180E-07
 4  4  6  16  0.4043E-07
 4  4  6  16  0.2999E-07
 4  4  6  16  0.3385E-07
 4  4  6  16  0.3454E-07
 4  4  6  16  0.3056E-07
 4  4  6  16  0.3424E-07
 4  4  6  16  0.2923E-07
 4  4  6  16  0.2854E-07
 4  4  6  16  0.3125E-07
 4  4  6  16  0.2778E-07
 4  4  7  16  0.3098E-07
 4  4  7  16  0.2934E-07
 4  4  7  16  0.2291E-07
 4  4  7  16  0.2447E-07
 4  4  7  16  0.2230E-07
 4  4  7  16  0.2654E-07
 4  4  7  16  0.2466E-07
 4  4  7  16  0.2491E-07
 4  4  7  16  0.2569E-07
 4  4  7  16  0.2491E-07
 4  4  8  16  0.2462E-07
 4  4  8  16  0.2388E-07
 4  4  8  16  0.2186E-07
 4  4  8  16  0.2084E-07
 4  4  8  16  0.2287E-07
 4  4  8  16  0.2246E-07
 4  4  8  16  0.2197E-07
 4  4  8  16  0.2169E-07
 4  4  8  16  0.2014E-07
 4  4  8  16  0.2226E-07
 4  4  9  16  0.2400E-07
 4  4  9  16  0.2255E-07
 4  4  9  16  0.2240E-07
 4  4  9  16  0.2226E-07
 4  4  9  16  0.2226E-07
 4  4  9  16  0.2144E-07
 4  4  9  16  0.2086E-07
 4  4  9  16  0.2261E-07
 4  4  9  16  0.2241E-07
 4  4  9  16  0.2154E-07
 4  4  10  16  0.3369E-07
 4  4  10  16  0.3046E-07
 4  4  10  16  0.3015E-07
 4  4  10  16  0.3115E-07
 4  4  10  16  0.2975E-07
 4  4  10  16  0.3100E-07
 4  4  10  16  0.2927E-07
 4  4  10  16  0.3009E-07
 4  4  10  16  0.2998E-07
 4  4  10  16  0.2985E-07
 4  4  11  16  0.2950E-07
 4  4  11  16  0.2764E-07
 4  4  11  16  0.2744E-07
 4  4  11  16  0.2757E-07
 4  4  11  16  0.2705E-07
 4  4  11  16  0.2756E-07
 4  4  11  16  0.2679E-07
 4  4  11  16  0.2672E-07
 4  4  11  16  0.2691E-07
 4  4  11  16  0.2747E-07
 4  4  12  16  0.2355E-07
 4  4  12  16  0.2311E-07
 4  4  12  16  0.2322E-07
 4  4  12  16  0.2283E-07
 4  4  12  16  0.2286E-07
 4  4  12  16  0.2282E-07
 4  4  12  16  0.2230E-07
 4  4  12  16  0.2286E-07
 4  4  12  16  0.2262E-07
 4  4  12  16  0.2222E-07
 4  4  13  16  0.1767E-07
 4  4  13  16  0.1764E-07
 4  4  13  16  0.1772E-07
 4  4  13  16  0.1776E-07
 4  4  13  16  0.1767E-07
 4  4  13  16  0.1773E-07
 4  4  13  16  0.1771E-07
 4  4  13  16  0.1771E-07
 4  4  13  16  0.1769E-07
 4  4  13  16  0.1770E-07
 4  4  14  16  0.1552E-07
 4  4  14  16  0.1548E-07
 4  4  14  16  0.1549E-07
 4  4  14  16  0.1552E-07
 4  4  14  16  0.1549E-07
 4  4  14  16  0.1556E-07
 4  4  14  16  0.1560E-07
 4  4  14  16  0.1556E-07
 4  4  14  16  0.1560E-07
 4  4  14  16  0.1558E-07
 4  4  15  16  0.1682E-07
 4  4  15  16  0.1681E-07
 4  4  15  16  0.1680E-07
 4  4  15  16  0.1682E-07
 4  4  15  16  0.1680E-07
 4  4  15  16  0.1683E-07
 4  4  15  16  0.1683E-07
 4  4  15  16  0.1681E-07
 4  4  15  16  0.1684E-07
 4  4  15  16  0.1684E-07
 4  4  16  16  0.1602E-07
 4  4  16  16  0.1602E-07
 4  4  16  16  0.1596E-07
 4  4  16  16  0.1597E-07
 4  4  16  16  0.1604E-07
 4  4  16  16  0.1604E-07
 4  4  16  16  0.1601E-07
 4  4  16  16  0.1601E-07
 4  4  16  16  0.1601E-07
 4  4  16  16  0.1599E-07
 4  4  17  16  0.1992E-07
 4  4  17  16  0.1990E-07
 4  4  17  16  0.1992E-07
 4  4  17  16  0.1990E-07
 4  4  17  16  0.1990E-07
 4  4  17  16  0.1997E-07
 4  4  17  16  0.1995E-07
 4  4  17  16  0.1996E-07
 4  4  17  16  0.1998E-07
 4  4  17  16  0.1998E-07
 4  4  18  16  0.1869E-07
 4  4  18  16  0.1860E-07
 4  4  18  16  0.1860E-07
 4  4  18  16  0.1861E-07
 4  4  18  16  0.1863E-07
 4  4  18  16  0.1862E-07
 4  4  18  16  0.1860E-07
 4  4  18  16  0.1868E-07
 4  4  18  16  0.1871E-07
 4  4  18  16  0.1868E-07
 4  4  19  16  0.2071E-07
 4  4  19  16  0.2073E-07
 4  4  19  16  0.2069E-07
 4  4  19  16  0.2066E-07
 4  4  19  16  0.2069E-07
 4  4  19  16  0.2066E-07
 4  4  19  16  0.2066E-07
 4  4  19  16  0.2066E-07
 4  4  19  16  0.2068E-07
 4  4  19  16  0.2065E-07
 4  4  20  16  0.1981E-07
 4  4  20  16  0.1979E-07
 4  4  20  16  0.1979E-07
 4  4  20  16  0.1979E-07
 4  4  20  16  0.1980E-07
 4  4  20  16  0.1982E-07
 4  4  20  16  0.1979E-07
 4  4  20  16  0.1981E-07
 4  4  20  16  0.1981E-07
 4  4  20  16  0.1981E-07
