 4  2  3  8  0.1865E-06
 4  2  3  8  0.1450E-06
 4  2  3  8  0.2487E-06
 4  2  3  8  0.1372E-06
 4  2  3  8  0.1450E-06
 4  2  3  8  0.1435E-06
 4  2  3  8  0.1420E-06
 4  2  3  8  0.1420E-06
 4  2  3  8  0.1696E-06
 4  2  3  8  0.2671E-06
 4  2  4  8  0.1315E-06
 4  2  4  8  0.9562E-07
 4  2  4  8  0.9515E-07
 4  2  4  8  0.9888E-07
 4  2  4  8  0.1087E-06
 4  2  4  8  0.1101E-06
 4  2  4  8  0.9375E-07
 4  2  4  8  0.5153E-07
 4  2  4  8  0.1139E-06
 4  2  4  8  0.1164E-06
 4  2  5  8  0.8337E-07
 4  2  5  8  0.7995E-07
 4  2  5  8  0.5794E-07
 4  2  5  8  0.6302E-07
 4  2  5  8  0.6763E-07
 4  2  5  8  0.7566E-07
 4  2  5  8  0.6803E-07
 4  2  5  8  0.7200E-07
 4  2  5  8  0.5937E-07
 4  2  5  8  0.7359E-07
 4  2  6  8  0.5767E-07
 4  2  6  8  0.3974E-07
 4  2  6  8  0.4608E-07
 4  2  6  8  0.4029E-07
 4  2  6  8  0.3744E-07
 4  2  6  8  0.4903E-07
 4  2  6  8  0.4572E-07
 4  2  6  8  0.5303E-07
 4  2  6  8  0.3721E-07
 4  2  6  8  0.5307E-07
 4  2  7  8  0.4811E-07
 4  2  7  8  0.4043E-07
 4  2  7  8  0.4324E-07
 4  2  7  8  0.4142E-07
 4  2  7  8  0.4434E-07
 4  2  7  8  0.4142E-07
 4  2  7  8  0.4388E-07
 4  2  7  8  0.4423E-07
 4  2  7  8  0.4541E-07
 4  2  7  8  0.3887E-07
 4  2  8  8  0.5085E-07
 4  2  8  8  0.4474E-07
 4  2  8  8  0.4688E-07
 4  2  8  8  0.4288E-07
 4  2  8  8  0.4280E-07
 4  2  8  8  0.4249E-07
 4  2  8  8  0.4224E-07
 4  2  8  8  0.4290E-07
 4  2  8  8  0.4232E-07
 4  2  8  8  0.4263E-07
 4  2  9  8  0.4196E-07
 4  2  9  8  0.4139E-07
 4  2  9  8  0.3960E-07
 4  2  9  8  0.4133E-07
 4  2  9  8  0.4001E-07
 4  2  9  8  0.3584E-07
 4  2  9  8  0.3938E-07
 4  2  9  8  0.4008E-07
 4  2  9  8  0.3979E-07
 4  2  9  8  0.4076E-07
 4  2  10  8  0.5695E-07
 4  2  10  8  0.5395E-07
 4  2  10  8  0.5579E-07
 4  2  10  8  0.5517E-07
 4  2  10  8  0.5575E-07
 4  2  10  8  0.5437E-07
 4  2  10  8  0.5625E-07
 4  2  10  8  0.5429E-07
 4  2  10  8  0.5455E-07
 4  2  10  8  0.5546E-07
 4  2  11  8  0.5300E-07
 4  2  11  8  0.4981E-07
 4  2  11  8  0.4972E-07
 4  2  11  8  0.4842E-07
 4  2  11  8  0.4965E-07
 4  2  11  8  0.5037E-07
 4  2  11  8  0.4815E-07
 4  2  11  8  0.4918E-07
 4  2  11  8  0.4969E-07
 4  2  11  8  0.5050E-07
 4  2  12  8  0.4292E-07
 4  2  12  8  0.4036E-07
 4  2  12  8  0.4054E-07
 4  2  12  8  0.4150E-07
 4  2  12  8  0.4169E-07
 4  2  12  8  0.4126E-07
 4  2  12  8  0.4143E-07
 4  2  12  8  0.4080E-07
 4  2  12  8  0.4094E-07
 4  2  12  8  0.4196E-07
 4  2  13  8  0.4557E-07
 4  2  13  8  0.4377E-07
 4  2  13  8  0.4242E-07
 4  2  13  8  0.4311E-07
 4  2  13  8  0.4243E-07
 4  2  13  8  0.4278E-07
 4  2  13  8  0.4305E-07
 4  2  13  8  0.4229E-07
 4  2  13  8  0.4269E-07
 4  2  13  8  0.4567E-07
 4  2  14  8  0.3897E-07
 4  2  14  8  0.3764E-07
 4  2  14  8  0.3723E-07
 4  2  14  8  0.3782E-07
 4  2  14  8  0.3722E-07
 4  2  14  8  0.3731E-07
 4  2  14  8  0.3709E-07
 4  2  14  8  0.3972E-07
 4  2  14  8  0.3758E-07
 4  2  14  8  0.3733E-07
 4  2  15  8  0.4264E-07
 4  2  15  8  0.4080E-07
 4  2  15  8  0.4085E-07
 4  2  15  8  0.4101E-07
 4  2  15  8  0.4143E-07
 4  2  15  8  0.4100E-07
 4  2  15  8  0.4128E-07
 4  2  15  8  0.4090E-07
 4  2  15  8  0.4127E-07
 4  2  15  8  0.4141E-07
 4  2  16  8  0.2984E-07
 4  2  16  8  0.2979E-07
 4  2  16  8  0.2975E-07
 4  2  16  8  0.3056E-07
 4  2  16  8  0.4237E-07
 4  2  16  8  0.4203E-07
 4  2  16  8  0.4233E-07
 4  2  16  8  0.4244E-07
 4  2  16  8  0.4232E-07
 4  2  16  8  0.4184E-07
 4  2  17  8  0.3779E-07
 4  2  17  8  0.3777E-07
 4  2  17  8  0.3794E-07
 4  2  17  8  0.3797E-07
 4  2  17  8  0.3791E-07
 4  2  17  8  0.3791E-07
 4  2  17  8  0.3791E-07
 4  2  17  8  0.3857E-07
 4  2  17  8  0.4682E-07
 4  2  17  8  0.4707E-07
 4  2  18  8  0.3592E-07
 4  2  18  8  0.3593E-07
 4  2  18  8  0.3584E-07
 4  2  18  8  0.3593E-07
 4  2  18  8  0.3592E-07
 4  2  18  8  0.3586E-07
 4  2  18  8  0.3592E-07
 4  2  18  8  0.3585E-07
 4  2  18  8  0.3608E-07
 4  2  18  8  0.4880E-07
 4  2  19  8  0.3989E-07
 4  2  19  8  0.4004E-07
 4  2  19  8  0.4007E-07
 4  2  19  8  0.4010E-07
 4  2  19  8  0.4008E-07
 4  2  19  8  0.4000E-07
 4  2  19  8  0.3989E-07
 4  2  19  8  0.3990E-07
 4  2  19  8  0.3997E-07
 4  2  19  8  0.3996E-07
 4  2  20  8  0.3828E-07
 4  2  20  8  0.3825E-07
 4  2  20  8  0.3823E-07
 4  2  20  8  0.3828E-07
 4  2  20  8  0.3823E-07
 4  2  20  8  0.3835E-07
 4  2  20  8  0.3838E-07
 4  2  20  8  0.3838E-07
 4  2  20  8  0.3837E-07
 4  2  20  8  0.3835E-07
