 4  1  3  4  0.1576E-06
 4  1  3  4  0.1514E-06
 4  1  3  4  0.1431E-06
 4  1  3  4  0.1460E-06
 4  1  3  4  0.1454E-06
 4  1  3  4  0.1727E-06
 4  1  3  4  0.1480E-06
 4  1  3  4  0.1452E-06
 4  1  3  4  0.1498E-06
 4  1  3  4  0.1476E-06
 4  1  4  4  0.7215E-07
 4  1  4  4  0.7426E-07
 4  1  4  4  0.7209E-07
 4  1  4  4  0.7148E-07
 4  1  4  4  0.7043E-07
 4  1  4  4  0.6926E-07
 4  1  4  4  0.7301E-07
 4  1  4  4  0.6980E-07
 4  1  4  4  0.6948E-07
 4  1  4  4  0.6921E-07
 4  1  5  4  0.6493E-07
 4  1  5  4  0.6466E-07
 4  1  5  4  0.6389E-07
 4  1  5  4  0.6367E-07
 4  1  5  4  0.6350E-07
 4  1  5  4  0.6349E-07
 4  1  5  4  0.6349E-07
 4  1  5  4  0.6353E-07
 4  1  5  4  0.6319E-07
 4  1  5  4  0.6358E-07
 4  1  6  4  0.5037E-07
 4  1  6  4  0.4884E-07
 4  1  6  4  0.4877E-07
 4  1  6  4  0.4874E-07
 4  1  6  4  0.4900E-07
 4  1  6  4  0.4884E-07
 4  1  6  4  0.4869E-07
 4  1  6  4  0.4886E-07
 4  1  6  4  0.4867E-07
 4  1  6  4  0.4887E-07
 4  1  7  4  0.4723E-07
 4  1  7  4  0.4605E-07
 4  1  7  4  0.4615E-07
 4  1  7  4  0.4613E-07
 4  1  7  4  0.4610E-07
 4  1  7  4  0.4600E-07
 4  1  7  4  0.4603E-07
 4  1  7  4  0.4610E-07
 4  1  7  4  0.4600E-07
 4  1  7  4  0.4595E-07
 4  1  8  4  0.3906E-07
 4  1  8  4  0.3816E-07
 4  1  8  4  0.3812E-07
 4  1  8  4  0.3808E-07
 4  1  8  4  0.3813E-07
 4  1  8  4  0.3809E-07
 4  1  8  4  0.3801E-07
 4  1  8  4  0.3806E-07
 4  1  8  4  0.3805E-07
 4  1  8  4  0.3806E-07
 4  1  9  4  0.4813E-07
 4  1  9  4  0.4744E-07
 4  1  9  4  0.4745E-07
 4  1  9  4  0.4743E-07
 4  1  9  4  0.4745E-07
 4  1  9  4  0.4771E-07
 4  1  9  4  0.4738E-07
 4  1  9  4  0.4733E-07
 4  1  9  4  0.4731E-07
 4  1  9  4  0.4738E-07
 4  1  10  4  0.5386E-07
 4  1  10  4  0.5341E-07
 4  1  10  4  0.5320E-07
 4  1  10  4  0.5310E-07
 4  1  10  4  0.5322E-07
 4  1  10  4  0.5320E-07
 4  1  10  4  0.5322E-07
 4  1  10  4  0.5321E-07
 4  1  10  4  0.5316E-07
 4  1  10  4  0.5337E-07
 4  1  11  4  0.5536E-07
 4  1  11  4  0.5485E-07
 4  1  11  4  0.5453E-07
 4  1  11  4  0.5534E-07
 4  1  11  4  0.5463E-07
 4  1  11  4  0.5519E-07
 4  1  11  4  0.5471E-07
 4  1  11  4  0.5516E-07
 4  1  11  4  0.5584E-07
 4  1  11  4  0.5515E-07
 4  1  12  4  0.5692E-07
 4  1  12  4  0.5705E-07
 4  1  12  4  0.5682E-07
 4  1  12  4  0.5693E-07
 4  1  12  4  0.5646E-07
 4  1  12  4  0.5814E-07
 4  1  12  4  0.5809E-07
 4  1  12  4  0.5807E-07
 4  1  12  4  0.5796E-07
 4  1  12  4  0.5802E-07
 4  1  13  4  0.6941E-07
 4  1  13  4  0.6909E-07
 4  1  13  4  0.6925E-07
 4  1  13  4  0.6932E-07
 4  1  13  4  0.6945E-07
 4  1  13  4  0.6938E-07
 4  1  13  4  0.6937E-07
 4  1  13  4  0.6934E-07
 4  1  13  4  0.6958E-07
 4  1  13  4  0.6957E-07
 4  1  14  4  0.6334E-07
 4  1  14  4  0.6307E-07
 4  1  14  4  0.6308E-07
 4  1  14  4  0.6304E-07
 4  1  14  4  0.6269E-07
 4  1  14  4  0.6261E-07
 4  1  14  4  0.6262E-07
 4  1  14  4  0.6451E-07
 4  1  14  4  0.6466E-07
 4  1  14  4  0.6465E-07
 4  1  15  4  0.6972E-07
 4  1  15  4  0.6959E-07
 4  1  15  4  0.6972E-07
 4  1  15  4  0.6988E-07
 4  1  15  4  0.6989E-07
 4  1  15  4  0.6992E-07
 4  1  15  4  0.6991E-07
 4  1  15  4  0.6991E-07
 4  1  15  4  0.6992E-07
 4  1  15  4  0.6989E-07
 4  1  16  4  0.6366E-07
 4  1  16  4  0.6437E-07
 4  1  16  4  0.6437E-07
 4  1  16  4  0.6438E-07
 4  1  16  4  0.6436E-07
 4  1  16  4  0.6438E-07
 4  1  16  4  0.6437E-07
 4  1  16  4  0.6435E-07
 4  1  16  4  0.6434E-07
 4  1  16  4  0.6435E-07
 4  1  17  4  0.8373E-07
 4  1  17  4  0.8365E-07
 4  1  17  4  0.8369E-07
 4  1  17  4  0.8359E-07
 4  1  17  4  0.8500E-07
 4  1  17  4  0.8516E-07
 4  1  17  4  0.8511E-07
 4  1  17  4  0.8516E-07
 4  1  17  4  0.8509E-07
 4  1  17  4  0.8510E-07
 4  1  18  4  0.8226E-07
 4  1  18  4  0.8208E-07
 4  1  18  4  0.8220E-07
 4  1  18  4  0.8289E-07
 4  1  18  4  0.8286E-07
 4  1  18  4  0.8287E-07
 4  1  18  4  0.8275E-07
 4  1  18  4  0.8302E-07
 4  1  18  4  0.8343E-07
 4  1  18  4  0.8373E-07
 4  1  19  4  0.8596E-07
 4  1  19  4  0.8582E-07
 4  1  19  4  0.8649E-07
 4  1  19  4  0.8641E-07
 4  1  19  4  0.8638E-07
 4  1  19  4  0.8641E-07
 4  1  19  4  0.8638E-07
 4  1  19  4  0.8646E-07
 4  1  19  4  0.8653E-07
 4  1  19  4  0.8656E-07
 4  1  20  4  0.7984E-07
 4  1  20  4  0.7962E-07
 4  1  20  4  0.7963E-07
 4  1  20  4  0.7964E-07
 4  1  20  4  0.7963E-07
 4  1  20  4  0.7962E-07
 4  1  20  4  0.7961E-07
 4  1  20  4  0.7961E-07
 4  1  20  4  0.7960E-07
 4  1  20  4  0.7962E-07
