 4  64  3  256  0.1436E-06
 4  64  3  256  0.1795E-07
 4  64  3  256  0.1707E-07
 4  64  3  256  0.1958E-07
 4  64  3  256  0.1774E-07
 4  64  3  256  0.1640E-07
 4  64  3  256  0.1341E-07
 4  64  3  256  0.1418E-07
 4  64  3  256  0.1475E-07
 4  64  3  256  0.1303E-07
 4  64  4  256  0.3693E-07
 4  64  4  256  0.7489E-08
 4  64  4  256  0.8280E-08
 4  64  4  256  0.9177E-08
 4  64  4  256  0.9789E-08
 4  64  4  256  0.8954E-08
 4  64  4  256  0.8096E-08
 4  64  4  256  0.7223E-08
 4  64  4  256  0.7771E-08
 4  64  4  256  0.7121E-08
 4  64  5  256  0.2821E-07
 4  64  5  256  0.8511E-08
 4  64  5  256  0.5657E-08
 4  64  5  256  0.5407E-08
 4  64  5  256  0.5397E-08
 4  64  5  256  0.6395E-08
 4  64  5  256  0.7145E-08
 4  64  5  256  0.6999E-08
 4  64  5  256  0.5419E-08
 4  64  5  256  0.5583E-08
 4  64  6  256  0.2555E-08
 4  64  6  256  0.3061E-08
 4  64  6  256  0.3209E-08
 4  64  6  256  0.3021E-08
 4  64  6  256  0.3100E-08
 4  64  6  256  0.3045E-08
 4  64  6  256  0.3144E-08
 4  64  6  256  0.3077E-08
 4  64  6  256  0.3006E-08
 4  64  6  256  0.2994E-08
 4  64  7  256  0.2564E-08
 4  64  7  256  0.2462E-08
 4  64  7  256  0.2389E-08
 4  64  7  256  0.2379E-08
 4  64  7  256  0.2390E-08
 4  64  7  256  0.2390E-08
 4  64  7  256  0.2369E-08
 4  64  7  256  0.2367E-08
 4  64  7  256  0.2407E-08
 4  64  7  256  0.2413E-08
 4  64  8  256  0.2033E-08
 4  64  8  256  0.1982E-08
 4  64  8  256  0.1995E-08
 4  64  8  256  0.2008E-08
 4  64  8  256  0.1979E-08
 4  64  8  256  0.1980E-08
 4  64  8  256  0.1980E-08
 4  64  8  256  0.1976E-08
 4  64  8  256  0.1978E-08
 4  64  8  256  0.1991E-08
 4  64  9  256  0.2022E-08
 4  64  9  256  0.1973E-08
 4  64  9  256  0.1966E-08
 4  64  9  256  0.1964E-08
 4  64  9  256  0.1968E-08
 4  64  9  256  0.1971E-08
 4  64  9  256  0.1965E-08
 4  64  9  256  0.1968E-08
 4  64  9  256  0.1966E-08
 4  64  9  256  0.1972E-08
 4  64  10  256  0.1969E-08
 4  64  10  256  0.1938E-08
 4  64  10  256  0.1940E-08
 4  64  10  256  0.1939E-08
 4  64  10  256  0.1931E-08
 4  64  10  256  0.1934E-08
 4  64  10  256  0.1942E-08
 4  64  10  256  0.1932E-08
 4  64  10  256  0.1938E-08
 4  64  10  256  0.1953E-08
 4  64  11  256  0.1838E-08
 4  64  11  256  0.1797E-08
 4  64  11  256  0.1795E-08
 4  64  11  256  0.1789E-08
 4  64  11  256  0.1783E-08
 4  64  11  256  0.1805E-08
 4  64  11  256  0.1784E-08
 4  64  11  256  0.1786E-08
 4  64  11  256  0.1777E-08
 4  64  11  256  0.1782E-08
 4  64  12  256  0.1755E-08
 4  64  12  256  0.1741E-08
 4  64  12  256  0.1747E-08
 4  64  12  256  0.1759E-08
 4  64  12  256  0.1737E-08
 4  64  12  256  0.1734E-08
 4  64  12  256  0.1738E-08
 4  64  12  256  0.1730E-08
 4  64  12  256  0.1724E-08
 4  64  12  256  0.1725E-08
 4  64  13  256  0.1802E-08
 4  64  13  256  0.1783E-08
 4  64  13  256  0.1782E-08
 4  64  13  256  0.1779E-08
 4  64  13  256  0.1774E-08
 4  64  13  256  0.1783E-08
 4  64  13  256  0.1782E-08
 4  64  13  256  0.1772E-08
 4  64  13  256  0.1780E-08
 4  64  13  256  0.1782E-08
 4  64  14  256  0.1642E-08
 4  64  14  256  0.1632E-08
 4  64  14  256  0.1647E-08
 4  64  14  256  0.1662E-08
 4  64  14  256  0.1653E-08
 4  64  14  256  0.1642E-08
 4  64  14  256  0.1631E-08
 4  64  14  256  0.1636E-08
 4  64  14  256  0.1634E-08
 4  64  14  256  0.1637E-08
 4  64  15  256  0.1732E-08
 4  64  15  256  0.1707E-08
 4  64  15  256  0.1704E-08
 4  64  15  256  0.1705E-08
 4  64  15  256  0.1706E-08
 4  64  15  256  0.1700E-08
 4  64  15  256  0.1701E-08
 4  64  15  256  0.1803E-08
 4  64  15  256  0.1921E-08
 4  64  15  256  0.1761E-08
 4  64  16  256  0.1836E-08
 4  64  16  256  0.1888E-08
 4  64  16  256  0.1832E-08
 4  64  16  256  0.1839E-08
 4  64  16  256  0.1839E-08
 4  64  16  256  0.1878E-08
 4  64  16  256  0.1836E-08
 4  64  16  256  0.1827E-08
 4  64  16  256  0.1873E-08
 4  64  16  256  0.1833E-08
 4  64  17  256  0.1969E-08
 4  64  17  256  0.1965E-08
 4  64  17  256  0.1961E-08
 4  64  17  256  0.1966E-08
 4  64  17  256  0.1965E-08
 4  64  17  256  0.1967E-08
 4  64  17  256  0.1961E-08
 4  64  17  256  0.1962E-08
 4  64  17  256  0.1962E-08
 4  64  17  256  0.1965E-08
 4  64  18  256  0.1829E-08
 4  64  18  256  0.1823E-08
 4  64  18  256  0.1820E-08
 4  64  18  256  0.1820E-08
 4  64  18  256  0.1817E-08
 4  64  18  256  0.1830E-08
 4  64  18  256  0.1824E-08
 4  64  18  256  0.1820E-08
 4  64  18  256  0.1819E-08
 4  64  18  256  0.1817E-08
 4  64  19  256  0.1997E-08
 4  64  19  256  0.1994E-08
 4  64  19  256  0.1992E-08
 4  64  19  256  0.1992E-08
 4  64  19  256  0.1992E-08
 4  64  19  256  0.1994E-08
 4  64  19  256  0.1993E-08
 4  64  19  256  0.1988E-08
 4  64  19  256  0.1991E-08
 4  64  19  256  0.1987E-08
 4  64  20  256  0.1910E-08
 4  64  20  256  0.1913E-08
 4  64  20  256  0.1907E-08
 4  64  20  256  0.1913E-08
 4  64  20  256  0.1914E-08
 4  64  20  256  0.1909E-08
 4  64  20  256  0.1917E-08
 4  64  20  256  0.1911E-08
 4  64  20  256  0.1915E-08
 4  64  20  256  0.1907E-08
