 4  32  3  128  0.1156E-07
 4  32  3  128  0.1042E-07
 4  32  3  128  0.1902E-07
 4  32  3  128  0.2035E-07
 4  32  3  128  0.1812E-07
 4  32  3  128  0.1709E-07
 4  32  3  128  0.1658E-07
 4  32  3  128  0.1649E-07
 4  32  3  128  0.1775E-07
 4  32  3  128  0.1660E-07
 4  32  4  128  0.8056E-08
 4  32  4  128  0.7493E-08
 4  32  4  128  0.7100E-08
 4  32  4  128  0.7619E-08
 4  32  4  128  0.1424E-07
 4  32  4  128  0.1412E-07
 4  32  4  128  0.1392E-07
 4  32  4  128  0.1246E-07
 4  32  4  128  0.1611E-07
 4  32  4  128  0.2776E-07
 4  32  5  128  0.4207E-08
 4  32  5  128  0.4073E-08
 4  32  5  128  0.3960E-08
 4  32  5  128  0.3969E-08
 4  32  5  128  0.3980E-08
 4  32  5  128  0.3977E-08
 4  32  5  128  0.6934E-08
 4  32  5  128  0.6040E-08
 4  32  5  128  0.6561E-08
 4  32  5  128  0.6085E-08
 4  32  6  128  0.3193E-08
 4  32  6  128  0.2983E-08
 4  32  6  128  0.2972E-08
 4  32  6  128  0.2961E-08
 4  32  6  128  0.2930E-08
 4  32  6  128  0.2947E-08
 4  32  6  128  0.2924E-08
 4  32  6  128  0.2914E-08
 4  32  6  128  0.3663E-08
 4  32  6  128  0.6016E-08
 4  32  7  128  0.2763E-08
 4  32  7  128  0.2651E-08
 4  32  7  128  0.2599E-08
 4  32  7  128  0.2598E-08
 4  32  7  128  0.2620E-08
 4  32  7  128  0.2593E-08
 4  32  7  128  0.2684E-08
 4  32  7  128  0.2631E-08
 4  32  7  128  0.2601E-08
 4  32  7  128  0.2625E-08
 4  32  8  128  0.2103E-08
 4  32  8  128  0.1957E-08
 4  32  8  128  0.1945E-08
 4  32  8  128  0.1945E-08
 4  32  8  128  0.1912E-08
 4  32  8  128  0.1952E-08
 4  32  8  128  0.1908E-08
 4  32  8  128  0.1912E-08
 4  32  8  128  0.1921E-08
 4  32  8  128  0.1949E-08
 4  32  9  128  0.2505E-08
 4  32  9  128  0.2473E-08
 4  32  9  128  0.2426E-08
 4  32  9  128  0.2425E-08
 4  32  9  128  0.2419E-08
 4  32  9  128  0.2401E-08
 4  32  9  128  0.2423E-08
 4  32  9  128  0.2410E-08
 4  32  9  128  0.2404E-08
 4  32  9  128  0.2419E-08
 4  32  10  128  0.2850E-08
 4  32  10  128  0.2802E-08
 4  32  10  128  0.2772E-08
 4  32  10  128  0.2790E-08
 4  32  10  128  0.2782E-08
 4  32  10  128  0.2807E-08
 4  32  10  128  0.2781E-08
 4  32  10  128  0.2765E-08
 4  32  10  128  0.2765E-08
 4  32  10  128  0.2768E-08
 4  32  11  128  0.2732E-08
 4  32  11  128  0.2693E-08
 4  32  11  128  0.2711E-08
 4  32  11  128  0.2699E-08
 4  32  11  128  0.2698E-08
 4  32  11  128  0.2677E-08
 4  32  11  128  0.2704E-08
 4  32  11  128  0.2676E-08
 4  32  11  128  0.2680E-08
 4  32  11  128  0.2685E-08
 4  32  12  128  0.2590E-08
 4  32  12  128  0.2533E-08
 4  32  12  128  0.2512E-08
 4  32  12  128  0.2507E-08
 4  32  12  128  0.2518E-08
 4  32  12  128  0.2506E-08
 4  32  12  128  0.2509E-08
 4  32  12  128  0.2518E-08
 4  32  12  128  0.2501E-08
 4  32  12  128  0.2513E-08
 4  32  13  128  0.2713E-08
 4  32  13  128  0.2645E-08
 4  32  13  128  0.2664E-08
 4  32  13  128  0.2654E-08
 4  32  13  128  0.2646E-08
 4  32  13  128  0.2650E-08
 4  32  13  128  0.2648E-08
 4  32  13  128  0.2647E-08
 4  32  13  128  0.2654E-08
 4  32  13  128  0.2641E-08
 4  32  14  128  0.2473E-08
 4  32  14  128  0.2384E-08
 4  32  14  128  0.2380E-08
 4  32  14  128  0.2379E-08
 4  32  14  128  0.2381E-08
 4  32  14  128  0.2382E-08
 4  32  14  128  0.2379E-08
 4  32  14  128  0.2380E-08
 4  32  14  128  0.2380E-08
 4  32  14  128  0.2382E-08
 4  32  15  128  0.2630E-08
 4  32  15  128  0.2567E-08
 4  32  15  128  0.2554E-08
 4  32  15  128  0.2546E-08
 4  32  15  128  0.2552E-08
 4  32  15  128  0.2553E-08
 4  32  15  128  0.2550E-08
 4  32  15  128  0.2548E-08
 4  32  15  128  0.2550E-08
 4  32  15  128  0.2544E-08
 4  32  16  128  0.2635E-08
 4  32  16  128  0.2589E-08
 4  32  16  128  0.2573E-08
 4  32  16  128  0.2588E-08
 4  32  16  128  0.2590E-08
 4  32  16  128  0.2576E-08
 4  32  16  128  0.2578E-08
 4  32  16  128  0.2582E-08
 4  32  16  128  0.2573E-08
 4  32  16  128  0.2570E-08
 4  32  17  128  0.2966E-08
 4  32  17  128  0.2897E-08
 4  32  17  128  0.2909E-08
 4  32  17  128  0.2906E-08
 4  32  17  128  0.2924E-08
 4  32  17  128  0.2888E-08
 4  32  17  128  0.2906E-08
 4  32  17  128  0.2886E-08
 4  32  17  128  0.2890E-08
 4  32  17  128  0.2891E-08
 4  32  18  128  0.2726E-08
 4  32  18  128  0.2699E-08
 4  32  18  128  0.2692E-08
 4  32  18  128  0.2691E-08
 4  32  18  128  0.2688E-08
 4  32  18  128  0.2692E-08
 4  32  18  128  0.2692E-08
 4  32  18  128  0.2691E-08
 4  32  18  128  0.2692E-08
 4  32  18  128  0.2691E-08
 4  32  19  128  0.3066E-08
 4  32  19  128  0.3035E-08
 4  32  19  128  0.3017E-08
 4  32  19  128  0.3018E-08
 4  32  19  128  0.3016E-08
 4  32  19  128  0.3014E-08
 4  32  19  128  0.3017E-08
 4  32  19  128  0.3017E-08
 4  32  19  128  0.3015E-08
 4  32  19  128  0.3018E-08
 4  32  20  128  0.2932E-08
 4  32  20  128  0.2904E-08
 4  32  20  128  0.2906E-08
 4  32  20  128  0.2906E-08
 4  32  20  128  0.2904E-08
 4  32  20  128  0.2909E-08
 4  32  20  128  0.2906E-08
 4  32  20  128  0.2910E-08
 4  32  20  128  0.2908E-08
 4  32  20  128  0.2905E-08
