 4  32  3  128  0.6241E-07
 4  32  3  128  0.1621E-07
 4  32  3  128  0.1573E-07
 4  32  3  128  0.1755E-07
 4  32  3  128  0.1543E-07
 4  32  3  128  0.1534E-07
 4  32  3  128  0.1534E-07
 4  32  3  128  0.1676E-07
 4  32  3  128  0.1552E-07
 4  32  3  128  0.1571E-07
 4  32  4  128  0.2197E-07
 4  32  4  128  0.9527E-08
 4  32  4  128  0.9517E-08
 4  32  4  128  0.1017E-07
 4  32  4  128  0.9527E-08
 4  32  4  128  0.9032E-08
 4  32  4  128  0.9401E-08
 4  32  4  128  0.9478E-08
 4  32  4  128  0.9517E-08
 4  32  4  128  0.9362E-08
 4  32  5  128  0.2046E-07
 4  32  5  128  0.5583E-08
 4  32  5  128  0.6065E-08
 4  32  5  128  0.5022E-08
 4  32  5  128  0.4997E-08
 4  32  5  128  0.5727E-08
 4  32  5  128  0.4962E-08
 4  32  5  128  0.4937E-08
 4  32  5  128  0.4937E-08
 4  32  5  128  0.5042E-08
 4  32  6  128  0.1295E-07
 4  32  6  128  0.3668E-08
 4  32  6  128  0.3918E-08
 4  32  6  128  0.3691E-08
 4  32  6  128  0.3725E-08
 4  32  6  128  0.3630E-08
 4  32  6  128  0.3472E-08
 4  32  6  128  0.3748E-08
 4  32  6  128  0.3518E-08
 4  32  6  128  0.3472E-08
 4  32  7  128  0.2082E-08
 4  32  7  128  0.1979E-08
 4  32  7  128  0.1981E-08
 4  32  7  128  0.1977E-08
 4  32  7  128  0.2012E-08
 4  32  7  128  0.1972E-08
 4  32  7  128  0.1964E-08
 4  32  7  128  0.1963E-08
 4  32  7  128  0.2024E-08
 4  32  7  128  0.1969E-08
 4  32  8  128  0.1633E-08
 4  32  8  128  0.1581E-08
 4  32  8  128  0.1653E-08
 4  32  8  128  0.1626E-08
 4  32  8  128  0.1580E-08
 4  32  8  128  0.1607E-08
 4  32  8  128  0.1611E-08
 4  32  8  128  0.1598E-08
 4  32  8  128  0.1597E-08
 4  32  8  128  0.1591E-08
 4  32  9  128  0.2129E-08
 4  32  9  128  0.2102E-08
 4  32  9  128  0.2079E-08
 4  32  9  128  0.2102E-08
 4  32  9  128  0.2093E-08
 4  32  9  128  0.2081E-08
 4  32  9  128  0.2098E-08
 4  32  9  128  0.2094E-08
 4  32  9  128  0.2106E-08
 4  32  9  128  0.2099E-08
 4  32  10  128  0.2533E-08
 4  32  10  128  0.2507E-08
 4  32  10  128  0.2506E-08
 4  32  10  128  0.2501E-08
 4  32  10  128  0.2507E-08
 4  32  10  128  0.2499E-08
 4  32  10  128  0.2500E-08
 4  32  10  128  0.2497E-08
 4  32  10  128  0.2501E-08
 4  32  10  128  0.2501E-08
 4  32  11  128  0.2487E-08
 4  32  11  128  0.2455E-08
 4  32  11  128  0.2464E-08
 4  32  11  128  0.2459E-08
 4  32  11  128  0.2458E-08
 4  32  11  128  0.2455E-08
 4  32  11  128  0.2457E-08
 4  32  11  128  0.2457E-08
 4  32  11  128  0.2452E-08
 4  32  11  128  0.2464E-08
 4  32  12  128  0.2328E-08
 4  32  12  128  0.2319E-08
 4  32  12  128  0.2312E-08
 4  32  12  128  0.2317E-08
 4  32  12  128  0.2314E-08
 4  32  12  128  0.2318E-08
 4  32  12  128  0.2308E-08
 4  32  12  128  0.2319E-08
 4  32  12  128  0.2314E-08
 4  32  12  128  0.2317E-08
 4  32  13  128  0.2499E-08
 4  32  13  128  0.2488E-08
 4  32  13  128  0.2498E-08
 4  32  13  128  0.2497E-08
 4  32  13  128  0.2495E-08
 4  32  13  128  0.2494E-08
 4  32  13  128  0.2491E-08
 4  32  13  128  0.2488E-08
 4  32  13  128  0.2493E-08
 4  32  13  128  0.2486E-08
 4  32  14  128  0.2209E-08
 4  32  14  128  0.2206E-08
 4  32  14  128  0.2201E-08
 4  32  14  128  0.2204E-08
 4  32  14  128  0.2203E-08
 4  32  14  128  0.2205E-08
 4  32  14  128  0.2201E-08
 4  32  14  128  0.2207E-08
 4  32  14  128  0.2203E-08
 4  32  14  128  0.2204E-08
 4  32  15  128  0.2391E-08
 4  32  15  128  0.2397E-08
 4  32  15  128  0.2388E-08
 4  32  15  128  0.2392E-08
 4  32  15  128  0.2391E-08
 4  32  15  128  0.2384E-08
 4  32  15  128  0.2393E-08
 4  32  15  128  0.2386E-08
 4  32  15  128  0.2390E-08
 4  32  15  128  0.2389E-08
 4  32  16  128  0.2417E-08
 4  32  16  128  0.2412E-08
 4  32  16  128  0.2412E-08
 4  32  16  128  0.2404E-08
 4  32  16  128  0.2405E-08
 4  32  16  128  0.2402E-08
 4  32  16  128  0.2408E-08
 4  32  16  128  0.2413E-08
 4  32  16  128  0.2405E-08
 4  32  16  128  0.2412E-08
 4  32  17  128  0.2755E-08
 4  32  17  128  0.2730E-08
 4  32  17  128  0.2742E-08
 4  32  17  128  0.2736E-08
 4  32  17  128  0.2726E-08
 4  32  17  128  0.2730E-08
 4  32  17  128  0.2728E-08
 4  32  17  128  0.2758E-08
 4  32  17  128  0.2749E-08
 4  32  17  128  0.2733E-08
 4  32  18  128  0.2535E-08
 4  32  18  128  0.2562E-08
 4  32  18  128  0.2530E-08
 4  32  18  128  0.2530E-08
 4  32  18  128  0.2535E-08
 4  32  18  128  0.2530E-08
 4  32  18  128  0.2531E-08
 4  32  18  128  0.2527E-08
 4  32  18  128  0.2529E-08
 4  32  18  128  0.2530E-08
 4  32  19  128  0.2860E-08
 4  32  19  128  0.2856E-08
 4  32  19  128  0.2857E-08
 4  32  19  128  0.2854E-08
 4  32  19  128  0.2854E-08
 4  32  19  128  0.2856E-08
 4  32  19  128  0.2855E-08
 4  32  19  128  0.2855E-08
 4  32  19  128  0.2857E-08
 4  32  19  128  0.2854E-08
 4  32  20  128  0.2752E-08
 4  32  20  128  0.2750E-08
 4  32  20  128  0.2744E-08
 4  32  20  128  0.2749E-08
 4  32  20  128  0.2743E-08
 4  32  20  128  0.2743E-08
 4  32  20  128  0.2743E-08
 4  32  20  128  0.2745E-08
 4  32  20  128  0.2745E-08
 4  32  20  128  0.2745E-08
