 4  32  3  128  0.1080E-06
 4  32  3  128  0.2603E-07
 4  32  3  128  0.2373E-07
 4  32  3  128  0.2152E-07
 4  32  3  128  0.2201E-07
 4  32  3  128  0.2295E-07
 4  32  3  128  0.1851E-07
 4  32  3  128  0.1842E-07
 4  32  3  128  0.2074E-07
 4  32  3  128  0.2516E-07
 4  32  4  128  0.4350E-07
 4  32  4  128  0.1331E-07
 4  32  4  128  0.1604E-07
 4  32  4  128  0.1302E-07
 4  32  4  128  0.2059E-07
 4  32  4  128  0.1502E-07
 4  32  4  128  0.1302E-07
 4  32  4  128  0.1611E-07
 4  32  4  128  0.1307E-07
 4  32  4  128  0.1484E-07
 4  32  5  128  0.2352E-07
 4  32  5  128  0.1064E-07
 4  32  5  128  0.6730E-08
 4  32  5  128  0.7356E-08
 4  32  5  128  0.6497E-08
 4  32  5  128  0.6686E-08
 4  32  5  128  0.7480E-08
 4  32  5  128  0.6874E-08
 4  32  5  128  0.7768E-08
 4  32  5  128  0.6686E-08
 4  32  6  128  0.1543E-07
 4  32  6  128  0.5050E-08
 4  32  6  128  0.4568E-08
 4  32  6  128  0.4846E-08
 4  32  6  128  0.4536E-08
 4  32  6  128  0.4967E-08
 4  32  6  128  0.4484E-08
 4  32  6  128  0.5088E-08
 4  32  6  128  0.4631E-08
 4  32  6  128  0.5594E-08
 4  32  7  128  0.2885E-08
 4  32  7  128  0.2825E-08
 4  32  7  128  0.2779E-08
 4  32  7  128  0.2789E-08
 4  32  7  128  0.2831E-08
 4  32  7  128  0.2784E-08
 4  32  7  128  0.2840E-08
 4  32  7  128  0.2780E-08
 4  32  7  128  0.2787E-08
 4  32  7  128  0.2825E-08
 4  32  8  128  0.2136E-08
 4  32  8  128  0.2093E-08
 4  32  8  128  0.2159E-08
 4  32  8  128  0.2146E-08
 4  32  8  128  0.2076E-08
 4  32  8  128  0.2059E-08
 4  32  8  128  0.2072E-08
 4  32  8  128  0.2065E-08
 4  32  8  128  0.2060E-08
 4  32  8  128  0.2094E-08
 4  32  9  128  0.2559E-08
 4  32  9  128  0.2515E-08
 4  32  9  128  0.2516E-08
 4  32  9  128  0.2513E-08
 4  32  9  128  0.2514E-08
 4  32  9  128  0.2504E-08
 4  32  9  128  0.2512E-08
 4  32  9  128  0.2513E-08
 4  32  9  128  0.2513E-08
 4  32  9  128  0.2509E-08
 4  32  10  128  0.2867E-08
 4  32  10  128  0.2839E-08
 4  32  10  128  0.2849E-08
 4  32  10  128  0.2844E-08
 4  32  10  128  0.2844E-08
 4  32  10  128  0.2833E-08
 4  32  10  128  0.2835E-08
 4  32  10  128  0.2846E-08
 4  32  10  128  0.2829E-08
 4  32  10  128  0.2829E-08
 4  32  11  128  0.2783E-08
 4  32  11  128  0.2798E-08
 4  32  11  128  0.2759E-08
 4  32  11  128  0.2749E-08
 4  32  11  128  0.2756E-08
 4  32  11  128  0.2753E-08
 4  32  11  128  0.2757E-08
 4  32  11  128  0.2753E-08
 4  32  11  128  0.2752E-08
 4  32  11  128  0.2749E-08
 4  32  12  128  0.2584E-08
 4  32  12  128  0.2563E-08
 4  32  12  128  0.2552E-08
 4  32  12  128  0.2560E-08
 4  32  12  128  0.2573E-08
 4  32  12  128  0.2562E-08
 4  32  12  128  0.2566E-08
 4  32  12  128  0.2567E-08
 4  32  12  128  0.2567E-08
 4  32  12  128  0.2564E-08
 4  32  13  128  0.2717E-08
 4  32  13  128  0.2707E-08
 4  32  13  128  0.2691E-08
 4  32  13  128  0.2699E-08
 4  32  13  128  0.2690E-08
 4  32  13  128  0.2692E-08
 4  32  13  128  0.2691E-08
 4  32  13  128  0.2691E-08
 4  32  13  128  0.2697E-08
 4  32  13  128  0.2693E-08
 4  32  14  128  0.2411E-08
 4  32  14  128  0.2408E-08
 4  32  14  128  0.2401E-08
 4  32  14  128  0.2410E-08
 4  32  14  128  0.2407E-08
 4  32  14  128  0.2403E-08
 4  32  14  128  0.2404E-08
 4  32  14  128  0.2401E-08
 4  32  14  128  0.2407E-08
 4  32  14  128  0.2405E-08
 4  32  15  128  0.2573E-08
 4  32  15  128  0.2560E-08
 4  32  15  128  0.2558E-08
 4  32  15  128  0.2556E-08
 4  32  15  128  0.2557E-08
 4  32  15  128  0.2554E-08
 4  32  15  128  0.2560E-08
 4  32  15  128  0.2556E-08
 4  32  15  128  0.2561E-08
 4  32  15  128  0.2561E-08
 4  32  16  128  0.2570E-08
 4  32  16  128  0.2565E-08
 4  32  16  128  0.2567E-08
 4  32  16  128  0.2579E-08
 4  32  16  128  0.2563E-08
 4  32  16  128  0.2569E-08
 4  32  16  128  0.2578E-08
 4  32  16  128  0.2574E-08
 4  32  16  128  0.2575E-08
 4  32  16  128  0.2579E-08
 4  32  17  128  0.2896E-08
 4  32  17  128  0.2884E-08
 4  32  17  128  0.2915E-08
 4  32  17  128  0.2904E-08
 4  32  17  128  0.2894E-08
 4  32  17  128  0.2889E-08
 4  32  17  128  0.2885E-08
 4  32  17  128  0.2882E-08
 4  32  17  128  0.2883E-08
 4  32  17  128  0.2908E-08
 4  32  18  128  0.2693E-08
 4  32  18  128  0.2687E-08
 4  32  18  128  0.2687E-08
 4  32  18  128  0.2687E-08
 4  32  18  128  0.2687E-08
 4  32  18  128  0.2687E-08
 4  32  18  128  0.2687E-08
 4  32  18  128  0.2687E-08
 4  32  18  128  0.2687E-08
 4  32  18  128  0.2687E-08
 4  32  19  128  0.3009E-08
 4  32  19  128  0.3007E-08
 4  32  19  128  0.3007E-08
 4  32  19  128  0.3008E-08
 4  32  19  128  0.3006E-08
 4  32  19  128  0.3004E-08
 4  32  19  128  0.3009E-08
 4  32  19  128  0.3006E-08
 4  32  19  128  0.3004E-08
 4  32  19  128  0.3006E-08
 4  32  20  128  0.2898E-08
 4  32  20  128  0.2899E-08
 4  32  20  128  0.2892E-08
 4  32  20  128  0.2890E-08
 4  32  20  128  0.2898E-08
 4  32  20  128  0.2895E-08
 4  32  20  128  0.2898E-08
 4  32  20  128  0.2904E-08
 4  32  20  128  0.2912E-08
 4  32  20  128  0.2912E-08
