 4  1  3  4  0.2229E-06
 4  1  3  4  0.2254E-06
 4  1  3  4  0.2182E-06
 4  1  3  4  0.2184E-06
 4  1  3  4  0.2185E-06
 4  1  3  4  0.2194E-06
 4  1  3  4  0.2205E-06
 4  1  3  4  0.2176E-06
 4  1  3  4  0.2185E-06
 4  1  3  4  0.2167E-06
 4  1  4  4  0.1416E-06
 4  1  4  4  0.1405E-06
 4  1  4  4  0.1413E-06
 4  1  4  4  0.1394E-06
 4  1  4  4  0.1400E-06
 4  1  4  4  0.1387E-06
 4  1  4  4  0.1429E-06
 4  1  4  4  0.1400E-06
 4  1  4  4  0.1413E-06
 4  1  4  4  0.1402E-06
 4  1  5  4  0.1105E-06
 4  1  5  4  0.1093E-06
 4  1  5  4  0.1090E-06
 4  1  5  4  0.1091E-06
 4  1  5  4  0.1088E-06
 4  1  5  4  0.1088E-06
 4  1  5  4  0.1087E-06
 4  1  5  4  0.1088E-06
 4  1  5  4  0.1086E-06
 4  1  5  4  0.1087E-06
 4  1  6  4  0.9140E-07
 4  1  6  4  0.9058E-07
 4  1  6  4  0.9083E-07
 4  1  6  4  0.9029E-07
 4  1  6  4  0.9035E-07
 4  1  6  4  0.9056E-07
 4  1  6  4  0.9037E-07
 4  1  6  4  0.9047E-07
 4  1  6  4  0.9019E-07
 4  1  6  4  0.9023E-07
 4  1  7  4  0.7120E-07
 4  1  7  4  0.7034E-07
 4  1  7  4  0.7035E-07
 4  1  7  4  0.7041E-07
 4  1  7  4  0.7028E-07
 4  1  7  4  0.7020E-07
 4  1  7  4  0.7028E-07
 4  1  7  4  0.7027E-07
 4  1  7  4  0.7094E-07
 4  1  7  4  0.7040E-07
 4  1  8  4  0.6730E-07
 4  1  8  4  0.6637E-07
 4  1  8  4  0.6642E-07
 4  1  8  4  0.6631E-07
 4  1  8  4  0.6649E-07
 4  1  8  4  0.6633E-07
 4  1  8  4  0.6632E-07
 4  1  8  4  0.6642E-07
 4  1  8  4  0.6630E-07
 4  1  8  4  0.6641E-07
 4  1  9  4  0.6662E-07
 4  1  9  4  0.6516E-07
 4  1  9  4  0.6524E-07
 4  1  9  4  0.6514E-07
 4  1  9  4  0.6551E-07
 4  1  9  4  0.6536E-07
 4  1  9  4  0.6533E-07
 4  1  9  4  0.6536E-07
 4  1  9  4  0.6525E-07
 4  1  9  4  0.6536E-07
 4  1  10  4  0.7456E-07
 4  1  10  4  0.7363E-07
 4  1  10  4  0.7368E-07
 4  1  10  4  0.7534E-07
 4  1  10  4  0.7365E-07
 4  1  10  4  0.7354E-07
 4  1  10  4  0.7364E-07
 4  1  10  4  0.7373E-07
 4  1  10  4  0.7402E-07
 4  1  10  4  0.7404E-07
 4  1  11  4  0.8107E-07
 4  1  11  4  0.8038E-07
 4  1  11  4  0.8102E-07
 4  1  11  4  0.8079E-07
 4  1  11  4  0.8120E-07
 4  1  11  4  0.8285E-07
 4  1  11  4  0.8273E-07
 4  1  11  4  0.8291E-07
 4  1  11  4  0.8279E-07
 4  1  11  4  0.8280E-07
 4  1  12  4  0.7815E-07
 4  1  12  4  0.7772E-07
 4  1  12  4  0.8037E-07
 4  1  12  4  0.7987E-07
 4  1  12  4  0.7974E-07
 4  1  12  4  0.8128E-07
 4  1  12  4  0.8127E-07
 4  1  12  4  0.8144E-07
 4  1  12  4  0.8071E-07
 4  1  12  4  0.7983E-07
 4  1  13  4  0.8648E-07
 4  1  13  4  0.8599E-07
 4  1  13  4  0.8594E-07
 4  1  13  4  0.8566E-07
 4  1  13  4  0.8568E-07
 4  1  13  4  0.8572E-07
 4  1  13  4  0.8570E-07
 4  1  13  4  0.8572E-07
 4  1  13  4  0.8569E-07
 4  1  13  4  0.8567E-07
 4  1  14  4  0.7978E-07
 4  1  14  4  0.7905E-07
 4  1  14  4  0.7906E-07
 4  1  14  4  0.7908E-07
 4  1  14  4  0.7909E-07
 4  1  14  4  0.7914E-07
 4  1  14  4  0.8086E-07
 4  1  14  4  0.8118E-07
 4  1  14  4  0.8114E-07
 4  1  14  4  0.8106E-07
 4  1  15  4  0.8240E-07
 4  1  15  4  0.8179E-07
 4  1  15  4  0.8228E-07
 4  1  15  4  0.8336E-07
 4  1  15  4  0.8332E-07
 4  1  15  4  0.8341E-07
 4  1  15  4  0.8332E-07
 4  1  15  4  0.8332E-07
 4  1  15  4  0.8337E-07
 4  1  15  4  0.8331E-07
 4  1  16  4  0.8504E-07
 4  1  16  4  0.8493E-07
 4  1  16  4  0.8470E-07
 4  1  16  4  0.8470E-07
 4  1  16  4  0.8540E-07
 4  1  16  4  0.8592E-07
 4  1  16  4  0.8597E-07
 4  1  16  4  0.8602E-07
 4  1  16  4  0.8599E-07
 4  1  16  4  0.8605E-07
 4  1  17  4  0.9313E-07
 4  1  17  4  0.9323E-07
 4  1  17  4  0.9363E-07
 4  1  17  4  0.9363E-07
 4  1  17  4  0.9363E-07
 4  1  17  4  0.9364E-07
 4  1  17  4  0.9360E-07
 4  1  17  4  0.9352E-07
 4  1  17  4  0.9341E-07
 4  1  17  4  0.9334E-07
 4  1  18  4  0.9287E-07
 4  1  18  4  0.9275E-07
 4  1  18  4  0.9285E-07
 4  1  18  4  0.9289E-07
 4  1  18  4  0.9281E-07
 4  1  18  4  0.9280E-07
 4  1  18  4  0.9283E-07
 4  1  18  4  0.9287E-07
 4  1  18  4  0.9291E-07
 4  1  18  4  0.9280E-07
 4  1  19  4  0.9342E-07
 4  1  19  4  0.9352E-07
 4  1  19  4  0.9348E-07
 4  1  19  4  0.9353E-07
 4  1  19  4  0.9349E-07
 4  1  19  4  0.9356E-07
 4  1  19  4  0.9355E-07
 4  1  19  4  0.9354E-07
 4  1  19  4  0.9354E-07
 4  1  19  4  0.9353E-07
 4  1  20  4  0.8761E-07
 4  1  20  4  0.8756E-07
 4  1  20  4  0.8758E-07
 4  1  20  4  0.8757E-07
 4  1  20  4  0.8755E-07
 4  1  20  4  0.8761E-07
 4  1  20  4  0.8768E-07
 4  1  20  4  0.8771E-07
 4  1  20  4  0.8763E-07
 4  1  20  4  0.8766E-07
