 4  32  3  128  0.2203E-07
 4  32  3  128  0.2085E-07
 4  32  3  128  0.2071E-07
 4  32  3  128  0.2080E-07
 4  32  3  128  0.2075E-07
 4  32  3  128  0.2063E-07
 4  32  3  128  0.2052E-07
 4  32  3  128  0.2053E-07
 4  32  3  128  0.2081E-07
 4  32  3  128  0.2068E-07
 4  32  4  128  0.1382E-07
 4  32  4  128  0.1246E-07
 4  32  4  128  0.1255E-07
 4  32  4  128  0.1255E-07
 4  32  4  128  0.1252E-07
 4  32  4  128  0.1254E-07
 4  32  4  128  0.1251E-07
 4  32  4  128  0.1249E-07
 4  32  4  128  0.1254E-07
 4  32  4  128  0.1262E-07
 4  32  5  128  0.6783E-08
 4  32  5  128  0.6178E-08
 4  32  5  128  0.6345E-08
 4  32  5  128  0.6170E-08
 4  32  5  128  0.6236E-08
 4  32  5  128  0.6206E-08
 4  32  5  128  0.6178E-08
 4  32  5  128  0.6154E-08
 4  32  5  128  0.6130E-08
 4  32  5  128  0.6206E-08
 4  32  6  128  0.4642E-08
 4  32  6  128  0.4317E-08
 4  32  6  128  0.4370E-08
 4  32  6  128  0.4300E-08
 4  32  6  128  0.4309E-08
 4  32  6  128  0.4326E-08
 4  32  6  128  0.4309E-08
 4  32  6  128  0.4319E-08
 4  32  6  128  0.4362E-08
 4  32  6  128  0.4382E-08
 4  32  7  128  0.3648E-08
 4  32  7  128  0.3469E-08
 4  32  7  128  0.3570E-08
 4  32  7  128  0.3441E-08
 4  32  7  128  0.3441E-08
 4  32  7  128  0.3449E-08
 4  32  7  128  0.3415E-08
 4  32  7  128  0.3435E-08
 4  32  7  128  0.3421E-08
 4  32  7  128  0.3490E-08
 4  32  8  128  0.2613E-08
 4  32  8  128  0.2483E-08
 4  32  8  128  0.2482E-08
 4  32  8  128  0.2474E-08
 4  32  8  128  0.2486E-08
 4  32  8  128  0.2460E-08
 4  32  8  128  0.2464E-08
 4  32  8  128  0.2450E-08
 4  32  8  128  0.2457E-08
 4  32  8  128  0.2472E-08
 4  32  9  128  0.2858E-08
 4  32  9  128  0.2628E-08
 4  32  9  128  0.2613E-08
 4  32  9  128  0.2628E-08
 4  32  9  128  0.2620E-08
 4  32  9  128  0.2621E-08
 4  32  9  128  0.2635E-08
 4  32  9  128  0.2657E-08
 4  32  9  128  0.2657E-08
 4  32  9  128  0.2618E-08
 4  32  10  128  0.2747E-08
 4  32  10  128  0.2690E-08
 4  32  10  128  0.2678E-08
 4  32  10  128  0.2661E-08
 4  32  10  128  0.2659E-08
 4  32  10  128  0.2704E-08
 4  32  10  128  0.2683E-08
 4  32  10  128  0.2661E-08
 4  32  10  128  0.2659E-08
 4  32  10  128  0.2661E-08
 4  32  11  128  0.3031E-08
 4  32  11  128  0.2941E-08
 4  32  11  128  0.2954E-08
 4  32  11  128  0.2937E-08
 4  32  11  128  0.2949E-08
 4  32  11  128  0.2985E-08
 4  32  11  128  0.2973E-08
 4  32  11  128  0.2990E-08
 4  32  11  128  0.2963E-08
 4  32  11  128  0.2973E-08
 4  32  12  128  0.3135E-08
 4  32  12  128  0.3090E-08
 4  32  12  128  0.3092E-08
 4  32  12  128  0.3085E-08
 4  32  12  128  0.3086E-08
 4  32  12  128  0.3088E-08
 4  32  12  128  0.3087E-08
 4  32  12  128  0.3094E-08
 4  32  12  128  0.3090E-08
 4  32  12  128  0.3086E-08
 4  32  13  128  0.3486E-08
 4  32  13  128  0.3367E-08
 4  32  13  128  0.3363E-08
 4  32  13  128  0.3363E-08
 4  32  13  128  0.3354E-08
 4  32  13  128  0.3359E-08
 4  32  13  128  0.3368E-08
 4  32  13  128  0.3365E-08
 4  32  13  128  0.3366E-08
 4  32  13  128  0.3363E-08
 4  32  14  128  0.3102E-08
 4  32  14  128  0.3077E-08
 4  32  14  128  0.3083E-08
 4  32  14  128  0.3085E-08
 4  32  14  128  0.3080E-08
 4  32  14  128  0.3075E-08
 4  32  14  128  0.3079E-08
 4  32  14  128  0.3078E-08
 4  32  14  128  0.3073E-08
 4  32  14  128  0.3074E-08
 4  32  15  128  0.3185E-08
 4  32  15  128  0.3145E-08
 4  32  15  128  0.3147E-08
 4  32  15  128  0.3138E-08
 4  32  15  128  0.3144E-08
 4  32  15  128  0.3147E-08
 4  32  15  128  0.3142E-08
 4  32  15  128  0.3137E-08
 4  32  15  128  0.3141E-08
 4  32  15  128  0.3136E-08
 4  32  16  128  0.3027E-08
 4  32  16  128  0.2961E-08
 4  32  16  128  0.2964E-08
 4  32  16  128  0.2962E-08
 4  32  16  128  0.2971E-08
 4  32  16  128  0.2961E-08
 4  32  16  128  0.2966E-08
 4  32  16  128  0.2968E-08
 4  32  16  128  0.2963E-08
 4  32  16  128  0.2964E-08
 4  32  17  128  0.3524E-08
 4  32  17  128  0.3507E-08
 4  32  17  128  0.3514E-08
 4  32  17  128  0.3504E-08
 4  32  17  128  0.3510E-08
 4  32  17  128  0.3505E-08
 4  32  17  128  0.3508E-08
 4  32  17  128  0.3502E-08
 4  32  17  128  0.3503E-08
 4  32  17  128  0.3506E-08
 4  32  18  128  0.3332E-08
 4  32  18  128  0.3245E-08
 4  32  18  128  0.3246E-08
 4  32  18  128  0.3249E-08
 4  32  18  128  0.3250E-08
 4  32  18  128  0.3247E-08
 4  32  18  128  0.3247E-08
 4  32  18  128  0.3246E-08
 4  32  18  128  0.3248E-08
 4  32  18  128  0.3249E-08
 4  32  19  128  0.3449E-08
 4  32  19  128  0.3443E-08
 4  32  19  128  0.3436E-08
 4  32  19  128  0.3433E-08
 4  32  19  128  0.3434E-08
 4  32  19  128  0.3436E-08
 4  32  19  128  0.3439E-08
 4  32  19  128  0.3432E-08
 4  32  19  128  0.3432E-08
 4  32  19  128  0.3435E-08
 4  32  20  128  0.3275E-08
 4  32  20  128  0.3244E-08
 4  32  20  128  0.3225E-08
 4  32  20  128  0.3231E-08
 4  32  20  128  0.3233E-08
 4  32  20  128  0.3225E-08
 4  32  20  128  0.3225E-08
 4  32  20  128  0.3227E-08
 4  32  20  128  0.3229E-08
 4  32  20  128  0.3229E-08
