 4  2  3  8  0.2870E-06
 4  2  3  8  0.1957E-06
 4  2  3  8  0.1777E-06
 4  2  3  8  0.1623E-06
 4  2  3  8  0.1788E-06
 4  2  3  8  0.1623E-06
 4  2  3  8  0.1589E-06
 4  2  3  8  0.1604E-06
 4  2  3  8  0.1589E-06
 4  2  3  8  0.1575E-06
 4  2  4  8  0.9499E-07
 4  2  4  8  0.1250E-06
 4  2  4  8  0.1394E-06
 4  2  4  8  0.1256E-06
 4  2  4  8  0.1205E-06
 4  2  4  8  0.1400E-06
 4  2  4  8  0.6907E-07
 4  2  4  8  0.8071E-07
 4  2  4  8  0.5666E-07
 4  2  4  8  0.1413E-06
 4  2  5  8  0.8639E-07
 4  2  5  8  0.6898E-07
 4  2  5  8  0.6469E-07
 4  2  5  8  0.6493E-07
 4  2  5  8  0.7566E-07
 4  2  5  8  0.7097E-07
 4  2  5  8  0.6270E-07
 4  2  5  8  0.7868E-07
 4  2  5  8  0.7463E-07
 4  2  5  8  0.6429E-07
 4  2  6  8  0.6154E-07
 4  2  6  8  0.4572E-07
 4  2  6  8  0.4820E-07
 4  2  6  8  0.4010E-07
 4  2  6  8  0.4010E-07
 4  2  6  8  0.3951E-07
 4  2  6  8  0.4530E-07
 4  2  6  8  0.4590E-07
 4  2  6  8  0.4282E-07
 4  2  6  8  0.5983E-07
 4  2  7  8  0.4993E-07
 4  2  7  8  0.4420E-07
 4  2  7  8  0.4507E-07
 4  2  7  8  0.3658E-07
 4  2  7  8  0.4385E-07
 4  2  7  8  0.4095E-07
 4  2  7  8  0.4495E-07
 4  2  7  8  0.3864E-07
 4  2  7  8  0.3959E-07
 4  2  7  8  0.4286E-07
 4  2  8  8  0.4924E-07
 4  2  8  8  0.4443E-07
 4  2  8  8  0.4435E-07
 4  2  8  8  0.4468E-07
 4  2  8  8  0.4395E-07
 4  2  8  8  0.4581E-07
 4  2  8  8  0.4362E-07
 4  2  8  8  0.4241E-07
 4  2  8  8  0.4639E-07
 4  2  8  8  0.4321E-07
 4  2  9  8  0.4515E-07
 4  2  9  8  0.4024E-07
 4  2  9  8  0.4321E-07
 4  2  9  8  0.4104E-07
 4  2  9  8  0.4212E-07
 4  2  9  8  0.4269E-07
 4  2  9  8  0.4178E-07
 4  2  9  8  0.3938E-07
 4  2  9  8  0.4160E-07
 4  2  9  8  0.4200E-07
 4  2  10  8  0.6295E-07
 4  2  10  8  0.5667E-07
 4  2  10  8  0.5917E-07
 4  2  10  8  0.5633E-07
 4  2  10  8  0.5828E-07
 4  2  10  8  0.5704E-07
 4  2  10  8  0.5784E-07
 4  2  10  8  0.5696E-07
 4  2  10  8  0.5712E-07
 4  2  10  8  0.5571E-07
 4  2  11  8  0.5440E-07
 4  2  11  8  0.5143E-07
 4  2  11  8  0.5225E-07
 4  2  11  8  0.5225E-07
 4  2  11  8  0.5175E-07
 4  2  11  8  0.5109E-07
 4  2  11  8  0.5056E-07
 4  2  11  8  0.5440E-07
 4  2  11  8  0.5303E-07
 4  2  11  8  0.5272E-07
 4  2  12  8  0.4369E-07
 4  2  12  8  0.4355E-07
 4  2  12  8  0.4312E-07
 4  2  12  8  0.4304E-07
 4  2  12  8  0.4365E-07
 4  2  12  8  0.4311E-07
 4  2  12  8  0.4309E-07
 4  2  12  8  0.4377E-07
 4  2  12  8  0.4314E-07
 4  2  12  8  0.4239E-07
 4  2  13  8  0.4798E-07
 4  2  13  8  0.4381E-07
 4  2  13  8  0.4453E-07
 4  2  13  8  0.4440E-07
 4  2  13  8  0.4408E-07
 4  2  13  8  0.4389E-07
 4  2  13  8  0.4377E-07
 4  2  13  8  0.4385E-07
 4  2  13  8  0.4468E-07
 4  2  13  8  0.4364E-07
 4  2  14  8  0.3925E-07
 4  2  14  8  0.3925E-07
 4  2  14  8  0.3870E-07
 4  2  14  8  0.3828E-07
 4  2  14  8  0.3874E-07
 4  2  14  8  0.3948E-07
 4  2  14  8  0.3843E-07
 4  2  14  8  0.3911E-07
 4  2  14  8  0.3942E-07
 4  2  14  8  0.3855E-07
 4  2  15  8  0.4332E-07
 4  2  15  8  0.4199E-07
 4  2  15  8  0.4284E-07
 4  2  15  8  0.4259E-07
 4  2  15  8  0.4220E-07
 4  2  15  8  0.4204E-07
 4  2  15  8  0.4536E-07
 4  2  15  8  0.4252E-07
 4  2  15  8  0.4184E-07
 4  2  15  8  0.4219E-07
 4  2  16  8  0.4590E-07
 4  2  16  8  0.4344E-07
 4  2  16  8  0.4311E-07
 4  2  16  8  0.4287E-07
 4  2  16  8  0.4353E-07
 4  2  16  8  0.4279E-07
 4  2  16  8  0.4314E-07
 4  2  16  8  0.4309E-07
 4  2  16  8  0.4326E-07
 4  2  16  8  0.4360E-07
 4  2  17  8  0.4909E-07
 4  2  17  8  0.4821E-07
 4  2  17  8  0.4813E-07
 4  2  17  8  0.5205E-07
 4  2  17  8  0.4793E-07
 4  2  17  8  0.4800E-07
 4  2  17  8  0.4797E-07
 4  2  17  8  0.4820E-07
 4  2  17  8  0.4795E-07
 4  2  17  8  0.4820E-07
 4  2  18  8  0.5055E-07
 4  2  18  8  0.4914E-07
 4  2  18  8  0.4915E-07
 4  2  18  8  0.4900E-07
 4  2  18  8  0.4889E-07
 4  2  18  8  0.4881E-07
 4  2  18  8  0.4905E-07
 4  2  18  8  0.4911E-07
 4  2  18  8  0.4905E-07
 4  2  18  8  0.4930E-07
 4  2  19  8  0.4076E-07
 4  2  19  8  0.4070E-07
 4  2  19  8  0.4071E-07
 4  2  19  8  0.4067E-07
 4  2  19  8  0.4067E-07
 4  2  19  8  0.4068E-07
 4  2  19  8  0.4064E-07
 4  2  19  8  0.4069E-07
 4  2  19  8  0.4075E-07
 4  2  19  8  0.4070E-07
 4  2  20  8  0.3914E-07
 4  2  20  8  0.3921E-07
 4  2  20  8  0.3914E-07
 4  2  20  8  0.3913E-07
 4  2  20  8  0.3907E-07
 4  2  20  8  0.3911E-07
 4  2  20  8  0.3907E-07
 4  2  20  8  0.3920E-07
 4  2  20  8  0.3917E-07
 4  2  20  8  0.3915E-07
