 4  32  3  128  0.6942E-07
 4  32  3  128  0.1283E-07
 4  32  3  128  0.1302E-07
 4  32  3  128  0.1331E-07
 4  32  3  128  0.1235E-07
 4  32  3  128  0.1274E-07
 4  32  3  128  0.1253E-07
 4  32  3  128  0.1226E-07
 4  32  3  128  0.1253E-07
 4  32  3  128  0.1253E-07
 4  32  4  128  0.4635E-07
 4  32  4  128  0.9274E-08
 4  32  4  128  0.7616E-08
 4  32  4  128  0.8343E-08
 4  32  4  128  0.7412E-08
 4  32  4  128  0.7412E-08
 4  32  4  128  0.7286E-08
 4  32  4  128  0.8789E-08
 4  32  4  128  0.8343E-08
 4  32  4  128  0.7286E-08
 4  32  5  128  0.2202E-07
 4  32  5  128  0.4396E-08
 4  32  5  128  0.5121E-08
 4  32  5  128  0.4162E-08
 4  32  5  128  0.4167E-08
 4  32  5  128  0.4247E-08
 4  32  5  128  0.5583E-08
 4  32  5  128  0.6313E-08
 4  32  5  128  0.5687E-08
 4  32  5  128  0.6065E-08
 4  32  6  128  0.1455E-07
 4  32  6  128  0.3676E-08
 4  32  6  128  0.3446E-08
 4  32  6  128  0.3691E-08
 4  32  6  128  0.3352E-08
 4  32  6  128  0.3268E-08
 4  32  6  128  0.3159E-08
 4  32  6  128  0.3231E-08
 4  32  6  128  0.3507E-08
 4  32  6  128  0.3122E-08
 4  32  7  128  0.1551E-08
 4  32  7  128  0.1500E-08
 4  32  7  128  0.1484E-08
 4  32  7  128  0.1495E-08
 4  32  7  128  0.1520E-08
 4  32  7  128  0.1491E-08
 4  32  7  128  0.1497E-08
 4  32  7  128  0.1486E-08
 4  32  7  128  0.1498E-08
 4  32  7  128  0.1488E-08
 4  32  8  128  0.1307E-08
 4  32  8  128  0.1260E-08
 4  32  8  128  0.1260E-08
 4  32  8  128  0.1268E-08
 4  32  8  128  0.1326E-08
 4  32  8  128  0.1289E-08
 4  32  8  128  0.1284E-08
 4  32  8  128  0.1253E-08
 4  32  8  128  0.1262E-08
 4  32  8  128  0.1251E-08
 4  32  9  128  0.1694E-08
 4  32  9  128  0.1643E-08
 4  32  9  128  0.1671E-08
 4  32  9  128  0.1678E-08
 4  32  9  128  0.1637E-08
 4  32  9  128  0.1630E-08
 4  32  9  128  0.1618E-08
 4  32  9  128  0.1628E-08
 4  32  9  128  0.1627E-08
 4  32  9  128  0.1643E-08
 4  32  10  128  0.2091E-08
 4  32  10  128  0.2064E-08
 4  32  10  128  0.2053E-08
 4  32  10  128  0.2061E-08
 4  32  10  128  0.2045E-08
 4  32  10  128  0.2049E-08
 4  32  10  128  0.2053E-08
 4  32  10  128  0.2062E-08
 4  32  10  128  0.2047E-08
 4  32  10  128  0.2044E-08
 4  32  11  128  0.2163E-08
 4  32  11  128  0.2134E-08
 4  32  11  128  0.2132E-08
 4  32  11  128  0.2136E-08
 4  32  11  128  0.2129E-08
 4  32  11  128  0.2133E-08
 4  32  11  128  0.2132E-08
 4  32  11  128  0.2127E-08
 4  32  11  128  0.2152E-08
 4  32  11  128  0.2132E-08
 4  32  12  128  0.2049E-08
 4  32  12  128  0.2030E-08
 4  32  12  128  0.2029E-08
 4  32  12  128  0.2028E-08
 4  32  12  128  0.2033E-08
 4  32  12  128  0.2027E-08
 4  32  12  128  0.2033E-08
 4  32  12  128  0.2028E-08
 4  32  12  128  0.2026E-08
 4  32  12  128  0.2031E-08
 4  32  13  128  0.2285E-08
 4  32  13  128  0.2264E-08
 4  32  13  128  0.2265E-08
 4  32  13  128  0.2264E-08
 4  32  13  128  0.2267E-08
 4  32  13  128  0.2270E-08
 4  32  13  128  0.2272E-08
 4  32  13  128  0.2269E-08
 4  32  13  128  0.2268E-08
 4  32  13  128  0.2270E-08
 4  32  14  128  0.2036E-08
 4  32  14  128  0.2027E-08
 4  32  14  128  0.2026E-08
 4  32  14  128  0.2024E-08
 4  32  14  128  0.2022E-08
 4  32  14  128  0.2025E-08
 4  32  14  128  0.2031E-08
 4  32  14  128  0.2025E-08
 4  32  14  128  0.2022E-08
 4  32  14  128  0.2021E-08
 4  32  15  128  0.2245E-08
 4  32  15  128  0.2229E-08
 4  32  15  128  0.2227E-08
 4  32  15  128  0.2227E-08
 4  32  15  128  0.2236E-08
 4  32  15  128  0.2227E-08
 4  32  15  128  0.2225E-08
 4  32  15  128  0.2225E-08
 4  32  15  128  0.2224E-08
 4  32  15  128  0.2225E-08
 4  32  16  128  0.2276E-08
 4  32  16  128  0.2263E-08
 4  32  16  128  0.2261E-08
 4  32  16  128  0.2267E-08
 4  32  16  128  0.2274E-08
 4  32  16  128  0.2272E-08
 4  32  16  128  0.2270E-08
 4  32  16  128  0.2267E-08
 4  32  16  128  0.2264E-08
 4  32  16  128  0.2269E-08
 4  32  17  128  0.2618E-08
 4  32  17  128  0.2653E-08
 4  32  17  128  0.2637E-08
 4  32  17  128  0.2619E-08
 4  32  17  128  0.2623E-08
 4  32  17  128  0.2613E-08
 4  32  17  128  0.2624E-08
 4  32  17  128  0.2619E-08
 4  32  17  128  0.2614E-08
 4  32  17  128  0.2642E-08
 4  32  18  128  0.2428E-08
 4  32  18  128  0.2420E-08
 4  32  18  128  0.2420E-08
 4  32  18  128  0.2418E-08
 4  32  18  128  0.2420E-08
 4  32  18  128  0.2419E-08
 4  32  18  128  0.2422E-08
 4  32  18  128  0.2422E-08
 4  32  18  128  0.2419E-08
 4  32  18  128  0.2418E-08
 4  32  19  128  0.2747E-08
 4  32  19  128  0.2746E-08
 4  32  19  128  0.2744E-08
 4  32  19  128  0.2745E-08
 4  32  19  128  0.2746E-08
 4  32  19  128  0.2745E-08
 4  32  19  128  0.2745E-08
 4  32  19  128  0.2744E-08
 4  32  19  128  0.2744E-08
 4  32  19  128  0.2744E-08
 4  32  20  128  0.2650E-08
 4  32  20  128  0.2647E-08
 4  32  20  128  0.2650E-08
 4  32  20  128  0.2642E-08
 4  32  20  128  0.2651E-08
 4  32  20  128  0.2644E-08
 4  32  20  128  0.2648E-08
 4  32  20  128  0.2647E-08
 4  32  20  128  0.2649E-08
 4  32  20  128  0.2746E-08
