 4  32  3  128  0.6954E-07
 4  32  3  128  0.1890E-07
 4  32  3  128  0.1978E-07
 4  32  3  128  0.1812E-07
 4  32  3  128  0.1872E-07
 4  32  3  128  0.1610E-07
 4  32  3  128  0.1658E-07
 4  32  3  128  0.1697E-07
 4  32  3  128  0.2104E-07
 4  32  3  128  0.2044E-07
 4  32  4  128  0.2587E-07
 4  32  4  128  0.1139E-07
 4  32  4  128  0.1856E-07
 4  32  4  128  0.1501E-07
 4  32  4  128  0.1619E-07
 4  32  4  128  0.1412E-07
 4  32  4  128  0.1278E-07
 4  32  4  128  0.1270E-07
 4  32  4  128  0.1119E-07
 4  32  4  128  0.1456E-07
 4  32  5  128  0.1861E-07
 4  32  5  128  0.5792E-08
 4  32  5  128  0.5792E-08
 4  32  5  128  0.6249E-08
 4  32  5  128  0.5792E-08
 4  32  5  128  0.5687E-08
 4  32  5  128  0.6686E-08
 4  32  5  128  0.5687E-08
 4  32  5  128  0.6482E-08
 4  32  5  128  0.5752E-08
 4  32  6  128  0.1661E-07
 4  32  6  128  0.4519E-08
 4  32  6  128  0.5002E-08
 4  32  6  128  0.4076E-08
 4  32  6  128  0.4461E-08
 4  32  6  128  0.4182E-08
 4  32  6  128  0.4087E-08
 4  32  6  128  0.4846E-08
 4  32  6  128  0.4099E-08
 4  32  6  128  0.5364E-08
 4  32  7  128  0.2456E-08
 4  32  7  128  0.2419E-08
 4  32  7  128  0.2394E-08
 4  32  7  128  0.2361E-08
 4  32  7  128  0.2393E-08
 4  32  7  128  0.2393E-08
 4  32  7  128  0.2353E-08
 4  32  7  128  0.2395E-08
 4  32  7  128  0.2375E-08
 4  32  7  128  0.2359E-08
 4  32  8  128  0.1856E-08
 4  32  8  128  0.1867E-08
 4  32  8  128  0.1830E-08
 4  32  8  128  0.1856E-08
 4  32  8  128  0.1860E-08
 4  32  8  128  0.1850E-08
 4  32  8  128  0.1865E-08
 4  32  8  128  0.1845E-08
 4  32  8  128  0.1859E-08
 4  32  8  128  0.1853E-08
 4  32  9  128  0.2330E-08
 4  32  9  128  0.2304E-08
 4  32  9  128  0.2298E-08
 4  32  9  128  0.2287E-08
 4  32  9  128  0.2296E-08
 4  32  9  128  0.2285E-08
 4  32  9  128  0.2297E-08
 4  32  9  128  0.2296E-08
 4  32  9  128  0.2282E-08
 4  32  9  128  0.2302E-08
 4  32  10  128  0.2680E-08
 4  32  10  128  0.2660E-08
 4  32  10  128  0.2660E-08
 4  32  10  128  0.2701E-08
 4  32  10  128  0.2661E-08
 4  32  10  128  0.2668E-08
 4  32  10  128  0.2660E-08
 4  32  10  128  0.2660E-08
 4  32  10  128  0.2656E-08
 4  32  10  128  0.2658E-08
 4  32  11  128  0.2646E-08
 4  32  11  128  0.2631E-08
 4  32  11  128  0.2619E-08
 4  32  11  128  0.2633E-08
 4  32  11  128  0.2615E-08
 4  32  11  128  0.2629E-08
 4  32  11  128  0.2621E-08
 4  32  11  128  0.2630E-08
 4  32  11  128  0.2626E-08
 4  32  11  128  0.2627E-08
 4  32  12  128  0.2462E-08
 4  32  12  128  0.2448E-08
 4  32  12  128  0.2459E-08
 4  32  12  128  0.2447E-08
 4  32  12  128  0.2454E-08
 4  32  12  128  0.2448E-08
 4  32  12  128  0.2447E-08
 4  32  12  128  0.2448E-08
 4  32  12  128  0.2453E-08
 4  32  12  128  0.2449E-08
 4  32  13  128  0.2598E-08
 4  32  13  128  0.2590E-08
 4  32  13  128  0.2589E-08
 4  32  13  128  0.2583E-08
 4  32  13  128  0.2593E-08
 4  32  13  128  0.2587E-08
 4  32  13  128  0.2588E-08
 4  32  13  128  0.2591E-08
 4  32  13  128  0.2592E-08
 4  32  13  128  0.2584E-08
 4  32  14  128  0.2318E-08
 4  32  14  128  0.2306E-08
 4  32  14  128  0.2309E-08
 4  32  14  128  0.2310E-08
 4  32  14  128  0.2306E-08
 4  32  14  128  0.2303E-08
 4  32  14  128  0.2305E-08
 4  32  14  128  0.2304E-08
 4  32  14  128  0.2448E-08
 4  32  14  128  0.2370E-08
 4  32  15  128  0.2477E-08
 4  32  15  128  0.2468E-08
 4  32  15  128  0.2467E-08
 4  32  15  128  0.2467E-08
 4  32  15  128  0.2473E-08
 4  32  15  128  0.2471E-08
 4  32  15  128  0.2473E-08
 4  32  15  128  0.2473E-08
 4  32  15  128  0.2478E-08
 4  32  15  128  0.2469E-08
 4  32  16  128  0.2510E-08
 4  32  16  128  0.2505E-08
 4  32  16  128  0.2515E-08
 4  32  16  128  0.2504E-08
 4  32  16  128  0.2503E-08
 4  32  16  128  0.2503E-08
 4  32  16  128  0.2511E-08
 4  32  16  128  0.2511E-08
 4  32  16  128  0.2510E-08
 4  32  16  128  0.2503E-08
 4  32  17  128  0.2827E-08
 4  32  17  128  0.2811E-08
 4  32  17  128  0.2814E-08
 4  32  17  128  0.2819E-08
 4  32  17  128  0.2830E-08
 4  32  17  128  0.2843E-08
 4  32  17  128  0.2824E-08
 4  32  17  128  0.2820E-08
 4  32  17  128  0.2813E-08
 4  32  17  128  0.2810E-08
 4  32  18  128  0.2615E-08
 4  32  18  128  0.2613E-08
 4  32  18  128  0.2609E-08
 4  32  18  128  0.2608E-08
 4  32  18  128  0.2608E-08
 4  32  18  128  0.2609E-08
 4  32  18  128  0.2609E-08
 4  32  18  128  0.2612E-08
 4  32  18  128  0.2612E-08
 4  32  18  128  0.2611E-08
 4  32  19  128  0.2930E-08
 4  32  19  128  0.2933E-08
 4  32  19  128  0.2933E-08
 4  32  19  128  0.2928E-08
 4  32  19  128  0.2932E-08
 4  32  19  128  0.2931E-08
 4  32  19  128  0.2935E-08
 4  32  19  128  0.2933E-08
 4  32  19  128  0.2933E-08
 4  32  19  128  0.2933E-08
 4  32  20  128  0.2823E-08
 4  32  20  128  0.2821E-08
 4  32  20  128  0.2826E-08
 4  32  20  128  0.2819E-08
 4  32  20  128  0.2817E-08
 4  32  20  128  0.2824E-08
 4  32  20  128  0.2820E-08
 4  32  20  128  0.2818E-08
 4  32  20  128  0.2821E-08
 4  32  20  128  0.2824E-08
