 4  1  3  4  0.2966E-06
 4  1  3  4  0.2347E-06
 4  1  3  4  0.2311E-06
 4  1  3  4  0.2347E-06
 4  1  3  4  0.2318E-06
 4  1  3  4  0.2281E-06
 4  1  3  4  0.2311E-06
 4  1  3  4  0.2318E-06
 4  1  3  4  0.2281E-06
 4  1  3  4  0.2318E-06
 4  1  4  4  0.1055E-06
 4  1  4  4  0.1158E-06
 4  1  4  4  0.8723E-07
 4  1  4  4  0.8848E-07
 4  1  4  4  0.8723E-07
 4  1  4  4  0.8723E-07
 4  1  4  4  0.8599E-07
 4  1  4  4  0.8599E-07
 4  1  4  4  0.8599E-07
 4  1  4  4  0.8723E-07
 4  1  5  4  0.1127E-06
 4  1  5  4  0.1019E-06
 4  1  5  4  0.1152E-06
 4  1  5  4  0.1040E-06
 4  1  5  4  0.9998E-07
 4  1  5  4  0.1006E-06
 4  1  5  4  0.1001E-06
 4  1  5  4  0.1113E-06
 4  1  5  4  0.1046E-06
 4  1  5  4  0.1012E-06
 4  1  6  4  0.8683E-07
 4  1  6  4  0.7524E-07
 4  1  6  4  0.7368E-07
 4  1  6  4  0.8600E-07
 4  1  6  4  0.7754E-07
 4  1  6  4  0.7368E-07
 4  1  6  4  0.7368E-07
 4  1  6  4  0.8140E-07
 4  1  6  4  0.7598E-07
 4  1  6  4  0.7331E-07
 4  1  7  4  0.7385E-07
 4  1  7  4  0.7171E-07
 4  1  7  4  0.6800E-07
 4  1  7  4  0.7409E-07
 4  1  7  4  0.6997E-07
 4  1  7  4  0.6708E-07
 4  1  7  4  0.7530E-07
 4  1  7  4  0.6974E-07
 4  1  7  4  0.6731E-07
 4  1  7  4  0.7287E-07
 4  1  8  4  0.7373E-07
 4  1  8  4  0.6752E-07
 4  1  8  4  0.7144E-07
 4  1  8  4  0.6706E-07
 4  1  8  4  0.7000E-07
 4  1  8  4  0.6706E-07
 4  1  8  4  0.6997E-07
 4  1  8  4  0.6706E-07
 4  1  8  4  0.7012E-07
 4  1  8  4  0.6706E-07
 4  1  9  4  0.7293E-07
 4  1  9  4  0.6367E-07
 4  1  9  4  0.6803E-07
 4  1  9  4  0.6882E-07
 4  1  9  4  0.6331E-07
 4  1  9  4  0.6724E-07
 4  1  9  4  0.6835E-07
 4  1  9  4  0.6345E-07
 4  1  9  4  0.6435E-07
 4  1  9  4  0.6860E-07
 4  1  10  4  0.1040E-06
 4  1  10  4  0.1036E-06
 4  1  10  4  0.1023E-06
 4  1  10  4  0.1000E-06
 4  1  10  4  0.1042E-06
 4  1  10  4  0.1012E-06
 4  1  10  4  0.1003E-06
 4  1  10  4  0.1033E-06
 4  1  10  4  0.1014E-06
 4  1  10  4  0.1004E-06
 4  1  11  4  0.9849E-07
 4  1  11  4  0.9480E-07
 4  1  11  4  0.9261E-07
 4  1  11  4  0.9486E-07
 4  1  11  4  0.9179E-07
 4  1  11  4  0.9230E-07
 4  1  11  4  0.9542E-07
 4  1  11  4  0.9253E-07
 4  1  11  4  0.9234E-07
 4  1  11  4  0.9498E-07
 4  1  12  4  0.8024E-07
 4  1  12  4  0.7914E-07
 4  1  12  4  0.7914E-07
 4  1  12  4  0.7715E-07
 4  1  12  4  0.7764E-07
 4  1  12  4  0.7894E-07
 4  1  12  4  0.7885E-07
 4  1  12  4  0.7692E-07
 4  1  12  4  0.7730E-07
 4  1  12  4  0.7933E-07
 4  1  13  4  0.8068E-07
 4  1  13  4  0.7870E-07
 4  1  13  4  0.7886E-07
 4  1  13  4  0.7806E-07
 4  1  13  4  0.7856E-07
 4  1  13  4  0.7886E-07
 4  1  13  4  0.7851E-07
 4  1  13  4  0.7814E-07
 4  1  13  4  0.7811E-07
 4  1  13  4  0.7878E-07
 4  1  14  4  0.7327E-07
 4  1  14  4  0.6903E-07
 4  1  14  4  0.6967E-07
 4  1  14  4  0.6921E-07
 4  1  14  4  0.7013E-07
 4  1  14  4  0.6900E-07
 4  1  14  4  0.6981E-07
 4  1  14  4  0.7021E-07
 4  1  14  4  0.6934E-07
 4  1  14  4  0.7116E-07
 4  1  15  4  0.7903E-07
 4  1  15  4  0.7704E-07
 4  1  15  4  0.7728E-07
 4  1  15  4  0.7765E-07
 4  1  15  4  0.7822E-07
 4  1  15  4  0.7792E-07
 4  1  15  4  0.7743E-07
 4  1  15  4  0.7741E-07
 4  1  15  4  0.7824E-07
 4  1  15  4  0.7642E-07
 4  1  16  4  0.8187E-07
 4  1  16  4  0.8128E-07
 4  1  16  4  0.8138E-07
 4  1  16  4  0.8105E-07
 4  1  16  4  0.8071E-07
 4  1  16  4  0.8081E-07
 4  1  16  4  0.8085E-07
 4  1  16  4  0.8085E-07
 4  1  16  4  0.8152E-07
 4  1  16  4  0.8119E-07
 4  1  17  4  0.9322E-07
 4  1  17  4  0.9168E-07
 4  1  17  4  0.9179E-07
 4  1  17  4  0.9169E-07
 4  1  17  4  0.9129E-07
 4  1  17  4  0.9273E-07
 4  1  17  4  0.9182E-07
 4  1  17  4  0.9200E-07
 4  1  17  4  0.9183E-07
 4  1  17  4  0.9110E-07
 4  1  18  4  0.9460E-07
 4  1  18  4  0.9351E-07
 4  1  18  4  0.9406E-07
 4  1  18  4  0.9434E-07
 4  1  18  4  0.9412E-07
 4  1  18  4  0.9346E-07
 4  1  18  4  0.9397E-07
 4  1  18  4  0.9458E-07
 4  1  18  4  0.9393E-07
 4  1  18  4  0.9352E-07
 4  1  19  4  0.1046E-06
 4  1  19  4  0.1038E-06
 4  1  19  4  0.1034E-06
 4  1  19  4  0.1035E-06
 4  1  19  4  0.1039E-06
 4  1  19  4  0.1030E-06
 4  1  19  4  0.1031E-06
 4  1  19  4  0.1038E-06
 4  1  19  4  0.1039E-06
 4  1  19  4  0.1031E-06
 4  1  20  4  0.9943E-07
 4  1  20  4  0.9922E-07
 4  1  20  4  0.9933E-07
 4  1  20  4  0.9913E-07
 4  1  20  4  0.9912E-07
 4  1  20  4  0.9950E-07
 4  1  20  4  0.1003E-06
 4  1  20  4  0.9872E-07
 4  1  20  4  0.9904E-07
 4  1  20  4  0.9934E-07
