 4  8  3  32  0.1267E-06
 4  8  3  32  0.1017E-06
 4  8  3  32  0.1048E-06
 4  8  3  32  0.1265E-06
 4  8  3  32  0.1276E-06
 4  8  3  32  0.1138E-06
 4  8  3  32  0.1066E-06
 4  8  3  32  0.9606E-07
 4  8  3  32  0.1147E-06
 4  8  3  32  0.1320E-06
 4  8  4  32  0.7077E-07
 4  8  4  32  0.6651E-07
 4  8  4  32  0.7126E-07
 4  8  4  32  0.7080E-07
 4  8  4  32  0.6991E-07
 4  8  4  32  0.7192E-07
 4  8  4  32  0.7014E-07
 4  8  4  32  0.6962E-07
 4  8  4  32  0.7293E-07
 4  8  4  32  0.7128E-07
 4  8  5  32  0.4408E-07
 4  8  5  32  0.4233E-07
 4  8  5  32  0.4398E-07
 4  8  5  32  0.4312E-07
 4  8  5  32  0.4276E-07
 4  8  5  32  0.4420E-07
 4  8  5  32  0.4323E-07
 4  8  5  32  0.4461E-07
 4  8  5  32  0.4340E-07
 4  8  5  32  0.4299E-07
 4  8  6  32  0.2727E-07
 4  8  6  32  0.2672E-07
 4  8  6  32  0.2593E-07
 4  8  6  32  0.2653E-07
 4  8  6  32  0.2625E-07
 4  8  6  32  0.2602E-07
 4  8  6  32  0.2628E-07
 4  8  6  32  0.2648E-07
 4  8  6  32  0.2602E-07
 4  8  6  32  0.2595E-07
 4  8  7  32  0.2143E-07
 4  8  7  32  0.2122E-07
 4  8  7  32  0.2120E-07
 4  8  7  32  0.2120E-07
 4  8  7  32  0.2094E-07
 4  8  7  32  0.2082E-07
 4  8  7  32  0.2108E-07
 4  8  7  32  0.2088E-07
 4  8  7  32  0.2089E-07
 4  8  7  32  0.2097E-07
 4  8  8  32  0.1555E-07
 4  8  8  32  0.1511E-07
 4  8  8  32  0.1502E-07
 4  8  8  32  0.1485E-07
 4  8  8  32  0.1492E-07
 4  8  8  32  0.1493E-07
 4  8  8  32  0.1497E-07
 4  8  8  32  0.1476E-07
 4  8  8  32  0.1477E-07
 4  8  8  32  0.1483E-07
 4  8  9  32  0.1419E-07
 4  8  9  32  0.1386E-07
 4  8  9  32  0.1375E-07
 4  8  9  32  0.1385E-07
 4  8  9  32  0.1388E-07
 4  8  9  32  0.1367E-07
 4  8  9  32  0.1378E-07
 4  8  9  32  0.1382E-07
 4  8  9  32  0.1369E-07
 4  8  9  32  0.1378E-07
 4  8  10  32  0.1276E-07
 4  8  10  32  0.1242E-07
 4  8  10  32  0.1242E-07
 4  8  10  32  0.1242E-07
 4  8  10  32  0.1237E-07
 4  8  10  32  0.1239E-07
 4  8  10  32  0.1235E-07
 4  8  10  32  0.1242E-07
 4  8  10  32  0.1233E-07
 4  8  10  32  0.1239E-07
 4  8  11  32  0.1242E-07
 4  8  11  32  0.1211E-07
 4  8  11  32  0.1207E-07
 4  8  11  32  0.1203E-07
 4  8  11  32  0.1205E-07
 4  8  11  32  0.1203E-07
 4  8  11  32  0.1213E-07
 4  8  11  32  0.1204E-07
 4  8  11  32  0.1222E-07
 4  8  11  32  0.1222E-07
 4  8  12  32  0.1198E-07
 4  8  12  32  0.1183E-07
 4  8  12  32  0.1185E-07
 4  8  12  32  0.1188E-07
 4  8  12  32  0.1185E-07
 4  8  12  32  0.1183E-07
 4  8  12  32  0.1183E-07
 4  8  12  32  0.1188E-07
 4  8  12  32  0.1181E-07
 4  8  12  32  0.1181E-07
 4  8  13  32  0.1264E-07
 4  8  13  32  0.1259E-07
 4  8  13  32  0.1260E-07
 4  8  13  32  0.1258E-07
 4  8  13  32  0.1276E-07
 4  8  13  32  0.1278E-07
 4  8  13  32  0.1277E-07
 4  8  13  32  0.1278E-07
 4  8  13  32  0.1277E-07
 4  8  13  32  0.1276E-07
 4  8  14  32  0.1148E-07
 4  8  14  32  0.1149E-07
 4  8  14  32  0.1149E-07
 4  8  14  32  0.1145E-07
 4  8  14  32  0.1149E-07
 4  8  14  32  0.1145E-07
 4  8  14  32  0.1142E-07
 4  8  14  32  0.1146E-07
 4  8  14  32  0.1142E-07
 4  8  14  32  0.1144E-07
 4  8  15  32  0.1209E-07
 4  8  15  32  0.1192E-07
 4  8  15  32  0.1190E-07
 4  8  15  32  0.1189E-07
 4  8  15  32  0.1189E-07
 4  8  15  32  0.1187E-07
 4  8  15  32  0.1188E-07
 4  8  15  32  0.1188E-07
 4  8  15  32  0.1187E-07
 4  8  15  32  0.1188E-07
 4  8  16  32  0.1072E-07
 4  8  16  32  0.1067E-07
 4  8  16  32  0.1067E-07
 4  8  16  32  0.1066E-07
 4  8  16  32  0.1065E-07
 4  8  16  32  0.1064E-07
 4  8  16  32  0.1066E-07
 4  8  16  32  0.1065E-07
 4  8  16  32  0.1066E-07
 4  8  16  32  0.1070E-07
 4  8  17  32  0.1269E-07
 4  8  17  32  0.1270E-07
 4  8  17  32  0.1269E-07
 4  8  17  32  0.1266E-07
 4  8  17  32  0.1272E-07
 4  8  17  32  0.1267E-07
 4  8  17  32  0.1267E-07
 4  8  17  32  0.1267E-07
 4  8  17  32  0.1268E-07
 4  8  17  32  0.1268E-07
 4  8  18  32  0.1222E-07
 4  8  18  32  0.1215E-07
 4  8  18  32  0.1213E-07
 4  8  18  32  0.1218E-07
 4  8  18  32  0.1214E-07
 4  8  18  32  0.1212E-07
 4  8  18  32  0.1212E-07
 4  8  18  32  0.1213E-07
 4  8  18  32  0.1212E-07
 4  8  18  32  0.1213E-07
 4  8  19  32  0.1268E-07
 4  8  19  32  0.1265E-07
 4  8  19  32  0.1265E-07
 4  8  19  32  0.1267E-07
 4  8  19  32  0.1266E-07
 4  8  19  32  0.1265E-07
 4  8  19  32  0.1265E-07
 4  8  19  32  0.1265E-07
 4  8  19  32  0.1265E-07
 4  8  19  32  0.1264E-07
 4  8  20  32  0.1177E-07
 4  8  20  32  0.1176E-07
 4  8  20  32  0.1175E-07
 4  8  20  32  0.1175E-07
 4  8  20  32  0.1178E-07
 4  8  20  32  0.1177E-07
 4  8  20  32  0.1177E-07
 4  8  20  32  0.1175E-07
 4  8  20  32  0.1176E-07
 4  8  20  32  0.1177E-07
