 4  4  3  16  0.8903E-07
 4  4  3  16  0.8457E-07
 4  4  3  16  0.9154E-07
 4  4  3  16  0.8840E-07
 4  4  3  16  0.9340E-07
 4  4  3  16  0.8691E-07
 4  4  3  16  0.8566E-07
 4  4  3  16  0.8740E-07
 4  4  3  16  0.8630E-07
 4  4  3  16  0.8739E-07
 4  4  4  16  0.4854E-07
 4  4  4  16  0.4515E-07
 4  4  4  16  0.4465E-07
 4  4  4  16  0.4569E-07
 4  4  4  16  0.4873E-07
 4  4  4  16  0.4429E-07
 4  4  4  16  0.4507E-07
 4  4  4  16  0.4316E-07
 4  4  4  16  0.4534E-07
 4  4  4  16  0.4382E-07
 4  4  5  16  0.3309E-07
 4  4  5  16  0.3205E-07
 4  4  5  16  0.3371E-07
 4  4  5  16  0.3122E-07
 4  4  5  16  0.3186E-07
 4  4  5  16  0.3233E-07
 4  4  5  16  0.3149E-07
 4  4  5  16  0.3134E-07
 4  4  5  16  0.3206E-07
 4  4  5  16  0.3173E-07
 4  4  6  16  0.3406E-07
 4  4  6  16  0.3229E-07
 4  4  6  16  0.3160E-07
 4  4  6  16  0.3228E-07
 4  4  6  16  0.3107E-07
 4  4  6  16  0.3175E-07
 4  4  6  16  0.3107E-07
 4  4  6  16  0.3120E-07
 4  4  6  16  0.3074E-07
 4  4  6  16  0.3075E-07
 4  4  7  16  0.1939E-07
 4  4  7  16  0.1874E-07
 4  4  7  16  0.1976E-07
 4  4  7  16  0.1944E-07
 4  4  7  16  0.1860E-07
 4  4  7  16  0.1955E-07
 4  4  7  16  0.1902E-07
 4  4  7  16  0.1894E-07
 4  4  7  16  0.1925E-07
 4  4  7  16  0.1891E-07
 4  4  8  16  0.1653E-07
 4  4  8  16  0.1642E-07
 4  4  8  16  0.1599E-07
 4  4  8  16  0.1646E-07
 4  4  8  16  0.1632E-07
 4  4  8  16  0.1646E-07
 4  4  8  16  0.1582E-07
 4  4  8  16  0.1571E-07
 4  4  8  16  0.1573E-07
 4  4  8  16  0.1576E-07
 4  4  9  16  0.2155E-07
 4  4  9  16  0.2159E-07
 4  4  9  16  0.2178E-07
 4  4  9  16  0.2180E-07
 4  4  9  16  0.2144E-07
 4  4  9  16  0.2095E-07
 4  4  9  16  0.2173E-07
 4  4  9  16  0.2204E-07
 4  4  9  16  0.2208E-07
 4  4  9  16  0.2152E-07
 4  4  10  16  0.2309E-07
 4  4  10  16  0.2269E-07
 4  4  10  16  0.2272E-07
 4  4  10  16  0.2284E-07
 4  4  10  16  0.2281E-07
 4  4  10  16  0.2282E-07
 4  4  10  16  0.2277E-07
 4  4  10  16  0.2272E-07
 4  4  10  16  0.2263E-07
 4  4  10  16  0.2271E-07
 4  4  11  16  0.2301E-07
 4  4  11  16  0.2257E-07
 4  4  11  16  0.2268E-07
 4  4  11  16  0.2257E-07
 4  4  11  16  0.2261E-07
 4  4  11  16  0.2258E-07
 4  4  11  16  0.2257E-07
 4  4  11  16  0.2264E-07
 4  4  11  16  0.2256E-07
 4  4  11  16  0.2262E-07
 4  4  12  16  0.2145E-07
 4  4  12  16  0.2112E-07
 4  4  12  16  0.2136E-07
 4  4  12  16  0.2131E-07
 4  4  12  16  0.2148E-07
 4  4  12  16  0.2158E-07
 4  4  12  16  0.2148E-07
 4  4  12  16  0.2145E-07
 4  4  12  16  0.2144E-07
 4  4  12  16  0.2141E-07
 4  4  13  16  0.2464E-07
 4  4  13  16  0.2437E-07
 4  4  13  16  0.2434E-07
 4  4  13  16  0.2434E-07
 4  4  13  16  0.2437E-07
 4  4  13  16  0.2438E-07
 4  4  13  16  0.2431E-07
 4  4  13  16  0.2438E-07
 4  4  13  16  0.2432E-07
 4  4  13  16  0.2439E-07
 4  4  14  16  0.2160E-07
 4  4  14  16  0.2141E-07
 4  4  14  16  0.2153E-07
 4  4  14  16  0.2147E-07
 4  4  14  16  0.2146E-07
 4  4  14  16  0.2147E-07
 4  4  14  16  0.2145E-07
 4  4  14  16  0.2147E-07
 4  4  14  16  0.2147E-07
 4  4  14  16  0.2148E-07
 4  4  15  16  0.2237E-07
 4  4  15  16  0.2218E-07
 4  4  15  16  0.2217E-07
 4  4  15  16  0.2218E-07
 4  4  15  16  0.2219E-07
 4  4  15  16  0.2218E-07
 4  4  15  16  0.2217E-07
 4  4  15  16  0.2221E-07
 4  4  15  16  0.2221E-07
 4  4  15  16  0.2221E-07
 4  4  16  16  0.2098E-07
 4  4  16  16  0.2080E-07
 4  4  16  16  0.2081E-07
 4  4  16  16  0.2080E-07
 4  4  16  16  0.2081E-07
 4  4  16  16  0.2083E-07
 4  4  16  16  0.2080E-07
 4  4  16  16  0.2081E-07
 4  4  16  16  0.2095E-07
 4  4  16  16  0.2092E-07
 4  4  17  16  0.2480E-07
 4  4  17  16  0.2476E-07
 4  4  17  16  0.2478E-07
 4  4  17  16  0.2476E-07
 4  4  17  16  0.2475E-07
 4  4  17  16  0.2477E-07
 4  4  17  16  0.2478E-07
 4  4  17  16  0.2478E-07
 4  4  17  16  0.2476E-07
 4  4  17  16  0.2478E-07
 4  4  18  16  0.2351E-07
 4  4  18  16  0.2341E-07
 4  4  18  16  0.2343E-07
 4  4  18  16  0.2345E-07
 4  4  18  16  0.2343E-07
 4  4  18  16  0.2346E-07
 4  4  18  16  0.2344E-07
 4  4  18  16  0.2342E-07
 4  4  18  16  0.2347E-07
 4  4  18  16  0.2344E-07
 4  4  19  16  0.2431E-07
 4  4  19  16  0.2429E-07
 4  4  19  16  0.2432E-07
 4  4  19  16  0.2430E-07
 4  4  19  16  0.2432E-07
 4  4  19  16  0.2432E-07
 4  4  19  16  0.2432E-07
 4  4  19  16  0.2431E-07
 4  4  19  16  0.2430E-07
 4  4  19  16  0.2431E-07
 4  4  20  16  0.2273E-07
 4  4  20  16  0.2256E-07
 4  4  20  16  0.2257E-07
 4  4  20  16  0.2261E-07
 4  4  20  16  0.2259E-07
 4  4  20  16  0.2258E-07
 4  4  20  16  0.2260E-07
 4  4  20  16  0.2260E-07
 4  4  20  16  0.2258E-07
 4  4  20  16  0.2258E-07
