 4  2  3  8  0.9610E-07
 4  2  3  8  0.2329E-06
 4  2  3  8  0.2174E-06
 4  2  3  8  0.1788E-06
 4  2  3  8  0.2300E-06
 4  2  3  8  0.1681E-06
 4  2  3  8  0.2561E-06
 4  2  3  8  0.2038E-06
 4  2  3  8  0.2266E-06
 4  2  3  8  0.1715E-06
 4  2  4  8  0.8122E-07
 4  2  4  8  0.1327E-06
 4  2  4  8  0.1869E-06
 4  2  4  8  0.1400E-06
 4  2  4  8  0.1583E-06
 4  2  4  8  0.1693E-06
 4  2  4  8  0.1496E-06
 4  2  4  8  0.1543E-06
 4  2  4  8  0.1673E-06
 4  2  4  8  0.1152E-06
 4  2  5  8  0.6247E-07
 4  2  5  8  0.6040E-07
 4  2  5  8  0.8472E-07
 4  2  5  8  0.8432E-07
 4  2  5  8  0.9235E-07
 4  2  5  8  0.8297E-07
 4  2  5  8  0.8138E-07
 4  2  5  8  0.8368E-07
 4  2  5  8  0.8734E-07
 4  2  5  8  0.8766E-07
 4  2  6  8  0.2921E-07
 4  2  6  8  0.2927E-07
 4  2  6  8  0.6770E-07
 4  2  6  8  0.6866E-07
 4  2  6  8  0.6269E-07
 4  2  6  8  0.4824E-07
 4  2  6  8  0.5556E-07
 4  2  6  8  0.6388E-07
 4  2  6  8  0.5013E-07
 4  2  6  8  0.5864E-07
 4  2  7  8  0.2796E-07
 4  2  7  8  0.2594E-07
 4  2  7  8  0.2801E-07
 4  2  7  8  0.5138E-07
 4  2  7  8  0.5662E-07
 4  2  7  8  0.4689E-07
 4  2  7  8  0.5274E-07
 4  2  7  8  0.4822E-07
 4  2  7  8  0.4796E-07
 4  2  7  8  0.4567E-07
 4  2  8  8  0.2746E-07
 4  2  8  8  0.2435E-07
 4  2  8  8  0.2415E-07
 4  2  8  8  0.4988E-07
 4  2  8  8  0.5103E-07
 4  2  8  8  0.5120E-07
 4  2  8  8  0.4794E-07
 4  2  8  8  0.5355E-07
 4  2  8  8  0.5136E-07
 4  2  8  8  0.4963E-07
 4  2  9  8  0.3244E-07
 4  2  9  8  0.3148E-07
 4  2  9  8  0.3121E-07
 4  2  9  8  0.3154E-07
 4  2  9  8  0.4419E-07
 4  2  9  8  0.4475E-07
 4  2  9  8  0.4384E-07
 4  2  9  8  0.4463E-07
 4  2  9  8  0.4332E-07
 4  2  9  8  0.4373E-07
 4  2  10  8  0.3724E-07
 4  2  10  8  0.3607E-07
 4  2  10  8  0.3594E-07
 4  2  10  8  0.3602E-07
 4  2  10  8  0.3610E-07
 4  2  10  8  0.5859E-07
 4  2  10  8  0.6037E-07
 4  2  10  8  0.5979E-07
 4  2  10  8  0.6050E-07
 4  2  10  8  0.5934E-07
 4  2  11  8  0.3624E-07
 4  2  11  8  0.3553E-07
 4  2  11  8  0.3561E-07
 4  2  11  8  0.3568E-07
 4  2  11  8  0.3559E-07
 4  2  11  8  0.3555E-07
 4  2  11  8  0.5387E-07
 4  2  11  8  0.5360E-07
 4  2  11  8  0.5404E-07
 4  2  11  8  0.5281E-07
 4  2  12  8  0.3350E-07
 4  2  12  8  0.3282E-07
 4  2  12  8  0.3280E-07
 4  2  12  8  0.3282E-07
 4  2  12  8  0.3283E-07
 4  2  12  8  0.3283E-07
 4  2  12  8  0.3284E-07
 4  2  12  8  0.4533E-07
 4  2  12  8  0.4562E-07
 4  2  12  8  0.4526E-07
 4  2  13  8  0.3590E-07
 4  2  13  8  0.3538E-07
 4  2  13  8  0.3537E-07
 4  2  13  8  0.3541E-07
 4  2  13  8  0.3540E-07
 4  2  13  8  0.3539E-07
 4  2  13  8  0.3537E-07
 4  2  13  8  0.3543E-07
 4  2  13  8  0.4582E-07
 4  2  13  8  0.4722E-07
 4  2  14  8  0.3174E-07
 4  2  14  8  0.3129E-07
 4  2  14  8  0.3124E-07
 4  2  14  8  0.3132E-07
 4  2  14  8  0.3129E-07
 4  2  14  8  0.3130E-07
 4  2  14  8  0.3131E-07
 4  2  14  8  0.3125E-07
 4  2  14  8  0.3126E-07
 4  2  14  8  0.3142E-07
 4  2  15  8  0.3432E-07
 4  2  15  8  0.3394E-07
 4  2  15  8  0.3394E-07
 4  2  15  8  0.3394E-07
 4  2  15  8  0.3394E-07
 4  2  15  8  0.3412E-07
 4  2  15  8  0.3411E-07
 4  2  15  8  0.3412E-07
 4  2  15  8  0.3410E-07
 4  2  15  8  0.3419E-07
 4  2  16  8  0.3213E-07
 4  2  16  8  0.3183E-07
 4  2  16  8  0.3187E-07
 4  2  16  8  0.3206E-07
 4  2  16  8  0.3195E-07
 4  2  16  8  0.3191E-07
 4  2  16  8  0.3201E-07
 4  2  16  8  0.3214E-07
 4  2  16  8  0.3212E-07
 4  2  16  8  0.3217E-07
 4  2  17  8  0.4017E-07
 4  2  17  8  0.3988E-07
 4  2  17  8  0.3983E-07
 4  2  17  8  0.3997E-07
 4  2  17  8  0.4001E-07
 4  2  17  8  0.4000E-07
 4  2  17  8  0.4004E-07
 4  2  17  8  0.3998E-07
 4  2  17  8  0.3997E-07
 4  2  17  8  0.3997E-07
 4  2  18  8  0.3811E-07
 4  2  18  8  0.3788E-07
 4  2  18  8  0.3785E-07
 4  2  18  8  0.3793E-07
 4  2  18  8  0.3797E-07
 4  2  18  8  0.3791E-07
 4  2  18  8  0.3795E-07
 4  2  18  8  0.3795E-07
 4  2  18  8  0.3790E-07
 4  2  18  8  0.3796E-07
 4  2  19  8  0.4186E-07
 4  2  19  8  0.4165E-07
 4  2  19  8  0.4167E-07
 4  2  19  8  0.4177E-07
 4  2  19  8  0.4164E-07
 4  2  19  8  0.4171E-07
 4  2  19  8  0.4169E-07
 4  2  19  8  0.4171E-07
 4  2  19  8  0.4171E-07
 4  2  19  8  0.4171E-07
 4  2  20  8  0.4015E-07
 4  2  20  8  0.3996E-07
 4  2  20  8  0.4006E-07
 4  2  20  8  0.4005E-07
 4  2  20  8  0.4001E-07
 4  2  20  8  0.4012E-07
 4  2  20  8  0.4022E-07
 4  2  20  8  0.4020E-07
 4  2  20  8  0.4020E-07
 4  2  20  8  0.4026E-07
