 4  64  3  256  0.7027E-08
 4  64  3  256  0.6331E-08
 4  64  3  256  0.6014E-08
 4  64  3  256  0.1703E-07
 4  64  3  256  0.1692E-07
 4  64  3  256  0.1771E-07
 4  64  3  256  0.1712E-07
 4  64  3  256  0.1765E-07
 4  64  3  256  0.1312E-07
 4  64  3  256  0.1196E-07
 4  64  4  256  0.4247E-08
 4  64  4  256  0.3326E-08
 4  64  4  256  0.3444E-08
 4  64  4  256  0.3378E-08
 4  64  4  256  0.3328E-08
 4  64  4  256  0.8178E-08
 4  64  4  256  0.7931E-08
 4  64  4  256  0.8872E-08
 4  64  4  256  0.8217E-08
 4  64  4  256  0.9255E-08
 4  64  5  256  0.3073E-08
 4  64  5  256  0.2657E-08
 4  64  5  256  0.2654E-08
 4  64  5  256  0.2641E-08
 4  64  5  256  0.2619E-08
 4  64  5  256  0.2636E-08
 4  64  5  256  0.2659E-08
 4  64  5  256  0.2810E-08
 4  64  5  256  0.4979E-08
 4  64  5  256  0.6124E-08
 4  64  6  256  0.2541E-08
 4  64  6  256  0.2174E-08
 4  64  6  256  0.2189E-08
 4  64  6  256  0.2154E-08
 4  64  6  256  0.2143E-08
 4  64  6  256  0.2180E-08
 4  64  6  256  0.2132E-08
 4  64  6  256  0.2150E-08
 4  64  6  256  0.2156E-08
 4  64  6  256  0.2124E-08
 4  64  7  256  0.2441E-08
 4  64  7  256  0.2318E-08
 4  64  7  256  0.2291E-08
 4  64  7  256  0.2297E-08
 4  64  7  256  0.2310E-08
 4  64  7  256  0.2302E-08
 4  64  7  256  0.2298E-08
 4  64  7  256  0.2290E-08
 4  64  7  256  0.2289E-08
 4  64  7  256  0.2315E-08
 4  64  8  256  0.2013E-08
 4  64  8  256  0.1861E-08
 4  64  8  256  0.1841E-08
 4  64  8  256  0.1851E-08
 4  64  8  256  0.1855E-08
 4  64  8  256  0.1854E-08
 4  64  8  256  0.1862E-08
 4  64  8  256  0.1860E-08
 4  64  8  256  0.1848E-08
 4  64  8  256  0.1852E-08
 4  64  9  256  0.1921E-08
 4  64  9  256  0.1882E-08
 4  64  9  256  0.1894E-08
 4  64  9  256  0.1884E-08
 4  64  9  256  0.1890E-08
 4  64  9  256  0.1890E-08
 4  64  9  256  0.1887E-08
 4  64  9  256  0.1883E-08
 4  64  9  256  0.1897E-08
 4  64  9  256  0.1881E-08
 4  64  10  256  0.1884E-08
 4  64  10  256  0.1838E-08
 4  64  10  256  0.1833E-08
 4  64  10  256  0.1831E-08
 4  64  10  256  0.1846E-08
 4  64  10  256  0.1841E-08
 4  64  10  256  0.1843E-08
 4  64  10  256  0.1832E-08
 4  64  10  256  0.1843E-08
 4  64  10  256  0.1843E-08
 4  64  11  256  0.1773E-08
 4  64  11  256  0.1712E-08
 4  64  11  256  0.1698E-08
 4  64  11  256  0.1699E-08
 4  64  11  256  0.1708E-08
 4  64  11  256  0.1703E-08
 4  64  11  256  0.1703E-08
 4  64  11  256  0.1703E-08
 4  64  11  256  0.1700E-08
 4  64  11  256  0.1698E-08
 4  64  12  256  0.1744E-08
 4  64  12  256  0.1676E-08
 4  64  12  256  0.1688E-08
 4  64  12  256  0.1693E-08
 4  64  12  256  0.1687E-08
 4  64  12  256  0.1694E-08
 4  64  12  256  0.1680E-08
 4  64  12  256  0.1685E-08
 4  64  12  256  0.1679E-08
 4  64  12  256  0.1686E-08
 4  64  13  256  0.1777E-08
 4  64  13  256  0.1719E-08
 4  64  13  256  0.1715E-08
 4  64  13  256  0.1714E-08
 4  64  13  256  0.1717E-08
 4  64  13  256  0.1720E-08
 4  64  13  256  0.1709E-08
 4  64  13  256  0.1720E-08
 4  64  13  256  0.1726E-08
 4  64  13  256  0.1730E-08
 4  64  14  256  0.1665E-08
 4  64  14  256  0.1586E-08
 4  64  14  256  0.1581E-08
 4  64  14  256  0.1587E-08
 4  64  14  256  0.1597E-08
 4  64  14  256  0.1595E-08
 4  64  14  256  0.1601E-08
 4  64  14  256  0.1595E-08
 4  64  14  256  0.1579E-08
 4  64  14  256  0.1590E-08
 4  64  15  256  0.1739E-08
 4  64  15  256  0.1682E-08
 4  64  15  256  0.1683E-08
 4  64  15  256  0.1670E-08
 4  64  15  256  0.1670E-08
 4  64  15  256  0.1671E-08
 4  64  15  256  0.1677E-08
 4  64  15  256  0.1673E-08
 4  64  15  256  0.1672E-08
 4  64  15  256  0.1678E-08
 4  64  16  256  0.1861E-08
 4  64  16  256  0.1789E-08
 4  64  16  256  0.1795E-08
 4  64  16  256  0.1801E-08
 4  64  16  256  0.1806E-08
 4  64  16  256  0.1805E-08
 4  64  16  256  0.1807E-08
 4  64  16  256  0.1807E-08
 4  64  16  256  0.1798E-08
 4  64  16  256  0.1798E-08
 4  64  17  256  0.1993E-08
 4  64  17  256  0.1950E-08
 4  64  17  256  0.1947E-08
 4  64  17  256  0.1946E-08
 4  64  17  256  0.1945E-08
 4  64  17  256  0.1953E-08
 4  64  17  256  0.1955E-08
 4  64  17  256  0.1948E-08
 4  64  17  256  0.1944E-08
 4  64  17  256  0.1946E-08
 4  64  18  256  0.1848E-08
 4  64  18  256  0.1806E-08
 4  64  18  256  0.1813E-08
 4  64  18  256  0.1805E-08
 4  64  18  256  0.1807E-08
 4  64  18  256  0.1811E-08
 4  64  18  256  0.1810E-08
 4  64  18  256  0.1802E-08
 4  64  18  256  0.1804E-08
 4  64  18  256  0.1809E-08
 4  64  19  256  0.2005E-08
 4  64  19  256  0.1979E-08
 4  64  19  256  0.1972E-08
 4  64  19  256  0.1974E-08
 4  64  19  256  0.1972E-08
 4  64  19  256  0.1971E-08
 4  64  19  256  0.1976E-08
 4  64  19  256  0.1979E-08
 4  64  19  256  0.1974E-08
 4  64  19  256  0.1973E-08
 4  64  20  256  0.1932E-08
 4  64  20  256  0.1911E-08
 4  64  20  256  0.1903E-08
 4  64  20  256  0.1927E-08
 4  64  20  256  0.1900E-08
 4  64  20  256  0.1904E-08
 4  64  20  256  0.1904E-08
 4  64  20  256  0.1998E-08
 4  64  20  256  0.1902E-08
 4  64  20  256  0.1896E-08
