 4  4  3  16  0.1851E-06
 4  4  3  16  0.1853E-06
 4  4  3  16  0.1845E-06
 4  4  3  16  0.1849E-06
 4  4  3  16  0.1790E-06
 4  4  3  16  0.1745E-06
 4  4  3  16  0.1807E-06
 4  4  3  16  0.1801E-06
 4  4  3  16  0.1786E-06
 4  4  3  16  0.1782E-06
 4  4  4  16  0.7058E-07
 4  4  4  16  0.7290E-07
 4  4  4  16  0.7371E-07
 4  4  4  16  0.6726E-07
 4  4  4  16  0.7354E-07
 4  4  4  16  0.7091E-07
 4  4  4  16  0.6857E-07
 4  4  4  16  0.6829E-07
 4  4  4  16  0.6971E-07
 4  4  4  16  0.7151E-07
 4  4  5  16  0.5945E-07
 4  4  5  16  0.6113E-07
 4  4  5  16  0.5931E-07
 4  4  5  16  0.6122E-07
 4  4  5  16  0.6247E-07
 4  4  5  16  0.5744E-07
 4  4  5  16  0.5980E-07
 4  4  5  16  0.6116E-07
 4  4  5  16  0.6085E-07
 4  4  5  16  0.6102E-07
 4  4  6  16  0.3716E-07
 4  4  6  16  0.3610E-07
 4  4  6  16  0.3560E-07
 4  4  6  16  0.3599E-07
 4  4  6  16  0.3538E-07
 4  4  6  16  0.3552E-07
 4  4  6  16  0.3566E-07
 4  4  6  16  0.3527E-07
 4  4  6  16  0.3640E-07
 4  4  6  16  0.3593E-07
 4  4  7  16  0.3329E-07
 4  4  7  16  0.3294E-07
 4  4  7  16  0.3262E-07
 4  4  7  16  0.3234E-07
 4  4  7  16  0.3197E-07
 4  4  7  16  0.3208E-07
 4  4  7  16  0.3236E-07
 4  4  7  16  0.3236E-07
 4  4  7  16  0.3237E-07
 4  4  7  16  0.3256E-07
 4  4  8  16  0.2959E-07
 4  4  8  16  0.2797E-07
 4  4  8  16  0.2794E-07
 4  4  8  16  0.2750E-07
 4  4  8  16  0.2709E-07
 4  4  8  16  0.2734E-07
 4  4  8  16  0.2749E-07
 4  4  8  16  0.2738E-07
 4  4  8  16  0.2720E-07
 4  4  8  16  0.2716E-07
 4  4  9  16  0.2623E-07
 4  4  9  16  0.2565E-07
 4  4  9  16  0.2579E-07
 4  4  9  16  0.2580E-07
 4  4  9  16  0.2562E-07
 4  4  9  16  0.2602E-07
 4  4  9  16  0.2561E-07
 4  4  9  16  0.2573E-07
 4  4  9  16  0.2578E-07
 4  4  9  16  0.2573E-07
 4  4  10  16  0.2846E-07
 4  4  10  16  0.2808E-07
 4  4  10  16  0.2813E-07
 4  4  10  16  0.2823E-07
 4  4  10  16  0.2815E-07
 4  4  10  16  0.2817E-07
 4  4  10  16  0.2827E-07
 4  4  10  16  0.2810E-07
 4  4  10  16  0.2823E-07
 4  4  10  16  0.2820E-07
 4  4  11  16  0.3039E-07
 4  4  11  16  0.3018E-07
 4  4  11  16  0.3021E-07
 4  4  11  16  0.3008E-07
 4  4  11  16  0.3014E-07
 4  4  11  16  0.3002E-07
 4  4  11  16  0.3009E-07
 4  4  11  16  0.3011E-07
 4  4  11  16  0.3010E-07
 4  4  11  16  0.3006E-07
 4  4  12  16  0.2810E-07
 4  4  12  16  0.2777E-07
 4  4  12  16  0.2770E-07
 4  4  12  16  0.2774E-07
 4  4  12  16  0.2774E-07
 4  4  12  16  0.2774E-07
 4  4  12  16  0.2775E-07
 4  4  12  16  0.2783E-07
 4  4  12  16  0.2780E-07
 4  4  12  16  0.2779E-07
 4  4  13  16  0.2715E-07
 4  4  13  16  0.2693E-07
 4  4  13  16  0.2695E-07
 4  4  13  16  0.2692E-07
 4  4  13  16  0.2697E-07
 4  4  13  16  0.2692E-07
 4  4  13  16  0.2697E-07
 4  4  13  16  0.2695E-07
 4  4  13  16  0.2701E-07
 4  4  13  16  0.2707E-07
 4  4  14  16  0.2493E-07
 4  4  14  16  0.2464E-07
 4  4  14  16  0.2461E-07
 4  4  14  16  0.2465E-07
 4  4  14  16  0.2458E-07
 4  4  14  16  0.2467E-07
 4  4  14  16  0.2464E-07
 4  4  14  16  0.2462E-07
 4  4  14  16  0.2461E-07
 4  4  14  16  0.2461E-07
 4  4  15  16  0.2502E-07
 4  4  15  16  0.2481E-07
 4  4  15  16  0.2484E-07
 4  4  15  16  0.2482E-07
 4  4  15  16  0.2486E-07
 4  4  15  16  0.2489E-07
 4  4  15  16  0.2492E-07
 4  4  15  16  0.2490E-07
 4  4  15  16  0.2488E-07
 4  4  15  16  0.2491E-07
 4  4  16  16  0.2663E-07
 4  4  16  16  0.2635E-07
 4  4  16  16  0.2639E-07
 4  4  16  16  0.2637E-07
 4  4  16  16  0.2636E-07
 4  4  16  16  0.2639E-07
 4  4  16  16  0.2636E-07
 4  4  16  16  0.2635E-07
 4  4  16  16  0.2641E-07
 4  4  16  16  0.2635E-07
 4  4  17  16  0.2707E-07
 4  4  17  16  0.2686E-07
 4  4  17  16  0.2687E-07
 4  4  17  16  0.2688E-07
 4  4  17  16  0.2690E-07
 4  4  17  16  0.2689E-07
 4  4  17  16  0.2689E-07
 4  4  17  16  0.2688E-07
 4  4  17  16  0.2689E-07
 4  4  17  16  0.2687E-07
 4  4  18  16  0.2620E-07
 4  4  18  16  0.2596E-07
 4  4  18  16  0.2598E-07
 4  4  18  16  0.2595E-07
 4  4  18  16  0.2595E-07
 4  4  18  16  0.2595E-07
 4  4  18  16  0.2595E-07
 4  4  18  16  0.2598E-07
 4  4  18  16  0.2595E-07
 4  4  18  16  0.2595E-07
 4  4  19  16  0.2604E-07
 4  4  19  16  0.2596E-07
 4  4  19  16  0.2601E-07
 4  4  19  16  0.2601E-07
 4  4  19  16  0.2600E-07
 4  4  19  16  0.2599E-07
 4  4  19  16  0.2603E-07
 4  4  19  16  0.2601E-07
 4  4  19  16  0.2602E-07
 4  4  19  16  0.2604E-07
 4  4  20  16  0.2446E-07
 4  4  20  16  0.2437E-07
 4  4  20  16  0.2436E-07
 4  4  20  16  0.2438E-07
 4  4  20  16  0.2436E-07
 4  4  20  16  0.2437E-07
 4  4  20  16  0.2437E-07
 4  4  20  16  0.2436E-07
 4  4  20  16  0.2432E-07
 4  4  20  16  0.2432E-07
