 4  16  3  64  0.6328E-07
 4  16  3  64  0.3298E-07
 4  16  3  64  0.2796E-07
 4  16  3  64  0.2470E-07
 4  16  3  64  0.2585E-07
 4  16  3  64  0.2332E-07
 4  16  3  64  0.2971E-07
 4  16  3  64  0.2428E-07
 4  16  3  64  0.2350E-07
 4  16  3  64  0.2295E-07
 4  16  4  64  0.4028E-07
 4  16  4  64  0.1108E-07
 4  16  4  64  0.1067E-07
 4  16  4  64  0.1042E-07
 4  16  4  64  0.1042E-07
 4  16  4  64  0.9934E-08
 4  16  4  64  0.1019E-07
 4  16  4  64  0.1343E-07
 4  16  4  64  0.1205E-07
 4  16  4  64  0.1350E-07
 4  16  5  64  0.2271E-07
 4  16  5  64  0.9338E-08
 4  16  5  64  0.8583E-08
 4  16  5  64  0.8424E-08
 4  16  5  64  0.9497E-08
 4  16  5  64  0.8792E-08
 4  16  5  64  0.8454E-08
 4  16  5  64  0.8533E-08
 4  16  5  64  0.1003E-07
 4  16  5  64  0.8504E-08
 4  16  6  64  0.1381E-07
 4  16  6  64  0.5806E-08
 4  16  6  64  0.5979E-08
 4  16  6  64  0.6341E-08
 4  16  6  64  0.5714E-08
 4  16  6  64  0.5617E-08
 4  16  6  64  0.5496E-08
 4  16  6  64  0.5714E-08
 4  16  6  64  0.5933E-08
 4  16  6  64  0.5519E-08
 4  16  7  64  0.1014E-07
 4  16  7  64  0.6013E-08
 4  16  7  64  0.6133E-08
 4  16  7  64  0.5937E-08
 4  16  7  64  0.6057E-08
 4  16  7  64  0.5818E-08
 4  16  7  64  0.6075E-08
 4  16  7  64  0.5724E-08
 4  16  7  64  0.5966E-08
 4  16  7  64  0.5572E-08
 4  16  8  64  0.8331E-08
 4  16  8  64  0.5818E-08
 4  16  8  64  0.5656E-08
 4  16  8  64  0.5462E-08
 4  16  8  64  0.5850E-08
 4  16  8  64  0.6907E-08
 4  16  8  64  0.5716E-08
 4  16  8  64  0.5535E-08
 4  16  8  64  0.5564E-08
 4  16  8  64  0.5248E-08
 4  16  9  64  0.3167E-08
 4  16  9  64  0.3132E-08
 4  16  9  64  0.3110E-08
 4  16  9  64  0.3139E-08
 4  16  9  64  0.3115E-08
 4  16  9  64  0.3206E-08
 4  16  9  64  0.3191E-08
 4  16  9  64  0.3188E-08
 4  16  9  64  0.3137E-08
 4  16  9  64  0.3257E-08
 4  16  10  64  0.3952E-08
 4  16  10  64  0.3854E-08
 4  16  10  64  0.3854E-08
 4  16  10  64  0.3883E-08
 4  16  10  64  0.3843E-08
 4  16  10  64  0.3926E-08
 4  16  10  64  0.3877E-08
 4  16  10  64  0.3868E-08
 4  16  10  64  0.3865E-08
 4  16  10  64  0.3859E-08
 4  16  11  64  0.4080E-08
 4  16  11  64  0.4044E-08
 4  16  11  64  0.4044E-08
 4  16  11  64  0.4043E-08
 4  16  11  64  0.4044E-08
 4  16  11  64  0.4043E-08
 4  16  11  64  0.4041E-08
 4  16  11  64  0.4041E-08
 4  16  11  64  0.4045E-08
 4  16  11  64  0.4042E-08
 4  16  12  64  0.3835E-08
 4  16  12  64  0.3825E-08
 4  16  12  64  0.3840E-08
 4  16  12  64  0.3825E-08
 4  16  12  64  0.3816E-08
 4  16  12  64  0.3830E-08
 4  16  12  64  0.3827E-08
 4  16  12  64  0.3825E-08
 4  16  12  64  0.3832E-08
 4  16  12  64  0.3819E-08
 4  16  13  64  0.4475E-08
 4  16  13  64  0.4459E-08
 4  16  13  64  0.4475E-08
 4  16  13  64  0.4483E-08
 4  16  13  64  0.4485E-08
 4  16  13  64  0.4491E-08
 4  16  13  64  0.4484E-08
 4  16  13  64  0.4491E-08
 4  16  13  64  0.4489E-08
 4  16  13  64  0.4480E-08
 4  16  14  64  0.3807E-08
 4  16  14  64  0.3812E-08
 4  16  14  64  0.3812E-08
 4  16  14  64  0.3813E-08
 4  16  14  64  0.3811E-08
 4  16  14  64  0.3814E-08
 4  16  14  64  0.3811E-08
 4  16  14  64  0.3812E-08
 4  16  14  64  0.3814E-08
 4  16  14  64  0.3812E-08
 4  16  15  64  0.4164E-08
 4  16  15  64  0.4149E-08
 4  16  15  64  0.4153E-08
 4  16  15  64  0.4153E-08
 4  16  15  64  0.4161E-08
 4  16  15  64  0.4161E-08
 4  16  15  64  0.4164E-08
 4  16  15  64  0.4156E-08
 4  16  15  64  0.4158E-08
 4  16  15  64  0.4168E-08
 4  16  16  64  0.4040E-08
 4  16  16  64  0.4035E-08
 4  16  16  64  0.4026E-08
 4  16  16  64  0.4023E-08
 4  16  16  64  0.4028E-08
 4  16  16  64  0.4022E-08
 4  16  16  64  0.4021E-08
 4  16  16  64  0.4029E-08
 4  16  16  64  0.4024E-08
 4  16  16  64  0.4022E-08
 4  16  17  64  0.4922E-08
 4  16  17  64  0.4923E-08
 4  16  17  64  0.4918E-08
 4  16  17  64  0.4921E-08
 4  16  17  64  0.4941E-08
 4  16  17  64  0.4927E-08
 4  16  17  64  0.4928E-08
 4  16  17  64  0.4926E-08
 4  16  17  64  0.4913E-08
 4  16  17  64  0.4920E-08
 4  16  18  64  0.4604E-08
 4  16  18  64  0.4606E-08
 4  16  18  64  0.4617E-08
 4  16  18  64  0.4600E-08
 4  16  18  64  0.4602E-08
 4  16  18  64  0.4601E-08
 4  16  18  64  0.4598E-08
 4  16  18  64  0.4601E-08
 4  16  18  64  0.4601E-08
 4  16  18  64  0.4604E-08
 4  16  19  64  0.5158E-08
 4  16  19  64  0.5148E-08
 4  16  19  64  0.5153E-08
 4  16  19  64  0.5155E-08
 4  16  19  64  0.5154E-08
 4  16  19  64  0.5153E-08
 4  16  19  64  0.5151E-08
 4  16  19  64  0.5160E-08
 4  16  19  64  0.5155E-08
 4  16  19  64  0.5157E-08
 4  16  20  64  0.4979E-08
 4  16  20  64  0.4975E-08
 4  16  20  64  0.4981E-08
 4  16  20  64  0.4977E-08
 4  16  20  64  0.4977E-08
 4  16  20  64  0.4975E-08
 4  16  20  64  0.4973E-08
 4  16  20  64  0.4974E-08
 4  16  20  64  0.4974E-08
 4  16  20  64  0.4977E-08
