 4  8  3  32  0.1451E-06
 4  8  3  32  0.1222E-06
 4  8  3  32  0.6135E-07
 4  8  3  32  0.6172E-07
 4  8  3  32  0.6246E-07
 4  8  3  32  0.5215E-07
 4  8  3  32  0.1420E-06
 4  8  3  32  0.1428E-06
 4  8  3  32  0.1396E-06
 4  8  3  32  0.1424E-06
 4  8  4  32  0.7815E-07
 4  8  4  32  0.4315E-07
 4  8  4  32  0.3434E-07
 4  8  4  32  0.3434E-07
 4  8  4  32  0.2732E-07
 4  8  4  32  0.5223E-07
 4  8  4  32  0.3725E-07
 4  8  4  32  0.4509E-07
 4  8  4  32  0.5794E-07
 4  8  4  32  0.4005E-07
 4  8  5  32  0.3809E-07
 4  8  5  32  0.3833E-07
 4  8  5  32  0.3976E-07
 4  8  5  32  0.3499E-07
 4  8  5  32  0.2434E-07
 4  8  5  32  0.2666E-07
 4  8  5  32  0.3032E-07
 4  8  5  32  0.2599E-07
 4  8  5  32  0.2966E-07
 4  8  5  32  0.3392E-07
 4  8  6  32  0.2599E-07
 4  8  6  32  0.2292E-07
 4  8  6  32  0.2145E-07
 4  8  6  32  0.2402E-07
 4  8  6  32  0.2344E-07
 4  8  6  32  0.2455E-07
 4  8  6  32  0.2108E-07
 4  8  6  32  0.2966E-07
 4  8  6  32  0.2527E-07
 4  8  6  32  0.2406E-07
 4  8  7  32  0.1280E-07
 4  8  7  32  0.1271E-07
 4  8  7  32  0.1290E-07
 4  8  7  32  0.1267E-07
 4  8  7  32  0.1265E-07
 4  8  7  32  0.1246E-07
 4  8  7  32  0.1297E-07
 4  8  7  32  0.1263E-07
 4  8  7  32  0.1249E-07
 4  8  7  32  0.1269E-07
 4  8  8  32  0.1666E-07
 4  8  8  32  0.1579E-07
 4  8  8  32  0.1511E-07
 4  8  8  32  0.1464E-07
 4  8  8  32  0.1772E-07
 4  8  8  32  0.1876E-07
 4  8  8  32  0.1866E-07
 4  8  8  32  0.1868E-07
 4  8  8  32  0.2232E-07
 4  8  8  32  0.1937E-07
 4  8  9  32  0.1713E-07
 4  8  9  32  0.1516E-07
 4  8  9  32  0.1442E-07
 4  8  9  32  0.1429E-07
 4  8  9  32  0.1410E-07
 4  8  9  32  0.1465E-07
 4  8  9  32  0.1435E-07
 4  8  9  32  0.1486E-07
 4  8  9  32  0.1436E-07
 4  8  9  32  0.1359E-07
 4  8  10  32  0.1088E-07
 4  8  10  32  0.1085E-07
 4  8  10  32  0.1088E-07
 4  8  10  32  0.1083E-07
 4  8  10  32  0.1086E-07
 4  8  10  32  0.1083E-07
 4  8  10  32  0.1081E-07
 4  8  10  32  0.1083E-07
 4  8  10  32  0.1096E-07
 4  8  10  32  0.1084E-07
 4  8  11  32  0.1050E-07
 4  8  11  32  0.1046E-07
 4  8  11  32  0.1053E-07
 4  8  11  32  0.1048E-07
 4  8  11  32  0.1050E-07
 4  8  11  32  0.1046E-07
 4  8  11  32  0.1047E-07
 4  8  11  32  0.1050E-07
 4  8  11  32  0.1047E-07
 4  8  11  32  0.1048E-07
 4  8  12  32  0.9602E-08
 4  8  12  32  0.9603E-08
 4  8  12  32  0.9609E-08
 4  8  12  32  0.9613E-08
 4  8  12  32  0.9599E-08
 4  8  12  32  0.9597E-08
 4  8  12  32  0.9604E-08
 4  8  12  32  0.9584E-08
 4  8  12  32  0.9617E-08
 4  8  12  32  0.9598E-08
 4  8  13  32  0.9815E-08
 4  8  13  32  0.9778E-08
 4  8  13  32  0.9782E-08
 4  8  13  32  0.9786E-08
 4  8  13  32  0.9827E-08
 4  8  13  32  0.9796E-08
 4  8  13  32  0.9801E-08
 4  8  13  32  0.9818E-08
 4  8  13  32  0.9799E-08
 4  8  13  32  0.9800E-08
 4  8  14  32  0.8851E-08
 4  8  14  32  0.8817E-08
 4  8  14  32  0.8822E-08
 4  8  14  32  0.8838E-08
 4  8  14  32  0.8838E-08
 4  8  14  32  0.8828E-08
 4  8  14  32  0.8808E-08
 4  8  14  32  0.8827E-08
 4  8  14  32  0.8822E-08
 4  8  14  32  0.8813E-08
 4  8  15  32  0.9306E-08
 4  8  15  32  0.9317E-08
 4  8  15  32  0.9285E-08
 4  8  15  32  0.9286E-08
 4  8  15  32  0.9285E-08
 4  8  15  32  0.9283E-08
 4  8  15  32  0.9286E-08
 4  8  15  32  0.9288E-08
 4  8  15  32  0.9284E-08
 4  8  15  32  0.9316E-08
 4  8  16  32  0.8795E-08
 4  8  16  32  0.8792E-08
 4  8  16  32  0.8796E-08
 4  8  16  32  0.8805E-08
 4  8  16  32  0.8798E-08
 4  8  16  32  0.8783E-08
 4  8  16  32  0.8806E-08
 4  8  16  32  0.8804E-08
 4  8  16  32  0.8791E-08
 4  8  16  32  0.8834E-08
 4  8  17  32  0.1066E-07
 4  8  17  32  0.1064E-07
 4  8  17  32  0.1064E-07
 4  8  17  32  0.1062E-07
 4  8  17  32  0.1064E-07
 4  8  17  32  0.1064E-07
 4  8  17  32  0.1062E-07
 4  8  17  32  0.1064E-07
 4  8  17  32  0.1067E-07
 4  8  17  32  0.1065E-07
 4  8  18  32  0.9998E-08
 4  8  18  32  0.9978E-08
 4  8  18  32  0.9978E-08
 4  8  18  32  0.9988E-08
 4  8  18  32  0.9980E-08
 4  8  18  32  0.9971E-08
 4  8  18  32  0.9994E-08
 4  8  18  32  0.9991E-08
 4  8  18  32  0.9981E-08
 4  8  18  32  0.9972E-08
 4  8  19  32  0.1103E-07
 4  8  19  32  0.1102E-07
 4  8  19  32  0.1102E-07
 4  8  19  32  0.1102E-07
 4  8  19  32  0.1106E-07
 4  8  19  32  0.1108E-07
 4  8  19  32  0.1105E-07
 4  8  19  32  0.1106E-07
 4  8  19  32  0.1106E-07
 4  8  19  32  0.1107E-07
 4  8  20  32  0.1050E-07
 4  8  20  32  0.1050E-07
 4  8  20  32  0.1051E-07
 4  8  20  32  0.1050E-07
 4  8  20  32  0.1053E-07
 4  8  20  32  0.1053E-07
 4  8  20  32  0.1051E-07
 4  8  20  32  0.1051E-07
 4  8  20  32  0.1051E-07
 4  8  20  32  0.1053E-07
