 4  64  3  256  0.9848E-07
 4  64  3  256  0.1041E-07
 4  64  3  256  0.1104E-07
 4  64  3  256  0.1423E-07
 4  64  3  256  0.1360E-07
 4  64  3  256  0.1356E-07
 4  64  3  256  0.1375E-07
 4  64  3  256  0.1075E-07
 4  64  3  256  0.1072E-07
 4  64  3  256  0.1046E-07
 4  64  4  256  0.2124E-07
 4  64  4  256  0.6388E-08
 4  64  4  256  0.6893E-08
 4  64  4  256  0.6733E-08
 4  64  4  256  0.7038E-08
 4  64  4  256  0.5510E-08
 4  64  4  256  0.6146E-08
 4  64  4  256  0.5433E-08
 4  64  4  256  0.5515E-08
 4  64  4  256  0.6204E-08
 4  64  5  256  0.1947E-07
 4  64  5  256  0.4344E-08
 4  64  5  256  0.4510E-08
 4  64  5  256  0.4269E-08
 4  64  5  256  0.4344E-08
 4  64  5  256  0.4145E-08
 4  64  5  256  0.4311E-08
 4  64  5  256  0.5417E-08
 4  64  5  256  0.5792E-08
 4  64  5  256  0.3822E-08
 4  64  6  256  0.1661E-08
 4  64  6  256  0.1533E-08
 4  64  6  256  0.1528E-08
 4  64  6  256  0.1542E-08
 4  64  6  256  0.1522E-08
 4  64  6  256  0.1546E-08
 4  64  6  256  0.1527E-08
 4  64  6  256  0.1553E-08
 4  64  6  256  0.1561E-08
 4  64  6  256  0.1544E-08
 4  64  7  256  0.1908E-08
 4  64  7  256  0.1824E-08
 4  64  7  256  0.1817E-08
 4  64  7  256  0.1814E-08
 4  64  7  256  0.1820E-08
 4  64  7  256  0.1812E-08
 4  64  7  256  0.1809E-08
 4  64  7  256  0.1811E-08
 4  64  7  256  0.1807E-08
 4  64  7  256  0.1829E-08
 4  64  8  256  0.1691E-08
 4  64  8  256  0.1653E-08
 4  64  8  256  0.1640E-08
 4  64  8  256  0.1652E-08
 4  64  8  256  0.1664E-08
 4  64  8  256  0.1645E-08
 4  64  8  256  0.1650E-08
 4  64  8  256  0.1660E-08
 4  64  8  256  0.1643E-08
 4  64  8  256  0.1638E-08
 4  64  9  256  0.1776E-08
 4  64  9  256  0.1722E-08
 4  64  9  256  0.1719E-08
 4  64  9  256  0.1725E-08
 4  64  9  256  0.1725E-08
 4  64  9  256  0.1718E-08
 4  64  9  256  0.1740E-08
 4  64  9  256  0.1728E-08
 4  64  9  256  0.1737E-08
 4  64  9  256  0.1729E-08
 4  64  10  256  0.1753E-08
 4  64  10  256  0.1727E-08
 4  64  10  256  0.1724E-08
 4  64  10  256  0.1723E-08
 4  64  10  256  0.1732E-08
 4  64  10  256  0.1728E-08
 4  64  10  256  0.1735E-08
 4  64  10  256  0.1723E-08
 4  64  10  256  0.1715E-08
 4  64  10  256  0.1720E-08
 4  64  11  256  0.1590E-08
 4  64  11  256  0.1569E-08
 4  64  11  256  0.1570E-08
 4  64  11  256  0.1565E-08
 4  64  11  256  0.1569E-08
 4  64  11  256  0.1561E-08
 4  64  11  256  0.1571E-08
 4  64  11  256  0.1566E-08
 4  64  11  256  0.1567E-08
 4  64  11  256  0.1565E-08
 4  64  12  256  0.1552E-08
 4  64  12  256  0.1549E-08
 4  64  12  256  0.1559E-08
 4  64  12  256  0.1573E-08
 4  64  12  256  0.1563E-08
 4  64  12  256  0.1558E-08
 4  64  12  256  0.1717E-08
 4  64  12  256  0.1779E-08
 4  64  12  256  0.1776E-08
 4  64  12  256  0.1649E-08
 4  64  13  256  0.1614E-08
 4  64  13  256  0.1610E-08
 4  64  13  256  0.1600E-08
 4  64  13  256  0.1611E-08
 4  64  13  256  0.1617E-08
 4  64  13  256  0.1614E-08
 4  64  13  256  0.1602E-08
 4  64  13  256  0.1606E-08
 4  64  13  256  0.1596E-08
 4  64  13  256  0.1601E-08
 4  64  14  256  0.1482E-08
 4  64  14  256  0.1486E-08
 4  64  14  256  0.1462E-08
 4  64  14  256  0.1466E-08
 4  64  14  256  0.1465E-08
 4  64  14  256  0.1464E-08
 4  64  14  256  0.1463E-08
 4  64  14  256  0.1465E-08
 4  64  14  256  0.1462E-08
 4  64  14  256  0.1468E-08
 4  64  15  256  0.1567E-08
 4  64  15  256  0.1557E-08
 4  64  15  256  0.1554E-08
 4  64  15  256  0.1549E-08
 4  64  15  256  0.1550E-08
 4  64  15  256  0.1549E-08
 4  64  15  256  0.1550E-08
 4  64  15  256  0.1551E-08
 4  64  15  256  0.1550E-08
 4  64  15  256  0.1550E-08
 4  64  16  256  0.1693E-08
 4  64  16  256  0.1679E-08
 4  64  16  256  0.1676E-08
 4  64  16  256  0.1682E-08
 4  64  16  256  0.1676E-08
 4  64  16  256  0.1680E-08
 4  64  16  256  0.1680E-08
 4  64  16  256  0.1676E-08
 4  64  16  256  0.1690E-08
 4  64  16  256  0.1687E-08
 4  64  17  256  0.1835E-08
 4  64  17  256  0.1832E-08
 4  64  17  256  0.1832E-08
 4  64  17  256  0.1833E-08
 4  64  17  256  0.1828E-08
 4  64  17  256  0.1830E-08
 4  64  17  256  0.1829E-08
 4  64  17  256  0.1828E-08
 4  64  17  256  0.1834E-08
 4  64  17  256  0.1830E-08
 4  64  18  256  0.1697E-08
 4  64  18  256  0.1691E-08
 4  64  18  256  0.1687E-08
 4  64  18  256  0.1686E-08
 4  64  18  256  0.1686E-08
 4  64  18  256  0.1691E-08
 4  64  18  256  0.1689E-08
 4  64  18  256  0.1690E-08
 4  64  18  256  0.1686E-08
 4  64  18  256  0.1688E-08
 4  64  19  256  0.1863E-08
 4  64  19  256  0.1865E-08
 4  64  19  256  0.1859E-08
 4  64  19  256  0.1855E-08
 4  64  19  256  0.1857E-08
 4  64  19  256  0.1855E-08
 4  64  19  256  0.1856E-08
 4  64  19  256  0.1856E-08
 4  64  19  256  0.1857E-08
 4  64  19  256  0.1861E-08
 4  64  20  256  0.1788E-08
 4  64  20  256  0.1792E-08
 4  64  20  256  0.1787E-08
 4  64  20  256  0.1788E-08
 4  64  20  256  0.1786E-08
 4  64  20  256  0.1785E-08
 4  64  20  256  0.1789E-08
 4  64  20  256  0.1790E-08
 4  64  20  256  0.1789E-08
 4  64  20  256  0.1788E-08
