 4  4  3  16  0.1744E-06
 4  4  3  16  0.1119E-06
 4  4  3  16  0.9566E-07
 4  4  3  16  0.9805E-07
 4  4  3  16  0.1358E-06
 4  4  3  16  0.9787E-07
 4  4  3  16  0.1242E-06
 4  4  3  16  0.1027E-06
 4  4  3  16  0.1604E-06
 4  4  3  16  0.9953E-07
 4  4  4  16  0.8692E-07
 4  4  4  16  0.6706E-07
 4  4  4  16  0.4820E-07
 4  4  4  16  0.6449E-07
 4  4  4  16  0.4944E-07
 4  4  4  16  0.5309E-07
 4  4  4  16  0.7063E-07
 4  4  4  16  0.4789E-07
 4  4  4  16  0.6380E-07
 4  4  4  16  0.5208E-07
 4  4  5  16  0.4566E-07
 4  4  5  16  0.5500E-07
 4  4  5  16  0.4466E-07
 4  4  5  16  0.3397E-07
 4  4  5  16  0.4415E-07
 4  4  5  16  0.3684E-07
 4  4  5  16  0.3417E-07
 4  4  5  16  0.3397E-07
 4  4  5  16  0.3699E-07
 4  4  5  16  0.3314E-07
 4  4  6  16  0.4716E-07
 4  4  6  16  0.4001E-07
 4  4  6  16  0.3539E-07
 4  4  6  16  0.3606E-07
 4  4  6  16  0.3677E-07
 4  4  6  16  0.3654E-07
 4  4  6  16  0.3047E-07
 4  4  6  16  0.3509E-07
 4  4  6  16  0.3307E-07
 4  4  6  16  0.3590E-07
 4  4  7  16  0.3067E-07
 4  4  7  16  0.2879E-07
 4  4  7  16  0.2866E-07
 4  4  7  16  0.2654E-07
 4  4  7  16  0.2497E-07
 4  4  7  16  0.2909E-07
 4  4  7  16  0.2514E-07
 4  4  7  16  0.2799E-07
 4  4  7  16  0.2641E-07
 4  4  7  16  0.2721E-07
 4  4  8  16  0.2771E-07
 4  4  8  16  0.2433E-07
 4  4  8  16  0.2385E-07
 4  4  8  16  0.2653E-07
 4  4  8  16  0.2458E-07
 4  4  8  16  0.2388E-07
 4  4  8  16  0.2441E-07
 4  4  8  16  0.2417E-07
 4  4  8  16  0.2335E-07
 4  4  8  16  0.2547E-07
 4  4  9  16  0.2838E-07
 4  4  9  16  0.2460E-07
 4  4  9  16  0.2398E-07
 4  4  9  16  0.2424E-07
 4  4  9  16  0.2386E-07
 4  4  9  16  0.2432E-07
 4  4  9  16  0.2280E-07
 4  4  9  16  0.2455E-07
 4  4  9  16  0.2432E-07
 4  4  9  16  0.2406E-07
 4  4  10  16  0.3573E-07
 4  4  10  16  0.3256E-07
 4  4  10  16  0.3148E-07
 4  4  10  16  0.3307E-07
 4  4  10  16  0.3283E-07
 4  4  10  16  0.3294E-07
 4  4  10  16  0.3281E-07
 4  4  10  16  0.3227E-07
 4  4  10  16  0.3241E-07
 4  4  10  16  0.3286E-07
 4  4  11  16  0.3245E-07
 4  4  11  16  0.2921E-07
 4  4  11  16  0.2958E-07
 4  4  11  16  0.2947E-07
 4  4  11  16  0.2897E-07
 4  4  11  16  0.3009E-07
 4  4  11  16  0.2925E-07
 4  4  11  16  0.2952E-07
 4  4  11  16  0.2972E-07
 4  4  11  16  0.2893E-07
 4  4  12  16  0.2567E-07
 4  4  12  16  0.2438E-07
 4  4  12  16  0.2398E-07
 4  4  12  16  0.2364E-07
 4  4  12  16  0.2379E-07
 4  4  12  16  0.2387E-07
 4  4  12  16  0.2416E-07
 4  4  12  16  0.2372E-07
 4  4  12  16  0.2387E-07
 4  4  12  16  0.2439E-07
 4  4  13  16  0.1926E-07
 4  4  13  16  0.1916E-07
 4  4  13  16  0.1921E-07
 4  4  13  16  0.1918E-07
 4  4  13  16  0.1927E-07
 4  4  13  16  0.1930E-07
 4  4  13  16  0.1935E-07
 4  4  13  16  0.1932E-07
 4  4  13  16  0.1931E-07
 4  4  13  16  0.1931E-07
 4  4  14  16  0.1675E-07
 4  4  14  16  0.1677E-07
 4  4  14  16  0.1673E-07
 4  4  14  16  0.1672E-07
 4  4  14  16  0.1674E-07
 4  4  14  16  0.1672E-07
 4  4  14  16  0.1673E-07
 4  4  14  16  0.1675E-07
 4  4  14  16  0.1670E-07
 4  4  14  16  0.1671E-07
 4  4  15  16  0.1781E-07
 4  4  15  16  0.1781E-07
 4  4  15  16  0.1786E-07
 4  4  15  16  0.1783E-07
 4  4  15  16  0.1782E-07
 4  4  15  16  0.1782E-07
 4  4  15  16  0.1784E-07
 4  4  15  16  0.1781E-07
 4  4  15  16  0.1782E-07
 4  4  15  16  0.1783E-07
 4  4  16  16  0.1727E-07
 4  4  16  16  0.1726E-07
 4  4  16  16  0.1726E-07
 4  4  16  16  0.1733E-07
 4  4  16  16  0.1736E-07
 4  4  16  16  0.1733E-07
 4  4  16  16  0.1731E-07
 4  4  16  16  0.1736E-07
 4  4  16  16  0.1733E-07
 4  4  16  16  0.1734E-07
 4  4  17  16  0.2115E-07
 4  4  17  16  0.2119E-07
 4  4  17  16  0.2119E-07
 4  4  17  16  0.2120E-07
 4  4  17  16  0.2115E-07
 4  4  17  16  0.2120E-07
 4  4  17  16  0.2113E-07
 4  4  17  16  0.2117E-07
 4  4  17  16  0.2112E-07
 4  4  17  16  0.2114E-07
 4  4  18  16  0.1948E-07
 4  4  18  16  0.1945E-07
 4  4  18  16  0.1948E-07
 4  4  18  16  0.1950E-07
 4  4  18  16  0.1955E-07
 4  4  18  16  0.1961E-07
 4  4  18  16  0.1960E-07
 4  4  18  16  0.1961E-07
 4  4  18  16  0.1961E-07
 4  4  18  16  0.1959E-07
 4  4  19  16  0.2148E-07
 4  4  19  16  0.2148E-07
 4  4  19  16  0.2148E-07
 4  4  19  16  0.2148E-07
 4  4  19  16  0.2149E-07
 4  4  19  16  0.2152E-07
 4  4  19  16  0.2151E-07
 4  4  19  16  0.2152E-07
 4  4  19  16  0.2150E-07
 4  4  19  16  0.2151E-07
 4  4  20  16  0.2049E-07
 4  4  20  16  0.2052E-07
 4  4  20  16  0.2049E-07
 4  4  20  16  0.2048E-07
 4  4  20  16  0.2050E-07
 4  4  20  16  0.2050E-07
 4  4  20  16  0.2051E-07
 4  4  20  16  0.2052E-07
 4  4  20  16  0.2051E-07
 4  4  20  16  0.2050E-07
