 4  8  3  32  0.1326E-06
 4  8  3  32  0.1034E-06
 4  8  3  32  0.1088E-06
 4  8  3  32  0.9529E-07
 4  8  3  32  0.1007E-06
 4  8  3  32  0.5206E-07
 4  8  3  32  0.6448E-07
 4  8  3  32  0.4664E-07
 4  8  3  32  0.4590E-07
 4  8  3  32  0.5169E-07
 4  8  4  32  0.6674E-07
 4  8  4  32  0.4703E-07
 4  8  4  32  0.3582E-07
 4  8  4  32  0.4152E-07
 4  8  4  32  0.4626E-07
 4  8  4  32  0.4672E-07
 4  8  4  32  0.3578E-07
 4  8  4  32  0.4362E-07
 4  8  4  32  0.4412E-07
 4  8  4  32  0.4117E-07
 4  8  5  32  0.3525E-07
 4  8  5  32  0.2768E-07
 4  8  5  32  0.2859E-07
 4  8  5  32  0.2843E-07
 4  8  5  32  0.2815E-07
 4  8  5  32  0.2917E-07
 4  8  5  32  0.2066E-07
 4  8  5  32  0.1583E-07
 4  8  5  32  0.1633E-07
 4  8  5  32  0.2283E-07
 4  8  6  32  0.2648E-07
 4  8  6  32  0.1837E-07
 4  8  6  32  0.2050E-07
 4  8  6  32  0.1543E-07
 4  8  6  32  0.1741E-07
 4  8  6  32  0.1837E-07
 4  8  6  32  0.1895E-07
 4  8  6  32  0.1924E-07
 4  8  6  32  0.1789E-07
 4  8  6  32  0.1899E-07
 4  8  7  32  0.1002E-07
 4  8  7  32  0.9728E-08
 4  8  7  32  0.9929E-08
 4  8  7  32  0.1012E-07
 4  8  7  32  0.9703E-08
 4  8  7  32  0.9787E-08
 4  8  7  32  0.9841E-08
 4  8  7  32  0.9658E-08
 4  8  7  32  0.9730E-08
 4  8  7  32  0.9839E-08
 4  8  8  32  0.1615E-07
 4  8  8  32  0.1276E-07
 4  8  8  32  0.1253E-07
 4  8  8  32  0.1261E-07
 4  8  8  32  0.1308E-07
 4  8  8  32  0.1192E-07
 4  8  8  32  0.1282E-07
 4  8  8  32  0.1306E-07
 4  8  8  32  0.1298E-07
 4  8  8  32  0.1233E-07
 4  8  9  32  0.1512E-07
 4  8  9  32  0.1277E-07
 4  8  9  32  0.1265E-07
 4  8  9  32  0.1233E-07
 4  8  9  32  0.1235E-07
 4  8  9  32  0.1222E-07
 4  8  9  32  0.1243E-07
 4  8  9  32  0.1282E-07
 4  8  9  32  0.1263E-07
 4  8  9  32  0.1213E-07
 4  8  10  32  0.9579E-08
 4  8  10  32  0.9567E-08
 4  8  10  32  0.9577E-08
 4  8  10  32  0.9563E-08
 4  8  10  32  0.9555E-08
 4  8  10  32  0.9590E-08
 4  8  10  32  0.9566E-08
 4  8  10  32  0.9574E-08
 4  8  10  32  0.9599E-08
 4  8  10  32  0.9607E-08
 4  8  11  32  0.9338E-08
 4  8  11  32  0.9318E-08
 4  8  11  32  0.9372E-08
 4  8  11  32  0.9340E-08
 4  8  11  32  0.9312E-08
 4  8  11  32  0.9319E-08
 4  8  11  32  0.9300E-08
 4  8  11  32  0.9312E-08
 4  8  11  32  0.9308E-08
 4  8  11  32  0.9431E-08
 4  8  12  32  0.8699E-08
 4  8  12  32  0.8673E-08
 4  8  12  32  0.8724E-08
 4  8  12  32  0.8753E-08
 4  8  12  32  0.8744E-08
 4  8  12  32  0.8748E-08
 4  8  12  32  0.8742E-08
 4  8  12  32  0.8753E-08
 4  8  12  32  0.8752E-08
 4  8  12  32  0.8755E-08
 4  8  13  32  0.9074E-08
 4  8  13  32  0.9085E-08
 4  8  13  32  0.9060E-08
 4  8  13  32  0.9061E-08
 4  8  13  32  0.9073E-08
 4  8  13  32  0.9070E-08
 4  8  13  32  0.9076E-08
 4  8  13  32  0.9065E-08
 4  8  13  32  0.9063E-08
 4  8  13  32  0.9086E-08
 4  8  14  32  0.8110E-08
 4  8  14  32  0.8109E-08
 4  8  14  32  0.8118E-08
 4  8  14  32  0.8121E-08
 4  8  14  32  0.8109E-08
 4  8  14  32  0.8105E-08
 4  8  14  32  0.8111E-08
 4  8  14  32  0.8131E-08
 4  8  14  32  0.8117E-08
 4  8  14  32  0.8128E-08
 4  8  15  32  0.8757E-08
 4  8  15  32  0.8751E-08
 4  8  15  32  0.8747E-08
 4  8  15  32  0.8749E-08
 4  8  15  32  0.8751E-08
 4  8  15  32  0.8754E-08
 4  8  15  32  0.8764E-08
 4  8  15  32  0.8747E-08
 4  8  15  32  0.8736E-08
 4  8  15  32  0.8760E-08
 4  8  16  32  0.8203E-08
 4  8  16  32  0.8184E-08
 4  8  16  32  0.8187E-08
 4  8  16  32  0.8195E-08
 4  8  16  32  0.8181E-08
 4  8  16  32  0.8193E-08
 4  8  16  32  0.8182E-08
 4  8  16  32  0.8186E-08
 4  8  16  32  0.8182E-08
 4  8  16  32  0.8189E-08
 4  8  17  32  0.1010E-07
 4  8  17  32  0.1013E-07
 4  8  17  32  0.1010E-07
 4  8  17  32  0.1011E-07
 4  8  17  32  0.1013E-07
 4  8  17  32  0.1011E-07
 4  8  17  32  0.1010E-07
 4  8  17  32  0.1011E-07
 4  8  17  32  0.1009E-07
 4  8  17  32  0.1011E-07
 4  8  18  32  0.9463E-08
 4  8  18  32  0.9453E-08
 4  8  18  32  0.9478E-08
 4  8  18  32  0.9482E-08
 4  8  18  32  0.9486E-08
 4  8  18  32  0.9485E-08
 4  8  18  32  0.9480E-08
 4  8  18  32  0.9483E-08
 4  8  18  32  0.9476E-08
 4  8  18  32  0.9473E-08
 4  8  19  32  0.1056E-07
 4  8  19  32  0.1055E-07
 4  8  19  32  0.1057E-07
 4  8  19  32  0.1056E-07
 4  8  19  32  0.1054E-07
 4  8  19  32  0.1054E-07
 4  8  19  32  0.1054E-07
 4  8  19  32  0.1054E-07
 4  8  19  32  0.1055E-07
 4  8  19  32  0.1055E-07
 4  8  20  32  0.1006E-07
 4  8  20  32  0.1006E-07
 4  8  20  32  0.1005E-07
 4  8  20  32  0.1006E-07
 4  8  20  32  0.1005E-07
 4  8  20  32  0.1006E-07
 4  8  20  32  0.1006E-07
 4  8  20  32  0.1005E-07
 4  8  20  32  0.1006E-07
 4  8  20  32  0.1006E-07
