 4  2  3  8  0.2590E-06
 4  2  3  8  0.1913E-06
 4  2  3  8  0.1696E-06
 4  2  3  8  0.1726E-06
 4  2  3  8  0.1328E-06
 4  2  3  8  0.1696E-06
 4  2  3  8  0.1681E-06
 4  2  3  8  0.1328E-06
 4  2  3  8  0.1314E-06
 4  2  3  8  0.1623E-06
 4  2  4  8  0.9499E-07
 4  2  4  8  0.7544E-07
 4  2  4  8  0.7420E-07
 4  2  4  8  0.7497E-07
 4  2  4  8  0.6395E-07
 4  2  4  8  0.1413E-06
 4  2  4  8  0.1315E-06
 4  2  4  8  0.1322E-06
 4  2  4  8  0.9111E-07
 4  2  4  8  0.7559E-07
 4  2  5  8  0.6731E-07
 4  2  5  8  0.7439E-07
 4  2  5  8  0.7264E-07
 4  2  5  8  0.9100E-07
 4  2  5  8  0.6668E-07
 4  2  5  8  0.6930E-07
 4  2  5  8  0.8400E-07
 4  2  5  8  0.7073E-07
 4  2  5  8  0.7097E-07
 4  2  5  8  0.8329E-07
 4  2  6  8  0.4976E-07
 4  2  6  8  0.4282E-07
 4  2  6  8  0.4263E-07
 4  2  6  8  0.4705E-07
 4  2  6  8  0.4240E-07
 4  2  6  8  0.5110E-07
 4  2  6  8  0.4723E-07
 4  2  6  8  0.4245E-07
 4  2  6  8  0.4493E-07
 4  2  6  8  0.4319E-07
 4  2  7  8  0.4932E-07
 4  2  7  8  0.4735E-07
 4  2  7  8  0.4104E-07
 4  2  7  8  0.4628E-07
 4  2  7  8  0.3910E-07
 4  2  7  8  0.4472E-07
 4  2  7  8  0.4118E-07
 4  2  7  8  0.4081E-07
 4  2  7  8  0.4118E-07
 4  2  7  8  0.4032E-07
 4  2  8  8  0.5126E-07
 4  2  8  8  0.4598E-07
 4  2  8  8  0.4338E-07
 4  2  8  8  0.4957E-07
 4  2  8  8  0.4662E-07
 4  2  8  8  0.4891E-07
 4  2  8  8  0.4973E-07
 4  2  8  8  0.4494E-07
 4  2  8  8  0.4787E-07
 4  2  8  8  0.5225E-07
 4  2  9  8  0.4447E-07
 4  2  9  8  0.4098E-07
 4  2  9  8  0.4407E-07
 4  2  9  8  0.4344E-07
 4  2  9  8  0.4367E-07
 4  2  9  8  0.4511E-07
 4  2  9  8  0.4350E-07
 4  2  9  8  0.4452E-07
 4  2  9  8  0.4183E-07
 4  2  9  8  0.4280E-07
 4  2  10  8  0.6158E-07
 4  2  10  8  0.5867E-07
 4  2  10  8  0.5921E-07
 4  2  10  8  0.8066E-07
 4  2  10  8  0.6329E-07
 4  2  10  8  0.5946E-07
 4  2  10  8  0.5921E-07
 4  2  10  8  0.5758E-07
 4  2  10  8  0.5866E-07
 4  2  10  8  0.5829E-07
 4  2  11  8  0.5826E-07
 4  2  11  8  0.5322E-07
 4  2  11  8  0.5482E-07
 4  2  11  8  0.5494E-07
 4  2  11  8  0.5419E-07
 4  2  11  8  0.5256E-07
 4  2  11  8  0.5372E-07
 4  2  11  8  0.5338E-07
 4  2  11  8  0.5369E-07
 4  2  11  8  0.5488E-07
 4  2  12  8  0.4695E-07
 4  2  12  8  0.4442E-07
 4  2  12  8  0.4447E-07
 4  2  12  8  0.4434E-07
 4  2  12  8  0.4422E-07
 4  2  12  8  0.4497E-07
 4  2  12  8  0.4478E-07
 4  2  12  8  0.4480E-07
 4  2  12  8  0.4412E-07
 4  2  12  8  0.4473E-07
 4  2  13  8  0.4823E-07
 4  2  13  8  0.4559E-07
 4  2  13  8  0.4554E-07
 4  2  13  8  0.4652E-07
 4  2  13  8  0.4559E-07
 4  2  13  8  0.4652E-07
 4  2  13  8  0.4589E-07
 4  2  13  8  0.4895E-07
 4  2  13  8  0.4618E-07
 4  2  13  8  0.4529E-07
 4  2  14  8  0.4215E-07
 4  2  14  8  0.4068E-07
 4  2  14  8  0.3957E-07
 4  2  14  8  0.3952E-07
 4  2  14  8  0.4006E-07
 4  2  14  8  0.4129E-07
 4  2  14  8  0.3982E-07
 4  2  14  8  0.3992E-07
 4  2  14  8  0.4072E-07
 4  2  14  8  0.3978E-07
 4  2  15  8  0.4470E-07
 4  2  15  8  0.4408E-07
 4  2  15  8  0.4369E-07
 4  2  15  8  0.4356E-07
 4  2  15  8  0.4341E-07
 4  2  15  8  0.4408E-07
 4  2  15  8  0.4311E-07
 4  2  15  8  0.4362E-07
 4  2  15  8  0.4358E-07
 4  2  15  8  0.4293E-07
 4  2  16  8  0.4493E-07
 4  2  16  8  0.4449E-07
 4  2  16  8  0.4438E-07
 4  2  16  8  0.4456E-07
 4  2  16  8  0.4426E-07
 4  2  16  8  0.4464E-07
 4  2  16  8  0.4416E-07
 4  2  16  8  0.4466E-07
 4  2  16  8  0.4469E-07
 4  2  16  8  0.4434E-07
 4  2  17  8  0.5113E-07
 4  2  17  8  0.4947E-07
 4  2  17  8  0.4889E-07
 4  2  17  8  0.4894E-07
 4  2  17  8  0.4931E-07
 4  2  17  8  0.4932E-07
 4  2  17  8  0.4954E-07
 4  2  17  8  0.4903E-07
 4  2  17  8  0.4946E-07
 4  2  17  8  0.4918E-07
 4  2  18  8  0.5105E-07
 4  2  18  8  0.4978E-07
 4  2  18  8  0.5063E-07
 4  2  18  8  0.5019E-07
 4  2  18  8  0.5030E-07
 4  2  18  8  0.5002E-07
 4  2  18  8  0.4979E-07
 4  2  18  8  0.5066E-07
 4  2  18  8  0.5032E-07
 4  2  18  8  0.5043E-07
 4  2  19  8  0.4202E-07
 4  2  19  8  0.4199E-07
 4  2  19  8  0.4202E-07
 4  2  19  8  0.4196E-07
 4  2  19  8  0.4199E-07
 4  2  19  8  0.4196E-07
 4  2  19  8  0.4201E-07
 4  2  19  8  0.4198E-07
 4  2  19  8  0.4188E-07
 4  2  19  8  0.4196E-07
 4  2  20  8  0.4030E-07
 4  2  20  8  0.4029E-07
 4  2  20  8  0.4026E-07
 4  2  20  8  0.4025E-07
 4  2  20  8  0.4026E-07
 4  2  20  8  0.4026E-07
 4  2  20  8  0.4034E-07
 4  2  20  8  0.4048E-07
 4  2  20  8  0.4050E-07
 4  2  20  8  0.4044E-07
