 4  1  3  4  0.2870E-06
 4  1  3  4  0.2193E-06
 4  1  3  4  0.2686E-06
 4  1  3  4  0.2252E-06
 4  1  3  4  0.2259E-06
 4  1  3  4  0.2252E-06
 4  1  3  4  0.2193E-06
 4  1  3  4  0.2193E-06
 4  1  3  4  0.2186E-06
 4  1  3  4  0.2186E-06
 4  1  4  4  0.1354E-06
 4  1  4  4  0.9903E-07
 4  1  4  4  0.8848E-07
 4  1  4  4  0.8599E-07
 4  1  4  4  0.9251E-07
 4  1  4  4  0.8972E-07
 4  1  4  4  0.8444E-07
 4  1  4  4  0.8351E-07
 4  1  4  4  0.8196E-07
 4  1  4  4  0.8320E-07
 4  1  5  4  0.1187E-06
 4  1  5  4  0.9743E-07
 4  1  5  4  0.9600E-07
 4  1  5  4  0.1052E-06
 4  1  5  4  0.1001E-06
 4  1  5  4  0.9855E-07
 4  1  5  4  0.9743E-07
 4  1  5  4  0.9600E-07
 4  1  5  4  0.1014E-06
 4  1  5  4  0.9680E-07
 4  1  6  4  0.9833E-07
 4  1  6  4  0.8297E-07
 4  1  6  4  0.7524E-07
 4  1  6  4  0.7294E-07
 4  1  6  4  0.7635E-07
 4  1  6  4  0.7368E-07
 4  1  6  4  0.7211E-07
 4  1  6  4  0.7257E-07
 4  1  6  4  0.7717E-07
 4  1  6  4  0.7368E-07
 4  1  7  4  0.7820E-07
 4  1  7  4  0.7779E-07
 4  1  7  4  0.7264E-07
 4  1  7  4  0.6876E-07
 4  1  7  4  0.7727E-07
 4  1  7  4  0.6824E-07
 4  1  7  4  0.6754E-07
 4  1  7  4  0.7119E-07
 4  1  7  4  0.6853E-07
 4  1  7  4  0.7310E-07
 4  1  8  4  0.7831E-07
 4  1  8  4  0.6834E-07
 4  1  8  4  0.7194E-07
 4  1  8  4  0.6756E-07
 4  1  8  4  0.7082E-07
 4  1  8  4  0.6640E-07
 4  1  8  4  0.7016E-07
 4  1  8  4  0.6690E-07
 4  1  8  4  0.7031E-07
 4  1  8  4  0.6624E-07
 4  1  9  4  0.7304E-07
 4  1  9  4  0.6871E-07
 4  1  9  4  0.6252E-07
 4  1  9  4  0.6677E-07
 4  1  9  4  0.6803E-07
 4  1  9  4  0.6241E-07
 4  1  9  4  0.6653E-07
 4  1  9  4  0.6814E-07
 4  1  9  4  0.6255E-07
 4  1  9  4  0.6639E-07
 4  1  10  4  0.1037E-06
 4  1  10  4  0.1025E-06
 4  1  10  4  0.9958E-07
 4  1  10  4  0.9875E-07
 4  1  10  4  0.1041E-06
 4  1  10  4  0.9976E-07
 4  1  10  4  0.9882E-07
 4  1  10  4  0.1029E-06
 4  1  10  4  0.1002E-06
 4  1  10  4  0.9908E-07
 4  1  11  4  0.9353E-07
 4  1  11  4  0.9179E-07
 4  1  11  4  0.9353E-07
 4  1  11  4  0.9135E-07
 4  1  11  4  0.9316E-07
 4  1  11  4  0.9298E-07
 4  1  11  4  0.9140E-07
 4  1  11  4  0.9398E-07
 4  1  11  4  0.9085E-07
 4  1  11  4  0.9265E-07
 4  1  12  4  0.8001E-07
 4  1  12  4  0.7855E-07
 4  1  12  4  0.7600E-07
 4  1  12  4  0.7576E-07
 4  1  12  4  0.7837E-07
 4  1  12  4  0.7769E-07
 4  1  12  4  0.7620E-07
 4  1  12  4  0.7614E-07
 4  1  12  4  0.7736E-07
 4  1  12  4  0.7787E-07
 4  1  13  4  0.7965E-07
 4  1  13  4  0.7775E-07
 4  1  13  4  0.7700E-07
 4  1  13  4  0.7836E-07
 4  1  13  4  0.7696E-07
 4  1  13  4  0.7715E-07
 4  1  13  4  0.7760E-07
 4  1  13  4  0.7711E-07
 4  1  13  4  0.7946E-07
 4  1  13  4  0.7704E-07
 4  1  14  4  0.7085E-07
 4  1  14  4  0.6803E-07
 4  1  14  4  0.7015E-07
 4  1  14  4  0.6778E-07
 4  1  14  4  0.6884E-07
 4  1  14  4  0.6818E-07
 4  1  14  4  0.6858E-07
 4  1  14  4  0.7049E-07
 4  1  14  4  0.6848E-07
 4  1  14  4  0.7018E-07
 4  1  15  4  0.7857E-07
 4  1  15  4  0.7672E-07
 4  1  15  4  0.7637E-07
 4  1  15  4  0.7618E-07
 4  1  15  4  0.7585E-07
 4  1  15  4  0.7629E-07
 4  1  15  4  0.7602E-07
 4  1  15  4  0.7635E-07
 4  1  15  4  0.7546E-07
 4  1  15  4  0.7635E-07
 4  1  16  4  0.5641E-07
 4  1  16  4  0.5635E-07
 4  1  16  4  0.5781E-07
 4  1  16  4  0.7957E-07
 4  1  16  4  0.7949E-07
 4  1  16  4  0.7959E-07
 4  1  16  4  0.7973E-07
 4  1  16  4  0.7953E-07
 4  1  16  4  0.7992E-07
 4  1  16  4  0.7998E-07
 4  1  17  4  0.7319E-07
 4  1  17  4  0.7338E-07
 4  1  17  4  0.7340E-07
 4  1  17  4  0.7339E-07
 4  1  17  4  0.9051E-07
 4  1  17  4  0.9022E-07
 4  1  17  4  0.9080E-07
 4  1  17  4  0.9019E-07
 4  1  17  4  0.9093E-07
 4  1  17  4  0.9034E-07
 4  1  18  4  0.7011E-07
 4  1  18  4  0.6988E-07
 4  1  18  4  0.6983E-07
 4  1  18  4  0.7000E-07
 4  1  18  4  0.7001E-07
 4  1  18  4  0.7041E-07
 4  1  18  4  0.9268E-07
 4  1  18  4  0.9365E-07
 4  1  18  4  0.9291E-07
 4  1  18  4  0.9345E-07
 4  1  19  4  0.7828E-07
 4  1  19  4  0.7825E-07
 4  1  19  4  0.7819E-07
 4  1  19  4  0.7809E-07
 4  1  19  4  0.7791E-07
 4  1  19  4  0.7800E-07
 4  1  19  4  0.7794E-07
 4  1  19  4  0.7822E-07
 4  1  19  4  0.1020E-06
 4  1  19  4  0.1027E-06
 4  1  20  4  0.7421E-07
 4  1  20  4  0.7418E-07
 4  1  20  4  0.7421E-07
 4  1  20  4  0.7420E-07
 4  1  20  4  0.7420E-07
 4  1  20  4  0.7422E-07
 4  1  20  4  0.7421E-07
 4  1  20  4  0.7418E-07
 4  1  20  4  0.7419E-07
 4  1  20  4  0.7424E-07
