 4  1  3  4  0.1217E-06
 4  1  3  4  0.2531E-06
 4  1  3  4  0.2590E-06
 4  1  3  4  0.2531E-06
 4  1  3  4  0.3054E-06
 4  1  3  4  0.2443E-06
 4  1  3  4  0.2377E-06
 4  1  3  4  0.2406E-06
 4  1  3  4  0.2377E-06
 4  1  3  4  0.2406E-06
 4  1  4  4  0.6762E-07
 4  1  4  4  0.1357E-06
 4  1  4  4  0.1263E-06
 4  1  4  4  0.1158E-06
 4  1  4  4  0.1121E-06
 4  1  4  4  0.1080E-06
 4  1  4  4  0.1484E-06
 4  1  4  4  0.1133E-06
 4  1  4  4  0.1055E-06
 4  1  4  4  0.1003E-06
 4  1  5  4  0.5904E-07
 4  1  5  4  0.6495E-07
 4  1  5  4  0.1260E-06
 4  1  5  4  0.1160E-06
 4  1  5  4  0.1187E-06
 4  1  5  4  0.1086E-06
 4  1  5  4  0.1067E-06
 4  1  5  4  0.1047E-06
 4  1  5  4  0.1280E-06
 4  1  5  4  0.1079E-06
 4  1  6  4  0.4534E-07
 4  1  6  4  0.4520E-07
 4  1  6  4  0.9953E-07
 4  1  6  4  0.1042E-06
 4  1  6  4  0.9299E-07
 4  1  6  4  0.8444E-07
 4  1  6  4  0.8140E-07
 4  1  6  4  0.8757E-07
 4  1  6  4  0.8288E-07
 4  1  6  4  0.7865E-07
 4  1  7  4  0.4332E-07
 4  1  7  4  0.4278E-07
 4  1  7  4  0.4610E-07
 4  1  7  4  0.8382E-07
 4  1  7  4  0.9210E-07
 4  1  7  4  0.7750E-07
 4  1  7  4  0.8382E-07
 4  1  7  4  0.7924E-07
 4  1  7  4  0.7461E-07
 4  1  7  4  0.7895E-07
 4  1  8  4  0.3787E-07
 4  1  8  4  0.3738E-07
 4  1  8  4  0.3735E-07
 4  1  8  4  0.8172E-07
 4  1  8  4  0.7404E-07
 4  1  8  4  0.7877E-07
 4  1  8  4  0.7063E-07
 4  1  8  4  0.7602E-07
 4  1  8  4  0.7051E-07
 4  1  8  4  0.7179E-07
 4  1  9  4  0.4839E-07
 4  1  9  4  0.4802E-07
 4  1  9  4  0.4826E-07
 4  1  9  4  0.4814E-07
 4  1  9  4  0.7086E-07
 4  1  9  4  0.6574E-07
 4  1  9  4  0.7032E-07
 4  1  9  4  0.7111E-07
 4  1  9  4  0.6571E-07
 4  1  9  4  0.6617E-07
 4  1  10  4  0.5926E-07
 4  1  10  4  0.5843E-07
 4  1  10  4  0.5820E-07
 4  1  10  4  0.5811E-07
 4  1  10  4  0.6035E-07
 4  1  10  4  0.1023E-06
 4  1  10  4  0.1033E-06
 4  1  10  4  0.1020E-06
 4  1  10  4  0.1053E-06
 4  1  10  4  0.1025E-06
 4  1  11  4  0.6000E-07
 4  1  11  4  0.5921E-07
 4  1  11  4  0.5927E-07
 4  1  11  4  0.5920E-07
 4  1  11  4  0.5926E-07
 4  1  11  4  0.5923E-07
 4  1  11  4  0.9542E-07
 4  1  11  4  0.9253E-07
 4  1  11  4  0.9341E-07
 4  1  11  4  0.9573E-07
 4  1  12  4  0.5683E-07
 4  1  12  4  0.5597E-07
 4  1  12  4  0.5597E-07
 4  1  12  4  0.5592E-07
 4  1  12  4  0.5594E-07
 4  1  12  4  0.5591E-07
 4  1  12  4  0.5613E-07
 4  1  12  4  0.7924E-07
 4  1  12  4  0.7798E-07
 4  1  12  4  0.7802E-07
 4  1  13  4  0.6207E-07
 4  1  13  4  0.6127E-07
 4  1  13  4  0.6127E-07
 4  1  13  4  0.6132E-07
 4  1  13  4  0.6126E-07
 4  1  13  4  0.6140E-07
 4  1  13  4  0.6136E-07
 4  1  13  4  0.6145E-07
 4  1  13  4  0.8128E-07
 4  1  13  4  0.7893E-07
 4  1  14  4  0.5616E-07
 4  1  14  4  0.5546E-07
 4  1  14  4  0.5544E-07
 4  1  14  4  0.5545E-07
 4  1  14  4  0.5544E-07
 4  1  14  4  0.5554E-07
 4  1  14  4  0.5556E-07
 4  1  14  4  0.5554E-07
 4  1  14  4  0.5670E-07
 4  1  14  4  0.7031E-07
 4  1  15  4  0.6180E-07
 4  1  15  4  0.6125E-07
 4  1  15  4  0.6120E-07
 4  1  15  4  0.6115E-07
 4  1  15  4  0.6116E-07
 4  1  15  4  0.6117E-07
 4  1  15  4  0.6180E-07
 4  1  15  4  0.6169E-07
 4  1  15  4  0.6167E-07
 4  1  15  4  0.7746E-07
 4  1  16  4  0.5821E-07
 4  1  16  4  0.5776E-07
 4  1  16  4  0.5786E-07
 4  1  16  4  0.5805E-07
 4  1  16  4  0.5805E-07
 4  1  16  4  0.5811E-07
 4  1  16  4  0.5805E-07
 4  1  16  4  0.5806E-07
 4  1  16  4  0.5805E-07
 4  1  16  4  0.5807E-07
 4  1  17  4  0.7474E-07
 4  1  17  4  0.7411E-07
 4  1  17  4  0.7414E-07
 4  1  17  4  0.7445E-07
 4  1  17  4  0.7436E-07
 4  1  17  4  0.7436E-07
 4  1  17  4  0.7435E-07
 4  1  17  4  0.7435E-07
 4  1  17  4  0.7413E-07
 4  1  17  4  0.7409E-07
 4  1  18  4  0.7102E-07
 4  1  18  4  0.7080E-07
 4  1  18  4  0.7077E-07
 4  1  18  4  0.7074E-07
 4  1  18  4  0.7072E-07
 4  1  18  4  0.7076E-07
 4  1  18  4  0.7070E-07
 4  1  18  4  0.7071E-07
 4  1  18  4  0.7102E-07
 4  1  18  4  0.7120E-07
 4  1  19  4  0.7826E-07
 4  1  19  4  0.7796E-07
 4  1  19  4  0.7826E-07
 4  1  19  4  0.7885E-07
 4  1  19  4  0.7883E-07
 4  1  19  4  0.7885E-07
 4  1  19  4  0.7883E-07
 4  1  19  4  0.7892E-07
 4  1  19  4  0.7902E-07
 4  1  19  4  0.7917E-07
 4  1  20  4  0.7565E-07
 4  1  20  4  0.7535E-07
 4  1  20  4  0.7541E-07
 4  1  20  4  0.7536E-07
 4  1  20  4  0.7538E-07
 4  1  20  4  0.7535E-07
 4  1  20  4  0.7538E-07
 4  1  20  4  0.7534E-07
 4  1  20  4  0.7536E-07
 4  1  20  4  0.7534E-07
