 4  32  3  128  0.2223E-07
 4  32  3  128  0.2146E-07
 4  32  3  128  0.2153E-07
 4  32  3  128  0.2149E-07
 4  32  3  128  0.2189E-07
 4  32  3  128  0.2197E-07
 4  32  3  128  0.2187E-07
 4  32  3  128  0.2179E-07
 4  32  3  128  0.2152E-07
 4  32  3  128  0.2145E-07
 4  32  4  128  0.1385E-07
 4  32  4  128  0.1301E-07
 4  32  4  128  0.1291E-07
 4  32  4  128  0.1292E-07
 4  32  4  128  0.1309E-07
 4  32  4  128  0.1291E-07
 4  32  4  128  0.1337E-07
 4  32  4  128  0.1318E-07
 4  32  4  128  0.1298E-07
 4  32  4  128  0.1285E-07
 4  32  5  128  0.7263E-08
 4  32  5  128  0.6678E-08
 4  32  5  128  0.6619E-08
 4  32  5  128  0.6636E-08
 4  32  5  128  0.6907E-08
 4  32  5  128  0.6788E-08
 4  32  5  128  0.6684E-08
 4  32  5  128  0.6683E-08
 4  32  5  128  0.6856E-08
 4  32  5  128  0.6799E-08
 4  32  6  128  0.4871E-08
 4  32  6  128  0.4570E-08
 4  32  6  128  0.4545E-08
 4  32  6  128  0.4513E-08
 4  32  6  128  0.4508E-08
 4  32  6  128  0.4528E-08
 4  32  6  128  0.4507E-08
 4  32  6  128  0.4510E-08
 4  32  6  128  0.4537E-08
 4  32  6  128  0.4495E-08
 4  32  7  128  0.3736E-08
 4  32  7  128  0.3510E-08
 4  32  7  128  0.3546E-08
 4  32  7  128  0.3499E-08
 4  32  7  128  0.3542E-08
 4  32  7  128  0.3501E-08
 4  32  7  128  0.3507E-08
 4  32  7  128  0.3599E-08
 4  32  7  128  0.3537E-08
 4  32  7  128  0.3559E-08
 4  32  8  128  0.2608E-08
 4  32  8  128  0.2445E-08
 4  32  8  128  0.2463E-08
 4  32  8  128  0.2446E-08
 4  32  8  128  0.2447E-08
 4  32  8  128  0.2458E-08
 4  32  8  128  0.2489E-08
 4  32  8  128  0.2451E-08
 4  32  8  128  0.2467E-08
 4  32  8  128  0.2476E-08
 4  32  9  128  0.2596E-08
 4  32  9  128  0.2492E-08
 4  32  9  128  0.2513E-08
 4  32  9  128  0.2493E-08
 4  32  9  128  0.2492E-08
 4  32  9  128  0.2492E-08
 4  32  9  128  0.2477E-08
 4  32  9  128  0.2485E-08
 4  32  9  128  0.2493E-08
 4  32  9  128  0.2493E-08
 4  32  10  128  0.2796E-08
 4  32  10  128  0.2620E-08
 4  32  10  128  0.2618E-08
 4  32  10  128  0.2603E-08
 4  32  10  128  0.2592E-08
 4  32  10  128  0.2584E-08
 4  32  10  128  0.2588E-08
 4  32  10  128  0.2584E-08
 4  32  10  128  0.2580E-08
 4  32  10  128  0.2581E-08
 4  32  11  128  0.2998E-08
 4  32  11  128  0.2917E-08
 4  32  11  128  0.2900E-08
 4  32  11  128  0.2915E-08
 4  32  11  128  0.2907E-08
 4  32  11  128  0.2895E-08
 4  32  11  128  0.2921E-08
 4  32  11  128  0.2900E-08
 4  32  11  128  0.2900E-08
 4  32  11  128  0.2905E-08
 4  32  12  128  0.3008E-08
 4  32  12  128  0.2978E-08
 4  32  12  128  0.2975E-08
 4  32  12  128  0.2969E-08
 4  32  12  128  0.2974E-08
 4  32  12  128  0.2977E-08
 4  32  12  128  0.2966E-08
 4  32  12  128  0.2971E-08
 4  32  12  128  0.2968E-08
 4  32  12  128  0.2965E-08
 4  32  13  128  0.3322E-08
 4  32  13  128  0.3302E-08
 4  32  13  128  0.3304E-08
 4  32  13  128  0.3317E-08
 4  32  13  128  0.3296E-08
 4  32  13  128  0.3309E-08
 4  32  13  128  0.3334E-08
 4  32  13  128  0.3332E-08
 4  32  13  128  0.3329E-08
 4  32  13  128  0.3323E-08
 4  32  14  128  0.3054E-08
 4  32  14  128  0.3013E-08
 4  32  14  128  0.3010E-08
 4  32  14  128  0.3019E-08
 4  32  14  128  0.3019E-08
 4  32  14  128  0.3020E-08
 4  32  14  128  0.3010E-08
 4  32  14  128  0.3025E-08
 4  32  14  128  0.3010E-08
 4  32  14  128  0.3014E-08
 4  32  15  128  0.3153E-08
 4  32  15  128  0.3136E-08
 4  32  15  128  0.3145E-08
 4  32  15  128  0.3138E-08
 4  32  15  128  0.3131E-08
 4  32  15  128  0.3138E-08
 4  32  15  128  0.3131E-08
 4  32  15  128  0.3132E-08
 4  32  15  128  0.3138E-08
 4  32  15  128  0.3134E-08
 4  32  16  128  0.2910E-08
 4  32  16  128  0.2832E-08
 4  32  16  128  0.2838E-08
 4  32  16  128  0.2835E-08
 4  32  16  128  0.2837E-08
 4  32  16  128  0.2837E-08
 4  32  16  128  0.2839E-08
 4  32  16  128  0.2841E-08
 4  32  16  128  0.2839E-08
 4  32  16  128  0.2833E-08
 4  32  17  128  0.3363E-08
 4  32  17  128  0.3345E-08
 4  32  17  128  0.3348E-08
 4  32  17  128  0.3366E-08
 4  32  17  128  0.3381E-08
 4  32  17  128  0.3350E-08
 4  32  17  128  0.3356E-08
 4  32  17  128  0.3346E-08
 4  32  17  128  0.3347E-08
 4  32  17  128  0.3353E-08
 4  32  18  128  0.3329E-08
 4  32  18  128  0.3222E-08
 4  32  18  128  0.3225E-08
 4  32  18  128  0.3220E-08
 4  32  18  128  0.3220E-08
 4  32  18  128  0.3217E-08
 4  32  18  128  0.3218E-08
 4  32  18  128  0.3225E-08
 4  32  18  128  0.3219E-08
 4  32  18  128  0.3216E-08
 4  32  19  128  0.3555E-08
 4  32  19  128  0.3531E-08
 4  32  19  128  0.3531E-08
 4  32  19  128  0.3531E-08
 4  32  19  128  0.3532E-08
 4  32  19  128  0.3528E-08
 4  32  19  128  0.3531E-08
 4  32  19  128  0.3532E-08
 4  32  19  128  0.3535E-08
 4  32  19  128  0.3536E-08
 4  32  20  128  0.3179E-08
 4  32  20  128  0.3173E-08
 4  32  20  128  0.3179E-08
 4  32  20  128  0.3170E-08
 4  32  20  128  0.3169E-08
 4  32  20  128  0.3176E-08
 4  32  20  128  0.3177E-08
 4  32  20  128  0.3171E-08
 4  32  20  128  0.3174E-08
 4  32  20  128  0.3177E-08
