 4  8  3  32  0.1767E-06
 4  8  3  32  0.6908E-07
 4  8  3  32  0.8067E-07
 4  8  3  32  0.8021E-07
 4  8  3  32  0.8518E-07
 4  8  3  32  0.1084E-06
 4  8  3  32  0.1116E-06
 4  8  3  32  0.7791E-07
 4  8  3  32  0.5326E-07
 4  8  3  32  0.5482E-07
 4  8  4  32  0.6543E-07
 4  8  4  32  0.4738E-07
 4  8  4  32  0.4723E-07
 4  8  4  32  0.5111E-07
 4  8  4  32  0.4979E-07
 4  8  4  32  0.2767E-07
 4  8  4  32  0.5111E-07
 4  8  4  32  0.4994E-07
 4  8  4  32  0.4474E-07
 4  8  4  32  0.4036E-07
 4  8  5  32  0.3924E-07
 4  8  5  32  0.3274E-07
 4  8  5  32  0.3183E-07
 4  8  5  32  0.2176E-07
 4  8  5  32  0.2809E-07
 4  8  5  32  0.3185E-07
 4  8  5  32  0.2484E-07
 4  8  5  32  0.3060E-07
 4  8  5  32  0.2883E-07
 4  8  5  32  0.3091E-07
 4  8  6  32  0.2610E-07
 4  8  6  32  0.2031E-07
 4  8  6  32  0.1717E-07
 4  8  6  32  0.2050E-07
 4  8  6  32  0.2050E-07
 4  8  6  32  0.1953E-07
 4  8  6  32  0.1866E-07
 4  8  6  32  0.1996E-07
 4  8  6  32  0.2106E-07
 4  8  6  32  0.2040E-07
 4  8  7  32  0.1131E-07
 4  8  7  32  0.1115E-07
 4  8  7  32  0.1126E-07
 4  8  7  32  0.1124E-07
 4  8  7  32  0.1107E-07
 4  8  7  32  0.1111E-07
 4  8  7  32  0.1109E-07
 4  8  7  32  0.1115E-07
 4  8  7  32  0.1075E-07
 4  8  7  32  0.1113E-07
 4  8  8  32  0.1577E-07
 4  8  8  32  0.1446E-07
 4  8  8  32  0.1418E-07
 4  8  8  32  0.1283E-07
 4  8  8  32  0.1365E-07
 4  8  8  32  0.1304E-07
 4  8  8  32  0.1361E-07
 4  8  8  32  0.1290E-07
 4  8  8  32  0.1337E-07
 4  8  8  32  0.1341E-07
 4  8  9  32  0.1590E-07
 4  8  9  32  0.1455E-07
 4  8  9  32  0.1396E-07
 4  8  9  32  0.1402E-07
 4  8  9  32  0.1407E-07
 4  8  9  32  0.1403E-07
 4  8  9  32  0.1375E-07
 4  8  9  32  0.1367E-07
 4  8  9  32  0.1345E-07
 4  8  9  32  0.1337E-07
 4  8  10  32  0.1026E-07
 4  8  10  32  0.1019E-07
 4  8  10  32  0.1022E-07
 4  8  10  32  0.1021E-07
 4  8  10  32  0.1025E-07
 4  8  10  32  0.1020E-07
 4  8  10  32  0.1020E-07
 4  8  10  32  0.1023E-07
 4  8  10  32  0.1023E-07
 4  8  10  32  0.1020E-07
 4  8  11  32  0.9960E-08
 4  8  11  32  0.9960E-08
 4  8  11  32  0.9974E-08
 4  8  11  32  0.9972E-08
 4  8  11  32  0.1000E-07
 4  8  11  32  0.1004E-07
 4  8  11  32  0.9981E-08
 4  8  11  32  0.1001E-07
 4  8  11  32  0.1001E-07
 4  8  11  32  0.9958E-08
 4  8  12  32  0.9201E-08
 4  8  12  32  0.9174E-08
 4  8  12  32  0.9185E-08
 4  8  12  32  0.9197E-08
 4  8  12  32  0.9176E-08
 4  8  12  32  0.9160E-08
 4  8  12  32  0.9169E-08
 4  8  12  32  0.9157E-08
 4  8  12  32  0.9201E-08
 4  8  12  32  0.9188E-08
 4  8  13  32  0.9548E-08
 4  8  13  32  0.9522E-08
 4  8  13  32  0.9525E-08
 4  8  13  32  0.9520E-08
 4  8  13  32  0.9524E-08
 4  8  13  32  0.9524E-08
 4  8  13  32  0.9523E-08
 4  8  13  32  0.9525E-08
 4  8  13  32  0.9521E-08
 4  8  13  32  0.9525E-08
 4  8  14  32  0.8489E-08
 4  8  14  32  0.8467E-08
 4  8  14  32  0.8493E-08
 4  8  14  32  0.8489E-08
 4  8  14  32  0.8482E-08
 4  8  14  32  0.8484E-08
 4  8  14  32  0.8493E-08
 4  8  14  32  0.8489E-08
 4  8  14  32  0.8490E-08
 4  8  14  32  0.8487E-08
 4  8  15  32  0.9074E-08
 4  8  15  32  0.9072E-08
 4  8  15  32  0.9061E-08
 4  8  15  32  0.9054E-08
 4  8  15  32  0.9068E-08
 4  8  15  32  0.9065E-08
 4  8  15  32  0.9068E-08
 4  8  15  32  0.9067E-08
 4  8  15  32  0.9066E-08
 4  8  15  32  0.9063E-08
 4  8  16  32  0.8501E-08
 4  8  16  32  0.8521E-08
 4  8  16  32  0.8521E-08
 4  8  16  32  0.8499E-08
 4  8  16  32  0.8520E-08
 4  8  16  32  0.8519E-08
 4  8  16  32  0.8512E-08
 4  8  16  32  0.8516E-08
 4  8  16  32  0.8516E-08
 4  8  16  32  0.8514E-08
 4  8  17  32  0.1038E-07
 4  8  17  32  0.1039E-07
 4  8  17  32  0.1041E-07
 4  8  17  32  0.1039E-07
 4  8  17  32  0.1039E-07
 4  8  17  32  0.1038E-07
 4  8  17  32  0.1038E-07
 4  8  17  32  0.1037E-07
 4  8  17  32  0.1038E-07
 4  8  17  32  0.1038E-07
 4  8  18  32  0.9755E-08
 4  8  18  32  0.9746E-08
 4  8  18  32  0.9763E-08
 4  8  18  32  0.9733E-08
 4  8  18  32  0.9756E-08
 4  8  18  32  0.9743E-08
 4  8  18  32  0.9742E-08
 4  8  18  32  0.9739E-08
 4  8  18  32  0.9763E-08
 4  8  18  32  0.9770E-08
 4  8  19  32  0.1078E-07
 4  8  19  32  0.1078E-07
 4  8  19  32  0.1077E-07
 4  8  19  32  0.1078E-07
 4  8  19  32  0.1078E-07
 4  8  19  32  0.1079E-07
 4  8  19  32  0.1078E-07
 4  8  19  32  0.1079E-07
 4  8  19  32  0.1079E-07
 4  8  19  32  0.1080E-07
 4  8  20  32  0.1029E-07
 4  8  20  32  0.1028E-07
 4  8  20  32  0.1029E-07
 4  8  20  32  0.1030E-07
 4  8  20  32  0.1029E-07
 4  8  20  32  0.1029E-07
 4  8  20  32  0.1029E-07
 4  8  20  32  0.1029E-07
 4  8  20  32  0.1028E-07
 4  8  20  32  0.1028E-07
