 4  64  3  256  0.1393E-07
 4  64  3  256  0.1235E-07
 4  64  3  256  0.1216E-07
 4  64  3  256  0.1233E-07
 4  64  3  256  0.1226E-07
 4  64  3  256  0.1289E-07
 4  64  3  256  0.1221E-07
 4  64  3  256  0.1205E-07
 4  64  3  256  0.1217E-07
 4  64  3  256  0.1225E-07
 4  64  4  256  0.6722E-08
 4  64  4  256  0.6149E-08
 4  64  4  256  0.6169E-08
 4  64  4  256  0.6043E-08
 4  64  4  256  0.6062E-08
 4  64  4  256  0.6101E-08
 4  64  4  256  0.6078E-08
 4  64  4  256  0.6062E-08
 4  64  4  256  0.6064E-08
 4  64  4  256  0.6121E-08
 4  64  5  256  0.4662E-08
 4  64  5  256  0.4128E-08
 4  64  5  256  0.4106E-08
 4  64  5  256  0.4154E-08
 4  64  5  256  0.4193E-08
 4  64  5  256  0.4140E-08
 4  64  5  256  0.4162E-08
 4  64  5  256  0.4144E-08
 4  64  5  256  0.4109E-08
 4  64  5  256  0.4128E-08
 4  64  6  256  0.3317E-08
 4  64  6  256  0.2937E-08
 4  64  6  256  0.2904E-08
 4  64  6  256  0.2919E-08
 4  64  6  256  0.2904E-08
 4  64  6  256  0.2915E-08
 4  64  6  256  0.2902E-08
 4  64  6  256  0.2901E-08
 4  64  6  256  0.2925E-08
 4  64  6  256  0.2893E-08
 4  64  7  256  0.2755E-08
 4  64  7  256  0.2528E-08
 4  64  7  256  0.2501E-08
 4  64  7  256  0.2506E-08
 4  64  7  256  0.2500E-08
 4  64  7  256  0.2481E-08
 4  64  7  256  0.2516E-08
 4  64  7  256  0.2534E-08
 4  64  7  256  0.2546E-08
 4  64  7  256  0.2525E-08
 4  64  8  256  0.2380E-08
 4  64  8  256  0.2189E-08
 4  64  8  256  0.2198E-08
 4  64  8  256  0.2191E-08
 4  64  8  256  0.2181E-08
 4  64  8  256  0.2183E-08
 4  64  8  256  0.2180E-08
 4  64  8  256  0.2183E-08
 4  64  8  256  0.2194E-08
 4  64  8  256  0.2193E-08
 4  64  9  256  0.2587E-08
 4  64  9  256  0.2498E-08
 4  64  9  256  0.2472E-08
 4  64  9  256  0.2531E-08
 4  64  9  256  0.2494E-08
 4  64  9  256  0.2476E-08
 4  64  9  256  0.2485E-08
 4  64  9  256  0.2499E-08
 4  64  9  256  0.2495E-08
 4  64  9  256  0.2497E-08
 4  64  10  256  0.2608E-08
 4  64  10  256  0.2461E-08
 4  64  10  256  0.2468E-08
 4  64  10  256  0.2464E-08
 4  64  10  256  0.2461E-08
 4  64  10  256  0.2460E-08
 4  64  10  256  0.2460E-08
 4  64  10  256  0.2461E-08
 4  64  10  256  0.2463E-08
 4  64  10  256  0.2466E-08
 4  64  11  256  0.2457E-08
 4  64  11  256  0.2364E-08
 4  64  11  256  0.2364E-08
 4  64  11  256  0.2361E-08
 4  64  11  256  0.2384E-08
 4  64  11  256  0.2378E-08
 4  64  11  256  0.2389E-08
 4  64  11  256  0.2376E-08
 4  64  11  256  0.2372E-08
 4  64  11  256  0.2370E-08
 4  64  12  256  0.2309E-08
 4  64  12  256  0.2181E-08
 4  64  12  256  0.2177E-08
 4  64  12  256  0.2179E-08
 4  64  12  256  0.2193E-08
 4  64  12  256  0.2192E-08
 4  64  12  256  0.2195E-08
 4  64  12  256  0.2184E-08
 4  64  12  256  0.2183E-08
 4  64  12  256  0.2179E-08
 4  64  13  256  0.2181E-08
 4  64  13  256  0.2144E-08
 4  64  13  256  0.2149E-08
 4  64  13  256  0.2136E-08
 4  64  13  256  0.2139E-08
 4  64  13  256  0.2140E-08
 4  64  13  256  0.2175E-08
 4  64  13  256  0.2137E-08
 4  64  13  256  0.2259E-08
 4  64  13  256  0.2325E-08
 4  64  14  256  0.2013E-08
 4  64  14  256  0.1986E-08
 4  64  14  256  0.1978E-08
 4  64  14  256  0.2012E-08
 4  64  14  256  0.1975E-08
 4  64  14  256  0.1975E-08
 4  64  14  256  0.1973E-08
 4  64  14  256  0.1977E-08
 4  64  14  256  0.1980E-08
 4  64  14  256  0.1989E-08
 4  64  15  256  0.2006E-08
 4  64  15  256  0.1991E-08
 4  64  15  256  0.1990E-08
 4  64  15  256  0.1989E-08
 4  64  15  256  0.1991E-08
 4  64  15  256  0.2003E-08
 4  64  15  256  0.2005E-08
 4  64  15  256  0.1992E-08
 4  64  15  256  0.1986E-08
 4  64  15  256  0.1989E-08
 4  64  16  256  0.2103E-08
 4  64  16  256  0.2104E-08
 4  64  16  256  0.2097E-08
 4  64  16  256  0.2083E-08
 4  64  16  256  0.2094E-08
 4  64  16  256  0.2091E-08
 4  64  16  256  0.2086E-08
 4  64  16  256  0.2089E-08
 4  64  16  256  0.2087E-08
 4  64  16  256  0.2086E-08
 4  64  17  256  0.2306E-08
 4  64  17  256  0.2295E-08
 4  64  17  256  0.2295E-08
 4  64  17  256  0.2301E-08
 4  64  17  256  0.2298E-08
 4  64  17  256  0.2299E-08
 4  64  17  256  0.2293E-08
 4  64  17  256  0.2295E-08
 4  64  17  256  0.2302E-08
 4  64  17  256  0.2296E-08
 4  64  18  256  0.2222E-08
 4  64  18  256  0.2214E-08
 4  64  18  256  0.2228E-08
 4  64  18  256  0.2221E-08
 4  64  18  256  0.2211E-08
 4  64  18  256  0.2212E-08
 4  64  18  256  0.2214E-08
 4  64  18  256  0.2217E-08
 4  64  18  256  0.2212E-08
 4  64  18  256  0.2233E-08
 4  64  19  256  0.2302E-08
 4  64  19  256  0.2285E-08
 4  64  19  256  0.2282E-08
 4  64  19  256  0.2298E-08
 4  64  19  256  0.2291E-08
 4  64  19  256  0.2281E-08
 4  64  19  256  0.2299E-08
 4  64  19  256  0.2300E-08
 4  64  19  256  0.2308E-08
 4  64  19  256  0.2303E-08
 4  64  20  256  0.2455E-08
 4  64  20  256  0.2447E-08
 4  64  20  256  0.2456E-08
 4  64  20  256  0.2451E-08
 4  64  20  256  0.2434E-08
 4  64  20  256  0.2441E-08
 4  64  20  256  0.2432E-08
 4  64  20  256  0.2435E-08
 4  64  20  256  0.2447E-08
 4  64  20  256  0.2448E-08
