 4  4  3  16  0.6887E-07
 4  4  3  16  0.6584E-07
 4  4  3  16  0.7335E-07
 4  4  3  16  0.6226E-07
 4  4  3  16  0.6625E-07
 4  4  3  16  0.6952E-07
 4  4  3  16  0.6327E-07
 4  4  3  16  0.6397E-07
 4  4  3  16  0.6474E-07
 4  4  3  16  0.6769E-07
 4  4  4  16  0.4856E-07
 4  4  4  16  0.4705E-07
 4  4  4  16  0.4719E-07
 4  4  4  16  0.4674E-07
 4  4  4  16  0.4688E-07
 4  4  4  16  0.4605E-07
 4  4  4  16  0.4634E-07
 4  4  4  16  0.4662E-07
 4  4  4  16  0.4632E-07
 4  4  4  16  0.4421E-07
 4  4  5  16  0.3553E-07
 4  4  5  16  0.3579E-07
 4  4  5  16  0.3569E-07
 4  4  5  16  0.3503E-07
 4  4  5  16  0.3572E-07
 4  4  5  16  0.3596E-07
 4  4  5  16  0.3703E-07
 4  4  5  16  0.3404E-07
 4  4  5  16  0.3596E-07
 4  4  5  16  0.3393E-07
 4  4  6  16  0.3466E-07
 4  4  6  16  0.3319E-07
 4  4  6  16  0.3348E-07
 4  4  6  16  0.3396E-07
 4  4  6  16  0.3344E-07
 4  4  6  16  0.3491E-07
 4  4  6  16  0.3331E-07
 4  4  6  16  0.3326E-07
 4  4  6  16  0.3372E-07
 4  4  6  16  0.3459E-07
 4  4  7  16  0.1951E-07
 4  4  7  16  0.1925E-07
 4  4  7  16  0.1933E-07
 4  4  7  16  0.1873E-07
 4  4  7  16  0.1889E-07
 4  4  7  16  0.1927E-07
 4  4  7  16  0.1890E-07
 4  4  7  16  0.1891E-07
 4  4  7  16  0.1895E-07
 4  4  7  16  0.1871E-07
 4  4  8  16  0.1771E-07
 4  4  8  16  0.1784E-07
 4  4  8  16  0.1673E-07
 4  4  8  16  0.1658E-07
 4  4  8  16  0.1662E-07
 4  4  8  16  0.1708E-07
 4  4  8  16  0.1738E-07
 4  4  8  16  0.1689E-07
 4  4  8  16  0.1672E-07
 4  4  8  16  0.1699E-07
 4  4  9  16  0.2091E-07
 4  4  9  16  0.2021E-07
 4  4  9  16  0.2003E-07
 4  4  9  16  0.2040E-07
 4  4  9  16  0.2038E-07
 4  4  9  16  0.2043E-07
 4  4  9  16  0.2046E-07
 4  4  9  16  0.2105E-07
 4  4  9  16  0.2103E-07
 4  4  9  16  0.2063E-07
 4  4  10  16  0.2173E-07
 4  4  10  16  0.2142E-07
 4  4  10  16  0.2131E-07
 4  4  10  16  0.2140E-07
 4  4  10  16  0.2144E-07
 4  4  10  16  0.2129E-07
 4  4  10  16  0.2122E-07
 4  4  10  16  0.2134E-07
 4  4  10  16  0.2134E-07
 4  4  10  16  0.2130E-07
 4  4  11  16  0.2248E-07
 4  4  11  16  0.2235E-07
 4  4  11  16  0.2234E-07
 4  4  11  16  0.2233E-07
 4  4  11  16  0.2233E-07
 4  4  11  16  0.2234E-07
 4  4  11  16  0.2246E-07
 4  4  11  16  0.2232E-07
 4  4  11  16  0.2243E-07
 4  4  11  16  0.2238E-07
 4  4  12  16  0.2137E-07
 4  4  12  16  0.2113E-07
 4  4  12  16  0.2116E-07
 4  4  12  16  0.2113E-07
 4  4  12  16  0.2115E-07
 4  4  12  16  0.2109E-07
 4  4  12  16  0.2110E-07
 4  4  12  16  0.2108E-07
 4  4  12  16  0.2113E-07
 4  4  12  16  0.2116E-07
 4  4  13  16  0.2417E-07
 4  4  13  16  0.2391E-07
 4  4  13  16  0.2392E-07
 4  4  13  16  0.2398E-07
 4  4  13  16  0.2395E-07
 4  4  13  16  0.2395E-07
 4  4  13  16  0.2394E-07
 4  4  13  16  0.2395E-07
 4  4  13  16  0.2404E-07
 4  4  13  16  0.2393E-07
 4  4  14  16  0.2144E-07
 4  4  14  16  0.2121E-07
 4  4  14  16  0.2124E-07
 4  4  14  16  0.2121E-07
 4  4  14  16  0.2126E-07
 4  4  14  16  0.2122E-07
 4  4  14  16  0.2124E-07
 4  4  14  16  0.2124E-07
 4  4  14  16  0.2122E-07
 4  4  14  16  0.2132E-07
 4  4  15  16  0.2200E-07
 4  4  15  16  0.2184E-07
 4  4  15  16  0.2181E-07
 4  4  15  16  0.2179E-07
 4  4  15  16  0.2194E-07
 4  4  15  16  0.2206E-07
 4  4  15  16  0.2206E-07
 4  4  15  16  0.2205E-07
 4  4  15  16  0.2208E-07
 4  4  15  16  0.2202E-07
 4  4  16  16  0.2092E-07
 4  4  16  16  0.2076E-07
 4  4  16  16  0.2075E-07
 4  4  16  16  0.2073E-07
 4  4  16  16  0.2074E-07
 4  4  16  16  0.2073E-07
 4  4  16  16  0.2074E-07
 4  4  16  16  0.2073E-07
 4  4  16  16  0.2073E-07
 4  4  16  16  0.2068E-07
 4  4  17  16  0.2538E-07
 4  4  17  16  0.2526E-07
 4  4  17  16  0.2529E-07
 4  4  17  16  0.2528E-07
 4  4  17  16  0.2528E-07
 4  4  17  16  0.2529E-07
 4  4  17  16  0.2535E-07
 4  4  17  16  0.2543E-07
 4  4  17  16  0.2543E-07
 4  4  17  16  0.2540E-07
 4  4  18  16  0.2292E-07
 4  4  18  16  0.2288E-07
 4  4  18  16  0.2293E-07
 4  4  18  16  0.2302E-07
 4  4  18  16  0.2304E-07
 4  4  18  16  0.2308E-07
 4  4  18  16  0.2308E-07
 4  4  18  16  0.2306E-07
 4  4  18  16  0.2308E-07
 4  4  18  16  0.2316E-07
 4  4  19  16  0.2439E-07
 4  4  19  16  0.2422E-07
 4  4  19  16  0.2424E-07
 4  4  19  16  0.2422E-07
 4  4  19  16  0.2422E-07
 4  4  19  16  0.2420E-07
 4  4  19  16  0.2422E-07
 4  4  19  16  0.2429E-07
 4  4  19  16  0.2425E-07
 4  4  19  16  0.2431E-07
 4  4  20  16  0.2319E-07
 4  4  20  16  0.2315E-07
 4  4  20  16  0.2312E-07
 4  4  20  16  0.2317E-07
 4  4  20  16  0.2315E-07
 4  4  20  16  0.2312E-07
 4  4  20  16  0.2312E-07
 4  4  20  16  0.2312E-07
 4  4  20  16  0.2312E-07
 4  4  20  16  0.2315E-07
