 4  64  3  256  0.8945E-07
 4  64  3  256  0.1306E-07
 4  64  3  256  0.1336E-07
 4  64  3  256  0.1215E-07
 4  64  3  256  0.1167E-07
 4  64  3  256  0.1341E-07
 4  64  3  256  0.1581E-07
 4  64  3  256  0.1369E-07
 4  64  3  256  0.1620E-07
 4  64  3  256  0.1529E-07
 4  64  4  256  0.2515E-07
 4  64  4  256  0.6514E-08
 4  64  4  256  0.6936E-08
 4  64  4  256  0.6306E-08
 4  64  4  256  0.6796E-08
 4  64  4  256  0.6223E-08
 4  64  4  256  0.7043E-08
 4  64  4  256  0.6262E-08
 4  64  4  256  0.6306E-08
 4  64  4  256  0.6451E-08
 4  64  5  256  0.2279E-07
 4  64  5  256  0.5332E-08
 4  64  5  256  0.4823E-08
 4  64  5  256  0.5146E-08
 4  64  5  256  0.4657E-08
 4  64  5  256  0.5084E-08
 4  64  5  256  0.4468E-08
 4  64  5  256  0.5886E-08
 4  64  5  256  0.5667E-08
 4  64  5  256  0.5417E-08
 4  64  6  256  0.1988E-08
 4  64  6  256  0.1902E-08
 4  64  6  256  0.1881E-08
 4  64  6  256  0.1952E-08
 4  64  6  256  0.1932E-08
 4  64  6  256  0.1914E-08
 4  64  6  256  0.1952E-08
 4  64  6  256  0.1919E-08
 4  64  6  256  0.1963E-08
 4  64  6  256  0.1933E-08
 4  64  7  256  0.2151E-08
 4  64  7  256  0.2073E-08
 4  64  7  256  0.2100E-08
 4  64  7  256  0.2094E-08
 4  64  7  256  0.2087E-08
 4  64  7  256  0.2121E-08
 4  64  7  256  0.2093E-08
 4  64  7  256  0.2102E-08
 4  64  7  256  0.2081E-08
 4  64  7  256  0.2079E-08
 4  64  8  256  0.1840E-08
 4  64  8  256  0.1827E-08
 4  64  8  256  0.1812E-08
 4  64  8  256  0.1819E-08
 4  64  8  256  0.1818E-08
 4  64  8  256  0.1816E-08
 4  64  8  256  0.1817E-08
 4  64  8  256  0.1824E-08
 4  64  8  256  0.1815E-08
 4  64  8  256  0.1822E-08
 4  64  9  256  0.1894E-08
 4  64  9  256  0.1856E-08
 4  64  9  256  0.1860E-08
 4  64  9  256  0.1857E-08
 4  64  9  256  0.1850E-08
 4  64  9  256  0.1854E-08
 4  64  9  256  0.1852E-08
 4  64  9  256  0.1843E-08
 4  64  9  256  0.1841E-08
 4  64  9  256  0.1839E-08
 4  64  10  256  0.1860E-08
 4  64  10  256  0.1869E-08
 4  64  10  256  0.1831E-08
 4  64  10  256  0.1828E-08
 4  64  10  256  0.1832E-08
 4  64  10  256  0.1833E-08
 4  64  10  256  0.1831E-08
 4  64  10  256  0.1827E-08
 4  64  10  256  0.1836E-08
 4  64  10  256  0.1837E-08
 4  64  11  256  0.1711E-08
 4  64  11  256  0.1681E-08
 4  64  11  256  0.1681E-08
 4  64  11  256  0.1680E-08
 4  64  11  256  0.1680E-08
 4  64  11  256  0.1679E-08
 4  64  11  256  0.1673E-08
 4  64  11  256  0.1690E-08
 4  64  11  256  0.1695E-08
 4  64  11  256  0.1695E-08
 4  64  12  256  0.1649E-08
 4  64  12  256  0.1644E-08
 4  64  12  256  0.1643E-08
 4  64  12  256  0.1635E-08
 4  64  12  256  0.1643E-08
 4  64  12  256  0.1637E-08
 4  64  12  256  0.1640E-08
 4  64  12  256  0.1634E-08
 4  64  12  256  0.1636E-08
 4  64  12  256  0.1640E-08
 4  64  13  256  0.1690E-08
 4  64  13  256  0.1681E-08
 4  64  13  256  0.1677E-08
 4  64  13  256  0.1675E-08
 4  64  13  256  0.1674E-08
 4  64  13  256  0.1675E-08
 4  64  13  256  0.1680E-08
 4  64  13  256  0.1684E-08
 4  64  13  256  0.1682E-08
 4  64  13  256  0.1688E-08
 4  64  14  256  0.1558E-08
 4  64  14  256  0.1551E-08
 4  64  14  256  0.1556E-08
 4  64  14  256  0.1547E-08
 4  64  14  256  0.1539E-08
 4  64  14  256  0.1538E-08
 4  64  14  256  0.1546E-08
 4  64  14  256  0.1541E-08
 4  64  14  256  0.1542E-08
 4  64  14  256  0.1539E-08
 4  64  15  256  0.1649E-08
 4  64  15  256  0.1637E-08
 4  64  15  256  0.1632E-08
 4  64  15  256  0.1637E-08
 4  64  15  256  0.1626E-08
 4  64  15  256  0.1625E-08
 4  64  15  256  0.1626E-08
 4  64  15  256  0.1629E-08
 4  64  15  256  0.1627E-08
 4  64  15  256  0.1635E-08
 4  64  16  256  0.1773E-08
 4  64  16  256  0.1763E-08
 4  64  16  256  0.1793E-08
 4  64  16  256  0.1758E-08
 4  64  16  256  0.1764E-08
 4  64  16  256  0.1763E-08
 4  64  16  256  0.1823E-08
 4  64  16  256  0.1769E-08
 4  64  16  256  0.1767E-08
 4  64  16  256  0.1760E-08
 4  64  17  256  0.1888E-08
 4  64  17  256  0.1889E-08
 4  64  17  256  0.1883E-08
 4  64  17  256  0.1886E-08
 4  64  17  256  0.1893E-08
 4  64  17  256  0.1893E-08
 4  64  17  256  0.1878E-08
 4  64  17  256  0.1882E-08
 4  64  17  256  0.1881E-08
 4  64  17  256  0.1885E-08
 4  64  18  256  0.1761E-08
 4  64  18  256  0.1757E-08
 4  64  18  256  0.1763E-08
 4  64  18  256  0.1759E-08
 4  64  18  256  0.1753E-08
 4  64  18  256  0.1752E-08
 4  64  18  256  0.1759E-08
 4  64  18  256  0.1756E-08
 4  64  18  256  0.1756E-08
 4  64  18  256  0.1758E-08
 4  64  19  256  0.1924E-08
 4  64  19  256  0.1919E-08
 4  64  19  256  0.1928E-08
 4  64  19  256  0.1923E-08
 4  64  19  256  0.1920E-08
 4  64  19  256  0.1924E-08
 4  64  19  256  0.1924E-08
 4  64  19  256  0.1921E-08
 4  64  19  256  0.1924E-08
 4  64  19  256  0.1920E-08
 4  64  20  256  0.1853E-08
 4  64  20  256  0.1845E-08
 4  64  20  256  0.1983E-08
 4  64  20  256  0.1846E-08
 4  64  20  256  0.1848E-08
 4  64  20  256  0.1842E-08
 4  64  20  256  0.1846E-08
 4  64  20  256  0.1853E-08
 4  64  20  256  0.1844E-08
 4  64  20  256  0.1847E-08
