 8  4  3  32  0.1408E-06
 8  4  3  32  0.8527E-07
 8  4  3  32  0.7717E-07
 8  4  3  32  0.9833E-07
 8  4  3  32  0.7828E-07
 8  4  3  32  0.8104E-07
 8  4  3  32  0.1018E-06
 8  4  3  32  0.8683E-07
 8  4  3  32  0.7451E-07
 8  4  3  32  0.7717E-07
 8  4  4  32  0.5747E-07
 8  4  4  32  0.3353E-07
 8  4  4  32  0.4459E-07
 8  4  4  32  0.3923E-07
 8  4  4  32  0.3058E-07
 8  4  4  32  0.4377E-07
 8  4  4  32  0.3597E-07
 8  4  4  32  0.3698E-07
 8  4  4  32  0.3046E-07
 8  4  4  32  0.4067E-07
 8  4  5  32  0.3527E-07
 8  4  5  32  0.2917E-07
 8  4  5  32  0.2559E-07
 8  4  5  32  0.2682E-07
 8  4  5  32  0.2533E-07
 8  4  5  32  0.2776E-07
 8  4  5  32  0.3133E-07
 8  4  5  32  0.2708E-07
 8  4  5  32  0.2476E-07
 8  4  5  32  0.3417E-07
 8  4  6  32  0.2619E-07
 8  4  6  32  0.2204E-07
 8  4  6  32  0.2339E-07
 8  4  6  32  0.2219E-07
 8  4  6  32  0.2209E-07
 8  4  6  32  0.2108E-07
 8  4  6  32  0.2275E-07
 8  4  6  32  0.2387E-07
 8  4  6  32  0.2296E-07
 8  4  6  32  0.2189E-07
 8  4  7  32  0.2533E-07
 8  4  7  32  0.2208E-07
 8  4  7  32  0.2220E-07
 8  4  7  32  0.2087E-07
 8  4  7  32  0.2135E-07
 8  4  7  32  0.2202E-07
 8  4  7  32  0.2226E-07
 8  4  7  32  0.2229E-07
 8  4  7  32  0.2253E-07
 8  4  7  32  0.2129E-07
 8  4  8  32  0.1387E-07
 8  4  8  32  0.1381E-07
 8  4  8  32  0.1378E-07
 8  4  8  32  0.1378E-07
 8  4  8  32  0.1389E-07
 8  4  8  32  0.1378E-07
 8  4  8  32  0.1387E-07
 8  4  8  32  0.1379E-07
 8  4  8  32  0.1385E-07
 8  4  8  32  0.1379E-07
 8  4  9  32  0.2365E-07
 8  4  9  32  0.2161E-07
 8  4  9  32  0.2229E-07
 8  4  9  32  0.2190E-07
 8  4  9  32  0.2137E-07
 8  4  9  32  0.2212E-07
 8  4  9  32  0.2136E-07
 8  4  9  32  0.2179E-07
 8  4  9  32  0.2232E-07
 8  4  9  32  0.2279E-07
 8  4  10  32  0.3065E-07
 8  4  10  32  0.2881E-07
 8  4  10  32  0.2937E-07
 8  4  10  32  0.2944E-07
 8  4  10  32  0.2951E-07
 8  4  10  32  0.2953E-07
 8  4  10  32  0.3035E-07
 8  4  10  32  0.2969E-07
 8  4  10  32  0.2917E-07
 8  4  10  32  0.3083E-07
 8  4  11  32  0.1663E-07
 8  4  11  32  0.1663E-07
 8  4  11  32  0.1661E-07
 8  4  11  32  0.1663E-07
 8  4  11  32  0.1663E-07
 8  4  11  32  0.1664E-07
 8  4  11  32  0.1661E-07
 8  4  11  32  0.1664E-07
 8  4  11  32  0.1665E-07
 8  4  11  32  0.1663E-07
 8  4  12  32  0.1521E-07
 8  4  12  32  0.1519E-07
 8  4  12  32  0.1520E-07
 8  4  12  32  0.1528E-07
 8  4  12  32  0.1524E-07
 8  4  12  32  0.1525E-07
 8  4  12  32  0.1524E-07
 8  4  12  32  0.1527E-07
 8  4  12  32  0.1524E-07
 8  4  12  32  0.1525E-07
 8  4  13  32  0.1658E-07
 8  4  13  32  0.1657E-07
 8  4  13  32  0.1660E-07
 8  4  13  32  0.1657E-07
 8  4  13  32  0.1658E-07
 8  4  13  32  0.1657E-07
 8  4  13  32  0.1656E-07
 8  4  13  32  0.1657E-07
 8  4  13  32  0.1657E-07
 8  4  13  32  0.1661E-07
 8  4  14  32  0.1481E-07
 8  4  14  32  0.1480E-07
 8  4  14  32  0.1482E-07
 8  4  14  32  0.1485E-07
 8  4  14  32  0.1484E-07
 8  4  14  32  0.1483E-07
 8  4  14  32  0.1483E-07
 8  4  14  32  0.1484E-07
 8  4  14  32  0.1483E-07
 8  4  14  32  0.1482E-07
 8  4  15  32  0.1637E-07
 8  4  15  32  0.1637E-07
 8  4  15  32  0.1636E-07
 8  4  15  32  0.1635E-07
 8  4  15  32  0.1636E-07
 8  4  15  32  0.1635E-07
 8  4  15  32  0.1642E-07
 8  4  15  32  0.1638E-07
 8  4  15  32  0.1640E-07
 8  4  15  32  0.1639E-07
 8  4  16  32  0.1517E-07
 8  4  16  32  0.1516E-07
 8  4  16  32  0.1517E-07
 8  4  16  32  0.1515E-07
 8  4  16  32  0.1516E-07
 8  4  16  32  0.1516E-07
 8  4  16  32  0.1515E-07
 8  4  16  32  0.1518E-07
 8  4  16  32  0.1516E-07
 8  4  16  32  0.1517E-07
 8  4  17  32  0.1916E-07
 8  4  17  32  0.1916E-07
 8  4  17  32  0.1919E-07
 8  4  17  32  0.1918E-07
 8  4  17  32  0.1919E-07
 8  4  17  32  0.1918E-07
 8  4  17  32  0.1917E-07
 8  4  17  32  0.1917E-07
 8  4  17  32  0.1917E-07
 8  4  17  32  0.1915E-07
 8  4  18  32  0.1821E-07
 8  4  18  32  0.1826E-07
 8  4  18  32  0.1822E-07
 8  4  18  32  0.1816E-07
 8  4  18  32  0.1816E-07
 8  4  18  32  0.1816E-07
 8  4  18  32  0.1817E-07
 8  4  18  32  0.1816E-07
 8  4  18  32  0.1816E-07
 8  4  18  32  0.1822E-07
 8  4  19  32  0.2047E-07
 8  4  19  32  0.2047E-07
 8  4  19  32  0.2045E-07
 8  4  19  32  0.2046E-07
 8  4  19  32  0.2046E-07
 8  4  19  32  0.2043E-07
 8  4  19  32  0.2052E-07
 8  4  19  32  0.2052E-07
 8  4  19  32  0.2053E-07
 8  4  19  32  0.2052E-07
 8  4  20  32  0.1941E-07
 8  4  20  32  0.1939E-07
 8  4  20  32  0.1941E-07
 8  4  20  32  0.1939E-07
 8  4  20  32  0.1942E-07
 8  4  20  32  0.1944E-07
 8  4  20  32  0.1942E-07
 8  4  20  32  0.1943E-07
 8  4  20  32  0.1942E-07
 8  4  20  32  0.1942E-07
