 8  1  3  8  0.2097E-06
 8  1  3  8  0.1681E-06
 8  1  3  8  0.1667E-06
 8  1  3  8  0.1696E-06
 8  1  3  8  0.1667E-06
 8  1  3  8  0.2053E-06
 8  1  3  8  0.1726E-06
 8  1  3  8  0.1667E-06
 8  1  3  8  0.1685E-06
 8  1  3  8  0.1667E-06
 8  1  4  8  0.1315E-06
 8  1  4  8  0.9965E-07
 8  1  4  8  0.1166E-06
 8  1  4  8  0.1029E-06
 8  1  4  8  0.9763E-07
 8  1  4  8  0.9763E-07
 8  1  4  8  0.9562E-07
 8  1  4  8  0.1133E-06
 8  1  4  8  0.9825E-07
 8  1  4  8  0.9639E-07
 8  1  5  8  0.9433E-07
 8  1  5  8  0.9402E-07
 8  1  5  8  0.8631E-07
 8  1  5  8  0.8297E-07
 8  1  5  8  0.9028E-07
 8  1  5  8  0.8702E-07
 8  1  5  8  0.8273E-07
 8  1  5  8  0.8170E-07
 8  1  5  8  0.8464E-07
 8  1  5  8  0.8162E-07
 8  1  6  8  0.8122E-07
 8  1  6  8  0.6945E-07
 8  1  6  8  0.7331E-07
 8  1  6  8  0.6885E-07
 8  1  6  8  0.6577E-07
 8  1  6  8  0.6788E-07
 8  1  6  8  0.6535E-07
 8  1  6  8  0.7313E-07
 8  1  6  8  0.6499E-07
 8  1  6  8  0.7119E-07
 8  1  7  8  0.7142E-07
 8  1  7  8  0.6039E-07
 8  1  7  8  0.6606E-07
 8  1  7  8  0.6013E-07
 8  1  7  8  0.6076E-07
 8  1  7  8  0.6595E-07
 8  1  7  8  0.5963E-07
 8  1  7  8  0.6499E-07
 8  1  7  8  0.6583E-07
 8  1  7  8  0.5989E-07
 8  1  8  8  0.6754E-07
 8  1  8  8  0.6339E-07
 8  1  8  8  0.5924E-07
 8  1  8  8  0.5933E-07
 8  1  8  8  0.5964E-07
 8  1  8  8  0.6292E-07
 8  1  8  8  0.6290E-07
 8  1  8  8  0.6364E-07
 8  1  8  8  0.6349E-07
 8  1  8  8  0.6364E-07
 8  1  9  8  0.7447E-07
 8  1  9  8  0.7030E-07
 8  1  9  8  0.7100E-07
 8  1  9  8  0.7121E-07
 8  1  9  8  0.7368E-07
 8  1  9  8  0.7162E-07
 8  1  9  8  0.7014E-07
 8  1  9  8  0.7196E-07
 8  1  9  8  0.7121E-07
 8  1  9  8  0.7315E-07
 8  1  10  8  0.1065E-06
 8  1  10  8  0.1027E-06
 8  1  10  8  0.1040E-06
 8  1  10  8  0.1051E-06
 8  1  10  8  0.1025E-06
 8  1  10  8  0.1077E-06
 8  1  10  8  0.1001E-06
 8  1  10  8  0.1000E-06
 8  1  10  8  0.1012E-06
 8  1  10  8  0.1002E-06
 8  1  11  8  0.9163E-07
 8  1  11  8  0.8913E-07
 8  1  11  8  0.8935E-07
 8  1  11  8  0.8915E-07
 8  1  11  8  0.8900E-07
 8  1  11  8  0.8932E-07
 8  1  11  8  0.8903E-07
 8  1  11  8  0.8887E-07
 8  1  11  8  0.8894E-07
 8  1  11  8  0.8935E-07
 8  1  12  8  0.7639E-07
 8  1  12  8  0.7475E-07
 8  1  12  8  0.7465E-07
 8  1  12  8  0.7448E-07
 8  1  12  8  0.7470E-07
 8  1  12  8  0.7466E-07
 8  1  12  8  0.7448E-07
 8  1  12  8  0.7470E-07
 8  1  12  8  0.7415E-07
 8  1  12  8  0.7470E-07
 8  1  13  8  0.7823E-07
 8  1  13  8  0.7681E-07
 8  1  13  8  0.7676E-07
 8  1  13  8  0.7670E-07
 8  1  13  8  0.7749E-07
 8  1  13  8  0.7694E-07
 8  1  13  8  0.7668E-07
 8  1  13  8  0.7664E-07
 8  1  13  8  0.7728E-07
 8  1  13  8  0.7698E-07
 8  1  14  8  0.6905E-07
 8  1  14  8  0.6818E-07
 8  1  14  8  0.6882E-07
 8  1  14  8  0.6842E-07
 8  1  14  8  0.7726E-07
 8  1  14  8  0.6865E-07
 8  1  14  8  0.6935E-07
 8  1  14  8  0.6927E-07
 8  1  14  8  0.6881E-07
 8  1  14  8  0.6965E-07
 8  1  15  8  0.7642E-07
 8  1  15  8  0.7799E-07
 8  1  15  8  0.7542E-07
 8  1  15  8  0.7526E-07
 8  1  15  8  0.7590E-07
 8  1  15  8  0.7546E-07
 8  1  15  8  0.7518E-07
 8  1  15  8  0.7543E-07
 8  1  15  8  0.7627E-07
 8  1  15  8  0.7532E-07
 8  1  16  8  0.5631E-07
 8  1  16  8  0.5626E-07
 8  1  16  8  0.5629E-07
 8  1  16  8  0.5769E-07
 8  1  16  8  0.7983E-07
 8  1  16  8  0.7979E-07
 8  1  16  8  0.7982E-07
 8  1  16  8  0.7959E-07
 8  1  16  8  0.7995E-07
 8  1  16  8  0.8002E-07
 8  1  17  8  0.7299E-07
 8  1  17  8  0.7298E-07
 8  1  17  8  0.7300E-07
 8  1  17  8  0.7299E-07
 8  1  17  8  0.7307E-07
 8  1  17  8  0.7297E-07
 8  1  17  8  0.7302E-07
 8  1  17  8  0.7415E-07
 8  1  17  8  0.8981E-07
 8  1  17  8  0.8943E-07
 8  1  18  8  0.6901E-07
 8  1  18  8  0.6906E-07
 8  1  18  8  0.6904E-07
 8  1  18  8  0.6907E-07
 8  1  18  8  0.6902E-07
 8  1  18  8  0.6901E-07
 8  1  18  8  0.6904E-07
 8  1  18  8  0.6896E-07
 8  1  18  8  0.6929E-07
 8  1  18  8  0.9120E-07
 8  1  19  8  0.7784E-07
 8  1  19  8  0.7780E-07
 8  1  19  8  0.7785E-07
 8  1  19  8  0.7781E-07
 8  1  19  8  0.7779E-07
 8  1  19  8  0.7780E-07
 8  1  19  8  0.7778E-07
 8  1  19  8  0.7778E-07
 8  1  19  8  0.7781E-07
 8  1  19  8  0.7783E-07
 8  1  20  8  0.7423E-07
 8  1  20  8  0.7426E-07
 8  1  20  8  0.7420E-07
 8  1  20  8  0.7418E-07
 8  1  20  8  0.7418E-07
 8  1  20  8  0.7422E-07
 8  1  20  8  0.7419E-07
 8  1  20  8  0.7420E-07
 8  1  20  8  0.7419E-07
 8  1  20  8  0.7420E-07
