 8  2  3  16  0.6712E-07
 8  2  3  16  0.1290E-06
 8  2  3  16  0.1358E-06
 8  2  3  16  0.1282E-06
 8  2  3  16  0.1567E-06
 8  2  3  16  0.1242E-06
 8  2  3  16  0.1242E-06
 8  2  3  16  0.1358E-06
 8  2  3  16  0.1236E-06
 8  2  3  16  0.1612E-06
 8  2  4  16  0.4314E-07
 8  2  4  16  0.3949E-07
 8  2  4  16  0.9305E-07
 8  2  4  16  0.9181E-07
 8  2  4  16  0.9732E-07
 8  2  4  16  0.7031E-07
 8  2  4  16  0.8754E-07
 8  2  4  16  0.8886E-07
 8  2  4  16  0.6706E-07
 8  2  4  16  0.6837E-07
 8  2  5  16  0.4431E-07
 8  2  5  16  0.4540E-07
 8  2  5  16  0.4837E-07
 8  2  5  16  0.6402E-07
 8  2  5  16  0.6302E-07
 8  2  5  16  0.6219E-07
 8  2  5  16  0.6115E-07
 8  2  5  16  0.7017E-07
 8  2  5  16  0.6636E-07
 8  2  5  16  0.6616E-07
 8  2  6  16  0.3185E-07
 8  2  6  16  0.2571E-07
 8  2  6  16  0.2542E-07
 8  2  6  16  0.2586E-07
 8  2  6  16  0.4843E-07
 8  2  6  16  0.4774E-07
 8  2  6  16  0.4486E-07
 8  2  6  16  0.5025E-07
 8  2  6  16  0.4755E-07
 8  2  6  16  0.4457E-07
 8  2  7  16  0.3023E-07
 8  2  7  16  0.2911E-07
 8  2  7  16  0.2919E-07
 8  2  7  16  0.2988E-07
 8  2  7  16  0.3006E-07
 8  2  7  16  0.4259E-07
 8  2  7  16  0.4525E-07
 8  2  7  16  0.4343E-07
 8  2  7  16  0.4373E-07
 8  2  7  16  0.4354E-07
 8  2  8  16  0.2846E-07
 8  2  8  16  0.2772E-07
 8  2  8  16  0.2778E-07
 8  2  8  16  0.2779E-07
 8  2  8  16  0.2780E-07
 8  2  8  16  0.2767E-07
 8  2  8  16  0.4399E-07
 8  2  8  16  0.4500E-07
 8  2  8  16  0.4358E-07
 8  2  8  16  0.4517E-07
 8  2  9  16  0.3232E-07
 8  2  9  16  0.3210E-07
 8  2  9  16  0.3224E-07
 8  2  9  16  0.3210E-07
 8  2  9  16  0.3207E-07
 8  2  9  16  0.3210E-07
 8  2  9  16  0.3221E-07
 8  2  9  16  0.3210E-07
 8  2  9  16  0.4307E-07
 8  2  9  16  0.4244E-07
 8  2  10  16  0.3437E-07
 8  2  10  16  0.3421E-07
 8  2  10  16  0.3422E-07
 8  2  10  16  0.3436E-07
 8  2  10  16  0.3429E-07
 8  2  10  16  0.3434E-07
 8  2  10  16  0.3441E-07
 8  2  10  16  0.3432E-07
 8  2  10  16  0.3421E-07
 8  2  10  16  0.3461E-07
 8  2  11  16  0.3365E-07
 8  2  11  16  0.3346E-07
 8  2  11  16  0.3341E-07
 8  2  11  16  0.3343E-07
 8  2  11  16  0.3337E-07
 8  2  11  16  0.3350E-07
 8  2  11  16  0.3347E-07
 8  2  11  16  0.3348E-07
 8  2  11  16  0.3342E-07
 8  2  11  16  0.3335E-07
 8  2  12  16  0.3102E-07
 8  2  12  16  0.3065E-07
 8  2  12  16  0.3065E-07
 8  2  12  16  0.3065E-07
 8  2  12  16  0.3070E-07
 8  2  12  16  0.3066E-07
 8  2  12  16  0.3072E-07
 8  2  12  16  0.3068E-07
 8  2  12  16  0.3062E-07
 8  2  12  16  0.3070E-07
 8  2  13  16  0.3368E-07
 8  2  13  16  0.3335E-07
 8  2  13  16  0.3333E-07
 8  2  13  16  0.3333E-07
 8  2  13  16  0.3334E-07
 8  2  13  16  0.3332E-07
 8  2  13  16  0.3335E-07
 8  2  13  16  0.3337E-07
 8  2  13  16  0.3336E-07
 8  2  13  16  0.3340E-07
 8  2  14  16  0.3008E-07
 8  2  14  16  0.2978E-07
 8  2  14  16  0.2985E-07
 8  2  14  16  0.2981E-07
 8  2  14  16  0.2986E-07
 8  2  14  16  0.2985E-07
 8  2  14  16  0.2983E-07
 8  2  14  16  0.3001E-07
 8  2  14  16  0.2990E-07
 8  2  14  16  0.2992E-07
 8  2  15  16  0.3345E-07
 8  2  15  16  0.3326E-07
 8  2  15  16  0.3322E-07
 8  2  15  16  0.3324E-07
 8  2  15  16  0.3322E-07
 8  2  15  16  0.3322E-07
 8  2  15  16  0.3320E-07
 8  2  15  16  0.3324E-07
 8  2  15  16  0.3327E-07
 8  2  15  16  0.3325E-07
 8  2  16  16  0.3120E-07
 8  2  16  16  0.3105E-07
 8  2  16  16  0.3103E-07
 8  2  16  16  0.3108E-07
 8  2  16  16  0.3105E-07
 8  2  16  16  0.3108E-07
 8  2  16  16  0.3107E-07
 8  2  16  16  0.3107E-07
 8  2  16  16  0.3107E-07
 8  2  16  16  0.3110E-07
 8  2  17  16  0.3928E-07
 8  2  17  16  0.3912E-07
 8  2  17  16  0.3908E-07
 8  2  17  16  0.3913E-07
 8  2  17  16  0.3910E-07
 8  2  17  16  0.3908E-07
 8  2  17  16  0.3913E-07
 8  2  17  16  0.3909E-07
 8  2  17  16  0.3910E-07
 8  2  17  16  0.3910E-07
 8  2  18  16  0.3731E-07
 8  2  18  16  0.3723E-07
 8  2  18  16  0.3717E-07
 8  2  18  16  0.3721E-07
 8  2  18  16  0.3723E-07
 8  2  18  16  0.3723E-07
 8  2  18  16  0.3719E-07
 8  2  18  16  0.3722E-07
 8  2  18  16  0.3719E-07
 8  2  18  16  0.3725E-07
 8  2  19  16  0.4155E-07
 8  2  19  16  0.4151E-07
 8  2  19  16  0.4148E-07
 8  2  19  16  0.4148E-07
 8  2  19  16  0.4158E-07
 8  2  19  16  0.4165E-07
 8  2  19  16  0.4166E-07
 8  2  19  16  0.4163E-07
 8  2  19  16  0.4159E-07
 8  2  19  16  0.4160E-07
 8  2  20  16  0.3949E-07
 8  2  20  16  0.3946E-07
 8  2  20  16  0.3943E-07
 8  2  20  16  0.3939E-07
 8  2  20  16  0.3938E-07
 8  2  20  16  0.3935E-07
 8  2  20  16  0.3944E-07
 8  2  20  16  0.3958E-07
 8  2  20  16  0.3954E-07
 8  2  20  16  0.3947E-07
