 8  32  3  256  0.1337E-07
 8  32  3  256  0.1241E-07
 8  32  3  256  0.1237E-07
 8  32  3  256  0.1233E-07
 8  32  3  256  0.1228E-07
 8  32  3  256  0.1246E-07
 8  32  3  256  0.1237E-07
 8  32  3  256  0.1291E-07
 8  32  3  256  0.1242E-07
 8  32  3  256  0.1246E-07
 8  32  4  256  0.6770E-08
 8  32  4  256  0.6410E-08
 8  32  4  256  0.6376E-08
 8  32  4  256  0.6390E-08
 8  32  4  256  0.6361E-08
 8  32  4  256  0.6347E-08
 8  32  4  256  0.6344E-08
 8  32  4  256  0.6334E-08
 8  32  4  256  0.6323E-08
 8  32  4  256  0.6350E-08
 8  32  5  256  0.4862E-08
 8  32  5  256  0.4486E-08
 8  32  5  256  0.4505E-08
 8  32  5  256  0.4504E-08
 8  32  5  256  0.4503E-08
 8  32  5  256  0.4499E-08
 8  32  5  256  0.4532E-08
 8  32  5  256  0.4518E-08
 8  32  5  256  0.4510E-08
 8  32  5  256  0.4487E-08
 8  32  6  256  0.3450E-08
 8  32  6  256  0.3207E-08
 8  32  6  256  0.3205E-08
 8  32  6  256  0.3209E-08
 8  32  6  256  0.3196E-08
 8  32  6  256  0.3178E-08
 8  32  6  256  0.3198E-08
 8  32  6  256  0.3211E-08
 8  32  6  256  0.3203E-08
 8  32  6  256  0.3204E-08
 8  32  7  256  0.3031E-08
 8  32  7  256  0.3051E-08
 8  32  7  256  0.2740E-08
 8  32  7  256  0.2730E-08
 8  32  7  256  0.2745E-08
 8  32  7  256  0.2741E-08
 8  32  7  256  0.2768E-08
 8  32  7  256  0.2748E-08
 8  32  7  256  0.2791E-08
 8  32  7  256  0.2757E-08
 8  32  8  256  0.2343E-08
 8  32  8  256  0.2216E-08
 8  32  8  256  0.2217E-08
 8  32  8  256  0.2225E-08
 8  32  8  256  0.2235E-08
 8  32  8  256  0.2218E-08
 8  32  8  256  0.2200E-08
 8  32  8  256  0.2224E-08
 8  32  8  256  0.2204E-08
 8  32  8  256  0.2206E-08
 8  32  9  256  0.3031E-08
 8  32  9  256  0.2868E-08
 8  32  9  256  0.2880E-08
 8  32  9  256  0.2867E-08
 8  32  9  256  0.2867E-08
 8  32  9  256  0.2867E-08
 8  32  9  256  0.2879E-08
 8  32  9  256  0.2876E-08
 8  32  9  256  0.2886E-08
 8  32  9  256  0.2877E-08
 8  32  10  256  0.3313E-08
 8  32  10  256  0.3187E-08
 8  32  10  256  0.3190E-08
 8  32  10  256  0.3196E-08
 8  32  10  256  0.3185E-08
 8  32  10  256  0.3185E-08
 8  32  10  256  0.3184E-08
 8  32  10  256  0.3200E-08
 8  32  10  256  0.3183E-08
 8  32  10  256  0.3187E-08
 8  32  11  256  0.3136E-08
 8  32  11  256  0.3120E-08
 8  32  11  256  0.3110E-08
 8  32  11  256  0.3105E-08
 8  32  11  256  0.3101E-08
 8  32  11  256  0.3110E-08
 8  32  11  256  0.3109E-08
 8  32  11  256  0.3108E-08
 8  32  11  256  0.3100E-08
 8  32  11  256  0.3106E-08
 8  32  12  256  0.2858E-08
 8  32  12  256  0.2848E-08
 8  32  12  256  0.2854E-08
 8  32  12  256  0.2855E-08
 8  32  12  256  0.2854E-08
 8  32  12  256  0.2858E-08
 8  32  12  256  0.2850E-08
 8  32  12  256  0.2851E-08
 8  32  12  256  0.2846E-08
 8  32  12  256  0.2855E-08
 8  32  13  256  0.3007E-08
 8  32  13  256  0.2991E-08
 8  32  13  256  0.3013E-08
 8  32  13  256  0.3021E-08
 8  32  13  256  0.2992E-08
 8  32  13  256  0.2987E-08
 8  32  13  256  0.2997E-08
 8  32  13  256  0.2991E-08
 8  32  13  256  0.3114E-08
 8  32  13  256  0.2991E-08
 8  32  14  256  0.2727E-08
 8  32  14  256  0.2713E-08
 8  32  14  256  0.2712E-08
 8  32  14  256  0.2717E-08
 8  32  14  256  0.2716E-08
 8  32  14  256  0.2714E-08
 8  32  14  256  0.2714E-08
 8  32  14  256  0.2713E-08
 8  32  14  256  0.2714E-08
 8  32  14  256  0.2712E-08
 8  32  15  256  0.2915E-08
 8  32  15  256  0.2824E-08
 8  32  15  256  0.2825E-08
 8  32  15  256  0.2819E-08
 8  32  15  256  0.2826E-08
 8  32  15  256  0.2826E-08
 8  32  15  256  0.2822E-08
 8  32  15  256  0.2822E-08
 8  32  15  256  0.2823E-08
 8  32  15  256  0.2822E-08
 8  32  16  256  0.2678E-08
 8  32  16  256  0.2577E-08
 8  32  16  256  0.2575E-08
 8  32  16  256  0.2572E-08
 8  32  16  256  0.2574E-08
 8  32  16  256  0.2571E-08
 8  32  16  256  0.2578E-08
 8  32  16  256  0.2573E-08
 8  32  16  256  0.2571E-08
 8  32  16  256  0.2574E-08
 8  32  17  256  0.3183E-08
 8  32  17  256  0.3114E-08
 8  32  17  256  0.3148E-08
 8  32  17  256  0.3115E-08
 8  32  17  256  0.3109E-08
 8  32  17  256  0.3137E-08
 8  32  17  256  0.3116E-08
 8  32  17  256  0.3112E-08
 8  32  17  256  0.3117E-08
 8  32  17  256  0.3130E-08
 8  32  18  256  0.3017E-08
 8  32  18  256  0.3017E-08
 8  32  18  256  0.3010E-08
 8  32  18  256  0.3011E-08
 8  32  18  256  0.3011E-08
 8  32  18  256  0.3008E-08
 8  32  18  256  0.3008E-08
 8  32  18  256  0.3047E-08
 8  32  18  256  0.3009E-08
 8  32  18  256  0.3009E-08
 8  32  19  256  0.3292E-08
 8  32  19  256  0.3289E-08
 8  32  19  256  0.3346E-08
 8  32  19  256  0.3290E-08
 8  32  19  256  0.3280E-08
 8  32  19  256  0.3280E-08
 8  32  19  256  0.3281E-08
 8  32  19  256  0.3281E-08
 8  32  19  256  0.3283E-08
 8  32  19  256  0.3280E-08
 8  32  20  256  0.3112E-08
 8  32  20  256  0.3087E-08
 8  32  20  256  0.3095E-08
 8  32  20  256  0.3083E-08
 8  32  20  256  0.3084E-08
 8  32  20  256  0.3082E-08
 8  32  20  256  0.3084E-08
 8  32  20  256  0.3088E-08
 8  32  20  256  0.3087E-08
 8  32  20  256  0.3085E-08
