 8  4  3  32  0.1206E-06
 8  4  3  32  0.1213E-06
 8  4  3  32  0.1173E-06
 8  4  3  32  0.1158E-06
 8  4  3  32  0.1222E-06
 8  4  3  32  0.1216E-06
 8  4  3  32  0.1304E-06
 8  4  3  32  0.1147E-06
 8  4  3  32  0.1224E-06
 8  4  3  32  0.1198E-06
 8  4  4  32  0.6065E-07
 8  4  4  32  0.5920E-07
 8  4  4  32  0.5975E-07
 8  4  4  32  0.5961E-07
 8  4  4  32  0.5959E-07
 8  4  4  32  0.5908E-07
 8  4  4  32  0.6194E-07
 8  4  4  32  0.5972E-07
 8  4  4  32  0.5785E-07
 8  4  4  32  0.6094E-07
 8  4  5  32  0.4176E-07
 8  4  5  32  0.4060E-07
 8  4  5  32  0.3979E-07
 8  4  5  32  0.3981E-07
 8  4  5  32  0.3994E-07
 8  4  5  32  0.3968E-07
 8  4  5  32  0.3873E-07
 8  4  5  32  0.3887E-07
 8  4  5  32  0.3955E-07
 8  4  5  32  0.3955E-07
 8  4  6  32  0.3205E-07
 8  4  6  32  0.3099E-07
 8  4  6  32  0.3058E-07
 8  4  6  32  0.3102E-07
 8  4  6  32  0.3016E-07
 8  4  6  32  0.3039E-07
 8  4  6  32  0.3055E-07
 8  4  6  32  0.3044E-07
 8  4  6  32  0.3061E-07
 8  4  6  32  0.3059E-07
 8  4  7  32  0.2789E-07
 8  4  7  32  0.2675E-07
 8  4  7  32  0.2697E-07
 8  4  7  32  0.2671E-07
 8  4  7  32  0.2638E-07
 8  4  7  32  0.2645E-07
 8  4  7  32  0.2638E-07
 8  4  7  32  0.2676E-07
 8  4  7  32  0.2654E-07
 8  4  7  32  0.2644E-07
 8  4  8  32  0.2773E-07
 8  4  8  32  0.2740E-07
 8  4  8  32  0.2730E-07
 8  4  8  32  0.2733E-07
 8  4  8  32  0.2724E-07
 8  4  8  32  0.2730E-07
 8  4  8  32  0.2730E-07
 8  4  8  32  0.2733E-07
 8  4  8  32  0.2735E-07
 8  4  8  32  0.2736E-07
 8  4  9  32  0.2982E-07
 8  4  9  32  0.2963E-07
 8  4  9  32  0.2961E-07
 8  4  9  32  0.2960E-07
 8  4  9  32  0.2974E-07
 8  4  9  32  0.2970E-07
 8  4  9  32  0.2970E-07
 8  4  9  32  0.2972E-07
 8  4  9  32  0.2962E-07
 8  4  9  32  0.2964E-07
 8  4  10  32  0.2959E-07
 8  4  10  32  0.2958E-07
 8  4  10  32  0.2946E-07
 8  4  10  32  0.2952E-07
 8  4  10  32  0.2951E-07
 8  4  10  32  0.2951E-07
 8  4  10  32  0.2954E-07
 8  4  10  32  0.2948E-07
 8  4  10  32  0.2958E-07
 8  4  10  32  0.2958E-07
 8  4  11  32  0.2644E-07
 8  4  11  32  0.2628E-07
 8  4  11  32  0.2629E-07
 8  4  11  32  0.2627E-07
 8  4  11  32  0.2633E-07
 8  4  11  32  0.2629E-07
 8  4  11  32  0.2631E-07
 8  4  11  32  0.2631E-07
 8  4  11  32  0.2630E-07
 8  4  11  32  0.2634E-07
 8  4  12  32  0.2398E-07
 8  4  12  32  0.2394E-07
 8  4  12  32  0.2389E-07
 8  4  12  32  0.2389E-07
 8  4  12  32  0.2388E-07
 8  4  12  32  0.2386E-07
 8  4  12  32  0.2387E-07
 8  4  12  32  0.2388E-07
 8  4  12  32  0.2413E-07
 8  4  12  32  0.2407E-07
 8  4  13  32  0.2493E-07
 8  4  13  32  0.2482E-07
 8  4  13  32  0.2492E-07
 8  4  13  32  0.2497E-07
 8  4  13  32  0.2507E-07
 8  4  13  32  0.2506E-07
 8  4  13  32  0.2506E-07
 8  4  13  32  0.2505E-07
 8  4  13  32  0.2505E-07
 8  4  13  32  0.2507E-07
 8  4  14  32  0.2294E-07
 8  4  14  32  0.2281E-07
 8  4  14  32  0.2288E-07
 8  4  14  32  0.2290E-07
 8  4  14  32  0.2290E-07
 8  4  14  32  0.2288E-07
 8  4  14  32  0.2287E-07
 8  4  14  32  0.2288E-07
 8  4  14  32  0.2288E-07
 8  4  14  32  0.2288E-07
 8  4  15  32  0.2339E-07
 8  4  15  32  0.2334E-07
 8  4  15  32  0.2333E-07
 8  4  15  32  0.2329E-07
 8  4  15  32  0.2329E-07
 8  4  15  32  0.2331E-07
 8  4  15  32  0.2338E-07
 8  4  15  32  0.2337E-07
 8  4  15  32  0.2336E-07
 8  4  15  32  0.2328E-07
 8  4  16  32  0.2408E-07
 8  4  16  32  0.2392E-07
 8  4  16  32  0.2397E-07
 8  4  16  32  0.2391E-07
 8  4  16  32  0.2391E-07
 8  4  16  32  0.2390E-07
 8  4  16  32  0.2389E-07
 8  4  16  32  0.2391E-07
 8  4  16  32  0.2399E-07
 8  4  16  32  0.2396E-07
 8  4  17  32  0.2560E-07
 8  4  17  32  0.2552E-07
 8  4  17  32  0.2552E-07
 8  4  17  32  0.2552E-07
 8  4  17  32  0.2552E-07
 8  4  17  32  0.2552E-07
 8  4  17  32  0.2552E-07
 8  4  17  32  0.2551E-07
 8  4  17  32  0.2552E-07
 8  4  17  32  0.2554E-07
 8  4  18  32  0.2500E-07
 8  4  18  32  0.2501E-07
 8  4  18  32  0.2502E-07
 8  4  18  32  0.2501E-07
 8  4  18  32  0.2502E-07
 8  4  18  32  0.2500E-07
 8  4  18  32  0.2502E-07
 8  4  18  32  0.2504E-07
 8  4  18  32  0.2503E-07
 8  4  18  32  0.2503E-07
 8  4  19  32  0.2513E-07
 8  4  19  32  0.2507E-07
 8  4  19  32  0.2510E-07
 8  4  19  32  0.2508E-07
 8  4  19  32  0.2508E-07
 8  4  19  32  0.2508E-07
 8  4  19  32  0.2509E-07
 8  4  19  32  0.2509E-07
 8  4  19  32  0.2511E-07
 8  4  19  32  0.2511E-07
 8  4  20  32  0.2406E-07
 8  4  20  32  0.2401E-07
 8  4  20  32  0.2397E-07
 8  4  20  32  0.2395E-07
 8  4  20  32  0.2397E-07
 8  4  20  32  0.2393E-07
 8  4  20  32  0.2395E-07
 8  4  20  32  0.2394E-07
 8  4  20  32  0.2392E-07
 8  4  20  32  0.2394E-07
