 8  32  3  256  0.5782E-07
 8  32  3  256  0.1630E-07
 8  32  3  256  0.1448E-07
 8  32  3  256  0.1431E-07
 8  32  3  256  0.1312E-07
 8  32  3  256  0.1448E-07
 8  32  3  256  0.1302E-07
 8  32  3  256  0.1427E-07
 8  32  3  256  0.1389E-07
 8  32  3  256  0.1369E-07
 8  32  4  256  0.1843E-07
 8  32  4  256  0.6427E-08
 8  32  4  256  0.5860E-08
 8  32  4  256  0.6776E-08
 8  32  4  256  0.6185E-08
 8  32  4  256  0.6975E-08
 8  32  4  256  0.6510E-08
 8  32  4  256  0.6024E-08
 8  32  4  256  0.6694E-08
 8  32  4  256  0.6209E-08
 8  32  5  256  0.1340E-07
 8  32  5  256  0.6927E-08
 8  32  5  256  0.4781E-08
 8  32  5  256  0.5615E-08
 8  32  5  256  0.4813E-08
 8  32  5  256  0.7115E-08
 8  32  5  256  0.7249E-08
 8  32  5  256  0.7011E-08
 8  32  5  256  0.5074E-08
 8  32  5  256  0.5198E-08
 8  32  6  256  0.2774E-08
 8  32  6  256  0.2681E-08
 8  32  6  256  0.2690E-08
 8  32  6  256  0.2684E-08
 8  32  6  256  0.2675E-08
 8  32  6  256  0.2772E-08
 8  32  6  256  0.2663E-08
 8  32  6  256  0.2684E-08
 8  32  6  256  0.2716E-08
 8  32  6  256  0.2746E-08
 8  32  7  256  0.2753E-08
 8  32  7  256  0.2736E-08
 8  32  7  256  0.2751E-08
 8  32  7  256  0.2731E-08
 8  32  7  256  0.2739E-08
 8  32  7  256  0.2704E-08
 8  32  7  256  0.2686E-08
 8  32  7  256  0.2726E-08
 8  32  7  256  0.2720E-08
 8  32  7  256  0.2832E-08
 8  32  8  256  0.2377E-08
 8  32  8  256  0.2361E-08
 8  32  8  256  0.2362E-08
 8  32  8  256  0.2358E-08
 8  32  8  256  0.2365E-08
 8  32  8  256  0.2355E-08
 8  32  8  256  0.2363E-08
 8  32  8  256  0.2359E-08
 8  32  8  256  0.2378E-08
 8  32  8  256  0.2358E-08
 8  32  9  256  0.2633E-08
 8  32  9  256  0.2614E-08
 8  32  9  256  0.2634E-08
 8  32  9  256  0.2625E-08
 8  32  9  256  0.2609E-08
 8  32  9  256  0.2616E-08
 8  32  9  256  0.2622E-08
 8  32  9  256  0.2613E-08
 8  32  9  256  0.2618E-08
 8  32  9  256  0.2626E-08
 8  32  10  256  0.2649E-08
 8  32  10  256  0.2644E-08
 8  32  10  256  0.2642E-08
 8  32  10  256  0.2646E-08
 8  32  10  256  0.2647E-08
 8  32  10  256  0.2642E-08
 8  32  10  256  0.2643E-08
 8  32  10  256  0.2633E-08
 8  32  10  256  0.2647E-08
 8  32  10  256  0.2637E-08
 8  32  11  256  0.2534E-08
 8  32  11  256  0.2520E-08
 8  32  11  256  0.2520E-08
 8  32  11  256  0.2517E-08
 8  32  11  256  0.2515E-08
 8  32  11  256  0.2512E-08
 8  32  11  256  0.2515E-08
 8  32  11  256  0.2517E-08
 8  32  11  256  0.2517E-08
 8  32  11  256  0.2514E-08
 8  32  12  256  0.2456E-08
 8  32  12  256  0.2445E-08
 8  32  12  256  0.2433E-08
 8  32  12  256  0.2434E-08
 8  32  12  256  0.2435E-08
 8  32  12  256  0.2441E-08
 8  32  12  256  0.2437E-08
 8  32  12  256  0.2436E-08
 8  32  12  256  0.2452E-08
 8  32  12  256  0.2466E-08
 8  32  13  256  0.2582E-08
 8  32  13  256  0.2569E-08
 8  32  13  256  0.2572E-08
 8  32  13  256  0.2573E-08
 8  32  13  256  0.2575E-08
 8  32  13  256  0.2574E-08
 8  32  13  256  0.2568E-08
 8  32  13  256  0.2575E-08
 8  32  13  256  0.2561E-08
 8  32  13  256  0.2570E-08
 8  32  14  256  0.2321E-08
 8  32  14  256  0.2317E-08
 8  32  14  256  0.2318E-08
 8  32  14  256  0.2322E-08
 8  32  14  256  0.2319E-08
 8  32  14  256  0.2312E-08
 8  32  14  256  0.2317E-08
 8  32  14  256  0.2313E-08
 8  32  14  256  0.2318E-08
 8  32  14  256  0.2316E-08
 8  32  15  256  0.2532E-08
 8  32  15  256  0.2524E-08
 8  32  15  256  0.2525E-08
 8  32  15  256  0.2523E-08
 8  32  15  256  0.2524E-08
 8  32  15  256  0.2529E-08
 8  32  15  256  0.2526E-08
 8  32  15  256  0.2527E-08
 8  32  15  256  0.2527E-08
 8  32  15  256  0.2524E-08
 8  32  16  256  0.2538E-08
 8  32  16  256  0.2537E-08
 8  32  16  256  0.2549E-08
 8  32  16  256  0.2536E-08
 8  32  16  256  0.2531E-08
 8  32  16  256  0.2545E-08
 8  32  16  256  0.2544E-08
 8  32  16  256  0.2534E-08
 8  32  16  256  0.2537E-08
 8  32  16  256  0.2530E-08
 8  32  17  256  0.2928E-08
 8  32  17  256  0.2920E-08
 8  32  17  256  0.2918E-08
 8  32  17  256  0.2914E-08
 8  32  17  256  0.2917E-08
 8  32  17  256  0.2911E-08
 8  32  17  256  0.2907E-08
 8  32  17  256  0.2922E-08
 8  32  17  256  0.2911E-08
 8  32  17  256  0.2905E-08
 8  32  18  256  0.2652E-08
 8  32  18  256  0.2648E-08
 8  32  18  256  0.2647E-08
 8  32  18  256  0.2649E-08
 8  32  18  256  0.2649E-08
 8  32  18  256  0.2649E-08
 8  32  18  256  0.2650E-08
 8  32  18  256  0.2649E-08
 8  32  18  256  0.2648E-08
 8  32  18  256  0.2647E-08
 8  32  19  256  0.3001E-08
 8  32  19  256  0.2997E-08
 8  32  19  256  0.2992E-08
 8  32  19  256  0.3003E-08
 8  32  19  256  0.2997E-08
 8  32  19  256  0.3001E-08
 8  32  19  256  0.2996E-08
 8  32  19  256  0.2998E-08
 8  32  19  256  0.3006E-08
 8  32  19  256  0.2991E-08
 8  32  20  256  0.2881E-08
 8  32  20  256  0.2876E-08
 8  32  20  256  0.2878E-08
 8  32  20  256  0.2879E-08
 8  32  20  256  0.2881E-08
 8  32  20  256  0.2878E-08
 8  32  20  256  0.2895E-08
 8  32  20  256  0.2878E-08
 8  32  20  256  0.2876E-08
 8  32  20  256  0.2876E-08
