 8  32  3  256  0.4446E-07
 8  32  3  256  0.1196E-07
 8  32  3  256  0.1239E-07
 8  32  3  256  0.1321E-07
 8  32  3  256  0.1176E-07
 8  32  3  256  0.1268E-07
 8  32  3  256  0.1283E-07
 8  32  3  256  0.1152E-07
 8  32  3  256  0.1172E-07
 8  32  3  256  0.1066E-07
 8  32  4  256  0.1162E-07
 8  32  4  256  0.5840E-08
 8  32  4  256  0.5656E-08
 8  32  4  256  0.5675E-08
 8  32  4  256  0.5331E-08
 8  32  4  256  0.6369E-08
 8  32  4  256  0.5700E-08
 8  32  4  256  0.5840E-08
 8  32  4  256  0.5292E-08
 8  32  4  256  0.6694E-08
 8  32  5  256  0.1088E-07
 8  32  5  256  0.4334E-08
 8  32  5  256  0.5958E-08
 8  32  5  256  0.4647E-08
 8  32  5  256  0.4739E-08
 8  32  5  256  0.4438E-08
 8  32  5  256  0.4416E-08
 8  32  5  256  0.4259E-08
 8  32  5  256  0.5084E-08
 8  32  5  256  0.4356E-08
 8  32  6  256  0.2389E-08
 8  32  6  256  0.2319E-08
 8  32  6  256  0.2316E-08
 8  32  6  256  0.2369E-08
 8  32  6  256  0.2294E-08
 8  32  6  256  0.2299E-08
 8  32  6  256  0.2275E-08
 8  32  6  256  0.2292E-08
 8  32  6  256  0.2293E-08
 8  32  6  256  0.2271E-08
 8  32  7  256  0.2440E-08
 8  32  7  256  0.2442E-08
 8  32  7  256  0.2401E-08
 8  32  7  256  0.2424E-08
 8  32  7  256  0.2404E-08
 8  32  7  256  0.2410E-08
 8  32  7  256  0.2388E-08
 8  32  7  256  0.2398E-08
 8  32  7  256  0.2398E-08
 8  32  7  256  0.2419E-08
 8  32  8  256  0.2181E-08
 8  32  8  256  0.2165E-08
 8  32  8  256  0.2172E-08
 8  32  8  256  0.2170E-08
 8  32  8  256  0.2168E-08
 8  32  8  256  0.2165E-08
 8  32  8  256  0.2167E-08
 8  32  8  256  0.2164E-08
 8  32  8  256  0.2162E-08
 8  32  8  256  0.2168E-08
 8  32  9  256  0.2487E-08
 8  32  9  256  0.2473E-08
 8  32  9  256  0.2468E-08
 8  32  9  256  0.2465E-08
 8  32  9  256  0.2463E-08
 8  32  9  256  0.2471E-08
 8  32  9  256  0.2465E-08
 8  32  9  256  0.2467E-08
 8  32  9  256  0.2462E-08
 8  32  9  256  0.2463E-08
 8  32  10  256  0.2548E-08
 8  32  10  256  0.2533E-08
 8  32  10  256  0.2553E-08
 8  32  10  256  0.2561E-08
 8  32  10  256  0.2535E-08
 8  32  10  256  0.2535E-08
 8  32  10  256  0.2535E-08
 8  32  10  256  0.2533E-08
 8  32  10  256  0.2535E-08
 8  32  10  256  0.2532E-08
 8  32  11  256  0.2418E-08
 8  32  11  256  0.2403E-08
 8  32  11  256  0.2403E-08
 8  32  11  256  0.2406E-08
 8  32  11  256  0.2406E-08
 8  32  11  256  0.2408E-08
 8  32  11  256  0.2409E-08
 8  32  11  256  0.2410E-08
 8  32  11  256  0.2409E-08
 8  32  11  256  0.2404E-08
 8  32  12  256  0.2346E-08
 8  32  12  256  0.2344E-08
 8  32  12  256  0.2349E-08
 8  32  12  256  0.2356E-08
 8  32  12  256  0.2347E-08
 8  32  12  256  0.2343E-08
 8  32  12  256  0.2369E-08
 8  32  12  256  0.2365E-08
 8  32  12  256  0.2363E-08
 8  32  12  256  0.2350E-08
 8  32  13  256  0.2473E-08
 8  32  13  256  0.2479E-08
 8  32  13  256  0.2471E-08
 8  32  13  256  0.2469E-08
 8  32  13  256  0.2475E-08
 8  32  13  256  0.2465E-08
 8  32  13  256  0.2481E-08
 8  32  13  256  0.2465E-08
 8  32  13  256  0.2468E-08
 8  32  13  256  0.2468E-08
 8  32  14  256  0.2230E-08
 8  32  14  256  0.2225E-08
 8  32  14  256  0.2230E-08
 8  32  14  256  0.2219E-08
 8  32  14  256  0.2227E-08
 8  32  14  256  0.2229E-08
 8  32  14  256  0.2221E-08
 8  32  14  256  0.2219E-08
 8  32  14  256  0.2233E-08
 8  32  14  256  0.2227E-08
 8  32  15  256  0.2429E-08
 8  32  15  256  0.2424E-08
 8  32  15  256  0.2424E-08
 8  32  15  256  0.2430E-08
 8  32  15  256  0.2428E-08
 8  32  15  256  0.2429E-08
 8  32  15  256  0.2424E-08
 8  32  15  256  0.2425E-08
 8  32  15  256  0.2427E-08
 8  32  15  256  0.2429E-08
 8  32  16  256  0.2452E-08
 8  32  16  256  0.2453E-08
 8  32  16  256  0.2454E-08
 8  32  16  256  0.2453E-08
 8  32  16  256  0.2451E-08
 8  32  16  256  0.2454E-08
 8  32  16  256  0.2457E-08
 8  32  16  256  0.2452E-08
 8  32  16  256  0.2450E-08
 8  32  16  256  0.2447E-08
 8  32  17  256  0.2835E-08
 8  32  17  256  0.2830E-08
 8  32  17  256  0.2837E-08
 8  32  17  256  0.2837E-08
 8  32  17  256  0.2832E-08
 8  32  17  256  0.2829E-08
 8  32  17  256  0.2840E-08
 8  32  17  256  0.2832E-08
 8  32  17  256  0.2830E-08
 8  32  17  256  0.2829E-08
 8  32  18  256  0.2571E-08
 8  32  18  256  0.2570E-08
 8  32  18  256  0.2571E-08
 8  32  18  256  0.2569E-08
 8  32  18  256  0.2568E-08
 8  32  18  256  0.2567E-08
 8  32  18  256  0.2573E-08
 8  32  18  256  0.2571E-08
 8  32  18  256  0.2572E-08
 8  32  18  256  0.2571E-08
 8  32  19  256  0.2920E-08
 8  32  19  256  0.2912E-08
 8  32  19  256  0.2912E-08
 8  32  19  256  0.2923E-08
 8  32  19  256  0.2915E-08
 8  32  19  256  0.2923E-08
 8  32  19  256  0.2912E-08
 8  32  19  256  0.2908E-08
 8  32  19  256  0.2919E-08
 8  32  19  256  0.2908E-08
 8  32  20  256  0.2798E-08
 8  32  20  256  0.2797E-08
 8  32  20  256  0.2795E-08
 8  32  20  256  0.2797E-08
 8  32  20  256  0.2795E-08
 8  32  20  256  0.2796E-08
 8  32  20  256  0.2797E-08
 8  32  20  256  0.2797E-08
 8  32  20  256  0.2799E-08
 8  32  20  256  0.2797E-08
