 8  4  3  32  0.1289E-06
 8  4  3  32  0.8407E-07
 8  4  3  32  0.9106E-07
 8  4  3  32  0.8251E-07
 8  4  3  32  0.9953E-07
 8  4  3  32  0.8757E-07
 8  4  3  32  0.8674E-07
 8  4  3  32  0.8297E-07
 8  4  3  32  0.8334E-07
 8  4  3  32  0.9069E-07
 8  4  4  32  0.4963E-07
 8  4  4  32  0.3597E-07
 8  4  4  32  0.3908E-07
 8  4  4  32  0.4315E-07
 8  4  4  32  0.3578E-07
 8  4  4  32  0.3322E-07
 8  4  4  32  0.4428E-07
 8  4  4  32  0.3795E-07
 8  4  4  32  0.3337E-07
 8  4  4  32  0.4540E-07
 8  4  5  32  0.3717E-07
 8  4  5  32  0.3050E-07
 8  4  5  32  0.2825E-07
 8  4  5  32  0.2734E-07
 8  4  5  32  0.2625E-07
 8  4  5  32  0.2825E-07
 8  4  5  32  0.3024E-07
 8  4  5  32  0.3491E-07
 8  4  5  32  0.4025E-07
 8  4  5  32  0.2799E-07
 8  4  6  32  0.2705E-07
 8  4  6  32  0.2628E-07
 8  4  6  32  0.2266E-07
 8  4  6  32  0.2473E-07
 8  4  6  32  0.2142E-07
 8  4  6  32  0.2532E-07
 8  4  6  32  0.2252E-07
 8  4  6  32  0.2160E-07
 8  4  6  32  0.2354E-07
 8  4  6  32  0.2136E-07
 8  4  7  32  0.2542E-07
 8  4  7  32  0.2274E-07
 8  4  7  32  0.2293E-07
 8  4  7  32  0.2275E-07
 8  4  7  32  0.2266E-07
 8  4  7  32  0.2275E-07
 8  4  7  32  0.2484E-07
 8  4  7  32  0.2332E-07
 8  4  7  32  0.2183E-07
 8  4  7  32  0.2405E-07
 8  4  8  32  0.1460E-07
 8  4  8  32  0.1462E-07
 8  4  8  32  0.1455E-07
 8  4  8  32  0.1464E-07
 8  4  8  32  0.1455E-07
 8  4  8  32  0.1478E-07
 8  4  8  32  0.1465E-07
 8  4  8  32  0.1456E-07
 8  4  8  32  0.1478E-07
 8  4  8  32  0.1460E-07
 8  4  9  32  0.2476E-07
 8  4  9  32  0.2256E-07
 8  4  9  32  0.2329E-07
 8  4  9  32  0.2268E-07
 8  4  9  32  0.2282E-07
 8  4  9  32  0.2219E-07
 8  4  9  32  0.2325E-07
 8  4  9  32  0.2346E-07
 8  4  9  32  0.2213E-07
 8  4  9  32  0.2246E-07
 8  4  10  32  0.3265E-07
 8  4  10  32  0.3068E-07
 8  4  10  32  0.3011E-07
 8  4  10  32  0.3032E-07
 8  4  10  32  0.2991E-07
 8  4  10  32  0.3040E-07
 8  4  10  32  0.3037E-07
 8  4  10  32  0.2987E-07
 8  4  10  32  0.3011E-07
 8  4  10  32  0.3003E-07
 8  4  11  32  0.1722E-07
 8  4  11  32  0.1725E-07
 8  4  11  32  0.1729E-07
 8  4  11  32  0.1726E-07
 8  4  11  32  0.1723E-07
 8  4  11  32  0.1724E-07
 8  4  11  32  0.1723E-07
 8  4  11  32  0.1725E-07
 8  4  11  32  0.1726E-07
 8  4  11  32  0.1727E-07
 8  4  12  32  0.1574E-07
 8  4  12  32  0.1574E-07
 8  4  12  32  0.1582E-07
 8  4  12  32  0.1585E-07
 8  4  12  32  0.1586E-07
 8  4  12  32  0.1585E-07
 8  4  12  32  0.1586E-07
 8  4  12  32  0.1584E-07
 8  4  12  32  0.1581E-07
 8  4  12  32  0.1583E-07
 8  4  13  32  0.1708E-07
 8  4  13  32  0.1709E-07
 8  4  13  32  0.1708E-07
 8  4  13  32  0.1706E-07
 8  4  13  32  0.1706E-07
 8  4  13  32  0.1706E-07
 8  4  13  32  0.1707E-07
 8  4  13  32  0.1707E-07
 8  4  13  32  0.1706E-07
 8  4  13  32  0.1706E-07
 8  4  14  32  0.1526E-07
 8  4  14  32  0.1529E-07
 8  4  14  32  0.1529E-07
 8  4  14  32  0.1526E-07
 8  4  14  32  0.1529E-07
 8  4  14  32  0.1532E-07
 8  4  14  32  0.1534E-07
 8  4  14  32  0.1529E-07
 8  4  14  32  0.1533E-07
 8  4  14  32  0.1530E-07
 8  4  15  32  0.1680E-07
 8  4  15  32  0.1681E-07
 8  4  15  32  0.1687E-07
 8  4  15  32  0.1691E-07
 8  4  15  32  0.1695E-07
 8  4  15  32  0.1697E-07
 8  4  15  32  0.1692E-07
 8  4  15  32  0.1692E-07
 8  4  15  32  0.1692E-07
 8  4  15  32  0.1691E-07
 8  4  16  32  0.1556E-07
 8  4  16  32  0.1556E-07
 8  4  16  32  0.1557E-07
 8  4  16  32  0.1557E-07
 8  4  16  32  0.1558E-07
 8  4  16  32  0.1557E-07
 8  4  16  32  0.1556E-07
 8  4  16  32  0.1556E-07
 8  4  16  32  0.1558E-07
 8  4  16  32  0.1558E-07
 8  4  17  32  0.1954E-07
 8  4  17  32  0.1957E-07
 8  4  17  32  0.1958E-07
 8  4  17  32  0.1958E-07
 8  4  17  32  0.1957E-07
 8  4  17  32  0.1958E-07
 8  4  17  32  0.1958E-07
 8  4  17  32  0.1958E-07
 8  4  17  32  0.1957E-07
 8  4  17  32  0.1958E-07
 8  4  18  32  0.1857E-07
 8  4  18  32  0.1858E-07
 8  4  18  32  0.1859E-07
 8  4  18  32  0.1858E-07
 8  4  18  32  0.1856E-07
 8  4  18  32  0.1853E-07
 8  4  18  32  0.1854E-07
 8  4  18  32  0.1855E-07
 8  4  18  32  0.1854E-07
 8  4  18  32  0.1862E-07
 8  4  19  32  0.2087E-07
 8  4  19  32  0.2087E-07
 8  4  19  32  0.2087E-07
 8  4  19  32  0.2086E-07
 8  4  19  32  0.2085E-07
 8  4  19  32  0.2085E-07
 8  4  19  32  0.2086E-07
 8  4  19  32  0.2087E-07
 8  4  19  32  0.2086E-07
 8  4  19  32  0.2085E-07
 8  4  20  32  0.1976E-07
 8  4  20  32  0.1981E-07
 8  4  20  32  0.1976E-07
 8  4  20  32  0.1979E-07
 8  4  20  32  0.1978E-07
 8  4  20  32  0.1978E-07
 8  4  20  32  0.1975E-07
 8  4  20  32  0.1976E-07
 8  4  20  32  0.1977E-07
 8  4  20  32  0.1976E-07
