 8  1  3  8  0.2005E-06
 8  1  3  8  0.1729E-06
 8  1  3  8  0.1726E-06
 8  1  3  8  0.1715E-06
 8  1  3  8  0.2053E-06
 8  1  3  8  0.1726E-06
 8  1  3  8  0.1715E-06
 8  1  3  8  0.1711E-06
 8  1  3  8  0.1696E-06
 8  1  3  8  0.1696E-06
 8  1  4  8  0.1107E-06
 8  1  4  8  0.1184E-06
 8  1  4  8  0.1048E-06
 8  1  4  8  0.1015E-06
 8  1  4  8  0.1017E-06
 8  1  4  8  0.1009E-06
 8  1  4  8  0.1133E-06
 8  1  4  8  0.1003E-06
 8  1  4  8  0.1003E-06
 8  1  4  8  0.1023E-06
 8  1  5  8  0.9767E-07
 8  1  5  8  0.8702E-07
 8  1  5  8  0.8297E-07
 8  1  5  8  0.9004E-07
 8  1  5  8  0.8829E-07
 8  1  5  8  0.8432E-07
 8  1  5  8  0.8297E-07
 8  1  5  8  0.8535E-07
 8  1  5  8  0.8400E-07
 8  1  5  8  0.8337E-07
 8  1  6  8  0.7193E-07
 8  1  6  8  0.1001E-06
 8  1  6  8  0.6425E-07
 8  1  6  8  0.6577E-07
 8  1  6  8  0.6232E-07
 8  1  6  8  0.6788E-07
 8  1  6  8  0.6039E-07
 8  1  6  8  0.6075E-07
 8  1  6  8  0.6154E-07
 8  1  6  8  0.6080E-07
 8  1  7  8  0.6766E-07
 8  1  7  8  0.6803E-07
 8  1  7  8  0.6210E-07
 8  1  7  8  0.6731E-07
 8  1  7  8  0.6789E-07
 8  1  7  8  0.6195E-07
 8  1  7  8  0.6708E-07
 8  1  7  8  0.6766E-07
 8  1  7  8  0.6221E-07
 8  1  7  8  0.6754E-07
 8  1  8  8  0.6779E-07
 8  1  8  8  0.6560E-07
 8  1  8  8  0.6576E-07
 8  1  8  8  0.6558E-07
 8  1  8  8  0.6576E-07
 8  1  8  8  0.6624E-07
 8  1  8  8  0.6096E-07
 8  1  8  8  0.6160E-07
 8  1  8  8  0.6420E-07
 8  1  8  8  0.6486E-07
 8  1  9  8  0.7807E-07
 8  1  9  8  0.7367E-07
 8  1  9  8  0.7322E-07
 8  1  9  8  0.7413E-07
 8  1  9  8  0.7361E-07
 8  1  9  8  0.7619E-07
 8  1  9  8  0.7476E-07
 8  1  9  8  0.7515E-07
 8  1  9  8  0.7363E-07
 8  1  9  8  0.7241E-07
 8  1  10  8  0.1062E-06
 8  1  10  8  0.1018E-06
 8  1  10  8  0.1017E-06
 8  1  10  8  0.1039E-06
 8  1  10  8  0.1021E-06
 8  1  10  8  0.1027E-06
 8  1  10  8  0.1016E-06
 8  1  10  8  0.1017E-06
 8  1  10  8  0.1042E-06
 8  1  10  8  0.1015E-06
 8  1  11  8  0.9350E-07
 8  1  11  8  0.9163E-07
 8  1  11  8  0.9132E-07
 8  1  11  8  0.9076E-07
 8  1  11  8  0.9076E-07
 8  1  11  8  0.9106E-07
 8  1  11  8  0.9079E-07
 8  1  11  8  0.9075E-07
 8  1  11  8  0.9103E-07
 8  1  11  8  0.9056E-07
 8  1  12  8  0.7767E-07
 8  1  12  8  0.7666E-07
 8  1  12  8  0.7658E-07
 8  1  12  8  0.7617E-07
 8  1  12  8  0.7670E-07
 8  1  12  8  0.7641E-07
 8  1  12  8  0.7612E-07
 8  1  12  8  0.7668E-07
 8  1  12  8  0.7632E-07
 8  1  12  8  0.7617E-07
 8  1  13  8  0.7987E-07
 8  1  13  8  0.7984E-07
 8  1  13  8  0.7870E-07
 8  1  13  8  0.8019E-07
 8  1  13  8  0.7964E-07
 8  1  13  8  0.7889E-07
 8  1  13  8  0.7874E-07
 8  1  13  8  0.7931E-07
 8  1  13  8  0.7889E-07
 8  1  13  8  0.7873E-07
 8  1  14  8  0.7160E-07
 8  1  14  8  0.7098E-07
 8  1  14  8  0.7103E-07
 8  1  14  8  0.7141E-07
 8  1  14  8  0.7155E-07
 8  1  14  8  0.7061E-07
 8  1  14  8  0.7022E-07
 8  1  14  8  0.7106E-07
 8  1  14  8  0.7088E-07
 8  1  14  8  0.7141E-07
 8  1  15  8  0.7791E-07
 8  1  15  8  0.7739E-07
 8  1  15  8  0.7691E-07
 8  1  15  8  0.8064E-07
 8  1  15  8  0.7931E-07
 8  1  15  8  0.7772E-07
 8  1  15  8  0.7831E-07
 8  1  15  8  0.7767E-07
 8  1  15  8  0.7785E-07
 8  1  15  8  0.7752E-07
 8  1  16  8  0.8145E-07
 8  1  16  8  0.8026E-07
 8  1  16  8  0.8105E-07
 8  1  16  8  0.8098E-07
 8  1  16  8  0.8097E-07
 8  1  16  8  0.8093E-07
 8  1  16  8  0.8046E-07
 8  1  16  8  0.8081E-07
 8  1  16  8  0.8072E-07
 8  1  16  8  0.8104E-07
 8  1  17  8  0.9220E-07
 8  1  17  8  0.9174E-07
 8  1  17  8  0.9176E-07
 8  1  17  8  0.9189E-07
 8  1  17  8  0.9170E-07
 8  1  17  8  0.9173E-07
 8  1  17  8  0.9170E-07
 8  1  17  8  0.9170E-07
 8  1  17  8  0.9168E-07
 8  1  17  8  0.9184E-07
 8  1  18  8  0.9330E-07
 8  1  18  8  0.9299E-07
 8  1  18  8  0.9292E-07
 8  1  18  8  0.9311E-07
 8  1  18  8  0.9282E-07
 8  1  18  8  0.9344E-07
 8  1  18  8  0.9294E-07
 8  1  18  8  0.9297E-07
 8  1  18  8  0.9268E-07
 8  1  18  8  0.9321E-07
 8  1  19  8  0.7925E-07
 8  1  19  8  0.7919E-07
 8  1  19  8  0.7918E-07
 8  1  19  8  0.7927E-07
 8  1  19  8  0.7954E-07
 8  1  19  8  0.7958E-07
 8  1  19  8  0.7968E-07
 8  1  19  8  0.7961E-07
 8  1  19  8  0.7959E-07
 8  1  19  8  0.7950E-07
 8  1  20  8  0.7558E-07
 8  1  20  8  0.7557E-07
 8  1  20  8  0.7554E-07
 8  1  20  8  0.7554E-07
 8  1  20  8  0.7551E-07
 8  1  20  8  0.7558E-07
 8  1  20  8  0.7553E-07
 8  1  20  8  0.7555E-07
 8  1  20  8  0.7553E-07
 8  1  20  8  0.7553E-07
