 8  64  3  512  0.9222E-08
 8  64  3  512  0.8195E-08
 8  64  3  512  0.8172E-08
 8  64  3  512  0.8168E-08
 8  64  3  512  0.8113E-08
 8  64  3  512  0.8189E-08
 8  64  3  512  0.8177E-08
 8  64  3  512  0.8165E-08
 8  64  3  512  0.8131E-08
 8  64  3  512  0.8169E-08
 8  64  4  512  0.5092E-08
 8  64  4  512  0.4785E-08
 8  64  4  512  0.4753E-08
 8  64  4  512  0.4767E-08
 8  64  4  512  0.4719E-08
 8  64  4  512  0.4734E-08
 8  64  4  512  0.4689E-08
 8  64  4  512  0.4678E-08
 8  64  4  512  0.4688E-08
 8  64  4  512  0.4681E-08
 8  64  5  512  0.5022E-08
 8  64  5  512  0.4797E-08
 8  64  5  512  0.4822E-08
 8  64  5  512  0.4807E-08
 8  64  5  512  0.4794E-08
 8  64  5  512  0.4826E-08
 8  64  5  512  0.4815E-08
 8  64  5  512  0.4824E-08
 8  64  5  512  0.4819E-08
 8  64  5  512  0.4833E-08
 8  64  6  512  0.3551E-08
 8  64  6  512  0.3400E-08
 8  64  6  512  0.3410E-08
 8  64  6  512  0.3408E-08
 8  64  6  512  0.3402E-08
 8  64  6  512  0.3408E-08
 8  64  6  512  0.3425E-08
 8  64  6  512  0.3444E-08
 8  64  6  512  0.3417E-08
 8  64  6  512  0.3404E-08
 8  64  7  512  0.3729E-08
 8  64  7  512  0.3439E-08
 8  64  7  512  0.3237E-08
 8  64  7  512  0.3236E-08
 8  64  7  512  0.3228E-08
 8  64  7  512  0.3226E-08
 8  64  7  512  0.3226E-08
 8  64  7  512  0.3230E-08
 8  64  7  512  0.3235E-08
 8  64  7  512  0.3233E-08
 8  64  8  512  0.2813E-08
 8  64  8  512  0.2753E-08
 8  64  8  512  0.2761E-08
 8  64  8  512  0.2758E-08
 8  64  8  512  0.2755E-08
 8  64  8  512  0.2753E-08
 8  64  8  512  0.2758E-08
 8  64  8  512  0.2753E-08
 8  64  8  512  0.2754E-08
 8  64  8  512  0.2751E-08
 8  64  9  512  0.2604E-08
 8  64  9  512  0.2562E-08
 8  64  9  512  0.2552E-08
 8  64  9  512  0.2563E-08
 8  64  9  512  0.2568E-08
 8  64  9  512  0.2565E-08
 8  64  9  512  0.2555E-08
 8  64  9  512  0.2546E-08
 8  64  9  512  0.2544E-08
 8  64  9  512  0.2545E-08
 8  64  10  512  0.2568E-08
 8  64  10  512  0.2542E-08
 8  64  10  512  0.2541E-08
 8  64  10  512  0.2538E-08
 8  64  10  512  0.2537E-08
 8  64  10  512  0.2537E-08
 8  64  10  512  0.2532E-08
 8  64  10  512  0.2537E-08
 8  64  10  512  0.2537E-08
 8  64  10  512  0.2534E-08
 8  64  11  512  0.2313E-08
 8  64  11  512  0.2287E-08
 8  64  11  512  0.2298E-08
 8  64  11  512  0.2304E-08
 8  64  11  512  0.2291E-08
 8  64  11  512  0.2284E-08
 8  64  11  512  0.2283E-08
 8  64  11  512  0.2284E-08
 8  64  11  512  0.2283E-08
 8  64  11  512  0.2301E-08
 8  64  12  512  0.2194E-08
 8  64  12  512  0.2166E-08
 8  64  12  512  0.2168E-08
 8  64  12  512  0.2163E-08
 8  64  12  512  0.2163E-08
 8  64  12  512  0.2172E-08
 8  64  12  512  0.2179E-08
 8  64  12  512  0.2167E-08
 8  64  12  512  0.2165E-08
 8  64  12  512  0.2162E-08
 8  64  13  512  0.2279E-08
 8  64  13  512  0.2251E-08
 8  64  13  512  0.2249E-08
 8  64  13  512  0.2245E-08
 8  64  13  512  0.2247E-08
 8  64  13  512  0.2252E-08
 8  64  13  512  0.2249E-08
 8  64  13  512  0.2247E-08
 8  64  13  512  0.2250E-08
 8  64  13  512  0.2250E-08
 8  64  14  512  0.2056E-08
 8  64  14  512  0.2018E-08
 8  64  14  512  0.2021E-08
 8  64  14  512  0.2018E-08
 8  64  14  512  0.2009E-08
 8  64  14  512  0.2008E-08
 8  64  14  512  0.2021E-08
 8  64  14  512  0.2017E-08
 8  64  14  512  0.2007E-08
 8  64  14  512  0.2009E-08
 8  64  15  512  0.2142E-08
 8  64  15  512  0.2098E-08
 8  64  15  512  0.2095E-08
 8  64  15  512  0.2106E-08
 8  64  15  512  0.2096E-08
 8  64  15  512  0.2094E-08
 8  64  15  512  0.2096E-08
 8  64  15  512  0.2105E-08
 8  64  15  512  0.2101E-08
 8  64  15  512  0.2096E-08
 8  64  16  512  0.2280E-08
 8  64  16  512  0.2239E-08
 8  64  16  512  0.2237E-08
 8  64  16  512  0.2241E-08
 8  64  16  512  0.2240E-08
 8  64  16  512  0.2240E-08
 8  64  16  512  0.2244E-08
 8  64  16  512  0.2239E-08
 8  64  16  512  0.2239E-08
 8  64  16  512  0.2241E-08
 8  64  17  512  0.2311E-08
 8  64  17  512  0.2263E-08
 8  64  17  512  0.2268E-08
 8  64  17  512  0.2264E-08
 8  64  17  512  0.2272E-08
 8  64  17  512  0.2263E-08
 8  64  17  512  0.2265E-08
 8  64  17  512  0.2266E-08
 8  64  17  512  0.2262E-08
 8  64  17  512  0.2274E-08
 8  64  18  512  0.2285E-08
 8  64  18  512  0.2253E-08
 8  64  18  512  0.2255E-08
 8  64  18  512  0.2251E-08
 8  64  18  512  0.2255E-08
 8  64  18  512  0.2248E-08
 8  64  18  512  0.2258E-08
 8  64  18  512  0.2251E-08
 8  64  18  512  0.2247E-08
 8  64  18  512  0.2248E-08
 8  64  19  512  0.2253E-08
 8  64  19  512  0.2215E-08
 8  64  19  512  0.2221E-08
 8  64  19  512  0.2221E-08
 8  64  19  512  0.2219E-08
 8  64  19  512  0.2219E-08
 8  64  19  512  0.2217E-08
 8  64  19  512  0.2325E-08
 8  64  19  512  0.2216E-08
 8  64  19  512  0.2222E-08
 8  64  20  512  0.2271E-08
 8  64  20  512  0.2240E-08
 8  64  20  512  0.2244E-08
 8  64  20  512  0.2240E-08
 8  64  20  512  0.2243E-08
 8  64  20  512  0.2236E-08
 8  64  20  512  0.2243E-08
 8  64  20  512  0.2241E-08
 8  64  20  512  0.2244E-08
 8  64  20  512  0.2248E-08
