 8  2  3  16  0.1698E-06
 8  2  3  16  0.1027E-06
 8  2  3  16  0.8867E-07
 8  2  3  16  0.9805E-07
 8  2  3  16  0.7487E-07
 8  2  3  16  0.1512E-06
 8  2  3  16  0.9879E-07
 8  2  3  16  0.9014E-07
 8  2  3  16  0.8959E-07
 8  2  3  16  0.1174E-06
 8  2  4  16  0.7024E-07
 8  2  4  16  0.6931E-07
 8  2  4  16  0.5433E-07
 8  2  4  16  0.6869E-07
 8  2  4  16  0.5169E-07
 8  2  4  16  0.7226E-07
 8  2  4  16  0.6442E-07
 8  2  4  16  0.6869E-07
 8  2  4  16  0.5115E-07
 8  2  4  16  0.6830E-07
 8  2  5  16  0.6350E-07
 8  2  5  16  0.5182E-07
 8  2  5  16  0.5964E-07
 8  2  5  16  0.5380E-07
 8  2  5  16  0.4685E-07
 8  2  5  16  0.5400E-07
 8  2  5  16  0.6000E-07
 8  2  5  16  0.5619E-07
 8  2  5  16  0.5635E-07
 8  2  5  16  0.5619E-07
 8  2  6  16  0.4601E-07
 8  2  6  16  0.4155E-07
 8  2  6  16  0.3654E-07
 8  2  6  16  0.4302E-07
 8  2  6  16  0.4091E-07
 8  2  6  16  0.4031E-07
 8  2  6  16  0.3445E-07
 8  2  6  16  0.4263E-07
 8  2  6  16  0.3606E-07
 8  2  6  16  0.3847E-07
 8  2  7  16  0.4136E-07
 8  2  7  16  0.3869E-07
 8  2  7  16  0.3797E-07
 8  2  7  16  0.3948E-07
 8  2  7  16  0.3657E-07
 8  2  7  16  0.3935E-07
 8  2  7  16  0.3936E-07
 8  2  7  16  0.3851E-07
 8  2  7  16  0.3790E-07
 8  2  7  16  0.3740E-07
 8  2  8  16  0.4163E-07
 8  2  8  16  0.3988E-07
 8  2  8  16  0.3996E-07
 8  2  8  16  0.3898E-07
 8  2  8  16  0.3723E-07
 8  2  8  16  0.3988E-07
 8  2  8  16  0.3946E-07
 8  2  8  16  0.3968E-07
 8  2  8  16  0.3886E-07
 8  2  8  16  0.3842E-07
 8  2  9  16  0.4221E-07
 8  2  9  16  0.3938E-07
 8  2  9  16  0.4032E-07
 8  2  9  16  0.4024E-07
 8  2  9  16  0.3812E-07
 8  2  9  16  0.3987E-07
 8  2  9  16  0.3749E-07
 8  2  9  16  0.3978E-07
 8  2  9  16  0.3769E-07
 8  2  9  16  0.3884E-07
 8  2  10  16  0.5625E-07
 8  2  10  16  0.5293E-07
 8  2  10  16  0.5321E-07
 8  2  10  16  0.5377E-07
 8  2  10  16  0.5398E-07
 8  2  10  16  0.5292E-07
 8  2  10  16  0.5456E-07
 8  2  10  16  0.5360E-07
 8  2  10  16  0.5369E-07
 8  2  10  16  0.5333E-07
 8  2  11  16  0.3078E-07
 8  2  11  16  0.3092E-07
 8  2  11  16  0.3196E-07
 8  2  11  16  0.4722E-07
 8  2  11  16  0.4760E-07
 8  2  11  16  0.4978E-07
 8  2  11  16  0.4736E-07
 8  2  11  16  0.4724E-07
 8  2  11  16  0.4724E-07
 8  2  11  16  0.4760E-07
 8  2  12  16  0.2831E-07
 8  2  12  16  0.2842E-07
 8  2  12  16  0.2833E-07
 8  2  12  16  0.2836E-07
 8  2  12  16  0.2837E-07
 8  2  12  16  0.2840E-07
 8  2  12  16  0.2831E-07
 8  2  12  16  0.3871E-07
 8  2  12  16  0.3915E-07
 8  2  12  16  0.3857E-07
 8  2  13  16  0.3128E-07
 8  2  13  16  0.3124E-07
 8  2  13  16  0.3136E-07
 8  2  13  16  0.3122E-07
 8  2  13  16  0.3126E-07
 8  2  13  16  0.3124E-07
 8  2  13  16  0.3120E-07
 8  2  13  16  0.3123E-07
 8  2  13  16  0.3122E-07
 8  2  13  16  0.3120E-07
 8  2  14  16  0.2780E-07
 8  2  14  16  0.2774E-07
 8  2  14  16  0.2776E-07
 8  2  14  16  0.2777E-07
 8  2  14  16  0.2773E-07
 8  2  14  16  0.2779E-07
 8  2  14  16  0.2780E-07
 8  2  14  16  0.2776E-07
 8  2  14  16  0.2778E-07
 8  2  14  16  0.2772E-07
 8  2  15  16  0.3101E-07
 8  2  15  16  0.3097E-07
 8  2  15  16  0.3098E-07
 8  2  15  16  0.3105E-07
 8  2  15  16  0.3109E-07
 8  2  15  16  0.3112E-07
 8  2  15  16  0.3102E-07
 8  2  15  16  0.3110E-07
 8  2  15  16  0.3110E-07
 8  2  15  16  0.3104E-07
 8  2  16  16  0.2900E-07
 8  2  16  16  0.2898E-07
 8  2  16  16  0.2900E-07
 8  2  16  16  0.2895E-07
 8  2  16  16  0.2890E-07
 8  2  16  16  0.2891E-07
 8  2  16  16  0.2901E-07
 8  2  16  16  0.2907E-07
 8  2  16  16  0.2905E-07
 8  2  16  16  0.2900E-07
 8  2  17  16  0.3707E-07
 8  2  17  16  0.3704E-07
 8  2  17  16  0.3706E-07
 8  2  17  16  0.3704E-07
 8  2  17  16  0.3704E-07
 8  2  17  16  0.3711E-07
 8  2  17  16  0.3717E-07
 8  2  17  16  0.3713E-07
 8  2  17  16  0.3714E-07
 8  2  17  16  0.3712E-07
 8  2  18  16  0.3545E-07
 8  2  18  16  0.3557E-07
 8  2  18  16  0.3538E-07
 8  2  18  16  0.3532E-07
 8  2  18  16  0.3534E-07
 8  2  18  16  0.3532E-07
 8  2  18  16  0.3532E-07
 8  2  18  16  0.3550E-07
 8  2  18  16  0.3552E-07
 8  2  18  16  0.3549E-07
 8  2  19  16  0.3975E-07
 8  2  19  16  0.3975E-07
 8  2  19  16  0.3972E-07
 8  2  19  16  0.3971E-07
 8  2  19  16  0.3984E-07
 8  2  19  16  0.3995E-07
 8  2  19  16  0.3990E-07
 8  2  19  16  0.3980E-07
 8  2  19  16  0.3978E-07
 8  2  19  16  0.3979E-07
 8  2  20  16  0.3780E-07
 8  2  20  16  0.3783E-07
 8  2  20  16  0.3793E-07
 8  2  20  16  0.3790E-07
 8  2  20  16  0.3790E-07
 8  2  20  16  0.3785E-07
 8  2  20  16  0.3789E-07
 8  2  20  16  0.3785E-07
 8  2  20  16  0.3787E-07
 8  2  20  16  0.3786E-07
