 8  8  3  64  0.4256E-07
 8  8  3  64  0.3702E-07
 8  8  3  64  0.4205E-07
 8  8  3  64  0.3779E-07
 8  8  3  64  0.4392E-07
 8  8  3  64  0.4372E-07
 8  8  3  64  0.4792E-07
 8  8  3  64  0.4153E-07
 8  8  3  64  0.4294E-07
 8  8  3  64  0.3723E-07
 8  8  4  64  0.3231E-07
 8  8  4  64  0.1962E-07
 8  8  4  64  0.2010E-07
 8  8  4  64  0.2344E-07
 8  8  4  64  0.1768E-07
 8  8  4  64  0.2466E-07
 8  8  4  64  0.3231E-07
 8  8  4  64  0.1962E-07
 8  8  4  64  0.2782E-07
 8  8  4  64  0.2489E-07
 8  8  5  64  0.3171E-07
 8  8  5  64  0.2471E-07
 8  8  5  64  0.1912E-07
 8  8  5  64  0.1958E-07
 8  8  5  64  0.1633E-07
 8  8  5  64  0.2066E-07
 8  8  5  64  0.1654E-07
 8  8  5  64  0.2046E-07
 8  8  5  64  0.1863E-07
 8  8  5  64  0.1950E-07
 8  8  6  64  0.9974E-08
 8  8  6  64  0.1018E-07
 8  8  6  64  0.1014E-07
 8  8  6  64  0.9910E-08
 8  8  6  64  0.9949E-08
 8  8  6  64  0.9708E-08
 8  8  6  64  0.9733E-08
 8  8  6  64  0.9974E-08
 8  8  6  64  0.9867E-08
 8  8  6  64  0.9802E-08
 8  8  7  64  0.1722E-07
 8  8  7  64  0.1313E-07
 8  8  7  64  0.1263E-07
 8  8  7  64  0.1242E-07
 8  8  7  64  0.1280E-07
 8  8  7  64  0.1315E-07
 8  8  7  64  0.1241E-07
 8  8  7  64  0.1165E-07
 8  8  7  64  0.1210E-07
 8  8  7  64  0.1162E-07
 8  8  8  64  0.8371E-08
 8  8  8  64  0.8378E-08
 8  8  8  64  0.8557E-08
 8  8  8  64  0.8382E-08
 8  8  8  64  0.8441E-08
 8  8  8  64  0.8493E-08
 8  8  8  64  0.8350E-08
 8  8  8  64  0.8447E-08
 8  8  8  64  0.8351E-08
 8  8  8  64  0.8356E-08
 8  8  9  64  0.9176E-08
 8  8  9  64  0.9103E-08
 8  8  9  64  0.9141E-08
 8  8  9  64  0.9120E-08
 8  8  9  64  0.9130E-08
 8  8  9  64  0.9361E-08
 8  8  9  64  0.9278E-08
 8  8  9  64  0.9364E-08
 8  8  9  64  0.9297E-08
 8  8  9  64  0.9340E-08
 8  8  10  64  0.9540E-08
 8  8  10  64  0.9509E-08
 8  8  10  64  0.9517E-08
 8  8  10  64  0.9497E-08
 8  8  10  64  0.9522E-08
 8  8  10  64  0.9502E-08
 8  8  10  64  0.9538E-08
 8  8  10  64  0.9492E-08
 8  8  10  64  0.9528E-08
 8  8  10  64  0.9525E-08
 8  8  11  64  0.9102E-08
 8  8  11  64  0.9069E-08
 8  8  11  64  0.9065E-08
 8  8  11  64  0.9079E-08
 8  8  11  64  0.9077E-08
 8  8  11  64  0.9072E-08
 8  8  11  64  0.9077E-08
 8  8  11  64  0.9078E-08
 8  8  11  64  0.9085E-08
 8  8  11  64  0.9095E-08
 8  8  12  64  0.8320E-08
 8  8  12  64  0.8313E-08
 8  8  12  64  0.8325E-08
 8  8  12  64  0.8322E-08
 8  8  12  64  0.8326E-08
 8  8  12  64  0.8311E-08
 8  8  12  64  0.8309E-08
 8  8  12  64  0.8314E-08
 8  8  12  64  0.8309E-08
 8  8  12  64  0.8303E-08
 8  8  13  64  0.8861E-08
 8  8  13  64  0.8867E-08
 8  8  13  64  0.8876E-08
 8  8  13  64  0.8898E-08
 8  8  13  64  0.8900E-08
 8  8  13  64  0.8893E-08
 8  8  13  64  0.8896E-08
 8  8  13  64  0.8889E-08
 8  8  13  64  0.8891E-08
 8  8  13  64  0.8889E-08
 8  8  14  64  0.7885E-08
 8  8  14  64  0.7901E-08
 8  8  14  64  0.7898E-08
 8  8  14  64  0.7894E-08
 8  8  14  64  0.7872E-08
 8  8  14  64  0.7883E-08
 8  8  14  64  0.7865E-08
 8  8  14  64  0.7883E-08
 8  8  14  64  0.7878E-08
 8  8  14  64  0.7866E-08
 8  8  15  64  0.8721E-08
 8  8  15  64  0.8719E-08
 8  8  15  64  0.8722E-08
 8  8  15  64  0.8743E-08
 8  8  15  64  0.8716E-08
 8  8  15  64  0.8714E-08
 8  8  15  64  0.8728E-08
 8  8  15  64  0.8732E-08
 8  8  15  64  0.8726E-08
 8  8  15  64  0.8732E-08
 8  8  16  64  0.8099E-08
 8  8  16  64  0.8093E-08
 8  8  16  64  0.8105E-08
 8  8  16  64  0.8089E-08
 8  8  16  64  0.8095E-08
 8  8  16  64  0.8081E-08
 8  8  16  64  0.8087E-08
 8  8  16  64  0.8087E-08
 8  8  16  64  0.8095E-08
 8  8  16  64  0.8086E-08
 8  8  17  64  0.1009E-07
 8  8  17  64  0.1009E-07
 8  8  17  64  0.1008E-07
 8  8  17  64  0.1009E-07
 8  8  17  64  0.1008E-07
 8  8  17  64  0.1009E-07
 8  8  17  64  0.1008E-07
 8  8  17  64  0.1007E-07
 8  8  17  64  0.1008E-07
 8  8  17  64  0.1009E-07
 8  8  18  64  0.9479E-08
 8  8  18  64  0.9476E-08
 8  8  18  64  0.9479E-08
 8  8  18  64  0.9482E-08
 8  8  18  64  0.9471E-08
 8  8  18  64  0.9469E-08
 8  8  18  64  0.9470E-08
 8  8  18  64  0.9468E-08
 8  8  18  64  0.9468E-08
 8  8  18  64  0.9471E-08
 8  8  19  64  0.1067E-07
 8  8  19  64  0.1067E-07
 8  8  19  64  0.1067E-07
 8  8  19  64  0.1067E-07
 8  8  19  64  0.1066E-07
 8  8  19  64  0.1064E-07
 8  8  19  64  0.1065E-07
 8  8  19  64  0.1065E-07
 8  8  19  64  0.1065E-07
 8  8  19  64  0.1065E-07
 8  8  20  64  0.1012E-07
 8  8  20  64  0.1012E-07
 8  8  20  64  0.1012E-07
 8  8  20  64  0.1011E-07
 8  8  20  64  0.1012E-07
 8  8  20  64  0.1011E-07
 8  8  20  64  0.1012E-07
 8  8  20  64  0.1011E-07
 8  8  20  64  0.1011E-07
 8  8  20  64  0.1012E-07
