 8  2  3  16  0.1744E-06
 8  2  3  16  0.1096E-06
 8  2  3  16  0.9033E-07
 8  2  3  16  0.8794E-07
 8  2  3  16  0.8867E-07
 8  2  3  16  0.1089E-06
 8  2  3  16  0.1343E-06
 8  2  3  16  0.1164E-06
 8  2  3  16  0.1080E-06
 8  2  3  16  0.1080E-06
 8  2  4  16  0.7000E-07
 8  2  4  16  0.5891E-07
 8  2  4  16  0.7326E-07
 8  2  4  16  0.6023E-07
 8  2  4  16  0.6023E-07
 8  2  4  16  0.7458E-07
 8  2  4  16  0.7226E-07
 8  2  4  16  0.6023E-07
 8  2  4  16  0.5208E-07
 8  2  4  16  0.6349E-07
 8  2  5  16  0.7550E-07
 8  2  5  16  0.6501E-07
 8  2  5  16  0.5881E-07
 8  2  5  16  0.7168E-07
 8  2  5  16  0.5535E-07
 8  2  5  16  0.7602E-07
 8  2  5  16  0.6151E-07
 8  2  5  16  0.6652E-07
 8  2  5  16  0.5885E-07
 8  2  5  16  0.5317E-07
 8  2  6  16  0.4783E-07
 8  2  6  16  0.3907E-07
 8  2  6  16  0.3744E-07
 8  2  6  16  0.3895E-07
 8  2  6  16  0.4351E-07
 8  2  6  16  0.4022E-07
 8  2  6  16  0.4119E-07
 8  2  6  16  0.3741E-07
 8  2  6  16  0.4167E-07
 8  2  6  16  0.4130E-07
 8  2  7  16  0.4373E-07
 8  2  7  16  0.4349E-07
 8  2  7  16  0.4871E-07
 8  2  7  16  0.4271E-07
 8  2  7  16  0.4307E-07
 8  2  7  16  0.4136E-07
 8  2  7  16  0.4124E-07
 8  2  7  16  0.4366E-07
 8  2  7  16  0.4229E-07
 8  2  7  16  0.4324E-07
 8  2  8  16  0.5057E-07
 8  2  8  16  0.4822E-07
 8  2  8  16  0.4434E-07
 8  2  8  16  0.4410E-07
 8  2  8  16  0.4374E-07
 8  2  8  16  0.4424E-07
 8  2  8  16  0.4378E-07
 8  2  8  16  0.4395E-07
 8  2  8  16  0.4410E-07
 8  2  8  16  0.4521E-07
 8  2  9  16  0.4601E-07
 8  2  9  16  0.4269E-07
 8  2  9  16  0.4107E-07
 8  2  9  16  0.4226E-07
 8  2  9  16  0.4135E-07
 8  2  9  16  0.4173E-07
 8  2  9  16  0.4255E-07
 8  2  9  16  0.4178E-07
 8  2  9  16  0.4267E-07
 8  2  9  16  0.4115E-07
 8  2  10  16  0.5840E-07
 8  2  10  16  0.5704E-07
 8  2  10  16  0.5785E-07
 8  2  10  16  0.5688E-07
 8  2  10  16  0.5781E-07
 8  2  10  16  0.5773E-07
 8  2  10  16  0.5619E-07
 8  2  10  16  0.5662E-07
 8  2  10  16  0.5802E-07
 8  2  10  16  0.5848E-07
 8  2  11  16  0.5413E-07
 8  2  11  16  0.5073E-07
 8  2  11  16  0.5087E-07
 8  2  11  16  0.5004E-07
 8  2  11  16  0.5126E-07
 8  2  11  16  0.5040E-07
 8  2  11  16  0.4963E-07
 8  2  11  16  0.5137E-07
 8  2  11  16  0.5004E-07
 8  2  11  16  0.5013E-07
 8  2  12  16  0.4235E-07
 8  2  12  16  0.4096E-07
 8  2  12  16  0.4163E-07
 8  2  12  16  0.4099E-07
 8  2  12  16  0.4194E-07
 8  2  12  16  0.4156E-07
 8  2  12  16  0.4104E-07
 8  2  12  16  0.4174E-07
 8  2  12  16  0.4127E-07
 8  2  12  16  0.4192E-07
 8  2  13  16  0.3358E-07
 8  2  13  16  0.3362E-07
 8  2  13  16  0.3359E-07
 8  2  13  16  0.3366E-07
 8  2  13  16  0.3363E-07
 8  2  13  16  0.3364E-07
 8  2  13  16  0.3375E-07
 8  2  13  16  0.3394E-07
 8  2  13  16  0.3392E-07
 8  2  13  16  0.3375E-07
 8  2  14  16  0.2981E-07
 8  2  14  16  0.2977E-07
 8  2  14  16  0.2979E-07
 8  2  14  16  0.2977E-07
 8  2  14  16  0.2986E-07
 8  2  14  16  0.2976E-07
 8  2  14  16  0.2977E-07
 8  2  14  16  0.2980E-07
 8  2  14  16  0.2974E-07
 8  2  14  16  0.2984E-07
 8  2  15  16  0.3372E-07
 8  2  15  16  0.3387E-07
 8  2  15  16  0.3381E-07
 8  2  15  16  0.3379E-07
 8  2  15  16  0.3376E-07
 8  2  15  16  0.3387E-07
 8  2  15  16  0.3374E-07
 8  2  15  16  0.3379E-07
 8  2  15  16  0.3374E-07
 8  2  15  16  0.3380E-07
 8  2  16  16  0.3101E-07
 8  2  16  16  0.3100E-07
 8  2  16  16  0.3108E-07
 8  2  16  16  0.3120E-07
 8  2  16  16  0.3120E-07
 8  2  16  16  0.3118E-07
 8  2  16  16  0.3117E-07
 8  2  16  16  0.3117E-07
 8  2  16  16  0.3116E-07
 8  2  16  16  0.3124E-07
 8  2  17  16  0.3921E-07
 8  2  17  16  0.3915E-07
 8  2  17  16  0.3930E-07
 8  2  17  16  0.3942E-07
 8  2  17  16  0.3943E-07
 8  2  17  16  0.3941E-07
 8  2  17  16  0.3940E-07
 8  2  17  16  0.3939E-07
 8  2  17  16  0.3931E-07
 8  2  17  16  0.3925E-07
 8  2  18  16  0.3716E-07
 8  2  18  16  0.3724E-07
 8  2  18  16  0.3721E-07
 8  2  18  16  0.3718E-07
 8  2  18  16  0.3722E-07
 8  2  18  16  0.3719E-07
 8  2  18  16  0.3719E-07
 8  2  18  16  0.3718E-07
 8  2  18  16  0.3726E-07
 8  2  18  16  0.3726E-07
 8  2  19  16  0.4181E-07
 8  2  19  16  0.4176E-07
 8  2  19  16  0.4174E-07
 8  2  19  16  0.4178E-07
 8  2  19  16  0.4182E-07
 8  2  19  16  0.4180E-07
 8  2  19  16  0.4183E-07
 8  2  19  16  0.4182E-07
 8  2  19  16  0.4182E-07
 8  2  19  16  0.4188E-07
 8  2  20  16  0.3966E-07
 8  2  20  16  0.3961E-07
 8  2  20  16  0.3959E-07
 8  2  20  16  0.3959E-07
 8  2  20  16  0.3961E-07
 8  2  20  16  0.3965E-07
 8  2  20  16  0.3973E-07
 8  2  20  16  0.3969E-07
 8  2  20  16  0.3969E-07
 8  2  20  16  0.3965E-07
