 8  4  3  32  0.1257E-06
 8  4  3  32  0.1150E-06
 8  4  3  32  0.8674E-07
 8  4  3  32  0.9336E-07
 8  4  3  32  0.9419E-07
 8  4  3  32  0.8876E-07
 8  4  3  32  0.9456E-07
 8  4  3  32  0.8830E-07
 8  4  3  32  0.1007E-06
 8  4  3  32  0.8564E-07
 8  4  4  32  0.4963E-07
 8  4  4  32  0.3842E-07
 8  4  4  32  0.3648E-07
 8  4  4  32  0.4641E-07
 8  4  4  32  0.3745E-07
 8  4  4  32  0.3597E-07
 8  4  4  32  0.4800E-07
 8  4  4  32  0.3547E-07
 8  4  4  32  0.3613E-07
 8  4  4  32  0.4168E-07
 8  4  5  32  0.4526E-07
 8  4  5  32  0.3242E-07
 8  4  5  32  0.2958E-07
 8  4  5  32  0.2809E-07
 8  4  5  32  0.2650E-07
 8  4  5  32  0.2807E-07
 8  4  5  32  0.2784E-07
 8  4  5  32  0.2907E-07
 8  4  5  32  0.2849E-07
 8  4  5  32  0.3334E-07
 8  4  6  32  0.2840E-07
 8  4  6  32  0.2431E-07
 8  4  6  32  0.2450E-07
 8  4  6  32  0.2397E-07
 8  4  6  32  0.2257E-07
 8  4  6  32  0.2808E-07
 8  4  6  32  0.2580E-07
 8  4  6  32  0.2561E-07
 8  4  6  32  0.2328E-07
 8  4  6  32  0.2295E-07
 8  4  7  32  0.2909E-07
 8  4  7  32  0.2572E-07
 8  4  7  32  0.2324E-07
 8  4  7  32  0.2368E-07
 8  4  7  32  0.2372E-07
 8  4  7  32  0.2508E-07
 8  4  7  32  0.2609E-07
 8  4  7  32  0.2360E-07
 8  4  7  32  0.2271E-07
 8  4  7  32  0.2405E-07
 8  4  8  32  0.1527E-07
 8  4  8  32  0.1543E-07
 8  4  8  32  0.1521E-07
 8  4  8  32  0.1527E-07
 8  4  8  32  0.1521E-07
 8  4  8  32  0.1527E-07
 8  4  8  32  0.1514E-07
 8  4  8  32  0.1514E-07
 8  4  8  32  0.1532E-07
 8  4  8  32  0.1514E-07
 8  4  9  32  0.2598E-07
 8  4  9  32  0.2445E-07
 8  4  9  32  0.2327E-07
 8  4  9  32  0.2288E-07
 8  4  9  32  0.2376E-07
 8  4  9  32  0.2342E-07
 8  4  9  32  0.2479E-07
 8  4  9  32  0.2323E-07
 8  4  9  32  0.2269E-07
 8  4  9  32  0.2311E-07
 8  4  10  32  0.3334E-07
 8  4  10  32  0.3142E-07
 8  4  10  32  0.3156E-07
 8  4  10  32  0.3060E-07
 8  4  10  32  0.3154E-07
 8  4  10  32  0.3047E-07
 8  4  10  32  0.3088E-07
 8  4  10  32  0.3152E-07
 8  4  10  32  0.3066E-07
 8  4  10  32  0.3076E-07
 8  4  11  32  0.1777E-07
 8  4  11  32  0.1785E-07
 8  4  11  32  0.1779E-07
 8  4  11  32  0.1780E-07
 8  4  11  32  0.1781E-07
 8  4  11  32  0.1779E-07
 8  4  11  32  0.1785E-07
 8  4  11  32  0.1780E-07
 8  4  11  32  0.1781E-07
 8  4  11  32  0.1787E-07
 8  4  12  32  0.1630E-07
 8  4  12  32  0.1631E-07
 8  4  12  32  0.1630E-07
 8  4  12  32  0.1627E-07
 8  4  12  32  0.1628E-07
 8  4  12  32  0.1633E-07
 8  4  12  32  0.1628E-07
 8  4  12  32  0.1629E-07
 8  4  12  32  0.1630E-07
 8  4  12  32  0.1631E-07
 8  4  13  32  0.1750E-07
 8  4  13  32  0.1747E-07
 8  4  13  32  0.1750E-07
 8  4  13  32  0.1748E-07
 8  4  13  32  0.1753E-07
 8  4  13  32  0.1747E-07
 8  4  13  32  0.1749E-07
 8  4  13  32  0.1745E-07
 8  4  13  32  0.1749E-07
 8  4  13  32  0.1750E-07
 8  4  14  32  0.1585E-07
 8  4  14  32  0.1583E-07
 8  4  14  32  0.1580E-07
 8  4  14  32  0.1583E-07
 8  4  14  32  0.1581E-07
 8  4  14  32  0.1583E-07
 8  4  14  32  0.1583E-07
 8  4  14  32  0.1581E-07
 8  4  14  32  0.1584E-07
 8  4  14  32  0.1581E-07
 8  4  15  32  0.1738E-07
 8  4  15  32  0.1737E-07
 8  4  15  32  0.1740E-07
 8  4  15  32  0.1739E-07
 8  4  15  32  0.1737E-07
 8  4  15  32  0.1738E-07
 8  4  15  32  0.1739E-07
 8  4  15  32  0.1738E-07
 8  4  15  32  0.1737E-07
 8  4  15  32  0.1741E-07
 8  4  16  32  0.1595E-07
 8  4  16  32  0.1595E-07
 8  4  16  32  0.1593E-07
 8  4  16  32  0.1593E-07
 8  4  16  32  0.1592E-07
 8  4  16  32  0.1597E-07
 8  4  16  32  0.1597E-07
 8  4  16  32  0.1599E-07
 8  4  16  32  0.1597E-07
 8  4  16  32  0.1596E-07
 8  4  17  32  0.1994E-07
 8  4  17  32  0.1993E-07
 8  4  17  32  0.1994E-07
 8  4  17  32  0.1994E-07
 8  4  17  32  0.1995E-07
 8  4  17  32  0.1995E-07
 8  4  17  32  0.1996E-07
 8  4  17  32  0.1995E-07
 8  4  17  32  0.1996E-07
 8  4  17  32  0.1995E-07
 8  4  18  32  0.1890E-07
 8  4  18  32  0.1890E-07
 8  4  18  32  0.1894E-07
 8  4  18  32  0.1890E-07
 8  4  18  32  0.1890E-07
 8  4  18  32  0.1894E-07
 8  4  18  32  0.1888E-07
 8  4  18  32  0.1887E-07
 8  4  18  32  0.1888E-07
 8  4  18  32  0.1891E-07
 8  4  19  32  0.2122E-07
 8  4  19  32  0.2124E-07
 8  4  19  32  0.2118E-07
 8  4  19  32  0.2122E-07
 8  4  19  32  0.2122E-07
 8  4  19  32  0.2126E-07
 8  4  19  32  0.2129E-07
 8  4  19  32  0.2123E-07
 8  4  19  32  0.2124E-07
 8  4  19  32  0.2122E-07
 8  4  20  32  0.2010E-07
 8  4  20  32  0.2011E-07
 8  4  20  32  0.2011E-07
 8  4  20  32  0.2013E-07
 8  4  20  32  0.2014E-07
 8  4  20  32  0.2014E-07
 8  4  20  32  0.2015E-07
 8  4  20  32  0.2014E-07
 8  4  20  32  0.2013E-07
 8  4  20  32  0.2011E-07
