 8  16  3  128  0.2036E-07
 8  16  3  128  0.1890E-07
 8  16  3  128  0.1891E-07
 8  16  3  128  0.1916E-07
 8  16  3  128  0.1906E-07
 8  16  3  128  0.1899E-07
 8  16  3  128  0.1892E-07
 8  16  3  128  0.1893E-07
 8  16  3  128  0.1902E-07
 8  16  3  128  0.1893E-07
 8  16  4  128  0.1079E-07
 8  16  4  128  0.1032E-07
 8  16  4  128  0.1031E-07
 8  16  4  128  0.1029E-07
 8  16  4  128  0.1026E-07
 8  16  4  128  0.1029E-07
 8  16  4  128  0.1022E-07
 8  16  4  128  0.1030E-07
 8  16  4  128  0.1030E-07
 8  16  4  128  0.1028E-07
 8  16  5  128  0.7871E-08
 8  16  5  128  0.7168E-08
 8  16  5  128  0.7110E-08
 8  16  5  128  0.7146E-08
 8  16  5  128  0.7148E-08
 8  16  5  128  0.7103E-08
 8  16  5  128  0.7137E-08
 8  16  5  128  0.7122E-08
 8  16  5  128  0.7109E-08
 8  16  5  128  0.7459E-08
 8  16  6  128  0.5712E-08
 8  16  6  128  0.5311E-08
 8  16  6  128  0.5291E-08
 8  16  6  128  0.5314E-08
 8  16  6  128  0.5293E-08
 8  16  6  128  0.5314E-08
 8  16  6  128  0.5307E-08
 8  16  6  128  0.5338E-08
 8  16  6  128  0.5310E-08
 8  16  6  128  0.5320E-08
 8  16  7  128  0.4861E-08
 8  16  7  128  0.4706E-08
 8  16  7  128  0.4656E-08
 8  16  7  128  0.4720E-08
 8  16  7  128  0.4664E-08
 8  16  7  128  0.4686E-08
 8  16  7  128  0.4678E-08
 8  16  7  128  0.4658E-08
 8  16  7  128  0.4672E-08
 8  16  7  128  0.4645E-08
 8  16  8  128  0.4631E-08
 8  16  8  128  0.4340E-08
 8  16  8  128  0.4324E-08
 8  16  8  128  0.4333E-08
 8  16  8  128  0.4340E-08
 8  16  8  128  0.4345E-08
 8  16  8  128  0.4330E-08
 8  16  8  128  0.4341E-08
 8  16  8  128  0.4316E-08
 8  16  8  128  0.4344E-08
 8  16  9  128  0.5636E-08
 8  16  9  128  0.5600E-08
 8  16  9  128  0.5565E-08
 8  16  9  128  0.5662E-08
 8  16  9  128  0.5566E-08
 8  16  9  128  0.5574E-08
 8  16  9  128  0.5690E-08
 8  16  9  128  0.5613E-08
 8  16  9  128  0.5570E-08
 8  16  9  128  0.5562E-08
 8  16  10  128  0.5899E-08
 8  16  10  128  0.5868E-08
 8  16  10  128  0.5857E-08
 8  16  10  128  0.5859E-08
 8  16  10  128  0.5867E-08
 8  16  10  128  0.5858E-08
 8  16  10  128  0.5859E-08
 8  16  10  128  0.5857E-08
 8  16  10  128  0.5860E-08
 8  16  10  128  0.5855E-08
 8  16  11  128  0.5864E-08
 8  16  11  128  0.5808E-08
 8  16  11  128  0.5812E-08
 8  16  11  128  0.5828E-08
 8  16  11  128  0.5803E-08
 8  16  11  128  0.5796E-08
 8  16  11  128  0.5795E-08
 8  16  11  128  0.5797E-08
 8  16  11  128  0.5805E-08
 8  16  11  128  0.5801E-08
 8  16  12  128  0.5391E-08
 8  16  12  128  0.5338E-08
 8  16  12  128  0.5345E-08
 8  16  12  128  0.5343E-08
 8  16  12  128  0.5350E-08
 8  16  12  128  0.5345E-08
 8  16  12  128  0.5358E-08
 8  16  12  128  0.5359E-08
 8  16  12  128  0.5349E-08
 8  16  12  128  0.5345E-08
 8  16  13  128  0.5736E-08
 8  16  13  128  0.5709E-08
 8  16  13  128  0.5715E-08
 8  16  13  128  0.5753E-08
 8  16  13  128  0.5755E-08
 8  16  13  128  0.5749E-08
 8  16  13  128  0.5757E-08
 8  16  13  128  0.5748E-08
 8  16  13  128  0.5756E-08
 8  16  13  128  0.5752E-08
 8  16  14  128  0.5170E-08
 8  16  14  128  0.5152E-08
 8  16  14  128  0.5147E-08
 8  16  14  128  0.5157E-08
 8  16  14  128  0.5137E-08
 8  16  14  128  0.5137E-08
 8  16  14  128  0.5168E-08
 8  16  14  128  0.5178E-08
 8  16  14  128  0.5137E-08
 8  16  14  128  0.5147E-08
 8  16  15  128  0.5349E-08
 8  16  15  128  0.5330E-08
 8  16  15  128  0.5333E-08
 8  16  15  128  0.5320E-08
 8  16  15  128  0.5323E-08
 8  16  15  128  0.5321E-08
 8  16  15  128  0.5329E-08
 8  16  15  128  0.5328E-08
 8  16  15  128  0.5343E-08
 8  16  15  128  0.5357E-08
 8  16  16  128  0.5157E-08
 8  16  16  128  0.5035E-08
 8  16  16  128  0.5037E-08
 8  16  16  128  0.5030E-08
 8  16  16  128  0.5035E-08
 8  16  16  128  0.5034E-08
 8  16  16  128  0.5036E-08
 8  16  16  128  0.5034E-08
 8  16  16  128  0.5037E-08
 8  16  16  128  0.5029E-08
 8  16  17  128  0.6213E-08
 8  16  17  128  0.6152E-08
 8  16  17  128  0.6148E-08
 8  16  17  128  0.6158E-08
 8  16  17  128  0.6144E-08
 8  16  17  128  0.6145E-08
 8  16  17  128  0.6151E-08
 8  16  17  128  0.6156E-08
 8  16  17  128  0.6158E-08
 8  16  17  128  0.6147E-08
 8  16  18  128  0.5883E-08
 8  16  18  128  0.5744E-08
 8  16  18  128  0.5743E-08
 8  16  18  128  0.5750E-08
 8  16  18  128  0.5744E-08
 8  16  18  128  0.5742E-08
 8  16  18  128  0.5749E-08
 8  16  18  128  0.5747E-08
 8  16  18  128  0.5744E-08
 8  16  18  128  0.5750E-08
 8  16  19  128  0.6211E-08
 8  16  19  128  0.6149E-08
 8  16  19  128  0.6144E-08
 8  16  19  128  0.6143E-08
 8  16  19  128  0.6146E-08
 8  16  19  128  0.6139E-08
 8  16  19  128  0.6145E-08
 8  16  19  128  0.6139E-08
 8  16  19  128  0.6143E-08
 8  16  19  128  0.6145E-08
 8  16  20  128  0.5932E-08
 8  16  20  128  0.5868E-08
 8  16  20  128  0.5860E-08
 8  16  20  128  0.5863E-08
 8  16  20  128  0.5865E-08
 8  16  20  128  0.5872E-08
 8  16  20  128  0.5868E-08
 8  16  20  128  0.5866E-08
 8  16  20  128  0.5863E-08
 8  16  20  128  0.5867E-08
