 8  64  3  512  0.5401E-07
 8  64  3  512  0.5858E-08
 8  64  3  512  0.6537E-08
 8  64  3  512  0.5979E-08
 8  64  3  512  0.5404E-08
 8  64  3  512  0.5059E-08
 8  64  3  512  0.6341E-08
 8  64  3  512  0.5254E-08
 8  64  3  512  0.5277E-08
 8  64  3  512  0.7209E-08
 8  64  4  512  0.2571E-07
 8  64  4  512  0.3725E-08
 8  64  4  512  0.4050E-08
 8  64  4  512  0.3602E-08
 8  64  4  512  0.3723E-08
 8  64  4  512  0.3296E-08
 8  64  4  512  0.3175E-08
 8  64  4  512  0.4162E-08
 8  64  4  512  0.3449E-08
 8  64  4  512  0.3713E-08
 8  64  5  512  0.1952E-07
 8  64  5  512  0.3323E-08
 8  64  5  512  0.3198E-08
 8  64  5  512  0.4042E-08
 8  64  5  512  0.4041E-08
 8  64  5  512  0.3843E-08
 8  64  5  512  0.3385E-08
 8  64  5  512  0.3162E-08
 8  64  5  512  0.3703E-08
 8  64  5  512  0.3563E-08
 8  64  6  512  0.1120E-08
 8  64  6  512  0.1046E-08
 8  64  6  512  0.1039E-08
 8  64  6  512  0.1036E-08
 8  64  6  512  0.1041E-08
 8  64  6  512  0.1030E-08
 8  64  6  512  0.1043E-08
 8  64  6  512  0.1031E-08
 8  64  6  512  0.1053E-08
 8  64  6  512  0.1038E-08
 8  64  7  512  0.1259E-08
 8  64  7  512  0.1203E-08
 8  64  7  512  0.1216E-08
 8  64  7  512  0.1212E-08
 8  64  7  512  0.1211E-08
 8  64  7  512  0.1212E-08
 8  64  7  512  0.1208E-08
 8  64  7  512  0.1212E-08
 8  64  7  512  0.1211E-08
 8  64  7  512  0.1207E-08
 8  64  8  512  0.1195E-08
 8  64  8  512  0.1152E-08
 8  64  8  512  0.1157E-08
 8  64  8  512  0.1144E-08
 8  64  8  512  0.1190E-08
 8  64  8  512  0.1146E-08
 8  64  8  512  0.1148E-08
 8  64  8  512  0.1145E-08
 8  64  8  512  0.1151E-08
 8  64  8  512  0.1150E-08
 8  64  9  512  0.1312E-08
 8  64  9  512  0.1302E-08
 8  64  9  512  0.1283E-08
 8  64  9  512  0.1292E-08
 8  64  9  512  0.1297E-08
 8  64  9  512  0.1287E-08
 8  64  9  512  0.1290E-08
 8  64  9  512  0.1292E-08
 8  64  9  512  0.1312E-08
 8  64  9  512  0.1322E-08
 8  64  10  512  0.1435E-08
 8  64  10  512  0.1411E-08
 8  64  10  512  0.1403E-08
 8  64  10  512  0.1414E-08
 8  64  10  512  0.1402E-08
 8  64  10  512  0.1421E-08
 8  64  10  512  0.1405E-08
 8  64  10  512  0.1401E-08
 8  64  10  512  0.1401E-08
 8  64  10  512  0.1399E-08
 8  64  11  512  0.1354E-08
 8  64  11  512  0.1338E-08
 8  64  11  512  0.1344E-08
 8  64  11  512  0.1338E-08
 8  64  11  512  0.1345E-08
 8  64  11  512  0.1350E-08
 8  64  11  512  0.1358E-08
 8  64  11  512  0.1351E-08
 8  64  11  512  0.1349E-08
 8  64  11  512  0.1346E-08
 8  64  12  512  0.1344E-08
 8  64  12  512  0.1332E-08
 8  64  12  512  0.1325E-08
 8  64  12  512  0.1323E-08
 8  64  12  512  0.1312E-08
 8  64  12  512  0.1317E-08
 8  64  12  512  0.1316E-08
 8  64  12  512  0.1332E-08
 8  64  12  512  0.1316E-08
 8  64  12  512  0.1312E-08
 8  64  13  512  0.1425E-08
 8  64  13  512  0.1415E-08
 8  64  13  512  0.1409E-08
 8  64  13  512  0.1406E-08
 8  64  13  512  0.1403E-08
 8  64  13  512  0.1397E-08
 8  64  13  512  0.1404E-08
 8  64  13  512  0.1401E-08
 8  64  13  512  0.1407E-08
 8  64  13  512  0.1418E-08
 8  64  14  512  0.1288E-08
 8  64  14  512  0.1293E-08
 8  64  14  512  0.1290E-08
 8  64  14  512  0.1305E-08
 8  64  14  512  0.1295E-08
 8  64  14  512  0.1302E-08
 8  64  14  512  0.1297E-08
 8  64  14  512  0.1287E-08
 8  64  14  512  0.1293E-08
 8  64  14  512  0.1292E-08
 8  64  15  512  0.1385E-08
 8  64  15  512  0.1382E-08
 8  64  15  512  0.1386E-08
 8  64  15  512  0.1389E-08
 8  64  15  512  0.1391E-08
 8  64  15  512  0.1389E-08
 8  64  15  512  0.1384E-08
 8  64  15  512  0.1378E-08
 8  64  15  512  0.1387E-08
 8  64  15  512  0.1393E-08
 8  64  16  512  0.1546E-08
 8  64  16  512  0.1542E-08
 8  64  16  512  0.1536E-08
 8  64  16  512  0.1537E-08
 8  64  16  512  0.1534E-08
 8  64  16  512  0.1538E-08
 8  64  16  512  0.1536E-08
 8  64  16  512  0.1540E-08
 8  64  16  512  0.1539E-08
 8  64  16  512  0.1538E-08
 8  64  17  512  0.1833E-08
 8  64  17  512  0.1789E-08
 8  64  17  512  0.1749E-08
 8  64  17  512  0.1752E-08
 8  64  17  512  0.1751E-08
 8  64  17  512  0.1750E-08
 8  64  17  512  0.1757E-08
 8  64  17  512  0.1755E-08
 8  64  17  512  0.1749E-08
 8  64  17  512  0.1749E-08
 8  64  18  512  0.1601E-08
 8  64  18  512  0.1604E-08
 8  64  18  512  0.1600E-08
 8  64  18  512  0.1595E-08
 8  64  18  512  0.1599E-08
 8  64  18  512  0.1596E-08
 8  64  18  512  0.1716E-08
 8  64  18  512  0.1598E-08
 8  64  18  512  0.1598E-08
 8  64  18  512  0.1605E-08
 8  64  19  512  0.1794E-08
 8  64  19  512  0.1789E-08
 8  64  19  512  0.1793E-08
 8  64  19  512  0.1789E-08
 8  64  19  512  0.1791E-08
 8  64  19  512  0.1795E-08
 8  64  19  512  0.1792E-08
 8  64  19  512  0.1792E-08
 8  64  19  512  0.1791E-08
 8  64  19  512  0.1787E-08
 8  64  20  512  0.1703E-08
 8  64  20  512  0.1700E-08
 8  64  20  512  0.1701E-08
 8  64  20  512  0.1697E-08
 8  64  20  512  0.1702E-08
 8  64  20  512  0.1705E-08
 8  64  20  512  0.1697E-08
 8  64  20  512  0.1696E-08
 8  64  20  512  0.1701E-08
 8  64  20  512  0.1702E-08
