 8  1  3  8  0.2484E-06
 8  1  3  8  0.1821E-06
 8  1  3  8  0.1788E-06
 8  1  3  8  0.1744E-06
 8  1  3  8  0.1744E-06
 8  1  3  8  0.1744E-06
 8  1  3  8  0.2178E-06
 8  1  3  8  0.1818E-06
 8  1  3  8  0.1759E-06
 8  1  3  8  0.1744E-06
 8  1  4  8  0.1153E-06
 8  1  4  8  0.1172E-06
 8  1  4  8  0.1035E-06
 8  1  4  8  0.1021E-06
 8  1  4  8  0.1023E-06
 8  1  4  8  0.1009E-06
 8  1  4  8  0.1054E-06
 8  1  4  8  0.1042E-06
 8  1  4  8  0.1035E-06
 8  1  4  8  0.1043E-06
 8  1  5  8  0.1087E-06
 8  1  5  8  0.8535E-07
 8  1  5  8  0.8464E-07
 8  1  5  8  0.8734E-07
 8  1  5  8  0.8464E-07
 8  1  5  8  0.8432E-07
 8  1  5  8  0.9537E-07
 8  1  5  8  0.8464E-07
 8  1  5  8  0.8361E-07
 8  1  5  8  0.9267E-07
 8  1  6  8  0.7947E-07
 8  1  6  8  0.6365E-07
 8  1  6  8  0.6232E-07
 8  1  6  8  0.6384E-07
 8  1  6  8  0.6250E-07
 8  1  6  8  0.7391E-07
 8  1  6  8  0.6213E-07
 8  1  6  8  0.6908E-07
 8  1  6  8  0.6287E-07
 8  1  6  8  0.6250E-07
 8  1  7  8  0.6887E-07
 8  1  7  8  0.6485E-07
 8  1  7  8  0.6922E-07
 8  1  7  8  0.6241E-07
 8  1  7  8  0.6450E-07
 8  1  7  8  0.6936E-07
 8  1  7  8  0.6256E-07
 8  1  7  8  0.6803E-07
 8  1  7  8  0.6902E-07
 8  1  7  8  0.6294E-07
 8  1  8  8  0.6975E-07
 8  1  8  8  0.6550E-07
 8  1  8  8  0.6667E-07
 8  1  8  8  0.6713E-07
 8  1  8  8  0.6634E-07
 8  1  8  8  0.6657E-07
 8  1  8  8  0.6698E-07
 8  1  8  8  0.6673E-07
 8  1  8  8  0.6624E-07
 8  1  8  8  0.6624E-07
 8  1  9  8  0.7842E-07
 8  1  9  8  0.7368E-07
 8  1  9  8  0.7470E-07
 8  1  9  8  0.7453E-07
 8  1  9  8  0.7607E-07
 8  1  9  8  0.7499E-07
 8  1  9  8  0.7682E-07
 8  1  9  8  0.7397E-07
 8  1  9  8  0.7568E-07
 8  1  9  8  0.7397E-07
 8  1  10  8  0.1057E-06
 8  1  10  8  0.1023E-06
 8  1  10  8  0.1028E-06
 8  1  10  8  0.1032E-06
 8  1  10  8  0.1023E-06
 8  1  10  8  0.1035E-06
 8  1  10  8  0.1048E-06
 8  1  10  8  0.1023E-06
 8  1  10  8  0.1030E-06
 8  1  10  8  0.1023E-06
 8  1  11  8  0.9307E-07
 8  1  11  8  0.9157E-07
 8  1  11  8  0.9247E-07
 8  1  11  8  0.9254E-07
 8  1  11  8  0.9156E-07
 8  1  11  8  0.9166E-07
 8  1  11  8  0.9138E-07
 8  1  11  8  0.9147E-07
 8  1  11  8  0.9163E-07
 8  1  11  8  0.9144E-07
 8  1  12  8  0.7926E-07
 8  1  12  8  0.7697E-07
 8  1  12  8  0.7813E-07
 8  1  12  8  0.7711E-07
 8  1  12  8  0.7658E-07
 8  1  12  8  0.7752E-07
 8  1  12  8  0.7731E-07
 8  1  12  8  0.7677E-07
 8  1  12  8  0.7677E-07
 8  1  12  8  0.7702E-07
 8  1  13  8  0.8146E-07
 8  1  13  8  0.7950E-07
 8  1  13  8  0.7912E-07
 8  1  13  8  0.7964E-07
 8  1  13  8  0.7958E-07
 8  1  13  8  0.7952E-07
 8  1  13  8  0.7945E-07
 8  1  13  8  0.7952E-07
 8  1  13  8  0.8020E-07
 8  1  13  8  0.7918E-07
 8  1  14  8  0.7292E-07
 8  1  14  8  0.7213E-07
 8  1  14  8  0.7096E-07
 8  1  14  8  0.7132E-07
 8  1  14  8  0.7099E-07
 8  1  14  8  0.7154E-07
 8  1  14  8  0.7146E-07
 8  1  14  8  0.7149E-07
 8  1  14  8  0.7161E-07
 8  1  14  8  0.7192E-07
 8  1  15  8  0.7958E-07
 8  1  15  8  0.7797E-07
 8  1  15  8  0.7872E-07
 8  1  15  8  0.7769E-07
 8  1  15  8  0.7864E-07
 8  1  15  8  0.7768E-07
 8  1  15  8  0.7833E-07
 8  1  15  8  0.7754E-07
 8  1  15  8  0.7860E-07
 8  1  15  8  0.7820E-07
 8  1  16  8  0.8258E-07
 8  1  16  8  0.8157E-07
 8  1  16  8  0.8119E-07
 8  1  16  8  0.8133E-07
 8  1  16  8  0.8165E-07
 8  1  16  8  0.8178E-07
 8  1  16  8  0.8140E-07
 8  1  16  8  0.8132E-07
 8  1  16  8  0.8153E-07
 8  1  16  8  0.8153E-07
 8  1  17  8  0.9338E-07
 8  1  17  8  0.9234E-07
 8  1  17  8  0.9328E-07
 8  1  17  8  0.9200E-07
 8  1  17  8  0.9195E-07
 8  1  17  8  0.9186E-07
 8  1  17  8  0.9175E-07
 8  1  17  8  0.9178E-07
 8  1  17  8  0.9215E-07
 8  1  17  8  0.9209E-07
 8  1  18  8  0.9413E-07
 8  1  18  8  0.9337E-07
 8  1  18  8  0.9359E-07
 8  1  18  8  0.9495E-07
 8  1  18  8  0.9314E-07
 8  1  18  8  0.9333E-07
 8  1  18  8  0.9342E-07
 8  1  18  8  0.9319E-07
 8  1  18  8  0.9326E-07
 8  1  18  8  0.9336E-07
 8  1  19  8  0.8027E-07
 8  1  19  8  0.8057E-07
 8  1  19  8  0.8061E-07
 8  1  19  8  0.8063E-07
 8  1  19  8  0.8065E-07
 8  1  19  8  0.8056E-07
 8  1  19  8  0.8059E-07
 8  1  19  8  0.8101E-07
 8  1  19  8  0.8100E-07
 8  1  19  8  0.8096E-07
 8  1  20  8  0.7622E-07
 8  1  20  8  0.7617E-07
 8  1  20  8  0.7616E-07
 8  1  20  8  0.7618E-07
 8  1  20  8  0.7618E-07
 8  1  20  8  0.7618E-07
 8  1  20  8  0.7618E-07
 8  1  20  8  0.7619E-07
 8  1  20  8  0.7618E-07
 8  1  20  8  0.7617E-07
