 8  4  3  32  0.6308E-07
 8  4  3  32  0.6336E-07
 8  4  3  32  0.6328E-07
 8  4  3  32  0.6310E-07
 8  4  3  32  0.6270E-07
 8  4  3  32  0.6161E-07
 8  4  3  32  0.6268E-07
 8  4  3  32  0.6180E-07
 8  4  3  32  0.6288E-07
 8  4  3  32  0.6243E-07
 8  4  4  32  0.3247E-07
 8  4  4  32  0.3061E-07
 8  4  4  32  0.3107E-07
 8  4  4  32  0.3129E-07
 8  4  4  32  0.3218E-07
 8  4  4  32  0.3097E-07
 8  4  4  32  0.3062E-07
 8  4  4  32  0.3086E-07
 8  4  4  32  0.3049E-07
 8  4  4  32  0.3075E-07
 8  4  5  32  0.2866E-07
 8  4  5  32  0.2681E-07
 8  4  5  32  0.2932E-07
 8  4  5  32  0.2767E-07
 8  4  5  32  0.2627E-07
 8  4  5  32  0.2773E-07
 8  4  5  32  0.2695E-07
 8  4  5  32  0.2952E-07
 8  4  5  32  0.2909E-07
 8  4  5  32  0.2881E-07
 8  4  6  32  0.2045E-07
 8  4  6  32  0.2024E-07
 8  4  6  32  0.2016E-07
 8  4  6  32  0.1900E-07
 8  4  6  32  0.1943E-07
 8  4  6  32  0.1893E-07
 8  4  6  32  0.1935E-07
 8  4  6  32  0.1890E-07
 8  4  6  32  0.1926E-07
 8  4  6  32  0.1880E-07
 8  4  7  32  0.1759E-07
 8  4  7  32  0.1756E-07
 8  4  7  32  0.1801E-07
 8  4  7  32  0.1759E-07
 8  4  7  32  0.1757E-07
 8  4  7  32  0.1691E-07
 8  4  7  32  0.1704E-07
 8  4  7  32  0.1749E-07
 8  4  7  32  0.1722E-07
 8  4  7  32  0.1783E-07
 8  4  8  32  0.1747E-07
 8  4  8  32  0.1685E-07
 8  4  8  32  0.1683E-07
 8  4  8  32  0.1683E-07
 8  4  8  32  0.1682E-07
 8  4  8  32  0.1676E-07
 8  4  8  32  0.1679E-07
 8  4  8  32  0.1681E-07
 8  4  8  32  0.1680E-07
 8  4  8  32  0.1682E-07
 8  4  9  32  0.2003E-07
 8  4  9  32  0.1998E-07
 8  4  9  32  0.1997E-07
 8  4  9  32  0.1992E-07
 8  4  9  32  0.1997E-07
 8  4  9  32  0.1992E-07
 8  4  9  32  0.2002E-07
 8  4  9  32  0.1998E-07
 8  4  9  32  0.1995E-07
 8  4  9  32  0.1995E-07
 8  4  10  32  0.2286E-07
 8  4  10  32  0.2262E-07
 8  4  10  32  0.2260E-07
 8  4  10  32  0.2257E-07
 8  4  10  32  0.2263E-07
 8  4  10  32  0.2256E-07
 8  4  10  32  0.2254E-07
 8  4  10  32  0.2260E-07
 8  4  10  32  0.2258E-07
 8  4  10  32  0.2257E-07
 8  4  11  32  0.2195E-07
 8  4  11  32  0.2176E-07
 8  4  11  32  0.2174E-07
 8  4  11  32  0.2170E-07
 8  4  11  32  0.2177E-07
 8  4  11  32  0.2171E-07
 8  4  11  32  0.2171E-07
 8  4  11  32  0.2176E-07
 8  4  11  32  0.2182E-07
 8  4  11  32  0.2182E-07
 8  4  12  32  0.2036E-07
 8  4  12  32  0.2030E-07
 8  4  12  32  0.2028E-07
 8  4  12  32  0.2031E-07
 8  4  12  32  0.2034E-07
 8  4  12  32  0.2044E-07
 8  4  12  32  0.2045E-07
 8  4  12  32  0.2046E-07
 8  4  12  32  0.2045E-07
 8  4  12  32  0.2042E-07
 8  4  13  32  0.2166E-07
 8  4  13  32  0.2160E-07
 8  4  13  32  0.2158E-07
 8  4  13  32  0.2158E-07
 8  4  13  32  0.2161E-07
 8  4  13  32  0.2178E-07
 8  4  13  32  0.2186E-07
 8  4  13  32  0.2182E-07
 8  4  13  32  0.2181E-07
 8  4  13  32  0.2182E-07
 8  4  14  32  0.1998E-07
 8  4  14  32  0.1987E-07
 8  4  14  32  0.1988E-07
 8  4  14  32  0.1986E-07
 8  4  14  32  0.1989E-07
 8  4  14  32  0.1989E-07
 8  4  14  32  0.1985E-07
 8  4  14  32  0.1982E-07
 8  4  14  32  0.1985E-07
 8  4  14  32  0.1998E-07
 8  4  15  32  0.2033E-07
 8  4  15  32  0.2019E-07
 8  4  15  32  0.2017E-07
 8  4  15  32  0.2018E-07
 8  4  15  32  0.2027E-07
 8  4  15  32  0.2027E-07
 8  4  15  32  0.2028E-07
 8  4  15  32  0.2028E-07
 8  4  15  32  0.2028E-07
 8  4  15  32  0.2030E-07
 8  4  16  32  0.1882E-07
 8  4  16  32  0.1874E-07
 8  4  16  32  0.1876E-07
 8  4  16  32  0.1880E-07
 8  4  16  32  0.1882E-07
 8  4  16  32  0.1881E-07
 8  4  16  32  0.1880E-07
 8  4  16  32  0.1879E-07
 8  4  16  32  0.1880E-07
 8  4  16  32  0.1883E-07
 8  4  17  32  0.2369E-07
 8  4  17  32  0.2367E-07
 8  4  17  32  0.2366E-07
 8  4  17  32  0.2369E-07
 8  4  17  32  0.2369E-07
 8  4  17  32  0.2368E-07
 8  4  17  32  0.2374E-07
 8  4  17  32  0.2372E-07
 8  4  17  32  0.2369E-07
 8  4  17  32  0.2372E-07
 8  4  18  32  0.2219E-07
 8  4  18  32  0.2203E-07
 8  4  18  32  0.2196E-07
 8  4  18  32  0.2196E-07
 8  4  18  32  0.2197E-07
 8  4  18  32  0.2197E-07
 8  4  18  32  0.2198E-07
 8  4  18  32  0.2201E-07
 8  4  18  32  0.2212E-07
 8  4  18  32  0.2205E-07
 8  4  19  32  0.2359E-07
 8  4  19  32  0.2347E-07
 8  4  19  32  0.2345E-07
 8  4  19  32  0.2348E-07
 8  4  19  32  0.2358E-07
 8  4  19  32  0.2356E-07
 8  4  19  32  0.2357E-07
 8  4  19  32  0.2356E-07
 8  4  19  32  0.2354E-07
 8  4  19  32  0.2356E-07
 8  4  20  32  0.2259E-07
 8  4  20  32  0.2250E-07
 8  4  20  32  0.2250E-07
 8  4  20  32  0.2248E-07
 8  4  20  32  0.2248E-07
 8  4  20  32  0.2247E-07
 8  4  20  32  0.2244E-07
 8  4  20  32  0.2245E-07
 8  4  20  32  0.2247E-07
 8  4  20  32  0.2246E-07
