 8  4  3  32  0.1192E-06
 8  4  3  32  0.9217E-07
 8  4  3  32  0.9033E-07
 8  4  3  32  0.1007E-06
 8  4  3  32  0.8527E-07
 8  4  3  32  0.8490E-07
 8  4  3  32  0.9180E-07
 8  4  3  32  0.8794E-07
 8  4  3  32  0.6991E-07
 8  4  3  32  0.8950E-07
 8  4  4  32  0.6054E-07
 8  4  4  32  0.4311E-07
 8  4  4  32  0.5080E-07
 8  4  4  32  0.4071E-07
 8  4  4  32  0.3679E-07
 8  4  4  32  0.4051E-07
 8  4  4  32  0.4315E-07
 8  4  4  32  0.4428E-07
 8  4  4  32  0.4459E-07
 8  4  4  32  0.4672E-07
 8  4  5  32  0.3926E-07
 8  4  5  32  0.3217E-07
 8  4  5  32  0.2484E-07
 8  4  5  32  0.2734E-07
 8  4  5  32  0.2992E-07
 8  4  5  32  0.2875E-07
 8  4  5  32  0.3117E-07
 8  4  5  32  0.2458E-07
 8  4  5  32  0.2825E-07
 8  4  5  32  0.3026E-07
 8  4  6  32  0.2565E-07
 8  4  6  32  0.2372E-07
 8  4  6  32  0.2180E-07
 8  4  6  32  0.2213E-07
 8  4  6  32  0.1997E-07
 8  4  6  32  0.2310E-07
 8  4  6  32  0.2136E-07
 8  4  6  32  0.2170E-07
 8  4  6  32  0.2112E-07
 8  4  6  32  0.2175E-07
 8  4  7  32  0.2396E-07
 8  4  7  32  0.2111E-07
 8  4  7  32  0.2117E-07
 8  4  7  32  0.1974E-07
 8  4  7  32  0.2083E-07
 8  4  7  32  0.2065E-07
 8  4  7  32  0.2074E-07
 8  4  7  32  0.1993E-07
 8  4  7  32  0.2010E-07
 8  4  7  32  0.2062E-07
 8  4  8  32  0.1209E-07
 8  4  8  32  0.1200E-07
 8  4  8  32  0.1206E-07
 8  4  8  32  0.1194E-07
 8  4  8  32  0.1200E-07
 8  4  8  32  0.1195E-07
 8  4  8  32  0.1201E-07
 8  4  8  32  0.1201E-07
 8  4  8  32  0.1202E-07
 8  4  8  32  0.1206E-07
 8  4  9  32  0.2373E-07
 8  4  9  32  0.2045E-07
 8  4  9  32  0.2136E-07
 8  4  9  32  0.2004E-07
 8  4  9  32  0.2122E-07
 8  4  9  32  0.2039E-07
 8  4  9  32  0.2043E-07
 8  4  9  32  0.2106E-07
 8  4  9  32  0.1983E-07
 8  4  9  32  0.2043E-07
 8  4  10  32  0.1606E-07
 8  4  10  32  0.1604E-07
 8  4  10  32  0.1603E-07
 8  4  10  32  0.1600E-07
 8  4  10  32  0.1604E-07
 8  4  10  32  0.1603E-07
 8  4  10  32  0.1616E-07
 8  4  10  32  0.2903E-07
 8  4  10  32  0.2803E-07
 8  4  10  32  0.2792E-07
 8  4  11  32  0.1576E-07
 8  4  11  32  0.1573E-07
 8  4  11  32  0.1572E-07
 8  4  11  32  0.1572E-07
 8  4  11  32  0.1573E-07
 8  4  11  32  0.1572E-07
 8  4  11  32  0.1571E-07
 8  4  11  32  0.1572E-07
 8  4  11  32  0.1572E-07
 8  4  11  32  0.1571E-07
 8  4  12  32  0.1452E-07
 8  4  12  32  0.1452E-07
 8  4  12  32  0.1453E-07
 8  4  12  32  0.1452E-07
 8  4  12  32  0.1452E-07
 8  4  12  32  0.1448E-07
 8  4  12  32  0.1451E-07
 8  4  12  32  0.1450E-07
 8  4  12  32  0.1451E-07
 8  4  12  32  0.1450E-07
 8  4  13  32  0.1588E-07
 8  4  13  32  0.1587E-07
 8  4  13  32  0.1588E-07
 8  4  13  32  0.1585E-07
 8  4  13  32  0.1588E-07
 8  4  13  32  0.1588E-07
 8  4  13  32  0.1589E-07
 8  4  13  32  0.1587E-07
 8  4  13  32  0.1590E-07
 8  4  13  32  0.1590E-07
 8  4  14  32  0.1409E-07
 8  4  14  32  0.1408E-07
 8  4  14  32  0.1409E-07
 8  4  14  32  0.1409E-07
 8  4  14  32  0.1408E-07
 8  4  14  32  0.1409E-07
 8  4  14  32  0.1409E-07
 8  4  14  32  0.1406E-07
 8  4  14  32  0.1409E-07
 8  4  14  32  0.1410E-07
 8  4  15  32  0.1575E-07
 8  4  15  32  0.1574E-07
 8  4  15  32  0.1575E-07
 8  4  15  32  0.1581E-07
 8  4  15  32  0.1580E-07
 8  4  15  32  0.1580E-07
 8  4  15  32  0.1579E-07
 8  4  15  32  0.1580E-07
 8  4  15  32  0.1580E-07
 8  4  15  32  0.1580E-07
 8  4  16  32  0.1468E-07
 8  4  16  32  0.1469E-07
 8  4  16  32  0.1469E-07
 8  4  16  32  0.1469E-07
 8  4  16  32  0.1468E-07
 8  4  16  32  0.1467E-07
 8  4  16  32  0.1468E-07
 8  4  16  32  0.1470E-07
 8  4  16  32  0.1468E-07
 8  4  16  32  0.1466E-07
 8  4  17  32  0.1873E-07
 8  4  17  32  0.1873E-07
 8  4  17  32  0.1875E-07
 8  4  17  32  0.1876E-07
 8  4  17  32  0.1875E-07
 8  4  17  32  0.1874E-07
 8  4  17  32  0.1874E-07
 8  4  17  32  0.1876E-07
 8  4  17  32  0.1873E-07
 8  4  17  32  0.1876E-07
 8  4  18  32  0.1777E-07
 8  4  18  32  0.1776E-07
 8  4  18  32  0.1776E-07
 8  4  18  32  0.1774E-07
 8  4  18  32  0.1777E-07
 8  4  18  32  0.1776E-07
 8  4  18  32  0.1776E-07
 8  4  18  32  0.1776E-07
 8  4  18  32  0.1781E-07
 8  4  18  32  0.1781E-07
 8  4  19  32  0.1998E-07
 8  4  19  32  0.2000E-07
 8  4  19  32  0.2006E-07
 8  4  19  32  0.2006E-07
 8  4  19  32  0.2006E-07
 8  4  19  32  0.2004E-07
 8  4  19  32  0.2003E-07
 8  4  19  32  0.2003E-07
 8  4  19  32  0.2003E-07
 8  4  19  32  0.2002E-07
 8  4  20  32  0.1903E-07
 8  4  20  32  0.1903E-07
 8  4  20  32  0.1900E-07
 8  4  20  32  0.1901E-07
 8  4  20  32  0.1900E-07
 8  4  20  32  0.1899E-07
 8  4  20  32  0.1901E-07
 8  4  20  32  0.1901E-07
 8  4  20  32  0.1901E-07
 8  4  20  32  0.1902E-07
