 8  8  3  64  0.8872E-07
 8  8  3  64  0.8657E-07
 8  8  3  64  0.8847E-07
 8  8  3  64  0.8850E-07
 8  8  3  64  0.8957E-07
 8  8  3  64  0.8931E-07
 8  8  3  64  0.8846E-07
 8  8  3  64  0.8888E-07
 8  8  3  64  0.8894E-07
 8  8  3  64  0.8831E-07
 8  8  4  64  0.3276E-07
 8  8  4  64  0.3198E-07
 8  8  4  64  0.3131E-07
 8  8  4  64  0.3089E-07
 8  8  4  64  0.3185E-07
 8  8  4  64  0.3117E-07
 8  8  4  64  0.3112E-07
 8  8  4  64  0.3199E-07
 8  8  4  64  0.3123E-07
 8  8  4  64  0.3158E-07
 8  8  5  64  0.2039E-07
 8  8  5  64  0.2065E-07
 8  8  5  64  0.2007E-07
 8  8  5  64  0.2043E-07
 8  8  5  64  0.2005E-07
 8  8  5  64  0.2041E-07
 8  8  5  64  0.1981E-07
 8  8  5  64  0.2027E-07
 8  8  5  64  0.2023E-07
 8  8  5  64  0.2045E-07
 8  8  6  64  0.1569E-07
 8  8  6  64  0.1548E-07
 8  8  6  64  0.1539E-07
 8  8  6  64  0.1575E-07
 8  8  6  64  0.1560E-07
 8  8  6  64  0.1555E-07
 8  8  6  64  0.1502E-07
 8  8  6  64  0.1504E-07
 8  8  6  64  0.1533E-07
 8  8  6  64  0.1497E-07
 8  8  7  64  0.1176E-07
 8  8  7  64  0.1123E-07
 8  8  7  64  0.1089E-07
 8  8  7  64  0.1115E-07
 8  8  7  64  0.1122E-07
 8  8  7  64  0.1130E-07
 8  8  7  64  0.1136E-07
 8  8  7  64  0.1134E-07
 8  8  7  64  0.1127E-07
 8  8  7  64  0.1123E-07
 8  8  8  64  0.1020E-07
 8  8  8  64  0.9902E-08
 8  8  8  64  0.9887E-08
 8  8  8  64  0.9889E-08
 8  8  8  64  0.9920E-08
 8  8  8  64  0.9883E-08
 8  8  8  64  0.9923E-08
 8  8  8  64  0.9882E-08
 8  8  8  64  0.9915E-08
 8  8  8  64  0.9908E-08
 8  8  9  64  0.1100E-07
 8  8  9  64  0.1093E-07
 8  8  9  64  0.1090E-07
 8  8  9  64  0.1092E-07
 8  8  9  64  0.1092E-07
 8  8  9  64  0.1090E-07
 8  8  9  64  0.1090E-07
 8  8  9  64  0.1088E-07
 8  8  9  64  0.1088E-07
 8  8  9  64  0.1088E-07
 8  8  10  64  0.1219E-07
 8  8  10  64  0.1206E-07
 8  8  10  64  0.1207E-07
 8  8  10  64  0.1206E-07
 8  8  10  64  0.1208E-07
 8  8  10  64  0.1206E-07
 8  8  10  64  0.1212E-07
 8  8  10  64  0.1205E-07
 8  8  10  64  0.1206E-07
 8  8  10  64  0.1207E-07
 8  8  11  64  0.1189E-07
 8  8  11  64  0.1177E-07
 8  8  11  64  0.1174E-07
 8  8  11  64  0.1174E-07
 8  8  11  64  0.1175E-07
 8  8  11  64  0.1176E-07
 8  8  11  64  0.1176E-07
 8  8  11  64  0.1175E-07
 8  8  11  64  0.1176E-07
 8  8  11  64  0.1173E-07
 8  8  12  64  0.1081E-07
 8  8  12  64  0.1075E-07
 8  8  12  64  0.1075E-07
 8  8  12  64  0.1074E-07
 8  8  12  64  0.1074E-07
 8  8  12  64  0.1075E-07
 8  8  12  64  0.1075E-07
 8  8  12  64  0.1079E-07
 8  8  12  64  0.1075E-07
 8  8  12  64  0.1077E-07
 8  8  13  64  0.1152E-07
 8  8  13  64  0.1143E-07
 8  8  13  64  0.1146E-07
 8  8  13  64  0.1146E-07
 8  8  13  64  0.1145E-07
 8  8  13  64  0.1144E-07
 8  8  13  64  0.1146E-07
 8  8  13  64  0.1145E-07
 8  8  13  64  0.1146E-07
 8  8  13  64  0.1145E-07
 8  8  14  64  0.1042E-07
 8  8  14  64  0.1038E-07
 8  8  14  64  0.1038E-07
 8  8  14  64  0.1038E-07
 8  8  14  64  0.1037E-07
 8  8  14  64  0.1037E-07
 8  8  14  64  0.1036E-07
 8  8  14  64  0.1038E-07
 8  8  14  64  0.1036E-07
 8  8  14  64  0.1037E-07
 8  8  15  64  0.1061E-07
 8  8  15  64  0.1056E-07
 8  8  15  64  0.1056E-07
 8  8  15  64  0.1055E-07
 8  8  15  64  0.1056E-07
 8  8  15  64  0.1065E-07
 8  8  15  64  0.1066E-07
 8  8  15  64  0.1066E-07
 8  8  15  64  0.1065E-07
 8  8  15  64  0.1066E-07
 8  8  16  64  0.9914E-08
 8  8  16  64  0.9821E-08
 8  8  16  64  0.9813E-08
 8  8  16  64  0.9805E-08
 8  8  16  64  0.9801E-08
 8  8  16  64  0.9810E-08
 8  8  16  64  0.9816E-08
 8  8  16  64  0.9831E-08
 8  8  16  64  0.9813E-08
 8  8  16  64  0.9805E-08
 8  8  17  64  0.1230E-07
 8  8  17  64  0.1219E-07
 8  8  17  64  0.1217E-07
 8  8  17  64  0.1217E-07
 8  8  17  64  0.1218E-07
 8  8  17  64  0.1221E-07
 8  8  17  64  0.1220E-07
 8  8  17  64  0.1221E-07
 8  8  17  64  0.1220E-07
 8  8  17  64  0.1216E-07
 8  8  18  64  0.1143E-07
 8  8  18  64  0.1137E-07
 8  8  18  64  0.1137E-07
 8  8  18  64  0.1139E-07
 8  8  18  64  0.1137E-07
 8  8  18  64  0.1136E-07
 8  8  18  64  0.1136E-07
 8  8  18  64  0.1137E-07
 8  8  18  64  0.1136E-07
 8  8  18  64  0.1136E-07
 8  8  19  64  0.1214E-07
 8  8  19  64  0.1209E-07
 8  8  19  64  0.1210E-07
 8  8  19  64  0.1210E-07
 8  8  19  64  0.1210E-07
 8  8  19  64  0.1210E-07
 8  8  19  64  0.1210E-07
 8  8  19  64  0.1212E-07
 8  8  19  64  0.1209E-07
 8  8  19  64  0.1209E-07
 8  8  20  64  0.1158E-07
 8  8  20  64  0.1157E-07
 8  8  20  64  0.1159E-07
 8  8  20  64  0.1155E-07
 8  8  20  64  0.1158E-07
 8  8  20  64  0.1155E-07
 8  8  20  64  0.1156E-07
 8  8  20  64  0.1158E-07
 8  8  20  64  0.1158E-07
 8  8  20  64  0.1156E-07
