 8  64  3  512  0.8387E-08
 8  64  3  512  0.7780E-08
 8  64  3  512  0.7536E-08
 8  64  3  512  0.7768E-08
 8  64  3  512  0.7632E-08
 8  64  3  512  0.7530E-08
 8  64  3  512  0.7652E-08
 8  64  3  512  0.7708E-08
 8  64  3  512  0.7651E-08
 8  64  3  512  0.7652E-08
 8  64  4  512  0.4247E-08
 8  64  4  512  0.3826E-08
 8  64  4  512  0.3842E-08
 8  64  4  512  0.3768E-08
 8  64  4  512  0.3830E-08
 8  64  4  512  0.3812E-08
 8  64  4  512  0.3788E-08
 8  64  4  512  0.3779E-08
 8  64  4  512  0.3787E-08
 8  64  4  512  0.3773E-08
 8  64  5  512  0.3458E-08
 8  64  5  512  0.3259E-08
 8  64  5  512  0.3182E-08
 8  64  5  512  0.3209E-08
 8  64  5  512  0.3180E-08
 8  64  5  512  0.3178E-08
 8  64  5  512  0.3199E-08
 8  64  5  512  0.3192E-08
 8  64  5  512  0.3203E-08
 8  64  5  512  0.3197E-08
 8  64  6  512  0.2687E-08
 8  64  6  512  0.2466E-08
 8  64  6  512  0.2480E-08
 8  64  6  512  0.2478E-08
 8  64  6  512  0.2467E-08
 8  64  6  512  0.2467E-08
 8  64  6  512  0.2477E-08
 8  64  6  512  0.2472E-08
 8  64  6  512  0.2454E-08
 8  64  6  512  0.2452E-08
 8  64  7  512  0.2843E-08
 8  64  7  512  0.2670E-08
 8  64  7  512  0.2656E-08
 8  64  7  512  0.2648E-08
 8  64  7  512  0.2655E-08
 8  64  7  512  0.2651E-08
 8  64  7  512  0.2688E-08
 8  64  7  512  0.2655E-08
 8  64  7  512  0.2642E-08
 8  64  7  512  0.2664E-08
 8  64  8  512  0.2544E-08
 8  64  8  512  0.2493E-08
 8  64  8  512  0.2500E-08
 8  64  8  512  0.2484E-08
 8  64  8  512  0.2486E-08
 8  64  8  512  0.2476E-08
 8  64  8  512  0.2491E-08
 8  64  8  512  0.2483E-08
 8  64  8  512  0.2482E-08
 8  64  8  512  0.2471E-08
 8  64  9  512  0.2329E-08
 8  64  9  512  0.2181E-08
 8  64  9  512  0.2184E-08
 8  64  9  512  0.2182E-08
 8  64  9  512  0.2176E-08
 8  64  9  512  0.2173E-08
 8  64  9  512  0.2167E-08
 8  64  9  512  0.2167E-08
 8  64  9  512  0.2160E-08
 8  64  9  512  0.2163E-08
 8  64  10  512  0.2164E-08
 8  64  10  512  0.2065E-08
 8  64  10  512  0.2059E-08
 8  64  10  512  0.2062E-08
 8  64  10  512  0.2058E-08
 8  64  10  512  0.2059E-08
 8  64  10  512  0.2058E-08
 8  64  10  512  0.2054E-08
 8  64  10  512  0.2076E-08
 8  64  10  512  0.2059E-08
 8  64  11  512  0.2073E-08
 8  64  11  512  0.2008E-08
 8  64  11  512  0.2013E-08
 8  64  11  512  0.2020E-08
 8  64  11  512  0.2001E-08
 8  64  11  512  0.1986E-08
 8  64  11  512  0.2008E-08
 8  64  11  512  0.1993E-08
 8  64  11  512  0.1981E-08
 8  64  11  512  0.1988E-08
 8  64  12  512  0.1956E-08
 8  64  12  512  0.1878E-08
 8  64  12  512  0.1868E-08
 8  64  12  512  0.1868E-08
 8  64  12  512  0.1862E-08
 8  64  12  512  0.1863E-08
 8  64  12  512  0.1866E-08
 8  64  12  512  0.1871E-08
 8  64  12  512  0.1881E-08
 8  64  12  512  0.1880E-08
 8  64  13  512  0.1926E-08
 8  64  13  512  0.1916E-08
 8  64  13  512  0.1912E-08
 8  64  13  512  0.1914E-08
 8  64  13  512  0.1919E-08
 8  64  13  512  0.1928E-08
 8  64  13  512  0.1918E-08
 8  64  13  512  0.1911E-08
 8  64  13  512  0.1914E-08
 8  64  13  512  0.1930E-08
 8  64  14  512  0.1826E-08
 8  64  14  512  0.1821E-08
 8  64  14  512  0.1856E-08
 8  64  14  512  0.1827E-08
 8  64  14  512  0.1804E-08
 8  64  14  512  0.1811E-08
 8  64  14  512  0.1821E-08
 8  64  14  512  0.1808E-08
 8  64  14  512  0.1800E-08
 8  64  14  512  0.1806E-08
 8  64  15  512  0.1912E-08
 8  64  15  512  0.1903E-08
 8  64  15  512  0.1901E-08
 8  64  15  512  0.1911E-08
 8  64  15  512  0.1900E-08
 8  64  15  512  0.1902E-08
 8  64  15  512  0.1896E-08
 8  64  15  512  0.1919E-08
 8  64  15  512  0.1909E-08
 8  64  15  512  0.1900E-08
 8  64  16  512  0.1975E-08
 8  64  16  512  0.1939E-08
 8  64  16  512  0.1941E-08
 8  64  16  512  0.1942E-08
 8  64  16  512  0.1933E-08
 8  64  16  512  0.1937E-08
 8  64  16  512  0.1945E-08
 8  64  16  512  0.1935E-08
 8  64  16  512  0.1935E-08
 8  64  16  512  0.1938E-08
 8  64  17  512  0.2350E-08
 8  64  17  512  0.2340E-08
 8  64  17  512  0.2338E-08
 8  64  17  512  0.2321E-08
 8  64  17  512  0.2329E-08
 8  64  17  512  0.2329E-08
 8  64  17  512  0.2328E-08
 8  64  17  512  0.2331E-08
 8  64  17  512  0.2331E-08
 8  64  17  512  0.2331E-08
 8  64  18  512  0.2140E-08
 8  64  18  512  0.2127E-08
 8  64  18  512  0.2152E-08
 8  64  18  512  0.2143E-08
 8  64  18  512  0.2136E-08
 8  64  18  512  0.2155E-08
 8  64  18  512  0.2130E-08
 8  64  18  512  0.2151E-08
 8  64  18  512  0.2150E-08
 8  64  18  512  0.2145E-08
 8  64  19  512  0.2219E-08
 8  64  19  512  0.2211E-08
 8  64  19  512  0.2211E-08
 8  64  19  512  0.2210E-08
 8  64  19  512  0.2217E-08
 8  64  19  512  0.2209E-08
 8  64  19  512  0.2255E-08
 8  64  19  512  0.2270E-08
 8  64  19  512  0.2216E-08
 8  64  19  512  0.2212E-08
 8  64  20  512  0.2225E-08
 8  64  20  512  0.2213E-08
 8  64  20  512  0.2214E-08
 8  64  20  512  0.2215E-08
 8  64  20  512  0.2207E-08
 8  64  20  512  0.2212E-08
 8  64  20  512  0.2215E-08
 8  64  20  512  0.2209E-08
 8  64  20  512  0.2212E-08
 8  64  20  512  0.2212E-08
