 8  16  3  128  0.4204E-07
 8  16  3  128  0.1543E-07
 8  16  3  128  0.1543E-07
 8  16  3  128  0.1688E-07
 8  16  3  128  0.1495E-07
 8  16  3  128  0.1525E-07
 8  16  3  128  0.1525E-07
 8  16  3  128  0.1651E-07
 8  16  3  128  0.1368E-07
 8  16  3  128  0.1331E-07
 8  16  4  128  0.1880E-07
 8  16  4  128  0.8430E-08
 8  16  4  128  0.7771E-08
 8  16  4  128  0.7363E-08
 8  16  4  128  0.7004E-08
 8  16  4  128  0.7732E-08
 8  16  4  128  0.6995E-08
 8  16  4  128  0.7363E-08
 8  16  4  128  0.6752E-08
 8  16  4  128  0.6713E-08
 8  16  5  128  0.1498E-07
 8  16  5  128  0.6288E-08
 8  16  5  128  0.6124E-08
 8  16  5  128  0.6750E-08
 8  16  5  128  0.6065E-08
 8  16  5  128  0.5876E-08
 8  16  5  128  0.8042E-08
 8  16  5  128  0.8479E-08
 8  16  5  128  0.8479E-08
 8  16  5  128  0.8186E-08
 8  16  6  128  0.1323E-07
 8  16  6  128  0.7451E-08
 8  16  6  128  0.5582E-08
 8  16  6  128  0.4944E-08
 8  16  6  128  0.5220E-08
 8  16  6  128  0.4858E-08
 8  16  6  128  0.5243E-08
 8  16  6  128  0.4774E-08
 8  16  6  128  0.5174E-08
 8  16  6  128  0.4800E-08
 8  16  7  128  0.2821E-08
 8  16  7  128  0.2777E-08
 8  16  7  128  0.2774E-08
 8  16  7  128  0.2794E-08
 8  16  7  128  0.2782E-08
 8  16  7  128  0.2781E-08
 8  16  7  128  0.2792E-08
 8  16  7  128  0.2836E-08
 8  16  7  128  0.2903E-08
 8  16  7  128  0.2811E-08
 8  16  8  128  0.2849E-08
 8  16  8  128  0.2776E-08
 8  16  8  128  0.2788E-08
 8  16  8  128  0.2779E-08
 8  16  8  128  0.2789E-08
 8  16  8  128  0.2776E-08
 8  16  8  128  0.2789E-08
 8  16  8  128  0.2836E-08
 8  16  8  128  0.2831E-08
 8  16  8  128  0.2874E-08
 8  16  9  128  0.3662E-08
 8  16  9  128  0.3637E-08
 8  16  9  128  0.3636E-08
 8  16  9  128  0.3636E-08
 8  16  9  128  0.3642E-08
 8  16  9  128  0.3704E-08
 8  16  9  128  0.3737E-08
 8  16  9  128  0.3676E-08
 8  16  9  128  0.3701E-08
 8  16  9  128  0.3709E-08
 8  16  10  128  0.4039E-08
 8  16  10  128  0.4025E-08
 8  16  10  128  0.4027E-08
 8  16  10  128  0.4025E-08
 8  16  10  128  0.4046E-08
 8  16  10  128  0.4039E-08
 8  16  10  128  0.4035E-08
 8  16  10  128  0.4040E-08
 8  16  10  128  0.4038E-08
 8  16  10  128  0.4040E-08
 8  16  11  128  0.3983E-08
 8  16  11  128  0.3955E-08
 8  16  11  128  0.3948E-08
 8  16  11  128  0.3952E-08
 8  16  11  128  0.3962E-08
 8  16  11  128  0.3949E-08
 8  16  11  128  0.3950E-08
 8  16  11  128  0.3951E-08
 8  16  11  128  0.3956E-08
 8  16  11  128  0.3941E-08
 8  16  12  128  0.3715E-08
 8  16  12  128  0.3710E-08
 8  16  12  128  0.3701E-08
 8  16  12  128  0.3716E-08
 8  16  12  128  0.3701E-08
 8  16  12  128  0.3702E-08
 8  16  12  128  0.3708E-08
 8  16  12  128  0.3703E-08
 8  16  12  128  0.3702E-08
 8  16  12  128  0.3700E-08
 8  16  13  128  0.4169E-08
 8  16  13  128  0.4167E-08
 8  16  13  128  0.4163E-08
 8  16  13  128  0.4172E-08
 8  16  13  128  0.4164E-08
 8  16  13  128  0.4165E-08
 8  16  13  128  0.4167E-08
 8  16  13  128  0.4173E-08
 8  16  13  128  0.4159E-08
 8  16  13  128  0.4162E-08
 8  16  14  128  0.3669E-08
 8  16  14  128  0.3661E-08
 8  16  14  128  0.3663E-08
 8  16  14  128  0.3663E-08
 8  16  14  128  0.3662E-08
 8  16  14  128  0.3663E-08
 8  16  14  128  0.3660E-08
 8  16  14  128  0.3663E-08
 8  16  14  128  0.3660E-08
 8  16  14  128  0.3662E-08
 8  16  15  128  0.4112E-08
 8  16  15  128  0.4104E-08
 8  16  15  128  0.4097E-08
 8  16  15  128  0.4099E-08
 8  16  15  128  0.4098E-08
 8  16  15  128  0.4097E-08
 8  16  15  128  0.4096E-08
 8  16  15  128  0.4107E-08
 8  16  15  128  0.4102E-08
 8  16  15  128  0.4100E-08
 8  16  16  128  0.3876E-08
 8  16  16  128  0.3871E-08
 8  16  16  128  0.3872E-08
 8  16  16  128  0.3878E-08
 8  16  16  128  0.3877E-08
 8  16  16  128  0.3878E-08
 8  16  16  128  0.3876E-08
 8  16  16  128  0.3871E-08
 8  16  16  128  0.3879E-08
 8  16  16  128  0.3875E-08
 8  16  17  128  0.4903E-08
 8  16  17  128  0.4899E-08
 8  16  17  128  0.4899E-08
 8  16  17  128  0.4896E-08
 8  16  17  128  0.4896E-08
 8  16  17  128  0.4903E-08
 8  16  17  128  0.4902E-08
 8  16  17  128  0.4901E-08
 8  16  17  128  0.4903E-08
 8  16  17  128  0.4902E-08
 8  16  18  128  0.4525E-08
 8  16  18  128  0.4521E-08
 8  16  18  128  0.4530E-08
 8  16  18  128  0.4522E-08
 8  16  18  128  0.4522E-08
 8  16  18  128  0.4524E-08
 8  16  18  128  0.4519E-08
 8  16  18  128  0.4520E-08
 8  16  18  128  0.4519E-08
 8  16  18  128  0.4523E-08
 8  16  19  128  0.5168E-08
 8  16  19  128  0.5172E-08
 8  16  19  128  0.5161E-08
 8  16  19  128  0.5164E-08
 8  16  19  128  0.5164E-08
 8  16  19  128  0.5166E-08
 8  16  19  128  0.5164E-08
 8  16  19  128  0.5161E-08
 8  16  19  128  0.5163E-08
 8  16  19  128  0.5159E-08
 8  16  20  128  0.4901E-08
 8  16  20  128  0.4903E-08
 8  16  20  128  0.4897E-08
 8  16  20  128  0.4899E-08
 8  16  20  128  0.4896E-08
 8  16  20  128  0.4898E-08
 8  16  20  128  0.4898E-08
 8  16  20  128  0.4901E-08
 8  16  20  128  0.4901E-08
 8  16  20  128  0.4899E-08
