 8  32  3  256  0.1289E-07
 8  32  3  256  0.1224E-07
 8  32  3  256  0.1234E-07
 8  32  3  256  0.1229E-07
 8  32  3  256  0.1220E-07
 8  32  3  256  0.1222E-07
 8  32  3  256  0.1284E-07
 8  32  3  256  0.1218E-07
 8  32  3  256  0.1221E-07
 8  32  3  256  0.1210E-07
 8  32  4  256  0.6569E-08
 8  32  4  256  0.6101E-08
 8  32  4  256  0.6088E-08
 8  32  4  256  0.6079E-08
 8  32  4  256  0.6066E-08
 8  32  4  256  0.6086E-08
 8  32  4  256  0.6087E-08
 8  32  4  256  0.6097E-08
 8  32  4  256  0.6056E-08
 8  32  4  256  0.6078E-08
 8  32  5  256  0.4644E-08
 8  32  5  256  0.4203E-08
 8  32  5  256  0.4176E-08
 8  32  5  256  0.4193E-08
 8  32  5  256  0.4217E-08
 8  32  5  256  0.4361E-08
 8  32  5  256  0.4250E-08
 8  32  5  256  0.4301E-08
 8  32  5  256  0.4447E-08
 8  32  5  256  0.4198E-08
 8  32  6  256  0.3381E-08
 8  32  6  256  0.3112E-08
 8  32  6  256  0.3089E-08
 8  32  6  256  0.3102E-08
 8  32  6  256  0.3136E-08
 8  32  6  256  0.3102E-08
 8  32  6  256  0.3080E-08
 8  32  6  256  0.3109E-08
 8  32  6  256  0.3095E-08
 8  32  6  256  0.3077E-08
 8  32  7  256  0.2904E-08
 8  32  7  256  0.2814E-08
 8  32  7  256  0.2783E-08
 8  32  7  256  0.2753E-08
 8  32  7  256  0.2782E-08
 8  32  7  256  0.2760E-08
 8  32  7  256  0.2788E-08
 8  32  7  256  0.2795E-08
 8  32  7  256  0.2751E-08
 8  32  7  256  0.2810E-08
 8  32  8  256  0.2334E-08
 8  32  8  256  0.2256E-08
 8  32  8  256  0.2254E-08
 8  32  8  256  0.2265E-08
 8  32  8  256  0.2257E-08
 8  32  8  256  0.2272E-08
 8  32  8  256  0.2259E-08
 8  32  8  256  0.2252E-08
 8  32  8  256  0.2265E-08
 8  32  8  256  0.2255E-08
 8  32  9  256  0.2964E-08
 8  32  9  256  0.2790E-08
 8  32  9  256  0.2798E-08
 8  32  9  256  0.2791E-08
 8  32  9  256  0.2806E-08
 8  32  9  256  0.2798E-08
 8  32  9  256  0.2802E-08
 8  32  9  256  0.2804E-08
 8  32  9  256  0.2806E-08
 8  32  9  256  0.2802E-08
 8  32  10  256  0.3250E-08
 8  32  10  256  0.3183E-08
 8  32  10  256  0.3190E-08
 8  32  10  256  0.3184E-08
 8  32  10  256  0.3176E-08
 8  32  10  256  0.3179E-08
 8  32  10  256  0.3178E-08
 8  32  10  256  0.3183E-08
 8  32  10  256  0.3184E-08
 8  32  10  256  0.3177E-08
 8  32  11  256  0.3154E-08
 8  32  11  256  0.3146E-08
 8  32  11  256  0.3135E-08
 8  32  11  256  0.3138E-08
 8  32  11  256  0.3135E-08
 8  32  11  256  0.3139E-08
 8  32  11  256  0.3140E-08
 8  32  11  256  0.3147E-08
 8  32  11  256  0.3134E-08
 8  32  11  256  0.3145E-08
 8  32  12  256  0.2938E-08
 8  32  12  256  0.2925E-08
 8  32  12  256  0.2927E-08
 8  32  12  256  0.2926E-08
 8  32  12  256  0.2927E-08
 8  32  12  256  0.2930E-08
 8  32  12  256  0.2938E-08
 8  32  12  256  0.2931E-08
 8  32  12  256  0.2931E-08
 8  32  12  256  0.2930E-08
 8  32  13  256  0.3084E-08
 8  32  13  256  0.3045E-08
 8  32  13  256  0.3036E-08
 8  32  13  256  0.3053E-08
 8  32  13  256  0.3043E-08
 8  32  13  256  0.3042E-08
 8  32  13  256  0.3040E-08
 8  32  13  256  0.3082E-08
 8  32  13  256  0.3067E-08
 8  32  13  256  0.3050E-08
 8  32  14  256  0.2888E-08
 8  32  14  256  0.2782E-08
 8  32  14  256  0.2784E-08
 8  32  14  256  0.2787E-08
 8  32  14  256  0.2782E-08
 8  32  14  256  0.2783E-08
 8  32  14  256  0.2797E-08
 8  32  14  256  0.2796E-08
 8  32  14  256  0.2785E-08
 8  32  14  256  0.2788E-08
 8  32  15  256  0.2986E-08
 8  32  15  256  0.2885E-08
 8  32  15  256  0.2894E-08
 8  32  15  256  0.2889E-08
 8  32  15  256  0.2885E-08
 8  32  15  256  0.2883E-08
 8  32  15  256  0.2885E-08
 8  32  15  256  0.2882E-08
 8  32  15  256  0.2889E-08
 8  32  15  256  0.2886E-08
 8  32  16  256  0.2857E-08
 8  32  16  256  0.2812E-08
 8  32  16  256  0.2810E-08
 8  32  16  256  0.2806E-08
 8  32  16  256  0.2812E-08
 8  32  16  256  0.2812E-08
 8  32  16  256  0.2813E-08
 8  32  16  256  0.2810E-08
 8  32  16  256  0.2809E-08
 8  32  16  256  0.2810E-08
 8  32  17  256  0.3308E-08
 8  32  17  256  0.3289E-08
 8  32  17  256  0.3273E-08
 8  32  17  256  0.3280E-08
 8  32  17  256  0.3268E-08
 8  32  17  256  0.3271E-08
 8  32  17  256  0.3274E-08
 8  32  17  256  0.3273E-08
 8  32  17  256  0.3272E-08
 8  32  17  256  0.3271E-08
 8  32  18  256  0.3198E-08
 8  32  18  256  0.3152E-08
 8  32  18  256  0.3113E-08
 8  32  18  256  0.3123E-08
 8  32  18  256  0.3135E-08
 8  32  18  256  0.3122E-08
 8  32  18  256  0.3159E-08
 8  32  18  256  0.3136E-08
 8  32  18  256  0.3114E-08
 8  32  18  256  0.3141E-08
 8  32  19  256  0.3352E-08
 8  32  19  256  0.3273E-08
 8  32  19  256  0.3273E-08
 8  32  19  256  0.3276E-08
 8  32  19  256  0.3271E-08
 8  32  19  256  0.3274E-08
 8  32  19  256  0.3273E-08
 8  32  19  256  0.3274E-08
 8  32  19  256  0.3274E-08
 8  32  19  256  0.3272E-08
 8  32  20  256  0.3185E-08
 8  32  20  256  0.3176E-08
 8  32  20  256  0.3177E-08
 8  32  20  256  0.3171E-08
 8  32  20  256  0.3172E-08
 8  32  20  256  0.3170E-08
 8  32  20  256  0.3176E-08
 8  32  20  256  0.3171E-08
 8  32  20  256  0.3174E-08
 8  32  20  256  0.3172E-08
