 8  2  3  16  0.1705E-06
 8  2  3  16  0.1050E-06
 8  2  3  16  0.1019E-06
 8  2  3  16  0.1003E-06
 8  2  3  16  0.1150E-06
 8  2  3  16  0.9805E-07
 8  2  3  16  0.8186E-07
 8  2  3  16  0.1003E-06
 8  2  3  16  0.1012E-06
 8  2  3  16  0.1012E-06
 8  2  4  16  0.7683E-07
 8  2  4  16  0.7094E-07
 8  2  4  16  0.5534E-07
 8  2  4  16  0.6341E-07
 8  2  4  16  0.5666E-07
 8  2  4  16  0.5495E-07
 8  2  4  16  0.4719E-07
 8  2  4  16  0.4719E-07
 8  2  4  16  0.5440E-07
 8  2  4  16  0.5565E-07
 8  2  5  16  0.6584E-07
 8  2  5  16  0.5833E-07
 8  2  5  16  0.5917E-07
 8  2  5  16  0.5953E-07
 8  2  5  16  0.5833E-07
 8  2  5  16  0.5233E-07
 8  2  5  16  0.6549E-07
 8  2  5  16  0.5452E-07
 8  2  5  16  0.5885E-07
 8  2  5  16  0.6286E-07
 8  2  6  16  0.4572E-07
 8  2  6  16  0.4263E-07
 8  2  6  16  0.3840E-07
 8  2  6  16  0.4033E-07
 8  2  6  16  0.3638E-07
 8  2  6  16  0.3847E-07
 8  2  6  16  0.3866E-07
 8  2  6  16  0.4100E-07
 8  2  6  16  0.3868E-07
 8  2  6  16  0.4091E-07
 8  2  7  16  0.4476E-07
 8  2  7  16  0.4229E-07
 8  2  7  16  0.3919E-07
 8  2  7  16  0.4021E-07
 8  2  7  16  0.4105E-07
 8  2  7  16  0.4100E-07
 8  2  7  16  0.3869E-07
 8  2  7  16  0.4063E-07
 8  2  7  16  0.4026E-07
 8  2  7  16  0.4100E-07
 8  2  8  16  0.4532E-07
 8  2  8  16  0.4199E-07
 8  2  8  16  0.4174E-07
 8  2  8  16  0.4154E-07
 8  2  8  16  0.4390E-07
 8  2  8  16  0.4237E-07
 8  2  8  16  0.4216E-07
 8  2  8  16  0.4195E-07
 8  2  8  16  0.4167E-07
 8  2  8  16  0.4102E-07
 8  2  9  16  0.4292E-07
 8  2  9  16  0.4118E-07
 8  2  9  16  0.3952E-07
 8  2  9  16  0.4164E-07
 8  2  9  16  0.4041E-07
 8  2  9  16  0.4135E-07
 8  2  9  16  0.4112E-07
 8  2  9  16  0.3987E-07
 8  2  9  16  0.4152E-07
 8  2  9  16  0.4004E-07
 8  2  10  16  0.5844E-07
 8  2  10  16  0.5550E-07
 8  2  10  16  0.5606E-07
 8  2  10  16  0.5552E-07
 8  2  10  16  0.5506E-07
 8  2  10  16  0.5863E-07
 8  2  10  16  0.5590E-07
 8  2  10  16  0.5579E-07
 8  2  10  16  0.5625E-07
 8  2  10  16  0.5611E-07
 8  2  11  16  0.5029E-07
 8  2  11  16  0.4860E-07
 8  2  11  16  0.4916E-07
 8  2  11  16  0.4835E-07
 8  2  11  16  0.4918E-07
 8  2  11  16  0.4890E-07
 8  2  11  16  0.4866E-07
 8  2  11  16  0.4990E-07
 8  2  11  16  0.4893E-07
 8  2  11  16  0.4855E-07
 8  2  12  16  0.4080E-07
 8  2  12  16  0.4039E-07
 8  2  12  16  0.3968E-07
 8  2  12  16  0.4038E-07
 8  2  12  16  0.4012E-07
 8  2  12  16  0.4031E-07
 8  2  12  16  0.3989E-07
 8  2  12  16  0.4034E-07
 8  2  12  16  0.3972E-07
 8  2  12  16  0.4009E-07
 8  2  13  16  0.3215E-07
 8  2  13  16  0.3223E-07
 8  2  13  16  0.3228E-07
 8  2  13  16  0.3220E-07
 8  2  13  16  0.3231E-07
 8  2  13  16  0.3234E-07
 8  2  13  16  0.3230E-07
 8  2  13  16  0.3233E-07
 8  2  13  16  0.3227E-07
 8  2  13  16  0.3231E-07
 8  2  14  16  0.2868E-07
 8  2  14  16  0.2866E-07
 8  2  14  16  0.2865E-07
 8  2  14  16  0.2869E-07
 8  2  14  16  0.2866E-07
 8  2  14  16  0.2862E-07
 8  2  14  16  0.2866E-07
 8  2  14  16  0.2864E-07
 8  2  14  16  0.2865E-07
 8  2  14  16  0.2870E-07
 8  2  15  16  0.3207E-07
 8  2  15  16  0.3208E-07
 8  2  15  16  0.3206E-07
 8  2  15  16  0.3218E-07
 8  2  15  16  0.3218E-07
 8  2  15  16  0.3219E-07
 8  2  15  16  0.3218E-07
 8  2  15  16  0.3219E-07
 8  2  15  16  0.3218E-07
 8  2  15  16  0.3233E-07
 8  2  16  16  0.2982E-07
 8  2  16  16  0.2989E-07
 8  2  16  16  0.2995E-07
 8  2  16  16  0.2994E-07
 8  2  16  16  0.2995E-07
 8  2  16  16  0.2995E-07
 8  2  16  16  0.2993E-07
 8  2  16  16  0.2998E-07
 8  2  16  16  0.2994E-07
 8  2  16  16  0.2995E-07
 8  2  17  16  0.3786E-07
 8  2  17  16  0.3795E-07
 8  2  17  16  0.3791E-07
 8  2  17  16  0.3790E-07
 8  2  17  16  0.3789E-07
 8  2  17  16  0.3792E-07
 8  2  17  16  0.3794E-07
 8  2  17  16  0.3798E-07
 8  2  17  16  0.3793E-07
 8  2  17  16  0.3793E-07
 8  2  18  16  0.3614E-07
 8  2  18  16  0.3617E-07
 8  2  18  16  0.3593E-07
 8  2  18  16  0.3598E-07
 8  2  18  16  0.3596E-07
 8  2  18  16  0.3601E-07
 8  2  18  16  0.3595E-07
 8  2  18  16  0.3600E-07
 8  2  18  16  0.3598E-07
 8  2  18  16  0.3610E-07
 8  2  19  16  0.4050E-07
 8  2  19  16  0.4050E-07
 8  2  19  16  0.4047E-07
 8  2  19  16  0.4046E-07
 8  2  19  16  0.4045E-07
 8  2  19  16  0.4051E-07
 8  2  19  16  0.4049E-07
 8  2  19  16  0.4051E-07
 8  2  19  16  0.4049E-07
 8  2  19  16  0.4049E-07
 8  2  20  16  0.3845E-07
 8  2  20  16  0.3840E-07
 8  2  20  16  0.3841E-07
 8  2  20  16  0.3841E-07
 8  2  20  16  0.3840E-07
 8  2  20  16  0.3844E-07
 8  2  20  16  0.3843E-07
 8  2  20  16  0.3840E-07
 8  2  20  16  0.3841E-07
 8  2  20  16  0.3841E-07
