 8  1  3  8  0.3341E-07
 8  1  3  8  0.3543E-07
 8  1  3  8  0.3369E-07
 8  1  3  8  0.3332E-07
 8  1  3  8  0.3600E-07
 8  1  3  8  0.3207E-07
 8  1  3  8  0.3205E-07
 8  1  3  8  0.3258E-07
 8  1  3  8  0.3196E-07
 8  1  3  8  0.3196E-07
 8  1  4  8  0.4422E-07
 8  1  4  8  0.4331E-07
 8  1  4  8  0.4206E-07
 8  1  4  8  0.4196E-07
 8  1  4  8  0.4255E-07
 8  1  4  8  0.5570E-07
 8  1  4  8  0.4200E-07
 8  1  4  8  0.4187E-07
 8  1  4  8  0.4166E-07
 8  1  4  8  0.4192E-07
 8  1  5  8  0.6059E-07
 8  1  5  8  0.5961E-07
 8  1  5  8  0.5948E-07
 8  1  5  8  0.5880E-07
 8  1  5  8  0.5869E-07
 8  1  5  8  0.5865E-07
 8  1  5  8  0.5877E-07
 8  1  5  8  0.5859E-07
 8  1  5  8  0.5896E-07
 8  1  5  8  0.5891E-07
 8  1  6  8  0.4909E-07
 8  1  6  8  0.4933E-07
 8  1  6  8  0.4838E-07
 8  1  6  8  0.4835E-07
 8  1  6  8  0.4839E-07
 8  1  6  8  0.4845E-07
 8  1  6  8  0.4818E-07
 8  1  6  8  0.4838E-07
 8  1  6  8  0.4823E-07
 8  1  6  8  0.4938E-07
 8  1  7  8  0.4733E-07
 8  1  7  8  0.4696E-07
 8  1  7  8  0.4703E-07
 8  1  7  8  0.4690E-07
 8  1  7  8  0.4689E-07
 8  1  7  8  0.4699E-07
 8  1  7  8  0.4696E-07
 8  1  7  8  0.4696E-07
 8  1  7  8  0.4702E-07
 8  1  7  8  0.4699E-07
 8  1  8  8  0.4129E-07
 8  1  8  8  0.4029E-07
 8  1  8  8  0.4042E-07
 8  1  8  8  0.4033E-07
 8  1  8  8  0.4026E-07
 8  1  8  8  0.4032E-07
 8  1  8  8  0.4031E-07
 8  1  8  8  0.4020E-07
 8  1  8  8  0.4025E-07
 8  1  8  8  0.4026E-07
 8  1  9  8  0.5436E-07
 8  1  9  8  0.5410E-07
 8  1  9  8  0.5409E-07
 8  1  9  8  0.5409E-07
 8  1  9  8  0.5406E-07
 8  1  9  8  0.5399E-07
 8  1  9  8  0.5406E-07
 8  1  9  8  0.5410E-07
 8  1  9  8  0.5412E-07
 8  1  9  8  0.5409E-07
 8  1  10  8  0.6867E-07
 8  1  10  8  0.6863E-07
 8  1  10  8  0.6881E-07
 8  1  10  8  0.6875E-07
 8  1  10  8  0.6880E-07
 8  1  10  8  0.6877E-07
 8  1  10  8  0.6882E-07
 8  1  10  8  0.7033E-07
 8  1  10  8  0.7033E-07
 8  1  10  8  0.7033E-07
 8  1  11  8  0.7038E-07
 8  1  11  8  0.7006E-07
 8  1  11  8  0.7000E-07
 8  1  11  8  0.7001E-07
 8  1  11  8  0.6996E-07
 8  1  11  8  0.6997E-07
 8  1  11  8  0.7003E-07
 8  1  11  8  0.7004E-07
 8  1  11  8  0.7006E-07
 8  1  11  8  0.7004E-07
 8  1  12  8  0.6655E-07
 8  1  12  8  0.6656E-07
 8  1  12  8  0.6649E-07
 8  1  12  8  0.6650E-07
 8  1  12  8  0.6655E-07
 8  1  12  8  0.6651E-07
 8  1  12  8  0.6653E-07
 8  1  12  8  0.6653E-07
 8  1  12  8  0.6778E-07
 8  1  12  8  0.6818E-07
 8  1  13  8  0.7435E-07
 8  1  13  8  0.7544E-07
 8  1  13  8  0.7650E-07
 8  1  13  8  0.7645E-07
 8  1  13  8  0.7644E-07
 8  1  13  8  0.7645E-07
 8  1  13  8  0.7638E-07
 8  1  13  8  0.7643E-07
 8  1  13  8  0.7641E-07
 8  1  13  8  0.7643E-07
 8  1  14  8  0.6893E-07
 8  1  14  8  0.6920E-07
 8  1  14  8  0.6913E-07
 8  1  14  8  0.6913E-07
 8  1  14  8  0.6914E-07
 8  1  14  8  0.6904E-07
 8  1  14  8  0.6913E-07
 8  1  14  8  0.6930E-07
 8  1  14  8  0.6952E-07
 8  1  14  8  0.6951E-07
 8  1  15  8  0.7171E-07
 8  1  15  8  0.7145E-07
 8  1  15  8  0.7139E-07
 8  1  15  8  0.7142E-07
 8  1  15  8  0.7151E-07
 8  1  15  8  0.7142E-07
 8  1  15  8  0.7144E-07
 8  1  15  8  0.7144E-07
 8  1  15  8  0.7148E-07
 8  1  15  8  0.7140E-07
 8  1  16  8  0.6747E-07
 8  1  16  8  0.6764E-07
 8  1  16  8  0.6759E-07
 8  1  16  8  0.6762E-07
 8  1  16  8  0.6763E-07
 8  1  16  8  0.6759E-07
 8  1  16  8  0.6740E-07
 8  1  16  8  0.6732E-07
 8  1  16  8  0.6732E-07
 8  1  16  8  0.6730E-07
 8  1  17  8  0.8747E-07
 8  1  17  8  0.8729E-07
 8  1  17  8  0.8731E-07
 8  1  17  8  0.8743E-07
 8  1  17  8  0.8793E-07
 8  1  17  8  0.8789E-07
 8  1  17  8  0.8788E-07
 8  1  17  8  0.8773E-07
 8  1  17  8  0.8773E-07
 8  1  17  8  0.8769E-07
 8  1  18  8  0.8205E-07
 8  1  18  8  0.8195E-07
 8  1  18  8  0.8193E-07
 8  1  18  8  0.8189E-07
 8  1  18  8  0.8191E-07
 8  1  18  8  0.8189E-07
 8  1  18  8  0.8189E-07
 8  1  18  8  0.8192E-07
 8  1  18  8  0.8185E-07
 8  1  18  8  0.8190E-07
 8  1  19  8  0.8916E-07
 8  1  19  8  0.8911E-07
 8  1  19  8  0.8906E-07
 8  1  19  8  0.8897E-07
 8  1  19  8  0.8896E-07
 8  1  19  8  0.8895E-07
 8  1  19  8  0.8897E-07
 8  1  19  8  0.8895E-07
 8  1  19  8  0.8896E-07
 8  1  19  8  0.8896E-07
 8  1  20  8  0.8513E-07
 8  1  20  8  0.8503E-07
 8  1  20  8  0.8501E-07
 8  1  20  8  0.8498E-07
 8  1  20  8  0.8529E-07
 8  1  20  8  0.8519E-07
 8  1  20  8  0.8528E-07
 8  1  20  8  0.8535E-07
 8  1  20  8  0.8535E-07
 8  1  20  8  0.8536E-07
