 8  8  3  64  0.4880E-07
 8  8  3  64  0.5255E-07
 8  8  3  64  0.5072E-07
 8  8  3  64  0.4490E-07
 8  8  3  64  0.4774E-07
 8  8  3  64  0.5480E-07
 8  8  3  64  0.4890E-07
 8  8  3  64  0.4486E-07
 8  8  3  64  0.4402E-07
 8  8  3  64  0.4206E-07
 8  8  4  64  0.3564E-07
 8  8  4  64  0.2619E-07
 8  8  4  64  0.2612E-07
 8  8  4  64  0.2588E-07
 8  8  4  64  0.2222E-07
 8  8  4  64  0.2033E-07
 8  8  4  64  0.2352E-07
 8  8  4  64  0.2963E-07
 8  8  4  64  0.2148E-07
 8  8  4  64  0.2685E-07
 8  8  5  64  0.2250E-07
 8  8  5  64  0.1867E-07
 8  8  5  64  0.1567E-07
 8  8  5  64  0.1591E-07
 8  8  5  64  0.2095E-07
 8  8  5  64  0.2075E-07
 8  8  5  64  0.2318E-07
 8  8  5  64  0.1833E-07
 8  8  5  64  0.2284E-07
 8  8  5  64  0.1796E-07
 8  8  6  64  0.1142E-07
 8  8  6  64  0.1138E-07
 8  8  6  64  0.1107E-07
 8  8  6  64  0.1132E-07
 8  8  6  64  0.1120E-07
 8  8  6  64  0.1126E-07
 8  8  6  64  0.1104E-07
 8  8  6  64  0.1114E-07
 8  8  6  64  0.1112E-07
 8  8  6  64  0.1120E-07
 8  8  7  64  0.2056E-07
 8  8  7  64  0.1753E-07
 8  8  7  64  0.1389E-07
 8  8  7  64  0.1297E-07
 8  8  7  64  0.1368E-07
 8  8  7  64  0.1348E-07
 8  8  7  64  0.1447E-07
 8  8  7  64  0.1313E-07
 8  8  7  64  0.1335E-07
 8  8  7  64  0.1362E-07
 8  8  8  64  0.9058E-08
 8  8  8  64  0.9054E-08
 8  8  8  64  0.9032E-08
 8  8  8  64  0.9073E-08
 8  8  8  64  0.9054E-08
 8  8  8  64  0.9082E-08
 8  8  8  64  0.9132E-08
 8  8  8  64  0.9059E-08
 8  8  8  64  0.9088E-08
 8  8  8  64  0.9102E-08
 8  8  9  64  0.9882E-08
 8  8  9  64  0.9861E-08
 8  8  9  64  0.9858E-08
 8  8  9  64  0.9858E-08
 8  8  9  64  0.9847E-08
 8  8  9  64  0.9858E-08
 8  8  9  64  0.9830E-08
 8  8  9  64  0.9855E-08
 8  8  9  64  0.9842E-08
 8  8  9  64  0.9833E-08
 8  8  10  64  0.9976E-08
 8  8  10  64  0.9970E-08
 8  8  10  64  0.9958E-08
 8  8  10  64  0.9962E-08
 8  8  10  64  0.9950E-08
 8  8  10  64  0.9970E-08
 8  8  10  64  0.9962E-08
 8  8  10  64  0.9966E-08
 8  8  10  64  0.9975E-08
 8  8  10  64  0.9938E-08
 8  8  11  64  0.9464E-08
 8  8  11  64  0.9452E-08
 8  8  11  64  0.9491E-08
 8  8  11  64  0.9457E-08
 8  8  11  64  0.9458E-08
 8  8  11  64  0.9451E-08
 8  8  11  64  0.9469E-08
 8  8  11  64  0.9477E-08
 8  8  11  64  0.9472E-08
 8  8  11  64  0.9478E-08
 8  8  12  64  0.8647E-08
 8  8  12  64  0.8640E-08
 8  8  12  64  0.8643E-08
 8  8  12  64  0.8630E-08
 8  8  12  64  0.8632E-08
 8  8  12  64  0.8641E-08
 8  8  12  64  0.8649E-08
 8  8  12  64  0.8666E-08
 8  8  12  64  0.8659E-08
 8  8  12  64  0.8663E-08
 8  8  13  64  0.9190E-08
 8  8  13  64  0.9179E-08
 8  8  13  64  0.9175E-08
 8  8  13  64  0.9187E-08
 8  8  13  64  0.9183E-08
 8  8  13  64  0.9178E-08
 8  8  13  64  0.9165E-08
 8  8  13  64  0.9163E-08
 8  8  13  64  0.9172E-08
 8  8  13  64  0.9159E-08
 8  8  14  64  0.8158E-08
 8  8  14  64  0.8181E-08
 8  8  14  64  0.8177E-08
 8  8  14  64  0.8173E-08
 8  8  14  64  0.8184E-08
 8  8  14  64  0.8164E-08
 8  8  14  64  0.8154E-08
 8  8  14  64  0.8158E-08
 8  8  14  64  0.8145E-08
 8  8  14  64  0.8158E-08
 8  8  15  64  0.9044E-08
 8  8  15  64  0.9043E-08
 8  8  15  64  0.9031E-08
 8  8  15  64  0.9036E-08
 8  8  15  64  0.9033E-08
 8  8  15  64  0.9022E-08
 8  8  15  64  0.9043E-08
 8  8  15  64  0.9028E-08
 8  8  15  64  0.9061E-08
 8  8  15  64  0.9062E-08
 8  8  16  64  0.8346E-08
 8  8  16  64  0.8351E-08
 8  8  16  64  0.8349E-08
 8  8  16  64  0.8353E-08
 8  8  16  64  0.8344E-08
 8  8  16  64  0.8353E-08
 8  8  16  64  0.8370E-08
 8  8  16  64  0.8377E-08
 8  8  16  64  0.8382E-08
 8  8  16  64  0.8371E-08
 8  8  17  64  0.1032E-07
 8  8  17  64  0.1031E-07
 8  8  17  64  0.1032E-07
 8  8  17  64  0.1033E-07
 8  8  17  64  0.1032E-07
 8  8  17  64  0.1032E-07
 8  8  17  64  0.1032E-07
 8  8  17  64  0.1033E-07
 8  8  17  64  0.1032E-07
 8  8  17  64  0.1032E-07
 8  8  18  64  0.9727E-08
 8  8  18  64  0.9716E-08
 8  8  18  64  0.9717E-08
 8  8  18  64  0.9727E-08
 8  8  18  64  0.9716E-08
 8  8  18  64  0.9715E-08
 8  8  18  64  0.9725E-08
 8  8  18  64  0.9727E-08
 8  8  18  64  0.9733E-08
 8  8  18  64  0.9730E-08
 8  8  19  64  0.1091E-07
 8  8  19  64  0.1090E-07
 8  8  19  64  0.1090E-07
 8  8  19  64  0.1090E-07
 8  8  19  64  0.1090E-07
 8  8  19  64  0.1091E-07
 8  8  19  64  0.1089E-07
 8  8  19  64  0.1090E-07
 8  8  19  64  0.1090E-07
 8  8  19  64  0.1091E-07
 8  8  20  64  0.1036E-07
 8  8  20  64  0.1035E-07
 8  8  20  64  0.1036E-07
 8  8  20  64  0.1035E-07
 8  8  20  64  0.1035E-07
 8  8  20  64  0.1035E-07
 8  8  20  64  0.1036E-07
 8  8  20  64  0.1036E-07
 8  8  20  64  0.1036E-07
 8  8  20  64  0.1036E-07
