 8  8  3  64  0.2787E-07
 8  8  3  64  0.2245E-07
 8  8  3  64  0.2498E-07
 8  8  3  64  0.2961E-07
 8  8  3  64  0.2931E-07
 8  8  3  64  0.3031E-07
 8  8  3  64  0.2622E-07
 8  8  3  64  0.3003E-07
 8  8  3  64  0.3002E-07
 8  8  3  64  0.2919E-07
 8  8  4  64  0.3654E-07
 8  8  4  64  0.2815E-07
 8  8  4  64  0.2206E-07
 8  8  4  64  0.2474E-07
 8  8  4  64  0.2352E-07
 8  8  4  64  0.2359E-07
 8  8  4  64  0.2489E-07
 8  8  4  64  0.2474E-07
 8  8  4  64  0.2196E-07
 8  8  4  64  0.2231E-07
 8  8  5  64  0.2337E-07
 8  8  5  64  0.1583E-07
 8  8  5  64  0.1625E-07
 8  8  5  64  0.1587E-07
 8  8  5  64  0.1883E-07
 8  8  5  64  0.1517E-07
 8  8  5  64  0.1737E-07
 8  8  5  64  0.1475E-07
 8  8  5  64  0.1608E-07
 8  8  5  64  0.1512E-07
 8  8  6  64  0.7116E-08
 8  8  6  64  0.7153E-08
 8  8  6  64  0.7355E-08
 8  8  6  64  0.7455E-08
 8  8  6  64  0.7405E-08
 8  8  6  64  0.6833E-08
 8  8  6  64  0.7581E-08
 8  8  6  64  0.7367E-08
 8  8  6  64  0.7430E-08
 8  8  6  64  0.7821E-08
 8  8  7  64  0.1285E-07
 8  8  7  64  0.1046E-07
 8  8  7  64  0.1113E-07
 8  8  7  64  0.1090E-07
 8  8  7  64  0.1072E-07
 8  8  7  64  0.1067E-07
 8  8  7  64  0.1037E-07
 8  8  7  64  0.1321E-07
 8  8  7  64  0.1355E-07
 8  8  7  64  0.1391E-07
 8  8  8  64  0.6146E-08
 8  8  8  64  0.6070E-08
 8  8  8  64  0.6132E-08
 8  8  8  64  0.6080E-08
 8  8  8  64  0.6033E-08
 8  8  8  64  0.6035E-08
 8  8  8  64  0.6234E-08
 8  8  8  64  0.6238E-08
 8  8  8  64  0.6223E-08
 8  8  8  64  0.6320E-08
 8  8  9  64  0.7595E-08
 8  8  9  64  0.7560E-08
 8  8  9  64  0.7560E-08
 8  8  9  64  0.7547E-08
 8  8  9  64  0.7536E-08
 8  8  9  64  0.7565E-08
 8  8  9  64  0.7562E-08
 8  8  9  64  0.7571E-08
 8  8  9  64  0.7554E-08
 8  8  9  64  0.7563E-08
 8  8  10  64  0.8253E-08
 8  8  10  64  0.8237E-08
 8  8  10  64  0.8243E-08
 8  8  10  64  0.8233E-08
 8  8  10  64  0.8242E-08
 8  8  10  64  0.8229E-08
 8  8  10  64  0.8285E-08
 8  8  10  64  0.8270E-08
 8  8  10  64  0.8275E-08
 8  8  10  64  0.8276E-08
 8  8  11  64  0.8042E-08
 8  8  11  64  0.8048E-08
 8  8  11  64  0.8052E-08
 8  8  11  64  0.8034E-08
 8  8  11  64  0.8037E-08
 8  8  11  64  0.8031E-08
 8  8  11  64  0.8043E-08
 8  8  11  64  0.8047E-08
 8  8  11  64  0.8034E-08
 8  8  11  64  0.8058E-08
 8  8  12  64  0.7454E-08
 8  8  12  64  0.7449E-08
 8  8  12  64  0.7449E-08
 8  8  12  64  0.7446E-08
 8  8  12  64  0.7449E-08
 8  8  12  64  0.7447E-08
 8  8  12  64  0.7448E-08
 8  8  12  64  0.7450E-08
 8  8  12  64  0.7444E-08
 8  8  12  64  0.7444E-08
 8  8  13  64  0.8111E-08
 8  8  13  64  0.8099E-08
 8  8  13  64  0.8118E-08
 8  8  13  64  0.8104E-08
 8  8  13  64  0.8102E-08
 8  8  13  64  0.8097E-08
 8  8  13  64  0.8098E-08
 8  8  13  64  0.8097E-08
 8  8  13  64  0.8121E-08
 8  8  13  64  0.8120E-08
 8  8  14  64  0.7208E-08
 8  8  14  64  0.7228E-08
 8  8  14  64  0.7228E-08
 8  8  14  64  0.7223E-08
 8  8  14  64  0.7222E-08
 8  8  14  64  0.7227E-08
 8  8  14  64  0.7224E-08
 8  8  14  64  0.7231E-08
 8  8  14  64  0.7208E-08
 8  8  14  64  0.7209E-08
 8  8  15  64  0.8035E-08
 8  8  15  64  0.8017E-08
 8  8  15  64  0.8024E-08
 8  8  15  64  0.8008E-08
 8  8  15  64  0.8019E-08
 8  8  15  64  0.8022E-08
 8  8  15  64  0.8019E-08
 8  8  15  64  0.8029E-08
 8  8  15  64  0.8046E-08
 8  8  15  64  0.8022E-08
 8  8  16  64  0.7482E-08
 8  8  16  64  0.7479E-08
 8  8  16  64  0.7484E-08
 8  8  16  64  0.7485E-08
 8  8  16  64  0.7479E-08
 8  8  16  64  0.7476E-08
 8  8  16  64  0.7474E-08
 8  8  16  64  0.7471E-08
 8  8  16  64  0.7471E-08
 8  8  16  64  0.7479E-08
 8  8  17  64  0.9545E-08
 8  8  17  64  0.9540E-08
 8  8  17  64  0.9559E-08
 8  8  17  64  0.9573E-08
 8  8  17  64  0.9569E-08
 8  8  17  64  0.9570E-08
 8  8  17  64  0.9553E-08
 8  8  17  64  0.9545E-08
 8  8  17  64  0.9571E-08
 8  8  17  64  0.9560E-08
 8  8  18  64  0.8965E-08
 8  8  18  64  0.8964E-08
 8  8  18  64  0.8974E-08
 8  8  18  64  0.8965E-08
 8  8  18  64  0.8963E-08
 8  8  18  64  0.8964E-08
 8  8  18  64  0.8965E-08
 8  8  18  64  0.8966E-08
 8  8  18  64  0.8962E-08
 8  8  18  64  0.8965E-08
 8  8  19  64  0.1013E-07
 8  8  19  64  0.1013E-07
 8  8  19  64  0.1013E-07
 8  8  19  64  0.1013E-07
 8  8  19  64  0.1013E-07
 8  8  19  64  0.1013E-07
 8  8  19  64  0.1013E-07
 8  8  19  64  0.1013E-07
 8  8  19  64  0.1012E-07
 8  8  19  64  0.1013E-07
 8  8  20  64  0.9612E-08
 8  8  20  64  0.9617E-08
 8  8  20  64  0.9624E-08
 8  8  20  64  0.9613E-08
 8  8  20  64  0.9610E-08
 8  8  20  64  0.9617E-08
 8  8  20  64  0.9612E-08
 8  8  20  64  0.9604E-08
 8  8  20  64  0.9609E-08
 8  8  20  64  0.9610E-08
