 8  2  3  16  0.7177E-07
 8  2  3  16  0.7250E-07
 8  2  3  16  0.7147E-07
 8  2  3  16  0.7082E-07
 8  2  3  16  0.6947E-07
 8  2  3  16  0.6948E-07
 8  2  3  16  0.7017E-07
 8  2  3  16  0.6950E-07
 8  2  3  16  0.7056E-07
 8  2  3  16  0.6899E-07
 8  2  4  16  0.5370E-07
 8  2  4  16  0.5206E-07
 8  2  4  16  0.5171E-07
 8  2  4  16  0.5236E-07
 8  2  4  16  0.5199E-07
 8  2  4  16  0.5203E-07
 8  2  4  16  0.5274E-07
 8  2  4  16  0.5155E-07
 8  2  4  16  0.5163E-07
 8  2  4  16  0.5143E-07
 8  2  5  16  0.5689E-07
 8  2  5  16  0.5611E-07
 8  2  5  16  0.5283E-07
 8  2  5  16  0.5860E-07
 8  2  5  16  0.5942E-07
 8  2  5  16  0.5509E-07
 8  2  5  16  0.5460E-07
 8  2  5  16  0.5800E-07
 8  2  5  16  0.5566E-07
 8  2  5  16  0.5474E-07
 8  2  6  16  0.3053E-07
 8  2  6  16  0.3033E-07
 8  2  6  16  0.3074E-07
 8  2  6  16  0.3014E-07
 8  2  6  16  0.3017E-07
 8  2  6  16  0.3006E-07
 8  2  6  16  0.2988E-07
 8  2  6  16  0.2992E-07
 8  2  6  16  0.3015E-07
 8  2  6  16  0.2983E-07
 8  2  7  16  0.2873E-07
 8  2  7  16  0.2790E-07
 8  2  7  16  0.2791E-07
 8  2  7  16  0.2786E-07
 8  2  7  16  0.2802E-07
 8  2  7  16  0.2776E-07
 8  2  7  16  0.2781E-07
 8  2  7  16  0.2801E-07
 8  2  7  16  0.2783E-07
 8  2  7  16  0.2762E-07
 8  2  8  16  0.2639E-07
 8  2  8  16  0.2621E-07
 8  2  8  16  0.2615E-07
 8  2  8  16  0.2578E-07
 8  2  8  16  0.2648E-07
 8  2  8  16  0.2608E-07
 8  2  8  16  0.2641E-07
 8  2  8  16  0.2607E-07
 8  2  8  16  0.2599E-07
 8  2  8  16  0.2707E-07
 8  2  9  16  0.3629E-07
 8  2  9  16  0.3607E-07
 8  2  9  16  0.3605E-07
 8  2  9  16  0.3601E-07
 8  2  9  16  0.3607E-07
 8  2  9  16  0.3596E-07
 8  2  9  16  0.3594E-07
 8  2  9  16  0.3602E-07
 8  2  9  16  0.3609E-07
 8  2  9  16  0.3622E-07
 8  2  10  16  0.4192E-07
 8  2  10  16  0.4166E-07
 8  2  10  16  0.4180E-07
 8  2  10  16  0.4175E-07
 8  2  10  16  0.4176E-07
 8  2  10  16  0.4179E-07
 8  2  10  16  0.4179E-07
 8  2  10  16  0.4178E-07
 8  2  10  16  0.4180E-07
 8  2  10  16  0.4177E-07
 8  2  11  16  0.4164E-07
 8  2  11  16  0.4157E-07
 8  2  11  16  0.4188E-07
 8  2  11  16  0.4183E-07
 8  2  11  16  0.4181E-07
 8  2  11  16  0.4176E-07
 8  2  11  16  0.4182E-07
 8  2  11  16  0.4180E-07
 8  2  11  16  0.4174E-07
 8  2  11  16  0.4171E-07
 8  2  12  16  0.3803E-07
 8  2  12  16  0.3777E-07
 8  2  12  16  0.3787E-07
 8  2  12  16  0.3804E-07
 8  2  12  16  0.3844E-07
 8  2  12  16  0.3842E-07
 8  2  12  16  0.3843E-07
 8  2  12  16  0.3843E-07
 8  2  12  16  0.3842E-07
 8  2  12  16  0.3842E-07
 8  2  13  16  0.4158E-07
 8  2  13  16  0.4142E-07
 8  2  13  16  0.4140E-07
 8  2  13  16  0.4144E-07
 8  2  13  16  0.4155E-07
 8  2  13  16  0.4153E-07
 8  2  13  16  0.4154E-07
 8  2  13  16  0.4152E-07
 8  2  13  16  0.4152E-07
 8  2  13  16  0.4151E-07
 8  2  14  16  0.3760E-07
 8  2  14  16  0.3754E-07
 8  2  14  16  0.3757E-07
 8  2  14  16  0.3756E-07
 8  2  14  16  0.3756E-07
 8  2  14  16  0.3753E-07
 8  2  14  16  0.3752E-07
 8  2  14  16  0.3758E-07
 8  2  14  16  0.3804E-07
 8  2  14  16  0.3805E-07
 8  2  15  16  0.3925E-07
 8  2  15  16  0.3945E-07
 8  2  15  16  0.3960E-07
 8  2  15  16  0.3962E-07
 8  2  15  16  0.3953E-07
 8  2  15  16  0.3953E-07
 8  2  15  16  0.3954E-07
 8  2  15  16  0.3957E-07
 8  2  15  16  0.3948E-07
 8  2  15  16  0.3951E-07
 8  2  16  16  0.3641E-07
 8  2  16  16  0.3639E-07
 8  2  16  16  0.3652E-07
 8  2  16  16  0.3653E-07
 8  2  16  16  0.3657E-07
 8  2  16  16  0.3656E-07
 8  2  16  16  0.3655E-07
 8  2  16  16  0.3655E-07
 8  2  16  16  0.3655E-07
 8  2  16  16  0.3660E-07
 8  2  17  16  0.4625E-07
 8  2  17  16  0.4618E-07
 8  2  17  16  0.4618E-07
 8  2  17  16  0.4619E-07
 8  2  17  16  0.4619E-07
 8  2  17  16  0.4615E-07
 8  2  17  16  0.4611E-07
 8  2  17  16  0.4613E-07
 8  2  17  16  0.4625E-07
 8  2  17  16  0.4617E-07
 8  2  18  16  0.4325E-07
 8  2  18  16  0.4313E-07
 8  2  18  16  0.4312E-07
 8  2  18  16  0.4319E-07
 8  2  18  16  0.4321E-07
 8  2  18  16  0.4319E-07
 8  2  18  16  0.4317E-07
 8  2  18  16  0.4308E-07
 8  2  18  16  0.4310E-07
 8  2  18  16  0.4325E-07
 8  2  19  16  0.4648E-07
 8  2  19  16  0.4624E-07
 8  2  19  16  0.4626E-07
 8  2  19  16  0.4623E-07
 8  2  19  16  0.4620E-07
 8  2  19  16  0.4622E-07
 8  2  19  16  0.4625E-07
 8  2  19  16  0.4623E-07
 8  2  19  16  0.4620E-07
 8  2  19  16  0.4618E-07
 8  2  20  16  0.4433E-07
 8  2  20  16  0.4416E-07
 8  2  20  16  0.4411E-07
 8  2  20  16  0.4426E-07
 8  2  20  16  0.4437E-07
 8  2  20  16  0.4435E-07
 8  2  20  16  0.4432E-07
 8  2  20  16  0.4430E-07
 8  2  20  16  0.4435E-07
 8  2  20  16  0.4421E-07
