 8  1  3  8  0.1227E-06
 8  1  3  8  0.1147E-06
 8  1  3  8  0.1114E-06
 8  1  3  8  0.1153E-06
 8  1  3  8  0.1120E-06
 8  1  3  8  0.1147E-06
 8  1  3  8  0.1052E-06
 8  1  3  8  0.1051E-06
 8  1  3  8  0.1062E-06
 8  1  3  8  0.1067E-06
 8  1  4  8  0.6862E-07
 8  1  4  8  0.6705E-07
 8  1  4  8  0.7419E-07
 8  1  4  8  0.7668E-07
 8  1  4  8  0.6468E-07
 8  1  4  8  0.6477E-07
 8  1  4  8  0.6429E-07
 8  1  4  8  0.6422E-07
 8  1  4  8  0.6404E-07
 8  1  4  8  0.6455E-07
 8  1  5  8  0.6179E-07
 8  1  5  8  0.6044E-07
 8  1  5  8  0.6062E-07
 8  1  5  8  0.6036E-07
 8  1  5  8  0.6035E-07
 8  1  5  8  0.6042E-07
 8  1  5  8  0.6026E-07
 8  1  5  8  0.6033E-07
 8  1  5  8  0.6062E-07
 8  1  5  8  0.6031E-07
 8  1  6  8  0.4827E-07
 8  1  6  8  0.4745E-07
 8  1  6  8  0.4745E-07
 8  1  6  8  0.4750E-07
 8  1  6  8  0.4730E-07
 8  1  6  8  0.4735E-07
 8  1  6  8  0.4744E-07
 8  1  6  8  0.4736E-07
 8  1  6  8  0.4735E-07
 8  1  6  8  0.4734E-07
 8  1  7  8  0.4588E-07
 8  1  7  8  0.4508E-07
 8  1  7  8  0.4492E-07
 8  1  7  8  0.4505E-07
 8  1  7  8  0.4489E-07
 8  1  7  8  0.4490E-07
 8  1  7  8  0.4545E-07
 8  1  7  8  0.4500E-07
 8  1  7  8  0.4488E-07
 8  1  7  8  0.4493E-07
 8  1  8  8  0.3894E-07
 8  1  8  8  0.3817E-07
 8  1  8  8  0.3804E-07
 8  1  8  8  0.3810E-07
 8  1  8  8  0.3808E-07
 8  1  8  8  0.3799E-07
 8  1  8  8  0.3787E-07
 8  1  8  8  0.3795E-07
 8  1  8  8  0.3793E-07
 8  1  8  8  0.3788E-07
 8  1  9  8  0.5153E-07
 8  1  9  8  0.5015E-07
 8  1  9  8  0.5015E-07
 8  1  9  8  0.5013E-07
 8  1  9  8  0.5023E-07
 8  1  9  8  0.5026E-07
 8  1  9  8  0.5014E-07
 8  1  9  8  0.5021E-07
 8  1  9  8  0.5029E-07
 8  1  9  8  0.5030E-07
 8  1  10  8  0.6565E-07
 8  1  10  8  0.6523E-07
 8  1  10  8  0.6518E-07
 8  1  10  8  0.6520E-07
 8  1  10  8  0.6522E-07
 8  1  10  8  0.6618E-07
 8  1  10  8  0.6737E-07
 8  1  10  8  0.6742E-07
 8  1  10  8  0.6741E-07
 8  1  10  8  0.6733E-07
 8  1  11  8  0.6698E-07
 8  1  11  8  0.6678E-07
 8  1  11  8  0.6675E-07
 8  1  11  8  0.6676E-07
 8  1  11  8  0.6675E-07
 8  1  11  8  0.6672E-07
 8  1  11  8  0.6675E-07
 8  1  11  8  0.6676E-07
 8  1  11  8  0.6677E-07
 8  1  11  8  0.6674E-07
 8  1  12  8  0.6433E-07
 8  1  12  8  0.6414E-07
 8  1  12  8  0.6411E-07
 8  1  12  8  0.6408E-07
 8  1  12  8  0.6487E-07
 8  1  12  8  0.6565E-07
 8  1  12  8  0.6563E-07
 8  1  12  8  0.6563E-07
 8  1  12  8  0.6563E-07
 8  1  12  8  0.6535E-07
 8  1  13  8  0.7198E-07
 8  1  13  8  0.7206E-07
 8  1  13  8  0.7211E-07
 8  1  13  8  0.7203E-07
 8  1  13  8  0.7207E-07
 8  1  13  8  0.7211E-07
 8  1  13  8  0.7209E-07
 8  1  13  8  0.7207E-07
 8  1  13  8  0.7207E-07
 8  1  13  8  0.7206E-07
 8  1  14  8  0.6439E-07
 8  1  14  8  0.6425E-07
 8  1  14  8  0.6438E-07
 8  1  14  8  0.6435E-07
 8  1  14  8  0.6429E-07
 8  1  14  8  0.6438E-07
 8  1  14  8  0.6476E-07
 8  1  14  8  0.6550E-07
 8  1  14  8  0.6551E-07
 8  1  14  8  0.6542E-07
 8  1  15  8  0.6886E-07
 8  1  15  8  0.6844E-07
 8  1  15  8  0.6854E-07
 8  1  15  8  0.6842E-07
 8  1  15  8  0.6850E-07
 8  1  15  8  0.6848E-07
 8  1  15  8  0.6842E-07
 8  1  15  8  0.6850E-07
 8  1  15  8  0.6842E-07
 8  1  15  8  0.6850E-07
 8  1  16  8  0.6391E-07
 8  1  16  8  0.6380E-07
 8  1  16  8  0.6378E-07
 8  1  16  8  0.6392E-07
 8  1  16  8  0.6381E-07
 8  1  16  8  0.6383E-07
 8  1  16  8  0.6383E-07
 8  1  16  8  0.6383E-07
 8  1  16  8  0.6391E-07
 8  1  16  8  0.6411E-07
 8  1  17  8  0.8224E-07
 8  1  17  8  0.8201E-07
 8  1  17  8  0.8199E-07
 8  1  17  8  0.8190E-07
 8  1  17  8  0.8188E-07
 8  1  17  8  0.8191E-07
 8  1  17  8  0.8206E-07
 8  1  17  8  0.8195E-07
 8  1  17  8  0.8204E-07
 8  1  17  8  0.8199E-07
 8  1  18  8  0.7978E-07
 8  1  18  8  0.7958E-07
 8  1  18  8  0.7967E-07
 8  1  18  8  0.7966E-07
 8  1  18  8  0.7958E-07
 8  1  18  8  0.7963E-07
 8  1  18  8  0.7960E-07
 8  1  18  8  0.7964E-07
 8  1  18  8  0.7961E-07
 8  1  18  8  0.7963E-07
 8  1  19  8  0.8637E-07
 8  1  19  8  0.8623E-07
 8  1  19  8  0.8627E-07
 8  1  19  8  0.8614E-07
 8  1  19  8  0.8629E-07
 8  1  19  8  0.8624E-07
 8  1  19  8  0.8623E-07
 8  1  19  8  0.8627E-07
 8  1  19  8  0.8644E-07
 8  1  19  8  0.8664E-07
 8  1  20  8  0.8024E-07
 8  1  20  8  0.8018E-07
 8  1  20  8  0.8016E-07
 8  1  20  8  0.8015E-07
 8  1  20  8  0.8037E-07
 8  1  20  8  0.8064E-07
 8  1  20  8  0.8046E-07
 8  1  20  8  0.8046E-07
 8  1  20  8  0.8037E-07
 8  1  20  8  0.8027E-07
