 8  16  3  128  0.3337E-07
 8  16  3  128  0.1619E-07
 8  16  3  128  0.1582E-07
 8  16  3  128  0.1561E-07
 8  16  3  128  0.1784E-07
 8  16  3  128  0.1610E-07
 8  16  3  128  0.1543E-07
 8  16  3  128  0.1525E-07
 8  16  3  128  0.1522E-07
 8  16  3  128  0.1814E-07
 8  16  4  128  0.1474E-07
 8  16  4  128  0.8586E-08
 8  16  4  128  0.7848E-08
 8  16  4  128  0.9109E-08
 8  16  4  128  0.7974E-08
 8  16  4  128  0.7848E-08
 8  16  4  128  0.7693E-08
 8  16  4  128  0.9119E-08
 8  16  4  128  0.7683E-08
 8  16  4  128  0.8139E-08
 8  16  5  128  0.1431E-07
 8  16  5  128  0.1062E-07
 8  16  5  128  0.7520E-08
 8  16  5  128  0.8499E-08
 8  16  5  128  0.6770E-08
 8  16  5  128  0.6855E-08
 8  16  5  128  0.7336E-08
 8  16  5  128  0.6850E-08
 8  16  5  128  0.7207E-08
 8  16  5  128  0.6750E-08
 8  16  6  128  0.1003E-07
 8  16  6  128  0.6088E-08
 8  16  6  128  0.5617E-08
 8  16  6  128  0.5896E-08
 8  16  6  128  0.5341E-08
 8  16  6  128  0.5835E-08
 8  16  6  128  0.5487E-08
 8  16  6  128  0.5798E-08
 8  16  6  128  0.5726E-08
 8  16  6  128  0.5484E-08
 8  16  7  128  0.3791E-08
 8  16  7  128  0.3760E-08
 8  16  7  128  0.3744E-08
 8  16  7  128  0.3741E-08
 8  16  7  128  0.3732E-08
 8  16  7  128  0.3742E-08
 8  16  7  128  0.3736E-08
 8  16  7  128  0.3747E-08
 8  16  7  128  0.3735E-08
 8  16  7  128  0.3848E-08
 8  16  8  128  0.3752E-08
 8  16  8  128  0.3732E-08
 8  16  8  128  0.3747E-08
 8  16  8  128  0.3717E-08
 8  16  8  128  0.3749E-08
 8  16  8  128  0.3727E-08
 8  16  8  128  0.3728E-08
 8  16  8  128  0.3721E-08
 8  16  8  128  0.3746E-08
 8  16  8  128  0.3724E-08
 8  16  9  128  0.4426E-08
 8  16  9  128  0.4356E-08
 8  16  9  128  0.4395E-08
 8  16  9  128  0.4408E-08
 8  16  9  128  0.4366E-08
 8  16  9  128  0.4362E-08
 8  16  9  128  0.4404E-08
 8  16  9  128  0.4355E-08
 8  16  9  128  0.4363E-08
 8  16  9  128  0.4407E-08
 8  16  10  128  0.4481E-08
 8  16  10  128  0.4467E-08
 8  16  10  128  0.4486E-08
 8  16  10  128  0.4462E-08
 8  16  10  128  0.4466E-08
 8  16  10  128  0.4469E-08
 8  16  10  128  0.4467E-08
 8  16  10  128  0.4464E-08
 8  16  10  128  0.4472E-08
 8  16  10  128  0.4465E-08
 8  16  11  128  0.4312E-08
 8  16  11  128  0.4299E-08
 8  16  11  128  0.4306E-08
 8  16  11  128  0.4311E-08
 8  16  11  128  0.4300E-08
 8  16  11  128  0.4302E-08
 8  16  11  128  0.4309E-08
 8  16  11  128  0.4316E-08
 8  16  11  128  0.4305E-08
 8  16  11  128  0.4315E-08
 8  16  12  128  0.3999E-08
 8  16  12  128  0.3986E-08
 8  16  12  128  0.4003E-08
 8  16  12  128  0.3999E-08
 8  16  12  128  0.3995E-08
 8  16  12  128  0.4000E-08
 8  16  12  128  0.4000E-08
 8  16  12  128  0.4002E-08
 8  16  12  128  0.4001E-08
 8  16  12  128  0.3994E-08
 8  16  13  128  0.4391E-08
 8  16  13  128  0.4398E-08
 8  16  13  128  0.4395E-08
 8  16  13  128  0.4394E-08
 8  16  13  128  0.4394E-08
 8  16  13  128  0.4399E-08
 8  16  13  128  0.4397E-08
 8  16  13  128  0.4381E-08
 8  16  13  128  0.4391E-08
 8  16  13  128  0.4388E-08
 8  16  14  128  0.3866E-08
 8  16  14  128  0.3872E-08
 8  16  14  128  0.3869E-08
 8  16  14  128  0.3870E-08
 8  16  14  128  0.3861E-08
 8  16  14  128  0.3863E-08
 8  16  14  128  0.3858E-08
 8  16  14  128  0.3859E-08
 8  16  14  128  0.3863E-08
 8  16  14  128  0.3866E-08
 8  16  15  128  0.4306E-08
 8  16  15  128  0.4302E-08
 8  16  15  128  0.4296E-08
 8  16  15  128  0.4299E-08
 8  16  15  128  0.4304E-08
 8  16  15  128  0.4303E-08
 8  16  15  128  0.4305E-08
 8  16  15  128  0.4300E-08
 8  16  15  128  0.4297E-08
 8  16  15  128  0.4299E-08
 8  16  16  128  0.4062E-08
 8  16  16  128  0.4059E-08
 8  16  16  128  0.4054E-08
 8  16  16  128  0.4050E-08
 8  16  16  128  0.4047E-08
 8  16  16  128  0.4053E-08
 8  16  16  128  0.4061E-08
 8  16  16  128  0.4056E-08
 8  16  16  128  0.4057E-08
 8  16  16  128  0.4056E-08
 8  16  17  128  0.5070E-08
 8  16  17  128  0.5064E-08
 8  16  17  128  0.5065E-08
 8  16  17  128  0.5080E-08
 8  16  17  128  0.5067E-08
 8  16  17  128  0.5068E-08
 8  16  17  128  0.5074E-08
 8  16  17  128  0.5074E-08
 8  16  17  128  0.5070E-08
 8  16  17  128  0.5066E-08
 8  16  18  128  0.4682E-08
 8  16  18  128  0.4683E-08
 8  16  18  128  0.4686E-08
 8  16  18  128  0.4684E-08
 8  16  18  128  0.4681E-08
 8  16  18  128  0.4677E-08
 8  16  18  128  0.4680E-08
 8  16  18  128  0.4684E-08
 8  16  18  128  0.4676E-08
 8  16  18  128  0.4675E-08
 8  16  19  128  0.5329E-08
 8  16  19  128  0.5322E-08
 8  16  19  128  0.5329E-08
 8  16  19  128  0.5334E-08
 8  16  19  128  0.5328E-08
 8  16  19  128  0.5328E-08
 8  16  19  128  0.5332E-08
 8  16  19  128  0.5327E-08
 8  16  19  128  0.5330E-08
 8  16  19  128  0.5329E-08
 8  16  20  128  0.5043E-08
 8  16  20  128  0.5039E-08
 8  16  20  128  0.5039E-08
 8  16  20  128  0.5039E-08
 8  16  20  128  0.5038E-08
 8  16  20  128  0.5041E-08
 8  16  20  128  0.5044E-08
 8  16  20  128  0.5044E-08
 8  16  20  128  0.5040E-08
 8  16  20  128  0.5042E-08
