 8  32  3  256  0.7366E-08
 8  32  3  256  0.7210E-08
 8  32  3  256  0.7163E-08
 8  32  3  256  0.1403E-07
 8  32  3  256  0.1403E-07
 8  32  3  256  0.1341E-07
 8  32  3  256  0.1307E-07
 8  32  3  256  0.1403E-07
 8  32  3  256  0.1277E-07
 8  32  3  256  0.1196E-07
 8  32  4  256  0.4340E-08
 8  32  4  256  0.4008E-08
 8  32  4  256  0.3969E-08
 8  32  4  256  0.3995E-08
 8  32  4  256  0.3991E-08
 8  32  4  256  0.6388E-08
 8  32  4  256  0.6020E-08
 8  32  4  256  0.6364E-08
 8  32  4  256  0.5981E-08
 8  32  4  256  0.6835E-08
 8  32  5  256  0.5045E-08
 8  32  5  256  0.4587E-08
 8  32  5  256  0.3310E-08
 8  32  5  256  0.3369E-08
 8  32  5  256  0.3467E-08
 8  32  5  256  0.3292E-08
 8  32  5  256  0.3286E-08
 8  32  5  256  0.3218E-08
 8  32  5  256  0.6219E-08
 8  32  5  256  0.6936E-08
 8  32  6  256  0.2780E-08
 8  32  6  256  0.2623E-08
 8  32  6  256  0.2614E-08
 8  32  6  256  0.2537E-08
 8  32  6  256  0.2523E-08
 8  32  6  256  0.2532E-08
 8  32  6  256  0.2551E-08
 8  32  6  256  0.2553E-08
 8  32  6  256  0.2525E-08
 8  32  6  256  0.2527E-08
 8  32  7  256  0.2828E-08
 8  32  7  256  0.2774E-08
 8  32  7  256  0.2715E-08
 8  32  7  256  0.2711E-08
 8  32  7  256  0.2704E-08
 8  32  7  256  0.2727E-08
 8  32  7  256  0.2702E-08
 8  32  7  256  0.2717E-08
 8  32  7  256  0.2721E-08
 8  32  7  256  0.2767E-08
 8  32  8  256  0.2318E-08
 8  32  8  256  0.2260E-08
 8  32  8  256  0.2258E-08
 8  32  8  256  0.2260E-08
 8  32  8  256  0.2256E-08
 8  32  8  256  0.2254E-08
 8  32  8  256  0.2249E-08
 8  32  8  256  0.2255E-08
 8  32  8  256  0.2263E-08
 8  32  8  256  0.2256E-08
 8  32  9  256  0.2583E-08
 8  32  9  256  0.2575E-08
 8  32  9  256  0.2527E-08
 8  32  9  256  0.2557E-08
 8  32  9  256  0.2528E-08
 8  32  9  256  0.2532E-08
 8  32  9  256  0.2557E-08
 8  32  9  256  0.2532E-08
 8  32  9  256  0.2534E-08
 8  32  9  256  0.2528E-08
 8  32  10  256  0.2641E-08
 8  32  10  256  0.2636E-08
 8  32  10  256  0.2616E-08
 8  32  10  256  0.2615E-08
 8  32  10  256  0.2615E-08
 8  32  10  256  0.2616E-08
 8  32  10  256  0.2616E-08
 8  32  10  256  0.2614E-08
 8  32  10  256  0.2615E-08
 8  32  10  256  0.2615E-08
 8  32  11  256  0.2513E-08
 8  32  11  256  0.2503E-08
 8  32  11  256  0.2490E-08
 8  32  11  256  0.2481E-08
 8  32  11  256  0.2478E-08
 8  32  11  256  0.2505E-08
 8  32  11  256  0.2501E-08
 8  32  11  256  0.2499E-08
 8  32  11  256  0.2474E-08
 8  32  11  256  0.2476E-08
 8  32  12  256  0.2459E-08
 8  32  12  256  0.2421E-08
 8  32  12  256  0.2405E-08
 8  32  12  256  0.2418E-08
 8  32  12  256  0.2401E-08
 8  32  12  256  0.2404E-08
 8  32  12  256  0.2400E-08
 8  32  12  256  0.2393E-08
 8  32  12  256  0.2413E-08
 8  32  12  256  0.2424E-08
 8  32  13  256  0.2582E-08
 8  32  13  256  0.2545E-08
 8  32  13  256  0.2539E-08
 8  32  13  256  0.2545E-08
 8  32  13  256  0.2543E-08
 8  32  13  256  0.2543E-08
 8  32  13  256  0.2547E-08
 8  32  13  256  0.2540E-08
 8  32  13  256  0.2543E-08
 8  32  13  256  0.2542E-08
 8  32  14  256  0.2344E-08
 8  32  14  256  0.2313E-08
 8  32  14  256  0.2314E-08
 8  32  14  256  0.2309E-08
 8  32  14  256  0.2313E-08
 8  32  14  256  0.2313E-08
 8  32  14  256  0.2311E-08
 8  32  14  256  0.2315E-08
 8  32  14  256  0.2314E-08
 8  32  14  256  0.2314E-08
 8  32  15  256  0.2567E-08
 8  32  15  256  0.2525E-08
 8  32  15  256  0.2528E-08
 8  32  15  256  0.2524E-08
 8  32  15  256  0.2526E-08
 8  32  15  256  0.2526E-08
 8  32  15  256  0.2523E-08
 8  32  15  256  0.2522E-08
 8  32  15  256  0.2524E-08
 8  32  15  256  0.2520E-08
 8  32  16  256  0.2570E-08
 8  32  16  256  0.2539E-08
 8  32  16  256  0.2557E-08
 8  32  16  256  0.2547E-08
 8  32  16  256  0.2548E-08
 8  32  16  256  0.2546E-08
 8  32  16  256  0.2555E-08
 8  32  16  256  0.2543E-08
 8  32  16  256  0.2557E-08
 8  32  16  256  0.2542E-08
 8  32  17  256  0.2962E-08
 8  32  17  256  0.2943E-08
 8  32  17  256  0.2942E-08
 8  32  17  256  0.2938E-08
 8  32  17  256  0.2924E-08
 8  32  17  256  0.2939E-08
 8  32  17  256  0.2939E-08
 8  32  17  256  0.2932E-08
 8  32  17  256  0.2928E-08
 8  32  17  256  0.2941E-08
 8  32  18  256  0.2703E-08
 8  32  18  256  0.2676E-08
 8  32  18  256  0.2673E-08
 8  32  18  256  0.2676E-08
 8  32  18  256  0.2680E-08
 8  32  18  256  0.2672E-08
 8  32  18  256  0.2668E-08
 8  32  18  256  0.2678E-08
 8  32  18  256  0.2674E-08
 8  32  18  256  0.2675E-08
 8  32  19  256  0.3040E-08
 8  32  19  256  0.3029E-08
 8  32  19  256  0.3008E-08
 8  32  19  256  0.3017E-08
 8  32  19  256  0.3009E-08
 8  32  19  256  0.3013E-08
 8  32  19  256  0.3022E-08
 8  32  19  256  0.3008E-08
 8  32  19  256  0.3015E-08
 8  32  19  256  0.3010E-08
 8  32  20  256  0.2912E-08
 8  32  20  256  0.2898E-08
 8  32  20  256  0.2894E-08
 8  32  20  256  0.2899E-08
 8  32  20  256  0.2899E-08
 8  32  20  256  0.2897E-08
 8  32  20  256  0.2899E-08
 8  32  20  256  0.2894E-08
 8  32  20  256  0.2895E-08
 8  32  20  256  0.2893E-08
