 8  64  3  512  0.7438E-08
 8  64  3  512  0.8051E-08
 8  64  3  512  0.7981E-08
 8  64  3  512  0.7002E-08
 8  64  3  512  0.5980E-08
 8  64  3  512  0.5415E-08
 8  64  3  512  0.5206E-08
 8  64  3  512  0.7425E-08
 8  64  3  512  0.6050E-08
 8  64  3  512  0.5150E-08
 8  64  4  512  0.2064E-07
 8  64  4  512  0.5668E-08
 8  64  4  512  0.5493E-08
 8  64  4  512  0.5311E-08
 8  64  4  512  0.5838E-08
 8  64  4  512  0.5675E-08
 8  64  4  512  0.5513E-08
 8  64  4  512  0.5615E-08
 8  64  4  512  0.5522E-08
 8  64  4  512  0.5219E-08
 8  64  5  512  0.1548E-07
 8  64  5  512  0.6666E-08
 8  64  5  512  0.4807E-08
 8  64  5  512  0.4699E-08
 8  64  5  512  0.4385E-08
 8  64  5  512  0.4890E-08
 8  64  5  512  0.5131E-08
 8  64  5  512  0.4636E-08
 8  64  5  512  0.4609E-08
 8  64  5  512  0.4650E-08
 8  64  6  512  0.2330E-08
 8  64  6  512  0.2206E-08
 8  64  6  512  0.2224E-08
 8  64  6  512  0.2258E-08
 8  64  6  512  0.2227E-08
 8  64  6  512  0.2220E-08
 8  64  6  512  0.2211E-08
 8  64  6  512  0.2227E-08
 8  64  6  512  0.2218E-08
 8  64  6  512  0.2223E-08
 8  64  7  512  0.2217E-08
 8  64  7  512  0.2096E-08
 8  64  7  512  0.2093E-08
 8  64  7  512  0.2091E-08
 8  64  7  512  0.2093E-08
 8  64  7  512  0.2096E-08
 8  64  7  512  0.2090E-08
 8  64  7  512  0.2104E-08
 8  64  7  512  0.2125E-08
 8  64  7  512  0.2112E-08
 8  64  8  512  0.1892E-08
 8  64  8  512  0.1854E-08
 8  64  8  512  0.1852E-08
 8  64  8  512  0.1842E-08
 8  64  8  512  0.1853E-08
 8  64  8  512  0.1839E-08
 8  64  8  512  0.1854E-08
 8  64  8  512  0.1835E-08
 8  64  8  512  0.1836E-08
 8  64  8  512  0.1855E-08
 8  64  9  512  0.1721E-08
 8  64  9  512  0.1707E-08
 8  64  9  512  0.1709E-08
 8  64  9  512  0.1724E-08
 8  64  9  512  0.1714E-08
 8  64  9  512  0.1715E-08
 8  64  9  512  0.1701E-08
 8  64  9  512  0.1701E-08
 8  64  9  512  0.1694E-08
 8  64  9  512  0.1698E-08
 8  64  10  512  0.1771E-08
 8  64  10  512  0.1749E-08
 8  64  10  512  0.1755E-08
 8  64  10  512  0.1750E-08
 8  64  10  512  0.1753E-08
 8  64  10  512  0.1746E-08
 8  64  10  512  0.1751E-08
 8  64  10  512  0.1746E-08
 8  64  10  512  0.1748E-08
 8  64  10  512  0.1745E-08
 8  64  11  512  0.1655E-08
 8  64  11  512  0.1659E-08
 8  64  11  512  0.1655E-08
 8  64  11  512  0.1651E-08
 8  64  11  512  0.1647E-08
 8  64  11  512  0.1639E-08
 8  64  11  512  0.1648E-08
 8  64  11  512  0.1642E-08
 8  64  11  512  0.1643E-08
 8  64  11  512  0.1658E-08
 8  64  12  512  0.1616E-08
 8  64  12  512  0.1613E-08
 8  64  12  512  0.1620E-08
 8  64  12  512  0.1612E-08
 8  64  12  512  0.1608E-08
 8  64  12  512  0.1605E-08
 8  64  12  512  0.1605E-08
 8  64  12  512  0.1605E-08
 8  64  12  512  0.1605E-08
 8  64  12  512  0.1607E-08
 8  64  13  512  0.1668E-08
 8  64  13  512  0.1663E-08
 8  64  13  512  0.1670E-08
 8  64  13  512  0.1663E-08
 8  64  13  512  0.1660E-08
 8  64  13  512  0.1657E-08
 8  64  13  512  0.1655E-08
 8  64  13  512  0.1666E-08
 8  64  13  512  0.1659E-08
 8  64  13  512  0.1673E-08
 8  64  14  512  0.1530E-08
 8  64  14  512  0.1520E-08
 8  64  14  512  0.1530E-08
 8  64  14  512  0.1529E-08
 8  64  14  512  0.1519E-08
 8  64  14  512  0.1521E-08
 8  64  14  512  0.1524E-08
 8  64  14  512  0.1528E-08
 8  64  14  512  0.1529E-08
 8  64  14  512  0.1535E-08
 8  64  15  512  0.1636E-08
 8  64  15  512  0.1625E-08
 8  64  15  512  0.1620E-08
 8  64  15  512  0.1625E-08
 8  64  15  512  0.1624E-08
 8  64  15  512  0.1625E-08
 8  64  15  512  0.1623E-08
 8  64  15  512  0.1621E-08
 8  64  15  512  0.1623E-08
 8  64  15  512  0.1629E-08
 8  64  16  512  0.1741E-08
 8  64  16  512  0.1741E-08
 8  64  16  512  0.1741E-08
 8  64  16  512  0.1739E-08
 8  64  16  512  0.1740E-08
 8  64  16  512  0.1733E-08
 8  64  16  512  0.1742E-08
 8  64  16  512  0.1742E-08
 8  64  16  512  0.1744E-08
 8  64  16  512  0.1739E-08
 8  64  17  512  0.1952E-08
 8  64  17  512  0.1945E-08
 8  64  17  512  0.1950E-08
 8  64  17  512  0.1951E-08
 8  64  17  512  0.1948E-08
 8  64  17  512  0.1952E-08
 8  64  17  512  0.1949E-08
 8  64  17  512  0.1949E-08
 8  64  17  512  0.1947E-08
 8  64  17  512  0.1950E-08
 8  64  18  512  0.1800E-08
 8  64  18  512  0.1794E-08
 8  64  18  512  0.1794E-08
 8  64  18  512  0.1794E-08
 8  64  18  512  0.1794E-08
 8  64  18  512  0.1800E-08
 8  64  18  512  0.1793E-08
 8  64  18  512  0.1797E-08
 8  64  18  512  0.1794E-08
 8  64  18  512  0.1794E-08
 8  64  19  512  0.1984E-08
 8  64  19  512  0.1979E-08
 8  64  19  512  0.1981E-08
 8  64  19  512  0.1979E-08
 8  64  19  512  0.1983E-08
 8  64  19  512  0.1983E-08
 8  64  19  512  0.1983E-08
 8  64  19  512  0.1982E-08
 8  64  19  512  0.1983E-08
 8  64  19  512  0.1978E-08
 8  64  20  512  0.1880E-08
 8  64  20  512  0.1877E-08
 8  64  20  512  0.1884E-08
 8  64  20  512  0.1877E-08
 8  64  20  512  0.1878E-08
 8  64  20  512  0.1877E-08
 8  64  20  512  0.1882E-08
 8  64  20  512  0.1881E-08
 8  64  20  512  0.1877E-08
 8  64  20  512  0.1876E-08
