 8  16  3  128  0.1360E-07
 8  16  3  128  0.1282E-07
 8  16  3  128  0.2854E-07
 8  16  3  128  0.2461E-07
 8  16  3  128  0.2557E-07
 8  16  3  128  0.2488E-07
 8  16  3  128  0.2518E-07
 8  16  3  128  0.2277E-07
 8  16  3  128  0.2334E-07
 8  16  3  128  0.2198E-07
 8  16  4  128  0.7493E-08
 8  16  4  128  0.7120E-08
 8  16  4  128  0.6827E-08
 8  16  4  128  0.7006E-08
 8  16  4  128  0.1054E-07
 8  16  4  128  0.1171E-07
 8  16  4  128  0.1009E-07
 8  16  4  128  0.9973E-08
 8  16  4  128  0.9847E-08
 8  16  4  128  0.1042E-07
 8  16  5  128  0.6103E-08
 8  16  5  128  0.5642E-08
 8  16  5  128  0.5590E-08
 8  16  5  128  0.5526E-08
 8  16  5  128  0.5714E-08
 8  16  5  128  0.5561E-08
 8  16  5  128  0.8518E-08
 8  16  5  128  0.8668E-08
 8  16  5  128  0.7977E-08
 8  16  5  128  0.8479E-08
 8  16  6  128  0.4896E-08
 8  16  6  128  0.4474E-08
 8  16  6  128  0.4541E-08
 8  16  6  128  0.4409E-08
 8  16  6  128  0.4529E-08
 8  16  6  128  0.4510E-08
 8  16  6  128  0.4392E-08
 8  16  6  128  0.4476E-08
 8  16  6  128  0.4495E-08
 8  16  6  128  0.8330E-08
 8  16  7  128  0.4980E-08
 8  16  7  128  0.4661E-08
 8  16  7  128  0.4633E-08
 8  16  7  128  0.4619E-08
 8  16  7  128  0.4614E-08
 8  16  7  128  0.4616E-08
 8  16  7  128  0.4602E-08
 8  16  7  128  0.4620E-08
 8  16  7  128  0.4614E-08
 8  16  7  128  0.4611E-08
 8  16  8  128  0.4598E-08
 8  16  8  128  0.4446E-08
 8  16  8  128  0.4447E-08
 8  16  8  128  0.4502E-08
 8  16  8  128  0.4437E-08
 8  16  8  128  0.4446E-08
 8  16  8  128  0.4440E-08
 8  16  8  128  0.4440E-08
 8  16  8  128  0.4434E-08
 8  16  8  128  0.4432E-08
 8  16  9  128  0.5026E-08
 8  16  9  128  0.4967E-08
 8  16  9  128  0.4974E-08
 8  16  9  128  0.5031E-08
 8  16  9  128  0.4965E-08
 8  16  9  128  0.4991E-08
 8  16  9  128  0.4978E-08
 8  16  9  128  0.5018E-08
 8  16  9  128  0.5057E-08
 8  16  9  128  0.5098E-08
 8  16  10  128  0.4831E-08
 8  16  10  128  0.4818E-08
 8  16  10  128  0.4801E-08
 8  16  10  128  0.4794E-08
 8  16  10  128  0.4794E-08
 8  16  10  128  0.4785E-08
 8  16  10  128  0.4799E-08
 8  16  10  128  0.4792E-08
 8  16  10  128  0.4816E-08
 8  16  10  128  0.4814E-08
 8  16  11  128  0.4679E-08
 8  16  11  128  0.4633E-08
 8  16  11  128  0.4627E-08
 8  16  11  128  0.4636E-08
 8  16  11  128  0.4677E-08
 8  16  11  128  0.4630E-08
 8  16  11  128  0.4630E-08
 8  16  11  128  0.4634E-08
 8  16  11  128  0.4644E-08
 8  16  11  128  0.4638E-08
 8  16  12  128  0.4391E-08
 8  16  12  128  0.4308E-08
 8  16  12  128  0.4300E-08
 8  16  12  128  0.4306E-08
 8  16  12  128  0.4311E-08
 8  16  12  128  0.4304E-08
 8  16  12  128  0.4307E-08
 8  16  12  128  0.4319E-08
 8  16  12  128  0.4311E-08
 8  16  12  128  0.4326E-08
 8  16  13  128  0.4776E-08
 8  16  13  128  0.4693E-08
 8  16  13  128  0.4687E-08
 8  16  13  128  0.4699E-08
 8  16  13  128  0.4689E-08
 8  16  13  128  0.4693E-08
 8  16  13  128  0.4688E-08
 8  16  13  128  0.4704E-08
 8  16  13  128  0.4687E-08
 8  16  13  128  0.4696E-08
 8  16  14  128  0.4257E-08
 8  16  14  128  0.4196E-08
 8  16  14  128  0.4197E-08
 8  16  14  128  0.4209E-08
 8  16  14  128  0.4192E-08
 8  16  14  128  0.4194E-08
 8  16  14  128  0.4194E-08
 8  16  14  128  0.4192E-08
 8  16  14  128  0.4196E-08
 8  16  14  128  0.4193E-08
 8  16  15  128  0.4665E-08
 8  16  15  128  0.4643E-08
 8  16  15  128  0.4640E-08
 8  16  15  128  0.4642E-08
 8  16  15  128  0.4635E-08
 8  16  15  128  0.4651E-08
 8  16  15  128  0.4643E-08
 8  16  15  128  0.4644E-08
 8  16  15  128  0.4643E-08
 8  16  15  128  0.4644E-08
 8  16  16  128  0.4406E-08
 8  16  16  128  0.4389E-08
 8  16  16  128  0.4383E-08
 8  16  16  128  0.4383E-08
 8  16  16  128  0.4380E-08
 8  16  16  128  0.4384E-08
 8  16  16  128  0.4380E-08
 8  16  16  128  0.4382E-08
 8  16  16  128  0.4377E-08
 8  16  16  128  0.4375E-08
 8  16  17  128  0.5434E-08
 8  16  17  128  0.5404E-08
 8  16  17  128  0.5384E-08
 8  16  17  128  0.5374E-08
 8  16  17  128  0.5383E-08
 8  16  17  128  0.5376E-08
 8  16  17  128  0.5379E-08
 8  16  17  128  0.5375E-08
 8  16  17  128  0.5386E-08
 8  16  17  128  0.5379E-08
 8  16  18  128  0.5033E-08
 8  16  18  128  0.4999E-08
 8  16  18  128  0.4989E-08
 8  16  18  128  0.4990E-08
 8  16  18  128  0.4999E-08
 8  16  18  128  0.4994E-08
 8  16  18  128  0.4991E-08
 8  16  18  128  0.4997E-08
 8  16  18  128  0.4994E-08
 8  16  18  128  0.4989E-08
 8  16  19  128  0.5643E-08
 8  16  19  128  0.5620E-08
 8  16  19  128  0.5620E-08
 8  16  19  128  0.5623E-08
 8  16  19  128  0.5627E-08
 8  16  19  128  0.5629E-08
 8  16  19  128  0.5629E-08
 8  16  19  128  0.5629E-08
 8  16  19  128  0.5631E-08
 8  16  19  128  0.5628E-08
 8  16  20  128  0.5363E-08
 8  16  20  128  0.5336E-08
 8  16  20  128  0.5340E-08
 8  16  20  128  0.5335E-08
 8  16  20  128  0.5334E-08
 8  16  20  128  0.5336E-08
 8  16  20  128  0.5340E-08
 8  16  20  128  0.5339E-08
 8  16  20  128  0.5340E-08
 8  16  20  128  0.5337E-08
