 8  64  3  512  0.7900E-08
 8  64  3  512  0.7427E-08
 8  64  3  512  0.7365E-08
 8  64  3  512  0.7319E-08
 8  64  3  512  0.7390E-08
 8  64  3  512  0.7360E-08
 8  64  3  512  0.7320E-08
 8  64  3  512  0.7343E-08
 8  64  3  512  0.7335E-08
 8  64  3  512  0.7396E-08
 8  64  4  512  0.4292E-08
 8  64  4  512  0.3870E-08
 8  64  4  512  0.3872E-08
 8  64  4  512  0.3879E-08
 8  64  4  512  0.3871E-08
 8  64  4  512  0.3854E-08
 8  64  4  512  0.3798E-08
 8  64  4  512  0.3821E-08
 8  64  4  512  0.3810E-08
 8  64  4  512  0.3846E-08
 8  64  5  512  0.3186E-08
 8  64  5  512  0.2814E-08
 8  64  5  512  0.2844E-08
 8  64  5  512  0.2835E-08
 8  64  5  512  0.2818E-08
 8  64  5  512  0.2837E-08
 8  64  5  512  0.2848E-08
 8  64  5  512  0.2830E-08
 8  64  5  512  0.2820E-08
 8  64  5  512  0.2845E-08
 8  64  6  512  0.2727E-08
 8  64  6  512  0.2495E-08
 8  64  6  512  0.2486E-08
 8  64  6  512  0.2500E-08
 8  64  6  512  0.2488E-08
 8  64  6  512  0.2514E-08
 8  64  6  512  0.2512E-08
 8  64  6  512  0.2503E-08
 8  64  6  512  0.2498E-08
 8  64  6  512  0.2505E-08
 8  64  7  512  0.2862E-08
 8  64  7  512  0.2715E-08
 8  64  7  512  0.2677E-08
 8  64  7  512  0.2721E-08
 8  64  7  512  0.2702E-08
 8  64  7  512  0.2688E-08
 8  64  7  512  0.2713E-08
 8  64  7  512  0.2721E-08
 8  64  7  512  0.2676E-08
 8  64  7  512  0.2711E-08
 8  64  8  512  0.2625E-08
 8  64  8  512  0.2449E-08
 8  64  8  512  0.2449E-08
 8  64  8  512  0.2446E-08
 8  64  8  512  0.2456E-08
 8  64  8  512  0.2455E-08
 8  64  8  512  0.2447E-08
 8  64  8  512  0.2466E-08
 8  64  8  512  0.2440E-08
 8  64  8  512  0.2450E-08
 8  64  9  512  0.2164E-08
 8  64  9  512  0.2138E-08
 8  64  9  512  0.2150E-08
 8  64  9  512  0.2161E-08
 8  64  9  512  0.2161E-08
 8  64  9  512  0.2152E-08
 8  64  9  512  0.2202E-08
 8  64  9  512  0.2147E-08
 8  64  9  512  0.2145E-08
 8  64  9  512  0.2139E-08
 8  64  10  512  0.2317E-08
 8  64  10  512  0.2277E-08
 8  64  10  512  0.2055E-08
 8  64  10  512  0.2059E-08
 8  64  10  512  0.2058E-08
 8  64  10  512  0.2057E-08
 8  64  10  512  0.2063E-08
 8  64  10  512  0.2074E-08
 8  64  10  512  0.2083E-08
 8  64  10  512  0.2068E-08
 8  64  11  512  0.2111E-08
 8  64  11  512  0.2011E-08
 8  64  11  512  0.2008E-08
 8  64  11  512  0.2008E-08
 8  64  11  512  0.2006E-08
 8  64  11  512  0.2005E-08
 8  64  11  512  0.2015E-08
 8  64  11  512  0.2017E-08
 8  64  11  512  0.2016E-08
 8  64  11  512  0.2008E-08
 8  64  12  512  0.2061E-08
 8  64  12  512  0.1941E-08
 8  64  12  512  0.1852E-08
 8  64  12  512  0.1854E-08
 8  64  12  512  0.1855E-08
 8  64  12  512  0.1861E-08
 8  64  12  512  0.1864E-08
 8  64  12  512  0.1861E-08
 8  64  12  512  0.1854E-08
 8  64  12  512  0.1854E-08
 8  64  13  512  0.1849E-08
 8  64  13  512  0.1835E-08
 8  64  13  512  0.1844E-08
 8  64  13  512  0.1842E-08
 8  64  13  512  0.1851E-08
 8  64  13  512  0.1842E-08
 8  64  13  512  0.1836E-08
 8  64  13  512  0.1839E-08
 8  64  13  512  0.1835E-08
 8  64  13  512  0.1835E-08
 8  64  14  512  0.1760E-08
 8  64  14  512  0.1726E-08
 8  64  14  512  0.1732E-08
 8  64  14  512  0.1722E-08
 8  64  14  512  0.1722E-08
 8  64  14  512  0.1720E-08
 8  64  14  512  0.1717E-08
 8  64  14  512  0.1735E-08
 8  64  14  512  0.1727E-08
 8  64  14  512  0.1725E-08
 8  64  15  512  0.1821E-08
 8  64  15  512  0.1805E-08
 8  64  15  512  0.1803E-08
 8  64  15  512  0.1827E-08
 8  64  15  512  0.1815E-08
 8  64  15  512  0.1812E-08
 8  64  15  512  0.1802E-08
 8  64  15  512  0.1803E-08
 8  64  15  512  0.1813E-08
 8  64  15  512  0.1807E-08
 8  64  16  512  0.1648E-08
 8  64  16  512  0.1706E-08
 8  64  16  512  0.1645E-08
 8  64  16  512  0.1640E-08
 8  64  16  512  0.1645E-08
 8  64  16  512  0.1654E-08
 8  64  16  512  0.1641E-08
 8  64  16  512  0.1640E-08
 8  64  16  512  0.1641E-08
 8  64  16  512  0.1655E-08
 8  64  17  512  0.2000E-08
 8  64  17  512  0.2000E-08
 8  64  17  512  0.1998E-08
 8  64  17  512  0.1997E-08
 8  64  17  512  0.1999E-08
 8  64  17  512  0.1998E-08
 8  64  17  512  0.1992E-08
 8  64  17  512  0.1995E-08
 8  64  17  512  0.2001E-08
 8  64  17  512  0.2000E-08
 8  64  18  512  0.1913E-08
 8  64  18  512  0.1900E-08
 8  64  18  512  0.1906E-08
 8  64  18  512  0.1900E-08
 8  64  18  512  0.1912E-08
 8  64  18  512  0.1898E-08
 8  64  18  512  0.1902E-08
 8  64  18  512  0.1901E-08
 8  64  18  512  0.1903E-08
 8  64  18  512  0.1908E-08
 8  64  19  512  0.2087E-08
 8  64  19  512  0.2081E-08
 8  64  19  512  0.2080E-08
 8  64  19  512  0.2081E-08
 8  64  19  512  0.2081E-08
 8  64  19  512  0.2080E-08
 8  64  19  512  0.2081E-08
 8  64  19  512  0.2080E-08
 8  64  19  512  0.2082E-08
 8  64  19  512  0.2077E-08
 8  64  20  512  0.1970E-08
 8  64  20  512  0.1966E-08
 8  64  20  512  0.1965E-08
 8  64  20  512  0.1963E-08
 8  64  20  512  0.1969E-08
 8  64  20  512  0.1966E-08
 8  64  20  512  0.1964E-08
 8  64  20  512  0.1965E-08
 8  64  20  512  0.2049E-08
 8  64  20  512  0.1965E-08
