 8  8  3  64  0.1043E-06
 8  8  3  64  0.1033E-06
 8  8  3  64  0.1025E-06
 8  8  3  64  0.1022E-06
 8  8  3  64  0.1034E-06
 8  8  3  64  0.9629E-07
 8  8  3  64  0.9694E-07
 8  8  3  64  0.1027E-06
 8  8  3  64  0.9765E-07
 8  8  3  64  0.9859E-07
 8  8  4  64  0.3968E-07
 8  8  4  64  0.3899E-07
 8  8  4  64  0.3876E-07
 8  8  4  64  0.3908E-07
 8  8  4  64  0.3942E-07
 8  8  4  64  0.3928E-07
 8  8  4  64  0.3937E-07
 8  8  4  64  0.3890E-07
 8  8  4  64  0.3977E-07
 8  8  4  64  0.3908E-07
 8  8  5  64  0.2511E-07
 8  8  5  64  0.2526E-07
 8  8  5  64  0.2479E-07
 8  8  5  64  0.2450E-07
 8  8  5  64  0.2434E-07
 8  8  5  64  0.2485E-07
 8  8  5  64  0.2588E-07
 8  8  5  64  0.2486E-07
 8  8  5  64  0.2494E-07
 8  8  5  64  0.2506E-07
 8  8  6  64  0.1804E-07
 8  8  6  64  0.1722E-07
 8  8  6  64  0.1694E-07
 8  8  6  64  0.1773E-07
 8  8  6  64  0.1718E-07
 8  8  6  64  0.1773E-07
 8  8  6  64  0.1723E-07
 8  8  6  64  0.1693E-07
 8  8  6  64  0.1689E-07
 8  8  6  64  0.1661E-07
 8  8  7  64  0.1331E-07
 8  8  7  64  0.1296E-07
 8  8  7  64  0.1259E-07
 8  8  7  64  0.1244E-07
 8  8  7  64  0.1267E-07
 8  8  7  64  0.1297E-07
 8  8  7  64  0.1238E-07
 8  8  7  64  0.1293E-07
 8  8  7  64  0.1271E-07
 8  8  7  64  0.1295E-07
 8  8  8  64  0.1105E-07
 8  8  8  64  0.1092E-07
 8  8  8  64  0.1086E-07
 8  8  8  64  0.1081E-07
 8  8  8  64  0.1080E-07
 8  8  8  64  0.1082E-07
 8  8  8  64  0.1080E-07
 8  8  8  64  0.1079E-07
 8  8  8  64  0.1081E-07
 8  8  8  64  0.1087E-07
 8  8  9  64  0.1195E-07
 8  8  9  64  0.1178E-07
 8  8  9  64  0.1172E-07
 8  8  9  64  0.1175E-07
 8  8  9  64  0.1172E-07
 8  8  9  64  0.1176E-07
 8  8  9  64  0.1178E-07
 8  8  9  64  0.1176E-07
 8  8  9  64  0.1172E-07
 8  8  9  64  0.1174E-07
 8  8  10  64  0.1253E-07
 8  8  10  64  0.1249E-07
 8  8  10  64  0.1248E-07
 8  8  10  64  0.1249E-07
 8  8  10  64  0.1247E-07
 8  8  10  64  0.1244E-07
 8  8  10  64  0.1245E-07
 8  8  10  64  0.1245E-07
 8  8  10  64  0.1243E-07
 8  8  10  64  0.1245E-07
 8  8  11  64  0.1216E-07
 8  8  11  64  0.1213E-07
 8  8  11  64  0.1210E-07
 8  8  11  64  0.1211E-07
 8  8  11  64  0.1210E-07
 8  8  11  64  0.1209E-07
 8  8  11  64  0.1209E-07
 8  8  11  64  0.1207E-07
 8  8  11  64  0.1210E-07
 8  8  11  64  0.1210E-07
 8  8  12  64  0.1109E-07
 8  8  12  64  0.1095E-07
 8  8  12  64  0.1092E-07
 8  8  12  64  0.1092E-07
 8  8  12  64  0.1093E-07
 8  8  12  64  0.1093E-07
 8  8  12  64  0.1093E-07
 8  8  12  64  0.1092E-07
 8  8  12  64  0.1093E-07
 8  8  12  64  0.1094E-07
 8  8  13  64  0.1157E-07
 8  8  13  64  0.1152E-07
 8  8  13  64  0.1153E-07
 8  8  13  64  0.1154E-07
 8  8  13  64  0.1152E-07
 8  8  13  64  0.1154E-07
 8  8  13  64  0.1154E-07
 8  8  13  64  0.1155E-07
 8  8  13  64  0.1156E-07
 8  8  13  64  0.1154E-07
 8  8  14  64  0.1010E-07
 8  8  14  64  0.1009E-07
 8  8  14  64  0.1006E-07
 8  8  14  64  0.1011E-07
 8  8  14  64  0.1010E-07
 8  8  14  64  0.1010E-07
 8  8  14  64  0.1008E-07
 8  8  14  64  0.1012E-07
 8  8  14  64  0.1009E-07
 8  8  14  64  0.1010E-07
 8  8  15  64  0.1051E-07
 8  8  15  64  0.1052E-07
 8  8  15  64  0.1051E-07
 8  8  15  64  0.1053E-07
 8  8  15  64  0.1052E-07
 8  8  15  64  0.1052E-07
 8  8  15  64  0.1053E-07
 8  8  15  64  0.1053E-07
 8  8  15  64  0.1054E-07
 8  8  15  64  0.1054E-07
 8  8  16  64  0.9678E-08
 8  8  16  64  0.9517E-08
 8  8  16  64  0.9523E-08
 8  8  16  64  0.9506E-08
 8  8  16  64  0.9504E-08
 8  8  16  64  0.9510E-08
 8  8  16  64  0.9510E-08
 8  8  16  64  0.9508E-08
 8  8  16  64  0.9505E-08
 8  8  16  64  0.9499E-08
 8  8  17  64  0.1171E-07
 8  8  17  64  0.1172E-07
 8  8  17  64  0.1171E-07
 8  8  17  64  0.1171E-07
 8  8  17  64  0.1171E-07
 8  8  17  64  0.1171E-07
 8  8  17  64  0.1171E-07
 8  8  17  64  0.1170E-07
 8  8  17  64  0.1171E-07
 8  8  17  64  0.1167E-07
 8  8  18  64  0.1133E-07
 8  8  18  64  0.1131E-07
 8  8  18  64  0.1131E-07
 8  8  18  64  0.1130E-07
 8  8  18  64  0.1130E-07
 8  8  18  64  0.1130E-07
 8  8  18  64  0.1130E-07
 8  8  18  64  0.1129E-07
 8  8  18  64  0.1132E-07
 8  8  18  64  0.1131E-07
 8  8  19  64  0.1191E-07
 8  8  19  64  0.1191E-07
 8  8  19  64  0.1193E-07
 8  8  19  64  0.1192E-07
 8  8  19  64  0.1191E-07
 8  8  19  64  0.1190E-07
 8  8  19  64  0.1191E-07
 8  8  19  64  0.1192E-07
 8  8  19  64  0.1191E-07
 8  8  19  64  0.1193E-07
 8  8  20  64  0.1117E-07
 8  8  20  64  0.1116E-07
 8  8  20  64  0.1115E-07
 8  8  20  64  0.1115E-07
 8  8  20  64  0.1115E-07
 8  8  20  64  0.1115E-07
 8  8  20  64  0.1115E-07
 8  8  20  64  0.1117E-07
 8  8  20  64  0.1116E-07
 8  8  20  64  0.1117E-07
