 8  32  3  256  0.3631E-07
 8  32  3  256  0.1152E-07
 8  32  3  256  0.1158E-07
 8  32  3  256  0.1057E-07
 8  32  3  256  0.1013E-07
 8  32  3  256  0.9934E-08
 8  32  3  256  0.1292E-07
 8  32  3  256  0.1042E-07
 8  32  3  256  0.1022E-07
 8  32  3  256  0.1206E-07
 8  32  4  256  0.1443E-07
 8  32  4  256  0.6369E-08
 8  32  4  256  0.5273E-08
 8  32  4  256  0.4720E-08
 8  32  4  256  0.5166E-08
 8  32  4  256  0.4560E-08
 8  32  4  256  0.4540E-08
 8  32  4  256  0.4560E-08
 8  32  4  256  0.4598E-08
 8  32  4  256  0.4763E-08
 8  32  5  256  0.9594E-08
 8  32  5  256  0.4354E-08
 8  32  5  256  0.4001E-08
 8  32  5  256  0.4470E-08
 8  32  5  256  0.3874E-08
 8  32  5  256  0.3969E-08
 8  32  5  256  0.3936E-08
 8  32  5  256  0.3411E-08
 8  32  5  256  0.3989E-08
 8  32  5  256  0.4083E-08
 8  32  6  256  0.1985E-08
 8  32  6  256  0.1922E-08
 8  32  6  256  0.1926E-08
 8  32  6  256  0.1944E-08
 8  32  6  256  0.1943E-08
 8  32  6  256  0.1929E-08
 8  32  6  256  0.1928E-08
 8  32  6  256  0.1935E-08
 8  32  6  256  0.1934E-08
 8  32  6  256  0.1929E-08
 8  32  7  256  0.2176E-08
 8  32  7  256  0.2117E-08
 8  32  7  256  0.2128E-08
 8  32  7  256  0.2179E-08
 8  32  7  256  0.2116E-08
 8  32  7  256  0.2136E-08
 8  32  7  256  0.2112E-08
 8  32  7  256  0.2132E-08
 8  32  7  256  0.2168E-08
 8  32  7  256  0.2186E-08
 8  32  8  256  0.2001E-08
 8  32  8  256  0.1965E-08
 8  32  8  256  0.1963E-08
 8  32  8  256  0.1978E-08
 8  32  8  256  0.1971E-08
 8  32  8  256  0.1970E-08
 8  32  8  256  0.1963E-08
 8  32  8  256  0.1973E-08
 8  32  8  256  0.1977E-08
 8  32  8  256  0.1969E-08
 8  32  9  256  0.2321E-08
 8  32  9  256  0.2297E-08
 8  32  9  256  0.2304E-08
 8  32  9  256  0.2301E-08
 8  32  9  256  0.2304E-08
 8  32  9  256  0.2296E-08
 8  32  9  256  0.2306E-08
 8  32  9  256  0.2305E-08
 8  32  9  256  0.2303E-08
 8  32  9  256  0.2297E-08
 8  32  10  256  0.2406E-08
 8  32  10  256  0.2397E-08
 8  32  10  256  0.2399E-08
 8  32  10  256  0.2396E-08
 8  32  10  256  0.2413E-08
 8  32  10  256  0.2398E-08
 8  32  10  256  0.2395E-08
 8  32  10  256  0.2401E-08
 8  32  10  256  0.2403E-08
 8  32  10  256  0.2398E-08
 8  32  11  256  0.2292E-08
 8  32  11  256  0.2278E-08
 8  32  11  256  0.2280E-08
 8  32  11  256  0.2276E-08
 8  32  11  256  0.2281E-08
 8  32  11  256  0.2278E-08
 8  32  11  256  0.2280E-08
 8  32  11  256  0.2279E-08
 8  32  11  256  0.2277E-08
 8  32  11  256  0.2277E-08
 8  32  12  256  0.2211E-08
 8  32  12  256  0.2218E-08
 8  32  12  256  0.2206E-08
 8  32  12  256  0.2241E-08
 8  32  12  256  0.2230E-08
 8  32  12  256  0.2229E-08
 8  32  12  256  0.2211E-08
 8  32  12  256  0.2219E-08
 8  32  12  256  0.2226E-08
 8  32  12  256  0.2215E-08
 8  32  13  256  0.2367E-08
 8  32  13  256  0.2365E-08
 8  32  13  256  0.2367E-08
 8  32  13  256  0.2365E-08
 8  32  13  256  0.2368E-08
 8  32  13  256  0.2371E-08
 8  32  13  256  0.2364E-08
 8  32  13  256  0.2364E-08
 8  32  13  256  0.2359E-08
 8  32  13  256  0.2365E-08
 8  32  14  256  0.2127E-08
 8  32  14  256  0.2131E-08
 8  32  14  256  0.2124E-08
 8  32  14  256  0.2125E-08
 8  32  14  256  0.2132E-08
 8  32  14  256  0.2121E-08
 8  32  14  256  0.2127E-08
 8  32  14  256  0.2127E-08
 8  32  14  256  0.2128E-08
 8  32  14  256  0.2122E-08
 8  32  15  256  0.2343E-08
 8  32  15  256  0.2337E-08
 8  32  15  256  0.2340E-08
 8  32  15  256  0.2334E-08
 8  32  15  256  0.2334E-08
 8  32  15  256  0.2334E-08
 8  32  15  256  0.2339E-08
 8  32  15  256  0.2341E-08
 8  32  15  256  0.2334E-08
 8  32  15  256  0.2336E-08
 8  32  16  256  0.2359E-08
 8  32  16  256  0.2358E-08
 8  32  16  256  0.2359E-08
 8  32  16  256  0.2344E-08
 8  32  16  256  0.2345E-08
 8  32  16  256  0.2350E-08
 8  32  16  256  0.2356E-08
 8  32  16  256  0.2354E-08
 8  32  16  256  0.2357E-08
 8  32  16  256  0.2350E-08
 8  32  17  256  0.2746E-08
 8  32  17  256  0.2754E-08
 8  32  17  256  0.2745E-08
 8  32  17  256  0.2745E-08
 8  32  17  256  0.2744E-08
 8  32  17  256  0.2753E-08
 8  32  17  256  0.2744E-08
 8  32  17  256  0.2745E-08
 8  32  17  256  0.2753E-08
 8  32  17  256  0.2749E-08
 8  32  18  256  0.2492E-08
 8  32  18  256  0.2486E-08
 8  32  18  256  0.2485E-08
 8  32  18  256  0.2487E-08
 8  32  18  256  0.2499E-08
 8  32  18  256  0.2503E-08
 8  32  18  256  0.2487E-08
 8  32  18  256  0.2485E-08
 8  32  18  256  0.2487E-08
 8  32  18  256  0.2488E-08
 8  32  19  256  0.2836E-08
 8  32  19  256  0.2830E-08
 8  32  19  256  0.2835E-08
 8  32  19  256  0.2831E-08
 8  32  19  256  0.2836E-08
 8  32  19  256  0.2837E-08
 8  32  19  256  0.2838E-08
 8  32  19  256  0.2838E-08
 8  32  19  256  0.2835E-08
 8  32  19  256  0.2836E-08
 8  32  20  256  0.2721E-08
 8  32  20  256  0.2720E-08
 8  32  20  256  0.2717E-08
 8  32  20  256  0.2719E-08
 8  32  20  256  0.2723E-08
 8  32  20  256  0.2722E-08
 8  32  20  256  0.2722E-08
 8  32  20  256  0.2718E-08
 8  32  20  256  0.2719E-08
 8  32  20  256  0.2716E-08
