 8  4  3  32  0.6055E-07
 8  4  3  32  0.5686E-07
 8  4  3  32  0.5776E-07
 8  4  3  32  0.5814E-07
 8  4  3  32  0.5711E-07
 8  4  3  32  0.5734E-07
 8  4  3  32  0.5796E-07
 8  4  3  32  0.5695E-07
 8  4  3  32  0.5705E-07
 8  4  3  32  0.5813E-07
 8  4  4  32  0.3206E-07
 8  4  4  32  0.3093E-07
 8  4  4  32  0.3113E-07
 8  4  4  32  0.3096E-07
 8  4  4  32  0.3103E-07
 8  4  4  32  0.3074E-07
 8  4  4  32  0.3083E-07
 8  4  4  32  0.3023E-07
 8  4  4  32  0.3087E-07
 8  4  4  32  0.3068E-07
 8  4  5  32  0.2558E-07
 8  4  5  32  0.2420E-07
 8  4  5  32  0.2395E-07
 8  4  5  32  0.2456E-07
 8  4  5  32  0.2327E-07
 8  4  5  32  0.2327E-07
 8  4  5  32  0.2452E-07
 8  4  5  32  0.2388E-07
 8  4  5  32  0.2330E-07
 8  4  5  32  0.2405E-07
 8  4  6  32  0.1778E-07
 8  4  6  32  0.1755E-07
 8  4  6  32  0.1706E-07
 8  4  6  32  0.1678E-07
 8  4  6  32  0.1729E-07
 8  4  6  32  0.1790E-07
 8  4  6  32  0.1674E-07
 8  4  6  32  0.1736E-07
 8  4  6  32  0.1705E-07
 8  4  6  32  0.1718E-07
 8  4  7  32  0.1677E-07
 8  4  7  32  0.1654E-07
 8  4  7  32  0.1574E-07
 8  4  7  32  0.1570E-07
 8  4  7  32  0.1530E-07
 8  4  7  32  0.1517E-07
 8  4  7  32  0.1522E-07
 8  4  7  32  0.1563E-07
 8  4  7  32  0.1525E-07
 8  4  7  32  0.1522E-07
 8  4  8  32  0.1803E-07
 8  4  8  32  0.1749E-07
 8  4  8  32  0.1767E-07
 8  4  8  32  0.1748E-07
 8  4  8  32  0.1738E-07
 8  4  8  32  0.1745E-07
 8  4  8  32  0.1762E-07
 8  4  8  32  0.1783E-07
 8  4  8  32  0.1737E-07
 8  4  8  32  0.1748E-07
 8  4  9  32  0.2115E-07
 8  4  9  32  0.2081E-07
 8  4  9  32  0.2084E-07
 8  4  9  32  0.2075E-07
 8  4  9  32  0.2091E-07
 8  4  9  32  0.2080E-07
 8  4  9  32  0.2081E-07
 8  4  9  32  0.2080E-07
 8  4  9  32  0.2075E-07
 8  4  9  32  0.2083E-07
 8  4  10  32  0.2312E-07
 8  4  10  32  0.2281E-07
 8  4  10  32  0.2286E-07
 8  4  10  32  0.2287E-07
 8  4  10  32  0.2288E-07
 8  4  10  32  0.2286E-07
 8  4  10  32  0.2280E-07
 8  4  10  32  0.2282E-07
 8  4  10  32  0.2283E-07
 8  4  10  32  0.2282E-07
 8  4  11  32  0.2240E-07
 8  4  11  32  0.2214E-07
 8  4  11  32  0.2221E-07
 8  4  11  32  0.2213E-07
 8  4  11  32  0.2207E-07
 8  4  11  32  0.2213E-07
 8  4  11  32  0.2213E-07
 8  4  11  32  0.2206E-07
 8  4  11  32  0.2218E-07
 8  4  11  32  0.2214E-07
 8  4  12  32  0.2028E-07
 8  4  12  32  0.2021E-07
 8  4  12  32  0.2021E-07
 8  4  12  32  0.2023E-07
 8  4  12  32  0.2025E-07
 8  4  12  32  0.2035E-07
 8  4  12  32  0.2046E-07
 8  4  12  32  0.2046E-07
 8  4  12  32  0.2045E-07
 8  4  12  32  0.2042E-07
 8  4  13  32  0.2158E-07
 8  4  13  32  0.2158E-07
 8  4  13  32  0.2154E-07
 8  4  13  32  0.2156E-07
 8  4  13  32  0.2153E-07
 8  4  13  32  0.2154E-07
 8  4  13  32  0.2158E-07
 8  4  13  32  0.2156E-07
 8  4  13  32  0.2156E-07
 8  4  13  32  0.2175E-07
 8  4  14  32  0.1949E-07
 8  4  14  32  0.1945E-07
 8  4  14  32  0.1943E-07
 8  4  14  32  0.1944E-07
 8  4  14  32  0.1946E-07
 8  4  14  32  0.1946E-07
 8  4  14  32  0.1943E-07
 8  4  14  32  0.1946E-07
 8  4  14  32  0.1944E-07
 8  4  14  32  0.1953E-07
 8  4  15  32  0.2018E-07
 8  4  15  32  0.2012E-07
 8  4  15  32  0.2015E-07
 8  4  15  32  0.2021E-07
 8  4  15  32  0.2016E-07
 8  4  15  32  0.2021E-07
 8  4  15  32  0.2019E-07
 8  4  15  32  0.2020E-07
 8  4  15  32  0.2018E-07
 8  4  15  32  0.2021E-07
 8  4  16  32  0.1838E-07
 8  4  16  32  0.1826E-07
 8  4  16  32  0.1825E-07
 8  4  16  32  0.1823E-07
 8  4  16  32  0.1823E-07
 8  4  16  32  0.1827E-07
 8  4  16  32  0.1826E-07
 8  4  16  32  0.1826E-07
 8  4  16  32  0.1825E-07
 8  4  16  32  0.1825E-07
 8  4  17  32  0.2279E-07
 8  4  17  32  0.2259E-07
 8  4  17  32  0.2258E-07
 8  4  17  32  0.2258E-07
 8  4  17  32  0.2266E-07
 8  4  17  32  0.2256E-07
 8  4  17  32  0.2255E-07
 8  4  17  32  0.2259E-07
 8  4  17  32  0.2260E-07
 8  4  17  32  0.2259E-07
 8  4  18  32  0.2206E-07
 8  4  18  32  0.2199E-07
 8  4  18  32  0.2198E-07
 8  4  18  32  0.2206E-07
 8  4  18  32  0.2199E-07
 8  4  18  32  0.2198E-07
 8  4  18  32  0.2197E-07
 8  4  18  32  0.2189E-07
 8  4  18  32  0.2191E-07
 8  4  18  32  0.2201E-07
 8  4  19  32  0.2308E-07
 8  4  19  32  0.2304E-07
 8  4  19  32  0.2303E-07
 8  4  19  32  0.2304E-07
 8  4  19  32  0.2304E-07
 8  4  19  32  0.2303E-07
 8  4  19  32  0.2308E-07
 8  4  19  32  0.2305E-07
 8  4  19  32  0.2308E-07
 8  4  19  32  0.2306E-07
 8  4  20  32  0.2166E-07
 8  4  20  32  0.2164E-07
 8  4  20  32  0.2163E-07
 8  4  20  32  0.2164E-07
 8  4  20  32  0.2164E-07
 8  4  20  32  0.2165E-07
 8  4  20  32  0.2166E-07
 8  4  20  32  0.2166E-07
 8  4  20  32  0.2169E-07
 8  4  20  32  0.2166E-07
