 8  2  3  16  0.1551E-06
 8  2  3  16  0.1566E-06
 8  2  3  16  0.1549E-06
 8  2  3  16  0.1536E-06
 8  2  3  16  0.1530E-06
 8  2  3  16  0.1542E-06
 8  2  3  16  0.1552E-06
 8  2  3  16  0.1549E-06
 8  2  3  16  0.1535E-06
 8  2  3  16  0.1533E-06
 8  2  4  16  0.8696E-07
 8  2  4  16  0.8704E-07
 8  2  4  16  0.8770E-07
 8  2  4  16  0.8781E-07
 8  2  4  16  0.8793E-07
 8  2  4  16  0.8715E-07
 8  2  4  16  0.8701E-07
 8  2  4  16  0.8772E-07
 8  2  4  16  0.8628E-07
 8  2  4  16  0.8716E-07
 8  2  5  16  0.6518E-07
 8  2  5  16  0.6388E-07
 8  2  5  16  0.6341E-07
 8  2  5  16  0.6422E-07
 8  2  5  16  0.6352E-07
 8  2  5  16  0.6335E-07
 8  2  5  16  0.6381E-07
 8  2  5  16  0.6337E-07
 8  2  5  16  0.6381E-07
 8  2  5  16  0.6354E-07
 8  2  6  16  0.5135E-07
 8  2  6  16  0.4937E-07
 8  2  6  16  0.4995E-07
 8  2  6  16  0.4975E-07
 8  2  6  16  0.4949E-07
 8  2  6  16  0.4972E-07
 8  2  6  16  0.4948E-07
 8  2  6  16  0.4936E-07
 8  2  6  16  0.4924E-07
 8  2  6  16  0.4908E-07
 8  2  7  16  0.4321E-07
 8  2  7  16  0.4286E-07
 8  2  7  16  0.4326E-07
 8  2  7  16  0.4220E-07
 8  2  7  16  0.4334E-07
 8  2  7  16  0.4322E-07
 8  2  7  16  0.4211E-07
 8  2  7  16  0.4205E-07
 8  2  7  16  0.4212E-07
 8  2  7  16  0.4219E-07
 8  2  8  16  0.5291E-07
 8  2  8  16  0.5226E-07
 8  2  8  16  0.5219E-07
 8  2  8  16  0.5225E-07
 8  2  8  16  0.5231E-07
 8  2  8  16  0.5233E-07
 8  2  8  16  0.5227E-07
 8  2  8  16  0.5228E-07
 8  2  8  16  0.5186E-07
 8  2  8  16  0.5211E-07
 8  2  9  16  0.5371E-07
 8  2  9  16  0.5342E-07
 8  2  9  16  0.5341E-07
 8  2  9  16  0.5340E-07
 8  2  9  16  0.5346E-07
 8  2  9  16  0.5343E-07
 8  2  9  16  0.5340E-07
 8  2  9  16  0.5337E-07
 8  2  9  16  0.5340E-07
 8  2  9  16  0.5344E-07
 8  2  10  16  0.5431E-07
 8  2  10  16  0.5406E-07
 8  2  10  16  0.5403E-07
 8  2  10  16  0.5418E-07
 8  2  10  16  0.5423E-07
 8  2  10  16  0.5506E-07
 8  2  10  16  0.5504E-07
 8  2  10  16  0.5511E-07
 8  2  10  16  0.5546E-07
 8  2  10  16  0.5552E-07
 8  2  11  16  0.5065E-07
 8  2  11  16  0.5046E-07
 8  2  11  16  0.5050E-07
 8  2  11  16  0.5043E-07
 8  2  11  16  0.5048E-07
 8  2  11  16  0.5050E-07
 8  2  11  16  0.5054E-07
 8  2  11  16  0.5044E-07
 8  2  11  16  0.5097E-07
 8  2  11  16  0.5103E-07
 8  2  12  16  0.4576E-07
 8  2  12  16  0.4553E-07
 8  2  12  16  0.4559E-07
 8  2  12  16  0.4544E-07
 8  2  12  16  0.4545E-07
 8  2  12  16  0.4580E-07
 8  2  12  16  0.4589E-07
 8  2  12  16  0.4605E-07
 8  2  12  16  0.4588E-07
 8  2  12  16  0.4580E-07
 8  2  13  16  0.4797E-07
 8  2  13  16  0.4777E-07
 8  2  13  16  0.4779E-07
 8  2  13  16  0.4782E-07
 8  2  13  16  0.4775E-07
 8  2  13  16  0.4776E-07
 8  2  13  16  0.4781E-07
 8  2  13  16  0.4778E-07
 8  2  13  16  0.4777E-07
 8  2  13  16  0.4783E-07
 8  2  14  16  0.4433E-07
 8  2  14  16  0.4425E-07
 8  2  14  16  0.4416E-07
 8  2  14  16  0.4418E-07
 8  2  14  16  0.4418E-07
 8  2  14  16  0.4429E-07
 8  2  14  16  0.4434E-07
 8  2  14  16  0.4434E-07
 8  2  14  16  0.4438E-07
 8  2  14  16  0.4435E-07
 8  2  15  16  0.4539E-07
 8  2  15  16  0.4520E-07
 8  2  15  16  0.4528E-07
 8  2  15  16  0.4525E-07
 8  2  15  16  0.4527E-07
 8  2  15  16  0.4529E-07
 8  2  15  16  0.4522E-07
 8  2  15  16  0.4533E-07
 8  2  15  16  0.4537E-07
 8  2  15  16  0.4533E-07
 8  2  16  16  0.4638E-07
 8  2  16  16  0.4615E-07
 8  2  16  16  0.4620E-07
 8  2  16  16  0.4619E-07
 8  2  16  16  0.4617E-07
 8  2  16  16  0.4617E-07
 8  2  16  16  0.4619E-07
 8  2  16  16  0.4619E-07
 8  2  16  16  0.4617E-07
 8  2  16  16  0.4618E-07
 8  2  17  16  0.4983E-07
 8  2  17  16  0.4963E-07
 8  2  17  16  0.4963E-07
 8  2  17  16  0.4965E-07
 8  2  17  16  0.4962E-07
 8  2  17  16  0.4958E-07
 8  2  17  16  0.4959E-07
 8  2  17  16  0.4961E-07
 8  2  17  16  0.4963E-07
 8  2  17  16  0.4968E-07
 8  2  18  16  0.4889E-07
 8  2  18  16  0.4880E-07
 8  2  18  16  0.4879E-07
 8  2  18  16  0.4878E-07
 8  2  18  16  0.4879E-07
 8  2  18  16  0.4880E-07
 8  2  18  16  0.4890E-07
 8  2  18  16  0.4884E-07
 8  2  18  16  0.4884E-07
 8  2  18  16  0.4886E-07
 8  2  19  16  0.4953E-07
 8  2  19  16  0.4946E-07
 8  2  19  16  0.4944E-07
 8  2  19  16  0.4938E-07
 8  2  19  16  0.4938E-07
 8  2  19  16  0.4941E-07
 8  2  19  16  0.4940E-07
 8  2  19  16  0.4949E-07
 8  2  19  16  0.4944E-07
 8  2  19  16  0.4945E-07
 8  2  20  16  0.4722E-07
 8  2  20  16  0.4717E-07
 8  2  20  16  0.4714E-07
 8  2  20  16  0.4717E-07
 8  2  20  16  0.4719E-07
 8  2  20  16  0.4720E-07
 8  2  20  16  0.4715E-07
 8  2  20  16  0.4723E-07
 8  2  20  16  0.4716E-07
 8  2  20  16  0.4717E-07
