 8  8  3  64  0.3872E-07
 8  8  3  64  0.3658E-07
 8  8  3  64  0.3253E-07
 8  8  3  64  0.3667E-07
 8  8  3  64  0.3801E-07
 8  8  3  64  0.3510E-07
 8  8  3  64  0.3892E-07
 8  8  3  64  0.3638E-07
 8  8  3  64  0.3896E-07
 8  8  3  64  0.3912E-07
 8  8  4  64  0.1687E-07
 8  8  4  64  0.1317E-07
 8  8  4  64  0.3287E-07
 8  8  4  64  0.2815E-07
 8  8  4  64  0.3029E-07
 8  8  4  64  0.2879E-07
 8  8  4  64  0.2963E-07
 8  8  4  64  0.3004E-07
 8  8  4  64  0.2507E-07
 8  8  4  64  0.2474E-07
 8  8  5  64  0.1267E-07
 8  8  5  64  0.1128E-07
 8  8  5  64  0.1127E-07
 8  8  5  64  0.1166E-07
 8  8  5  64  0.2095E-07
 8  8  5  64  0.1692E-07
 8  8  5  64  0.2005E-07
 8  8  5  64  0.2022E-07
 8  8  5  64  0.1950E-07
 8  8  5  64  0.1917E-07
 8  8  6  64  0.1072E-07
 8  8  6  64  0.1013E-07
 8  8  6  64  0.9832E-08
 8  8  6  64  0.9950E-08
 8  8  6  64  0.9960E-08
 8  8  6  64  0.9754E-08
 8  8  6  64  0.9947E-08
 8  8  6  64  0.9931E-08
 8  8  6  64  0.9865E-08
 8  8  6  64  0.1026E-07
 8  8  7  64  0.1010E-07
 8  8  7  64  0.9422E-08
 8  8  7  64  0.9556E-08
 8  8  7  64  0.9406E-08
 8  8  7  64  0.9560E-08
 8  8  7  64  0.9385E-08
 8  8  7  64  0.9410E-08
 8  8  7  64  0.1340E-07
 8  8  7  64  0.1292E-07
 8  8  7  64  0.1239E-07
 8  8  8  64  0.8521E-08
 8  8  8  64  0.8291E-08
 8  8  8  64  0.8256E-08
 8  8  8  64  0.8244E-08
 8  8  8  64  0.8357E-08
 8  8  8  64  0.8247E-08
 8  8  8  64  0.8286E-08
 8  8  8  64  0.8264E-08
 8  8  8  64  0.8316E-08
 8  8  8  64  0.8190E-08
 8  8  9  64  0.9333E-08
 8  8  9  64  0.9231E-08
 8  8  9  64  0.9214E-08
 8  8  9  64  0.9213E-08
 8  8  9  64  0.9249E-08
 8  8  9  64  0.9309E-08
 8  8  9  64  0.9246E-08
 8  8  9  64  0.9275E-08
 8  8  9  64  0.9340E-08
 8  8  9  64  0.9299E-08
 8  8  10  64  0.9655E-08
 8  8  10  64  0.9654E-08
 8  8  10  64  0.9599E-08
 8  8  10  64  0.9603E-08
 8  8  10  64  0.9591E-08
 8  8  10  64  0.9662E-08
 8  8  10  64  0.9597E-08
 8  8  10  64  0.9591E-08
 8  8  10  64  0.9586E-08
 8  8  10  64  0.9572E-08
 8  8  11  64  0.9267E-08
 8  8  11  64  0.9259E-08
 8  8  11  64  0.9202E-08
 8  8  11  64  0.9181E-08
 8  8  11  64  0.9206E-08
 8  8  11  64  0.9223E-08
 8  8  11  64  0.9227E-08
 8  8  11  64  0.9212E-08
 8  8  11  64  0.9259E-08
 8  8  11  64  0.9214E-08
 8  8  12  64  0.8627E-08
 8  8  12  64  0.8487E-08
 8  8  12  64  0.8504E-08
 8  8  12  64  0.8518E-08
 8  8  12  64  0.8515E-08
 8  8  12  64  0.8521E-08
 8  8  12  64  0.8540E-08
 8  8  12  64  0.8522E-08
 8  8  12  64  0.8536E-08
 8  8  12  64  0.8517E-08
 8  8  13  64  0.9194E-08
 8  8  13  64  0.9074E-08
 8  8  13  64  0.9054E-08
 8  8  13  64  0.9067E-08
 8  8  13  64  0.9064E-08
 8  8  13  64  0.9062E-08
 8  8  13  64  0.9063E-08
 8  8  13  64  0.9061E-08
 8  8  13  64  0.9057E-08
 8  8  13  64  0.9069E-08
 8  8  14  64  0.8216E-08
 8  8  14  64  0.8147E-08
 8  8  14  64  0.8191E-08
 8  8  14  64  0.8144E-08
 8  8  14  64  0.8157E-08
 8  8  14  64  0.8162E-08
 8  8  14  64  0.8149E-08
 8  8  14  64  0.8152E-08
 8  8  14  64  0.8148E-08
 8  8  14  64  0.8149E-08
 8  8  15  64  0.8964E-08
 8  8  15  64  0.9000E-08
 8  8  15  64  0.8919E-08
 8  8  15  64  0.8937E-08
 8  8  15  64  0.8916E-08
 8  8  15  64  0.8952E-08
 8  8  15  64  0.8958E-08
 8  8  15  64  0.8961E-08
 8  8  15  64  0.8978E-08
 8  8  15  64  0.8963E-08
 8  8  16  64  0.8474E-08
 8  8  16  64  0.8440E-08
 8  8  16  64  0.8373E-08
 8  8  16  64  0.8379E-08
 8  8  16  64  0.8373E-08
 8  8  16  64  0.8377E-08
 8  8  16  64  0.8369E-08
 8  8  16  64  0.8376E-08
 8  8  16  64  0.8373E-08
 8  8  16  64  0.8374E-08
 8  8  17  64  0.1047E-07
 8  8  17  64  0.1038E-07
 8  8  17  64  0.1036E-07
 8  8  17  64  0.1036E-07
 8  8  17  64  0.1036E-07
 8  8  17  64  0.1037E-07
 8  8  17  64  0.1036E-07
 8  8  17  64  0.1037E-07
 8  8  17  64  0.1038E-07
 8  8  17  64  0.1039E-07
 8  8  18  64  0.9848E-08
 8  8  18  64  0.9792E-08
 8  8  18  64  0.9820E-08
 8  8  18  64  0.9799E-08
 8  8  18  64  0.9790E-08
 8  8  18  64  0.9778E-08
 8  8  18  64  0.9787E-08
 8  8  18  64  0.9784E-08
 8  8  18  64  0.9786E-08
 8  8  18  64  0.9781E-08
 8  8  19  64  0.1097E-07
 8  8  19  64  0.1094E-07
 8  8  19  64  0.1093E-07
 8  8  19  64  0.1094E-07
 8  8  19  64  0.1094E-07
 8  8  19  64  0.1095E-07
 8  8  19  64  0.1094E-07
 8  8  19  64  0.1094E-07
 8  8  19  64  0.1094E-07
 8  8  19  64  0.1095E-07
 8  8  20  64  0.1043E-07
 8  8  20  64  0.1039E-07
 8  8  20  64  0.1040E-07
 8  8  20  64  0.1038E-07
 8  8  20  64  0.1037E-07
 8  8  20  64  0.1037E-07
 8  8  20  64  0.1038E-07
 8  8  20  64  0.1038E-07
 8  8  20  64  0.1039E-07
 8  8  20  64  0.1038E-07
