 8  64  3  512  0.4639E-08
 8  64  3  512  0.3950E-08
 8  64  3  512  0.3928E-08
 8  64  3  512  0.8198E-08
 8  64  3  512  0.9767E-08
 8  64  3  512  0.8583E-08
 8  64  3  512  0.9330E-08
 8  64  3  512  0.9066E-08
 8  64  3  512  0.9043E-08
 8  64  3  512  0.9451E-08
 8  64  4  512  0.3805E-08
 8  64  4  512  0.3362E-08
 8  64  4  512  0.3311E-08
 8  64  4  512  0.3347E-08
 8  64  4  512  0.2801E-08
 8  64  4  512  0.2703E-08
 8  64  4  512  0.4872E-08
 8  64  4  512  0.5217E-08
 8  64  4  512  0.4790E-08
 8  64  4  512  0.5064E-08
 8  64  5  512  0.2890E-08
 8  64  5  512  0.2657E-08
 8  64  5  512  0.2654E-08
 8  64  5  512  0.2645E-08
 8  64  5  512  0.2676E-08
 8  64  5  512  0.2763E-08
 8  64  5  512  0.2691E-08
 8  64  5  512  0.2647E-08
 8  64  5  512  0.2682E-08
 8  64  5  512  0.4817E-08
 8  64  6  512  0.2361E-08
 8  64  6  512  0.2227E-08
 8  64  6  512  0.2217E-08
 8  64  6  512  0.2228E-08
 8  64  6  512  0.2216E-08
 8  64  6  512  0.2198E-08
 8  64  6  512  0.2202E-08
 8  64  6  512  0.2263E-08
 8  64  6  512  0.2199E-08
 8  64  6  512  0.2189E-08
 8  64  7  512  0.2083E-08
 8  64  7  512  0.2016E-08
 8  64  7  512  0.2009E-08
 8  64  7  512  0.2005E-08
 8  64  7  512  0.2001E-08
 8  64  7  512  0.2003E-08
 8  64  7  512  0.1996E-08
 8  64  7  512  0.1998E-08
 8  64  7  512  0.1998E-08
 8  64  7  512  0.1995E-08
 8  64  8  512  0.1836E-08
 8  64  8  512  0.1774E-08
 8  64  8  512  0.1780E-08
 8  64  8  512  0.1787E-08
 8  64  8  512  0.1801E-08
 8  64  8  512  0.1784E-08
 8  64  8  512  0.1778E-08
 8  64  8  512  0.1784E-08
 8  64  8  512  0.1779E-08
 8  64  8  512  0.1776E-08
 8  64  9  512  0.1667E-08
 8  64  9  512  0.1623E-08
 8  64  9  512  0.1639E-08
 8  64  9  512  0.1615E-08
 8  64  9  512  0.1639E-08
 8  64  9  512  0.1616E-08
 8  64  9  512  0.1622E-08
 8  64  9  512  0.1640E-08
 8  64  9  512  0.1612E-08
 8  64  9  512  0.1624E-08
 8  64  10  512  0.1716E-08
 8  64  10  512  0.1698E-08
 8  64  10  512  0.1690E-08
 8  64  10  512  0.1683E-08
 8  64  10  512  0.1692E-08
 8  64  10  512  0.1688E-08
 8  64  10  512  0.1697E-08
 8  64  10  512  0.1721E-08
 8  64  10  512  0.1685E-08
 8  64  10  512  0.1700E-08
 8  64  11  512  0.1627E-08
 8  64  11  512  0.1622E-08
 8  64  11  512  0.1613E-08
 8  64  11  512  0.1610E-08
 8  64  11  512  0.1611E-08
 8  64  11  512  0.1608E-08
 8  64  11  512  0.1615E-08
 8  64  11  512  0.1604E-08
 8  64  11  512  0.1597E-08
 8  64  11  512  0.1604E-08
 8  64  12  512  0.1636E-08
 8  64  12  512  0.1593E-08
 8  64  12  512  0.1585E-08
 8  64  12  512  0.1600E-08
 8  64  12  512  0.1574E-08
 8  64  12  512  0.1577E-08
 8  64  12  512  0.1579E-08
 8  64  12  512  0.1579E-08
 8  64  12  512  0.1575E-08
 8  64  12  512  0.1576E-08
 8  64  13  512  0.1661E-08
 8  64  13  512  0.1636E-08
 8  64  13  512  0.1636E-08
 8  64  13  512  0.1642E-08
 8  64  13  512  0.1637E-08
 8  64  13  512  0.1630E-08
 8  64  13  512  0.1629E-08
 8  64  13  512  0.1630E-08
 8  64  13  512  0.1631E-08
 8  64  13  512  0.1639E-08
 8  64  14  512  0.1552E-08
 8  64  14  512  0.1519E-08
 8  64  14  512  0.1522E-08
 8  64  14  512  0.1518E-08
 8  64  14  512  0.1509E-08
 8  64  14  512  0.1512E-08
 8  64  14  512  0.1511E-08
 8  64  14  512  0.1512E-08
 8  64  14  512  0.1523E-08
 8  64  14  512  0.1515E-08
 8  64  15  512  0.1650E-08
 8  64  15  512  0.1613E-08
 8  64  15  512  0.1608E-08
 8  64  15  512  0.1618E-08
 8  64  15  512  0.1607E-08
 8  64  15  512  0.1606E-08
 8  64  15  512  0.1599E-08
 8  64  15  512  0.1604E-08
 8  64  15  512  0.1611E-08
 8  64  15  512  0.1607E-08
 8  64  16  512  0.1736E-08
 8  64  16  512  0.1714E-08
 8  64  16  512  0.1710E-08
 8  64  16  512  0.1712E-08
 8  64  16  512  0.1706E-08
 8  64  16  512  0.1713E-08
 8  64  16  512  0.1713E-08
 8  64  16  512  0.1707E-08
 8  64  16  512  0.1713E-08
 8  64  16  512  0.1709E-08
 8  64  17  512  0.1978E-08
 8  64  17  512  0.1955E-08
 8  64  17  512  0.1950E-08
 8  64  17  512  0.1946E-08
 8  64  17  512  0.1950E-08
 8  64  17  512  0.1951E-08
 8  64  17  512  0.1955E-08
 8  64  17  512  0.1951E-08
 8  64  17  512  0.1953E-08
 8  64  17  512  0.1953E-08
 8  64  18  512  0.1817E-08
 8  64  18  512  0.1793E-08
 8  64  18  512  0.1790E-08
 8  64  18  512  0.1793E-08
 8  64  18  512  0.1789E-08
 8  64  18  512  0.1790E-08
 8  64  18  512  0.1792E-08
 8  64  18  512  0.1788E-08
 8  64  18  512  0.1794E-08
 8  64  18  512  0.1788E-08
 8  64  19  512  0.1992E-08
 8  64  19  512  0.1971E-08
 8  64  19  512  0.2051E-08
 8  64  19  512  0.1973E-08
 8  64  19  512  0.1975E-08
 8  64  19  512  0.1974E-08
 8  64  19  512  0.1972E-08
 8  64  19  512  0.1972E-08
 8  64  19  512  0.1974E-08
 8  64  19  512  0.1975E-08
 8  64  20  512  0.1890E-08
 8  64  20  512  0.1876E-08
 8  64  20  512  0.1871E-08
 8  64  20  512  0.1872E-08
 8  64  20  512  0.1953E-08
 8  64  20  512  0.1874E-08
 8  64  20  512  0.1877E-08
 8  64  20  512  0.1873E-08
 8  64  20  512  0.1871E-08
 8  64  20  512  0.1870E-08
