 16  1  3  16  0.1474E-06
 16  1  3  16  0.1488E-06
 16  1  3  16  0.1372E-06
 16  1  3  16  0.1319E-06
 16  1  3  16  0.1328E-06
 16  1  3  16  0.1326E-06
 16  1  3  16  0.1496E-06
 16  1  3  16  0.1312E-06
 16  1  3  16  0.1288E-06
 16  1  3  16  0.1418E-06
 16  1  4  16  0.7940E-07
 16  1  4  16  0.7319E-07
 16  1  4  16  0.7257E-07
 16  1  4  16  0.7940E-07
 16  1  4  16  0.7226E-07
 16  1  4  16  0.7194E-07
 16  1  4  16  0.7971E-07
 16  1  4  16  0.7226E-07
 16  1  4  16  0.7288E-07
 16  1  4  16  0.7163E-07
 16  1  5  16  0.8380E-07
 16  1  5  16  0.8098E-07
 16  1  5  16  0.8484E-07
 16  1  5  16  0.7987E-07
 16  1  5  16  0.8400E-07
 16  1  5  16  0.7915E-07
 16  1  5  16  0.8317E-07
 16  1  5  16  0.7749E-07
 16  1  5  16  0.7999E-07
 16  1  5  16  0.8798E-07
 16  1  6  16  0.7814E-07
 16  1  6  16  0.7359E-07
 16  1  6  16  0.7582E-07
 16  1  6  16  0.7570E-07
 16  1  6  16  0.7543E-07
 16  1  6  16  0.7582E-07
 16  1  6  16  0.7561E-07
 16  1  6  16  0.7078E-07
 16  1  6  16  0.7129E-07
 16  1  6  16  0.7821E-07
 16  1  7  16  0.7440E-07
 16  1  7  16  0.7258E-07
 16  1  7  16  0.7233E-07
 16  1  7  16  0.7131E-07
 16  1  7  16  0.7410E-07
 16  1  7  16  0.7246E-07
 16  1  7  16  0.7125E-07
 16  1  7  16  0.7446E-07
 16  1  7  16  0.7239E-07
 16  1  7  16  0.7288E-07
 16  1  8  16  0.6609E-07
 16  1  8  16  0.6713E-07
 16  1  8  16  0.6677E-07
 16  1  8  16  0.6457E-07
 16  1  8  16  0.6466E-07
 16  1  8  16  0.6641E-07
 16  1  8  16  0.6706E-07
 16  1  8  16  0.6706E-07
 16  1  8  16  0.6449E-07
 16  1  8  16  0.6563E-07
 16  1  9  16  0.7139E-07
 16  1  9  16  0.7113E-07
 16  1  9  16  0.6876E-07
 16  1  9  16  0.7024E-07
 16  1  9  16  0.6942E-07
 16  1  9  16  0.6968E-07
 16  1  9  16  0.7068E-07
 16  1  9  16  0.6845E-07
 16  1  9  16  0.7024E-07
 16  1  9  16  0.6908E-07
 16  1  10  16  0.1023E-06
 16  1  10  16  0.1014E-06
 16  1  10  16  0.1012E-06
 16  1  10  16  0.1014E-06
 16  1  10  16  0.1010E-06
 16  1  10  16  0.1012E-06
 16  1  10  16  0.1009E-06
 16  1  10  16  0.1013E-06
 16  1  10  16  0.1008E-06
 16  1  10  16  0.1012E-06
 16  1  11  16  0.9099E-07
 16  1  11  16  0.8936E-07
 16  1  11  16  0.8947E-07
 16  1  11  16  0.8953E-07
 16  1  11  16  0.9002E-07
 16  1  11  16  0.8953E-07
 16  1  11  16  0.8987E-07
 16  1  11  16  0.8984E-07
 16  1  11  16  0.8994E-07
 16  1  11  16  0.9011E-07
 16  1  12  16  0.7627E-07
 16  1  12  16  0.7468E-07
 16  1  12  16  0.7435E-07
 16  1  12  16  0.7494E-07
 16  1  12  16  0.7476E-07
 16  1  12  16  0.7559E-07
 16  1  12  16  0.7492E-07
 16  1  12  16  0.7450E-07
 16  1  12  16  0.7498E-07
 16  1  12  16  0.7482E-07
 16  1  13  16  0.6217E-07
 16  1  13  16  0.6223E-07
 16  1  13  16  0.6205E-07
 16  1  13  16  0.6205E-07
 16  1  13  16  0.6204E-07
 16  1  13  16  0.6206E-07
 16  1  13  16  0.6205E-07
 16  1  13  16  0.6206E-07
 16  1  13  16  0.6209E-07
 16  1  13  16  0.6205E-07
 16  1  14  16  0.5541E-07
 16  1  14  16  0.5526E-07
 16  1  14  16  0.5525E-07
 16  1  14  16  0.5525E-07
 16  1  14  16  0.5525E-07
 16  1  14  16  0.5525E-07
 16  1  14  16  0.5524E-07
 16  1  14  16  0.5532E-07
 16  1  14  16  0.5535E-07
 16  1  14  16  0.5533E-07
 16  1  15  16  0.6382E-07
 16  1  15  16  0.6372E-07
 16  1  15  16  0.6382E-07
 16  1  15  16  0.6383E-07
 16  1  15  16  0.6377E-07
 16  1  15  16  0.6375E-07
 16  1  15  16  0.6374E-07
 16  1  15  16  0.6379E-07
 16  1  15  16  0.6372E-07
 16  1  15  16  0.6376E-07
 16  1  16  16  0.5869E-07
 16  1  16  16  0.5861E-07
 16  1  16  16  0.5872E-07
 16  1  16  16  0.5865E-07
 16  1  16  16  0.5865E-07
 16  1  16  16  0.5865E-07
 16  1  16  16  0.5876E-07
 16  1  16  16  0.5879E-07
 16  1  16  16  0.5881E-07
 16  1  16  16  0.5870E-07
 16  1  17  16  0.7437E-07
 16  1  17  16  0.7436E-07
 16  1  17  16  0.7445E-07
 16  1  17  16  0.7462E-07
 16  1  17  16  0.7446E-07
 16  1  17  16  0.7440E-07
 16  1  17  16  0.7447E-07
 16  1  17  16  0.7440E-07
 16  1  17  16  0.7435E-07
 16  1  17  16  0.7440E-07
 16  1  18  16  0.7029E-07
 16  1  18  16  0.7027E-07
 16  1  18  16  0.7026E-07
 16  1  18  16  0.7027E-07
 16  1  18  16  0.7032E-07
 16  1  18  16  0.7025E-07
 16  1  18  16  0.7032E-07
 16  1  18  16  0.7023E-07
 16  1  18  16  0.7029E-07
 16  1  18  16  0.7026E-07
 16  1  19  16  0.8005E-07
 16  1  19  16  0.8000E-07
 16  1  19  16  0.8002E-07
 16  1  19  16  0.8000E-07
 16  1  19  16  0.8004E-07
 16  1  19  16  0.8005E-07
 16  1  19  16  0.8003E-07
 16  1  19  16  0.8006E-07
 16  1  19  16  0.8002E-07
 16  1  19  16  0.8002E-07
 16  1  20  16  0.7626E-07
 16  1  20  16  0.7621E-07
 16  1  20  16  0.7624E-07
 16  1  20  16  0.7623E-07
 16  1  20  16  0.7623E-07
 16  1  20  16  0.7616E-07
 16  1  20  16  0.7614E-07
 16  1  20  16  0.7612E-07
 16  1  20  16  0.7614E-07
 16  1  20  16  0.7611E-07
