 16  1  3  16  0.7789E-07
 16  1  3  16  0.7596E-07
 16  1  3  16  0.7553E-07
 16  1  3  16  0.7528E-07
 16  1  3  16  0.7504E-07
 16  1  3  16  0.7657E-07
 16  1  3  16  0.7561E-07
 16  1  3  16  0.7570E-07
 16  1  3  16  0.7593E-07
 16  1  3  16  0.7561E-07
 16  1  4  16  0.6319E-07
 16  1  4  16  0.6227E-07
 16  1  4  16  0.6230E-07
 16  1  4  16  0.6212E-07
 16  1  4  16  0.6227E-07
 16  1  4  16  0.6235E-07
 16  1  4  16  0.6252E-07
 16  1  4  16  0.6235E-07
 16  1  4  16  0.6236E-07
 16  1  4  16  0.6217E-07
 16  1  5  16  0.5765E-07
 16  1  5  16  0.5694E-07
 16  1  5  16  0.5700E-07
 16  1  5  16  0.5707E-07
 16  1  5  16  0.5691E-07
 16  1  5  16  0.5698E-07
 16  1  5  16  0.5688E-07
 16  1  5  16  0.5689E-07
 16  1  5  16  0.5697E-07
 16  1  5  16  0.5747E-07
 16  1  6  16  0.4751E-07
 16  1  6  16  0.4722E-07
 16  1  6  16  0.4701E-07
 16  1  6  16  0.4727E-07
 16  1  6  16  0.4712E-07
 16  1  6  16  0.4741E-07
 16  1  6  16  0.4728E-07
 16  1  6  16  0.4711E-07
 16  1  6  16  0.4702E-07
 16  1  6  16  0.4725E-07
 16  1  7  16  0.4764E-07
 16  1  7  16  0.4755E-07
 16  1  7  16  0.4764E-07
 16  1  7  16  0.4745E-07
 16  1  7  16  0.4746E-07
 16  1  7  16  0.4734E-07
 16  1  7  16  0.4727E-07
 16  1  7  16  0.4744E-07
 16  1  7  16  0.4752E-07
 16  1  7  16  0.4746E-07
 16  1  8  16  0.5229E-07
 16  1  8  16  0.5175E-07
 16  1  8  16  0.5178E-07
 16  1  8  16  0.5175E-07
 16  1  8  16  0.5172E-07
 16  1  8  16  0.5177E-07
 16  1  8  16  0.5175E-07
 16  1  8  16  0.5182E-07
 16  1  8  16  0.5225E-07
 16  1  8  16  0.5227E-07
 16  1  9  16  0.6394E-07
 16  1  9  16  0.6359E-07
 16  1  9  16  0.6365E-07
 16  1  9  16  0.6363E-07
 16  1  9  16  0.6367E-07
 16  1  9  16  0.6360E-07
 16  1  9  16  0.6359E-07
 16  1  9  16  0.6356E-07
 16  1  9  16  0.6363E-07
 16  1  9  16  0.6362E-07
 16  1  10  16  0.7109E-07
 16  1  10  16  0.7112E-07
 16  1  10  16  0.7112E-07
 16  1  10  16  0.7105E-07
 16  1  10  16  0.7108E-07
 16  1  10  16  0.7120E-07
 16  1  10  16  0.7106E-07
 16  1  10  16  0.7138E-07
 16  1  10  16  0.7119E-07
 16  1  10  16  0.7119E-07
 16  1  11  16  0.7151E-07
 16  1  11  16  0.7150E-07
 16  1  11  16  0.7141E-07
 16  1  11  16  0.7141E-07
 16  1  11  16  0.7141E-07
 16  1  11  16  0.7142E-07
 16  1  11  16  0.7141E-07
 16  1  11  16  0.7175E-07
 16  1  11  16  0.7165E-07
 16  1  11  16  0.7155E-07
 16  1  12  16  0.6527E-07
 16  1  12  16  0.6522E-07
 16  1  12  16  0.6518E-07
 16  1  12  16  0.6520E-07
 16  1  12  16  0.6520E-07
 16  1  12  16  0.6518E-07
 16  1  12  16  0.6520E-07
 16  1  12  16  0.6519E-07
 16  1  12  16  0.6520E-07
 16  1  12  16  0.6517E-07
 16  1  13  16  0.7358E-07
 16  1  13  16  0.7350E-07
 16  1  13  16  0.7431E-07
 16  1  13  16  0.7465E-07
 16  1  13  16  0.7459E-07
 16  1  13  16  0.7446E-07
 16  1  13  16  0.7444E-07
 16  1  13  16  0.7445E-07
 16  1  13  16  0.7448E-07
 16  1  13  16  0.7464E-07
 16  1  14  16  0.6798E-07
 16  1  14  16  0.6788E-07
 16  1  14  16  0.6788E-07
 16  1  14  16  0.6787E-07
 16  1  14  16  0.6794E-07
 16  1  14  16  0.6785E-07
 16  1  14  16  0.6788E-07
 16  1  14  16  0.6786E-07
 16  1  14  16  0.6784E-07
 16  1  14  16  0.6784E-07
 16  1  15  16  0.7301E-07
 16  1  15  16  0.7282E-07
 16  1  15  16  0.7283E-07
 16  1  15  16  0.7282E-07
 16  1  15  16  0.7280E-07
 16  1  15  16  0.7283E-07
 16  1  15  16  0.7298E-07
 16  1  15  16  0.7294E-07
 16  1  15  16  0.7301E-07
 16  1  15  16  0.7303E-07
 16  1  16  16  0.6844E-07
 16  1  16  16  0.6835E-07
 16  1  16  16  0.6835E-07
 16  1  16  16  0.6833E-07
 16  1  16  16  0.6835E-07
 16  1  16  16  0.6831E-07
 16  1  16  16  0.6834E-07
 16  1  16  16  0.6832E-07
 16  1  16  16  0.6832E-07
 16  1  16  16  0.6833E-07
 16  1  17  16  0.8863E-07
 16  1  17  16  0.8875E-07
 16  1  17  16  0.8879E-07
 16  1  17  16  0.8876E-07
 16  1  17  16  0.8877E-07
 16  1  17  16  0.8877E-07
 16  1  17  16  0.8876E-07
 16  1  17  16  0.8898E-07
 16  1  17  16  0.8892E-07
 16  1  17  16  0.8906E-07
 16  1  18  16  0.8266E-07
 16  1  18  16  0.8257E-07
 16  1  18  16  0.8285E-07
 16  1  18  16  0.8307E-07
 16  1  18  16  0.8266E-07
 16  1  18  16  0.8265E-07
 16  1  18  16  0.8262E-07
 16  1  18  16  0.8265E-07
 16  1  18  16  0.8263E-07
 16  1  18  16  0.8266E-07
 16  1  19  16  0.8908E-07
 16  1  19  16  0.8902E-07
 16  1  19  16  0.8897E-07
 16  1  19  16  0.8912E-07
 16  1  19  16  0.8916E-07
 16  1  19  16  0.8913E-07
 16  1  19  16  0.8916E-07
 16  1  19  16  0.8913E-07
 16  1  19  16  0.8912E-07
 16  1  19  16  0.8915E-07
 16  1  20  16  0.8517E-07
 16  1  20  16  0.8528E-07
 16  1  20  16  0.8544E-07
 16  1  20  16  0.8537E-07
 16  1  20  16  0.8540E-07
 16  1  20  16  0.8518E-07
 16  1  20  16  0.8544E-07
 16  1  20  16  0.8545E-07
 16  1  20  16  0.8552E-07
 16  1  20  16  0.8570E-07
