 16  1  3  16  0.1960E-06
 16  1  3  16  0.1963E-06
 16  1  3  16  0.1962E-06
 16  1  3  16  0.1955E-06
 16  1  3  16  0.1950E-06
 16  1  3  16  0.1955E-06
 16  1  3  16  0.1973E-06
 16  1  3  16  0.1943E-06
 16  1  3  16  0.1948E-06
 16  1  3  16  0.1965E-06
 16  1  4  16  0.1253E-06
 16  1  4  16  0.1256E-06
 16  1  4  16  0.1266E-06
 16  1  4  16  0.1269E-06
 16  1  4  16  0.1257E-06
 16  1  4  16  0.1254E-06
 16  1  4  16  0.1246E-06
 16  1  4  16  0.1248E-06
 16  1  4  16  0.1253E-06
 16  1  4  16  0.1266E-06
 16  1  5  16  0.1032E-06
 16  1  5  16  0.1028E-06
 16  1  5  16  0.1027E-06
 16  1  5  16  0.1023E-06
 16  1  5  16  0.1025E-06
 16  1  5  16  0.1024E-06
 16  1  5  16  0.1024E-06
 16  1  5  16  0.1025E-06
 16  1  5  16  0.1025E-06
 16  1  5  16  0.1024E-06
 16  1  6  16  0.8573E-07
 16  1  6  16  0.8498E-07
 16  1  6  16  0.8480E-07
 16  1  6  16  0.8546E-07
 16  1  6  16  0.8489E-07
 16  1  6  16  0.8487E-07
 16  1  6  16  0.8506E-07
 16  1  6  16  0.8494E-07
 16  1  6  16  0.8489E-07
 16  1  6  16  0.8489E-07
 16  1  7  16  0.8660E-07
 16  1  7  16  0.8633E-07
 16  1  7  16  0.8709E-07
 16  1  7  16  0.8724E-07
 16  1  7  16  0.8709E-07
 16  1  7  16  0.8707E-07
 16  1  7  16  0.8711E-07
 16  1  7  16  0.8702E-07
 16  1  7  16  0.8715E-07
 16  1  7  16  0.8700E-07
 16  1  8  16  0.8545E-07
 16  1  8  16  0.8578E-07
 16  1  8  16  0.8721E-07
 16  1  8  16  0.8764E-07
 16  1  8  16  0.8750E-07
 16  1  8  16  0.8746E-07
 16  1  8  16  0.8747E-07
 16  1  8  16  0.8760E-07
 16  1  8  16  0.8751E-07
 16  1  8  16  0.8744E-07
 16  1  9  16  0.8876E-07
 16  1  9  16  0.8857E-07
 16  1  9  16  0.8854E-07
 16  1  9  16  0.8860E-07
 16  1  9  16  0.8856E-07
 16  1  9  16  0.8961E-07
 16  1  9  16  0.8956E-07
 16  1  9  16  0.8956E-07
 16  1  9  16  0.8959E-07
 16  1  9  16  0.8966E-07
 16  1  10  16  0.9197E-07
 16  1  10  16  0.9213E-07
 16  1  10  16  0.9192E-07
 16  1  10  16  0.9196E-07
 16  1  10  16  0.9202E-07
 16  1  10  16  0.9190E-07
 16  1  10  16  0.9201E-07
 16  1  10  16  0.9197E-07
 16  1  10  16  0.9195E-07
 16  1  10  16  0.9197E-07
 16  1  11  16  0.8734E-07
 16  1  11  16  0.8740E-07
 16  1  11  16  0.8809E-07
 16  1  11  16  0.8808E-07
 16  1  11  16  0.8810E-07
 16  1  11  16  0.8805E-07
 16  1  11  16  0.8807E-07
 16  1  11  16  0.8802E-07
 16  1  11  16  0.8804E-07
 16  1  11  16  0.8807E-07
 16  1  12  16  0.8095E-07
 16  1  12  16  0.8099E-07
 16  1  12  16  0.8119E-07
 16  1  12  16  0.8068E-07
 16  1  12  16  0.8066E-07
 16  1  12  16  0.8066E-07
 16  1  12  16  0.8066E-07
 16  1  12  16  0.8066E-07
 16  1  12  16  0.8071E-07
 16  1  12  16  0.8073E-07
 16  1  13  16  0.8611E-07
 16  1  13  16  0.8588E-07
 16  1  13  16  0.8597E-07
 16  1  13  16  0.8597E-07
 16  1  13  16  0.8587E-07
 16  1  13  16  0.8597E-07
 16  1  13  16  0.8596E-07
 16  1  13  16  0.8587E-07
 16  1  13  16  0.8596E-07
 16  1  13  16  0.8587E-07
 16  1  14  16  0.8034E-07
 16  1  14  16  0.8018E-07
 16  1  14  16  0.8018E-07
 16  1  14  16  0.8017E-07
 16  1  14  16  0.8022E-07
 16  1  14  16  0.8017E-07
 16  1  14  16  0.8017E-07
 16  1  14  16  0.8017E-07
 16  1  14  16  0.8021E-07
 16  1  14  16  0.8018E-07
 16  1  15  16  0.8436E-07
 16  1  15  16  0.8425E-07
 16  1  15  16  0.8429E-07
 16  1  15  16  0.8449E-07
 16  1  15  16  0.8458E-07
 16  1  15  16  0.8456E-07
 16  1  15  16  0.8456E-07
 16  1  15  16  0.8456E-07
 16  1  15  16  0.8457E-07
 16  1  15  16  0.8456E-07
 16  1  16  16  0.8702E-07
 16  1  16  16  0.8686E-07
 16  1  16  16  0.8686E-07
 16  1  16  16  0.8695E-07
 16  1  16  16  0.8694E-07
 16  1  16  16  0.8698E-07
 16  1  16  16  0.8703E-07
 16  1  16  16  0.8698E-07
 16  1  16  16  0.8702E-07
 16  1  16  16  0.8714E-07
 16  1  17  16  0.9534E-07
 16  1  17  16  0.9515E-07
 16  1  17  16  0.9516E-07
 16  1  17  16  0.9515E-07
 16  1  17  16  0.9518E-07
 16  1  17  16  0.9518E-07
 16  1  17  16  0.9518E-07
 16  1  17  16  0.9515E-07
 16  1  17  16  0.9518E-07
 16  1  17  16  0.9517E-07
 16  1  18  16  0.9429E-07
 16  1  18  16  0.9414E-07
 16  1  18  16  0.9415E-07
 16  1  18  16  0.9416E-07
 16  1  18  16  0.9415E-07
 16  1  18  16  0.9417E-07
 16  1  18  16  0.9414E-07
 16  1  18  16  0.9416E-07
 16  1  18  16  0.9415E-07
 16  1  18  16  0.9416E-07
 16  1  19  16  0.9486E-07
 16  1  19  16  0.9422E-07
 16  1  19  16  0.9420E-07
 16  1  19  16  0.9420E-07
 16  1  19  16  0.9429E-07
 16  1  19  16  0.9427E-07
 16  1  19  16  0.9426E-07
 16  1  19  16  0.9471E-07
 16  1  19  16  0.9444E-07
 16  1  19  16  0.9434E-07
 16  1  20  16  0.9218E-07
 16  1  20  16  0.9208E-07
 16  1  20  16  0.9207E-07
 16  1  20  16  0.9207E-07
 16  1  20  16  0.9211E-07
 16  1  20  16  0.9208E-07
 16  1  20  16  0.9207E-07
 16  1  20  16  0.9208E-07
 16  1  20  16  0.9207E-07
 16  1  20  16  0.9208E-07
