 16  8  3  128  0.3962E-07
 16  8  3  128  0.3038E-07
 16  8  3  128  0.3077E-07
 16  8  3  128  0.2095E-07
 16  8  3  128  0.2274E-07
 16  8  3  128  0.4369E-07
 16  8  3  128  0.4330E-07
 16  8  3  128  0.3753E-07
 16  8  3  128  0.2612E-07
 16  8  3  128  0.3406E-07
 16  8  4  128  0.2233E-07
 16  8  4  128  0.1912E-07
 16  8  4  128  0.1965E-07
 16  8  4  128  0.2417E-07
 16  8  4  128  0.2331E-07
 16  8  4  128  0.1908E-07
 16  8  4  128  0.1835E-07
 16  8  4  128  0.1897E-07
 16  8  4  128  0.1827E-07
 16  8  4  128  0.1880E-07
 16  8  5  128  0.1937E-07
 16  8  5  128  0.1608E-07
 16  8  5  128  0.1467E-07
 16  8  5  128  0.1492E-07
 16  8  5  128  0.1567E-07
 16  8  5  128  0.1617E-07
 16  8  5  128  0.1606E-07
 16  8  5  128  0.1546E-07
 16  8  5  128  0.1518E-07
 16  8  5  128  0.1518E-07
 16  8  6  128  0.8907E-08
 16  8  6  128  0.8877E-08
 16  8  6  128  0.8908E-08
 16  8  6  128  0.8870E-08
 16  8  6  128  0.8903E-08
 16  8  6  128  0.8886E-08
 16  8  6  128  0.8895E-08
 16  8  6  128  0.8885E-08
 16  8  6  128  0.8867E-08
 16  8  6  128  0.9003E-08
 16  8  7  128  0.9237E-08
 16  8  7  128  0.9183E-08
 16  8  7  128  0.9164E-08
 16  8  7  128  0.9180E-08
 16  8  7  128  0.9164E-08
 16  8  7  128  0.9169E-08
 16  8  7  128  0.9167E-08
 16  8  7  128  0.9162E-08
 16  8  7  128  0.9380E-08
 16  8  7  128  0.9158E-08
 16  8  8  128  0.7531E-08
 16  8  8  128  0.7527E-08
 16  8  8  128  0.7522E-08
 16  8  8  128  0.7541E-08
 16  8  8  128  0.7534E-08
 16  8  8  128  0.7527E-08
 16  8  8  128  0.7520E-08
 16  8  8  128  0.7517E-08
 16  8  8  128  0.7520E-08
 16  8  8  128  0.7509E-08
 16  8  9  128  0.8207E-08
 16  8  9  128  0.8238E-08
 16  8  9  128  0.8234E-08
 16  8  9  128  0.8227E-08
 16  8  9  128  0.8239E-08
 16  8  9  128  0.8248E-08
 16  8  9  128  0.8251E-08
 16  8  9  128  0.8238E-08
 16  8  9  128  0.8256E-08
 16  8  9  128  0.8223E-08
 16  8  10  128  0.8642E-08
 16  8  10  128  0.8636E-08
 16  8  10  128  0.8628E-08
 16  8  10  128  0.8633E-08
 16  8  10  128  0.8633E-08
 16  8  10  128  0.8630E-08
 16  8  10  128  0.8624E-08
 16  8  10  128  0.8643E-08
 16  8  10  128  0.8642E-08
 16  8  10  128  0.8647E-08
 16  8  11  128  0.8427E-08
 16  8  11  128  0.8425E-08
 16  8  11  128  0.8437E-08
 16  8  11  128  0.8431E-08
 16  8  11  128  0.8441E-08
 16  8  11  128  0.8432E-08
 16  8  11  128  0.8442E-08
 16  8  11  128  0.8430E-08
 16  8  11  128  0.8428E-08
 16  8  11  128  0.8424E-08
 16  8  12  128  0.7786E-08
 16  8  12  128  0.7772E-08
 16  8  12  128  0.7770E-08
 16  8  12  128  0.7770E-08
 16  8  12  128  0.7772E-08
 16  8  12  128  0.7765E-08
 16  8  12  128  0.7767E-08
 16  8  12  128  0.7778E-08
 16  8  12  128  0.7778E-08
 16  8  12  128  0.7790E-08
 16  8  13  128  0.8441E-08
 16  8  13  128  0.8449E-08
 16  8  13  128  0.8446E-08
 16  8  13  128  0.8435E-08
 16  8  13  128  0.8464E-08
 16  8  13  128  0.8470E-08
 16  8  13  128  0.8452E-08
 16  8  13  128  0.8451E-08
 16  8  13  128  0.8452E-08
 16  8  13  128  0.8450E-08
 16  8  14  128  0.7613E-08
 16  8  14  128  0.7610E-08
 16  8  14  128  0.7608E-08
 16  8  14  128  0.7601E-08
 16  8  14  128  0.7620E-08
 16  8  14  128  0.7608E-08
 16  8  14  128  0.7599E-08
 16  8  14  128  0.7603E-08
 16  8  14  128  0.7612E-08
 16  8  14  128  0.7612E-08
 16  8  15  128  0.8504E-08
 16  8  15  128  0.8507E-08
 16  8  15  128  0.8508E-08
 16  8  15  128  0.8501E-08
 16  8  15  128  0.8513E-08
 16  8  15  128  0.8514E-08
 16  8  15  128  0.8514E-08
 16  8  15  128  0.8515E-08
 16  8  15  128  0.8515E-08
 16  8  15  128  0.8518E-08
 16  8  16  128  0.7882E-08
 16  8  16  128  0.7879E-08
 16  8  16  128  0.7887E-08
 16  8  16  128  0.7893E-08
 16  8  16  128  0.7899E-08
 16  8  16  128  0.7903E-08
 16  8  16  128  0.7894E-08
 16  8  16  128  0.7889E-08
 16  8  16  128  0.7892E-08
 16  8  16  128  0.7892E-08
 16  8  17  128  0.9838E-08
 16  8  17  128  0.9834E-08
 16  8  17  128  0.9832E-08
 16  8  17  128  0.9845E-08
 16  8  17  128  0.9857E-08
 16  8  17  128  0.9842E-08
 16  8  17  128  0.9833E-08
 16  8  17  128  0.9838E-08
 16  8  17  128  0.9835E-08
 16  8  17  128  0.9835E-08
 16  8  18  128  0.9267E-08
 16  8  18  128  0.9263E-08
 16  8  18  128  0.9267E-08
 16  8  18  128  0.9268E-08
 16  8  18  128  0.9270E-08
 16  8  18  128  0.9265E-08
 16  8  18  128  0.9267E-08
 16  8  18  128  0.9267E-08
 16  8  18  128  0.9270E-08
 16  8  18  128  0.9263E-08
 16  8  19  128  0.1047E-07
 16  8  19  128  0.1047E-07
 16  8  19  128  0.1047E-07
 16  8  19  128  0.1047E-07
 16  8  19  128  0.1046E-07
 16  8  19  128  0.1046E-07
 16  8  19  128  0.1047E-07
 16  8  19  128  0.1046E-07
 16  8  19  128  0.1047E-07
 16  8  19  128  0.1047E-07
 16  8  20  128  0.9949E-08
 16  8  20  128  0.9945E-08
 16  8  20  128  0.9940E-08
 16  8  20  128  0.9939E-08
 16  8  20  128  0.9944E-08
 16  8  20  128  0.9941E-08
 16  8  20  128  0.9937E-08
 16  8  20  128  0.9941E-08
 16  8  20  128  0.9940E-08
 16  8  20  128  0.9939E-08
