 16  8  3  128  0.4407E-07
 16  8  3  128  0.4406E-07
 16  8  3  128  0.4199E-07
 16  8  3  128  0.4288E-07
 16  8  3  128  0.4244E-07
 16  8  3  128  0.4361E-07
 16  8  3  128  0.4192E-07
 16  8  3  128  0.4161E-07
 16  8  3  128  0.4308E-07
 16  8  3  128  0.4252E-07
 16  8  4  128  0.2207E-07
 16  8  4  128  0.2169E-07
 16  8  4  128  0.2183E-07
 16  8  4  128  0.2158E-07
 16  8  4  128  0.2193E-07
 16  8  4  128  0.2199E-07
 16  8  4  128  0.2201E-07
 16  8  4  128  0.2205E-07
 16  8  4  128  0.2166E-07
 16  8  4  128  0.2187E-07
 16  8  5  128  0.1606E-07
 16  8  5  128  0.1565E-07
 16  8  5  128  0.1573E-07
 16  8  5  128  0.1564E-07
 16  8  5  128  0.1570E-07
 16  8  5  128  0.1569E-07
 16  8  5  128  0.1570E-07
 16  8  5  128  0.1578E-07
 16  8  5  128  0.1570E-07
 16  8  5  128  0.1582E-07
 16  8  6  128  0.1096E-07
 16  8  6  128  0.1066E-07
 16  8  6  128  0.1079E-07
 16  8  6  128  0.1071E-07
 16  8  6  128  0.1069E-07
 16  8  6  128  0.1072E-07
 16  8  6  128  0.1070E-07
 16  8  6  128  0.1069E-07
 16  8  6  128  0.1070E-07
 16  8  6  128  0.1066E-07
 16  8  7  128  0.1134E-07
 16  8  7  128  0.1111E-07
 16  8  7  128  0.1115E-07
 16  8  7  128  0.1114E-07
 16  8  7  128  0.1113E-07
 16  8  7  128  0.1111E-07
 16  8  7  128  0.1114E-07
 16  8  7  128  0.1113E-07
 16  8  7  128  0.1115E-07
 16  8  7  128  0.1116E-07
 16  8  8  128  0.1007E-07
 16  8  8  128  0.9930E-08
 16  8  8  128  0.9980E-08
 16  8  8  128  0.9946E-08
 16  8  8  128  0.9978E-08
 16  8  8  128  0.1001E-07
 16  8  8  128  0.9978E-08
 16  8  8  128  0.9959E-08
 16  8  8  128  0.9972E-08
 16  8  8  128  0.9982E-08
 16  8  9  128  0.1071E-07
 16  8  9  128  0.1061E-07
 16  8  9  128  0.1062E-07
 16  8  9  128  0.1061E-07
 16  8  9  128  0.1062E-07
 16  8  9  128  0.1061E-07
 16  8  9  128  0.1060E-07
 16  8  9  128  0.1061E-07
 16  8  9  128  0.1061E-07
 16  8  9  128  0.1064E-07
 16  8  10  128  0.1101E-07
 16  8  10  128  0.1094E-07
 16  8  10  128  0.1094E-07
 16  8  10  128  0.1094E-07
 16  8  10  128  0.1095E-07
 16  8  10  128  0.1095E-07
 16  8  10  128  0.1093E-07
 16  8  10  128  0.1092E-07
 16  8  10  128  0.1092E-07
 16  8  10  128  0.1092E-07
 16  8  11  128  0.1075E-07
 16  8  11  128  0.1063E-07
 16  8  11  128  0.1063E-07
 16  8  11  128  0.1061E-07
 16  8  11  128  0.1062E-07
 16  8  11  128  0.1062E-07
 16  8  11  128  0.1066E-07
 16  8  11  128  0.1076E-07
 16  8  11  128  0.1075E-07
 16  8  11  128  0.1075E-07
 16  8  12  128  0.9648E-08
 16  8  12  128  0.9631E-08
 16  8  12  128  0.9633E-08
 16  8  12  128  0.9628E-08
 16  8  12  128  0.9624E-08
 16  8  12  128  0.9666E-08
 16  8  12  128  0.9675E-08
 16  8  12  128  0.9694E-08
 16  8  12  128  0.9688E-08
 16  8  12  128  0.9693E-08
 16  8  13  128  0.1049E-07
 16  8  13  128  0.1044E-07
 16  8  13  128  0.1041E-07
 16  8  13  128  0.1041E-07
 16  8  13  128  0.1041E-07
 16  8  13  128  0.1041E-07
 16  8  13  128  0.1045E-07
 16  8  13  128  0.1048E-07
 16  8  13  128  0.1049E-07
 16  8  13  128  0.1048E-07
 16  8  14  128  0.9633E-08
 16  8  14  128  0.9571E-08
 16  8  14  128  0.9589E-08
 16  8  14  128  0.9571E-08
 16  8  14  128  0.9570E-08
 16  8  14  128  0.9569E-08
 16  8  14  128  0.9581E-08
 16  8  14  128  0.9576E-08
 16  8  14  128  0.9578E-08
 16  8  14  128  0.9567E-08
 16  8  15  128  0.1016E-07
 16  8  15  128  0.1004E-07
 16  8  15  128  0.1006E-07
 16  8  15  128  0.1008E-07
 16  8  15  128  0.1006E-07
 16  8  15  128  0.1007E-07
 16  8  15  128  0.1006E-07
 16  8  15  128  0.1005E-07
 16  8  15  128  0.1007E-07
 16  8  15  128  0.1005E-07
 16  8  16  128  0.9507E-08
 16  8  16  128  0.9428E-08
 16  8  16  128  0.9430E-08
 16  8  16  128  0.9432E-08
 16  8  16  128  0.9424E-08
 16  8  16  128  0.9439E-08
 16  8  16  128  0.9429E-08
 16  8  16  128  0.9435E-08
 16  8  16  128  0.9439E-08
 16  8  16  128  0.9444E-08
 16  8  17  128  0.1199E-07
 16  8  17  128  0.1187E-07
 16  8  17  128  0.1187E-07
 16  8  17  128  0.1189E-07
 16  8  17  128  0.1187E-07
 16  8  17  128  0.1190E-07
 16  8  17  128  0.1188E-07
 16  8  17  128  0.1188E-07
 16  8  17  128  0.1187E-07
 16  8  17  128  0.1188E-07
 16  8  18  128  0.1109E-07
 16  8  18  128  0.1102E-07
 16  8  18  128  0.1102E-07
 16  8  18  128  0.1102E-07
 16  8  18  128  0.1101E-07
 16  8  18  128  0.1101E-07
 16  8  18  128  0.1103E-07
 16  8  18  128  0.1103E-07
 16  8  18  128  0.1102E-07
 16  8  18  128  0.1101E-07
 16  8  19  128  0.1187E-07
 16  8  19  128  0.1179E-07
 16  8  19  128  0.1179E-07
 16  8  19  128  0.1180E-07
 16  8  19  128  0.1179E-07
 16  8  19  128  0.1179E-07
 16  8  19  128  0.1178E-07
 16  8  19  128  0.1179E-07
 16  8  19  128  0.1177E-07
 16  8  19  128  0.1178E-07
 16  8  20  128  0.1133E-07
 16  8  20  128  0.1126E-07
 16  8  20  128  0.1126E-07
 16  8  20  128  0.1126E-07
 16  8  20  128  0.1129E-07
 16  8  20  128  0.1128E-07
 16  8  20  128  0.1127E-07
 16  8  20  128  0.1126E-07
 16  8  20  128  0.1126E-07
 16  8  20  128  0.1127E-07
