 16  2  3  32  0.7633E-07
 16  2  3  32  0.7542E-07
 16  2  3  32  0.7478E-07
 16  2  3  32  0.7438E-07
 16  2  3  32  0.7397E-07
 16  2  3  32  0.7321E-07
 16  2  3  32  0.7409E-07
 16  2  3  32  0.7393E-07
 16  2  3  32  0.7359E-07
 16  2  3  32  0.7390E-07
 16  2  4  32  0.4134E-07
 16  2  4  32  0.4064E-07
 16  2  4  32  0.4034E-07
 16  2  4  32  0.4075E-07
 16  2  4  32  0.4056E-07
 16  2  4  32  0.4041E-07
 16  2  4  32  0.4011E-07
 16  2  4  32  0.4099E-07
 16  2  4  32  0.4013E-07
 16  2  4  32  0.3999E-07
 16  2  5  32  0.3570E-07
 16  2  5  32  0.3421E-07
 16  2  5  32  0.3428E-07
 16  2  5  32  0.3413E-07
 16  2  5  32  0.3420E-07
 16  2  5  32  0.3393E-07
 16  2  5  32  0.3404E-07
 16  2  5  32  0.3392E-07
 16  2  5  32  0.3440E-07
 16  2  5  32  0.3458E-07
 16  2  6  32  0.3152E-07
 16  2  6  32  0.3112E-07
 16  2  6  32  0.3097E-07
 16  2  6  32  0.3030E-07
 16  2  6  32  0.3084E-07
 16  2  6  32  0.3061E-07
 16  2  6  32  0.3073E-07
 16  2  6  32  0.2997E-07
 16  2  6  32  0.3042E-07
 16  2  6  32  0.3101E-07
 16  2  7  32  0.3405E-07
 16  2  7  32  0.3377E-07
 16  2  7  32  0.3386E-07
 16  2  7  32  0.3376E-07
 16  2  7  32  0.3381E-07
 16  2  7  32  0.3381E-07
 16  2  7  32  0.3402E-07
 16  2  7  32  0.3410E-07
 16  2  7  32  0.3412E-07
 16  2  7  32  0.3419E-07
 16  2  8  32  0.3454E-07
 16  2  8  32  0.3418E-07
 16  2  8  32  0.3412E-07
 16  2  8  32  0.3416E-07
 16  2  8  32  0.3418E-07
 16  2  8  32  0.3420E-07
 16  2  8  32  0.3425E-07
 16  2  8  32  0.3407E-07
 16  2  8  32  0.3408E-07
 16  2  8  32  0.3416E-07
 16  2  9  32  0.3811E-07
 16  2  9  32  0.3800E-07
 16  2  9  32  0.3805E-07
 16  2  9  32  0.3819E-07
 16  2  9  32  0.3814E-07
 16  2  9  32  0.3812E-07
 16  2  9  32  0.3817E-07
 16  2  9  32  0.3818E-07
 16  2  9  32  0.3815E-07
 16  2  9  32  0.3819E-07
 16  2  10  32  0.4037E-07
 16  2  10  32  0.4031E-07
 16  2  10  32  0.4035E-07
 16  2  10  32  0.4039E-07
 16  2  10  32  0.4036E-07
 16  2  10  32  0.4037E-07
 16  2  10  32  0.4046E-07
 16  2  10  32  0.4063E-07
 16  2  10  32  0.4059E-07
 16  2  10  32  0.4064E-07
 16  2  11  32  0.3917E-07
 16  2  11  32  0.3899E-07
 16  2  11  32  0.3903E-07
 16  2  11  32  0.3898E-07
 16  2  11  32  0.3898E-07
 16  2  11  32  0.3900E-07
 16  2  11  32  0.3899E-07
 16  2  11  32  0.3900E-07
 16  2  11  32  0.3900E-07
 16  2  11  32  0.3900E-07
 16  2  12  32  0.3588E-07
 16  2  12  32  0.3590E-07
 16  2  12  32  0.3590E-07
 16  2  12  32  0.3587E-07
 16  2  12  32  0.3589E-07
 16  2  12  32  0.3584E-07
 16  2  12  32  0.3586E-07
 16  2  12  32  0.3585E-07
 16  2  12  32  0.3595E-07
 16  2  12  32  0.3593E-07
 16  2  13  32  0.3966E-07
 16  2  13  32  0.3981E-07
 16  2  13  32  0.3994E-07
 16  2  13  32  0.3987E-07
 16  2  13  32  0.3985E-07
 16  2  13  32  0.3987E-07
 16  2  13  32  0.3986E-07
 16  2  13  32  0.3981E-07
 16  2  13  32  0.3982E-07
 16  2  13  32  0.4004E-07
 16  2  14  32  0.3633E-07
 16  2  14  32  0.3628E-07
 16  2  14  32  0.3631E-07
 16  2  14  32  0.3633E-07
 16  2  14  32  0.3631E-07
 16  2  14  32  0.3632E-07
 16  2  14  32  0.3631E-07
 16  2  14  32  0.3631E-07
 16  2  14  32  0.3646E-07
 16  2  14  32  0.3664E-07
 16  2  15  32  0.3842E-07
 16  2  15  32  0.3832E-07
 16  2  15  32  0.3830E-07
 16  2  15  32  0.3830E-07
 16  2  15  32  0.3834E-07
 16  2  15  32  0.3841E-07
 16  2  15  32  0.3834E-07
 16  2  15  32  0.3827E-07
 16  2  15  32  0.3826E-07
 16  2  15  32  0.3829E-07
 16  2  16  32  0.3602E-07
 16  2  16  32  0.3593E-07
 16  2  16  32  0.3599E-07
 16  2  16  32  0.3602E-07
 16  2  16  32  0.3614E-07
 16  2  16  32  0.3612E-07
 16  2  16  32  0.3611E-07
 16  2  16  32  0.3612E-07
 16  2  16  32  0.3608E-07
 16  2  16  32  0.3614E-07
 16  2  17  32  0.4601E-07
 16  2  17  32  0.4592E-07
 16  2  17  32  0.4598E-07
 16  2  17  32  0.4608E-07
 16  2  17  32  0.4601E-07
 16  2  17  32  0.4599E-07
 16  2  17  32  0.4605E-07
 16  2  17  32  0.4607E-07
 16  2  17  32  0.4602E-07
 16  2  17  32  0.4599E-07
 16  2  18  32  0.4276E-07
 16  2  18  32  0.4283E-07
 16  2  18  32  0.4275E-07
 16  2  18  32  0.4274E-07
 16  2  18  32  0.4275E-07
 16  2  18  32  0.4281E-07
 16  2  18  32  0.4278E-07
 16  2  18  32  0.4281E-07
 16  2  18  32  0.4276E-07
 16  2  18  32  0.4276E-07
 16  2  19  32  0.4574E-07
 16  2  19  32  0.4568E-07
 16  2  19  32  0.4571E-07
 16  2  19  32  0.4571E-07
 16  2  19  32  0.4570E-07
 16  2  19  32  0.4571E-07
 16  2  19  32  0.4569E-07
 16  2  19  32  0.4570E-07
 16  2  19  32  0.4575E-07
 16  2  19  32  0.4570E-07
 16  2  20  32  0.4364E-07
 16  2  20  32  0.4373E-07
 16  2  20  32  0.4375E-07
 16  2  20  32  0.4378E-07
 16  2  20  32  0.4376E-07
 16  2  20  32  0.4374E-07
 16  2  20  32  0.4380E-07
 16  2  20  32  0.4407E-07
 16  2  20  32  0.4372E-07
 16  2  20  32  0.4375E-07
