 16  32  3  512  0.1141E-07
 16  32  3  512  0.1088E-07
 16  32  3  512  0.1055E-07
 16  32  3  512  0.1103E-07
 16  32  3  512  0.1078E-07
 16  32  3  512  0.1075E-07
 16  32  3  512  0.1080E-07
 16  32  3  512  0.1080E-07
 16  32  3  512  0.1079E-07
 16  32  3  512  0.1061E-07
 16  32  4  512  0.6336E-08
 16  32  4  512  0.6227E-08
 16  32  4  512  0.6097E-08
 16  32  4  512  0.6088E-08
 16  32  4  512  0.6263E-08
 16  32  4  512  0.6066E-08
 16  32  4  512  0.6121E-08
 16  32  4  512  0.6126E-08
 16  32  4  512  0.6066E-08
 16  32  4  512  0.6000E-08
 16  32  5  512  0.4766E-08
 16  32  5  512  0.4596E-08
 16  32  5  512  0.4603E-08
 16  32  5  512  0.4626E-08
 16  32  5  512  0.4650E-08
 16  32  5  512  0.4633E-08
 16  32  5  512  0.4628E-08
 16  32  5  512  0.4608E-08
 16  32  5  512  0.4581E-08
 16  32  5  512  0.4578E-08
 16  32  6  512  0.4304E-08
 16  32  6  512  0.4192E-08
 16  32  6  512  0.4205E-08
 16  32  6  512  0.4202E-08
 16  32  6  512  0.4243E-08
 16  32  6  512  0.4227E-08
 16  32  6  512  0.4233E-08
 16  32  6  512  0.4225E-08
 16  32  6  512  0.4196E-08
 16  32  6  512  0.4187E-08
 16  32  7  512  0.4411E-08
 16  32  7  512  0.4381E-08
 16  32  7  512  0.4375E-08
 16  32  7  512  0.4380E-08
 16  32  7  512  0.4378E-08
 16  32  7  512  0.4364E-08
 16  32  7  512  0.4356E-08
 16  32  7  512  0.4356E-08
 16  32  7  512  0.4353E-08
 16  32  7  512  0.4352E-08
 16  32  8  512  0.3883E-08
 16  32  8  512  0.3856E-08
 16  32  8  512  0.3858E-08
 16  32  8  512  0.3858E-08
 16  32  8  512  0.3855E-08
 16  32  8  512  0.3880E-08
 16  32  8  512  0.3863E-08
 16  32  8  512  0.3862E-08
 16  32  8  512  0.3850E-08
 16  32  8  512  0.3860E-08
 16  32  9  512  0.3758E-08
 16  32  9  512  0.3725E-08
 16  32  9  512  0.3724E-08
 16  32  9  512  0.3718E-08
 16  32  9  512  0.3718E-08
 16  32  9  512  0.3717E-08
 16  32  9  512  0.3719E-08
 16  32  9  512  0.3718E-08
 16  32  9  512  0.3717E-08
 16  32  9  512  0.3724E-08
 16  32  10  512  0.3717E-08
 16  32  10  512  0.3702E-08
 16  32  10  512  0.3707E-08
 16  32  10  512  0.3701E-08
 16  32  10  512  0.3701E-08
 16  32  10  512  0.3704E-08
 16  32  10  512  0.3705E-08
 16  32  10  512  0.3706E-08
 16  32  10  512  0.3701E-08
 16  32  10  512  0.3701E-08
 16  32  11  512  0.3499E-08
 16  32  11  512  0.3486E-08
 16  32  11  512  0.3486E-08
 16  32  11  512  0.3483E-08
 16  32  11  512  0.3481E-08
 16  32  11  512  0.3481E-08
 16  32  11  512  0.3486E-08
 16  32  11  512  0.3483E-08
 16  32  11  512  0.3483E-08
 16  32  11  512  0.3483E-08
 16  32  12  512  0.3235E-08
 16  32  12  512  0.3222E-08
 16  32  12  512  0.3226E-08
 16  32  12  512  0.3221E-08
 16  32  12  512  0.3223E-08
 16  32  12  512  0.3325E-08
 16  32  12  512  0.3219E-08
 16  32  12  512  0.3219E-08
 16  32  12  512  0.3221E-08
 16  32  12  512  0.3219E-08
 16  32  13  512  0.3397E-08
 16  32  13  512  0.3388E-08
 16  32  13  512  0.3384E-08
 16  32  13  512  0.3388E-08
 16  32  13  512  0.3382E-08
 16  32  13  512  0.3384E-08
 16  32  13  512  0.3386E-08
 16  32  13  512  0.3388E-08
 16  32  13  512  0.3387E-08
 16  32  13  512  0.3384E-08
 16  32  14  512  0.3137E-08
 16  32  14  512  0.3121E-08
 16  32  14  512  0.3127E-08
 16  32  14  512  0.3117E-08
 16  32  14  512  0.3119E-08
 16  32  14  512  0.3120E-08
 16  32  14  512  0.3117E-08
 16  32  14  512  0.3116E-08
 16  32  14  512  0.3120E-08
 16  32  14  512  0.3118E-08
 16  32  15  512  0.3242E-08
 16  32  15  512  0.3231E-08
 16  32  15  512  0.3228E-08
 16  32  15  512  0.3231E-08
 16  32  15  512  0.3226E-08
 16  32  15  512  0.3225E-08
 16  32  15  512  0.3227E-08
 16  32  15  512  0.3229E-08
 16  32  15  512  0.3227E-08
 16  32  15  512  0.3230E-08
 16  32  16  512  0.3489E-08
 16  32  16  512  0.3473E-08
 16  32  16  512  0.3472E-08
 16  32  16  512  0.3472E-08
 16  32  16  512  0.3473E-08
 16  32  16  512  0.3474E-08
 16  32  16  512  0.3475E-08
 16  32  16  512  0.3473E-08
 16  32  16  512  0.3476E-08
 16  32  16  512  0.3496E-08
 16  32  17  512  0.3511E-08
 16  32  17  512  0.3495E-08
 16  32  17  512  0.3497E-08
 16  32  17  512  0.3498E-08
 16  32  17  512  0.3496E-08
 16  32  17  512  0.3497E-08
 16  32  17  512  0.3496E-08
 16  32  17  512  0.3497E-08
 16  32  17  512  0.3499E-08
 16  32  17  512  0.3498E-08
 16  32  18  512  0.3562E-08
 16  32  18  512  0.3547E-08
 16  32  18  512  0.3543E-08
 16  32  18  512  0.3541E-08
 16  32  18  512  0.3544E-08
 16  32  18  512  0.3542E-08
 16  32  18  512  0.3541E-08
 16  32  18  512  0.3544E-08
 16  32  18  512  0.3542E-08
 16  32  18  512  0.3543E-08
 16  32  19  512  0.3481E-08
 16  32  19  512  0.3469E-08
 16  32  19  512  0.3467E-08
 16  32  19  512  0.3468E-08
 16  32  19  512  0.3468E-08
 16  32  19  512  0.3469E-08
 16  32  19  512  0.3465E-08
 16  32  19  512  0.3468E-08
 16  32  19  512  0.3466E-08
 16  32  19  512  0.3468E-08
 16  32  20  512  0.3409E-08
 16  32  20  512  0.3399E-08
 16  32  20  512  0.3412E-08
 16  32  20  512  0.3394E-08
 16  32  20  512  0.3399E-08
 16  32  20  512  0.3398E-08
 16  32  20  512  0.3382E-08
 16  32  20  512  0.3387E-08
 16  32  20  512  0.3399E-08
 16  32  20  512  0.3390E-08
