 16  4  3  64  0.6945E-07
 16  4  3  64  0.4286E-07
 16  4  3  64  0.6269E-07
 16  4  3  64  0.4167E-07
 16  4  3  64  0.4572E-07
 16  4  3  64  0.5556E-07
 16  4  3  64  0.4939E-07
 16  4  3  64  0.4033E-07
 16  4  3  64  0.3744E-07
 16  4  3  64  0.4572E-07
 16  4  4  64  0.1784E-07
 16  4  4  64  0.1705E-07
 16  4  4  64  0.1739E-07
 16  4  4  64  0.1868E-07
 16  4  4  64  0.1755E-07
 16  4  4  64  0.1739E-07
 16  4  4  64  0.1783E-07
 16  4  4  64  0.1753E-07
 16  4  4  64  0.1792E-07
 16  4  4  64  0.1836E-07
 16  4  5  64  0.2779E-07
 16  4  5  64  0.2626E-07
 16  4  5  64  0.2541E-07
 16  4  5  64  0.2442E-07
 16  4  5  64  0.2729E-07
 16  4  5  64  0.2613E-07
 16  4  5  64  0.2475E-07
 16  4  5  64  0.2492E-07
 16  4  5  64  0.2738E-07
 16  4  5  64  0.2666E-07
 16  4  6  64  0.2609E-07
 16  4  6  64  0.2257E-07
 16  4  6  64  0.2250E-07
 16  4  6  64  0.2233E-07
 16  4  6  64  0.2228E-07
 16  4  6  64  0.2235E-07
 16  4  6  64  0.2271E-07
 16  4  6  64  0.2218E-07
 16  4  6  64  0.2250E-07
 16  4  6  64  0.2223E-07
 16  4  7  64  0.1491E-07
 16  4  7  64  0.1488E-07
 16  4  7  64  0.1487E-07
 16  4  7  64  0.1490E-07
 16  4  7  64  0.1489E-07
 16  4  7  64  0.1487E-07
 16  4  7  64  0.1486E-07
 16  4  7  64  0.1489E-07
 16  4  7  64  0.1486E-07
 16  4  7  64  0.1486E-07
 16  4  8  64  0.1310E-07
 16  4  8  64  0.1307E-07
 16  4  8  64  0.1308E-07
 16  4  8  64  0.1307E-07
 16  4  8  64  0.1305E-07
 16  4  8  64  0.1308E-07
 16  4  8  64  0.1307E-07
 16  4  8  64  0.1307E-07
 16  4  8  64  0.1306E-07
 16  4  8  64  0.1304E-07
 16  4  9  64  0.1501E-07
 16  4  9  64  0.1497E-07
 16  4  9  64  0.1498E-07
 16  4  9  64  0.1500E-07
 16  4  9  64  0.1500E-07
 16  4  9  64  0.1502E-07
 16  4  9  64  0.1498E-07
 16  4  9  64  0.1498E-07
 16  4  9  64  0.1496E-07
 16  4  9  64  0.1502E-07
 16  4  10  64  0.1614E-07
 16  4  10  64  0.1614E-07
 16  4  10  64  0.1618E-07
 16  4  10  64  0.1616E-07
 16  4  10  64  0.1614E-07
 16  4  10  64  0.1614E-07
 16  4  10  64  0.1615E-07
 16  4  10  64  0.1616E-07
 16  4  10  64  0.1616E-07
 16  4  10  64  0.1617E-07
 16  4  11  64  0.1578E-07
 16  4  11  64  0.1578E-07
 16  4  11  64  0.1578E-07
 16  4  11  64  0.1576E-07
 16  4  11  64  0.1580E-07
 16  4  11  64  0.1583E-07
 16  4  11  64  0.1580E-07
 16  4  11  64  0.1579E-07
 16  4  11  64  0.1579E-07
 16  4  11  64  0.1580E-07
 16  4  12  64  0.1464E-07
 16  4  12  64  0.1463E-07
 16  4  12  64  0.1462E-07
 16  4  12  64  0.1462E-07
 16  4  12  64  0.1464E-07
 16  4  12  64  0.1462E-07
 16  4  12  64  0.1464E-07
 16  4  12  64  0.1462E-07
 16  4  12  64  0.1464E-07
 16  4  12  64  0.1463E-07
 16  4  13  64  0.1605E-07
 16  4  13  64  0.1606E-07
 16  4  13  64  0.1605E-07
 16  4  13  64  0.1606E-07
 16  4  13  64  0.1607E-07
 16  4  13  64  0.1604E-07
 16  4  13  64  0.1603E-07
 16  4  13  64  0.1604E-07
 16  4  13  64  0.1608E-07
 16  4  13  64  0.1609E-07
 16  4  14  64  0.1427E-07
 16  4  14  64  0.1431E-07
 16  4  14  64  0.1427E-07
 16  4  14  64  0.1426E-07
 16  4  14  64  0.1427E-07
 16  4  14  64  0.1428E-07
 16  4  14  64  0.1427E-07
 16  4  14  64  0.1427E-07
 16  4  14  64  0.1427E-07
 16  4  14  64  0.1428E-07
 16  4  15  64  0.1622E-07
 16  4  15  64  0.1629E-07
 16  4  15  64  0.1625E-07
 16  4  15  64  0.1625E-07
 16  4  15  64  0.1628E-07
 16  4  15  64  0.1626E-07
 16  4  15  64  0.1625E-07
 16  4  15  64  0.1627E-07
 16  4  15  64  0.1631E-07
 16  4  15  64  0.1634E-07
 16  4  16  64  0.1501E-07
 16  4  16  64  0.1499E-07
 16  4  16  64  0.1498E-07
 16  4  16  64  0.1497E-07
 16  4  16  64  0.1499E-07
 16  4  16  64  0.1500E-07
 16  4  16  64  0.1497E-07
 16  4  16  64  0.1499E-07
 16  4  16  64  0.1500E-07
 16  4  16  64  0.1499E-07
 16  4  17  64  0.1885E-07
 16  4  17  64  0.1887E-07
 16  4  17  64  0.1885E-07
 16  4  17  64  0.1887E-07
 16  4  17  64  0.1886E-07
 16  4  17  64  0.1886E-07
 16  4  17  64  0.1887E-07
 16  4  17  64  0.1886E-07
 16  4  17  64  0.1886E-07
 16  4  17  64  0.1885E-07
 16  4  18  64  0.1790E-07
 16  4  18  64  0.1792E-07
 16  4  18  64  0.1791E-07
 16  4  18  64  0.1794E-07
 16  4  18  64  0.1794E-07
 16  4  18  64  0.1793E-07
 16  4  18  64  0.1793E-07
 16  4  18  64  0.1792E-07
 16  4  18  64  0.1792E-07
 16  4  18  64  0.1794E-07
 16  4  19  64  0.2023E-07
 16  4  19  64  0.2023E-07
 16  4  19  64  0.2024E-07
 16  4  19  64  0.2023E-07
 16  4  19  64  0.2024E-07
 16  4  19  64  0.2024E-07
 16  4  19  64  0.2024E-07
 16  4  19  64  0.2025E-07
 16  4  19  64  0.2025E-07
 16  4  19  64  0.2025E-07
 16  4  20  64  0.1953E-07
 16  4  20  64  0.1954E-07
 16  4  20  64  0.1954E-07
 16  4  20  64  0.1951E-07
 16  4  20  64  0.1951E-07
 16  4  20  64  0.1954E-07
 16  4  20  64  0.1949E-07
 16  4  20  64  0.1949E-07
 16  4  20  64  0.1949E-07
 16  4  20  64  0.1950E-07
