 16  32  3  512  0.2122E-07
 16  32  3  512  0.7617E-08
 16  32  3  512  0.5912E-08
 16  32  3  512  0.7301E-08
 16  32  3  512  0.7042E-08
 16  32  3  512  0.7284E-08
 16  32  3  512  0.6364E-08
 16  32  3  512  0.6582E-08
 16  32  3  512  0.7359E-08
 16  32  3  512  0.6318E-08
 16  32  4  512  0.7213E-08
 16  32  4  512  0.4060E-08
 16  32  4  512  0.4538E-08
 16  32  4  512  0.3968E-08
 16  32  4  512  0.4293E-08
 16  32  4  512  0.4281E-08
 16  32  4  512  0.4455E-08
 16  32  4  512  0.4191E-08
 16  32  4  512  0.4761E-08
 16  32  4  512  0.4244E-08
 16  32  5  512  0.7479E-08
 16  32  5  512  0.4026E-08
 16  32  5  512  0.3761E-08
 16  32  5  512  0.3995E-08
 16  32  5  512  0.3928E-08
 16  32  5  512  0.3912E-08
 16  32  5  512  0.3802E-08
 16  32  5  512  0.3859E-08
 16  32  5  512  0.3739E-08
 16  32  5  512  0.3631E-08
 16  32  6  512  0.2539E-08
 16  32  6  512  0.2532E-08
 16  32  6  512  0.2500E-08
 16  32  6  512  0.2495E-08
 16  32  6  512  0.2512E-08
 16  32  6  512  0.2503E-08
 16  32  6  512  0.2505E-08
 16  32  6  512  0.2522E-08
 16  32  6  512  0.2499E-08
 16  32  6  512  0.2502E-08
 16  32  7  512  0.2358E-08
 16  32  7  512  0.2334E-08
 16  32  7  512  0.2336E-08
 16  32  7  512  0.2337E-08
 16  32  7  512  0.2333E-08
 16  32  7  512  0.2340E-08
 16  32  7  512  0.2339E-08
 16  32  7  512  0.2340E-08
 16  32  7  512  0.2339E-08
 16  32  7  512  0.2334E-08
 16  32  8  512  0.2033E-08
 16  32  8  512  0.2026E-08
 16  32  8  512  0.2027E-08
 16  32  8  512  0.2024E-08
 16  32  8  512  0.2029E-08
 16  32  8  512  0.2023E-08
 16  32  8  512  0.2025E-08
 16  32  8  512  0.2025E-08
 16  32  8  512  0.2033E-08
 16  32  8  512  0.2026E-08
 16  32  9  512  0.2596E-08
 16  32  9  512  0.2580E-08
 16  32  9  512  0.2582E-08
 16  32  9  512  0.2582E-08
 16  32  9  512  0.2579E-08
 16  32  9  512  0.2576E-08
 16  32  9  512  0.2580E-08
 16  32  9  512  0.2580E-08
 16  32  9  512  0.2574E-08
 16  32  9  512  0.2581E-08
 16  32  10  512  0.2351E-08
 16  32  10  512  0.2345E-08
 16  32  10  512  0.2344E-08
 16  32  10  512  0.2344E-08
 16  32  10  512  0.2346E-08
 16  32  10  512  0.2361E-08
 16  32  10  512  0.2352E-08
 16  32  10  512  0.2346E-08
 16  32  10  512  0.2347E-08
 16  32  10  512  0.2349E-08
 16  32  11  512  0.2382E-08
 16  32  11  512  0.2388E-08
 16  32  11  512  0.2385E-08
 16  32  11  512  0.2383E-08
 16  32  11  512  0.2392E-08
 16  32  11  512  0.2382E-08
 16  32  11  512  0.2378E-08
 16  32  11  512  0.2379E-08
 16  32  11  512  0.2376E-08
 16  32  11  512  0.2388E-08
 16  32  12  512  0.2246E-08
 16  32  12  512  0.2244E-08
 16  32  12  512  0.2249E-08
 16  32  12  512  0.2243E-08
 16  32  12  512  0.2247E-08
 16  32  12  512  0.2249E-08
 16  32  12  512  0.2243E-08
 16  32  12  512  0.2248E-08
 16  32  12  512  0.2248E-08
 16  32  12  512  0.2243E-08
 16  32  13  512  0.2382E-08
 16  32  13  512  0.2379E-08
 16  32  13  512  0.2382E-08
 16  32  13  512  0.2379E-08
 16  32  13  512  0.2378E-08
 16  32  13  512  0.2379E-08
 16  32  13  512  0.2382E-08
 16  32  13  512  0.2379E-08
 16  32  13  512  0.2379E-08
 16  32  13  512  0.2379E-08
 16  32  14  512  0.2243E-08
 16  32  14  512  0.2242E-08
 16  32  14  512  0.2242E-08
 16  32  14  512  0.2236E-08
 16  32  14  512  0.2244E-08
 16  32  14  512  0.2243E-08
 16  32  14  512  0.2246E-08
 16  32  14  512  0.2239E-08
 16  32  14  512  0.2245E-08
 16  32  14  512  0.2239E-08
 16  32  15  512  0.2397E-08
 16  32  15  512  0.2396E-08
 16  32  15  512  0.2394E-08
 16  32  15  512  0.2397E-08
 16  32  15  512  0.2396E-08
 16  32  15  512  0.2395E-08
 16  32  15  512  0.2393E-08
 16  32  15  512  0.2396E-08
 16  32  15  512  0.2395E-08
 16  32  15  512  0.2398E-08
 16  32  16  512  0.2439E-08
 16  32  16  512  0.2447E-08
 16  32  16  512  0.2442E-08
 16  32  16  512  0.2441E-08
 16  32  16  512  0.2442E-08
 16  32  16  512  0.2439E-08
 16  32  16  512  0.2441E-08
 16  32  16  512  0.2438E-08
 16  32  16  512  0.2439E-08
 16  32  16  512  0.2445E-08
 16  32  17  512  0.2742E-08
 16  32  17  512  0.2739E-08
 16  32  17  512  0.2739E-08
 16  32  17  512  0.2739E-08
 16  32  17  512  0.2739E-08
 16  32  17  512  0.2740E-08
 16  32  17  512  0.2739E-08
 16  32  17  512  0.2738E-08
 16  32  17  512  0.2739E-08
 16  32  17  512  0.2738E-08
 16  32  18  512  0.2533E-08
 16  32  18  512  0.2532E-08
 16  32  18  512  0.2531E-08
 16  32  18  512  0.2530E-08
 16  32  18  512  0.2532E-08
 16  32  18  512  0.2530E-08
 16  32  18  512  0.2532E-08
 16  32  18  512  0.2531E-08
 16  32  18  512  0.2531E-08
 16  32  18  512  0.2531E-08
 16  32  19  512  0.2802E-08
 16  32  19  512  0.2802E-08
 16  32  19  512  0.2803E-08
 16  32  19  512  0.2803E-08
 16  32  19  512  0.2803E-08
 16  32  19  512  0.2802E-08
 16  32  19  512  0.2803E-08
 16  32  19  512  0.2802E-08
 16  32  19  512  0.2803E-08
 16  32  19  512  0.2802E-08
 16  32  20  512  0.2761E-08
 16  32  20  512  0.2760E-08
 16  32  20  512  0.2759E-08
 16  32  20  512  0.2759E-08
 16  32  20  512  0.2760E-08
 16  32  20  512  0.2758E-08
 16  32  20  512  0.2759E-08
 16  32  20  512  0.2759E-08
 16  32  20  512  0.2758E-08
 16  32  20  512  0.2759E-08
