 16  32  3  512  0.2201E-07
 16  32  3  512  0.8416E-08
 16  32  3  512  0.7600E-08
 16  32  3  512  0.8825E-08
 16  32  3  512  0.8393E-08
 16  32  3  512  0.9233E-08
 16  32  3  512  0.6801E-08
 16  32  3  512  0.5887E-08
 16  32  3  512  0.6439E-08
 16  32  3  512  0.5737E-08
 16  32  4  512  0.7385E-08
 16  32  4  512  0.3357E-08
 16  32  4  512  0.4099E-08
 16  32  4  512  0.3733E-08
 16  32  4  512  0.3927E-08
 16  32  4  512  0.3866E-08
 16  32  4  512  0.3905E-08
 16  32  4  512  0.4353E-08
 16  32  4  512  0.4130E-08
 16  32  4  512  0.3856E-08
 16  32  5  512  0.7693E-08
 16  32  5  512  0.3391E-08
 16  32  5  512  0.3407E-08
 16  32  5  512  0.3897E-08
 16  32  5  512  0.3615E-08
 16  32  5  512  0.3489E-08
 16  32  5  512  0.3391E-08
 16  32  5  512  0.2932E-08
 16  32  5  512  0.3375E-08
 16  32  5  512  0.3312E-08
 16  32  6  512  0.2231E-08
 16  32  6  512  0.2206E-08
 16  32  6  512  0.2210E-08
 16  32  6  512  0.2201E-08
 16  32  6  512  0.2192E-08
 16  32  6  512  0.2202E-08
 16  32  6  512  0.2208E-08
 16  32  6  512  0.2196E-08
 16  32  6  512  0.2193E-08
 16  32  6  512  0.2206E-08
 16  32  7  512  0.2174E-08
 16  32  7  512  0.2162E-08
 16  32  7  512  0.2166E-08
 16  32  7  512  0.2161E-08
 16  32  7  512  0.2151E-08
 16  32  7  512  0.2147E-08
 16  32  7  512  0.2151E-08
 16  32  7  512  0.2152E-08
 16  32  7  512  0.2146E-08
 16  32  7  512  0.2157E-08
 16  32  8  512  0.1895E-08
 16  32  8  512  0.1889E-08
 16  32  8  512  0.1886E-08
 16  32  8  512  0.1882E-08
 16  32  8  512  0.1883E-08
 16  32  8  512  0.1884E-08
 16  32  8  512  0.1882E-08
 16  32  8  512  0.1886E-08
 16  32  8  512  0.1885E-08
 16  32  8  512  0.1886E-08
 16  32  9  512  0.2422E-08
 16  32  9  512  0.2413E-08
 16  32  9  512  0.2410E-08
 16  32  9  512  0.2420E-08
 16  32  9  512  0.2414E-08
 16  32  9  512  0.2422E-08
 16  32  9  512  0.2412E-08
 16  32  9  512  0.2407E-08
 16  32  9  512  0.2416E-08
 16  32  9  512  0.2417E-08
 16  32  10  512  0.2242E-08
 16  32  10  512  0.2231E-08
 16  32  10  512  0.2227E-08
 16  32  10  512  0.2231E-08
 16  32  10  512  0.2233E-08
 16  32  10  512  0.2233E-08
 16  32  10  512  0.2235E-08
 16  32  10  512  0.2228E-08
 16  32  10  512  0.2233E-08
 16  32  10  512  0.2235E-08
 16  32  11  512  0.2260E-08
 16  32  11  512  0.2265E-08
 16  32  11  512  0.2264E-08
 16  32  11  512  0.2262E-08
 16  32  11  512  0.2271E-08
 16  32  11  512  0.2266E-08
 16  32  11  512  0.2261E-08
 16  32  11  512  0.2272E-08
 16  32  11  512  0.2271E-08
 16  32  11  512  0.2261E-08
 16  32  12  512  0.2149E-08
 16  32  12  512  0.2146E-08
 16  32  12  512  0.2142E-08
 16  32  12  512  0.2149E-08
 16  32  12  512  0.2148E-08
 16  32  12  512  0.2144E-08
 16  32  12  512  0.2145E-08
 16  32  12  512  0.2158E-08
 16  32  12  512  0.2151E-08
 16  32  12  512  0.2142E-08
 16  32  13  512  0.2296E-08
 16  32  13  512  0.2287E-08
 16  32  13  512  0.2282E-08
 16  32  13  512  0.2292E-08
 16  32  13  512  0.2291E-08
 16  32  13  512  0.2289E-08
 16  32  13  512  0.2288E-08
 16  32  13  512  0.2283E-08
 16  32  13  512  0.2284E-08
 16  32  13  512  0.2287E-08
 16  32  14  512  0.2129E-08
 16  32  14  512  0.2128E-08
 16  32  14  512  0.2124E-08
 16  32  14  512  0.2125E-08
 16  32  14  512  0.2123E-08
 16  32  14  512  0.2125E-08
 16  32  14  512  0.2127E-08
 16  32  14  512  0.2128E-08
 16  32  14  512  0.2125E-08
 16  32  14  512  0.2126E-08
 16  32  15  512  0.2298E-08
 16  32  15  512  0.2297E-08
 16  32  15  512  0.2298E-08
 16  32  15  512  0.2295E-08
 16  32  15  512  0.2296E-08
 16  32  15  512  0.2293E-08
 16  32  15  512  0.2293E-08
 16  32  15  512  0.2296E-08
 16  32  15  512  0.2292E-08
 16  32  15  512  0.2294E-08
 16  32  16  512  0.2350E-08
 16  32  16  512  0.2343E-08
 16  32  16  512  0.2346E-08
 16  32  16  512  0.2344E-08
 16  32  16  512  0.2347E-08
 16  32  16  512  0.2344E-08
 16  32  16  512  0.2343E-08
 16  32  16  512  0.2351E-08
 16  32  16  512  0.2347E-08
 16  32  16  512  0.2340E-08
 16  32  17  512  0.2655E-08
 16  32  17  512  0.2650E-08
 16  32  17  512  0.2653E-08
 16  32  17  512  0.2654E-08
 16  32  17  512  0.2655E-08
 16  32  17  512  0.2654E-08
 16  32  17  512  0.2652E-08
 16  32  17  512  0.2651E-08
 16  32  17  512  0.2655E-08
 16  32  17  512  0.2653E-08
 16  32  18  512  0.2447E-08
 16  32  18  512  0.2447E-08
 16  32  18  512  0.2447E-08
 16  32  18  512  0.2546E-08
 16  32  18  512  0.2448E-08
 16  32  18  512  0.2447E-08
 16  32  18  512  0.2448E-08
 16  32  18  512  0.2449E-08
 16  32  18  512  0.2448E-08
 16  32  18  512  0.2448E-08
 16  32  19  512  0.2720E-08
 16  32  19  512  0.2718E-08
 16  32  19  512  0.2719E-08
 16  32  19  512  0.2719E-08
 16  32  19  512  0.2719E-08
 16  32  19  512  0.2718E-08
 16  32  19  512  0.2719E-08
 16  32  19  512  0.2726E-08
 16  32  19  512  0.2719E-08
 16  32  19  512  0.2719E-08
 16  32  20  512  0.2675E-08
 16  32  20  512  0.2674E-08
 16  32  20  512  0.2675E-08
 16  32  20  512  0.2674E-08
 16  32  20  512  0.2675E-08
 16  32  20  512  0.2673E-08
 16  32  20  512  0.2673E-08
 16  32  20  512  0.2676E-08
 16  32  20  512  0.2673E-08
 16  32  20  512  0.2675E-08
