 16  1  3  16  0.1459E-06
 16  1  3  16  0.1319E-06
 16  1  3  16  0.1304E-06
 16  1  3  16  0.1382E-06
 16  1  3  16  0.1312E-06
 16  1  3  16  0.1304E-06
 16  1  3  16  0.1282E-06
 16  1  3  16  0.1520E-06
 16  1  3  16  0.1282E-06
 16  1  3  16  0.1297E-06
 16  1  4  16  0.7676E-07
 16  1  4  16  0.7063E-07
 16  1  4  16  0.8040E-07
 16  1  4  16  0.7094E-07
 16  1  4  16  0.7101E-07
 16  1  4  16  0.7063E-07
 16  1  4  16  0.7714E-07
 16  1  4  16  0.7094E-07
 16  1  4  16  0.7063E-07
 16  1  4  16  0.7877E-07
 16  1  5  16  0.8766E-07
 16  1  5  16  0.7868E-07
 16  1  5  16  0.8301E-07
 16  1  5  16  0.8166E-07
 16  1  5  16  0.7768E-07
 16  1  5  16  0.8233E-07
 16  1  5  16  0.7784E-07
 16  1  5  16  0.8217E-07
 16  1  5  16  0.7800E-07
 16  1  5  16  0.8066E-07
 16  1  6  16  0.7310E-07
 16  1  6  16  0.7359E-07
 16  1  6  16  0.7195E-07
 16  1  6  16  0.7455E-07
 16  1  6  16  0.7437E-07
 16  1  6  16  0.7697E-07
 16  1  6  16  0.7582E-07
 16  1  6  16  0.7494E-07
 16  1  6  16  0.6954E-07
 16  1  6  16  0.6887E-07
 16  1  7  16  0.7440E-07
 16  1  7  16  0.7355E-07
 16  1  7  16  0.7138E-07
 16  1  7  16  0.7119E-07
 16  1  7  16  0.6967E-07
 16  1  7  16  0.7102E-07
 16  1  7  16  0.7113E-07
 16  1  7  16  0.7045E-07
 16  1  7  16  0.7057E-07
 16  1  7  16  0.7131E-07
 16  1  8  16  0.6792E-07
 16  1  8  16  0.6348E-07
 16  1  8  16  0.6359E-07
 16  1  8  16  0.6540E-07
 16  1  8  16  0.6580E-07
 16  1  8  16  0.6392E-07
 16  1  8  16  0.6377E-07
 16  1  8  16  0.6584E-07
 16  1  8  16  0.6571E-07
 16  1  8  16  0.6355E-07
 16  1  9  16  0.7004E-07
 16  1  9  16  0.6950E-07
 16  1  9  16  0.6747E-07
 16  1  9  16  0.6867E-07
 16  1  9  16  0.6813E-07
 16  1  9  16  0.6852E-07
 16  1  9  16  0.6810E-07
 16  1  9  16  0.7539E-07
 16  1  9  16  0.6999E-07
 16  1  9  16  0.6824E-07
 16  1  10  16  0.1013E-06
 16  1  10  16  0.1009E-06
 16  1  10  16  0.9992E-07
 16  1  10  16  0.1004E-06
 16  1  10  16  0.9992E-07
 16  1  10  16  0.1003E-06
 16  1  10  16  0.1000E-06
 16  1  10  16  0.1003E-06
 16  1  10  16  0.1001E-06
 16  1  10  16  0.1006E-06
 16  1  11  16  0.8996E-07
 16  1  11  16  0.8928E-07
 16  1  11  16  0.8936E-07
 16  1  11  16  0.8833E-07
 16  1  11  16  0.8909E-07
 16  1  11  16  0.8892E-07
 16  1  11  16  0.8879E-07
 16  1  11  16  0.8900E-07
 16  1  11  16  0.8941E-07
 16  1  11  16  0.8937E-07
 16  1  12  16  0.7420E-07
 16  1  12  16  0.7355E-07
 16  1  12  16  0.7429E-07
 16  1  12  16  0.7357E-07
 16  1  12  16  0.7372E-07
 16  1  12  16  0.7399E-07
 16  1  12  16  0.7388E-07
 16  1  12  16  0.7354E-07
 16  1  12  16  0.7786E-07
 16  1  12  16  0.7365E-07
 16  1  13  16  0.6086E-07
 16  1  13  16  0.6085E-07
 16  1  13  16  0.6089E-07
 16  1  13  16  0.6093E-07
 16  1  13  16  0.6092E-07
 16  1  13  16  0.6094E-07
 16  1  13  16  0.6095E-07
 16  1  13  16  0.6097E-07
 16  1  13  16  0.6097E-07
 16  1  13  16  0.6097E-07
 16  1  14  16  0.5422E-07
 16  1  14  16  0.5421E-07
 16  1  14  16  0.5432E-07
 16  1  14  16  0.5427E-07
 16  1  14  16  0.5426E-07
 16  1  14  16  0.5426E-07
 16  1  14  16  0.5427E-07
 16  1  14  16  0.5427E-07
 16  1  14  16  0.5426E-07
 16  1  14  16  0.5427E-07
 16  1  15  16  0.6276E-07
 16  1  15  16  0.6297E-07
 16  1  15  16  0.6315E-07
 16  1  15  16  0.6317E-07
 16  1  15  16  0.6292E-07
 16  1  15  16  0.6291E-07
 16  1  15  16  0.6290E-07
 16  1  15  16  0.6289E-07
 16  1  15  16  0.6287E-07
 16  1  15  16  0.6306E-07
 16  1  16  16  0.5761E-07
 16  1  16  16  0.5760E-07
 16  1  16  16  0.5767E-07
 16  1  16  16  0.5766E-07
 16  1  16  16  0.5766E-07
 16  1  16  16  0.5767E-07
 16  1  16  16  0.5767E-07
 16  1  16  16  0.5774E-07
 16  1  16  16  0.5785E-07
 16  1  16  16  0.5781E-07
 16  1  17  16  0.7336E-07
 16  1  17  16  0.7329E-07
 16  1  17  16  0.7333E-07
 16  1  17  16  0.7336E-07
 16  1  17  16  0.7334E-07
 16  1  17  16  0.7340E-07
 16  1  17  16  0.7360E-07
 16  1  17  16  0.7344E-07
 16  1  17  16  0.7336E-07
 16  1  17  16  0.7345E-07
 16  1  18  16  0.6949E-07
 16  1  18  16  0.6946E-07
 16  1  18  16  0.6950E-07
 16  1  18  16  0.6945E-07
 16  1  18  16  0.6948E-07
 16  1  18  16  0.6948E-07
 16  1  18  16  0.6946E-07
 16  1  18  16  0.6947E-07
 16  1  18  16  0.6945E-07
 16  1  18  16  0.6942E-07
 16  1  19  16  0.7950E-07
 16  1  19  16  0.7933E-07
 16  1  19  16  0.7924E-07
 16  1  19  16  0.7933E-07
 16  1  19  16  0.7925E-07
 16  1  19  16  0.7922E-07
 16  1  19  16  0.7925E-07
 16  1  19  16  0.7922E-07
 16  1  19  16  0.7923E-07
 16  1  19  16  0.7924E-07
 16  1  20  16  0.7519E-07
 16  1  20  16  0.7514E-07
 16  1  20  16  0.7515E-07
 16  1  20  16  0.7525E-07
 16  1  20  16  0.7526E-07
 16  1  20  16  0.7548E-07
 16  1  20  16  0.7546E-07
 16  1  20  16  0.7532E-07
 16  1  20  16  0.7536E-07
 16  1  20  16  0.7552E-07
