 16  64  3  1024  0.6042E-08
 16  64  3  1024  0.5594E-08
 16  64  3  1024  0.5683E-08
 16  64  3  1024  0.5574E-08
 16  64  3  1024  0.5633E-08
 16  64  3  1024  0.5564E-08
 16  64  3  1024  0.5637E-08
 16  64  3  1024  0.5600E-08
 16  64  3  1024  0.5579E-08
 16  64  3  1024  0.5563E-08
 16  64  4  1024  0.4699E-08
 16  64  4  1024  0.4505E-08
 16  64  4  1024  0.4499E-08
 16  64  4  1024  0.4483E-08
 16  64  4  1024  0.4503E-08
 16  64  4  1024  0.4493E-08
 16  64  4  1024  0.4467E-08
 16  64  4  1024  0.4464E-08
 16  64  4  1024  0.4464E-08
 16  64  4  1024  0.4516E-08
 16  64  5  1024  0.4048E-08
 16  64  5  1024  0.3950E-08
 16  64  5  1024  0.3941E-08
 16  64  5  1024  0.3935E-08
 16  64  5  1024  0.3918E-08
 16  64  5  1024  0.3927E-08
 16  64  5  1024  0.3938E-08
 16  64  5  1024  0.3945E-08
 16  64  5  1024  0.3946E-08
 16  64  5  1024  0.3956E-08
 16  64  6  1024  0.3620E-08
 16  64  6  1024  0.3594E-08
 16  64  6  1024  0.3189E-08
 16  64  6  1024  0.3187E-08
 16  64  6  1024  0.3191E-08
 16  64  6  1024  0.3180E-08
 16  64  6  1024  0.3186E-08
 16  64  6  1024  0.3188E-08
 16  64  6  1024  0.3186E-08
 16  64  6  1024  0.3176E-08
 16  64  7  1024  0.2692E-08
 16  64  7  1024  0.2652E-08
 16  64  7  1024  0.2686E-08
 16  64  7  1024  0.2654E-08
 16  64  7  1024  0.2671E-08
 16  64  7  1024  0.2673E-08
 16  64  7  1024  0.2671E-08
 16  64  7  1024  0.2658E-08
 16  64  7  1024  0.2648E-08
 16  64  7  1024  0.2656E-08
 16  64  8  1024  0.2366E-08
 16  64  8  1024  0.2337E-08
 16  64  8  1024  0.2334E-08
 16  64  8  1024  0.2329E-08
 16  64  8  1024  0.2311E-08
 16  64  8  1024  0.2311E-08
 16  64  8  1024  0.2319E-08
 16  64  8  1024  0.2316E-08
 16  64  8  1024  0.2315E-08
 16  64  8  1024  0.2310E-08
 16  64  9  1024  0.2337E-08
 16  64  9  1024  0.2333E-08
 16  64  9  1024  0.2319E-08
 16  64  9  1024  0.2319E-08
 16  64  9  1024  0.2302E-08
 16  64  9  1024  0.2303E-08
 16  64  9  1024  0.2304E-08
 16  64  9  1024  0.2304E-08
 16  64  9  1024  0.2324E-08
 16  64  9  1024  0.2326E-08
 16  64  10  1024  0.2262E-08
 16  64  10  1024  0.2268E-08
 16  64  10  1024  0.2257E-08
 16  64  10  1024  0.2288E-08
 16  64  10  1024  0.2645E-08
 16  64  10  1024  0.2242E-08
 16  64  10  1024  0.2258E-08
 16  64  10  1024  0.2267E-08
 16  64  10  1024  0.2259E-08
 16  64  10  1024  0.2247E-08
 16  64  11  1024  0.2214E-08
 16  64  11  1024  0.2179E-08
 16  64  11  1024  0.2251E-08
 16  64  11  1024  0.2430E-08
 16  64  11  1024  0.2194E-08
 16  64  11  1024  0.2172E-08
 16  64  11  1024  0.2169E-08
 16  64  11  1024  0.2168E-08
 16  64  11  1024  0.2193E-08
 16  64  11  1024  0.2178E-08
 16  64  12  1024  0.2108E-08
 16  64  12  1024  0.2094E-08
 16  64  12  1024  0.2097E-08
 16  64  12  1024  0.2087E-08
 16  64  12  1024  0.2080E-08
 16  64  12  1024  0.2084E-08
 16  64  12  1024  0.2100E-08
 16  64  12  1024  0.2083E-08
 16  64  12  1024  0.2083E-08
 16  64  12  1024  0.2087E-08
 16  64  13  1024  0.2098E-08
 16  64  13  1024  0.2077E-08
 16  64  13  1024  0.2082E-08
 16  64  13  1024  0.2074E-08
 16  64  13  1024  0.2082E-08
 16  64  13  1024  0.2082E-08
 16  64  13  1024  0.2070E-08
 16  64  13  1024  0.2075E-08
 16  64  13  1024  0.2077E-08
 16  64  13  1024  0.2073E-08
 16  64  14  1024  0.2100E-08
 16  64  14  1024  0.2075E-08
 16  64  14  1024  0.2075E-08
 16  64  14  1024  0.2076E-08
 16  64  14  1024  0.2084E-08
 16  64  14  1024  0.2076E-08
 16  64  14  1024  0.2077E-08
 16  64  14  1024  0.2076E-08
 16  64  14  1024  0.2076E-08
 16  64  14  1024  0.2078E-08
 16  64  15  1024  0.2242E-08
 16  64  15  1024  0.2214E-08
 16  64  15  1024  0.2215E-08
 16  64  15  1024  0.2216E-08
 16  64  15  1024  0.2213E-08
 16  64  15  1024  0.2214E-08
 16  64  15  1024  0.2211E-08
 16  64  15  1024  0.2214E-08
 16  64  15  1024  0.2211E-08
 16  64  15  1024  0.2212E-08
 16  64  16  1024  0.2186E-08
 16  64  16  1024  0.2170E-08
 16  64  16  1024  0.2167E-08
 16  64  16  1024  0.2166E-08
 16  64  16  1024  0.2170E-08
 16  64  16  1024  0.2242E-08
 16  64  16  1024  0.2165E-08
 16  64  16  1024  0.2163E-08
 16  64  16  1024  0.2166E-08
 16  64  16  1024  0.2164E-08
 16  64  17  1024  0.2266E-08
 16  64  17  1024  0.2249E-08
 16  64  17  1024  0.2246E-08
 16  64  17  1024  0.2248E-08
 16  64  17  1024  0.2249E-08
 16  64  17  1024  0.2251E-08
 16  64  17  1024  0.2251E-08
 16  64  17  1024  0.2252E-08
 16  64  17  1024  0.2251E-08
 16  64  17  1024  0.2246E-08
 16  64  18  1024  0.2251E-08
 16  64  18  1024  0.2238E-08
 16  64  18  1024  0.2233E-08
 16  64  18  1024  0.2233E-08
 16  64  18  1024  0.2236E-08
 16  64  18  1024  0.2235E-08
 16  64  18  1024  0.2233E-08
 16  64  18  1024  0.2235E-08
 16  64  18  1024  0.2232E-08
 16  64  18  1024  0.2238E-08
 16  64  19  1024  0.2200E-08
 16  64  19  1024  0.2187E-08
 16  64  19  1024  0.2236E-08
 16  64  19  1024  0.2187E-08
 16  64  19  1024  0.2187E-08
 16  64  19  1024  0.2190E-08
 16  64  19  1024  0.2188E-08
 16  64  19  1024  0.2187E-08
 16  64  19  1024  0.2186E-08
 16  64  19  1024  0.2191E-08
 16  64  20  1024  0.2215E-08
 16  64  20  1024  0.2198E-08
 16  64  20  1024  0.2196E-08
 16  64  20  1024  0.2199E-08
 16  64  20  1024  0.2198E-08
 16  64  20  1024  0.2198E-08
 16  64  20  1024  0.2242E-08
 16  64  20  1024  0.2211E-08
 16  64  20  1024  0.2200E-08
 16  64  20  1024  0.2195E-08
