 16  4  3  64  0.3416E-07
 16  4  3  64  0.6926E-07
 16  4  3  64  0.6135E-07
 16  4  3  64  0.6752E-07
 16  4  3  64  0.6425E-07
 16  4  3  64  0.5731E-07
 16  4  3  64  0.5809E-07
 16  4  3  64  0.5073E-07
 16  4  3  64  0.5151E-07
 16  4  3  64  0.5459E-07
 16  4  4  64  0.2157E-07
 16  4  4  64  0.2010E-07
 16  4  4  64  0.2001E-07
 16  4  4  64  0.1976E-07
 16  4  4  64  0.1975E-07
 16  4  4  64  0.1948E-07
 16  4  4  64  0.1995E-07
 16  4  4  64  0.1841E-07
 16  4  4  64  0.1855E-07
 16  4  4  64  0.2011E-07
 16  4  5  64  0.2193E-07
 16  4  5  64  0.2103E-07
 16  4  5  64  0.2072E-07
 16  4  5  64  0.2088E-07
 16  4  5  64  0.2946E-07
 16  4  5  64  0.2846E-07
 16  4  5  64  0.2896E-07
 16  4  5  64  0.3025E-07
 16  4  5  64  0.3004E-07
 16  4  5  64  0.3009E-07
 16  4  6  64  0.1831E-07
 16  4  6  64  0.1773E-07
 16  4  6  64  0.1767E-07
 16  4  6  64  0.1765E-07
 16  4  6  64  0.1768E-07
 16  4  6  64  0.2486E-07
 16  4  6  64  0.2450E-07
 16  4  6  64  0.2471E-07
 16  4  6  64  0.2589E-07
 16  4  6  64  0.2474E-07
 16  4  7  64  0.1645E-07
 16  4  7  64  0.1625E-07
 16  4  7  64  0.1625E-07
 16  4  7  64  0.1620E-07
 16  4  7  64  0.1620E-07
 16  4  7  64  0.1626E-07
 16  4  7  64  0.1624E-07
 16  4  7  64  0.1630E-07
 16  4  7  64  0.1627E-07
 16  4  7  64  0.1633E-07
 16  4  8  64  0.1443E-07
 16  4  8  64  0.1432E-07
 16  4  8  64  0.1435E-07
 16  4  8  64  0.1431E-07
 16  4  8  64  0.1430E-07
 16  4  8  64  0.1433E-07
 16  4  8  64  0.1431E-07
 16  4  8  64  0.1433E-07
 16  4  8  64  0.1435E-07
 16  4  8  64  0.1433E-07
 16  4  9  64  0.1617E-07
 16  4  9  64  0.1607E-07
 16  4  9  64  0.1603E-07
 16  4  9  64  0.1605E-07
 16  4  9  64  0.1607E-07
 16  4  9  64  0.1611E-07
 16  4  9  64  0.1610E-07
 16  4  9  64  0.1613E-07
 16  4  9  64  0.1610E-07
 16  4  9  64  0.1607E-07
 16  4  10  64  0.1725E-07
 16  4  10  64  0.1717E-07
 16  4  10  64  0.1719E-07
 16  4  10  64  0.1721E-07
 16  4  10  64  0.1719E-07
 16  4  10  64  0.1723E-07
 16  4  10  64  0.1717E-07
 16  4  10  64  0.1717E-07
 16  4  10  64  0.1716E-07
 16  4  10  64  0.1718E-07
 16  4  11  64  0.1695E-07
 16  4  11  64  0.1685E-07
 16  4  11  64  0.1684E-07
 16  4  11  64  0.1682E-07
 16  4  11  64  0.1684E-07
 16  4  11  64  0.1681E-07
 16  4  11  64  0.1681E-07
 16  4  11  64  0.1683E-07
 16  4  11  64  0.1687E-07
 16  4  11  64  0.1684E-07
 16  4  12  64  0.1575E-07
 16  4  12  64  0.1565E-07
 16  4  12  64  0.1563E-07
 16  4  12  64  0.1569E-07
 16  4  12  64  0.1566E-07
 16  4  12  64  0.1565E-07
 16  4  12  64  0.1565E-07
 16  4  12  64  0.1569E-07
 16  4  12  64  0.1567E-07
 16  4  12  64  0.1568E-07
 16  4  13  64  0.1713E-07
 16  4  13  64  0.1705E-07
 16  4  13  64  0.1703E-07
 16  4  13  64  0.1702E-07
 16  4  13  64  0.1701E-07
 16  4  13  64  0.1701E-07
 16  4  13  64  0.1704E-07
 16  4  13  64  0.1702E-07
 16  4  13  64  0.1702E-07
 16  4  13  64  0.1701E-07
 16  4  14  64  0.1538E-07
 16  4  14  64  0.1531E-07
 16  4  14  64  0.1528E-07
 16  4  14  64  0.1529E-07
 16  4  14  64  0.1529E-07
 16  4  14  64  0.1532E-07
 16  4  14  64  0.1532E-07
 16  4  14  64  0.1532E-07
 16  4  14  64  0.1532E-07
 16  4  14  64  0.1532E-07
 16  4  15  64  0.1709E-07
 16  4  15  64  0.1701E-07
 16  4  15  64  0.1701E-07
 16  4  15  64  0.1701E-07
 16  4  15  64  0.1700E-07
 16  4  15  64  0.1702E-07
 16  4  15  64  0.1703E-07
 16  4  15  64  0.1703E-07
 16  4  15  64  0.1703E-07
 16  4  15  64  0.1707E-07
 16  4  16  64  0.1614E-07
 16  4  16  64  0.1604E-07
 16  4  16  64  0.1604E-07
 16  4  16  64  0.1605E-07
 16  4  16  64  0.1608E-07
 16  4  16  64  0.1607E-07
 16  4  16  64  0.1603E-07
 16  4  16  64  0.1604E-07
 16  4  16  64  0.1605E-07
 16  4  16  64  0.1604E-07
 16  4  17  64  0.1980E-07
 16  4  17  64  0.1973E-07
 16  4  17  64  0.1972E-07
 16  4  17  64  0.1973E-07
 16  4  17  64  0.1973E-07
 16  4  17  64  0.1976E-07
 16  4  17  64  0.1978E-07
 16  4  17  64  0.1978E-07
 16  4  17  64  0.1976E-07
 16  4  17  64  0.1977E-07
 16  4  18  64  0.1882E-07
 16  4  18  64  0.1879E-07
 16  4  18  64  0.1875E-07
 16  4  18  64  0.1874E-07
 16  4  18  64  0.1872E-07
 16  4  18  64  0.1873E-07
 16  4  18  64  0.1872E-07
 16  4  18  64  0.1875E-07
 16  4  18  64  0.1875E-07
 16  4  18  64  0.1876E-07
 16  4  19  64  0.2105E-07
 16  4  19  64  0.2096E-07
 16  4  19  64  0.2097E-07
 16  4  19  64  0.2097E-07
 16  4  19  64  0.2099E-07
 16  4  19  64  0.2097E-07
 16  4  19  64  0.2099E-07
 16  4  19  64  0.2099E-07
 16  4  19  64  0.2097E-07
 16  4  19  64  0.2098E-07
 16  4  20  64  0.2048E-07
 16  4  20  64  0.2043E-07
 16  4  20  64  0.2042E-07
 16  4  20  64  0.2043E-07
 16  4  20  64  0.2043E-07
 16  4  20  64  0.2042E-07
 16  4  20  64  0.2042E-07
 16  4  20  64  0.2042E-07
 16  4  20  64  0.2043E-07
 16  4  20  64  0.2043E-07
