 16  8  3  128  0.5229E-07
 16  8  3  128  0.5168E-07
 16  8  3  128  0.5147E-07
 16  8  3  128  0.5138E-07
 16  8  3  128  0.5164E-07
 16  8  3  128  0.5192E-07
 16  8  3  128  0.5215E-07
 16  8  3  128  0.5146E-07
 16  8  3  128  0.5163E-07
 16  8  3  128  0.5229E-07
 16  8  4  128  0.2695E-07
 16  8  4  128  0.2633E-07
 16  8  4  128  0.2684E-07
 16  8  4  128  0.2670E-07
 16  8  4  128  0.2680E-07
 16  8  4  128  0.2664E-07
 16  8  4  128  0.2859E-07
 16  8  4  128  0.2646E-07
 16  8  4  128  0.2656E-07
 16  8  4  128  0.2668E-07
 16  8  5  128  0.1837E-07
 16  8  5  128  0.1799E-07
 16  8  5  128  0.1805E-07
 16  8  5  128  0.1801E-07
 16  8  5  128  0.1791E-07
 16  8  5  128  0.1796E-07
 16  8  5  128  0.1796E-07
 16  8  5  128  0.1793E-07
 16  8  5  128  0.1808E-07
 16  8  5  128  0.1793E-07
 16  8  6  128  0.1239E-07
 16  8  6  128  0.1212E-07
 16  8  6  128  0.1208E-07
 16  8  6  128  0.1203E-07
 16  8  6  128  0.1214E-07
 16  8  6  128  0.1213E-07
 16  8  6  128  0.1201E-07
 16  8  6  128  0.1200E-07
 16  8  6  128  0.1204E-07
 16  8  6  128  0.1203E-07
 16  8  7  128  0.1220E-07
 16  8  7  128  0.1195E-07
 16  8  7  128  0.1203E-07
 16  8  7  128  0.1201E-07
 16  8  7  128  0.1200E-07
 16  8  7  128  0.1203E-07
 16  8  7  128  0.1198E-07
 16  8  7  128  0.1204E-07
 16  8  7  128  0.1199E-07
 16  8  7  128  0.1202E-07
 16  8  8  128  0.1058E-07
 16  8  8  128  0.1052E-07
 16  8  8  128  0.1048E-07
 16  8  8  128  0.1047E-07
 16  8  8  128  0.1048E-07
 16  8  8  128  0.1045E-07
 16  8  8  128  0.1045E-07
 16  8  8  128  0.1042E-07
 16  8  8  128  0.1044E-07
 16  8  8  128  0.1043E-07
 16  8  9  128  0.1124E-07
 16  8  9  128  0.1107E-07
 16  8  9  128  0.1110E-07
 16  8  9  128  0.1107E-07
 16  8  9  128  0.1108E-07
 16  8  9  128  0.1106E-07
 16  8  9  128  0.1103E-07
 16  8  9  128  0.1103E-07
 16  8  9  128  0.1106E-07
 16  8  9  128  0.1104E-07
 16  8  10  128  0.1127E-07
 16  8  10  128  0.1121E-07
 16  8  10  128  0.1120E-07
 16  8  10  128  0.1120E-07
 16  8  10  128  0.1121E-07
 16  8  10  128  0.1120E-07
 16  8  10  128  0.1120E-07
 16  8  10  128  0.1121E-07
 16  8  10  128  0.1121E-07
 16  8  10  128  0.1121E-07
 16  8  11  128  0.1065E-07
 16  8  11  128  0.1063E-07
 16  8  11  128  0.1064E-07
 16  8  11  128  0.1062E-07
 16  8  11  128  0.1063E-07
 16  8  11  128  0.1064E-07
 16  8  11  128  0.1065E-07
 16  8  11  128  0.1063E-07
 16  8  11  128  0.1063E-07
 16  8  11  128  0.1062E-07
 16  8  12  128  0.9643E-08
 16  8  12  128  0.9626E-08
 16  8  12  128  0.9648E-08
 16  8  12  128  0.9640E-08
 16  8  12  128  0.9638E-08
 16  8  12  128  0.9624E-08
 16  8  12  128  0.9635E-08
 16  8  12  128  0.9642E-08
 16  8  12  128  0.9645E-08
 16  8  12  128  0.9663E-08
 16  8  13  128  0.1022E-07
 16  8  13  128  0.1022E-07
 16  8  13  128  0.1022E-07
 16  8  13  128  0.1020E-07
 16  8  13  128  0.1019E-07
 16  8  13  128  0.1019E-07
 16  8  13  128  0.1020E-07
 16  8  13  128  0.1021E-07
 16  8  13  128  0.1019E-07
 16  8  13  128  0.1019E-07
 16  8  14  128  0.9162E-08
 16  8  14  128  0.9156E-08
 16  8  14  128  0.9173E-08
 16  8  14  128  0.9174E-08
 16  8  14  128  0.9169E-08
 16  8  14  128  0.9166E-08
 16  8  14  128  0.9289E-08
 16  8  14  128  0.9178E-08
 16  8  14  128  0.9200E-08
 16  8  14  128  0.9200E-08
 16  8  15  128  0.9731E-08
 16  8  15  128  0.9722E-08
 16  8  15  128  0.9722E-08
 16  8  15  128  0.9709E-08
 16  8  15  128  0.9715E-08
 16  8  15  128  0.9719E-08
 16  8  15  128  0.9713E-08
 16  8  15  128  0.9707E-08
 16  8  15  128  0.9715E-08
 16  8  15  128  0.9733E-08
 16  8  16  128  0.8991E-08
 16  8  16  128  0.8923E-08
 16  8  16  128  0.8900E-08
 16  8  16  128  0.8893E-08
 16  8  16  128  0.8905E-08
 16  8  16  128  0.8898E-08
 16  8  16  128  0.8897E-08
 16  8  16  128  0.8912E-08
 16  8  16  128  0.8913E-08
 16  8  16  128  0.8914E-08
 16  8  17  128  0.1122E-07
 16  8  17  128  0.1124E-07
 16  8  17  128  0.1124E-07
 16  8  17  128  0.1123E-07
 16  8  17  128  0.1121E-07
 16  8  17  128  0.1123E-07
 16  8  17  128  0.1122E-07
 16  8  17  128  0.1123E-07
 16  8  17  128  0.1123E-07
 16  8  17  128  0.1125E-07
 16  8  18  128  0.1084E-07
 16  8  18  128  0.1083E-07
 16  8  18  128  0.1084E-07
 16  8  18  128  0.1083E-07
 16  8  18  128  0.1082E-07
 16  8  18  128  0.1083E-07
 16  8  18  128  0.1085E-07
 16  8  18  128  0.1092E-07
 16  8  18  128  0.1085E-07
 16  8  18  128  0.1083E-07
 16  8  19  128  0.1161E-07
 16  8  19  128  0.1155E-07
 16  8  19  128  0.1155E-07
 16  8  19  128  0.1154E-07
 16  8  19  128  0.1154E-07
 16  8  19  128  0.1155E-07
 16  8  19  128  0.1154E-07
 16  8  19  128  0.1154E-07
 16  8  19  128  0.1154E-07
 16  8  19  128  0.1155E-07
 16  8  20  128  0.1086E-07
 16  8  20  128  0.1086E-07
 16  8  20  128  0.1086E-07
 16  8  20  128  0.1086E-07
 16  8  20  128  0.1086E-07
 16  8  20  128  0.1085E-07
 16  8  20  128  0.1085E-07
 16  8  20  128  0.1086E-07
 16  8  20  128  0.1085E-07
 16  8  20  128  0.1086E-07
