 16  16  3  256  0.1437E-07
 16  16  3  256  0.1452E-07
 16  16  3  256  0.1413E-07
 16  16  3  256  0.1380E-07
 16  16  3  256  0.1385E-07
 16  16  3  256  0.1368E-07
 16  16  3  256  0.1370E-07
 16  16  3  256  0.1370E-07
 16  16  3  256  0.1376E-07
 16  16  3  256  0.1460E-07
 16  16  4  256  0.7901E-08
 16  16  4  256  0.7324E-08
 16  16  4  256  0.7293E-08
 16  16  4  256  0.7472E-08
 16  16  4  256  0.7344E-08
 16  16  4  256  0.7321E-08
 16  16  4  256  0.7297E-08
 16  16  4  256  0.7336E-08
 16  16  4  256  0.7306E-08
 16  16  4  256  0.7345E-08
 16  16  5  256  0.6123E-08
 16  16  5  256  0.5853E-08
 16  16  5  256  0.5844E-08
 16  16  5  256  0.5854E-08
 16  16  5  256  0.5913E-08
 16  16  5  256  0.5872E-08
 16  16  5  256  0.5989E-08
 16  16  5  256  0.6032E-08
 16  16  5  256  0.5829E-08
 16  16  5  256  0.5801E-08
 16  16  6  256  0.4319E-08
 16  16  6  256  0.4190E-08
 16  16  6  256  0.4168E-08
 16  16  6  256  0.4157E-08
 16  16  6  256  0.4159E-08
 16  16  6  256  0.4176E-08
 16  16  6  256  0.4145E-08
 16  16  6  256  0.4147E-08
 16  16  6  256  0.4143E-08
 16  16  6  256  0.4138E-08
 16  16  7  256  0.5485E-08
 16  16  7  256  0.5397E-08
 16  16  7  256  0.5396E-08
 16  16  7  256  0.5421E-08
 16  16  7  256  0.5408E-08
 16  16  7  256  0.5399E-08
 16  16  7  256  0.5406E-08
 16  16  7  256  0.5420E-08
 16  16  7  256  0.5393E-08
 16  16  7  256  0.5403E-08
 16  16  8  256  0.4798E-08
 16  16  8  256  0.4759E-08
 16  16  8  256  0.4748E-08
 16  16  8  256  0.4749E-08
 16  16  8  256  0.4744E-08
 16  16  8  256  0.4740E-08
 16  16  8  256  0.4747E-08
 16  16  8  256  0.4744E-08
 16  16  8  256  0.4744E-08
 16  16  8  256  0.4745E-08
 16  16  9  256  0.5297E-08
 16  16  9  256  0.5219E-08
 16  16  9  256  0.5222E-08
 16  16  9  256  0.5216E-08
 16  16  9  256  0.5224E-08
 16  16  9  256  0.5220E-08
 16  16  9  256  0.5211E-08
 16  16  9  256  0.5214E-08
 16  16  9  256  0.5217E-08
 16  16  9  256  0.5216E-08
 16  16  10  256  0.5492E-08
 16  16  10  256  0.5477E-08
 16  16  10  256  0.5521E-08
 16  16  10  256  0.5502E-08
 16  16  10  256  0.5502E-08
 16  16  10  256  0.5499E-08
 16  16  10  256  0.5504E-08
 16  16  10  256  0.5501E-08
 16  16  10  256  0.5516E-08
 16  16  10  256  0.5503E-08
 16  16  11  256  0.5306E-08
 16  16  11  256  0.5300E-08
 16  16  11  256  0.5318E-08
 16  16  11  256  0.5294E-08
 16  16  11  256  0.5299E-08
 16  16  11  256  0.5298E-08
 16  16  11  256  0.5290E-08
 16  16  11  256  0.5317E-08
 16  16  11  256  0.5326E-08
 16  16  11  256  0.5323E-08
 16  16  12  256  0.4867E-08
 16  16  12  256  0.4870E-08
 16  16  12  256  0.4865E-08
 16  16  12  256  0.4833E-08
 16  16  12  256  0.4864E-08
 16  16  12  256  0.4842E-08
 16  16  12  256  0.4836E-08
 16  16  12  256  0.4832E-08
 16  16  12  256  0.4834E-08
 16  16  12  256  0.4836E-08
 16  16  13  256  0.5274E-08
 16  16  13  256  0.5276E-08
 16  16  13  256  0.5258E-08
 16  16  13  256  0.5260E-08
 16  16  13  256  0.5264E-08
 16  16  13  256  0.5268E-08
 16  16  13  256  0.5268E-08
 16  16  13  256  0.5264E-08
 16  16  13  256  0.5263E-08
 16  16  13  256  0.5288E-08
 16  16  14  256  0.4880E-08
 16  16  14  256  0.4843E-08
 16  16  14  256  0.4845E-08
 16  16  14  256  0.4844E-08
 16  16  14  256  0.4845E-08
 16  16  14  256  0.4840E-08
 16  16  14  256  0.4841E-08
 16  16  14  256  0.4842E-08
 16  16  14  256  0.4845E-08
 16  16  14  256  0.4840E-08
 16  16  15  256  0.5181E-08
 16  16  15  256  0.5116E-08
 16  16  15  256  0.5124E-08
 16  16  15  256  0.5120E-08
 16  16  15  256  0.5117E-08
 16  16  15  256  0.5125E-08
 16  16  15  256  0.5113E-08
 16  16  15  256  0.5119E-08
 16  16  15  256  0.5123E-08
 16  16  15  256  0.5118E-08
 16  16  16  256  0.4953E-08
 16  16  16  256  0.4889E-08
 16  16  16  256  0.4897E-08
 16  16  16  256  0.4895E-08
 16  16  16  256  0.4892E-08
 16  16  16  256  0.4897E-08
 16  16  16  256  0.4894E-08
 16  16  16  256  0.4897E-08
 16  16  16  256  0.4897E-08
 16  16  16  256  0.4891E-08
 16  16  17  256  0.6130E-08
 16  16  17  256  0.6115E-08
 16  16  17  256  0.6123E-08
 16  16  17  256  0.6122E-08
 16  16  17  256  0.6120E-08
 16  16  17  256  0.6125E-08
 16  16  17  256  0.6116E-08
 16  16  17  256  0.6122E-08
 16  16  17  256  0.6120E-08
 16  16  17  256  0.6121E-08
 16  16  18  256  0.5710E-08
 16  16  18  256  0.5657E-08
 16  16  18  256  0.5662E-08
 16  16  18  256  0.5662E-08
 16  16  18  256  0.5725E-08
 16  16  18  256  0.5663E-08
 16  16  18  256  0.5661E-08
 16  16  18  256  0.5659E-08
 16  16  18  256  0.5662E-08
 16  16  18  256  0.5658E-08
 16  16  19  256  0.6085E-08
 16  16  19  256  0.6031E-08
 16  16  19  256  0.6029E-08
 16  16  19  256  0.6123E-08
 16  16  19  256  0.6038E-08
 16  16  19  256  0.6029E-08
 16  16  19  256  0.6031E-08
 16  16  19  256  0.6029E-08
 16  16  19  256  0.6030E-08
 16  16  19  256  0.6028E-08
 16  16  20  256  0.5835E-08
 16  16  20  256  0.5789E-08
 16  16  20  256  0.5779E-08
 16  16  20  256  0.5775E-08
 16  16  20  256  0.5774E-08
 16  16  20  256  0.5774E-08
 16  16  20  256  0.5776E-08
 16  16  20  256  0.5775E-08
 16  16  20  256  0.5777E-08
 16  16  20  256  0.5775E-08
