 16  4  3  64  0.5597E-07
 16  4  3  64  0.6540E-07
 16  4  3  64  0.4921E-07
 16  4  3  64  0.4746E-07
 16  4  3  64  0.4705E-07
 16  4  3  64  0.5192E-07
 16  4  3  64  0.5036E-07
 16  4  3  64  0.4898E-07
 16  4  3  64  0.4838E-07
 16  4  3  64  0.4723E-07
 16  4  4  64  0.1819E-07
 16  4  4  64  0.1893E-07
 16  4  4  64  0.1884E-07
 16  4  4  64  0.1842E-07
 16  4  4  64  0.1816E-07
 16  4  4  64  0.1842E-07
 16  4  4  64  0.1843E-07
 16  4  4  64  0.1853E-07
 16  4  4  64  0.1852E-07
 16  4  4  64  0.1868E-07
 16  4  5  64  0.2904E-07
 16  4  5  64  0.2804E-07
 16  4  5  64  0.2767E-07
 16  4  5  64  0.2979E-07
 16  4  5  64  0.2533E-07
 16  4  5  64  0.2712E-07
 16  4  5  64  0.2837E-07
 16  4  5  64  0.2833E-07
 16  4  5  64  0.2613E-07
 16  4  5  64  0.2658E-07
 16  4  6  64  0.2585E-07
 16  4  6  64  0.2457E-07
 16  4  6  64  0.2421E-07
 16  4  6  64  0.2300E-07
 16  4  6  64  0.2377E-07
 16  4  6  64  0.2358E-07
 16  4  6  64  0.2392E-07
 16  4  6  64  0.2387E-07
 16  4  6  64  0.2348E-07
 16  4  6  64  0.2402E-07
 16  4  7  64  0.1554E-07
 16  4  7  64  0.1556E-07
 16  4  7  64  0.1553E-07
 16  4  7  64  0.1557E-07
 16  4  7  64  0.1563E-07
 16  4  7  64  0.1566E-07
 16  4  7  64  0.1557E-07
 16  4  7  64  0.1551E-07
 16  4  7  64  0.1558E-07
 16  4  7  64  0.1534E-07
 16  4  8  64  0.1374E-07
 16  4  8  64  0.1374E-07
 16  4  8  64  0.1369E-07
 16  4  8  64  0.1368E-07
 16  4  8  64  0.1371E-07
 16  4  8  64  0.1370E-07
 16  4  8  64  0.1373E-07
 16  4  8  64  0.1370E-07
 16  4  8  64  0.1375E-07
 16  4  8  64  0.1371E-07
 16  4  9  64  0.1559E-07
 16  4  9  64  0.1559E-07
 16  4  9  64  0.1559E-07
 16  4  9  64  0.1562E-07
 16  4  9  64  0.1562E-07
 16  4  9  64  0.1577E-07
 16  4  9  64  0.1574E-07
 16  4  9  64  0.1576E-07
 16  4  9  64  0.1578E-07
 16  4  9  64  0.1576E-07
 16  4  10  64  0.1678E-07
 16  4  10  64  0.1677E-07
 16  4  10  64  0.1676E-07
 16  4  10  64  0.1674E-07
 16  4  10  64  0.1673E-07
 16  4  10  64  0.1676E-07
 16  4  10  64  0.1676E-07
 16  4  10  64  0.1676E-07
 16  4  10  64  0.1677E-07
 16  4  10  64  0.1676E-07
 16  4  11  64  0.1636E-07
 16  4  11  64  0.1635E-07
 16  4  11  64  0.1634E-07
 16  4  11  64  0.1641E-07
 16  4  11  64  0.1637E-07
 16  4  11  64  0.1638E-07
 16  4  11  64  0.1639E-07
 16  4  11  64  0.1640E-07
 16  4  11  64  0.1638E-07
 16  4  11  64  0.1638E-07
 16  4  12  64  0.1511E-07
 16  4  12  64  0.1513E-07
 16  4  12  64  0.1512E-07
 16  4  12  64  0.1513E-07
 16  4  12  64  0.1512E-07
 16  4  12  64  0.1513E-07
 16  4  12  64  0.1514E-07
 16  4  12  64  0.1513E-07
 16  4  12  64  0.1513E-07
 16  4  12  64  0.1512E-07
 16  4  13  64  0.1655E-07
 16  4  13  64  0.1653E-07
 16  4  13  64  0.1652E-07
 16  4  13  64  0.1653E-07
 16  4  13  64  0.1652E-07
 16  4  13  64  0.1655E-07
 16  4  13  64  0.1657E-07
 16  4  13  64  0.1657E-07
 16  4  13  64  0.1655E-07
 16  4  13  64  0.1655E-07
 16  4  14  64  0.1474E-07
 16  4  14  64  0.1474E-07
 16  4  14  64  0.1473E-07
 16  4  14  64  0.1473E-07
 16  4  14  64  0.1475E-07
 16  4  14  64  0.1477E-07
 16  4  14  64  0.1476E-07
 16  4  14  64  0.1480E-07
 16  4  14  64  0.1479E-07
 16  4  14  64  0.1479E-07
 16  4  15  64  0.1675E-07
 16  4  15  64  0.1674E-07
 16  4  15  64  0.1675E-07
 16  4  15  64  0.1673E-07
 16  4  15  64  0.1674E-07
 16  4  15  64  0.1673E-07
 16  4  15  64  0.1675E-07
 16  4  15  64  0.1677E-07
 16  4  15  64  0.1677E-07
 16  4  15  64  0.1677E-07
 16  4  16  64  0.1543E-07
 16  4  16  64  0.1546E-07
 16  4  16  64  0.1543E-07
 16  4  16  64  0.1544E-07
 16  4  16  64  0.1545E-07
 16  4  16  64  0.1543E-07
 16  4  16  64  0.1543E-07
 16  4  16  64  0.1543E-07
 16  4  16  64  0.1544E-07
 16  4  16  64  0.1542E-07
 16  4  17  64  0.1929E-07
 16  4  17  64  0.1928E-07
 16  4  17  64  0.1931E-07
 16  4  17  64  0.1930E-07
 16  4  17  64  0.1931E-07
 16  4  17  64  0.1933E-07
 16  4  17  64  0.1931E-07
 16  4  17  64  0.1930E-07
 16  4  17  64  0.1930E-07
 16  4  17  64  0.1930E-07
 16  4  18  64  0.1831E-07
 16  4  18  64  0.1832E-07
 16  4  18  64  0.1832E-07
 16  4  18  64  0.1832E-07
 16  4  18  64  0.1833E-07
 16  4  18  64  0.1831E-07
 16  4  18  64  0.1831E-07
 16  4  18  64  0.1835E-07
 16  4  18  64  0.1835E-07
 16  4  18  64  0.1838E-07
 16  4  19  64  0.2066E-07
 16  4  19  64  0.2068E-07
 16  4  19  64  0.2071E-07
 16  4  19  64  0.2068E-07
 16  4  19  64  0.2066E-07
 16  4  19  64  0.2064E-07
 16  4  19  64  0.2067E-07
 16  4  19  64  0.2066E-07
 16  4  19  64  0.2066E-07
 16  4  19  64  0.2066E-07
 16  4  20  64  0.1995E-07
 16  4  20  64  0.1995E-07
 16  4  20  64  0.1994E-07
 16  4  20  64  0.1993E-07
 16  4  20  64  0.1995E-07
 16  4  20  64  0.1995E-07
 16  4  20  64  0.1995E-07
 16  4  20  64  0.1997E-07
 16  4  20  64  0.1995E-07
 16  4  20  64  0.1996E-07
