 16  32  3  512  0.8364E-08
 16  32  3  512  0.8093E-08
 16  32  3  512  0.8074E-08
 16  32  3  512  0.7933E-08
 16  32  3  512  0.7881E-08
 16  32  3  512  0.7953E-08
 16  32  3  512  0.7968E-08
 16  32  3  512  0.7885E-08
 16  32  3  512  0.7871E-08
 16  32  3  512  0.7947E-08
 16  32  4  512  0.4849E-08
 16  32  4  512  0.4515E-08
 16  32  4  512  0.4549E-08
 16  32  4  512  0.4497E-08
 16  32  4  512  0.4526E-08
 16  32  4  512  0.4510E-08
 16  32  4  512  0.4536E-08
 16  32  4  512  0.4438E-08
 16  32  4  512  0.4444E-08
 16  32  4  512  0.4450E-08
 16  32  5  512  0.3641E-08
 16  32  5  512  0.3437E-08
 16  32  5  512  0.3377E-08
 16  32  5  512  0.3386E-08
 16  32  5  512  0.3398E-08
 16  32  5  512  0.3359E-08
 16  32  5  512  0.3361E-08
 16  32  5  512  0.3360E-08
 16  32  5  512  0.3356E-08
 16  32  5  512  0.3468E-08
 16  32  6  512  0.2792E-08
 16  32  6  512  0.2728E-08
 16  32  6  512  0.2723E-08
 16  32  6  512  0.2731E-08
 16  32  6  512  0.2720E-08
 16  32  6  512  0.2738E-08
 16  32  6  512  0.2733E-08
 16  32  6  512  0.2723E-08
 16  32  6  512  0.2716E-08
 16  32  6  512  0.2720E-08
 16  32  7  512  0.2818E-08
 16  32  7  512  0.2713E-08
 16  32  7  512  0.2692E-08
 16  32  7  512  0.2680E-08
 16  32  7  512  0.2691E-08
 16  32  7  512  0.2682E-08
 16  32  7  512  0.2681E-08
 16  32  7  512  0.2686E-08
 16  32  7  512  0.2677E-08
 16  32  7  512  0.2683E-08
 16  32  8  512  0.2695E-08
 16  32  8  512  0.2655E-08
 16  32  8  512  0.2661E-08
 16  32  8  512  0.2651E-08
 16  32  8  512  0.2654E-08
 16  32  8  512  0.2654E-08
 16  32  8  512  0.2655E-08
 16  32  8  512  0.2651E-08
 16  32  8  512  0.2654E-08
 16  32  8  512  0.2658E-08
 16  32  9  512  0.2934E-08
 16  32  9  512  0.2924E-08
 16  32  9  512  0.2904E-08
 16  32  9  512  0.2900E-08
 16  32  9  512  0.2888E-08
 16  32  9  512  0.2898E-08
 16  32  9  512  0.2892E-08
 16  32  9  512  0.2893E-08
 16  32  9  512  0.2888E-08
 16  32  9  512  0.2888E-08
 16  32  10  512  0.2969E-08
 16  32  10  512  0.2958E-08
 16  32  10  512  0.2956E-08
 16  32  10  512  0.2950E-08
 16  32  10  512  0.2965E-08
 16  32  10  512  0.2950E-08
 16  32  10  512  0.2979E-08
 16  32  10  512  0.2983E-08
 16  32  10  512  0.2964E-08
 16  32  10  512  0.2957E-08
 16  32  11  512  0.2824E-08
 16  32  11  512  0.2811E-08
 16  32  11  512  0.2810E-08
 16  32  11  512  0.2809E-08
 16  32  11  512  0.2808E-08
 16  32  11  512  0.2815E-08
 16  32  11  512  0.2805E-08
 16  32  11  512  0.2808E-08
 16  32  11  512  0.2814E-08
 16  32  11  512  0.2806E-08
 16  32  12  512  0.2598E-08
 16  32  12  512  0.2593E-08
 16  32  12  512  0.2618E-08
 16  32  12  512  0.2601E-08
 16  32  12  512  0.2625E-08
 16  32  12  512  0.2587E-08
 16  32  12  512  0.2590E-08
 16  32  12  512  0.2604E-08
 16  32  12  512  0.2619E-08
 16  32  12  512  0.2599E-08
 16  32  13  512  0.2812E-08
 16  32  13  512  0.2738E-08
 16  32  13  512  0.2737E-08
 16  32  13  512  0.2745E-08
 16  32  13  512  0.2746E-08
 16  32  13  512  0.2744E-08
 16  32  13  512  0.2740E-08
 16  32  13  512  0.2744E-08
 16  32  13  512  0.2743E-08
 16  32  13  512  0.2745E-08
 16  32  14  512  0.2505E-08
 16  32  14  512  0.2532E-08
 16  32  14  512  0.2508E-08
 16  32  14  512  0.2501E-08
 16  32  14  512  0.2502E-08
 16  32  14  512  0.2540E-08
 16  32  14  512  0.2501E-08
 16  32  14  512  0.2504E-08
 16  32  14  512  0.2505E-08
 16  32  14  512  0.2530E-08
 16  32  15  512  0.2928E-08
 16  32  15  512  0.2922E-08
 16  32  15  512  0.2927E-08
 16  32  15  512  0.2924E-08
 16  32  15  512  0.2926E-08
 16  32  15  512  0.2924E-08
 16  32  15  512  0.2924E-08
 16  32  15  512  0.2926E-08
 16  32  15  512  0.2926E-08
 16  32  15  512  0.2924E-08
 16  32  16  512  0.2468E-08
 16  32  16  512  0.2465E-08
 16  32  16  512  0.2464E-08
 16  32  16  512  0.2464E-08
 16  32  16  512  0.2465E-08
 16  32  16  512  0.2462E-08
 16  32  16  512  0.2466E-08
 16  32  16  512  0.2464E-08
 16  32  16  512  0.2464E-08
 16  32  16  512  0.2465E-08
 16  32  17  512  0.3030E-08
 16  32  17  512  0.3022E-08
 16  32  17  512  0.3026E-08
 16  32  17  512  0.3024E-08
 16  32  17  512  0.3024E-08
 16  32  17  512  0.3025E-08
 16  32  17  512  0.3023E-08
 16  32  17  512  0.3025E-08
 16  32  17  512  0.3023E-08
 16  32  17  512  0.3026E-08
 16  32  18  512  0.2945E-08
 16  32  18  512  0.2943E-08
 16  32  18  512  0.2942E-08
 16  32  18  512  0.2937E-08
 16  32  18  512  0.2941E-08
 16  32  18  512  0.2943E-08
 16  32  18  512  0.2980E-08
 16  32  18  512  0.2939E-08
 16  32  18  512  0.2942E-08
 16  32  18  512  0.2940E-08
 16  32  19  512  0.3254E-08
 16  32  19  512  0.3244E-08
 16  32  19  512  0.3243E-08
 16  32  19  512  0.3244E-08
 16  32  19  512  0.3245E-08
 16  32  19  512  0.3242E-08
 16  32  19  512  0.3243E-08
 16  32  19  512  0.3242E-08
 16  32  19  512  0.3244E-08
 16  32  19  512  0.3244E-08
 16  32  20  512  0.3065E-08
 16  32  20  512  0.3062E-08
 16  32  20  512  0.3059E-08
 16  32  20  512  0.3059E-08
 16  32  20  512  0.3061E-08
 16  32  20  512  0.3058E-08
 16  32  20  512  0.3061E-08
 16  32  20  512  0.3061E-08
 16  32  20  512  0.3059E-08
 16  32  20  512  0.3059E-08
