 16  16  3  256  0.1078E-07
 16  16  3  256  0.1017E-07
 16  16  3  256  0.9770E-08
 16  16  3  256  0.1514E-07
 16  16  3  256  0.1510E-07
 16  16  3  256  0.1495E-07
 16  16  3  256  0.1528E-07
 16  16  3  256  0.1842E-07
 16  16  3  256  0.1505E-07
 16  16  3  256  0.1481E-07
 16  16  4  256  0.6423E-08
 16  16  4  256  0.5918E-08
 16  16  4  256  0.6072E-08
 16  16  4  256  0.5901E-08
 16  16  4  256  0.6145E-08
 16  16  4  256  0.8828E-08
 16  16  4  256  0.9274E-08
 16  16  4  256  0.8503E-08
 16  16  4  256  0.8508E-08
 16  16  4  256  0.8217E-08
 16  16  5  256  0.5893E-08
 16  16  5  256  0.5578E-08
 16  16  5  256  0.5558E-08
 16  16  5  256  0.5565E-08
 16  16  5  256  0.5595E-08
 16  16  5  256  0.5710E-08
 16  16  5  256  0.5563E-08
 16  16  5  256  0.5848E-08
 16  16  5  256  0.8407E-08
 16  16  5  256  0.9333E-08
 16  16  6  256  0.4566E-08
 16  16  6  256  0.4341E-08
 16  16  6  256  0.4352E-08
 16  16  6  256  0.4338E-08
 16  16  6  256  0.4386E-08
 16  16  6  256  0.4333E-08
 16  16  6  256  0.4342E-08
 16  16  6  256  0.4343E-08
 16  16  6  256  0.4335E-08
 16  16  6  256  0.4405E-08
 16  16  7  256  0.4973E-08
 16  16  7  256  0.4936E-08
 16  16  7  256  0.4907E-08
 16  16  7  256  0.4927E-08
 16  16  7  256  0.4924E-08
 16  16  7  256  0.4929E-08
 16  16  7  256  0.4932E-08
 16  16  7  256  0.4921E-08
 16  16  7  256  0.4917E-08
 16  16  7  256  0.4918E-08
 16  16  8  256  0.3861E-08
 16  16  8  256  0.3817E-08
 16  16  8  256  0.3864E-08
 16  16  8  256  0.3848E-08
 16  16  8  256  0.3850E-08
 16  16  8  256  0.3832E-08
 16  16  8  256  0.3871E-08
 16  16  8  256  0.3846E-08
 16  16  8  256  0.3838E-08
 16  16  8  256  0.3835E-08
 16  16  9  256  0.4372E-08
 16  16  9  256  0.4319E-08
 16  16  9  256  0.4319E-08
 16  16  9  256  0.4324E-08
 16  16  9  256  0.4329E-08
 16  16  9  256  0.4332E-08
 16  16  9  256  0.4328E-08
 16  16  9  256  0.4320E-08
 16  16  9  256  0.4326E-08
 16  16  9  256  0.4335E-08
 16  16  10  256  0.4600E-08
 16  16  10  256  0.4532E-08
 16  16  10  256  0.4534E-08
 16  16  10  256  0.4557E-08
 16  16  10  256  0.4554E-08
 16  16  10  256  0.4563E-08
 16  16  10  256  0.4554E-08
 16  16  10  256  0.4552E-08
 16  16  10  256  0.4542E-08
 16  16  10  256  0.4546E-08
 16  16  11  256  0.4557E-08
 16  16  11  256  0.4500E-08
 16  16  11  256  0.4505E-08
 16  16  11  256  0.4501E-08
 16  16  11  256  0.4526E-08
 16  16  11  256  0.4503E-08
 16  16  11  256  0.4565E-08
 16  16  11  256  0.4505E-08
 16  16  11  256  0.4498E-08
 16  16  11  256  0.4503E-08
 16  16  12  256  0.4284E-08
 16  16  12  256  0.4229E-08
 16  16  12  256  0.4240E-08
 16  16  12  256  0.4243E-08
 16  16  12  256  0.4229E-08
 16  16  12  256  0.4224E-08
 16  16  12  256  0.4233E-08
 16  16  12  256  0.4231E-08
 16  16  12  256  0.4227E-08
 16  16  12  256  0.4235E-08
 16  16  13  256  0.4635E-08
 16  16  13  256  0.4632E-08
 16  16  13  256  0.4609E-08
 16  16  13  256  0.4621E-08
 16  16  13  256  0.4615E-08
 16  16  13  256  0.4608E-08
 16  16  13  256  0.4608E-08
 16  16  13  256  0.4613E-08
 16  16  13  256  0.4607E-08
 16  16  13  256  0.4616E-08
 16  16  14  256  0.4247E-08
 16  16  14  256  0.4206E-08
 16  16  14  256  0.4213E-08
 16  16  14  256  0.4210E-08
 16  16  14  256  0.4208E-08
 16  16  14  256  0.4214E-08
 16  16  14  256  0.4210E-08
 16  16  14  256  0.4212E-08
 16  16  14  256  0.4210E-08
 16  16  14  256  0.4209E-08
 16  16  15  256  0.4640E-08
 16  16  15  256  0.4613E-08
 16  16  15  256  0.4607E-08
 16  16  15  256  0.4610E-08
 16  16  15  256  0.4608E-08
 16  16  15  256  0.4611E-08
 16  16  15  256  0.4608E-08
 16  16  15  256  0.4613E-08
 16  16  15  256  0.4613E-08
 16  16  15  256  0.4608E-08
 16  16  16  256  0.4423E-08
 16  16  16  256  0.4388E-08
 16  16  16  256  0.4396E-08
 16  16  16  256  0.4399E-08
 16  16  16  256  0.4391E-08
 16  16  16  256  0.4398E-08
 16  16  16  256  0.4395E-08
 16  16  16  256  0.4388E-08
 16  16  16  256  0.4397E-08
 16  16  16  256  0.4393E-08
 16  16  17  256  0.5298E-08
 16  16  17  256  0.5274E-08
 16  16  17  256  0.5267E-08
 16  16  17  256  0.5273E-08
 16  16  17  256  0.5275E-08
 16  16  17  256  0.5271E-08
 16  16  17  256  0.5271E-08
 16  16  17  256  0.5272E-08
 16  16  17  256  0.5270E-08
 16  16  17  256  0.5275E-08
 16  16  18  256  0.4950E-08
 16  16  18  256  0.4920E-08
 16  16  18  256  0.4928E-08
 16  16  18  256  0.4924E-08
 16  16  18  256  0.4928E-08
 16  16  18  256  0.4925E-08
 16  16  18  256  0.4925E-08
 16  16  18  256  0.4926E-08
 16  16  18  256  0.4922E-08
 16  16  18  256  0.4926E-08
 16  16  19  256  0.5546E-08
 16  16  19  256  0.5514E-08
 16  16  19  256  0.5510E-08
 16  16  19  256  0.5508E-08
 16  16  19  256  0.5509E-08
 16  16  19  256  0.5509E-08
 16  16  19  256  0.5508E-08
 16  16  19  256  0.5509E-08
 16  16  19  256  0.5511E-08
 16  16  19  256  0.5510E-08
 16  16  20  256  0.5359E-08
 16  16  20  256  0.5336E-08
 16  16  20  256  0.5334E-08
 16  16  20  256  0.5334E-08
 16  16  20  256  0.5338E-08
 16  16  20  256  0.5336E-08
 16  16  20  256  0.5337E-08
 16  16  20  256  0.5336E-08
 16  16  20  256  0.5334E-08
 16  16  20  256  0.5333E-08
