 16  1  3  16  0.1466E-06
 16  1  3  16  0.1280E-06
 16  1  3  16  0.1264E-06
 16  1  3  16  0.1256E-06
 16  1  3  16  0.1496E-06
 16  1  3  16  0.1475E-06
 16  1  3  16  0.1282E-06
 16  1  3  16  0.1251E-06
 16  1  3  16  0.1459E-06
 16  1  3  16  0.1312E-06
 16  1  4  16  0.8265E-07
 16  1  4  16  0.7784E-07
 16  1  4  16  0.6869E-07
 16  1  4  16  0.6900E-07
 16  1  4  16  0.6737E-07
 16  1  4  16  0.6907E-07
 16  1  4  16  0.6869E-07
 16  1  4  16  0.6806E-07
 16  1  4  16  0.7621E-07
 16  1  4  16  0.6768E-07
 16  1  5  16  0.8484E-07
 16  1  5  16  0.8337E-07
 16  1  5  16  0.7764E-07
 16  1  5  16  0.8249E-07
 16  1  5  16  0.7550E-07
 16  1  5  16  0.7669E-07
 16  1  5  16  0.8102E-07
 16  1  5  16  0.7617E-07
 16  1  5  16  0.8082E-07
 16  1  5  16  0.7602E-07
 16  1  6  16  0.7600E-07
 16  1  6  16  0.7205E-07
 16  1  6  16  0.6761E-07
 16  1  6  16  0.6857E-07
 16  1  6  16  0.7099E-07
 16  1  6  16  0.7090E-07
 16  1  6  16  0.7253E-07
 16  1  6  16  0.7253E-07
 16  1  6  16  0.7207E-07
 16  1  6  16  0.6770E-07
 16  1  7  16  0.7136E-07
 16  1  7  16  0.7246E-07
 16  1  7  16  0.6936E-07
 16  1  7  16  0.6918E-07
 16  1  7  16  0.6815E-07
 16  1  7  16  0.7107E-07
 16  1  7  16  0.6990E-07
 16  1  7  16  0.6839E-07
 16  1  7  16  0.7233E-07
 16  1  7  16  0.7016E-07
 16  1  8  16  0.6755E-07
 16  1  8  16  0.6209E-07
 16  1  8  16  0.6372E-07
 16  1  8  16  0.6474E-07
 16  1  8  16  0.6197E-07
 16  1  8  16  0.6226E-07
 16  1  8  16  0.6413E-07
 16  1  8  16  0.6405E-07
 16  1  8  16  0.6221E-07
 16  1  8  16  0.6446E-07
 16  1  9  16  0.6824E-07
 16  1  9  16  0.6670E-07
 16  1  9  16  0.6630E-07
 16  1  9  16  0.6676E-07
 16  1  9  16  0.6685E-07
 16  1  9  16  0.6687E-07
 16  1  9  16  0.6644E-07
 16  1  9  16  0.6676E-07
 16  1  9  16  0.6628E-07
 16  1  9  16  0.6655E-07
 16  1  10  16  0.1005E-06
 16  1  10  16  0.9956E-07
 16  1  10  16  0.9956E-07
 16  1  10  16  0.9960E-07
 16  1  10  16  0.9829E-07
 16  1  10  16  0.9846E-07
 16  1  10  16  0.9819E-07
 16  1  10  16  0.9917E-07
 16  1  10  16  0.9873E-07
 16  1  10  16  0.9900E-07
 16  1  11  16  0.5736E-07
 16  1  11  16  0.5734E-07
 16  1  11  16  0.5788E-07
 16  1  11  16  0.5961E-07
 16  1  11  16  0.8798E-07
 16  1  11  16  0.8770E-07
 16  1  11  16  0.8812E-07
 16  1  11  16  0.8743E-07
 16  1  11  16  0.8729E-07
 16  1  11  16  0.8781E-07
 16  1  12  16  0.5378E-07
 16  1  12  16  0.5341E-07
 16  1  12  16  0.5349E-07
 16  1  12  16  0.5355E-07
 16  1  12  16  0.5355E-07
 16  1  12  16  0.5353E-07
 16  1  12  16  0.5369E-07
 16  1  12  16  0.7245E-07
 16  1  12  16  0.7266E-07
 16  1  12  16  0.7370E-07
 16  1  13  16  0.5976E-07
 16  1  13  16  0.5972E-07
 16  1  13  16  0.5969E-07
 16  1  13  16  0.5982E-07
 16  1  13  16  0.5981E-07
 16  1  13  16  0.5978E-07
 16  1  13  16  0.5979E-07
 16  1  13  16  0.5978E-07
 16  1  13  16  0.5979E-07
 16  1  13  16  0.5979E-07
 16  1  14  16  0.5307E-07
 16  1  14  16  0.5305E-07
 16  1  14  16  0.5310E-07
 16  1  14  16  0.5323E-07
 16  1  14  16  0.5321E-07
 16  1  14  16  0.5321E-07
 16  1  14  16  0.5321E-07
 16  1  14  16  0.5318E-07
 16  1  14  16  0.5322E-07
 16  1  14  16  0.5321E-07
 16  1  15  16  0.6174E-07
 16  1  15  16  0.6173E-07
 16  1  15  16  0.6171E-07
 16  1  15  16  0.6172E-07
 16  1  15  16  0.6160E-07
 16  1  15  16  0.6147E-07
 16  1  15  16  0.6144E-07
 16  1  15  16  0.6169E-07
 16  1  15  16  0.6189E-07
 16  1  15  16  0.6179E-07
 16  1  16  16  0.5648E-07
 16  1  16  16  0.5666E-07
 16  1  16  16  0.5660E-07
 16  1  16  16  0.5661E-07
 16  1  16  16  0.5663E-07
 16  1  16  16  0.5665E-07
 16  1  16  16  0.5666E-07
 16  1  16  16  0.5666E-07
 16  1  16  16  0.5668E-07
 16  1  16  16  0.5662E-07
 16  1  17  16  0.7237E-07
 16  1  17  16  0.7242E-07
 16  1  17  16  0.7228E-07
 16  1  17  16  0.7233E-07
 16  1  17  16  0.7261E-07
 16  1  17  16  0.7260E-07
 16  1  17  16  0.7234E-07
 16  1  17  16  0.7232E-07
 16  1  17  16  0.7240E-07
 16  1  17  16  0.7255E-07
 16  1  18  16  0.6864E-07
 16  1  18  16  0.6860E-07
 16  1  18  16  0.6862E-07
 16  1  18  16  0.6860E-07
 16  1  18  16  0.6861E-07
 16  1  18  16  0.6858E-07
 16  1  18  16  0.6860E-07
 16  1  18  16  0.6860E-07
 16  1  18  16  0.6863E-07
 16  1  18  16  0.6859E-07
 16  1  19  16  0.7799E-07
 16  1  19  16  0.7805E-07
 16  1  19  16  0.7819E-07
 16  1  19  16  0.7813E-07
 16  1  19  16  0.7817E-07
 16  1  19  16  0.7830E-07
 16  1  19  16  0.7850E-07
 16  1  19  16  0.7829E-07
 16  1  19  16  0.7844E-07
 16  1  19  16  0.7847E-07
 16  1  20  16  0.7394E-07
 16  1  20  16  0.7394E-07
 16  1  20  16  0.7395E-07
 16  1  20  16  0.7390E-07
 16  1  20  16  0.7410E-07
 16  1  20  16  0.7408E-07
 16  1  20  16  0.7419E-07
 16  1  20  16  0.7438E-07
 16  1  20  16  0.7469E-07
 16  1  20  16  0.7466E-07
