 16  1  3  16  0.9451E-07
 16  1  3  16  0.9379E-07
 16  1  3  16  0.9222E-07
 16  1  3  16  0.9099E-07
 16  1  3  16  0.9240E-07
 16  1  3  16  0.9112E-07
 16  1  3  16  0.9086E-07
 16  1  3  16  0.9336E-07
 16  1  3  16  0.9173E-07
 16  1  3  16  0.9155E-07
 16  1  4  16  0.6265E-07
 16  1  4  16  0.6137E-07
 16  1  4  16  0.6143E-07
 16  1  4  16  0.6140E-07
 16  1  4  16  0.6191E-07
 16  1  4  16  0.6125E-07
 16  1  4  16  0.6118E-07
 16  1  4  16  0.6138E-07
 16  1  4  16  0.6123E-07
 16  1  4  16  0.6135E-07
 16  1  5  16  0.5902E-07
 16  1  5  16  0.5852E-07
 16  1  5  16  0.5856E-07
 16  1  5  16  0.5838E-07
 16  1  5  16  0.5825E-07
 16  1  5  16  0.5840E-07
 16  1  5  16  0.5828E-07
 16  1  5  16  0.5829E-07
 16  1  5  16  0.5830E-07
 16  1  5  16  0.5843E-07
 16  1  6  16  0.4744E-07
 16  1  6  16  0.4667E-07
 16  1  6  16  0.4675E-07
 16  1  6  16  0.4660E-07
 16  1  6  16  0.4660E-07
 16  1  6  16  0.4647E-07
 16  1  6  16  0.4655E-07
 16  1  6  16  0.4650E-07
 16  1  6  16  0.4662E-07
 16  1  6  16  0.4653E-07
 16  1  7  16  0.4732E-07
 16  1  7  16  0.4683E-07
 16  1  7  16  0.4698E-07
 16  1  7  16  0.4666E-07
 16  1  7  16  0.4659E-07
 16  1  7  16  0.4662E-07
 16  1  7  16  0.4667E-07
 16  1  7  16  0.4647E-07
 16  1  7  16  0.4661E-07
 16  1  7  16  0.4670E-07
 16  1  8  16  0.4908E-07
 16  1  8  16  0.4862E-07
 16  1  8  16  0.4860E-07
 16  1  8  16  0.4869E-07
 16  1  8  16  0.4871E-07
 16  1  8  16  0.4865E-07
 16  1  8  16  0.4859E-07
 16  1  8  16  0.4864E-07
 16  1  8  16  0.4863E-07
 16  1  8  16  0.4860E-07
 16  1  9  16  0.6147E-07
 16  1  9  16  0.6137E-07
 16  1  9  16  0.6124E-07
 16  1  9  16  0.6125E-07
 16  1  9  16  0.6123E-07
 16  1  9  16  0.6119E-07
 16  1  9  16  0.6129E-07
 16  1  9  16  0.6121E-07
 16  1  9  16  0.6123E-07
 16  1  9  16  0.6118E-07
 16  1  10  16  0.6857E-07
 16  1  10  16  0.6833E-07
 16  1  10  16  0.6836E-07
 16  1  10  16  0.6820E-07
 16  1  10  16  0.6825E-07
 16  1  10  16  0.6809E-07
 16  1  10  16  0.6957E-07
 16  1  10  16  0.6939E-07
 16  1  10  16  0.6926E-07
 16  1  10  16  0.6923E-07
 16  1  11  16  0.6771E-07
 16  1  11  16  0.6760E-07
 16  1  11  16  0.6836E-07
 16  1  11  16  0.6933E-07
 16  1  11  16  0.6936E-07
 16  1  11  16  0.6930E-07
 16  1  11  16  0.6930E-07
 16  1  11  16  0.6936E-07
 16  1  11  16  0.6927E-07
 16  1  11  16  0.7025E-07
 16  1  12  16  0.6413E-07
 16  1  12  16  0.6392E-07
 16  1  12  16  0.6393E-07
 16  1  12  16  0.6394E-07
 16  1  12  16  0.6392E-07
 16  1  12  16  0.6396E-07
 16  1  12  16  0.6408E-07
 16  1  12  16  0.6392E-07
 16  1  12  16  0.6396E-07
 16  1  12  16  0.6393E-07
 16  1  13  16  0.7084E-07
 16  1  13  16  0.7070E-07
 16  1  13  16  0.7067E-07
 16  1  13  16  0.7069E-07
 16  1  13  16  0.7073E-07
 16  1  13  16  0.7100E-07
 16  1  13  16  0.7089E-07
 16  1  13  16  0.7093E-07
 16  1  13  16  0.7107E-07
 16  1  13  16  0.7079E-07
 16  1  14  16  0.6378E-07
 16  1  14  16  0.6389E-07
 16  1  14  16  0.6387E-07
 16  1  14  16  0.6389E-07
 16  1  14  16  0.6389E-07
 16  1  14  16  0.6389E-07
 16  1  14  16  0.6386E-07
 16  1  14  16  0.6379E-07
 16  1  14  16  0.6373E-07
 16  1  14  16  0.6367E-07
 16  1  15  16  0.6988E-07
 16  1  15  16  0.6981E-07
 16  1  15  16  0.6989E-07
 16  1  15  16  0.6977E-07
 16  1  15  16  0.6977E-07
 16  1  15  16  0.6979E-07
 16  1  15  16  0.6974E-07
 16  1  15  16  0.6975E-07
 16  1  15  16  0.6976E-07
 16  1  15  16  0.6977E-07
 16  1  16  16  0.6435E-07
 16  1  16  16  0.6428E-07
 16  1  16  16  0.6428E-07
 16  1  16  16  0.6425E-07
 16  1  16  16  0.6428E-07
 16  1  16  16  0.6424E-07
 16  1  16  16  0.6424E-07
 16  1  16  16  0.6431E-07
 16  1  16  16  0.6422E-07
 16  1  16  16  0.6420E-07
 16  1  17  16  0.8286E-07
 16  1  17  16  0.8273E-07
 16  1  17  16  0.8269E-07
 16  1  17  16  0.8278E-07
 16  1  17  16  0.8264E-07
 16  1  17  16  0.8281E-07
 16  1  17  16  0.8275E-07
 16  1  17  16  0.8277E-07
 16  1  17  16  0.8305E-07
 16  1  17  16  0.8282E-07
 16  1  18  16  0.7998E-07
 16  1  18  16  0.7987E-07
 16  1  18  16  0.7982E-07
 16  1  18  16  0.7985E-07
 16  1  18  16  0.8025E-07
 16  1  18  16  0.8008E-07
 16  1  18  16  0.8009E-07
 16  1  18  16  0.7999E-07
 16  1  18  16  0.8013E-07
 16  1  18  16  0.8021E-07
 16  1  19  16  0.8576E-07
 16  1  19  16  0.8576E-07
 16  1  19  16  0.8576E-07
 16  1  19  16  0.8579E-07
 16  1  19  16  0.8592E-07
 16  1  19  16  0.8580E-07
 16  1  19  16  0.8597E-07
 16  1  19  16  0.8592E-07
 16  1  19  16  0.8596E-07
 16  1  19  16  0.8576E-07
 16  1  20  16  0.8117E-07
 16  1  20  16  0.8105E-07
 16  1  20  16  0.8103E-07
 16  1  20  16  0.8104E-07
 16  1  20  16  0.8106E-07
 16  1  20  16  0.8106E-07
 16  1  20  16  0.8103E-07
 16  1  20  16  0.8103E-07
 16  1  20  16  0.8103E-07
 16  1  20  16  0.8103E-07
