 16  2  3  32  0.1027E-06
 16  2  3  32  0.7368E-07
 16  2  3  32  0.7221E-07
 16  2  3  32  0.7101E-07
 16  2  3  32  0.7910E-07
 16  2  3  32  0.7101E-07
 16  2  3  32  0.7138E-07
 16  2  3  32  0.8610E-07
 16  2  3  32  0.7791E-07
 16  2  3  32  0.7910E-07
 16  2  4  32  0.4963E-07
 16  2  4  32  0.5437E-07
 16  2  4  32  0.5402E-07
 16  2  4  32  0.5095E-07
 16  2  4  32  0.5421E-07
 16  2  4  32  0.4556E-07
 16  2  4  32  0.4866E-07
 16  2  4  32  0.4544E-07
 16  2  4  32  0.5126E-07
 16  2  4  32  0.5029E-07
 16  2  5  32  0.5251E-07
 16  2  5  32  0.5100E-07
 16  2  5  32  0.4733E-07
 16  2  5  32  0.4699E-07
 16  2  5  32  0.5142E-07
 16  2  5  32  0.4717E-07
 16  2  5  32  0.5033E-07
 16  2  5  32  0.5043E-07
 16  2  5  32  0.4701E-07
 16  2  5  32  0.4850E-07
 16  2  6  32  0.4581E-07
 16  2  6  32  0.4224E-07
 16  2  6  32  0.4221E-07
 16  2  6  32  0.4210E-07
 16  2  6  32  0.4191E-07
 16  2  6  32  0.4263E-07
 16  2  6  32  0.4238E-07
 16  2  6  32  0.4186E-07
 16  2  6  32  0.3974E-07
 16  2  6  32  0.3969E-07
 16  2  7  32  0.4331E-07
 16  2  7  32  0.4003E-07
 16  2  7  32  0.3985E-07
 16  2  7  32  0.3954E-07
 16  2  7  32  0.4051E-07
 16  2  7  32  0.4149E-07
 16  2  7  32  0.4048E-07
 16  2  7  32  0.4112E-07
 16  2  7  32  0.4021E-07
 16  2  7  32  0.4076E-07
 16  2  8  32  0.3988E-07
 16  2  8  32  0.3831E-07
 16  2  8  32  0.3823E-07
 16  2  8  32  0.3817E-07
 16  2  8  32  0.3821E-07
 16  2  8  32  0.3827E-07
 16  2  8  32  0.3707E-07
 16  2  8  32  0.3784E-07
 16  2  8  32  0.3837E-07
 16  2  8  32  0.3758E-07
 16  2  9  32  0.3994E-07
 16  2  9  32  0.3811E-07
 16  2  9  32  0.3778E-07
 16  2  9  32  0.3889E-07
 16  2  9  32  0.3761E-07
 16  2  9  32  0.3762E-07
 16  2  9  32  0.3809E-07
 16  2  9  32  0.3826E-07
 16  2  9  32  0.3875E-07
 16  2  9  32  0.3731E-07
 16  2  10  32  0.5415E-07
 16  2  10  32  0.5409E-07
 16  2  10  32  0.5368E-07
 16  2  10  32  0.5342E-07
 16  2  10  32  0.5356E-07
 16  2  10  32  0.5395E-07
 16  2  10  32  0.5365E-07
 16  2  10  32  0.5330E-07
 16  2  10  32  0.5420E-07
 16  2  10  32  0.5319E-07
 16  2  11  32  0.3101E-07
 16  2  11  32  0.3102E-07
 16  2  11  32  0.3100E-07
 16  2  11  32  0.3097E-07
 16  2  11  32  0.3099E-07
 16  2  11  32  0.3103E-07
 16  2  11  32  0.3099E-07
 16  2  11  32  0.3103E-07
 16  2  11  32  0.3112E-07
 16  2  11  32  0.3112E-07
 16  2  12  32  0.2865E-07
 16  2  12  32  0.2871E-07
 16  2  12  32  0.2868E-07
 16  2  12  32  0.2867E-07
 16  2  12  32  0.2871E-07
 16  2  12  32  0.2869E-07
 16  2  12  32  0.2868E-07
 16  2  12  32  0.2868E-07
 16  2  12  32  0.2871E-07
 16  2  12  32  0.2873E-07
 16  2  13  32  0.3161E-07
 16  2  13  32  0.3157E-07
 16  2  13  32  0.3160E-07
 16  2  13  32  0.3159E-07
 16  2  13  32  0.3163E-07
 16  2  13  32  0.3157E-07
 16  2  13  32  0.3155E-07
 16  2  13  32  0.3160E-07
 16  2  13  32  0.3156E-07
 16  2  13  32  0.3153E-07
 16  2  14  32  0.2815E-07
 16  2  14  32  0.2808E-07
 16  2  14  32  0.2813E-07
 16  2  14  32  0.2819E-07
 16  2  14  32  0.2817E-07
 16  2  14  32  0.2816E-07
 16  2  14  32  0.2815E-07
 16  2  14  32  0.2815E-07
 16  2  14  32  0.2814E-07
 16  2  14  32  0.2813E-07
 16  2  15  32  0.3205E-07
 16  2  15  32  0.3209E-07
 16  2  15  32  0.3208E-07
 16  2  15  32  0.3207E-07
 16  2  15  32  0.3191E-07
 16  2  15  32  0.3211E-07
 16  2  15  32  0.3211E-07
 16  2  15  32  0.3212E-07
 16  2  15  32  0.3223E-07
 16  2  15  32  0.3219E-07
 16  2  16  32  0.2962E-07
 16  2  16  32  0.2967E-07
 16  2  16  32  0.2963E-07
 16  2  16  32  0.2961E-07
 16  2  16  32  0.2959E-07
 16  2  16  32  0.2959E-07
 16  2  16  32  0.2952E-07
 16  2  16  32  0.2957E-07
 16  2  16  32  0.2956E-07
 16  2  16  32  0.2964E-07
 16  2  17  32  0.3741E-07
 16  2  17  32  0.3742E-07
 16  2  17  32  0.3741E-07
 16  2  17  32  0.3741E-07
 16  2  17  32  0.3740E-07
 16  2  17  32  0.3742E-07
 16  2  17  32  0.3740E-07
 16  2  17  32  0.3741E-07
 16  2  17  32  0.3743E-07
 16  2  17  32  0.3742E-07
 16  2  18  32  0.3560E-07
 16  2  18  32  0.3559E-07
 16  2  18  32  0.3560E-07
 16  2  18  32  0.3552E-07
 16  2  18  32  0.3551E-07
 16  2  18  32  0.3559E-07
 16  2  18  32  0.3567E-07
 16  2  18  32  0.3552E-07
 16  2  18  32  0.3551E-07
 16  2  18  32  0.3554E-07
 16  2  19  32  0.4013E-07
 16  2  19  32  0.4018E-07
 16  2  19  32  0.4022E-07
 16  2  19  32  0.4021E-07
 16  2  19  32  0.4013E-07
 16  2  19  32  0.4011E-07
 16  2  19  32  0.4021E-07
 16  2  19  32  0.4024E-07
 16  2  19  32  0.4028E-07
 16  2  19  32  0.4019E-07
 16  2  20  32  0.3816E-07
 16  2  20  32  0.3815E-07
 16  2  20  32  0.3817E-07
 16  2  20  32  0.3817E-07
 16  2  20  32  0.3819E-07
 16  2  20  32  0.3817E-07
 16  2  20  32  0.3814E-07
 16  2  20  32  0.3827E-07
 16  2  20  32  0.3824E-07
 16  2  20  32  0.3824E-07
