 16  16  3  256  0.2778E-07
 16  16  3  256  0.1399E-07
 16  16  3  256  0.1452E-07
 16  16  3  256  0.1345E-07
 16  16  3  256  0.1331E-07
 16  16  3  256  0.1446E-07
 16  16  3  256  0.1336E-07
 16  16  3  256  0.1331E-07
 16  16  3  256  0.1433E-07
 16  16  3  256  0.1365E-07
 16  16  4  256  0.1439E-07
 16  16  4  256  0.8076E-08
 16  16  4  256  0.8343E-08
 16  16  4  256  0.7873E-08
 16  16  4  256  0.7853E-08
 16  16  4  256  0.7936E-08
 16  16  4  256  0.7795E-08
 16  16  4  256  0.1070E-07
 16  16  4  256  0.1182E-07
 16  16  4  256  0.1141E-07
 16  16  5  256  0.1171E-07
 16  16  5  256  0.8176E-08
 16  16  5  256  0.8116E-08
 16  16  5  256  0.8218E-08
 16  16  5  256  0.8064E-08
 16  16  5  256  0.8084E-08
 16  16  5  256  0.8146E-08
 16  16  5  256  0.8260E-08
 16  16  5  256  0.7980E-08
 16  16  5  256  0.7811E-08
 16  16  6  256  0.4417E-08
 16  16  6  256  0.4375E-08
 16  16  6  256  0.4372E-08
 16  16  6  256  0.4379E-08
 16  16  6  256  0.4380E-08
 16  16  6  256  0.4375E-08
 16  16  6  256  0.4380E-08
 16  16  6  256  0.4392E-08
 16  16  6  256  0.4381E-08
 16  16  6  256  0.4372E-08
 16  16  7  256  0.5025E-08
 16  16  7  256  0.5009E-08
 16  16  7  256  0.4988E-08
 16  16  7  256  0.5023E-08
 16  16  7  256  0.4989E-08
 16  16  7  256  0.4984E-08
 16  16  7  256  0.4977E-08
 16  16  7  256  0.4979E-08
 16  16  7  256  0.4988E-08
 16  16  7  256  0.4992E-08
 16  16  8  256  0.3863E-08
 16  16  8  256  0.3850E-08
 16  16  8  256  0.3858E-08
 16  16  8  256  0.3841E-08
 16  16  8  256  0.3841E-08
 16  16  8  256  0.3872E-08
 16  16  8  256  0.3868E-08
 16  16  8  256  0.3867E-08
 16  16  8  256  0.3868E-08
 16  16  8  256  0.3873E-08
 16  16  9  256  0.4312E-08
 16  16  9  256  0.4297E-08
 16  16  9  256  0.4306E-08
 16  16  9  256  0.4303E-08
 16  16  9  256  0.4301E-08
 16  16  9  256  0.4302E-08
 16  16  9  256  0.4301E-08
 16  16  9  256  0.4312E-08
 16  16  9  256  0.4304E-08
 16  16  9  256  0.4297E-08
 16  16  10  256  0.4509E-08
 16  16  10  256  0.4498E-08
 16  16  10  256  0.4497E-08
 16  16  10  256  0.4498E-08
 16  16  10  256  0.4495E-08
 16  16  10  256  0.4499E-08
 16  16  10  256  0.4495E-08
 16  16  10  256  0.4502E-08
 16  16  10  256  0.4498E-08
 16  16  10  256  0.4501E-08
 16  16  11  256  0.4465E-08
 16  16  11  256  0.4457E-08
 16  16  11  256  0.4453E-08
 16  16  11  256  0.4455E-08
 16  16  11  256  0.4461E-08
 16  16  11  256  0.4454E-08
 16  16  11  256  0.4448E-08
 16  16  11  256  0.4451E-08
 16  16  11  256  0.4450E-08
 16  16  11  256  0.4452E-08
 16  16  12  256  0.4160E-08
 16  16  12  256  0.4159E-08
 16  16  12  256  0.4160E-08
 16  16  12  256  0.4165E-08
 16  16  12  256  0.4161E-08
 16  16  12  256  0.4161E-08
 16  16  12  256  0.4154E-08
 16  16  12  256  0.4158E-08
 16  16  12  256  0.4165E-08
 16  16  12  256  0.4159E-08
 16  16  13  256  0.4541E-08
 16  16  13  256  0.4535E-08
 16  16  13  256  0.4534E-08
 16  16  13  256  0.4539E-08
 16  16  13  256  0.4531E-08
 16  16  13  256  0.4529E-08
 16  16  13  256  0.4525E-08
 16  16  13  256  0.4548E-08
 16  16  13  256  0.4541E-08
 16  16  13  256  0.4532E-08
 16  16  14  256  0.4125E-08
 16  16  14  256  0.4121E-08
 16  16  14  256  0.4123E-08
 16  16  14  256  0.4115E-08
 16  16  14  256  0.4125E-08
 16  16  14  256  0.4126E-08
 16  16  14  256  0.4119E-08
 16  16  14  256  0.4118E-08
 16  16  14  256  0.4121E-08
 16  16  14  256  0.4122E-08
 16  16  15  256  0.4585E-08
 16  16  15  256  0.4585E-08
 16  16  15  256  0.4583E-08
 16  16  15  256  0.4588E-08
 16  16  15  256  0.4585E-08
 16  16  15  256  0.4586E-08
 16  16  15  256  0.4586E-08
 16  16  15  256  0.4585E-08
 16  16  15  256  0.4579E-08
 16  16  15  256  0.4587E-08
 16  16  16  256  0.4311E-08
 16  16  16  256  0.4312E-08
 16  16  16  256  0.4308E-08
 16  16  16  256  0.4304E-08
 16  16  16  256  0.4307E-08
 16  16  16  256  0.4304E-08
 16  16  16  256  0.4305E-08
 16  16  16  256  0.4305E-08
 16  16  16  256  0.4307E-08
 16  16  16  256  0.4312E-08
 16  16  17  256  0.5222E-08
 16  16  17  256  0.5227E-08
 16  16  17  256  0.5226E-08
 16  16  17  256  0.5224E-08
 16  16  17  256  0.5222E-08
 16  16  17  256  0.5223E-08
 16  16  17  256  0.5222E-08
 16  16  17  256  0.5228E-08
 16  16  17  256  0.5223E-08
 16  16  17  256  0.5227E-08
 16  16  18  256  0.4884E-08
 16  16  18  256  0.4882E-08
 16  16  18  256  0.4885E-08
 16  16  18  256  0.4886E-08
 16  16  18  256  0.4884E-08
 16  16  18  256  0.4881E-08
 16  16  18  256  0.4882E-08
 16  16  18  256  0.4883E-08
 16  16  18  256  0.4884E-08
 16  16  18  256  0.4885E-08
 16  16  19  256  0.5499E-08
 16  16  19  256  0.5497E-08
 16  16  19  256  0.5501E-08
 16  16  19  256  0.5496E-08
 16  16  19  256  0.5498E-08
 16  16  19  256  0.5500E-08
 16  16  19  256  0.5497E-08
 16  16  19  256  0.5498E-08
 16  16  19  256  0.5497E-08
 16  16  19  256  0.5497E-08
 16  16  20  256  0.5288E-08
 16  16  20  256  0.5287E-08
 16  16  20  256  0.5285E-08
 16  16  20  256  0.5286E-08
 16  16  20  256  0.5288E-08
 16  16  20  256  0.5290E-08
 16  16  20  256  0.5287E-08
 16  16  20  256  0.5287E-08
 16  16  20  256  0.5288E-08
 16  16  20  256  0.5290E-08
