 16  1  3  16  0.8778E-07
 16  1  3  16  0.1867E-06
 16  1  3  16  0.1599E-06
 16  1  3  16  0.1459E-06
 16  1  3  16  0.1413E-06
 16  1  3  16  0.1613E-06
 16  1  3  16  0.1466E-06
 16  1  3  16  0.1420E-06
 16  1  3  16  0.1372E-06
 16  1  3  16  0.1543E-06
 16  1  4  16  0.6049E-07
 16  1  4  16  0.6055E-07
 16  1  4  16  0.8141E-07
 16  1  4  16  0.7971E-07
 16  1  4  16  0.8855E-07
 16  1  4  16  0.7877E-07
 16  1  4  16  0.7846E-07
 16  1  4  16  0.7714E-07
 16  1  4  16  0.8428E-07
 16  1  4  16  0.7978E-07
 16  1  5  16  0.5856E-07
 16  1  5  16  0.5766E-07
 16  1  5  16  0.5837E-07
 16  1  5  16  0.9386E-07
 16  1  5  16  0.9131E-07
 16  1  5  16  0.8667E-07
 16  1  5  16  0.9032E-07
 16  1  5  16  0.8567E-07
 16  1  5  16  0.8885E-07
 16  1  5  16  0.8901E-07
 16  1  6  16  0.4906E-07
 16  1  6  16  0.4792E-07
 16  1  6  16  0.4798E-07
 16  1  6  16  0.4817E-07
 16  1  6  16  0.7660E-07
 16  1  6  16  0.7600E-07
 16  1  6  16  0.7754E-07
 16  1  6  16  0.7812E-07
 16  1  6  16  0.7793E-07
 16  1  6  16  0.7724E-07
 16  1  7  16  0.5064E-07
 16  1  7  16  0.5035E-07
 16  1  7  16  0.5037E-07
 16  1  7  16  0.5034E-07
 16  1  7  16  0.5055E-07
 16  1  7  16  0.7264E-07
 16  1  7  16  0.7429E-07
 16  1  7  16  0.7391E-07
 16  1  7  16  0.7726E-07
 16  1  7  16  0.7422E-07
 16  1  8  16  0.4584E-07
 16  1  8  16  0.4562E-07
 16  1  8  16  0.4564E-07
 16  1  8  16  0.4566E-07
 16  1  8  16  0.4580E-07
 16  1  8  16  0.4568E-07
 16  1  8  16  0.6616E-07
 16  1  8  16  0.6653E-07
 16  1  8  16  0.6889E-07
 16  1  8  16  0.6852E-07
 16  1  9  16  0.5505E-07
 16  1  9  16  0.5498E-07
 16  1  9  16  0.5494E-07
 16  1  9  16  0.5496E-07
 16  1  9  16  0.5495E-07
 16  1  9  16  0.5494E-07
 16  1  9  16  0.5501E-07
 16  1  9  16  0.5492E-07
 16  1  9  16  0.7173E-07
 16  1  9  16  0.7059E-07
 16  1  10  16  0.6131E-07
 16  1  10  16  0.6118E-07
 16  1  10  16  0.6110E-07
 16  1  10  16  0.6106E-07
 16  1  10  16  0.6110E-07
 16  1  10  16  0.6126E-07
 16  1  10  16  0.6122E-07
 16  1  10  16  0.6132E-07
 16  1  10  16  0.6120E-07
 16  1  10  16  0.6150E-07
 16  1  11  16  0.6110E-07
 16  1  11  16  0.6091E-07
 16  1  11  16  0.6090E-07
 16  1  11  16  0.6101E-07
 16  1  11  16  0.6090E-07
 16  1  11  16  0.6090E-07
 16  1  11  16  0.6092E-07
 16  1  11  16  0.6092E-07
 16  1  11  16  0.6094E-07
 16  1  11  16  0.6093E-07
 16  1  12  16  0.5724E-07
 16  1  12  16  0.5713E-07
 16  1  12  16  0.5742E-07
 16  1  12  16  0.5718E-07
 16  1  12  16  0.5715E-07
 16  1  12  16  0.5715E-07
 16  1  12  16  0.5714E-07
 16  1  12  16  0.5707E-07
 16  1  12  16  0.5740E-07
 16  1  12  16  0.5738E-07
 16  1  13  16  0.6317E-07
 16  1  13  16  0.6309E-07
 16  1  13  16  0.6306E-07
 16  1  13  16  0.6312E-07
 16  1  13  16  0.6311E-07
 16  1  13  16  0.6310E-07
 16  1  13  16  0.6314E-07
 16  1  13  16  0.6317E-07
 16  1  13  16  0.6305E-07
 16  1  13  16  0.6309E-07
 16  1  14  16  0.5678E-07
 16  1  14  16  0.5653E-07
 16  1  14  16  0.5654E-07
 16  1  14  16  0.5654E-07
 16  1  14  16  0.5652E-07
 16  1  14  16  0.5653E-07
 16  1  14  16  0.5653E-07
 16  1  14  16  0.5650E-07
 16  1  14  16  0.5653E-07
 16  1  14  16  0.5656E-07
 16  1  15  16  0.6373E-07
 16  1  15  16  0.6369E-07
 16  1  15  16  0.6350E-07
 16  1  15  16  0.6361E-07
 16  1  15  16  0.6350E-07
 16  1  15  16  0.6372E-07
 16  1  15  16  0.6348E-07
 16  1  15  16  0.6351E-07
 16  1  15  16  0.6408E-07
 16  1  15  16  0.6442E-07
 16  1  16  16  0.5990E-07
 16  1  16  16  0.5964E-07
 16  1  16  16  0.5950E-07
 16  1  16  16  0.5965E-07
 16  1  16  16  0.5984E-07
 16  1  16  16  0.5982E-07
 16  1  16  16  0.5983E-07
 16  1  16  16  0.5964E-07
 16  1  16  16  0.5961E-07
 16  1  16  16  0.5973E-07
 16  1  17  16  0.7546E-07
 16  1  17  16  0.7501E-07
 16  1  17  16  0.7531E-07
 16  1  17  16  0.7534E-07
 16  1  17  16  0.7514E-07
 16  1  17  16  0.7519E-07
 16  1  17  16  0.7528E-07
 16  1  17  16  0.7544E-07
 16  1  17  16  0.7518E-07
 16  1  17  16  0.7524E-07
 16  1  18  16  0.7184E-07
 16  1  18  16  0.7153E-07
 16  1  18  16  0.7151E-07
 16  1  18  16  0.7152E-07
 16  1  18  16  0.7147E-07
 16  1  18  16  0.7144E-07
 16  1  18  16  0.7149E-07
 16  1  18  16  0.7146E-07
 16  1  18  16  0.7148E-07
 16  1  18  16  0.7149E-07
 16  1  19  16  0.8007E-07
 16  1  19  16  0.8001E-07
 16  1  19  16  0.8000E-07
 16  1  19  16  0.8006E-07
 16  1  19  16  0.8012E-07
 16  1  19  16  0.8016E-07
 16  1  19  16  0.8017E-07
 16  1  19  16  0.8023E-07
 16  1  19  16  0.8017E-07
 16  1  19  16  0.8030E-07
 16  1  20  16  0.7666E-07
 16  1  20  16  0.7667E-07
 16  1  20  16  0.7669E-07
 16  1  20  16  0.7666E-07
 16  1  20  16  0.7666E-07
 16  1  20  16  0.7667E-07
 16  1  20  16  0.7666E-07
 16  1  20  16  0.7666E-07
 16  1  20  16  0.7665E-07
 16  1  20  16  0.7667E-07
