 16  2  3  32  0.5484E-07
 16  2  3  32  0.1127E-06
 16  2  3  32  0.9603E-07
 16  2  3  32  0.1026E-06
 16  2  3  32  0.1022E-06
 16  2  3  32  0.8913E-07
 16  2  3  32  0.1153E-06
 16  2  3  32  0.8794E-07
 16  2  3  32  0.9373E-07
 16  2  3  32  0.9879E-07
 16  2  4  32  0.3640E-07
 16  2  4  32  0.3498E-07
 16  2  4  32  0.6624E-07
 16  2  4  32  0.6966E-07
 16  2  4  32  0.6314E-07
 16  2  4  32  0.6771E-07
 16  2  4  32  0.5926E-07
 16  2  4  32  0.5600E-07
 16  2  4  32  0.6267E-07
 16  2  4  32  0.6201E-07
 16  2  5  32  0.3612E-07
 16  2  5  32  0.3383E-07
 16  2  5  32  0.3377E-07
 16  2  5  32  0.3526E-07
 16  2  5  32  0.5716E-07
 16  2  5  32  0.5658E-07
 16  2  5  32  0.5134E-07
 16  2  5  32  0.5356E-07
 16  2  5  32  0.5450E-07
 16  2  5  32  0.5742E-07
 16  2  6  32  0.3261E-07
 16  2  6  32  0.3126E-07
 16  2  6  32  0.3137E-07
 16  2  6  32  0.3109E-07
 16  2  6  32  0.3108E-07
 16  2  6  32  0.4388E-07
 16  2  6  32  0.4442E-07
 16  2  6  32  0.4345E-07
 16  2  6  32  0.4431E-07
 16  2  6  32  0.4354E-07
 16  2  7  32  0.3095E-07
 16  2  7  32  0.3068E-07
 16  2  7  32  0.3064E-07
 16  2  7  32  0.3063E-07
 16  2  7  32  0.3058E-07
 16  2  7  32  0.3057E-07
 16  2  7  32  0.3080E-07
 16  2  7  32  0.4234E-07
 16  2  7  32  0.4300E-07
 16  2  7  32  0.4206E-07
 16  2  8  32  0.2720E-07
 16  2  8  32  0.2702E-07
 16  2  8  32  0.2689E-07
 16  2  8  32  0.2690E-07
 16  2  8  32  0.2691E-07
 16  2  8  32  0.2690E-07
 16  2  8  32  0.2695E-07
 16  2  8  32  0.2692E-07
 16  2  8  32  0.4006E-07
 16  2  8  32  0.4271E-07
 16  2  9  32  0.3055E-07
 16  2  9  32  0.3048E-07
 16  2  9  32  0.3040E-07
 16  2  9  32  0.3040E-07
 16  2  9  32  0.3038E-07
 16  2  9  32  0.3050E-07
 16  2  9  32  0.3054E-07
 16  2  9  32  0.3055E-07
 16  2  9  32  0.3051E-07
 16  2  9  32  0.3052E-07
 16  2  10  32  0.3334E-07
 16  2  10  32  0.3321E-07
 16  2  10  32  0.3326E-07
 16  2  10  32  0.3320E-07
 16  2  10  32  0.3319E-07
 16  2  10  32  0.3334E-07
 16  2  10  32  0.3340E-07
 16  2  10  32  0.3339E-07
 16  2  10  32  0.3338E-07
 16  2  10  32  0.3339E-07
 16  2  11  32  0.3264E-07
 16  2  11  32  0.3249E-07
 16  2  11  32  0.3250E-07
 16  2  11  32  0.3252E-07
 16  2  11  32  0.3247E-07
 16  2  11  32  0.3249E-07
 16  2  11  32  0.3245E-07
 16  2  11  32  0.3256E-07
 16  2  11  32  0.3246E-07
 16  2  11  32  0.3248E-07
 16  2  12  32  0.3058E-07
 16  2  12  32  0.3041E-07
 16  2  12  32  0.3042E-07
 16  2  12  32  0.3049E-07
 16  2  12  32  0.3048E-07
 16  2  12  32  0.3049E-07
 16  2  12  32  0.3052E-07
 16  2  12  32  0.3051E-07
 16  2  12  32  0.3049E-07
 16  2  12  32  0.3046E-07
 16  2  13  32  0.3365E-07
 16  2  13  32  0.3334E-07
 16  2  13  32  0.3333E-07
 16  2  13  32  0.3331E-07
 16  2  13  32  0.3328E-07
 16  2  13  32  0.3332E-07
 16  2  13  32  0.3332E-07
 16  2  13  32  0.3337E-07
 16  2  13  32  0.3328E-07
 16  2  13  32  0.3335E-07
 16  2  14  32  0.2990E-07
 16  2  14  32  0.2979E-07
 16  2  14  32  0.2977E-07
 16  2  14  32  0.2982E-07
 16  2  14  32  0.2983E-07
 16  2  14  32  0.2980E-07
 16  2  14  32  0.2985E-07
 16  2  14  32  0.2987E-07
 16  2  14  32  0.2982E-07
 16  2  14  32  0.2983E-07
 16  2  15  32  0.3325E-07
 16  2  15  32  0.3306E-07
 16  2  15  32  0.3319E-07
 16  2  15  32  0.3320E-07
 16  2  15  32  0.3318E-07
 16  2  15  32  0.3320E-07
 16  2  15  32  0.3320E-07
 16  2  15  32  0.3319E-07
 16  2  15  32  0.3319E-07
 16  2  15  32  0.3319E-07
 16  2  16  32  0.3106E-07
 16  2  16  32  0.3103E-07
 16  2  16  32  0.3106E-07
 16  2  16  32  0.3100E-07
 16  2  16  32  0.3101E-07
 16  2  16  32  0.3102E-07
 16  2  16  32  0.3101E-07
 16  2  16  32  0.3098E-07
 16  2  16  32  0.3105E-07
 16  2  16  32  0.3102E-07
 16  2  17  32  0.3881E-07
 16  2  17  32  0.3881E-07
 16  2  17  32  0.3879E-07
 16  2  17  32  0.3878E-07
 16  2  17  32  0.3878E-07
 16  2  17  32  0.3881E-07
 16  2  17  32  0.3880E-07
 16  2  17  32  0.3879E-07
 16  2  17  32  0.3879E-07
 16  2  17  32  0.3884E-07
 16  2  18  32  0.3709E-07
 16  2  18  32  0.3688E-07
 16  2  18  32  0.3689E-07
 16  2  18  32  0.3690E-07
 16  2  18  32  0.3693E-07
 16  2  18  32  0.3692E-07
 16  2  18  32  0.3694E-07
 16  2  18  32  0.3695E-07
 16  2  18  32  0.3693E-07
 16  2  18  32  0.3693E-07
 16  2  19  32  0.4121E-07
 16  2  19  32  0.4117E-07
 16  2  19  32  0.4120E-07
 16  2  19  32  0.4119E-07
 16  2  19  32  0.4117E-07
 16  2  19  32  0.4114E-07
 16  2  19  32  0.4112E-07
 16  2  19  32  0.4113E-07
 16  2  19  32  0.4115E-07
 16  2  19  32  0.4115E-07
 16  2  20  32  0.3940E-07
 16  2  20  32  0.3937E-07
 16  2  20  32  0.3941E-07
 16  2  20  32  0.3940E-07
 16  2  20  32  0.3937E-07
 16  2  20  32  0.3942E-07
 16  2  20  32  0.3944E-07
 16  2  20  32  0.3940E-07
 16  2  20  32  0.3949E-07
 16  2  20  32  0.3947E-07
