 16  8  3  128  0.2724E-07
 16  8  3  128  0.2687E-07
 16  8  3  128  0.4119E-07
 16  8  3  128  0.3705E-07
 16  8  3  128  0.3376E-07
 16  8  3  128  0.4427E-07
 16  8  3  128  0.4158E-07
 16  8  3  128  0.4197E-07
 16  8  3  128  0.3994E-07
 16  8  3  128  0.4107E-07
 16  8  4  128  0.1578E-07
 16  8  4  128  0.1536E-07
 16  8  4  128  0.1527E-07
 16  8  4  128  0.1536E-07
 16  8  4  128  0.2001E-07
 16  8  4  128  0.2103E-07
 16  8  4  128  0.2205E-07
 16  8  4  128  0.1909E-07
 16  8  4  128  0.2070E-07
 16  8  4  128  0.1920E-07
 16  8  5  128  0.1254E-07
 16  8  5  128  0.1195E-07
 16  8  5  128  0.1195E-07
 16  8  5  128  0.1192E-07
 16  8  5  128  0.1195E-07
 16  8  5  128  0.1202E-07
 16  8  5  128  0.1569E-07
 16  8  5  128  0.1610E-07
 16  8  5  128  0.1588E-07
 16  8  5  128  0.1577E-07
 16  8  6  128  0.9513E-08
 16  8  6  128  0.9223E-08
 16  8  6  128  0.9239E-08
 16  8  6  128  0.9237E-08
 16  8  6  128  0.9151E-08
 16  8  6  128  0.9189E-08
 16  8  6  128  0.9314E-08
 16  8  6  128  0.9127E-08
 16  8  6  128  0.9149E-08
 16  8  6  128  0.9143E-08
 16  8  7  128  0.9533E-08
 16  8  7  128  0.9492E-08
 16  8  7  128  0.9419E-08
 16  8  7  128  0.9426E-08
 16  8  7  128  0.9401E-08
 16  8  7  128  0.9378E-08
 16  8  7  128  0.9381E-08
 16  8  7  128  0.9390E-08
 16  8  7  128  0.9633E-08
 16  8  7  128  0.9576E-08
 16  8  8  128  0.7695E-08
 16  8  8  128  0.7612E-08
 16  8  8  128  0.7605E-08
 16  8  8  128  0.7605E-08
 16  8  8  128  0.7609E-08
 16  8  8  128  0.7657E-08
 16  8  8  128  0.7761E-08
 16  8  8  128  0.7752E-08
 16  8  8  128  0.7771E-08
 16  8  8  128  0.7755E-08
 16  8  9  128  0.8492E-08
 16  8  9  128  0.8433E-08
 16  8  9  128  0.8471E-08
 16  8  9  128  0.8441E-08
 16  8  9  128  0.8494E-08
 16  8  9  128  0.8512E-08
 16  8  9  128  0.8485E-08
 16  8  9  128  0.8490E-08
 16  8  9  128  0.8481E-08
 16  8  9  128  0.8487E-08
 16  8  10  128  0.8933E-08
 16  8  10  128  0.8965E-08
 16  8  10  128  0.8933E-08
 16  8  10  128  0.8905E-08
 16  8  10  128  0.8905E-08
 16  8  10  128  0.8910E-08
 16  8  10  128  0.8905E-08
 16  8  10  128  0.8900E-08
 16  8  10  128  0.8907E-08
 16  8  10  128  0.8907E-08
 16  8  11  128  0.8851E-08
 16  8  11  128  0.8742E-08
 16  8  11  128  0.8741E-08
 16  8  11  128  0.8750E-08
 16  8  11  128  0.8745E-08
 16  8  11  128  0.8764E-08
 16  8  11  128  0.8757E-08
 16  8  11  128  0.8764E-08
 16  8  11  128  0.8753E-08
 16  8  11  128  0.8750E-08
 16  8  12  128  0.8149E-08
 16  8  12  128  0.8096E-08
 16  8  12  128  0.8119E-08
 16  8  12  128  0.8109E-08
 16  8  12  128  0.8121E-08
 16  8  12  128  0.8118E-08
 16  8  12  128  0.8108E-08
 16  8  12  128  0.8112E-08
 16  8  12  128  0.8114E-08
 16  8  12  128  0.8107E-08
 16  8  13  128  0.8839E-08
 16  8  13  128  0.8806E-08
 16  8  13  128  0.8828E-08
 16  8  13  128  0.8783E-08
 16  8  13  128  0.8769E-08
 16  8  13  128  0.8794E-08
 16  8  13  128  0.8791E-08
 16  8  13  128  0.8798E-08
 16  8  13  128  0.8782E-08
 16  8  13  128  0.8776E-08
 16  8  14  128  0.8005E-08
 16  8  14  128  0.7945E-08
 16  8  14  128  0.7941E-08
 16  8  14  128  0.7939E-08
 16  8  14  128  0.7948E-08
 16  8  14  128  0.7942E-08
 16  8  14  128  0.7941E-08
 16  8  14  128  0.7937E-08
 16  8  14  128  0.7945E-08
 16  8  14  128  0.7947E-08
 16  8  15  128  0.8779E-08
 16  8  15  128  0.8739E-08
 16  8  15  128  0.8757E-08
 16  8  15  128  0.8752E-08
 16  8  15  128  0.8754E-08
 16  8  15  128  0.8745E-08
 16  8  15  128  0.8745E-08
 16  8  15  128  0.8746E-08
 16  8  15  128  0.8744E-08
 16  8  15  128  0.8754E-08
 16  8  16  128  0.8295E-08
 16  8  16  128  0.8244E-08
 16  8  16  128  0.8230E-08
 16  8  16  128  0.8270E-08
 16  8  16  128  0.8231E-08
 16  8  16  128  0.8256E-08
 16  8  16  128  0.8249E-08
 16  8  16  128  0.8236E-08
 16  8  16  128  0.8238E-08
 16  8  16  128  0.8243E-08
 16  8  17  128  0.1014E-07
 16  8  17  128  0.1012E-07
 16  8  17  128  0.1011E-07
 16  8  17  128  0.1011E-07
 16  8  17  128  0.1012E-07
 16  8  17  128  0.1011E-07
 16  8  17  128  0.1011E-07
 16  8  17  128  0.1011E-07
 16  8  17  128  0.1012E-07
 16  8  17  128  0.1011E-07
 16  8  18  128  0.9584E-08
 16  8  18  128  0.9541E-08
 16  8  18  128  0.9538E-08
 16  8  18  128  0.9540E-08
 16  8  18  128  0.9540E-08
 16  8  18  128  0.9536E-08
 16  8  18  128  0.9539E-08
 16  8  18  128  0.9531E-08
 16  8  18  128  0.9539E-08
 16  8  18  128  0.9535E-08
 16  8  19  128  0.1075E-07
 16  8  19  128  0.1068E-07
 16  8  19  128  0.1068E-07
 16  8  19  128  0.1069E-07
 16  8  19  128  0.1068E-07
 16  8  19  128  0.1068E-07
 16  8  19  128  0.1069E-07
 16  8  19  128  0.1069E-07
 16  8  19  128  0.1070E-07
 16  8  19  128  0.1071E-07
 16  8  20  128  0.1027E-07
 16  8  20  128  0.1022E-07
 16  8  20  128  0.1023E-07
 16  8  20  128  0.1023E-07
 16  8  20  128  0.1022E-07
 16  8  20  128  0.1022E-07
 16  8  20  128  0.1022E-07
 16  8  20  128  0.1022E-07
 16  8  20  128  0.1022E-07
 16  8  20  128  0.1023E-07
