 16  16  3  256  0.1881E-07
 16  16  3  256  0.9072E-08
 16  16  3  256  0.9118E-08
 16  16  3  256  0.1004E-07
 16  16  3  256  0.9210E-08
 16  16  3  256  0.8968E-08
 16  16  3  256  0.9210E-08
 16  16  3  256  0.9842E-08
 16  16  3  256  0.8968E-08
 16  16  3  256  0.9302E-08
 16  16  4  256  0.1280E-07
 16  16  4  256  0.6776E-08
 16  16  4  256  0.5923E-08
 16  16  4  256  0.5903E-08
 16  16  4  256  0.6388E-08
 16  16  4  256  0.5758E-08
 16  16  4  256  0.5860E-08
 16  16  4  256  0.8018E-08
 16  16  4  256  0.8057E-08
 16  16  4  256  0.8586E-08
 16  16  5  256  0.1041E-07
 16  16  5  256  0.6626E-08
 16  16  5  256  0.6405E-08
 16  16  5  256  0.6114E-08
 16  16  5  256  0.6134E-08
 16  16  5  256  0.6261E-08
 16  16  5  256  0.6417E-08
 16  16  5  256  0.5978E-08
 16  16  5  256  0.6209E-08
 16  16  5  256  0.6311E-08
 16  16  6  256  0.2939E-08
 16  16  6  256  0.2886E-08
 16  16  6  256  0.2896E-08
 16  16  6  256  0.2935E-08
 16  16  6  256  0.2998E-08
 16  16  6  256  0.2958E-08
 16  16  6  256  0.2975E-08
 16  16  6  256  0.2899E-08
 16  16  6  256  0.2914E-08
 16  16  6  256  0.2886E-08
 16  16  7  256  0.3322E-08
 16  16  7  256  0.3303E-08
 16  16  7  256  0.3294E-08
 16  16  7  256  0.3304E-08
 16  16  7  256  0.3298E-08
 16  16  7  256  0.3295E-08
 16  16  7  256  0.3289E-08
 16  16  7  256  0.3296E-08
 16  16  7  256  0.3303E-08
 16  16  7  256  0.3298E-08
 16  16  8  256  0.3022E-08
 16  16  8  256  0.3002E-08
 16  16  8  256  0.3000E-08
 16  16  8  256  0.3009E-08
 16  16  8  256  0.3025E-08
 16  16  8  256  0.2996E-08
 16  16  8  256  0.2993E-08
 16  16  8  256  0.2995E-08
 16  16  8  256  0.3001E-08
 16  16  8  256  0.3000E-08
 16  16  9  256  0.3603E-08
 16  16  9  256  0.3588E-08
 16  16  9  256  0.3587E-08
 16  16  9  256  0.3587E-08
 16  16  9  256  0.3588E-08
 16  16  9  256  0.3586E-08
 16  16  9  256  0.3587E-08
 16  16  9  256  0.3593E-08
 16  16  9  256  0.3605E-08
 16  16  9  256  0.3586E-08
 16  16  10  256  0.3906E-08
 16  16  10  256  0.3898E-08
 16  16  10  256  0.3903E-08
 16  16  10  256  0.3903E-08
 16  16  10  256  0.3905E-08
 16  16  10  256  0.3897E-08
 16  16  10  256  0.3903E-08
 16  16  10  256  0.3901E-08
 16  16  10  256  0.3894E-08
 16  16  10  256  0.3900E-08
 16  16  11  256  0.3895E-08
 16  16  11  256  0.3899E-08
 16  16  11  256  0.3901E-08
 16  16  11  256  0.3891E-08
 16  16  11  256  0.3901E-08
 16  16  11  256  0.3899E-08
 16  16  11  256  0.3893E-08
 16  16  11  256  0.3892E-08
 16  16  11  256  0.3900E-08
 16  16  11  256  0.3906E-08
 16  16  12  256  0.3635E-08
 16  16  12  256  0.3627E-08
 16  16  12  256  0.3625E-08
 16  16  12  256  0.3633E-08
 16  16  12  256  0.3634E-08
 16  16  12  256  0.3625E-08
 16  16  12  256  0.3629E-08
 16  16  12  256  0.3629E-08
 16  16  12  256  0.3634E-08
 16  16  12  256  0.3627E-08
 16  16  13  256  0.4044E-08
 16  16  13  256  0.4039E-08
 16  16  13  256  0.4038E-08
 16  16  13  256  0.4043E-08
 16  16  13  256  0.4047E-08
 16  16  13  256  0.4039E-08
 16  16  13  256  0.4045E-08
 16  16  13  256  0.4043E-08
 16  16  13  256  0.4033E-08
 16  16  13  256  0.4042E-08
 16  16  14  256  0.3631E-08
 16  16  14  256  0.3628E-08
 16  16  14  256  0.3630E-08
 16  16  14  256  0.3629E-08
 16  16  14  256  0.3630E-08
 16  16  14  256  0.3630E-08
 16  16  14  256  0.3635E-08
 16  16  14  256  0.3630E-08
 16  16  14  256  0.3629E-08
 16  16  14  256  0.3630E-08
 16  16  15  256  0.4094E-08
 16  16  15  256  0.4091E-08
 16  16  15  256  0.4087E-08
 16  16  15  256  0.4087E-08
 16  16  15  256  0.4093E-08
 16  16  15  256  0.4093E-08
 16  16  15  256  0.4097E-08
 16  16  15  256  0.4100E-08
 16  16  15  256  0.4087E-08
 16  16  15  256  0.4088E-08
 16  16  16  256  0.3849E-08
 16  16  16  256  0.3841E-08
 16  16  16  256  0.3839E-08
 16  16  16  256  0.3847E-08
 16  16  16  256  0.3844E-08
 16  16  16  256  0.3838E-08
 16  16  16  256  0.3844E-08
 16  16  16  256  0.3846E-08
 16  16  16  256  0.3842E-08
 16  16  16  256  0.3846E-08
 16  16  17  256  0.4784E-08
 16  16  17  256  0.4781E-08
 16  16  17  256  0.4782E-08
 16  16  17  256  0.4787E-08
 16  16  17  256  0.4783E-08
 16  16  17  256  0.4792E-08
 16  16  17  256  0.4786E-08
 16  16  17  256  0.4787E-08
 16  16  17  256  0.4784E-08
 16  16  17  256  0.4785E-08
 16  16  18  256  0.4460E-08
 16  16  18  256  0.4460E-08
 16  16  18  256  0.4462E-08
 16  16  18  256  0.4465E-08
 16  16  18  256  0.4466E-08
 16  16  18  256  0.4464E-08
 16  16  18  256  0.4460E-08
 16  16  18  256  0.4461E-08
 16  16  18  256  0.4462E-08
 16  16  18  256  0.4462E-08
 16  16  19  256  0.5099E-08
 16  16  19  256  0.5096E-08
 16  16  19  256  0.5096E-08
 16  16  19  256  0.5096E-08
 16  16  19  256  0.5096E-08
 16  16  19  256  0.5097E-08
 16  16  19  256  0.5097E-08
 16  16  19  256  0.5097E-08
 16  16  19  256  0.5096E-08
 16  16  19  256  0.5095E-08
 16  16  20  256  0.4882E-08
 16  16  20  256  0.4888E-08
 16  16  20  256  0.4882E-08
 16  16  20  256  0.4883E-08
 16  16  20  256  0.4882E-08
 16  16  20  256  0.4886E-08
 16  16  20  256  0.4880E-08
 16  16  20  256  0.4879E-08
 16  16  20  256  0.4882E-08
 16  16  20  256  0.4880E-08
