 16  32  3  512  0.1734E-07
 16  32  3  512  0.4967E-08
 16  32  3  512  0.5134E-08
 16  32  3  512  0.5645E-08
 16  32  3  512  0.4944E-08
 16  32  3  512  0.5065E-08
 16  32  3  512  0.4800E-08
 16  32  3  512  0.6554E-08
 16  32  3  512  0.6560E-08
 16  32  3  512  0.6318E-08
 16  32  4  512  0.1239E-07
 16  32  4  512  0.3315E-08
 16  32  4  512  0.3429E-08
 16  32  4  512  0.3522E-08
 16  32  4  512  0.4079E-08
 16  32  4  512  0.4526E-08
 16  32  4  512  0.5037E-08
 16  32  4  512  0.4659E-08
 16  32  4  512  0.4729E-08
 16  32  4  512  0.4872E-08
 16  32  5  512  0.9250E-08
 16  32  5  512  0.3255E-08
 16  32  5  512  0.3265E-08
 16  32  5  512  0.3173E-08
 16  32  5  512  0.2954E-08
 16  32  5  512  0.3166E-08
 16  32  5  512  0.3114E-08
 16  32  5  512  0.2922E-08
 16  32  5  512  0.4329E-08
 16  32  5  512  0.4328E-08
 16  32  6  512  0.1543E-08
 16  32  6  512  0.1505E-08
 16  32  6  512  0.1491E-08
 16  32  6  512  0.1512E-08
 16  32  6  512  0.1495E-08
 16  32  6  512  0.1499E-08
 16  32  6  512  0.1483E-08
 16  32  6  512  0.1483E-08
 16  32  6  512  0.1476E-08
 16  32  6  512  0.1484E-08
 16  32  7  512  0.1778E-08
 16  32  7  512  0.1751E-08
 16  32  7  512  0.1758E-08
 16  32  7  512  0.1753E-08
 16  32  7  512  0.1761E-08
 16  32  7  512  0.1757E-08
 16  32  7  512  0.1751E-08
 16  32  7  512  0.1768E-08
 16  32  7  512  0.1751E-08
 16  32  7  512  0.1753E-08
 16  32  8  512  0.1623E-08
 16  32  8  512  0.1602E-08
 16  32  8  512  0.1604E-08
 16  32  8  512  0.1604E-08
 16  32  8  512  0.1604E-08
 16  32  8  512  0.1604E-08
 16  32  8  512  0.1606E-08
 16  32  8  512  0.1609E-08
 16  32  8  512  0.1601E-08
 16  32  8  512  0.1603E-08
 16  32  9  512  0.2170E-08
 16  32  9  512  0.2161E-08
 16  32  9  512  0.2162E-08
 16  32  9  512  0.2153E-08
 16  32  9  512  0.2162E-08
 16  32  9  512  0.2154E-08
 16  32  9  512  0.2159E-08
 16  32  9  512  0.2162E-08
 16  32  9  512  0.2160E-08
 16  32  9  512  0.2158E-08
 16  32  10  512  0.2065E-08
 16  32  10  512  0.2062E-08
 16  32  10  512  0.2061E-08
 16  32  10  512  0.2059E-08
 16  32  10  512  0.2066E-08
 16  32  10  512  0.2062E-08
 16  32  10  512  0.2059E-08
 16  32  10  512  0.2058E-08
 16  32  10  512  0.2059E-08
 16  32  10  512  0.2058E-08
 16  32  11  512  0.2142E-08
 16  32  11  512  0.2117E-08
 16  32  11  512  0.2120E-08
 16  32  11  512  0.2137E-08
 16  32  11  512  0.2117E-08
 16  32  11  512  0.2125E-08
 16  32  11  512  0.2127E-08
 16  32  11  512  0.2132E-08
 16  32  11  512  0.2124E-08
 16  32  11  512  0.2131E-08
 16  32  12  512  0.2014E-08
 16  32  12  512  0.2012E-08
 16  32  12  512  0.2010E-08
 16  32  12  512  0.2003E-08
 16  32  12  512  0.2010E-08
 16  32  12  512  0.2015E-08
 16  32  12  512  0.2014E-08
 16  32  12  512  0.2010E-08
 16  32  12  512  0.2008E-08
 16  32  12  512  0.2006E-08
 16  32  13  512  0.2176E-08
 16  32  13  512  0.2161E-08
 16  32  13  512  0.2168E-08
 16  32  13  512  0.2173E-08
 16  32  13  512  0.2169E-08
 16  32  13  512  0.2165E-08
 16  32  13  512  0.2171E-08
 16  32  13  512  0.2166E-08
 16  32  13  512  0.2168E-08
 16  32  13  512  0.2169E-08
 16  32  14  512  0.2025E-08
 16  32  14  512  0.2026E-08
 16  32  14  512  0.2027E-08
 16  32  14  512  0.2025E-08
 16  32  14  512  0.2022E-08
 16  32  14  512  0.2022E-08
 16  32  14  512  0.2025E-08
 16  32  14  512  0.2021E-08
 16  32  14  512  0.2021E-08
 16  32  14  512  0.2031E-08
 16  32  15  512  0.2194E-08
 16  32  15  512  0.2195E-08
 16  32  15  512  0.2196E-08
 16  32  15  512  0.2197E-08
 16  32  15  512  0.2195E-08
 16  32  15  512  0.2195E-08
 16  32  15  512  0.2195E-08
 16  32  15  512  0.2194E-08
 16  32  15  512  0.2195E-08
 16  32  15  512  0.2192E-08
 16  32  16  512  0.2252E-08
 16  32  16  512  0.2244E-08
 16  32  16  512  0.2252E-08
 16  32  16  512  0.2253E-08
 16  32  16  512  0.2252E-08
 16  32  16  512  0.2246E-08
 16  32  16  512  0.2254E-08
 16  32  16  512  0.2251E-08
 16  32  16  512  0.2256E-08
 16  32  16  512  0.2256E-08
 16  32  17  512  0.2568E-08
 16  32  17  512  0.2568E-08
 16  32  17  512  0.2567E-08
 16  32  17  512  0.2568E-08
 16  32  17  512  0.2568E-08
 16  32  17  512  0.2570E-08
 16  32  17  512  0.2568E-08
 16  32  17  512  0.2567E-08
 16  32  17  512  0.2567E-08
 16  32  17  512  0.2566E-08
 16  32  18  512  0.2363E-08
 16  32  18  512  0.2363E-08
 16  32  18  512  0.2363E-08
 16  32  18  512  0.2362E-08
 16  32  18  512  0.2362E-08
 16  32  18  512  0.2363E-08
 16  32  18  512  0.2363E-08
 16  32  18  512  0.2363E-08
 16  32  18  512  0.2368E-08
 16  32  18  512  0.2364E-08
 16  32  19  512  0.2642E-08
 16  32  19  512  0.2641E-08
 16  32  19  512  0.2641E-08
 16  32  19  512  0.2641E-08
 16  32  19  512  0.2642E-08
 16  32  19  512  0.2641E-08
 16  32  19  512  0.2642E-08
 16  32  19  512  0.2642E-08
 16  32  19  512  0.2640E-08
 16  32  19  512  0.2640E-08
 16  32  20  512  0.2589E-08
 16  32  20  512  0.2587E-08
 16  32  20  512  0.2587E-08
 16  32  20  512  0.2588E-08
 16  32  20  512  0.2587E-08
 16  32  20  512  0.2587E-08
 16  32  20  512  0.2587E-08
 16  32  20  512  0.2591E-08
 16  32  20  512  0.2588E-08
 16  32  20  512  0.2588E-08
