 16  16  3  256  0.2174E-07
 16  16  3  256  0.1250E-07
 16  16  3  256  0.1181E-07
 16  16  3  256  0.1359E-07
 16  16  3  256  0.1181E-07
 16  16  3  256  0.1206E-07
 16  16  3  256  0.1191E-07
 16  16  3  256  0.1215E-07
 16  16  3  256  0.1205E-07
 16  16  3  256  0.1191E-07
 16  16  4  256  0.1023E-07
 16  16  4  256  0.7305E-08
 16  16  4  256  0.7247E-08
 16  16  4  256  0.7324E-08
 16  16  4  256  0.7649E-08
 16  16  4  256  0.7223E-08
 16  16  4  256  0.7814E-08
 16  16  4  256  0.7281E-08
 16  16  4  256  0.7121E-08
 16  16  4  256  0.7266E-08
 16  16  5  256  0.1058E-07
 16  16  5  256  0.7582E-08
 16  16  5  256  0.8012E-08
 16  16  5  256  0.7207E-08
 16  16  5  256  0.7302E-08
 16  16  5  256  0.7470E-08
 16  16  5  256  0.7585E-08
 16  16  5  256  0.7781E-08
 16  16  5  256  0.7709E-08
 16  16  5  256  0.7458E-08
 16  16  6  256  0.4069E-08
 16  16  6  256  0.4039E-08
 16  16  6  256  0.4031E-08
 16  16  6  256  0.4036E-08
 16  16  6  256  0.4043E-08
 16  16  6  256  0.4045E-08
 16  16  6  256  0.4059E-08
 16  16  6  256  0.4034E-08
 16  16  6  256  0.4028E-08
 16  16  6  256  0.4047E-08
 16  16  7  256  0.4579E-08
 16  16  7  256  0.4560E-08
 16  16  7  256  0.4568E-08
 16  16  7  256  0.4568E-08
 16  16  7  256  0.4566E-08
 16  16  7  256  0.4556E-08
 16  16  7  256  0.4565E-08
 16  16  7  256  0.4595E-08
 16  16  7  256  0.4558E-08
 16  16  7  256  0.4551E-08
 16  16  8  256  0.3646E-08
 16  16  8  256  0.3636E-08
 16  16  8  256  0.3636E-08
 16  16  8  256  0.3644E-08
 16  16  8  256  0.3652E-08
 16  16  8  256  0.3642E-08
 16  16  8  256  0.3648E-08
 16  16  8  256  0.3658E-08
 16  16  8  256  0.3641E-08
 16  16  8  256  0.3636E-08
 16  16  9  256  0.4114E-08
 16  16  9  256  0.4107E-08
 16  16  9  256  0.4101E-08
 16  16  9  256  0.4107E-08
 16  16  9  256  0.4111E-08
 16  16  9  256  0.4110E-08
 16  16  9  256  0.4124E-08
 16  16  9  256  0.4111E-08
 16  16  9  256  0.4117E-08
 16  16  9  256  0.4117E-08
 16  16  10  256  0.4334E-08
 16  16  10  256  0.4322E-08
 16  16  10  256  0.4336E-08
 16  16  10  256  0.4326E-08
 16  16  10  256  0.4325E-08
 16  16  10  256  0.4328E-08
 16  16  10  256  0.4320E-08
 16  16  10  256  0.4332E-08
 16  16  10  256  0.4327E-08
 16  16  10  256  0.4330E-08
 16  16  11  256  0.4289E-08
 16  16  11  256  0.4295E-08
 16  16  11  256  0.4279E-08
 16  16  11  256  0.4296E-08
 16  16  11  256  0.4298E-08
 16  16  11  256  0.4293E-08
 16  16  11  256  0.4287E-08
 16  16  11  256  0.4288E-08
 16  16  11  256  0.4289E-08
 16  16  11  256  0.4281E-08
 16  16  12  256  0.3991E-08
 16  16  12  256  0.4005E-08
 16  16  12  256  0.3992E-08
 16  16  12  256  0.4000E-08
 16  16  12  256  0.4004E-08
 16  16  12  256  0.4001E-08
 16  16  12  256  0.4006E-08
 16  16  12  256  0.3994E-08
 16  16  12  256  0.3990E-08
 16  16  12  256  0.3992E-08
 16  16  13  256  0.4374E-08
 16  16  13  256  0.4370E-08
 16  16  13  256  0.4363E-08
 16  16  13  256  0.4366E-08
 16  16  13  256  0.4367E-08
 16  16  13  256  0.4362E-08
 16  16  13  256  0.4367E-08
 16  16  13  256  0.4373E-08
 16  16  13  256  0.4369E-08
 16  16  13  256  0.4361E-08
 16  16  14  256  0.3960E-08
 16  16  14  256  0.3959E-08
 16  16  14  256  0.3957E-08
 16  16  14  256  0.3955E-08
 16  16  14  256  0.3957E-08
 16  16  14  256  0.3959E-08
 16  16  14  256  0.3956E-08
 16  16  14  256  0.3957E-08
 16  16  14  256  0.3955E-08
 16  16  14  256  0.3956E-08
 16  16  15  256  0.4415E-08
 16  16  15  256  0.4419E-08
 16  16  15  256  0.4423E-08
 16  16  15  256  0.4416E-08
 16  16  15  256  0.4418E-08
 16  16  15  256  0.4416E-08
 16  16  15  256  0.4418E-08
 16  16  15  256  0.4413E-08
 16  16  15  256  0.4417E-08
 16  16  15  256  0.4418E-08
 16  16  16  256  0.4184E-08
 16  16  16  256  0.4153E-08
 16  16  16  256  0.4164E-08
 16  16  16  256  0.4157E-08
 16  16  16  256  0.4157E-08
 16  16  16  256  0.4158E-08
 16  16  16  256  0.4162E-08
 16  16  16  256  0.4164E-08
 16  16  16  256  0.4158E-08
 16  16  16  256  0.4160E-08
 16  16  17  256  0.5075E-08
 16  16  17  256  0.5079E-08
 16  16  17  256  0.5081E-08
 16  16  17  256  0.5072E-08
 16  16  17  256  0.5071E-08
 16  16  17  256  0.5070E-08
 16  16  17  256  0.5069E-08
 16  16  17  256  0.5074E-08
 16  16  17  256  0.5070E-08
 16  16  17  256  0.5077E-08
 16  16  18  256  0.4735E-08
 16  16  18  256  0.4738E-08
 16  16  18  256  0.4745E-08
 16  16  18  256  0.4736E-08
 16  16  18  256  0.4735E-08
 16  16  18  256  0.4739E-08
 16  16  18  256  0.4739E-08
 16  16  18  256  0.4736E-08
 16  16  18  256  0.4739E-08
 16  16  18  256  0.4736E-08
 16  16  19  256  0.5365E-08
 16  16  19  256  0.5364E-08
 16  16  19  256  0.5362E-08
 16  16  19  256  0.5366E-08
 16  16  19  256  0.5367E-08
 16  16  19  256  0.5364E-08
 16  16  19  256  0.5362E-08
 16  16  19  256  0.5363E-08
 16  16  19  256  0.5366E-08
 16  16  19  256  0.5365E-08
 16  16  20  256  0.5152E-08
 16  16  20  256  0.5152E-08
 16  16  20  256  0.5151E-08
 16  16  20  256  0.5153E-08
 16  16  20  256  0.5179E-08
 16  16  20  256  0.5153E-08
 16  16  20  256  0.5152E-08
 16  16  20  256  0.5155E-08
 16  16  20  256  0.5153E-08
 16  16  20  256  0.5149E-08
