 16  64  3  1024  0.4893E-08
 16  64  3  1024  0.4528E-08
 16  64  3  1024  0.4569E-08
 16  64  3  1024  0.4553E-08
 16  64  3  1024  0.4551E-08
 16  64  3  1024  0.4548E-08
 16  64  3  1024  0.4541E-08
 16  64  3  1024  0.4484E-08
 16  64  3  1024  0.4567E-08
 16  64  3  1024  0.4531E-08
 16  64  4  1024  0.2871E-08
 16  64  4  1024  0.2661E-08
 16  64  4  1024  0.2623E-08
 16  64  4  1024  0.2633E-08
 16  64  4  1024  0.2634E-08
 16  64  4  1024  0.2642E-08
 16  64  4  1024  0.2648E-08
 16  64  4  1024  0.2625E-08
 16  64  4  1024  0.2629E-08
 16  64  4  1024  0.2639E-08
 16  64  5  1024  0.2726E-08
 16  64  5  1024  0.2658E-08
 16  64  5  1024  0.2663E-08
 16  64  5  1024  0.2624E-08
 16  64  5  1024  0.2630E-08
 16  64  5  1024  0.2627E-08
 16  64  5  1024  0.2649E-08
 16  64  5  1024  0.2619E-08
 16  64  5  1024  0.2683E-08
 16  64  5  1024  0.2638E-08
 16  64  6  1024  0.2253E-08
 16  64  6  1024  0.2213E-08
 16  64  6  1024  0.2219E-08
 16  64  6  1024  0.2236E-08
 16  64  6  1024  0.2236E-08
 16  64  6  1024  0.2233E-08
 16  64  6  1024  0.2243E-08
 16  64  6  1024  0.2237E-08
 16  64  6  1024  0.2230E-08
 16  64  6  1024  0.2221E-08
 16  64  7  1024  0.2357E-08
 16  64  7  1024  0.2328E-08
 16  64  7  1024  0.2333E-08
 16  64  7  1024  0.2342E-08
 16  64  7  1024  0.2344E-08
 16  64  7  1024  0.2348E-08
 16  64  7  1024  0.2348E-08
 16  64  7  1024  0.2335E-08
 16  64  7  1024  0.2333E-08
 16  64  7  1024  0.2324E-08
 16  64  8  1024  0.1767E-08
 16  64  8  1024  0.1734E-08
 16  64  8  1024  0.1732E-08
 16  64  8  1024  0.1747E-08
 16  64  8  1024  0.1746E-08
 16  64  8  1024  0.1748E-08
 16  64  8  1024  0.1744E-08
 16  64  8  1024  0.1734E-08
 16  64  8  1024  0.1748E-08
 16  64  8  1024  0.1765E-08
 16  64  9  1024  0.1785E-08
 16  64  9  1024  0.1782E-08
 16  64  9  1024  0.1765E-08
 16  64  9  1024  0.1758E-08
 16  64  9  1024  0.1770E-08
 16  64  9  1024  0.1768E-08
 16  64  9  1024  0.1763E-08
 16  64  9  1024  0.1759E-08
 16  64  9  1024  0.1766E-08
 16  64  9  1024  0.1758E-08
 16  64  10  1024  0.1842E-08
 16  64  10  1024  0.1781E-08
 16  64  10  1024  0.1769E-08
 16  64  10  1024  0.1765E-08
 16  64  10  1024  0.1762E-08
 16  64  10  1024  0.1763E-08
 16  64  10  1024  0.1762E-08
 16  64  10  1024  0.1773E-08
 16  64  10  1024  0.1780E-08
 16  64  10  1024  0.1771E-08
 16  64  11  1024  0.1853E-08
 16  64  11  1024  0.1851E-08
 16  64  11  1024  0.1846E-08
 16  64  11  1024  0.1852E-08
 16  64  11  1024  0.1852E-08
 16  64  11  1024  0.1855E-08
 16  64  11  1024  0.1844E-08
 16  64  11  1024  0.1849E-08
 16  64  11  1024  0.1849E-08
 16  64  11  1024  0.1848E-08
 16  64  12  1024  0.1592E-08
 16  64  12  1024  0.1583E-08
 16  64  12  1024  0.1583E-08
 16  64  12  1024  0.1590E-08
 16  64  12  1024  0.1647E-08
 16  64  12  1024  0.1583E-08
 16  64  12  1024  0.1581E-08
 16  64  12  1024  0.1587E-08
 16  64  12  1024  0.1589E-08
 16  64  12  1024  0.1598E-08
 16  64  13  1024  0.1757E-08
 16  64  13  1024  0.1754E-08
 16  64  13  1024  0.1757E-08
 16  64  13  1024  0.1753E-08
 16  64  13  1024  0.1754E-08
 16  64  13  1024  0.1759E-08
 16  64  13  1024  0.1750E-08
 16  64  13  1024  0.1750E-08
 16  64  13  1024  0.1756E-08
 16  64  13  1024  0.1753E-08
 16  64  14  1024  0.1576E-08
 16  64  14  1024  0.1564E-08
 16  64  14  1024  0.1580E-08
 16  64  14  1024  0.1577E-08
 16  64  14  1024  0.1563E-08
 16  64  14  1024  0.1564E-08
 16  64  14  1024  0.1573E-08
 16  64  14  1024  0.1560E-08
 16  64  14  1024  0.1563E-08
 16  64  14  1024  0.1572E-08
 16  64  15  1024  0.1657E-08
 16  64  15  1024  0.1640E-08
 16  64  15  1024  0.1646E-08
 16  64  15  1024  0.1642E-08
 16  64  15  1024  0.1642E-08
 16  64  15  1024  0.1645E-08
 16  64  15  1024  0.1638E-08
 16  64  15  1024  0.1649E-08
 16  64  15  1024  0.1658E-08
 16  64  15  1024  0.1730E-08
 16  64  16  1024  0.1572E-08
 16  64  16  1024  0.1560E-08
 16  64  16  1024  0.1571E-08
 16  64  16  1024  0.1562E-08
 16  64  16  1024  0.1566E-08
 16  64  16  1024  0.1558E-08
 16  64  16  1024  0.1566E-08
 16  64  16  1024  0.1564E-08
 16  64  16  1024  0.1578E-08
 16  64  16  1024  0.1583E-08
 16  64  17  1024  0.1920E-08
 16  64  17  1024  0.1916E-08
 16  64  17  1024  0.1918E-08
 16  64  17  1024  0.1919E-08
 16  64  17  1024  0.1915E-08
 16  64  17  1024  0.1914E-08
 16  64  17  1024  0.1919E-08
 16  64  17  1024  0.1917E-08
 16  64  17  1024  0.1916E-08
 16  64  17  1024  0.1917E-08
 16  64  18  1024  0.1892E-08
 16  64  18  1024  0.1852E-08
 16  64  18  1024  0.1832E-08
 16  64  18  1024  0.1832E-08
 16  64  18  1024  0.1830E-08
 16  64  18  1024  0.1828E-08
 16  64  18  1024  0.1830E-08
 16  64  18  1024  0.1833E-08
 16  64  18  1024  0.1830E-08
 16  64  18  1024  0.1873E-08
 16  64  19  1024  0.2041E-08
 16  64  19  1024  0.2040E-08
 16  64  19  1024  0.2039E-08
 16  64  19  1024  0.2038E-08
 16  64  19  1024  0.2039E-08
 16  64  19  1024  0.2038E-08
 16  64  19  1024  0.2040E-08
 16  64  19  1024  0.2050E-08
 16  64  19  1024  0.2044E-08
 16  64  19  1024  0.2041E-08
 16  64  20  1024  0.1918E-08
 16  64  20  1024  0.1899E-08
 16  64  20  1024  0.1898E-08
 16  64  20  1024  0.1900E-08
 16  64  20  1024  0.1899E-08
 16  64  20  1024  0.1900E-08
 16  64  20  1024  0.1899E-08
 16  64  20  1024  0.1901E-08
 16  64  20  1024  0.1897E-08
 16  64  20  1024  0.1898E-08
