 16  16  3  256  0.1376E-07
 16  16  3  256  0.1273E-07
 16  16  3  256  0.1264E-07
 16  16  3  256  0.1261E-07
 16  16  3  256  0.1268E-07
 16  16  3  256  0.1273E-07
 16  16  3  256  0.1269E-07
 16  16  3  256  0.1280E-07
 16  16  3  256  0.1270E-07
 16  16  3  256  0.1278E-07
 16  16  4  256  0.8009E-08
 16  16  4  256  0.7474E-08
 16  16  4  256  0.7479E-08
 16  16  4  256  0.7444E-08
 16  16  4  256  0.7447E-08
 16  16  4  256  0.7424E-08
 16  16  4  256  0.7442E-08
 16  16  4  256  0.7415E-08
 16  16  4  256  0.7444E-08
 16  16  4  256  0.7405E-08
 16  16  5  256  0.6302E-08
 16  16  5  256  0.5899E-08
 16  16  5  256  0.5899E-08
 16  16  5  256  0.5896E-08
 16  16  5  256  0.5915E-08
 16  16  5  256  0.5969E-08
 16  16  5  256  0.5902E-08
 16  16  5  256  0.5949E-08
 16  16  5  256  0.5875E-08
 16  16  5  256  0.5921E-08
 16  16  6  256  0.4541E-08
 16  16  6  256  0.4241E-08
 16  16  6  256  0.4244E-08
 16  16  6  256  0.4256E-08
 16  16  6  256  0.4219E-08
 16  16  6  256  0.4265E-08
 16  16  6  256  0.4231E-08
 16  16  6  256  0.4218E-08
 16  16  6  256  0.4243E-08
 16  16  6  256  0.4229E-08
 16  16  7  256  0.5680E-08
 16  16  7  256  0.5475E-08
 16  16  7  256  0.5481E-08
 16  16  7  256  0.5486E-08
 16  16  7  256  0.5503E-08
 16  16  7  256  0.5473E-08
 16  16  7  256  0.5471E-08
 16  16  7  256  0.5481E-08
 16  16  7  256  0.5458E-08
 16  16  7  256  0.5455E-08
 16  16  8  256  0.4824E-08
 16  16  8  256  0.4729E-08
 16  16  8  256  0.4720E-08
 16  16  8  256  0.4721E-08
 16  16  8  256  0.4725E-08
 16  16  8  256  0.4727E-08
 16  16  8  256  0.4719E-08
 16  16  8  256  0.4726E-08
 16  16  8  256  0.4718E-08
 16  16  8  256  0.4718E-08
 16  16  9  256  0.5263E-08
 16  16  9  256  0.5257E-08
 16  16  9  256  0.5247E-08
 16  16  9  256  0.5242E-08
 16  16  9  256  0.5251E-08
 16  16  9  256  0.5242E-08
 16  16  9  256  0.5264E-08
 16  16  9  256  0.5289E-08
 16  16  9  256  0.5257E-08
 16  16  9  256  0.5255E-08
 16  16  10  256  0.5450E-08
 16  16  10  256  0.5424E-08
 16  16  10  256  0.5441E-08
 16  16  10  256  0.5425E-08
 16  16  10  256  0.5422E-08
 16  16  10  256  0.5422E-08
 16  16  10  256  0.5422E-08
 16  16  10  256  0.5451E-08
 16  16  10  256  0.5425E-08
 16  16  10  256  0.5428E-08
 16  16  11  256  0.5231E-08
 16  16  11  256  0.5222E-08
 16  16  11  256  0.5214E-08
 16  16  11  256  0.5215E-08
 16  16  11  256  0.5279E-08
 16  16  11  256  0.5209E-08
 16  16  11  256  0.5225E-08
 16  16  11  256  0.5217E-08
 16  16  11  256  0.5223E-08
 16  16  11  256  0.5235E-08
 16  16  12  256  0.4829E-08
 16  16  12  256  0.4796E-08
 16  16  12  256  0.4786E-08
 16  16  12  256  0.4790E-08
 16  16  12  256  0.4789E-08
 16  16  12  256  0.4789E-08
 16  16  12  256  0.4792E-08
 16  16  12  256  0.4801E-08
 16  16  12  256  0.4790E-08
 16  16  12  256  0.4789E-08
 16  16  13  256  0.5241E-08
 16  16  13  256  0.5121E-08
 16  16  13  256  0.5123E-08
 16  16  13  256  0.5137E-08
 16  16  13  256  0.5127E-08
 16  16  13  256  0.5131E-08
 16  16  13  256  0.5135E-08
 16  16  13  256  0.5130E-08
 16  16  13  256  0.5127E-08
 16  16  13  256  0.5126E-08
 16  16  14  256  0.4654E-08
 16  16  14  256  0.4640E-08
 16  16  14  256  0.4642E-08
 16  16  14  256  0.4642E-08
 16  16  14  256  0.4649E-08
 16  16  14  256  0.4642E-08
 16  16  14  256  0.4639E-08
 16  16  14  256  0.4642E-08
 16  16  14  256  0.4651E-08
 16  16  14  256  0.4648E-08
 16  16  15  256  0.4954E-08
 16  16  15  256  0.4932E-08
 16  16  15  256  0.4932E-08
 16  16  15  256  0.4927E-08
 16  16  15  256  0.4932E-08
 16  16  15  256  0.4930E-08
 16  16  15  256  0.4928E-08
 16  16  15  256  0.4930E-08
 16  16  15  256  0.4930E-08
 16  16  15  256  0.4928E-08
 16  16  16  256  0.4604E-08
 16  16  16  256  0.4497E-08
 16  16  16  256  0.4493E-08
 16  16  16  256  0.4492E-08
 16  16  16  256  0.4497E-08
 16  16  16  256  0.4491E-08
 16  16  16  256  0.4494E-08
 16  16  16  256  0.4495E-08
 16  16  16  256  0.4496E-08
 16  16  16  256  0.4498E-08
 16  16  17  256  0.5727E-08
 16  16  17  256  0.5709E-08
 16  16  17  256  0.5710E-08
 16  16  17  256  0.5707E-08
 16  16  17  256  0.5711E-08
 16  16  17  256  0.5709E-08
 16  16  17  256  0.5711E-08
 16  16  17  256  0.5713E-08
 16  16  17  256  0.5708E-08
 16  16  17  256  0.5736E-08
 16  16  18  256  0.5513E-08
 16  16  18  256  0.5509E-08
 16  16  18  256  0.5506E-08
 16  16  18  256  0.5514E-08
 16  16  18  256  0.5509E-08
 16  16  18  256  0.5513E-08
 16  16  18  256  0.5510E-08
 16  16  18  256  0.5507E-08
 16  16  18  256  0.5509E-08
 16  16  18  256  0.5515E-08
 16  16  19  256  0.6020E-08
 16  16  19  256  0.6031E-08
 16  16  19  256  0.6021E-08
 16  16  19  256  0.6019E-08
 16  16  19  256  0.6034E-08
 16  16  19  256  0.6028E-08
 16  16  19  256  0.6019E-08
 16  16  19  256  0.6021E-08
 16  16  19  256  0.6017E-08
 16  16  19  256  0.6019E-08
 16  16  20  256  0.5591E-08
 16  16  20  256  0.5589E-08
 16  16  20  256  0.5589E-08
 16  16  20  256  0.5588E-08
 16  16  20  256  0.5590E-08
 16  16  20  256  0.5591E-08
 16  16  20  256  0.5587E-08
 16  16  20  256  0.5590E-08
 16  16  20  256  0.5590E-08
 16  16  20  256  0.5589E-08
