 16  8  3  128  0.4348E-07
 16  8  3  128  0.2835E-07
 16  8  3  128  0.2943E-07
 16  8  3  128  0.2835E-07
 16  8  3  128  0.3666E-07
 16  8  3  128  0.2624E-07
 16  8  3  128  0.3231E-07
 16  8  3  128  0.3261E-07
 16  8  3  128  0.2681E-07
 16  8  3  128  0.2817E-07
 16  8  4  128  0.2205E-07
 16  8  4  128  0.1762E-07
 16  8  4  128  0.1790E-07
 16  8  4  128  0.1709E-07
 16  8  4  128  0.1538E-07
 16  8  4  128  0.1912E-07
 16  8  4  128  0.1480E-07
 16  8  4  128  0.1684E-07
 16  8  4  128  0.1538E-07
 16  8  4  128  0.1773E-07
 16  8  5  128  0.1998E-07
 16  8  5  128  0.1833E-07
 16  8  5  128  0.1896E-07
 16  8  5  128  0.1765E-07
 16  8  5  128  0.1446E-07
 16  8  5  128  0.1498E-07
 16  8  5  128  0.1412E-07
 16  8  5  128  0.1425E-07
 16  8  5  128  0.1435E-07
 16  8  5  128  0.1433E-07
 16  8  6  128  0.8290E-08
 16  8  6  128  0.8263E-08
 16  8  6  128  0.8219E-08
 16  8  6  128  0.8263E-08
 16  8  6  128  0.8251E-08
 16  8  6  128  0.8241E-08
 16  8  6  128  0.8218E-08
 16  8  6  128  0.8213E-08
 16  8  6  128  0.8283E-08
 16  8  6  128  0.8233E-08
 16  8  7  128  0.8477E-08
 16  8  7  128  0.8405E-08
 16  8  7  128  0.8441E-08
 16  8  7  128  0.8423E-08
 16  8  7  128  0.8428E-08
 16  8  7  128  0.8429E-08
 16  8  7  128  0.8442E-08
 16  8  7  128  0.8407E-08
 16  8  7  128  0.8389E-08
 16  8  7  128  0.8403E-08
 16  8  8  128  0.7040E-08
 16  8  8  128  0.7040E-08
 16  8  8  128  0.7023E-08
 16  8  8  128  0.7062E-08
 16  8  8  128  0.7049E-08
 16  8  8  128  0.7037E-08
 16  8  8  128  0.7050E-08
 16  8  8  128  0.7047E-08
 16  8  8  128  0.7059E-08
 16  8  8  128  0.7047E-08
 16  8  9  128  0.7815E-08
 16  8  9  128  0.7810E-08
 16  8  9  128  0.7813E-08
 16  8  9  128  0.7828E-08
 16  8  9  128  0.7819E-08
 16  8  9  128  0.7831E-08
 16  8  9  128  0.7824E-08
 16  8  9  128  0.7813E-08
 16  8  9  128  0.7818E-08
 16  8  9  128  0.7809E-08
 16  8  10  128  0.8283E-08
 16  8  10  128  0.8287E-08
 16  8  10  128  0.8291E-08
 16  8  10  128  0.8281E-08
 16  8  10  128  0.8290E-08
 16  8  10  128  0.8288E-08
 16  8  10  128  0.8284E-08
 16  8  10  128  0.8285E-08
 16  8  10  128  0.8280E-08
 16  8  10  128  0.8287E-08
 16  8  11  128  0.8116E-08
 16  8  11  128  0.8109E-08
 16  8  11  128  0.8097E-08
 16  8  11  128  0.8112E-08
 16  8  11  128  0.8110E-08
 16  8  11  128  0.8107E-08
 16  8  11  128  0.8102E-08
 16  8  11  128  0.8117E-08
 16  8  11  128  0.8108E-08
 16  8  11  128  0.8109E-08
 16  8  12  128  0.7464E-08
 16  8  12  128  0.7459E-08
 16  8  12  128  0.7486E-08
 16  8  12  128  0.7478E-08
 16  8  12  128  0.7474E-08
 16  8  12  128  0.7472E-08
 16  8  12  128  0.7465E-08
 16  8  12  128  0.7465E-08
 16  8  12  128  0.7467E-08
 16  8  12  128  0.7466E-08
 16  8  13  128  0.8168E-08
 16  8  13  128  0.8161E-08
 16  8  13  128  0.8163E-08
 16  8  13  128  0.8159E-08
 16  8  13  128  0.8164E-08
 16  8  13  128  0.8173E-08
 16  8  13  128  0.8159E-08
 16  8  13  128  0.8167E-08
 16  8  13  128  0.8153E-08
 16  8  13  128  0.8152E-08
 16  8  14  128  0.7326E-08
 16  8  14  128  0.7318E-08
 16  8  14  128  0.7324E-08
 16  8  14  128  0.7313E-08
 16  8  14  128  0.7330E-08
 16  8  14  128  0.7320E-08
 16  8  14  128  0.7314E-08
 16  8  14  128  0.7312E-08
 16  8  14  128  0.7316E-08
 16  8  14  128  0.7327E-08
 16  8  15  128  0.8243E-08
 16  8  15  128  0.8237E-08
 16  8  15  128  0.8250E-08
 16  8  15  128  0.8238E-08
 16  8  15  128  0.8237E-08
 16  8  15  128  0.8244E-08
 16  8  15  128  0.8238E-08
 16  8  15  128  0.8228E-08
 16  8  15  128  0.8221E-08
 16  8  15  128  0.8238E-08
 16  8  16  128  0.7627E-08
 16  8  16  128  0.7633E-08
 16  8  16  128  0.7630E-08
 16  8  16  128  0.7639E-08
 16  8  16  128  0.7623E-08
 16  8  16  128  0.7625E-08
 16  8  16  128  0.7628E-08
 16  8  16  128  0.7624E-08
 16  8  16  128  0.7629E-08
 16  8  16  128  0.7627E-08
 16  8  17  128  0.9578E-08
 16  8  17  128  0.9575E-08
 16  8  17  128  0.9587E-08
 16  8  17  128  0.9584E-08
 16  8  17  128  0.9586E-08
 16  8  17  128  0.9576E-08
 16  8  17  128  0.9587E-08
 16  8  17  128  0.9576E-08
 16  8  17  128  0.9586E-08
 16  8  17  128  0.9583E-08
 16  8  18  128  0.9028E-08
 16  8  18  128  0.9027E-08
 16  8  18  128  0.9041E-08
 16  8  18  128  0.9022E-08
 16  8  18  128  0.9027E-08
 16  8  18  128  0.9027E-08
 16  8  18  128  0.9032E-08
 16  8  18  128  0.9024E-08
 16  8  18  128  0.9034E-08
 16  8  18  128  0.9026E-08
 16  8  19  128  0.1025E-07
 16  8  19  128  0.1026E-07
 16  8  19  128  0.1026E-07
 16  8  19  128  0.1026E-07
 16  8  19  128  0.1026E-07
 16  8  19  128  0.1025E-07
 16  8  19  128  0.1026E-07
 16  8  19  128  0.1026E-07
 16  8  19  128  0.1026E-07
 16  8  19  128  0.1026E-07
 16  8  20  128  0.9711E-08
 16  8  20  128  0.9709E-08
 16  8  20  128  0.9712E-08
 16  8  20  128  0.9714E-08
 16  8  20  128  0.9709E-08
 16  8  20  128  0.9714E-08
 16  8  20  128  0.9713E-08
 16  8  20  128  0.9713E-08
 16  8  20  128  0.9711E-08
 16  8  20  128  0.9713E-08
