 16  64  3  1024  0.5151E-08
 16  64  3  1024  0.4724E-08
 16  64  3  1024  0.4762E-08
 16  64  3  1024  0.4694E-08
 16  64  3  1024  0.4696E-08
 16  64  3  1024  0.4681E-08
 16  64  3  1024  0.4692E-08
 16  64  3  1024  0.4715E-08
 16  64  3  1024  0.4784E-08
 16  64  3  1024  0.4682E-08
 16  64  4  1024  0.2898E-08
 16  64  4  1024  0.2625E-08
 16  64  4  1024  0.2639E-08
 16  64  4  1024  0.2631E-08
 16  64  4  1024  0.2623E-08
 16  64  4  1024  0.2627E-08
 16  64  4  1024  0.2623E-08
 16  64  4  1024  0.2625E-08
 16  64  4  1024  0.2618E-08
 16  64  4  1024  0.2625E-08
 16  64  5  1024  0.2959E-08
 16  64  5  1024  0.2758E-08
 16  64  5  1024  0.2720E-08
 16  64  5  1024  0.2743E-08
 16  64  5  1024  0.2785E-08
 16  64  5  1024  0.2790E-08
 16  64  5  1024  0.2816E-08
 16  64  5  1024  0.2865E-08
 16  64  5  1024  0.2776E-08
 16  64  5  1024  0.2790E-08
 16  64  6  1024  0.2311E-08
 16  64  6  1024  0.2190E-08
 16  64  6  1024  0.2185E-08
 16  64  6  1024  0.2176E-08
 16  64  6  1024  0.2179E-08
 16  64  6  1024  0.2172E-08
 16  64  6  1024  0.2166E-08
 16  64  6  1024  0.2164E-08
 16  64  6  1024  0.2174E-08
 16  64  6  1024  0.2167E-08
 16  64  7  1024  0.2387E-08
 16  64  7  1024  0.2290E-08
 16  64  7  1024  0.2304E-08
 16  64  7  1024  0.2287E-08
 16  64  7  1024  0.2306E-08
 16  64  7  1024  0.2298E-08
 16  64  7  1024  0.2307E-08
 16  64  7  1024  0.2282E-08
 16  64  7  1024  0.2290E-08
 16  64  7  1024  0.2271E-08
 16  64  8  1024  0.1793E-08
 16  64  8  1024  0.1769E-08
 16  64  8  1024  0.1778E-08
 16  64  8  1024  0.1762E-08
 16  64  8  1024  0.1779E-08
 16  64  8  1024  0.1772E-08
 16  64  8  1024  0.1776E-08
 16  64  8  1024  0.1778E-08
 16  64  8  1024  0.1798E-08
 16  64  8  1024  0.1776E-08
 16  64  9  1024  0.1861E-08
 16  64  9  1024  0.1858E-08
 16  64  9  1024  0.1865E-08
 16  64  9  1024  0.1848E-08
 16  64  9  1024  0.1872E-08
 16  64  9  1024  0.1839E-08
 16  64  9  1024  0.1845E-08
 16  64  9  1024  0.1841E-08
 16  64  9  1024  0.1845E-08
 16  64  9  1024  0.1838E-08
 16  64  10  1024  0.1887E-08
 16  64  10  1024  0.1823E-08
 16  64  10  1024  0.1819E-08
 16  64  10  1024  0.1824E-08
 16  64  10  1024  0.1820E-08
 16  64  10  1024  0.1829E-08
 16  64  10  1024  0.1850E-08
 16  64  10  1024  0.1831E-08
 16  64  10  1024  0.1827E-08
 16  64  10  1024  0.1815E-08
 16  64  11  1024  0.2005E-08
 16  64  11  1024  0.1997E-08
 16  64  11  1024  0.2004E-08
 16  64  11  1024  0.1999E-08
 16  64  11  1024  0.2006E-08
 16  64  11  1024  0.2004E-08
 16  64  11  1024  0.2002E-08
 16  64  11  1024  0.2010E-08
 16  64  11  1024  0.2003E-08
 16  64  11  1024  0.2020E-08
 16  64  12  1024  0.1778E-08
 16  64  12  1024  0.1729E-08
 16  64  12  1024  0.1727E-08
 16  64  12  1024  0.1752E-08
 16  64  12  1024  0.1734E-08
 16  64  12  1024  0.1724E-08
 16  64  12  1024  0.1732E-08
 16  64  12  1024  0.1740E-08
 16  64  12  1024  0.1743E-08
 16  64  12  1024  0.1732E-08
 16  64  13  1024  0.1828E-08
 16  64  13  1024  0.1809E-08
 16  64  13  1024  0.1805E-08
 16  64  13  1024  0.1816E-08
 16  64  13  1024  0.1807E-08
 16  64  13  1024  0.1806E-08
 16  64  13  1024  0.1807E-08
 16  64  13  1024  0.1821E-08
 16  64  13  1024  0.1805E-08
 16  64  13  1024  0.1819E-08
 16  64  14  1024  0.1739E-08
 16  64  14  1024  0.1734E-08
 16  64  14  1024  0.1735E-08
 16  64  14  1024  0.1732E-08
 16  64  14  1024  0.1729E-08
 16  64  14  1024  0.1737E-08
 16  64  14  1024  0.1733E-08
 16  64  14  1024  0.1730E-08
 16  64  14  1024  0.1735E-08
 16  64  14  1024  0.1727E-08
 16  64  15  1024  0.1839E-08
 16  64  15  1024  0.1830E-08
 16  64  15  1024  0.1941E-08
 16  64  15  1024  0.1822E-08
 16  64  15  1024  0.1814E-08
 16  64  15  1024  0.1832E-08
 16  64  15  1024  0.1826E-08
 16  64  15  1024  0.1817E-08
 16  64  15  1024  0.1826E-08
 16  64  15  1024  0.1823E-08
 16  64  16  1024  0.1844E-08
 16  64  16  1024  0.1837E-08
 16  64  16  1024  0.1836E-08
 16  64  16  1024  0.1835E-08
 16  64  16  1024  0.1836E-08
 16  64  16  1024  0.1835E-08
 16  64  16  1024  0.1837E-08
 16  64  16  1024  0.1835E-08
 16  64  16  1024  0.1836E-08
 16  64  16  1024  0.1838E-08
 16  64  17  1024  0.2144E-08
 16  64  17  1024  0.2205E-08
 16  64  17  1024  0.2140E-08
 16  64  17  1024  0.2138E-08
 16  64  17  1024  0.2142E-08
 16  64  17  1024  0.2138E-08
 16  64  17  1024  0.2137E-08
 16  64  17  1024  0.2139E-08
 16  64  17  1024  0.2141E-08
 16  64  17  1024  0.2136E-08
 16  64  18  1024  0.2091E-08
 16  64  18  1024  0.1984E-08
 16  64  18  1024  0.1989E-08
 16  64  18  1024  0.1983E-08
 16  64  18  1024  0.1981E-08
 16  64  18  1024  0.1987E-08
 16  64  18  1024  0.1982E-08
 16  64  18  1024  0.1984E-08
 16  64  18  1024  0.1985E-08
 16  64  18  1024  0.1986E-08
 16  64  19  1024  0.2138E-08
 16  64  19  1024  0.2129E-08
 16  64  19  1024  0.2132E-08
 16  64  19  1024  0.2128E-08
 16  64  19  1024  0.2184E-08
 16  64  19  1024  0.2129E-08
 16  64  19  1024  0.2130E-08
 16  64  19  1024  0.2129E-08
 16  64  19  1024  0.2131E-08
 16  64  19  1024  0.2129E-08
 16  64  20  1024  0.2190E-08
 16  64  20  1024  0.2183E-08
 16  64  20  1024  0.2158E-08
 16  64  20  1024  0.2161E-08
 16  64  20  1024  0.2158E-08
 16  64  20  1024  0.2161E-08
 16  64  20  1024  0.2160E-08
 16  64  20  1024  0.2160E-08
 16  64  20  1024  0.2158E-08
 16  64  20  1024  0.2162E-08
