 16  2  3  32  0.9299E-07
 16  2  3  32  0.6052E-07
 16  2  3  32  0.8683E-07
 16  2  3  32  0.8370E-07
 16  2  3  32  0.6715E-07
 16  2  3  32  0.9529E-07
 16  2  3  32  0.1038E-06
 16  2  3  32  0.8481E-07
 16  2  3  32  0.6715E-07
 16  2  3  32  0.8140E-07
 16  2  4  32  0.6104E-07
 16  2  4  32  0.5029E-07
 16  2  4  32  0.4575E-07
 16  2  4  32  0.5324E-07
 16  2  4  32  0.5126E-07
 16  2  4  32  0.5437E-07
 16  2  4  32  0.5095E-07
 16  2  4  32  0.5111E-07
 16  2  4  32  0.4866E-07
 16  2  4  32  0.5049E-07
 16  2  5  32  0.4967E-07
 16  2  5  32  0.4675E-07
 16  2  5  32  0.5076E-07
 16  2  5  32  0.4425E-07
 16  2  5  32  0.4808E-07
 16  2  5  32  0.4749E-07
 16  2  5  32  0.4401E-07
 16  2  5  32  0.4532E-07
 16  2  5  32  0.4792E-07
 16  2  5  32  0.4409E-07
 16  2  6  32  0.4156E-07
 16  2  6  32  0.3978E-07
 16  2  6  32  0.3983E-07
 16  2  6  32  0.3978E-07
 16  2  6  32  0.3906E-07
 16  2  6  32  0.3925E-07
 16  2  6  32  0.3820E-07
 16  2  6  32  0.3978E-07
 16  2  6  32  0.4070E-07
 16  2  6  32  0.3954E-07
 16  2  7  32  0.4149E-07
 16  2  7  32  0.3863E-07
 16  2  7  32  0.3741E-07
 16  2  7  32  0.3708E-07
 16  2  7  32  0.3739E-07
 16  2  7  32  0.3738E-07
 16  2  7  32  0.3662E-07
 16  2  7  32  0.3717E-07
 16  2  7  32  0.3902E-07
 16  2  7  32  0.3745E-07
 16  2  8  32  0.3808E-07
 16  2  8  32  0.3636E-07
 16  2  8  32  0.3607E-07
 16  2  8  32  0.3511E-07
 16  2  8  32  0.3532E-07
 16  2  8  32  0.3637E-07
 16  2  8  32  0.3615E-07
 16  2  8  32  0.3546E-07
 16  2  8  32  0.3546E-07
 16  2  8  32  0.3597E-07
 16  2  9  32  0.3922E-07
 16  2  9  32  0.3707E-07
 16  2  9  32  0.3602E-07
 16  2  9  32  0.3677E-07
 16  2  9  32  0.3691E-07
 16  2  9  32  0.3627E-07
 16  2  9  32  0.3608E-07
 16  2  9  32  0.3704E-07
 16  2  9  32  0.3589E-07
 16  2  9  32  0.3598E-07
 16  2  10  32  0.3029E-07
 16  2  10  32  0.3038E-07
 16  2  10  32  0.3049E-07
 16  2  10  32  0.3045E-07
 16  2  10  32  0.3043E-07
 16  2  10  32  0.3052E-07
 16  2  10  32  0.3045E-07
 16  2  10  32  0.3041E-07
 16  2  10  32  0.3143E-07
 16  2  10  32  0.5182E-07
 16  2  11  32  0.2986E-07
 16  2  11  32  0.2977E-07
 16  2  11  32  0.2972E-07
 16  2  11  32  0.2974E-07
 16  2  11  32  0.2974E-07
 16  2  11  32  0.2977E-07
 16  2  11  32  0.2982E-07
 16  2  11  32  0.2978E-07
 16  2  11  32  0.2979E-07
 16  2  11  32  0.2982E-07
 16  2  12  32  0.2766E-07
 16  2  12  32  0.2764E-07
 16  2  12  32  0.2761E-07
 16  2  12  32  0.2764E-07
 16  2  12  32  0.2764E-07
 16  2  12  32  0.2763E-07
 16  2  12  32  0.2766E-07
 16  2  12  32  0.2760E-07
 16  2  12  32  0.2768E-07
 16  2  12  32  0.2761E-07
 16  2  13  32  0.3064E-07
 16  2  13  32  0.3064E-07
 16  2  13  32  0.3061E-07
 16  2  13  32  0.3062E-07
 16  2  13  32  0.3061E-07
 16  2  13  32  0.3065E-07
 16  2  13  32  0.3061E-07
 16  2  13  32  0.3062E-07
 16  2  13  32  0.3068E-07
 16  2  13  32  0.3066E-07
 16  2  14  32  0.2718E-07
 16  2  14  32  0.2718E-07
 16  2  14  32  0.2721E-07
 16  2  14  32  0.2722E-07
 16  2  14  32  0.2721E-07
 16  2  14  32  0.2722E-07
 16  2  14  32  0.2749E-07
 16  2  14  32  0.2723E-07
 16  2  14  32  0.2725E-07
 16  2  14  32  0.2726E-07
 16  2  15  32  0.3095E-07
 16  2  15  32  0.3096E-07
 16  2  15  32  0.3094E-07
 16  2  15  32  0.3095E-07
 16  2  15  32  0.3095E-07
 16  2  15  32  0.3095E-07
 16  2  15  32  0.3112E-07
 16  2  15  32  0.3119E-07
 16  2  15  32  0.3121E-07
 16  2  15  32  0.3118E-07
 16  2  16  32  0.2868E-07
 16  2  16  32  0.2865E-07
 16  2  16  32  0.2875E-07
 16  2  16  32  0.2871E-07
 16  2  16  32  0.2875E-07
 16  2  16  32  0.2869E-07
 16  2  16  32  0.2866E-07
 16  2  16  32  0.2864E-07
 16  2  16  32  0.2867E-07
 16  2  16  32  0.2874E-07
 16  2  17  32  0.3664E-07
 16  2  17  32  0.3662E-07
 16  2  17  32  0.3662E-07
 16  2  17  32  0.3661E-07
 16  2  17  32  0.3662E-07
 16  2  17  32  0.3664E-07
 16  2  17  32  0.3663E-07
 16  2  17  32  0.3663E-07
 16  2  17  32  0.3664E-07
 16  2  17  32  0.3665E-07
 16  2  18  32  0.3485E-07
 16  2  18  32  0.3481E-07
 16  2  18  32  0.3483E-07
 16  2  18  32  0.3486E-07
 16  2  18  32  0.3485E-07
 16  2  18  32  0.3482E-07
 16  2  18  32  0.3484E-07
 16  2  18  32  0.3485E-07
 16  2  18  32  0.3484E-07
 16  2  18  32  0.3483E-07
 16  2  19  32  0.3941E-07
 16  2  19  32  0.3945E-07
 16  2  19  32  0.3943E-07
 16  2  19  32  0.3942E-07
 16  2  19  32  0.3944E-07
 16  2  19  32  0.3947E-07
 16  2  19  32  0.3946E-07
 16  2  19  32  0.3946E-07
 16  2  19  32  0.3956E-07
 16  2  19  32  0.3952E-07
 16  2  20  32  0.3754E-07
 16  2  20  32  0.3753E-07
 16  2  20  32  0.3758E-07
 16  2  20  32  0.3753E-07
 16  2  20  32  0.3750E-07
 16  2  20  32  0.3747E-07
 16  2  20  32  0.3748E-07
 16  2  20  32  0.3747E-07
 16  2  20  32  0.3747E-07
 16  2  20  32  0.3746E-07
