 16  64  3  1024  0.2328E-07
 16  64  3  1024  0.5013E-08
 16  64  3  1024  0.5533E-08
 16  64  3  1024  0.5654E-08
 16  64  3  1024  0.5125E-08
 16  64  3  1024  0.4688E-08
 16  64  3  1024  0.4872E-08
 16  64  3  1024  0.4556E-08
 16  64  3  1024  0.5004E-08
 16  64  3  1024  0.4484E-08
 16  64  4  1024  0.2261E-08
 16  64  4  1024  0.2188E-08
 16  64  4  1024  0.2168E-08
 16  64  4  1024  0.2165E-08
 16  64  4  1024  0.2160E-08
 16  64  4  1024  0.2174E-08
 16  64  4  1024  0.2165E-08
 16  64  4  1024  0.2164E-08
 16  64  4  1024  0.2154E-08
 16  64  4  1024  0.2161E-08
 16  64  5  1024  0.2402E-08
 16  64  5  1024  0.2302E-08
 16  64  5  1024  0.2291E-08
 16  64  5  1024  0.2308E-08
 16  64  5  1024  0.2293E-08
 16  64  5  1024  0.2289E-08
 16  64  5  1024  0.2306E-08
 16  64  5  1024  0.2284E-08
 16  64  5  1024  0.2296E-08
 16  64  5  1024  0.2277E-08
 16  64  6  1024  0.1647E-08
 16  64  6  1024  0.1614E-08
 16  64  6  1024  0.1611E-08
 16  64  6  1024  0.1606E-08
 16  64  6  1024  0.1610E-08
 16  64  6  1024  0.1609E-08
 16  64  6  1024  0.1614E-08
 16  64  6  1024  0.1610E-08
 16  64  6  1024  0.1610E-08
 16  64  6  1024  0.1608E-08
 16  64  7  1024  0.1627E-08
 16  64  7  1024  0.1606E-08
 16  64  7  1024  0.1611E-08
 16  64  7  1024  0.1611E-08
 16  64  7  1024  0.1607E-08
 16  64  7  1024  0.1612E-08
 16  64  7  1024  0.1610E-08
 16  64  7  1024  0.1608E-08
 16  64  7  1024  0.1605E-08
 16  64  7  1024  0.1613E-08
 16  64  8  1024  0.1362E-08
 16  64  8  1024  0.1354E-08
 16  64  8  1024  0.1358E-08
 16  64  8  1024  0.1360E-08
 16  64  8  1024  0.1354E-08
 16  64  8  1024  0.1357E-08
 16  64  8  1024  0.1356E-08
 16  64  8  1024  0.1363E-08
 16  64  8  1024  0.1379E-08
 16  64  8  1024  0.1363E-08
 16  64  9  1024  0.1420E-08
 16  64  9  1024  0.1410E-08
 16  64  9  1024  0.1416E-08
 16  64  9  1024  0.1413E-08
 16  64  9  1024  0.1417E-08
 16  64  9  1024  0.1424E-08
 16  64  9  1024  0.1411E-08
 16  64  9  1024  0.1421E-08
 16  64  9  1024  0.1426E-08
 16  64  9  1024  0.1427E-08
 16  64  10  1024  0.1440E-08
 16  64  10  1024  0.1431E-08
 16  64  10  1024  0.1441E-08
 16  64  10  1024  0.1446E-08
 16  64  10  1024  0.1438E-08
 16  64  10  1024  0.1430E-08
 16  64  10  1024  0.1434E-08
 16  64  10  1024  0.1428E-08
 16  64  10  1024  0.1434E-08
 16  64  10  1024  0.1449E-08
 16  64  11  1024  0.1515E-08
 16  64  11  1024  0.1504E-08
 16  64  11  1024  0.1510E-08
 16  64  11  1024  0.1510E-08
 16  64  11  1024  0.1512E-08
 16  64  11  1024  0.1507E-08
 16  64  11  1024  0.1508E-08
 16  64  11  1024  0.1519E-08
 16  64  11  1024  0.1511E-08
 16  64  11  1024  0.1510E-08
 16  64  12  1024  0.1412E-08
 16  64  12  1024  0.1407E-08
 16  64  12  1024  0.1413E-08
 16  64  12  1024  0.1414E-08
 16  64  12  1024  0.1412E-08
 16  64  12  1024  0.1413E-08
 16  64  12  1024  0.1411E-08
 16  64  12  1024  0.1409E-08
 16  64  12  1024  0.1410E-08
 16  64  12  1024  0.1415E-08
 16  64  13  1024  0.1473E-08
 16  64  13  1024  0.1472E-08
 16  64  13  1024  0.1468E-08
 16  64  13  1024  0.1465E-08
 16  64  13  1024  0.1464E-08
 16  64  13  1024  0.1468E-08
 16  64  13  1024  0.1463E-08
 16  64  13  1024  0.1465E-08
 16  64  13  1024  0.1464E-08
 16  64  13  1024  0.1472E-08
 16  64  14  1024  0.1388E-08
 16  64  14  1024  0.1390E-08
 16  64  14  1024  0.1395E-08
 16  64  14  1024  0.1392E-08
 16  64  14  1024  0.1396E-08
 16  64  14  1024  0.1395E-08
 16  64  14  1024  0.1395E-08
 16  64  14  1024  0.1396E-08
 16  64  14  1024  0.1394E-08
 16  64  14  1024  0.1390E-08
 16  64  15  1024  0.1457E-08
 16  64  15  1024  0.1452E-08
 16  64  15  1024  0.1453E-08
 16  64  15  1024  0.1450E-08
 16  64  15  1024  0.1453E-08
 16  64  15  1024  0.1452E-08
 16  64  15  1024  0.1451E-08
 16  64  15  1024  0.1454E-08
 16  64  15  1024  0.1450E-08
 16  64  15  1024  0.1452E-08
 16  64  16  1024  0.1595E-08
 16  64  16  1024  0.1593E-08
 16  64  16  1024  0.1656E-08
 16  64  16  1024  0.1590E-08
 16  64  16  1024  0.1595E-08
 16  64  16  1024  0.1590E-08
 16  64  16  1024  0.1593E-08
 16  64  16  1024  0.1590E-08
 16  64  16  1024  0.1597E-08
 16  64  16  1024  0.1591E-08
 16  64  17  1024  0.1827E-08
 16  64  17  1024  0.1825E-08
 16  64  17  1024  0.1825E-08
 16  64  17  1024  0.1827E-08
 16  64  17  1024  0.1824E-08
 16  64  17  1024  0.1824E-08
 16  64  17  1024  0.1826E-08
 16  64  17  1024  0.1828E-08
 16  64  17  1024  0.1823E-08
 16  64  17  1024  0.1825E-08
 16  64  18  1024  0.1671E-08
 16  64  18  1024  0.1670E-08
 16  64  18  1024  0.1670E-08
 16  64  18  1024  0.1668E-08
 16  64  18  1024  0.1671E-08
 16  64  18  1024  0.1669E-08
 16  64  18  1024  0.1669E-08
 16  64  18  1024  0.1670E-08
 16  64  18  1024  0.1669E-08
 16  64  18  1024  0.1668E-08
 16  64  19  1024  0.1845E-08
 16  64  19  1024  0.1845E-08
 16  64  19  1024  0.1843E-08
 16  64  19  1024  0.1842E-08
 16  64  19  1024  0.1846E-08
 16  64  19  1024  0.1843E-08
 16  64  19  1024  0.1843E-08
 16  64  19  1024  0.1845E-08
 16  64  19  1024  0.1842E-08
 16  64  19  1024  0.1844E-08
 16  64  20  1024  0.1778E-08
 16  64  20  1024  0.1779E-08
 16  64  20  1024  0.1777E-08
 16  64  20  1024  0.1800E-08
 16  64  20  1024  0.1794E-08
 16  64  20  1024  0.1777E-08
 16  64  20  1024  0.1778E-08
 16  64  20  1024  0.1778E-08
 16  64  20  1024  0.1779E-08
 16  64  20  1024  0.1794E-08
