 16  2  3  32  0.6890E-07
 16  2  3  32  0.6758E-07
 16  2  3  32  0.6704E-07
 16  2  3  32  0.6696E-07
 16  2  3  32  0.6727E-07
 16  2  3  32  0.6820E-07
 16  2  3  32  0.6688E-07
 16  2  3  32  0.6769E-07
 16  2  3  32  0.6653E-07
 16  2  3  32  0.6631E-07
 16  2  4  32  0.4134E-07
 16  2  4  32  0.4034E-07
 16  2  4  32  0.4040E-07
 16  2  4  32  0.4103E-07
 16  2  4  32  0.4083E-07
 16  2  4  32  0.4048E-07
 16  2  4  32  0.4092E-07
 16  2  4  32  0.4076E-07
 16  2  4  32  0.4044E-07
 16  2  4  32  0.4034E-07
 16  2  5  32  0.3714E-07
 16  2  5  32  0.3507E-07
 16  2  5  32  0.3530E-07
 16  2  5  32  0.3510E-07
 16  2  5  32  0.3520E-07
 16  2  5  32  0.3526E-07
 16  2  5  32  0.3528E-07
 16  2  5  32  0.3556E-07
 16  2  5  32  0.3528E-07
 16  2  5  32  0.3530E-07
 16  2  6  32  0.3163E-07
 16  2  6  32  0.3212E-07
 16  2  6  32  0.3175E-07
 16  2  6  32  0.3402E-07
 16  2  6  32  0.3286E-07
 16  2  6  32  0.3232E-07
 16  2  6  32  0.3191E-07
 16  2  6  32  0.3398E-07
 16  2  6  32  0.3271E-07
 16  2  6  32  0.3244E-07
 16  2  7  32  0.3473E-07
 16  2  7  32  0.3438E-07
 16  2  7  32  0.3393E-07
 16  2  7  32  0.3379E-07
 16  2  7  32  0.3415E-07
 16  2  7  32  0.3435E-07
 16  2  7  32  0.3419E-07
 16  2  7  32  0.3403E-07
 16  2  7  32  0.3406E-07
 16  2  7  32  0.3431E-07
 16  2  8  32  0.3387E-07
 16  2  8  32  0.3333E-07
 16  2  8  32  0.3337E-07
 16  2  8  32  0.3330E-07
 16  2  8  32  0.3330E-07
 16  2  8  32  0.3338E-07
 16  2  8  32  0.3334E-07
 16  2  8  32  0.3338E-07
 16  2  8  32  0.3331E-07
 16  2  8  32  0.3342E-07
 16  2  9  32  0.3838E-07
 16  2  9  32  0.3822E-07
 16  2  9  32  0.3817E-07
 16  2  9  32  0.3818E-07
 16  2  9  32  0.3819E-07
 16  2  9  32  0.3841E-07
 16  2  9  32  0.3878E-07
 16  2  9  32  0.3872E-07
 16  2  9  32  0.3877E-07
 16  2  9  32  0.3881E-07
 16  2  10  32  0.4112E-07
 16  2  10  32  0.4094E-07
 16  2  10  32  0.4096E-07
 16  2  10  32  0.4092E-07
 16  2  10  32  0.4096E-07
 16  2  10  32  0.4097E-07
 16  2  10  32  0.4097E-07
 16  2  10  32  0.4111E-07
 16  2  10  32  0.4102E-07
 16  2  10  32  0.4107E-07
 16  2  11  32  0.3931E-07
 16  2  11  32  0.3911E-07
 16  2  11  32  0.3915E-07
 16  2  11  32  0.3912E-07
 16  2  11  32  0.3912E-07
 16  2  11  32  0.3911E-07
 16  2  11  32  0.3913E-07
 16  2  11  32  0.3914E-07
 16  2  11  32  0.3912E-07
 16  2  11  32  0.3908E-07
 16  2  12  32  0.3643E-07
 16  2  12  32  0.3620E-07
 16  2  12  32  0.3622E-07
 16  2  12  32  0.3618E-07
 16  2  12  32  0.3623E-07
 16  2  12  32  0.3621E-07
 16  2  12  32  0.3628E-07
 16  2  12  32  0.3626E-07
 16  2  12  32  0.3623E-07
 16  2  12  32  0.3624E-07
 16  2  13  32  0.3867E-07
 16  2  13  32  0.3855E-07
 16  2  13  32  0.3854E-07
 16  2  13  32  0.3850E-07
 16  2  13  32  0.3852E-07
 16  2  13  32  0.3853E-07
 16  2  13  32  0.3852E-07
 16  2  13  32  0.3850E-07
 16  2  13  32  0.3845E-07
 16  2  13  32  0.3848E-07
 16  2  14  32  0.3482E-07
 16  2  14  32  0.3467E-07
 16  2  14  32  0.3465E-07
 16  2  14  32  0.3463E-07
 16  2  14  32  0.3453E-07
 16  2  14  32  0.3467E-07
 16  2  14  32  0.3477E-07
 16  2  14  32  0.3476E-07
 16  2  14  32  0.3471E-07
 16  2  14  32  0.3464E-07
 16  2  15  32  0.3714E-07
 16  2  15  32  0.3715E-07
 16  2  15  32  0.3709E-07
 16  2  15  32  0.3717E-07
 16  2  15  32  0.3716E-07
 16  2  15  32  0.3711E-07
 16  2  15  32  0.3707E-07
 16  2  15  32  0.3707E-07
 16  2  15  32  0.3706E-07
 16  2  15  32  0.3705E-07
 16  2  16  32  0.3451E-07
 16  2  16  32  0.3437E-07
 16  2  16  32  0.3437E-07
 16  2  16  32  0.3432E-07
 16  2  16  32  0.3426E-07
 16  2  16  32  0.3438E-07
 16  2  16  32  0.3433E-07
 16  2  16  32  0.3424E-07
 16  2  16  32  0.3435E-07
 16  2  16  32  0.3427E-07
 16  2  17  32  0.4359E-07
 16  2  17  32  0.4341E-07
 16  2  17  32  0.4344E-07
 16  2  17  32  0.4339E-07
 16  2  17  32  0.4349E-07
 16  2  17  32  0.4346E-07
 16  2  17  32  0.4352E-07
 16  2  17  32  0.4347E-07
 16  2  17  32  0.4359E-07
 16  2  17  32  0.4358E-07
 16  2  18  32  0.4213E-07
 16  2  18  32  0.4197E-07
 16  2  18  32  0.4197E-07
 16  2  18  32  0.4195E-07
 16  2  18  32  0.4197E-07
 16  2  18  32  0.4203E-07
 16  2  18  32  0.4198E-07
 16  2  18  32  0.4201E-07
 16  2  18  32  0.4193E-07
 16  2  18  32  0.4196E-07
 16  2  19  32  0.4447E-07
 16  2  19  32  0.4443E-07
 16  2  19  32  0.4450E-07
 16  2  19  32  0.4449E-07
 16  2  19  32  0.4448E-07
 16  2  19  32  0.4447E-07
 16  2  19  32  0.4450E-07
 16  2  19  32  0.4449E-07
 16  2  19  32  0.4450E-07
 16  2  19  32  0.4449E-07
 16  2  20  32  0.4225E-07
 16  2  20  32  0.4215E-07
 16  2  20  32  0.4212E-07
 16  2  20  32  0.4212E-07
 16  2  20  32  0.4211E-07
 16  2  20  32  0.4208E-07
 16  2  20  32  0.4208E-07
 16  2  20  32  0.4207E-07
 16  2  20  32  0.4205E-07
 16  2  20  32  0.4205E-07
