 16  4  3  64  0.8326E-07
 16  4  3  64  0.8047E-07
 16  4  3  64  0.8003E-07
 16  4  3  64  0.8161E-07
 16  4  3  64  0.8369E-07
 16  4  3  64  0.7988E-07
 16  4  3  64  0.8055E-07
 16  4  3  64  0.7999E-07
 16  4  3  64  0.7900E-07
 16  4  3  64  0.8015E-07
 16  4  4  64  0.5051E-07
 16  4  4  64  0.4912E-07
 16  4  4  64  0.4864E-07
 16  4  4  64  0.5000E-07
 16  4  4  64  0.4827E-07
 16  4  4  64  0.4862E-07
 16  4  4  64  0.4980E-07
 16  4  4  64  0.4887E-07
 16  4  4  64  0.4960E-07
 16  4  4  64  0.5053E-07
 16  4  5  64  0.3773E-07
 16  4  5  64  0.3737E-07
 16  4  5  64  0.3735E-07
 16  4  5  64  0.3740E-07
 16  4  5  64  0.3762E-07
 16  4  5  64  0.3743E-07
 16  4  5  64  0.3776E-07
 16  4  5  64  0.3753E-07
 16  4  5  64  0.3734E-07
 16  4  5  64  0.3700E-07
 16  4  6  64  0.3338E-07
 16  4  6  64  0.3312E-07
 16  4  6  64  0.3306E-07
 16  4  6  64  0.3312E-07
 16  4  6  64  0.3289E-07
 16  4  6  64  0.3301E-07
 16  4  6  64  0.3309E-07
 16  4  6  64  0.3304E-07
 16  4  6  64  0.3308E-07
 16  4  6  64  0.3294E-07
 16  4  7  64  0.3002E-07
 16  4  7  64  0.2992E-07
 16  4  7  64  0.2995E-07
 16  4  7  64  0.2986E-07
 16  4  7  64  0.3085E-07
 16  4  7  64  0.3062E-07
 16  4  7  64  0.3067E-07
 16  4  7  64  0.3059E-07
 16  4  7  64  0.3071E-07
 16  4  7  64  0.3061E-07
 16  4  8  64  0.2727E-07
 16  4  8  64  0.2712E-07
 16  4  8  64  0.2708E-07
 16  4  8  64  0.2707E-07
 16  4  8  64  0.2709E-07
 16  4  8  64  0.2706E-07
 16  4  8  64  0.2710E-07
 16  4  8  64  0.2710E-07
 16  4  8  64  0.2703E-07
 16  4  8  64  0.2709E-07
 16  4  9  64  0.2652E-07
 16  4  9  64  0.2644E-07
 16  4  9  64  0.2640E-07
 16  4  9  64  0.2642E-07
 16  4  9  64  0.2636E-07
 16  4  9  64  0.2638E-07
 16  4  9  64  0.2641E-07
 16  4  9  64  0.2641E-07
 16  4  9  64  0.2638E-07
 16  4  9  64  0.2648E-07
 16  4  10  64  0.2677E-07
 16  4  10  64  0.2672E-07
 16  4  10  64  0.2671E-07
 16  4  10  64  0.2678E-07
 16  4  10  64  0.2675E-07
 16  4  10  64  0.2676E-07
 16  4  10  64  0.2672E-07
 16  4  10  64  0.2676E-07
 16  4  10  64  0.2679E-07
 16  4  10  64  0.2684E-07
 16  4  11  64  0.2516E-07
 16  4  11  64  0.2504E-07
 16  4  11  64  0.2505E-07
 16  4  11  64  0.2501E-07
 16  4  11  64  0.2506E-07
 16  4  11  64  0.2502E-07
 16  4  11  64  0.2512E-07
 16  4  11  64  0.2510E-07
 16  4  11  64  0.2509E-07
 16  4  11  64  0.2513E-07
 16  4  12  64  0.2289E-07
 16  4  12  64  0.2279E-07
 16  4  12  64  0.2275E-07
 16  4  12  64  0.2278E-07
 16  4  12  64  0.2277E-07
 16  4  12  64  0.2275E-07
 16  4  12  64  0.2277E-07
 16  4  12  64  0.2275E-07
 16  4  12  64  0.2275E-07
 16  4  12  64  0.2274E-07
 16  4  13  64  0.2393E-07
 16  4  13  64  0.2391E-07
 16  4  13  64  0.2388E-07
 16  4  13  64  0.2390E-07
 16  4  13  64  0.2391E-07
 16  4  13  64  0.2388E-07
 16  4  13  64  0.2386E-07
 16  4  13  64  0.2388E-07
 16  4  13  64  0.2392E-07
 16  4  13  64  0.2396E-07
 16  4  14  64  0.2216E-07
 16  4  14  64  0.2211E-07
 16  4  14  64  0.2203E-07
 16  4  14  64  0.2202E-07
 16  4  14  64  0.2208E-07
 16  4  14  64  0.2210E-07
 16  4  14  64  0.2209E-07
 16  4  14  64  0.2206E-07
 16  4  14  64  0.2212E-07
 16  4  14  64  0.2211E-07
 16  4  15  64  0.2325E-07
 16  4  15  64  0.2325E-07
 16  4  15  64  0.2325E-07
 16  4  15  64  0.2326E-07
 16  4  15  64  0.2325E-07
 16  4  15  64  0.2327E-07
 16  4  15  64  0.2327E-07
 16  4  15  64  0.2328E-07
 16  4  15  64  0.2328E-07
 16  4  15  64  0.2326E-07
 16  4  16  64  0.2346E-07
 16  4  16  64  0.2346E-07
 16  4  16  64  0.2345E-07
 16  4  16  64  0.2341E-07
 16  4  16  64  0.2346E-07
 16  4  16  64  0.2350E-07
 16  4  16  64  0.2347E-07
 16  4  16  64  0.2347E-07
 16  4  16  64  0.2346E-07
 16  4  16  64  0.2346E-07
 16  4  17  64  0.2523E-07
 16  4  17  64  0.2517E-07
 16  4  17  64  0.2519E-07
 16  4  17  64  0.2521E-07
 16  4  17  64  0.2520E-07
 16  4  17  64  0.2519E-07
 16  4  17  64  0.2523E-07
 16  4  17  64  0.2524E-07
 16  4  17  64  0.2520E-07
 16  4  17  64  0.2523E-07
 16  4  18  64  0.2502E-07
 16  4  18  64  0.2496E-07
 16  4  18  64  0.2496E-07
 16  4  18  64  0.2494E-07
 16  4  18  64  0.2494E-07
 16  4  18  64  0.2494E-07
 16  4  18  64  0.2494E-07
 16  4  18  64  0.2497E-07
 16  4  18  64  0.2497E-07
 16  4  18  64  0.2497E-07
 16  4  19  64  0.2487E-07
 16  4  19  64  0.2483E-07
 16  4  19  64  0.2481E-07
 16  4  19  64  0.2485E-07
 16  4  19  64  0.2485E-07
 16  4  19  64  0.2485E-07
 16  4  19  64  0.2486E-07
 16  4  19  64  0.2485E-07
 16  4  19  64  0.2486E-07
 16  4  19  64  0.2486E-07
 16  4  20  64  0.2425E-07
 16  4  20  64  0.2421E-07
 16  4  20  64  0.2420E-07
 16  4  20  64  0.2426E-07
 16  4  20  64  0.2422E-07
 16  4  20  64  0.2423E-07
 16  4  20  64  0.2423E-07
 16  4  20  64  0.2423E-07
 16  4  20  64  0.2423E-07
 16  4  20  64  0.2423E-07
