 1  2  3  2  0.3199E-06
 1  2  3  2  0.2683E-06
 1  2  3  2  0.2357E-06
 1  2  3  2  0.2133E-06
 1  2  3  2  0.2089E-06
 1  2  3  2  0.2105E-06
 1  2  3  2  0.2105E-06
 1  2  3  2  0.2094E-06
 1  2  3  2  0.2098E-06
 1  2  3  2  0.2094E-06
 1  2  4  2  0.1104E-06
 1  2  4  2  0.1114E-06
 1  2  4  2  0.1028E-06
 1  2  4  2  0.1039E-06
 1  2  4  2  0.1008E-06
 1  2  4  2  0.9941E-07
 1  2  4  2  0.9927E-07
 1  2  4  2  0.9896E-07
 1  2  4  2  0.9881E-07
 1  2  4  2  0.9956E-07
 1  2  5  2  0.7541E-07
 1  2  5  2  0.6482E-07
 1  2  5  2  0.6667E-07
 1  2  5  2  0.6688E-07
 1  2  5  2  0.6781E-07
 1  2  5  2  0.6554E-07
 1  2  5  2  0.6534E-07
 1  2  5  2  0.6880E-07
 1  2  5  2  0.6475E-07
 1  2  5  2  0.6343E-07
 1  2  6  2  0.4835E-07
 1  2  6  2  0.4430E-07
 1  2  6  2  0.4366E-07
 1  2  6  2  0.4370E-07
 1  2  6  2  0.4410E-07
 1  2  6  2  0.4386E-07
 1  2  6  2  0.4349E-07
 1  2  6  2  0.4301E-07
 1  2  6  2  0.4269E-07
 1  2  6  2  0.4413E-07
 1  2  7  2  0.6539E-07
 1  2  7  2  0.6289E-07
 1  2  7  2  0.6321E-07
 1  2  7  2  0.6177E-07
 1  2  7  2  0.6519E-07
 1  2  7  2  0.6210E-07
 1  2  7  2  0.6497E-07
 1  2  7  2  0.6422E-07
 1  2  7  2  0.5987E-07
 1  2  7  2  0.6028E-07
 1  2  8  2  0.3915E-07
 1  2  8  2  0.4688E-07
 1  2  8  2  0.4418E-07
 1  2  8  2  0.4357E-07
 1  2  8  2  0.4609E-07
 1  2  8  2  0.4398E-07
 1  2  8  2  0.4320E-07
 1  2  8  2  0.4403E-07
 1  2  8  2  0.4494E-07
 1  2  8  2  0.4831E-07
 1  2  9  2  0.3427E-07
 1  2  9  2  0.2963E-07
 1  2  9  2  0.2947E-07
 1  2  9  2  0.2982E-07
 1  2  9  2  0.2928E-07
 1  2  9  2  0.2973E-07
 1  2  9  2  0.2943E-07
 1  2  9  2  0.2944E-07
 1  2  9  2  0.2958E-07
 1  2  9  2  0.2918E-07
 1  2  10  2  0.3433E-07
 1  2  10  2  0.3157E-07
 1  2  10  2  0.3161E-07
 1  2  10  2  0.3121E-07
 1  2  10  2  0.3102E-07
 1  2  10  2  0.3089E-07
 1  2  10  2  0.3123E-07
 1  2  10  2  0.3129E-07
 1  2  10  2  0.3107E-07
 1  2  10  2  0.3100E-07
 1  2  11  2  0.3359E-07
 1  2  11  2  0.3043E-07
 1  2  11  2  0.3004E-07
 1  2  11  2  0.2978E-07
 1  2  11  2  0.3008E-07
 1  2  11  2  0.3036E-07
 1  2  11  2  0.2976E-07
 1  2  11  2  0.2974E-07
 1  2  11  2  0.3009E-07
 1  2  11  2  0.2994E-07
 1  2  12  2  0.3004E-07
 1  2  12  2  0.2661E-07
 1  2  12  2  0.2666E-07
 1  2  12  2  0.2664E-07
 1  2  12  2  0.2615E-07
 1  2  12  2  0.2612E-07
 1  2  12  2  0.2655E-07
 1  2  12  2  0.2603E-07
 1  2  12  2  0.2636E-07
 1  2  12  2  0.2619E-07
 1  2  13  2  0.3316E-07
 1  2  13  2  0.2892E-07
 1  2  13  2  0.2864E-07
 1  2  13  2  0.2861E-07
 1  2  13  2  0.2863E-07
 1  2  13  2  0.2849E-07
 1  2  13  2  0.2899E-07
 1  2  13  2  0.2876E-07
 1  2  13  2  0.2869E-07
 1  2  13  2  0.2852E-07
 1  2  14  2  0.3287E-07
 1  2  14  2  0.3130E-07
 1  2  14  2  0.3102E-07
 1  2  14  2  0.3071E-07
 1  2  14  2  0.3093E-07
 1  2  14  2  0.3116E-07
 1  2  14  2  0.3048E-07
 1  2  14  2  0.3132E-07
 1  2  14  2  0.3121E-07
 1  2  14  2  0.3144E-07
 1  2  15  2  0.3662E-07
 1  2  15  2  0.3458E-07
 1  2  15  2  0.3422E-07
 1  2  15  2  0.3435E-07
 1  2  15  2  0.3442E-07
 1  2  15  2  0.3438E-07
 1  2  15  2  0.3441E-07
 1  2  15  2  0.3446E-07
 1  2  15  2  0.3424E-07
 1  2  15  2  0.3428E-07
 1  2  16  2  0.3188E-07
 1  2  16  2  0.3068E-07
 1  2  16  2  0.3032E-07
 1  2  16  2  0.3023E-07
 1  2  16  2  0.3048E-07
 1  2  16  2  0.3049E-07
 1  2  16  2  0.3037E-07
 1  2  16  2  0.3037E-07
 1  2  16  2  0.3041E-07
 1  2  16  2  0.3046E-07
 1  2  17  2  0.4390E-07
 1  2  17  2  0.4267E-07
 1  2  17  2  0.4261E-07
 1  2  17  2  0.4261E-07
 1  2  17  2  0.4257E-07
 1  2  17  2  0.4244E-07
 1  2  17  2  0.4256E-07
 1  2  17  2  0.4248E-07
 1  2  17  2  0.4253E-07
 1  2  17  2  0.4270E-07
 1  2  18  2  0.4147E-07
 1  2  18  2  0.4053E-07
 1  2  18  2  0.4048E-07
 1  2  18  2  0.4046E-07
 1  2  18  2  0.4057E-07
 1  2  18  2  0.4056E-07
 1  2  18  2  0.4052E-07
 1  2  18  2  0.4050E-07
 1  2  18  2  0.4045E-07
 1  2  18  2  0.4057E-07
 1  2  19  2  0.4469E-07
 1  2  19  2  0.4364E-07
 1  2  19  2  0.4364E-07
 1  2  19  2  0.4362E-07
 1  2  19  2  0.4356E-07
 1  2  19  2  0.4376E-07
 1  2  19  2  0.4370E-07
 1  2  19  2  0.4350E-07
 1  2  19  2  0.4366E-07
 1  2  19  2  0.4351E-07
 1  2  20  2  0.4098E-07
 1  2  20  2  0.4041E-07
 1  2  20  2  0.4035E-07
 1  2  20  2  0.4036E-07
 1  2  20  2  0.4042E-07
 1  2  20  2  0.4056E-07
 1  2  20  2  0.4040E-07
 1  2  20  2  0.4031E-07
 1  2  20  2  0.4034E-07
 1  2  20  2  0.4024E-07
