 1  16  3  16  0.1587E-06
 1  16  3  16  0.1506E-06
 1  16  3  16  0.1494E-06
 1  16  3  16  0.1512E-06
 1  16  3  16  0.1486E-06
 1  16  3  16  0.1503E-06
 1  16  3  16  0.1499E-06
 1  16  3  16  0.1518E-06
 1  16  3  16  0.1498E-06
 1  16  3  16  0.1482E-06
 1  16  4  16  0.6807E-07
 1  16  4  16  0.6604E-07
 1  16  4  16  0.6512E-07
 1  16  4  16  0.6455E-07
 1  16  4  16  0.6554E-07
 1  16  4  16  0.6380E-07
 1  16  4  16  0.6445E-07
 1  16  4  16  0.6826E-07
 1  16  4  16  0.6474E-07
 1  16  4  16  0.6539E-07
 1  16  5  16  0.4026E-07
 1  16  5  16  0.3711E-07
 1  16  5  16  0.3712E-07
 1  16  5  16  0.3708E-07
 1  16  5  16  0.3659E-07
 1  16  5  16  0.3684E-07
 1  16  5  16  0.3671E-07
 1  16  5  16  0.3693E-07
 1  16  5  16  0.3798E-07
 1  16  5  16  0.3666E-07
 1  16  6  16  0.2453E-07
 1  16  6  16  0.2362E-07
 1  16  6  16  0.2355E-07
 1  16  6  16  0.2451E-07
 1  16  6  16  0.2391E-07
 1  16  6  16  0.2379E-07
 1  16  6  16  0.2344E-07
 1  16  6  16  0.2495E-07
 1  16  6  16  0.2454E-07
 1  16  6  16  0.2353E-07
 1  16  7  16  0.1784E-07
 1  16  7  16  0.1729E-07
 1  16  7  16  0.1727E-07
 1  16  7  16  0.1724E-07
 1  16  7  16  0.1721E-07
 1  16  7  16  0.1721E-07
 1  16  7  16  0.1725E-07
 1  16  7  16  0.1726E-07
 1  16  7  16  0.1721E-07
 1  16  7  16  0.1727E-07
 1  16  8  16  0.1143E-07
 1  16  8  16  0.1078E-07
 1  16  8  16  0.1080E-07
 1  16  8  16  0.1090E-07
 1  16  8  16  0.1070E-07
 1  16  8  16  0.1069E-07
 1  16  8  16  0.1079E-07
 1  16  8  16  0.1072E-07
 1  16  8  16  0.1072E-07
 1  16  8  16  0.1083E-07
 1  16  9  16  0.1160E-07
 1  16  9  16  0.1122E-07
 1  16  9  16  0.1114E-07
 1  16  9  16  0.1121E-07
 1  16  9  16  0.1116E-07
 1  16  9  16  0.1118E-07
 1  16  9  16  0.1120E-07
 1  16  9  16  0.1113E-07
 1  16  9  16  0.1119E-07
 1  16  9  16  0.1116E-07
 1  16  10  16  0.8091E-08
 1  16  10  16  0.7866E-08
 1  16  10  16  0.7865E-08
 1  16  10  16  0.7909E-08
 1  16  10  16  0.7891E-08
 1  16  10  16  0.7868E-08
 1  16  10  16  0.7835E-08
 1  16  10  16  0.7870E-08
 1  16  10  16  0.8247E-08
 1  16  10  16  0.7861E-08
 1  16  11  16  0.7256E-08
 1  16  11  16  0.7112E-08
 1  16  11  16  0.7065E-08
 1  16  11  16  0.7064E-08
 1  16  11  16  0.7073E-08
 1  16  11  16  0.7047E-08
 1  16  11  16  0.7059E-08
 1  16  11  16  0.7047E-08
 1  16  11  16  0.7029E-08
 1  16  11  16  0.7021E-08
 1  16  12  16  0.6127E-08
 1  16  12  16  0.5904E-08
 1  16  12  16  0.5930E-08
 1  16  12  16  0.5993E-08
 1  16  12  16  0.5980E-08
 1  16  12  16  0.6005E-08
 1  16  12  16  0.5976E-08
 1  16  12  16  0.5961E-08
 1  16  12  16  0.6031E-08
 1  16  12  16  0.5973E-08
 1  16  13  16  0.6063E-08
 1  16  13  16  0.5946E-08
 1  16  13  16  0.6021E-08
 1  16  13  16  0.5957E-08
 1  16  13  16  0.5850E-08
 1  16  13  16  0.5835E-08
 1  16  13  16  0.5951E-08
 1  16  13  16  0.5862E-08
 1  16  13  16  0.5857E-08
 1  16  13  16  0.5855E-08
 1  16  14  16  0.5693E-08
 1  16  14  16  0.5570E-08
 1  16  14  16  0.5604E-08
 1  16  14  16  0.5576E-08
 1  16  14  16  0.5542E-08
 1  16  14  16  0.5561E-08
 1  16  14  16  0.5545E-08
 1  16  14  16  0.5545E-08
 1  16  14  16  0.5535E-08
 1  16  14  16  0.5547E-08
 1  16  15  16  0.6310E-08
 1  16  15  16  0.6167E-08
 1  16  15  16  0.6186E-08
 1  16  15  16  0.6164E-08
 1  16  15  16  0.6163E-08
 1  16  15  16  0.6207E-08
 1  16  15  16  0.6176E-08
 1  16  15  16  0.6228E-08
 1  16  15  16  0.6204E-08
 1  16  15  16  0.6185E-08
 1  16  16  16  0.6971E-08
 1  16  16  16  0.6898E-08
 1  16  16  16  0.6876E-08
 1  16  16  16  0.6914E-08
 1  16  16  16  0.6876E-08
 1  16  16  16  0.6915E-08
 1  16  16  16  0.6897E-08
 1  16  16  16  0.6882E-08
 1  16  16  16  0.6895E-08
 1  16  16  16  0.6885E-08
 1  16  17  16  0.8260E-08
 1  16  17  16  0.8187E-08
 1  16  17  16  0.8190E-08
 1  16  17  16  0.8182E-08
 1  16  17  16  0.8193E-08
 1  16  17  16  0.8195E-08
 1  16  17  16  0.8188E-08
 1  16  17  16  0.8199E-08
 1  16  17  16  0.8221E-08
 1  16  17  16  0.8219E-08
 1  16  18  16  0.8066E-08
 1  16  18  16  0.8013E-08
 1  16  18  16  0.8017E-08
 1  16  18  16  0.8008E-08
 1  16  18  16  0.8012E-08
 1  16  18  16  0.8004E-08
 1  16  18  16  0.8002E-08
 1  16  18  16  0.8005E-08
 1  16  18  16  0.8014E-08
 1  16  18  16  0.8014E-08
 1  16  19  16  0.8232E-08
 1  16  19  16  0.8192E-08
 1  16  19  16  0.8197E-08
 1  16  19  16  0.8184E-08
 1  16  19  16  0.8188E-08
 1  16  19  16  0.8199E-08
 1  16  19  16  0.8185E-08
 1  16  19  16  0.8183E-08
 1  16  19  16  0.8190E-08
 1  16  19  16  0.8191E-08
 1  16  20  16  0.7763E-08
 1  16  20  16  0.7729E-08
 1  16  20  16  0.7730E-08
 1  16  20  16  0.7728E-08
 1  16  20  16  0.7755E-08
 1  16  20  16  0.7737E-08
 1  16  20  16  0.7748E-08
 1  16  20  16  0.7733E-08
 1  16  20  16  0.7751E-08
 1  16  20  16  0.7728E-08
