 1  16  3  16  0.1486E-06
 1  16  3  16  0.1416E-06
 1  16  3  16  0.1407E-06
 1  16  3  16  0.1411E-06
 1  16  3  16  0.1404E-06
 1  16  3  16  0.1413E-06
 1  16  3  16  0.1407E-06
 1  16  3  16  0.1412E-06
 1  16  3  16  0.1409E-06
 1  16  3  16  0.1406E-06
 1  16  4  16  0.5751E-07
 1  16  4  16  0.5540E-07
 1  16  4  16  0.5523E-07
 1  16  4  16  0.5709E-07
 1  16  4  16  0.5507E-07
 1  16  4  16  0.5518E-07
 1  16  4  16  0.5514E-07
 1  16  4  16  0.5485E-07
 1  16  4  16  0.5547E-07
 1  16  4  16  0.5737E-07
 1  16  5  16  0.3127E-07
 1  16  5  16  0.2977E-07
 1  16  5  16  0.2984E-07
 1  16  5  16  0.2960E-07
 1  16  5  16  0.2970E-07
 1  16  5  16  0.2960E-07
 1  16  5  16  0.2938E-07
 1  16  5  16  0.2950E-07
 1  16  5  16  0.2964E-07
 1  16  5  16  0.2952E-07
 1  16  6  16  0.1635E-07
 1  16  6  16  0.1687E-07
 1  16  6  16  0.1663E-07
 1  16  6  16  0.1548E-07
 1  16  6  16  0.1546E-07
 1  16  6  16  0.1538E-07
 1  16  6  16  0.1535E-07
 1  16  6  16  0.1541E-07
 1  16  6  16  0.1531E-07
 1  16  6  16  0.1649E-07
 1  16  7  16  0.1565E-07
 1  16  7  16  0.1419E-07
 1  16  7  16  0.1409E-07
 1  16  7  16  0.1407E-07
 1  16  7  16  0.1421E-07
 1  16  7  16  0.1417E-07
 1  16  7  16  0.1410E-07
 1  16  7  16  0.1409E-07
 1  16  7  16  0.1406E-07
 1  16  7  16  0.1430E-07
 1  16  8  16  0.9893E-08
 1  16  8  16  0.9618E-08
 1  16  8  16  0.8980E-08
 1  16  8  16  0.8936E-08
 1  16  8  16  0.8957E-08
 1  16  8  16  0.8908E-08
 1  16  8  16  0.9380E-08
 1  16  8  16  0.8952E-08
 1  16  8  16  0.8979E-08
 1  16  8  16  0.8980E-08
 1  16  9  16  0.8473E-08
 1  16  9  16  0.7591E-08
 1  16  9  16  0.7776E-08
 1  16  9  16  0.7653E-08
 1  16  9  16  0.7629E-08
 1  16  9  16  0.7578E-08
 1  16  9  16  0.7561E-08
 1  16  9  16  0.7618E-08
 1  16  9  16  0.7583E-08
 1  16  9  16  0.7565E-08
 1  16  10  16  0.7598E-08
 1  16  10  16  0.6846E-08
 1  16  10  16  0.6816E-08
 1  16  10  16  0.6860E-08
 1  16  10  16  0.6829E-08
 1  16  10  16  0.6817E-08
 1  16  10  16  0.6895E-08
 1  16  10  16  0.6835E-08
 1  16  10  16  0.6880E-08
 1  16  10  16  0.7212E-08
 1  16  11  16  0.7087E-08
 1  16  11  16  0.6451E-08
 1  16  11  16  0.6459E-08
 1  16  11  16  0.6393E-08
 1  16  11  16  0.6392E-08
 1  16  11  16  0.6374E-08
 1  16  11  16  0.6456E-08
 1  16  11  16  0.6459E-08
 1  16  11  16  0.6406E-08
 1  16  11  16  0.6436E-08
 1  16  12  16  0.6155E-08
 1  16  12  16  0.5619E-08
 1  16  12  16  0.5581E-08
 1  16  12  16  0.5588E-08
 1  16  12  16  0.5548E-08
 1  16  12  16  0.5539E-08
 1  16  12  16  0.5549E-08
 1  16  12  16  0.5543E-08
 1  16  12  16  0.5582E-08
 1  16  12  16  0.5574E-08
 1  16  13  16  0.6527E-08
 1  16  13  16  0.5974E-08
 1  16  13  16  0.5977E-08
 1  16  13  16  0.6205E-08
 1  16  13  16  0.6004E-08
 1  16  13  16  0.6087E-08
 1  16  13  16  0.6087E-08
 1  16  13  16  0.6134E-08
 1  16  13  16  0.6101E-08
 1  16  13  16  0.6033E-08
 1  16  14  16  0.6564E-08
 1  16  14  16  0.5942E-08
 1  16  14  16  0.5979E-08
 1  16  14  16  0.5928E-08
 1  16  14  16  0.6067E-08
 1  16  14  16  0.5922E-08
 1  16  14  16  0.5948E-08
 1  16  14  16  0.6020E-08
 1  16  14  16  0.5899E-08
 1  16  14  16  0.5966E-08
 1  16  15  16  0.6943E-08
 1  16  15  16  0.6425E-08
 1  16  15  16  0.6426E-08
 1  16  15  16  0.6516E-08
 1  16  15  16  0.6417E-08
 1  16  15  16  0.6418E-08
 1  16  15  16  0.6415E-08
 1  16  15  16  0.6430E-08
 1  16  15  16  0.6445E-08
 1  16  15  16  0.6764E-08
 1  16  16  16  0.7121E-08
 1  16  16  16  0.6701E-08
 1  16  16  16  0.6725E-08
 1  16  16  16  0.6726E-08
 1  16  16  16  0.6716E-08
 1  16  16  16  0.6742E-08
 1  16  16  16  0.6726E-08
 1  16  16  16  0.6745E-08
 1  16  16  16  0.6717E-08
 1  16  16  16  0.6733E-08
 1  16  17  16  0.8471E-08
 1  16  17  16  0.8096E-08
 1  16  17  16  0.8097E-08
 1  16  17  16  0.8014E-08
 1  16  17  16  0.8013E-08
 1  16  17  16  0.8054E-08
 1  16  17  16  0.8034E-08
 1  16  17  16  0.8025E-08
 1  16  17  16  0.8041E-08
 1  16  17  16  0.8107E-08
 1  16  18  16  0.7882E-08
 1  16  18  16  0.7526E-08
 1  16  18  16  0.7510E-08
 1  16  18  16  0.7511E-08
 1  16  18  16  0.7507E-08
 1  16  18  16  0.7515E-08
 1  16  18  16  0.7507E-08
 1  16  18  16  0.7508E-08
 1  16  18  16  0.7537E-08
 1  16  18  16  0.7543E-08
 1  16  19  16  0.8007E-08
 1  16  19  16  0.7782E-08
 1  16  19  16  0.7753E-08
 1  16  19  16  0.7762E-08
 1  16  19  16  0.7755E-08
 1  16  19  16  0.7765E-08
 1  16  19  16  0.7765E-08
 1  16  19  16  0.7828E-08
 1  16  19  16  0.7764E-08
 1  16  19  16  0.7770E-08
 1  16  20  16  0.7617E-08
 1  16  20  16  0.7354E-08
 1  16  20  16  0.7356E-08
 1  16  20  16  0.7360E-08
 1  16  20  16  0.7350E-08
 1  16  20  16  0.7360E-08
 1  16  20  16  0.7349E-08
 1  16  20  16  0.7353E-08
 1  16  20  16  0.7382E-08
 1  16  20  16  0.7360E-08
