 1  32  3  32  0.4450E-07
 1  32  3  32  0.3853E-07
 1  32  3  32  0.3951E-07
 1  32  3  32  0.3872E-07
 1  32  3  32  0.4071E-07
 1  32  3  32  0.3958E-07
 1  32  3  32  0.3848E-07
 1  32  3  32  0.4026E-07
 1  32  3  32  0.3880E-07
 1  32  3  32  0.3835E-07
 1  32  4  32  0.2114E-07
 1  32  4  32  0.1847E-07
 1  32  4  32  0.1823E-07
 1  32  4  32  0.1843E-07
 1  32  4  32  0.1912E-07
 1  32  4  32  0.1883E-07
 1  32  4  32  0.1818E-07
 1  32  4  32  0.1899E-07
 1  32  4  32  0.1818E-07
 1  32  4  32  0.1822E-07
 1  32  5  32  0.1167E-07
 1  32  5  32  0.1014E-07
 1  32  5  32  0.1041E-07
 1  32  5  32  0.1010E-07
 1  32  5  32  0.1038E-07
 1  32  5  32  0.1007E-07
 1  32  5  32  0.1037E-07
 1  32  5  32  0.1047E-07
 1  32  5  32  0.1009E-07
 1  32  5  32  0.1008E-07
 1  32  6  32  0.7450E-08
 1  32  6  32  0.6894E-08
 1  32  6  32  0.6840E-08
 1  32  6  32  0.7183E-08
 1  32  6  32  0.6879E-08
 1  32  6  32  0.6872E-08
 1  32  6  32  0.6834E-08
 1  32  6  32  0.6848E-08
 1  32  6  32  0.6855E-08
 1  32  6  32  0.6839E-08
 1  32  7  32  0.5902E-08
 1  32  7  32  0.5365E-08
 1  32  7  32  0.5518E-08
 1  32  7  32  0.5405E-08
 1  32  7  32  0.5393E-08
 1  32  7  32  0.5502E-08
 1  32  7  32  0.5400E-08
 1  32  7  32  0.5363E-08
 1  32  7  32  0.5387E-08
 1  32  7  32  0.5388E-08
 1  32  8  32  0.4659E-08
 1  32  8  32  0.4111E-08
 1  32  8  32  0.4125E-08
 1  32  8  32  0.4119E-08
 1  32  8  32  0.4098E-08
 1  32  8  32  0.4104E-08
 1  32  8  32  0.4108E-08
 1  32  8  32  0.4124E-08
 1  32  8  32  0.4270E-08
 1  32  8  32  0.4108E-08
 1  32  9  32  0.4407E-08
 1  32  9  32  0.4043E-08
 1  32  9  32  0.4100E-08
 1  32  9  32  0.4084E-08
 1  32  9  32  0.4007E-08
 1  32  9  32  0.4122E-08
 1  32  9  32  0.4017E-08
 1  32  9  32  0.4006E-08
 1  32  9  32  0.4083E-08
 1  32  9  32  0.4026E-08
 1  32  10  32  0.4127E-08
 1  32  10  32  0.3839E-08
 1  32  10  32  0.3817E-08
 1  32  10  32  0.3919E-08
 1  32  10  32  0.3822E-08
 1  32  10  32  0.3814E-08
 1  32  10  32  0.3844E-08
 1  32  10  32  0.3939E-08
 1  32  10  32  0.3884E-08
 1  32  10  32  0.3832E-08
 1  32  11  32  0.3958E-08
 1  32  11  32  0.3678E-08
 1  32  11  32  0.3649E-08
 1  32  11  32  0.3663E-08
 1  32  11  32  0.3736E-08
 1  32  11  32  0.3668E-08
 1  32  11  32  0.3683E-08
 1  32  11  32  0.3652E-08
 1  32  11  32  0.3681E-08
 1  32  11  32  0.3647E-08
 1  32  12  32  0.2715E-08
 1  32  12  32  0.2373E-08
 1  32  12  32  0.2392E-08
 1  32  12  32  0.2369E-08
 1  32  12  32  0.2459E-08
 1  32  12  32  0.2423E-08
 1  32  12  32  0.2371E-08
 1  32  12  32  0.2430E-08
 1  32  12  32  0.2462E-08
 1  32  12  32  0.2466E-08
 1  32  13  32  0.3823E-08
 1  32  13  32  0.3531E-08
 1  32  13  32  0.3523E-08
 1  32  13  32  0.3510E-08
 1  32  13  32  0.3518E-08
 1  32  13  32  0.3513E-08
 1  32  13  32  0.3520E-08
 1  32  13  32  0.3510E-08
 1  32  13  32  0.3535E-08
 1  32  13  32  0.3518E-08
 1  32  14  32  0.2896E-08
 1  32  14  32  0.2555E-08
 1  32  14  32  0.2546E-08
 1  32  14  32  0.2551E-08
 1  32  14  32  0.2533E-08
 1  32  14  32  0.2534E-08
 1  32  14  32  0.2523E-08
 1  32  14  32  0.2532E-08
 1  32  14  32  0.2547E-08
 1  32  14  32  0.2546E-08
 1  32  15  32  0.3863E-08
 1  32  15  32  0.3650E-08
 1  32  15  32  0.3663E-08
 1  32  15  32  0.3638E-08
 1  32  15  32  0.3650E-08
 1  32  15  32  0.3693E-08
 1  32  15  32  0.3667E-08
 1  32  15  32  0.3674E-08
 1  32  15  32  0.3669E-08
 1  32  15  32  0.3652E-08
 1  32  16  32  0.3217E-08
 1  32  16  32  0.3000E-08
 1  32  16  32  0.3015E-08
 1  32  16  32  0.3006E-08
 1  32  16  32  0.3016E-08
 1  32  16  32  0.3025E-08
 1  32  16  32  0.3060E-08
 1  32  16  32  0.3055E-08
 1  32  16  32  0.3009E-08
 1  32  16  32  0.2996E-08
 1  32  17  32  0.3462E-08
 1  32  17  32  0.3337E-08
 1  32  17  32  0.3310E-08
 1  32  17  32  0.3312E-08
 1  32  17  32  0.3312E-08
 1  32  17  32  0.3311E-08
 1  32  17  32  0.3311E-08
 1  32  17  32  0.3294E-08
 1  32  17  32  0.3302E-08
 1  32  17  32  0.3308E-08
 1  32  18  32  0.3253E-08
 1  32  18  32  0.3084E-08
 1  32  18  32  0.3101E-08
 1  32  18  32  0.3105E-08
 1  32  18  32  0.3116E-08
 1  32  18  32  0.3089E-08
 1  32  18  32  0.3094E-08
 1  32  18  32  0.3079E-08
 1  32  18  32  0.3077E-08
 1  32  18  32  0.3081E-08
 1  32  19  32  0.3380E-08
 1  32  19  32  0.3239E-08
 1  32  19  32  0.3244E-08
 1  32  19  32  0.3229E-08
 1  32  19  32  0.3258E-08
 1  32  19  32  0.3251E-08
 1  32  19  32  0.3223E-08
 1  32  19  32  0.3230E-08
 1  32  19  32  0.3224E-08
 1  32  19  32  0.3232E-08
 1  32  20  32  0.3182E-08
 1  32  20  32  0.3094E-08
 1  32  20  32  0.3074E-08
 1  32  20  32  0.3065E-08
 1  32  20  32  0.3609E-08
 1  32  20  32  0.3313E-08
 1  32  20  32  0.3064E-08
 1  32  20  32  0.3067E-08
 1  32  20  32  0.3078E-08
 1  32  20  32  0.3061E-08
