 1  16  3  16  0.7453E-07
 1  16  3  16  0.6929E-07
 1  16  3  16  0.6750E-07
 1  16  3  16  0.6734E-07
 1  16  3  16  0.6480E-07
 1  16  3  16  0.6459E-07
 1  16  3  16  0.6625E-07
 1  16  3  16  0.6932E-07
 1  16  3  16  0.6597E-07
 1  16  3  16  0.6692E-07
 1  16  4  16  0.4960E-07
 1  16  4  16  0.4970E-07
 1  16  4  16  0.4607E-07
 1  16  4  16  0.5017E-07
 1  16  4  16  0.4808E-07
 1  16  4  16  0.4710E-07
 1  16  4  16  0.5002E-07
 1  16  4  16  0.4713E-07
 1  16  4  16  0.4565E-07
 1  16  4  16  0.4594E-07
 1  16  5  16  0.3067E-07
 1  16  5  16  0.2872E-07
 1  16  5  16  0.2832E-07
 1  16  5  16  0.2810E-07
 1  16  5  16  0.2886E-07
 1  16  5  16  0.2782E-07
 1  16  5  16  0.2840E-07
 1  16  5  16  0.2834E-07
 1  16  5  16  0.2754E-07
 1  16  5  16  0.2808E-07
 1  16  6  16  0.1835E-07
 1  16  6  16  0.1794E-07
 1  16  6  16  0.1790E-07
 1  16  6  16  0.1788E-07
 1  16  6  16  0.1777E-07
 1  16  6  16  0.1789E-07
 1  16  6  16  0.1771E-07
 1  16  6  16  0.1761E-07
 1  16  6  16  0.1782E-07
 1  16  6  16  0.1758E-07
 1  16  7  16  0.1312E-07
 1  16  7  16  0.1207E-07
 1  16  7  16  0.1193E-07
 1  16  7  16  0.1190E-07
 1  16  7  16  0.1185E-07
 1  16  7  16  0.1194E-07
 1  16  7  16  0.1204E-07
 1  16  7  16  0.1202E-07
 1  16  7  16  0.1191E-07
 1  16  7  16  0.1206E-07
 1  16  8  16  0.9996E-08
 1  16  8  16  0.9362E-08
 1  16  8  16  0.9483E-08
 1  16  8  16  0.9277E-08
 1  16  8  16  0.9786E-08
 1  16  8  16  0.9265E-08
 1  16  8  16  0.9298E-08
 1  16  8  16  0.9472E-08
 1  16  8  16  0.9285E-08
 1  16  8  16  0.9260E-08
 1  16  9  16  0.8539E-08
 1  16  9  16  0.8338E-08
 1  16  9  16  0.8398E-08
 1  16  9  16  0.8237E-08
 1  16  9  16  0.8321E-08
 1  16  9  16  0.8252E-08
 1  16  9  16  0.8262E-08
 1  16  9  16  0.8293E-08
 1  16  9  16  0.8249E-08
 1  16  9  16  0.8643E-08
 1  16  10  16  0.7683E-08
 1  16  10  16  0.7484E-08
 1  16  10  16  0.7515E-08
 1  16  10  16  0.7494E-08
 1  16  10  16  0.7484E-08
 1  16  10  16  0.7502E-08
 1  16  10  16  0.7456E-08
 1  16  10  16  0.7454E-08
 1  16  10  16  0.7590E-08
 1  16  10  16  0.7456E-08
 1  16  11  16  0.7078E-08
 1  16  11  16  0.7088E-08
 1  16  11  16  0.6852E-08
 1  16  11  16  0.6865E-08
 1  16  11  16  0.6870E-08
 1  16  11  16  0.6858E-08
 1  16  11  16  0.6839E-08
 1  16  11  16  0.6840E-08
 1  16  11  16  0.6871E-08
 1  16  11  16  0.6834E-08
 1  16  12  16  0.5851E-08
 1  16  12  16  0.5741E-08
 1  16  12  16  0.5768E-08
 1  16  12  16  0.5765E-08
 1  16  12  16  0.5763E-08
 1  16  12  16  0.5755E-08
 1  16  12  16  0.5746E-08
 1  16  12  16  0.5755E-08
 1  16  12  16  0.5758E-08
 1  16  12  16  0.5734E-08
 1  16  13  16  0.5831E-08
 1  16  13  16  0.5669E-08
 1  16  13  16  0.5645E-08
 1  16  13  16  0.5668E-08
 1  16  13  16  0.5637E-08
 1  16  13  16  0.5644E-08
 1  16  13  16  0.5651E-08
 1  16  13  16  0.5636E-08
 1  16  13  16  0.5662E-08
 1  16  13  16  0.5632E-08
 1  16  14  16  0.5877E-08
 1  16  14  16  0.5705E-08
 1  16  14  16  0.5721E-08
 1  16  14  16  0.5711E-08
 1  16  14  16  0.5696E-08
 1  16  14  16  0.5699E-08
 1  16  14  16  0.5703E-08
 1  16  14  16  0.5888E-08
 1  16  14  16  0.5808E-08
 1  16  14  16  0.5731E-08
 1  16  15  16  0.5510E-08
 1  16  15  16  0.5369E-08
 1  16  15  16  0.5521E-08
 1  16  15  16  0.5416E-08
 1  16  15  16  0.5394E-08
 1  16  15  16  0.5452E-08
 1  16  15  16  0.5383E-08
 1  16  15  16  0.5407E-08
 1  16  15  16  0.5384E-08
 1  16  15  16  0.5404E-08
 1  16  16  16  0.6142E-08
 1  16  16  16  0.5982E-08
 1  16  16  16  0.5948E-08
 1  16  16  16  0.5923E-08
 1  16  16  16  0.5935E-08
 1  16  16  16  0.5931E-08
 1  16  16  16  0.5919E-08
 1  16  16  16  0.5917E-08
 1  16  16  16  0.5919E-08
 1  16  16  16  0.5917E-08
 1  16  17  16  0.7411E-08
 1  16  17  16  0.7392E-08
 1  16  17  16  0.7267E-08
 1  16  17  16  0.7282E-08
 1  16  17  16  0.7284E-08
 1  16  17  16  0.7294E-08
 1  16  17  16  0.7354E-08
 1  16  17  16  0.7299E-08
 1  16  17  16  0.7375E-08
 1  16  17  16  0.7373E-08
 1  16  18  16  0.7278E-08
 1  16  18  16  0.7197E-08
 1  16  18  16  0.7227E-08
 1  16  18  16  0.7202E-08
 1  16  18  16  0.7197E-08
 1  16  18  16  0.7210E-08
 1  16  18  16  0.7196E-08
 1  16  18  16  0.7191E-08
 1  16  18  16  0.7201E-08
 1  16  18  16  0.7194E-08
 1  16  19  16  0.7551E-08
 1  16  19  16  0.7515E-08
 1  16  19  16  0.7516E-08
 1  16  19  16  0.7506E-08
 1  16  19  16  0.7547E-08
 1  16  19  16  0.7607E-08
 1  16  19  16  0.7562E-08
 1  16  19  16  0.7555E-08
 1  16  19  16  0.7518E-08
 1  16  19  16  0.7518E-08
 1  16  20  16  0.7237E-08
 1  16  20  16  0.7198E-08
 1  16  20  16  0.7257E-08
 1  16  20  16  0.7255E-08
 1  16  20  16  0.7252E-08
 1  16  20  16  0.7253E-08
 1  16  20  16  0.7251E-08
 1  16  20  16  0.7246E-08
 1  16  20  16  0.7248E-08
 1  16  20  16  0.7256E-08
