 1  1  3  1  0.9122E-07
 1  1  3  1  0.8136E-07
 1  1  3  1  0.8109E-07
 1  1  3  1  0.8618E-07
 1  1  3  1  0.8618E-07
 1  1  3  1  0.8480E-07
 1  1  3  1  0.8209E-07
 1  1  3  1  0.8568E-07
 1  1  3  1  0.8507E-07
 1  1  3  1  0.8457E-07
 1  1  4  1  0.7000E-07
 1  1  4  1  0.6964E-07
 1  1  4  1  0.6959E-07
 1  1  4  1  0.7010E-07
 1  1  4  1  0.6902E-07
 1  1  4  1  0.6932E-07
 1  1  4  1  0.6871E-07
 1  1  4  1  0.6912E-07
 1  1  4  1  0.7005E-07
 1  1  4  1  0.6855E-07
 1  1  5  1  0.6725E-07
 1  1  5  1  0.6648E-07
 1  1  5  1  0.6581E-07
 1  1  5  1  0.6603E-07
 1  1  5  1  0.6549E-07
 1  1  5  1  0.6595E-07
 1  1  5  1  0.6563E-07
 1  1  5  1  0.6603E-07
 1  1  5  1  0.6568E-07
 1  1  5  1  0.6600E-07
 1  1  6  1  0.5807E-07
 1  1  6  1  0.5833E-07
 1  1  6  1  0.5769E-07
 1  1  6  1  0.5745E-07
 1  1  6  1  0.5701E-07
 1  1  6  1  0.5784E-07
 1  1  6  1  0.5758E-07
 1  1  6  1  0.5765E-07
 1  1  6  1  0.5724E-07
 1  1  6  1  0.5696E-07
 1  1  7  1  0.6518E-07
 1  1  7  1  0.6387E-07
 1  1  7  1  0.6357E-07
 1  1  7  1  0.6376E-07
 1  1  7  1  0.6363E-07
 1  1  7  1  0.6358E-07
 1  1  7  1  0.6362E-07
 1  1  7  1  0.6341E-07
 1  1  7  1  0.6342E-07
 1  1  7  1  0.6324E-07
 1  1  8  1  0.6555E-07
 1  1  8  1  0.7657E-07
 1  1  8  1  0.6470E-07
 1  1  8  1  0.6450E-07
 1  1  8  1  0.6449E-07
 1  1  8  1  0.6447E-07
 1  1  8  1  0.6454E-07
 1  1  8  1  0.6462E-07
 1  1  8  1  0.6445E-07
 1  1  8  1  0.6450E-07
 1  1  9  1  0.7011E-07
 1  1  9  1  0.6950E-07
 1  1  9  1  0.6941E-07
 1  1  9  1  0.6963E-07
 1  1  9  1  0.6941E-07
 1  1  9  1  0.6950E-07
 1  1  9  1  0.6973E-07
 1  1  9  1  0.6939E-07
 1  1  9  1  0.6961E-07
 1  1  9  1  0.6967E-07
 1  1  10  1  0.6969E-07
 1  1  10  1  0.6939E-07
 1  1  10  1  0.6926E-07
 1  1  10  1  0.6928E-07
 1  1  10  1  0.6917E-07
 1  1  10  1  0.6911E-07
 1  1  10  1  0.6920E-07
 1  1  10  1  0.7032E-07
 1  1  10  1  0.6914E-07
 1  1  10  1  0.6903E-07
 1  1  11  1  0.7000E-07
 1  1  11  1  0.6982E-07
 1  1  11  1  0.6975E-07
 1  1  11  1  0.6986E-07
 1  1  11  1  0.6970E-07
 1  1  11  1  0.6971E-07
 1  1  11  1  0.6983E-07
 1  1  11  1  0.6980E-07
 1  1  11  1  0.6978E-07
 1  1  11  1  0.6984E-07
 1  1  12  1  0.5884E-07
 1  1  12  1  0.5877E-07
 1  1  12  1  0.5911E-07
 1  1  12  1  0.5857E-07
 1  1  12  1  0.5855E-07
 1  1  12  1  0.5861E-07
 1  1  12  1  0.5845E-07
 1  1  12  1  0.5869E-07
 1  1  12  1  0.5862E-07
 1  1  12  1  0.5861E-07
 1  1  13  1  0.6179E-07
 1  1  13  1  0.6150E-07
 1  1  13  1  0.6226E-07
 1  1  13  1  0.6159E-07
 1  1  13  1  0.6168E-07
 1  1  13  1  0.6144E-07
 1  1  13  1  0.6142E-07
 1  1  13  1  0.6146E-07
 1  1  13  1  0.6149E-07
 1  1  13  1  0.6161E-07
 1  1  14  1  0.5701E-07
 1  1  14  1  0.5672E-07
 1  1  14  1  0.5690E-07
 1  1  14  1  0.5670E-07
 1  1  14  1  0.5729E-07
 1  1  14  1  0.5664E-07
 1  1  14  1  0.5690E-07
 1  1  14  1  0.5654E-07
 1  1  14  1  0.5662E-07
 1  1  14  1  0.5652E-07
 1  1  15  1  0.6315E-07
 1  1  15  1  0.6267E-07
 1  1  15  1  0.6310E-07
 1  1  15  1  0.6279E-07
 1  1  15  1  0.6258E-07
 1  1  15  1  0.6291E-07
 1  1  15  1  0.6273E-07
 1  1  15  1  0.6262E-07
 1  1  15  1  0.6269E-07
 1  1  15  1  0.6284E-07
 1  1  16  1  0.6456E-07
 1  1  16  1  0.6430E-07
 1  1  16  1  0.6441E-07
 1  1  16  1  0.6435E-07
 1  1  16  1  0.6430E-07
 1  1  16  1  0.6428E-07
 1  1  16  1  0.6426E-07
 1  1  16  1  0.6431E-07
 1  1  16  1  0.6426E-07
 1  1  16  1  0.6436E-07
 1  1  17  1  0.8858E-07
 1  1  17  1  0.8867E-07
 1  1  17  1  0.8822E-07
 1  1  17  1  0.8820E-07
 1  1  17  1  0.8819E-07
 1  1  17  1  0.8815E-07
 1  1  17  1  0.8819E-07
 1  1  17  1  0.8820E-07
 1  1  17  1  0.8817E-07
 1  1  17  1  0.8820E-07
 1  1  18  1  0.8856E-07
 1  1  18  1  0.8831E-07
 1  1  18  1  0.8837E-07
 1  1  18  1  0.8837E-07
 1  1  18  1  0.8939E-07
 1  1  18  1  0.8973E-07
 1  1  18  1  0.8970E-07
 1  1  18  1  0.8972E-07
 1  1  18  1  0.8968E-07
 1  1  18  1  0.8969E-07
 1  1  19  1  0.9367E-07
 1  1  19  1  0.9347E-07
 1  1  19  1  0.9375E-07
 1  1  19  1  0.9360E-07
 1  1  19  1  0.9368E-07
 1  1  19  1  0.9355E-07
 1  1  19  1  0.9350E-07
 1  1  19  1  0.9351E-07
 1  1  19  1  0.9345E-07
 1  1  19  1  0.9358E-07
 1  1  20  1  0.9129E-07
 1  1  20  1  0.9115E-07
 1  1  20  1  0.9116E-07
 1  1  20  1  0.9119E-07
 1  1  20  1  0.9119E-07
 1  1  20  1  0.9118E-07
 1  1  20  1  0.9119E-07
 1  1  20  1  0.9114E-07
 1  1  20  1  0.9122E-07
 1  1  20  1  0.9125E-07
