 1  64  3  64  0.4614E-07
 1  64  3  64  0.4129E-07
 1  64  3  64  0.4129E-07
 1  64  3  64  0.4153E-07
 1  64  3  64  0.4175E-07
 1  64  3  64  0.4174E-07
 1  64  3  64  0.4108E-07
 1  64  3  64  0.4177E-07
 1  64  3  64  0.4178E-07
 1  64  3  64  0.4139E-07
 1  64  4  64  0.2083E-07
 1  64  4  64  0.1836E-07
 1  64  4  64  0.1847E-07
 1  64  4  64  0.1836E-07
 1  64  4  64  0.1848E-07
 1  64  4  64  0.1829E-07
 1  64  4  64  0.1809E-07
 1  64  4  64  0.1819E-07
 1  64  4  64  0.1805E-07
 1  64  4  64  0.1818E-07
 1  64  5  64  0.1176E-07
 1  64  5  64  0.1044E-07
 1  64  5  64  0.1048E-07
 1  64  5  64  0.1070E-07
 1  64  5  64  0.1047E-07
 1  64  5  64  0.1048E-07
 1  64  5  64  0.1032E-07
 1  64  5  64  0.1059E-07
 1  64  5  64  0.1041E-07
 1  64  5  64  0.1048E-07
 1  64  6  64  0.7368E-08
 1  64  6  64  0.6602E-08
 1  64  6  64  0.6547E-08
 1  64  6  64  0.6443E-08
 1  64  6  64  0.6529E-08
 1  64  6  64  0.6425E-08
 1  64  6  64  0.6454E-08
 1  64  6  64  0.6526E-08
 1  64  6  64  0.6380E-08
 1  64  6  64  0.6476E-08
 1  64  7  64  0.5832E-08
 1  64  7  64  0.5183E-08
 1  64  7  64  0.5101E-08
 1  64  7  64  0.5220E-08
 1  64  7  64  0.5137E-08
 1  64  7  64  0.5209E-08
 1  64  7  64  0.5155E-08
 1  64  7  64  0.5200E-08
 1  64  7  64  0.5112E-08
 1  64  7  64  0.5185E-08
 1  64  8  64  0.3857E-08
 1  64  8  64  0.3560E-08
 1  64  8  64  0.3565E-08
 1  64  8  64  0.3587E-08
 1  64  8  64  0.3521E-08
 1  64  8  64  0.3601E-08
 1  64  8  64  0.3595E-08
 1  64  8  64  0.3539E-08
 1  64  8  64  0.3585E-08
 1  64  8  64  0.3593E-08
 1  64  9  64  0.3545E-08
 1  64  9  64  0.3336E-08
 1  64  9  64  0.3319E-08
 1  64  9  64  0.3312E-08
 1  64  9  64  0.3316E-08
 1  64  9  64  0.3366E-08
 1  64  9  64  0.3311E-08
 1  64  9  64  0.3322E-08
 1  64  9  64  0.3322E-08
 1  64  9  64  0.3296E-08
 1  64  10  64  0.3360E-08
 1  64  10  64  0.3144E-08
 1  64  10  64  0.3149E-08
 1  64  10  64  0.3147E-08
 1  64  10  64  0.3155E-08
 1  64  10  64  0.3165E-08
 1  64  10  64  0.3176E-08
 1  64  10  64  0.3157E-08
 1  64  10  64  0.3148E-08
 1  64  10  64  0.3141E-08
 1  64  11  64  0.3362E-08
 1  64  11  64  0.3130E-08
 1  64  11  64  0.3149E-08
 1  64  11  64  0.3119E-08
 1  64  11  64  0.3121E-08
 1  64  11  64  0.3124E-08
 1  64  11  64  0.3145E-08
 1  64  11  64  0.3152E-08
 1  64  11  64  0.3118E-08
 1  64  11  64  0.3115E-08
 1  64  12  64  0.3647E-08
 1  64  12  64  0.3515E-08
 1  64  12  64  0.3512E-08
 1  64  12  64  0.3513E-08
 1  64  12  64  0.3502E-08
 1  64  12  64  0.3516E-08
 1  64  12  64  0.3549E-08
 1  64  12  64  0.3556E-08
 1  64  12  64  0.3531E-08
 1  64  12  64  0.3533E-08
 1  64  13  64  0.3598E-08
 1  64  13  64  0.3463E-08
 1  64  13  64  0.3467E-08
 1  64  13  64  0.3481E-08
 1  64  13  64  0.3488E-08
 1  64  13  64  0.3489E-08
 1  64  13  64  0.3472E-08
 1  64  13  64  0.3473E-08
 1  64  13  64  0.3482E-08
 1  64  13  64  0.3475E-08
 1  64  14  64  0.3104E-08
 1  64  14  64  0.2988E-08
 1  64  14  64  0.2976E-08
 1  64  14  64  0.2982E-08
 1  64  14  64  0.2980E-08
 1  64  14  64  0.2991E-08
 1  64  14  64  0.2991E-08
 1  64  14  64  0.2995E-08
 1  64  14  64  0.2980E-08
 1  64  14  64  0.2981E-08
 1  64  15  64  0.3366E-08
 1  64  15  64  0.3291E-08
 1  64  15  64  0.3305E-08
 1  64  15  64  0.3289E-08
 1  64  15  64  0.3283E-08
 1  64  15  64  0.3287E-08
 1  64  15  64  0.3289E-08
 1  64  15  64  0.3270E-08
 1  64  15  64  0.3284E-08
 1  64  15  64  0.3278E-08
 1  64  16  64  0.2982E-08
 1  64  16  64  0.2930E-08
 1  64  16  64  0.2934E-08
 1  64  16  64  0.2932E-08
 1  64  16  64  0.2927E-08
 1  64  16  64  0.2933E-08
 1  64  16  64  0.2922E-08
 1  64  16  64  0.2916E-08
 1  64  16  64  0.2940E-08
 1  64  16  64  0.2940E-08
 1  64  17  64  0.3126E-08
 1  64  17  64  0.3088E-08
 1  64  17  64  0.3083E-08
 1  64  17  64  0.3088E-08
 1  64  17  64  0.3079E-08
 1  64  17  64  0.3071E-08
 1  64  17  64  0.3094E-08
 1  64  17  64  0.3091E-08
 1  64  17  64  0.3106E-08
 1  64  17  64  0.3087E-08
 1  64  18  64  0.3087E-08
 1  64  18  64  0.3021E-08
 1  64  18  64  0.3013E-08
 1  64  18  64  0.3020E-08
 1  64  18  64  0.3011E-08
 1  64  18  64  0.3017E-08
 1  64  18  64  0.3019E-08
 1  64  18  64  0.3006E-08
 1  64  18  64  0.3020E-08
 1  64  18  64  0.3037E-08
 1  64  19  64  0.2784E-08
 1  64  19  64  0.2739E-08
 1  64  19  64  0.2755E-08
 1  64  19  64  0.2744E-08
 1  64  19  64  0.2749E-08
 1  64  19  64  0.2740E-08
 1  64  19  64  0.2751E-08
 1  64  19  64  0.2748E-08
 1  64  19  64  0.2732E-08
 1  64  19  64  0.2736E-08
 1  64  20  64  0.2666E-08
 1  64  20  64  0.2651E-08
 1  64  20  64  0.2630E-08
 1  64  20  64  0.2629E-08
 1  64  20  64  0.2618E-08
 1  64  20  64  0.2627E-08
 1  64  20  64  0.2619E-08
 1  64  20  64  0.2619E-08
 1  64  20  64  0.2617E-08
 1  64  20  64  0.2624E-08
