 1  2  3  2  0.2601E-06
 1  2  3  2  0.2507E-06
 1  2  3  2  0.2437E-06
 1  2  3  2  0.2467E-06
 1  2  3  2  0.2415E-06
 1  2  3  2  0.2402E-06
 1  2  3  2  0.2375E-06
 1  2  3  2  0.2349E-06
 1  2  3  2  0.2406E-06
 1  2  3  2  0.2360E-06
 1  2  4  2  0.2003E-06
 1  2  4  2  0.1864E-06
 1  2  4  2  0.2256E-06
 1  2  4  2  0.2285E-06
 1  2  4  2  0.2078E-06
 1  2  4  2  0.2263E-06
 1  2  4  2  0.2331E-06
 1  2  4  2  0.2357E-06
 1  2  4  2  0.2029E-06
 1  2  4  2  0.1850E-06
 1  2  5  2  0.1265E-06
 1  2  5  2  0.1167E-06
 1  2  5  2  0.1172E-06
 1  2  5  2  0.1184E-06
 1  2  5  2  0.1159E-06
 1  2  5  2  0.1168E-06
 1  2  5  2  0.1167E-06
 1  2  5  2  0.1160E-06
 1  2  5  2  0.1186E-06
 1  2  5  2  0.1169E-06
 1  2  6  2  0.7899E-07
 1  2  6  2  0.7770E-07
 1  2  6  2  0.7832E-07
 1  2  6  2  0.7904E-07
 1  2  6  2  0.7737E-07
 1  2  6  2  0.7764E-07
 1  2  6  2  0.7774E-07
 1  2  6  2  0.7842E-07
 1  2  6  2  0.7814E-07
 1  2  6  2  0.7594E-07
 1  2  7  2  0.6503E-07
 1  2  7  2  0.5936E-07
 1  2  7  2  0.5870E-07
 1  2  7  2  0.5871E-07
 1  2  7  2  0.5786E-07
 1  2  7  2  0.5795E-07
 1  2  7  2  0.5810E-07
 1  2  7  2  0.5762E-07
 1  2  7  2  0.5802E-07
 1  2  7  2  0.5804E-07
 1  2  8  2  0.7012E-07
 1  2  8  2  0.6960E-07
 1  2  8  2  0.7128E-07
 1  2  8  2  0.7018E-07
 1  2  8  2  0.6574E-07
 1  2  8  2  0.6649E-07
 1  2  8  2  0.6804E-07
 1  2  8  2  0.6815E-07
 1  2  8  2  0.6936E-07
 1  2  8  2  0.7076E-07
 1  2  9  2  0.4832E-07
 1  2  9  2  0.4520E-07
 1  2  9  2  0.4469E-07
 1  2  9  2  0.4406E-07
 1  2  9  2  0.4376E-07
 1  2  9  2  0.4392E-07
 1  2  9  2  0.4455E-07
 1  2  9  2  0.4393E-07
 1  2  9  2  0.4388E-07
 1  2  9  2  0.4397E-07
 1  2  10  2  0.4579E-07
 1  2  10  2  0.4240E-07
 1  2  10  2  0.4165E-07
 1  2  10  2  0.4246E-07
 1  2  10  2  0.4196E-07
 1  2  10  2  0.4194E-07
 1  2  10  2  0.4207E-07
 1  2  10  2  0.4218E-07
 1  2  10  2  0.4176E-07
 1  2  10  2  0.4184E-07
 1  2  11  2  0.4441E-07
 1  2  11  2  0.4069E-07
 1  2  11  2  0.4063E-07
 1  2  11  2  0.4023E-07
 1  2  11  2  0.4022E-07
 1  2  11  2  0.4015E-07
 1  2  11  2  0.3992E-07
 1  2  11  2  0.4011E-07
 1  2  11  2  0.4022E-07
 1  2  11  2  0.4051E-07
 1  2  12  2  0.4636E-07
 1  2  12  2  0.3942E-07
 1  2  12  2  0.4030E-07
 1  2  12  2  0.4075E-07
 1  2  12  2  0.4036E-07
 1  2  12  2  0.3915E-07
 1  2  12  2  0.4128E-07
 1  2  12  2  0.4302E-07
 1  2  12  2  0.3996E-07
 1  2  12  2  0.3999E-07
 1  2  13  2  0.4730E-07
 1  2  13  2  0.4374E-07
 1  2  13  2  0.4353E-07
 1  2  13  2  0.4315E-07
 1  2  13  2  0.4378E-07
 1  2  13  2  0.4339E-07
 1  2  13  2  0.4307E-07
 1  2  13  2  0.4326E-07
 1  2  13  2  0.4349E-07
 1  2  13  2  0.4362E-07
 1  2  14  2  0.4458E-07
 1  2  14  2  0.4214E-07
 1  2  14  2  0.4236E-07
 1  2  14  2  0.4218E-07
 1  2  14  2  0.4229E-07
 1  2  14  2  0.4195E-07
 1  2  14  2  0.4204E-07
 1  2  14  2  0.4216E-07
 1  2  14  2  0.4251E-07
 1  2  14  2  0.4159E-07
 1  2  15  2  0.4808E-07
 1  2  15  2  0.4511E-07
 1  2  15  2  0.4531E-07
 1  2  15  2  0.4546E-07
 1  2  15  2  0.4525E-07
 1  2  15  2  0.4552E-07
 1  2  15  2  0.4542E-07
 1  2  15  2  0.4547E-07
 1  2  15  2  0.4551E-07
 1  2  15  2  0.4540E-07
 1  2  16  2  0.4620E-07
 1  2  16  2  0.4405E-07
 1  2  16  2  0.4387E-07
 1  2  16  2  0.4383E-07
 1  2  16  2  0.4387E-07
 1  2  16  2  0.4401E-07
 1  2  16  2  0.4384E-07
 1  2  16  2  0.4405E-07
 1  2  16  2  0.4393E-07
 1  2  16  2  0.4410E-07
 1  2  17  2  0.5683E-07
 1  2  17  2  0.5453E-07
 1  2  17  2  0.5522E-07
 1  2  17  2  0.5486E-07
 1  2  17  2  0.5482E-07
 1  2  17  2  0.5486E-07
 1  2  17  2  0.5525E-07
 1  2  17  2  0.5460E-07
 1  2  17  2  0.5476E-07
 1  2  17  2  0.5496E-07
 1  2  18  2  0.5419E-07
 1  2  18  2  0.5212E-07
 1  2  18  2  0.5216E-07
 1  2  18  2  0.5219E-07
 1  2  18  2  0.5226E-07
 1  2  18  2  0.5230E-07
 1  2  18  2  0.5223E-07
 1  2  18  2  0.5223E-07
 1  2  18  2  0.5222E-07
 1  2  18  2  0.5217E-07
 1  2  19  2  0.5555E-07
 1  2  19  2  0.5421E-07
 1  2  19  2  0.5422E-07
 1  2  19  2  0.5410E-07
 1  2  19  2  0.5386E-07
 1  2  19  2  0.5384E-07
 1  2  19  2  0.5431E-07
 1  2  19  2  0.5521E-07
 1  2  19  2  0.5525E-07
 1  2  19  2  0.5511E-07
 1  2  20  2  0.5294E-07
 1  2  20  2  0.5214E-07
 1  2  20  2  0.5192E-07
 1  2  20  2  0.5181E-07
 1  2  20  2  0.5174E-07
 1  2  20  2  0.5188E-07
 1  2  20  2  0.5200E-07
 1  2  20  2  0.5194E-07
 1  2  20  2  0.5190E-07
 1  2  20  2  0.5185E-07
