 1  2  3  2  0.8049E-07
 1  2  3  2  0.5938E-07
 1  2  3  2  0.5950E-07
 1  2  3  2  0.5877E-07
 1  2  3  2  0.5846E-07
 1  2  3  2  0.6025E-07
 1  2  3  2  0.5846E-07
 1  2  3  2  0.5802E-07
 1  2  3  2  0.5865E-07
 1  2  3  2  0.5827E-07
 1  2  4  2  0.7628E-07
 1  2  4  2  0.7500E-07
 1  2  4  2  0.7091E-07
 1  2  4  2  0.7029E-07
 1  2  4  2  0.7049E-07
 1  2  4  2  0.6976E-07
 1  2  4  2  0.6974E-07
 1  2  4  2  0.7031E-07
 1  2  4  2  0.7023E-07
 1  2  4  2  0.7036E-07
 1  2  5  2  0.9051E-07
 1  2  5  2  0.8557E-07
 1  2  5  2  0.8628E-07
 1  2  5  2  0.8605E-07
 1  2  5  2  0.8508E-07
 1  2  5  2  0.8675E-07
 1  2  5  2  0.8589E-07
 1  2  5  2  0.8597E-07
 1  2  5  2  0.8536E-07
 1  2  5  2  0.8650E-07
 1  2  6  2  0.8067E-07
 1  2  6  2  0.7987E-07
 1  2  6  2  0.8124E-07
 1  2  6  2  0.7972E-07
 1  2  6  2  0.7931E-07
 1  2  6  2  0.7936E-07
 1  2  6  2  0.7980E-07
 1  2  6  2  0.7823E-07
 1  2  6  2  0.7947E-07
 1  2  6  2  0.7850E-07
 1  2  7  2  0.5851E-07
 1  2  7  2  0.5454E-07
 1  2  7  2  0.5324E-07
 1  2  7  2  0.5499E-07
 1  2  7  2  0.5335E-07
 1  2  7  2  0.5199E-07
 1  2  7  2  0.5365E-07
 1  2  7  2  0.5539E-07
 1  2  7  2  0.5460E-07
 1  2  7  2  0.5401E-07
 1  2  8  2  0.5312E-07
 1  2  8  2  0.5116E-07
 1  2  8  2  0.5202E-07
 1  2  8  2  0.5694E-07
 1  2  8  2  0.5659E-07
 1  2  8  2  0.4829E-07
 1  2  8  2  0.5133E-07
 1  2  8  2  0.5450E-07
 1  2  8  2  0.5055E-07
 1  2  8  2  0.5158E-07
 1  2  9  2  0.4175E-07
 1  2  9  2  0.4089E-07
 1  2  9  2  0.4058E-07
 1  2  9  2  0.4057E-07
 1  2  9  2  0.4051E-07
 1  2  9  2  0.4068E-07
 1  2  9  2  0.4070E-07
 1  2  9  2  0.4048E-07
 1  2  9  2  0.4035E-07
 1  2  9  2  0.4056E-07
 1  2  10  2  0.4089E-07
 1  2  10  2  0.3986E-07
 1  2  10  2  0.4039E-07
 1  2  10  2  0.4000E-07
 1  2  10  2  0.3989E-07
 1  2  10  2  0.4019E-07
 1  2  10  2  0.4008E-07
 1  2  10  2  0.3986E-07
 1  2  10  2  0.3974E-07
 1  2  10  2  0.3990E-07
 1  2  11  2  0.3888E-07
 1  2  11  2  0.3758E-07
 1  2  11  2  0.3778E-07
 1  2  11  2  0.3752E-07
 1  2  11  2  0.3781E-07
 1  2  11  2  0.3752E-07
 1  2  11  2  0.3773E-07
 1  2  11  2  0.3730E-07
 1  2  11  2  0.3753E-07
 1  2  11  2  0.3742E-07
 1  2  12  2  0.3868E-07
 1  2  12  2  0.3636E-07
 1  2  12  2  0.3681E-07
 1  2  12  2  0.3701E-07
 1  2  12  2  0.3577E-07
 1  2  12  2  0.3521E-07
 1  2  12  2  0.3647E-07
 1  2  12  2  0.3537E-07
 1  2  12  2  0.3673E-07
 1  2  12  2  0.3594E-07
 1  2  13  2  0.3459E-07
 1  2  13  2  0.3391E-07
 1  2  13  2  0.3371E-07
 1  2  13  2  0.3396E-07
 1  2  13  2  0.3402E-07
 1  2  13  2  0.3369E-07
 1  2  13  2  0.3388E-07
 1  2  13  2  0.3368E-07
 1  2  13  2  0.3378E-07
 1  2  13  2  0.3373E-07
 1  2  14  2  0.4092E-07
 1  2  14  2  0.4036E-07
 1  2  14  2  0.4076E-07
 1  2  14  2  0.4125E-07
 1  2  14  2  0.4099E-07
 1  2  14  2  0.4189E-07
 1  2  14  2  0.4152E-07
 1  2  14  2  0.4132E-07
 1  2  14  2  0.4110E-07
 1  2  14  2  0.4081E-07
 1  2  15  2  0.3627E-07
 1  2  15  2  0.3552E-07
 1  2  15  2  0.3488E-07
 1  2  15  2  0.3487E-07
 1  2  15  2  0.3530E-07
 1  2  15  2  0.3554E-07
 1  2  15  2  0.3417E-07
 1  2  15  2  0.3570E-07
 1  2  15  2  0.3549E-07
 1  2  15  2  0.3558E-07
 1  2  16  2  0.3848E-07
 1  2  16  2  0.3785E-07
 1  2  16  2  0.3784E-07
 1  2  16  2  0.3799E-07
 1  2  16  2  0.3762E-07
 1  2  16  2  0.3757E-07
 1  2  16  2  0.3776E-07
 1  2  16  2  0.3801E-07
 1  2  16  2  0.3750E-07
 1  2  16  2  0.3798E-07
 1  2  17  2  0.5197E-07
 1  2  17  2  0.5126E-07
 1  2  17  2  0.5108E-07
 1  2  17  2  0.5137E-07
 1  2  17  2  0.5139E-07
 1  2  17  2  0.5121E-07
 1  2  17  2  0.5144E-07
 1  2  17  2  0.5107E-07
 1  2  17  2  0.5102E-07
 1  2  17  2  0.5108E-07
 1  2  18  2  0.5122E-07
 1  2  18  2  0.5137E-07
 1  2  18  2  0.5132E-07
 1  2  18  2  0.5137E-07
 1  2  18  2  0.5138E-07
 1  2  18  2  0.5125E-07
 1  2  18  2  0.5134E-07
 1  2  18  2  0.5126E-07
 1  2  18  2  0.5120E-07
 1  2  18  2  0.5130E-07
 1  2  19  2  0.5329E-07
 1  2  19  2  0.5308E-07
 1  2  19  2  0.5305E-07
 1  2  19  2  0.5313E-07
 1  2  19  2  0.5311E-07
 1  2  19  2  0.5309E-07
 1  2  19  2  0.5302E-07
 1  2  19  2  0.5308E-07
 1  2  19  2  0.5305E-07
 1  2  19  2  0.5302E-07
 1  2  20  2  0.5008E-07
 1  2  20  2  0.4996E-07
 1  2  20  2  0.4995E-07
 1  2  20  2  0.4991E-07
 1  2  20  2  0.4996E-07
 1  2  20  2  0.4997E-07
 1  2  20  2  0.4998E-07
 1  2  20  2  0.4987E-07
 1  2  20  2  0.4996E-07
 1  2  20  2  0.4989E-07
