 1  16  3  16  0.5371E-07
 1  16  3  16  0.4904E-07
 1  16  3  16  0.4470E-07
 1  16  3  16  0.4526E-07
 1  16  3  16  0.4600E-07
 1  16  3  16  0.4670E-07
 1  16  3  16  0.4512E-07
 1  16  3  16  0.4601E-07
 1  16  3  16  0.4672E-07
 1  16  3  16  0.4552E-07
 1  16  4  16  0.2581E-07
 1  16  4  16  0.2343E-07
 1  16  4  16  0.2199E-07
 1  16  4  16  0.2168E-07
 1  16  4  16  0.2183E-07
 1  16  4  16  0.2151E-07
 1  16  4  16  0.2201E-07
 1  16  4  16  0.2160E-07
 1  16  4  16  0.2171E-07
 1  16  4  16  0.2156E-07
 1  16  5  16  0.1663E-07
 1  16  5  16  0.1531E-07
 1  16  5  16  0.1553E-07
 1  16  5  16  0.1527E-07
 1  16  5  16  0.1645E-07
 1  16  5  16  0.1610E-07
 1  16  5  16  0.1535E-07
 1  16  5  16  0.1513E-07
 1  16  5  16  0.1614E-07
 1  16  5  16  0.1530E-07
 1  16  6  16  0.1131E-07
 1  16  6  16  0.1060E-07
 1  16  6  16  0.1049E-07
 1  16  6  16  0.1046E-07
 1  16  6  16  0.1044E-07
 1  16  6  16  0.1049E-07
 1  16  6  16  0.1044E-07
 1  16  6  16  0.1147E-07
 1  16  6  16  0.1055E-07
 1  16  6  16  0.1046E-07
 1  16  7  16  0.9016E-08
 1  16  7  16  0.8417E-08
 1  16  7  16  0.8401E-08
 1  16  7  16  0.8429E-08
 1  16  7  16  0.8464E-08
 1  16  7  16  0.8351E-08
 1  16  7  16  0.8368E-08
 1  16  7  16  0.8389E-08
 1  16  7  16  0.8410E-08
 1  16  7  16  0.8377E-08
 1  16  8  16  0.7479E-08
 1  16  8  16  0.6453E-08
 1  16  8  16  0.6420E-08
 1  16  8  16  0.6426E-08
 1  16  8  16  0.6431E-08
 1  16  8  16  0.6408E-08
 1  16  8  16  0.6477E-08
 1  16  8  16  0.6422E-08
 1  16  8  16  0.6377E-08
 1  16  8  16  0.6430E-08
 1  16  9  16  0.7388E-08
 1  16  9  16  0.6570E-08
 1  16  9  16  0.6752E-08
 1  16  9  16  0.6497E-08
 1  16  9  16  0.6436E-08
 1  16  9  16  0.6449E-08
 1  16  9  16  0.6485E-08
 1  16  9  16  0.6446E-08
 1  16  9  16  0.6692E-08
 1  16  9  16  0.6441E-08
 1  16  10  16  0.7101E-08
 1  16  10  16  0.6319E-08
 1  16  10  16  0.6307E-08
 1  16  10  16  0.6302E-08
 1  16  10  16  0.6269E-08
 1  16  10  16  0.6256E-08
 1  16  10  16  0.6295E-08
 1  16  10  16  0.6270E-08
 1  16  10  16  0.6248E-08
 1  16  10  16  0.6295E-08
 1  16  11  16  0.6827E-08
 1  16  11  16  0.6102E-08
 1  16  11  16  0.6044E-08
 1  16  11  16  0.6042E-08
 1  16  11  16  0.6058E-08
 1  16  11  16  0.6030E-08
 1  16  11  16  0.6052E-08
 1  16  11  16  0.6020E-08
 1  16  11  16  0.6018E-08
 1  16  11  16  0.6070E-08
 1  16  12  16  0.6181E-08
 1  16  12  16  0.5420E-08
 1  16  12  16  0.5377E-08
 1  16  12  16  0.5357E-08
 1  16  12  16  0.5344E-08
 1  16  12  16  0.5359E-08
 1  16  12  16  0.5355E-08
 1  16  12  16  0.5361E-08
 1  16  12  16  0.5345E-08
 1  16  12  16  0.5400E-08
 1  16  13  16  0.5353E-08
 1  16  13  16  0.4632E-08
 1  16  13  16  0.4616E-08
 1  16  13  16  0.4586E-08
 1  16  13  16  0.4609E-08
 1  16  13  16  0.4728E-08
 1  16  13  16  0.4610E-08
 1  16  13  16  0.4583E-08
 1  16  13  16  0.4612E-08
 1  16  13  16  0.4586E-08
 1  16  14  16  0.6151E-08
 1  16  14  16  0.5657E-08
 1  16  14  16  0.5660E-08
 1  16  14  16  0.5639E-08
 1  16  14  16  0.5651E-08
 1  16  14  16  0.5662E-08
 1  16  14  16  0.5732E-08
 1  16  14  16  0.5648E-08
 1  16  14  16  0.5651E-08
 1  16  14  16  0.5645E-08
 1  16  15  16  0.5453E-08
 1  16  15  16  0.4987E-08
 1  16  15  16  0.5031E-08
 1  16  15  16  0.4966E-08
 1  16  15  16  0.4975E-08
 1  16  15  16  0.4976E-08
 1  16  15  16  0.5079E-08
 1  16  15  16  0.4996E-08
 1  16  15  16  0.4999E-08
 1  16  15  16  0.5060E-08
 1  16  16  16  0.6232E-08
 1  16  16  16  0.5949E-08
 1  16  16  16  0.5944E-08
 1  16  16  16  0.5953E-08
 1  16  16  16  0.5965E-08
 1  16  16  16  0.5941E-08
 1  16  16  16  0.6114E-08
 1  16  16  16  0.5953E-08
 1  16  16  16  0.5989E-08
 1  16  16  16  0.5987E-08
 1  16  17  16  0.6386E-08
 1  16  17  16  0.6213E-08
 1  16  17  16  0.6181E-08
 1  16  17  16  0.6175E-08
 1  16  17  16  0.6158E-08
 1  16  17  16  0.6186E-08
 1  16  17  16  0.6194E-08
 1  16  17  16  0.6195E-08
 1  16  17  16  0.6166E-08
 1  16  17  16  0.6140E-08
 1  16  18  16  0.5896E-08
 1  16  18  16  0.5671E-08
 1  16  18  16  0.5670E-08
 1  16  18  16  0.5718E-08
 1  16  18  16  0.5687E-08
 1  16  18  16  0.5670E-08
 1  16  18  16  0.5671E-08
 1  16  18  16  0.5676E-08
 1  16  18  16  0.5699E-08
 1  16  18  16  0.5753E-08
 1  16  19  16  0.6299E-08
 1  16  19  16  0.6102E-08
 1  16  19  16  0.6110E-08
 1  16  19  16  0.6092E-08
 1  16  19  16  0.6096E-08
 1  16  19  16  0.6096E-08
 1  16  19  16  0.6097E-08
 1  16  19  16  0.6125E-08
 1  16  19  16  0.6093E-08
 1  16  19  16  0.6096E-08
 1  16  20  16  0.5762E-08
 1  16  20  16  0.5648E-08
 1  16  20  16  0.5633E-08
 1  16  20  16  0.5679E-08
 1  16  20  16  0.5694E-08
 1  16  20  16  0.5722E-08
 1  16  20  16  0.5764E-08
 1  16  20  16  0.5729E-08
 1  16  20  16  0.5754E-08
 1  16  20  16  0.5726E-08
