 1  64  3  64  0.4769E-07
 1  64  3  64  0.4162E-07
 1  64  3  64  0.4119E-07
 1  64  3  64  0.4214E-07
 1  64  3  64  0.4209E-07
 1  64  3  64  0.4155E-07
 1  64  3  64  0.4154E-07
 1  64  3  64  0.4184E-07
 1  64  3  64  0.4095E-07
 1  64  3  64  0.4213E-07
 1  64  4  64  0.2087E-07
 1  64  4  64  0.1908E-07
 1  64  4  64  0.1842E-07
 1  64  4  64  0.1842E-07
 1  64  4  64  0.1904E-07
 1  64  4  64  0.1903E-07
 1  64  4  64  0.1915E-07
 1  64  4  64  0.1892E-07
 1  64  4  64  0.1870E-07
 1  64  4  64  0.1895E-07
 1  64  5  64  0.1184E-07
 1  64  5  64  0.1061E-07
 1  64  5  64  0.1054E-07
 1  64  5  64  0.1054E-07
 1  64  5  64  0.1045E-07
 1  64  5  64  0.1053E-07
 1  64  5  64  0.1029E-07
 1  64  5  64  0.1052E-07
 1  64  5  64  0.1044E-07
 1  64  5  64  0.1048E-07
 1  64  6  64  0.7425E-08
 1  64  6  64  0.6639E-08
 1  64  6  64  0.6557E-08
 1  64  6  64  0.6547E-08
 1  64  6  64  0.6433E-08
 1  64  6  64  0.6569E-08
 1  64  6  64  0.6327E-08
 1  64  6  64  0.6390E-08
 1  64  6  64  0.6423E-08
 1  64  6  64  0.6440E-08
 1  64  7  64  0.5226E-08
 1  64  7  64  0.4708E-08
 1  64  7  64  0.4673E-08
 1  64  7  64  0.4700E-08
 1  64  7  64  0.4647E-08
 1  64  7  64  0.4621E-08
 1  64  7  64  0.4627E-08
 1  64  7  64  0.4611E-08
 1  64  7  64  0.4639E-08
 1  64  7  64  0.4587E-08
 1  64  8  64  0.3924E-08
 1  64  8  64  0.3535E-08
 1  64  8  64  0.3529E-08
 1  64  8  64  0.3474E-08
 1  64  8  64  0.3527E-08
 1  64  8  64  0.3533E-08
 1  64  8  64  0.3517E-08
 1  64  8  64  0.3545E-08
 1  64  8  64  0.3483E-08
 1  64  8  64  0.3547E-08
 1  64  9  64  0.3213E-08
 1  64  9  64  0.2988E-08
 1  64  9  64  0.2999E-08
 1  64  9  64  0.3032E-08
 1  64  9  64  0.3033E-08
 1  64  9  64  0.3016E-08
 1  64  9  64  0.3036E-08
 1  64  9  64  0.3043E-08
 1  64  9  64  0.3030E-08
 1  64  9  64  0.3065E-08
 1  64  10  64  0.3041E-08
 1  64  10  64  0.2834E-08
 1  64  10  64  0.2897E-08
 1  64  10  64  0.2858E-08
 1  64  10  64  0.2827E-08
 1  64  10  64  0.2796E-08
 1  64  10  64  0.2979E-08
 1  64  10  64  0.2861E-08
 1  64  10  64  0.2812E-08
 1  64  10  64  0.2803E-08
 1  64  11  64  0.3239E-08
 1  64  11  64  0.3030E-08
 1  64  11  64  0.3023E-08
 1  64  11  64  0.3038E-08
 1  64  11  64  0.3038E-08
 1  64  11  64  0.3036E-08
 1  64  11  64  0.3031E-08
 1  64  11  64  0.3026E-08
 1  64  11  64  0.3041E-08
 1  64  11  64  0.3066E-08
 1  64  12  64  0.3357E-08
 1  64  12  64  0.3268E-08
 1  64  12  64  0.3274E-08
 1  64  12  64  0.3282E-08
 1  64  12  64  0.3282E-08
 1  64  12  64  0.3281E-08
 1  64  12  64  0.3283E-08
 1  64  12  64  0.3266E-08
 1  64  12  64  0.3263E-08
 1  64  12  64  0.3269E-08
 1  64  13  64  0.3438E-08
 1  64  13  64  0.3330E-08
 1  64  13  64  0.3330E-08
 1  64  13  64  0.3330E-08
 1  64  13  64  0.3328E-08
 1  64  13  64  0.3331E-08
 1  64  13  64  0.3335E-08
 1  64  13  64  0.3330E-08
 1  64  13  64  0.3334E-08
 1  64  13  64  0.3331E-08
 1  64  14  64  0.3226E-08
 1  64  14  64  0.3167E-08
 1  64  14  64  0.3177E-08
 1  64  14  64  0.3170E-08
 1  64  14  64  0.3178E-08
 1  64  14  64  0.3193E-08
 1  64  14  64  0.3176E-08
 1  64  14  64  0.3179E-08
 1  64  14  64  0.3178E-08
 1  64  14  64  0.3171E-08
 1  64  15  64  0.3190E-08
 1  64  15  64  0.3132E-08
 1  64  15  64  0.3135E-08
 1  64  15  64  0.3132E-08
 1  64  15  64  0.3129E-08
 1  64  15  64  0.3136E-08
 1  64  15  64  0.3121E-08
 1  64  15  64  0.3127E-08
 1  64  15  64  0.3127E-08
 1  64  15  64  0.3123E-08
 1  64  16  64  0.3761E-08
 1  64  16  64  0.3697E-08
 1  64  16  64  0.3716E-08
 1  64  16  64  0.3769E-08
 1  64  16  64  0.3717E-08
 1  64  16  64  0.3741E-08
 1  64  16  64  0.3723E-08
 1  64  16  64  0.3748E-08
 1  64  16  64  0.3724E-08
 1  64  16  64  0.3714E-08
 1  64  17  64  0.3244E-08
 1  64  17  64  0.3231E-08
 1  64  17  64  0.3231E-08
 1  64  17  64  0.3224E-08
 1  64  17  64  0.3214E-08
 1  64  17  64  0.3214E-08
 1  64  17  64  0.3218E-08
 1  64  17  64  0.3218E-08
 1  64  17  64  0.3218E-08
 1  64  17  64  0.3218E-08
 1  64  18  64  0.2921E-08
 1  64  18  64  0.2893E-08
 1  64  18  64  0.2899E-08
 1  64  18  64  0.2891E-08
 1  64  18  64  0.2891E-08
 1  64  18  64  0.2890E-08
 1  64  18  64  0.2880E-08
 1  64  18  64  0.2883E-08
 1  64  18  64  0.2891E-08
 1  64  18  64  0.2890E-08
 1  64  19  64  0.2715E-08
 1  64  19  64  0.2694E-08
 1  64  19  64  0.2699E-08
 1  64  19  64  0.2695E-08
 1  64  19  64  0.2694E-08
 1  64  19  64  0.2707E-08
 1  64  19  64  0.2739E-08
 1  64  19  64  0.2716E-08
 1  64  19  64  0.2706E-08
 1  64  19  64  0.2705E-08
 1  64  20  64  0.2623E-08
 1  64  20  64  0.2607E-08
 1  64  20  64  0.2602E-08
 1  64  20  64  0.2586E-08
 1  64  20  64  0.2593E-08
 1  64  20  64  0.2611E-08
 1  64  20  64  0.2585E-08
 1  64  20  64  0.2586E-08
 1  64  20  64  0.2582E-08
 1  64  20  64  0.2598E-08
