 1  2  3  2  0.3778E-06
 1  2  3  2  0.4094E-06
 1  2  3  2  0.4017E-06
 1  2  3  2  0.3741E-06
 1  2  3  2  0.3811E-06
 1  2  3  2  0.4019E-06
 1  2  3  2  0.3631E-06
 1  2  3  2  0.3538E-06
 1  2  3  2  0.4233E-06
 1  2  3  2  0.3990E-06
 1  2  4  2  0.2045E-06
 1  2  4  2  0.1980E-06
 1  2  4  2  0.1959E-06
 1  2  4  2  0.1976E-06
 1  2  4  2  0.1955E-06
 1  2  4  2  0.1990E-06
 1  2  4  2  0.1969E-06
 1  2  4  2  0.1976E-06
 1  2  4  2  0.1954E-06
 1  2  4  2  0.1948E-06
 1  2  5  2  0.1607E-06
 1  2  5  2  0.1557E-06
 1  2  5  2  0.1554E-06
 1  2  5  2  0.1542E-06
 1  2  5  2  0.1534E-06
 1  2  5  2  0.1534E-06
 1  2  5  2  0.1527E-06
 1  2  5  2  0.1544E-06
 1  2  5  2  0.1526E-06
 1  2  5  2  0.1526E-06
 1  2  6  2  0.9971E-07
 1  2  6  2  0.9857E-07
 1  2  6  2  0.9794E-07
 1  2  6  2  0.9747E-07
 1  2  6  2  0.9770E-07
 1  2  6  2  0.9731E-07
 1  2  6  2  0.9715E-07
 1  2  6  2  0.9762E-07
 1  2  6  2  0.9736E-07
 1  2  6  2  0.9634E-07
 1  2  7  2  0.1316E-06
 1  2  7  2  0.1261E-06
 1  2  7  2  0.1263E-06
 1  2  7  2  0.1303E-06
 1  2  7  2  0.1287E-06
 1  2  7  2  0.1322E-06
 1  2  7  2  0.1293E-06
 1  2  7  2  0.1274E-06
 1  2  7  2  0.1285E-06
 1  2  7  2  0.1230E-06
 1  2  8  2  0.6011E-07
 1  2  8  2  0.5874E-07
 1  2  8  2  0.5811E-07
 1  2  8  2  0.5850E-07
 1  2  8  2  0.5818E-07
 1  2  8  2  0.5760E-07
 1  2  8  2  0.5844E-07
 1  2  8  2  0.5804E-07
 1  2  8  2  0.5828E-07
 1  2  8  2  0.5847E-07
 1  2  9  2  0.5056E-07
 1  2  9  2  0.5042E-07
 1  2  9  2  0.5053E-07
 1  2  9  2  0.5049E-07
 1  2  9  2  0.4986E-07
 1  2  9  2  0.4969E-07
 1  2  9  2  0.5017E-07
 1  2  9  2  0.4980E-07
 1  2  9  2  0.4956E-07
 1  2  9  2  0.4993E-07
 1  2  10  2  0.4740E-07
 1  2  10  2  0.4722E-07
 1  2  10  2  0.4740E-07
 1  2  10  2  0.4712E-07
 1  2  10  2  0.4750E-07
 1  2  10  2  0.4730E-07
 1  2  10  2  0.4743E-07
 1  2  10  2  0.4711E-07
 1  2  10  2  0.4766E-07
 1  2  10  2  0.4746E-07
 1  2  11  2  0.6002E-07
 1  2  11  2  0.6085E-07
 1  2  11  2  0.5815E-07
 1  2  11  2  0.5920E-07
 1  2  11  2  0.5868E-07
 1  2  11  2  0.5845E-07
 1  2  11  2  0.5886E-07
 1  2  11  2  0.5570E-07
 1  2  11  2  0.5716E-07
 1  2  11  2  0.5919E-07
 1  2  12  2  0.3787E-07
 1  2  12  2  0.3700E-07
 1  2  12  2  0.3719E-07
 1  2  12  2  0.3706E-07
 1  2  12  2  0.3854E-07
 1  2  12  2  0.3760E-07
 1  2  12  2  0.3775E-07
 1  2  12  2  0.3761E-07
 1  2  12  2  0.3728E-07
 1  2  12  2  0.3688E-07
 1  2  13  2  0.3916E-07
 1  2  13  2  0.3788E-07
 1  2  13  2  0.3776E-07
 1  2  13  2  0.3769E-07
 1  2  13  2  0.3770E-07
 1  2  13  2  0.3753E-07
 1  2  13  2  0.3757E-07
 1  2  13  2  0.3767E-07
 1  2  13  2  0.3738E-07
 1  2  13  2  0.3778E-07
 1  2  14  2  0.3608E-07
 1  2  14  2  0.3512E-07
 1  2  14  2  0.3528E-07
 1  2  14  2  0.3559E-07
 1  2  14  2  0.3550E-07
 1  2  14  2  0.3531E-07
 1  2  14  2  0.3545E-07
 1  2  14  2  0.3540E-07
 1  2  14  2  0.3431E-07
 1  2  14  2  0.3419E-07
 1  2  15  2  0.4557E-07
 1  2  15  2  0.4478E-07
 1  2  15  2  0.4482E-07
 1  2  15  2  0.4472E-07
 1  2  15  2  0.4455E-07
 1  2  15  2  0.4456E-07
 1  2  15  2  0.4449E-07
 1  2  15  2  0.4470E-07
 1  2  15  2  0.4479E-07
 1  2  15  2  0.4471E-07
 1  2  16  2  0.4625E-07
 1  2  16  2  0.4580E-07
 1  2  16  2  0.4606E-07
 1  2  16  2  0.4597E-07
 1  2  16  2  0.4583E-07
 1  2  16  2  0.4589E-07
 1  2  16  2  0.4586E-07
 1  2  16  2  0.4602E-07
 1  2  16  2  0.4583E-07
 1  2  16  2  0.4593E-07
 1  2  17  2  0.5797E-07
 1  2  17  2  0.5782E-07
 1  2  17  2  0.5779E-07
 1  2  17  2  0.5778E-07
 1  2  17  2  0.5776E-07
 1  2  17  2  0.5764E-07
 1  2  17  2  0.5780E-07
 1  2  17  2  0.5811E-07
 1  2  17  2  0.5807E-07
 1  2  17  2  0.5819E-07
 1  2  18  2  0.5679E-07
 1  2  18  2  0.5659E-07
 1  2  18  2  0.5649E-07
 1  2  18  2  0.5654E-07
 1  2  18  2  0.5652E-07
 1  2  18  2  0.5650E-07
 1  2  18  2  0.5643E-07
 1  2  18  2  0.5648E-07
 1  2  18  2  0.5649E-07
 1  2  18  2  0.5653E-07
 1  2  19  2  0.5853E-07
 1  2  19  2  0.5834E-07
 1  2  19  2  0.5835E-07
 1  2  19  2  0.5841E-07
 1  2  19  2  0.5836E-07
 1  2  19  2  0.5830E-07
 1  2  19  2  0.5816E-07
 1  2  19  2  0.5809E-07
 1  2  19  2  0.5810E-07
 1  2  19  2  0.5812E-07
 1  2  20  2  0.5421E-07
 1  2  20  2  0.5421E-07
 1  2  20  2  0.5397E-07
 1  2  20  2  0.5408E-07
 1  2  20  2  0.5410E-07
 1  2  20  2  0.5410E-07
 1  2  20  2  0.5402E-07
 1  2  20  2  0.5405E-07
 1  2  20  2  0.5415E-07
 1  2  20  2  0.5404E-07
