 1  8  3  8  0.2605E-06
 1  8  3  8  0.2429E-06
 1  8  3  8  0.2393E-06
 1  8  3  8  0.2533E-06
 1  8  3  8  0.2542E-06
 1  8  3  8  0.2453E-06
 1  8  3  8  0.2389E-06
 1  8  3  8  0.2438E-06
 1  8  3  8  0.2384E-06
 1  8  3  8  0.2488E-06
 1  8  4  8  0.1396E-06
 1  8  4  8  0.1262E-06
 1  8  4  8  0.1320E-06
 1  8  4  8  0.1323E-06
 1  8  4  8  0.1337E-06
 1  8  4  8  0.1280E-06
 1  8  4  8  0.1273E-06
 1  8  4  8  0.1297E-06
 1  8  4  8  0.1327E-06
 1  8  4  8  0.1260E-06
 1  8  5  8  0.8578E-07
 1  8  5  8  0.8936E-07
 1  8  5  8  0.8467E-07
 1  8  5  8  0.8369E-07
 1  8  5  8  0.8331E-07
 1  8  5  8  0.8484E-07
 1  8  5  8  0.8378E-07
 1  8  5  8  0.8217E-07
 1  8  5  8  0.8362E-07
 1  8  5  8  0.8230E-07
 1  8  6  8  0.4991E-07
 1  8  6  8  0.4445E-07
 1  8  6  8  0.4451E-07
 1  8  6  8  0.4402E-07
 1  8  6  8  0.4340E-07
 1  8  6  8  0.4375E-07
 1  8  6  8  0.4321E-07
 1  8  6  8  0.4367E-07
 1  8  6  8  0.4386E-07
 1  8  6  8  0.4397E-07
 1  8  7  8  0.3707E-07
 1  8  7  8  0.3510E-07
 1  8  7  8  0.3504E-07
 1  8  7  8  0.3564E-07
 1  8  7  8  0.3490E-07
 1  8  7  8  0.3490E-07
 1  8  7  8  0.3618E-07
 1  8  7  8  0.3457E-07
 1  8  7  8  0.3527E-07
 1  8  7  8  0.3486E-07
 1  8  8  8  0.2865E-07
 1  8  8  8  0.2729E-07
 1  8  8  8  0.2750E-07
 1  8  8  8  0.2741E-07
 1  8  8  8  0.2737E-07
 1  8  8  8  0.2737E-07
 1  8  8  8  0.2735E-07
 1  8  8  8  0.2711E-07
 1  8  8  8  0.2742E-07
 1  8  8  8  0.2739E-07
 1  8  9  8  0.2401E-07
 1  8  9  8  0.2248E-07
 1  8  9  8  0.2163E-07
 1  8  9  8  0.2180E-07
 1  8  9  8  0.2173E-07
 1  8  9  8  0.2151E-07
 1  8  9  8  0.2152E-07
 1  8  9  8  0.2157E-07
 1  8  9  8  0.2175E-07
 1  8  9  8  0.2195E-07
 1  8  10  8  0.1987E-07
 1  8  10  8  0.1804E-07
 1  8  10  8  0.1819E-07
 1  8  10  8  0.1774E-07
 1  8  10  8  0.1878E-07
 1  8  10  8  0.1863E-07
 1  8  10  8  0.1818E-07
 1  8  10  8  0.1901E-07
 1  8  10  8  0.1836E-07
 1  8  10  8  0.1814E-07
 1  8  11  8  0.1860E-07
 1  8  11  8  0.1708E-07
 1  8  11  8  0.1685E-07
 1  8  11  8  0.1701E-07
 1  8  11  8  0.1696E-07
 1  8  11  8  0.1704E-07
 1  8  11  8  0.1700E-07
 1  8  11  8  0.1693E-07
 1  8  11  8  0.1681E-07
 1  8  11  8  0.1704E-07
 1  8  12  8  0.1625E-07
 1  8  12  8  0.1530E-07
 1  8  12  8  0.1532E-07
 1  8  12  8  0.1549E-07
 1  8  12  8  0.1521E-07
 1  8  12  8  0.1537E-07
 1  8  12  8  0.1606E-07
 1  8  12  8  0.1567E-07
 1  8  12  8  0.1546E-07
 1  8  12  8  0.1535E-07
 1  8  13  8  0.1621E-07
 1  8  13  8  0.1521E-07
 1  8  13  8  0.1521E-07
 1  8  13  8  0.1527E-07
 1  8  13  8  0.1538E-07
 1  8  13  8  0.1522E-07
 1  8  13  8  0.1527E-07
 1  8  13  8  0.1527E-07
 1  8  13  8  0.1524E-07
 1  8  13  8  0.1520E-07
 1  8  14  8  0.1363E-07
 1  8  14  8  0.1260E-07
 1  8  14  8  0.1262E-07
 1  8  14  8  0.1262E-07
 1  8  14  8  0.1270E-07
 1  8  14  8  0.1258E-07
 1  8  14  8  0.1256E-07
 1  8  14  8  0.1254E-07
 1  8  14  8  0.1256E-07
 1  8  14  8  0.1254E-07
 1  8  15  8  0.1426E-07
 1  8  15  8  0.1329E-07
 1  8  15  8  0.1340E-07
 1  8  15  8  0.1324E-07
 1  8  15  8  0.1332E-07
 1  8  15  8  0.1358E-07
 1  8  15  8  0.1350E-07
 1  8  15  8  0.1334E-07
 1  8  15  8  0.1348E-07
 1  8  15  8  0.1348E-07
 1  8  16  8  0.1621E-07
 1  8  16  8  0.1544E-07
 1  8  16  8  0.1546E-07
 1  8  16  8  0.1547E-07
 1  8  16  8  0.1542E-07
 1  8  16  8  0.1547E-07
 1  8  16  8  0.1555E-07
 1  8  16  8  0.1551E-07
 1  8  16  8  0.1556E-07
 1  8  16  8  0.1555E-07
 1  8  17  8  0.1617E-07
 1  8  17  8  0.1561E-07
 1  8  17  8  0.1559E-07
 1  8  17  8  0.1559E-07
 1  8  17  8  0.1560E-07
 1  8  17  8  0.1559E-07
 1  8  17  8  0.1564E-07
 1  8  17  8  0.1568E-07
 1  8  17  8  0.1569E-07
 1  8  17  8  0.1570E-07
 1  8  18  8  0.1558E-07
 1  8  18  8  0.1498E-07
 1  8  18  8  0.1497E-07
 1  8  18  8  0.1495E-07
 1  8  18  8  0.1497E-07
 1  8  18  8  0.1495E-07
 1  8  18  8  0.1498E-07
 1  8  18  8  0.1498E-07
 1  8  18  8  0.1499E-07
 1  8  18  8  0.1498E-07
 1  8  19  8  0.1574E-07
 1  8  19  8  0.1549E-07
 1  8  19  8  0.1537E-07
 1  8  19  8  0.1537E-07
 1  8  19  8  0.1541E-07
 1  8  19  8  0.1539E-07
 1  8  19  8  0.1539E-07
 1  8  19  8  0.1538E-07
 1  8  19  8  0.1542E-07
 1  8  19  8  0.1547E-07
 1  8  20  8  0.1495E-07
 1  8  20  8  0.1456E-07
 1  8  20  8  0.1454E-07
 1  8  20  8  0.1454E-07
 1  8  20  8  0.1455E-07
 1  8  20  8  0.1456E-07
 1  8  20  8  0.1456E-07
 1  8  20  8  0.1460E-07
 1  8  20  8  0.1455E-07
 1  8  20  8  0.1453E-07
