 1  4  3  4  0.3544E-06
 1  4  3  4  0.3470E-06
 1  4  3  4  0.3549E-06
 1  4  3  4  0.3550E-06
 1  4  3  4  0.3535E-06
 1  4  3  4  0.3433E-06
 1  4  3  4  0.3536E-06
 1  4  3  4  0.3346E-06
 1  4  3  4  0.3371E-06
 1  4  3  4  0.3494E-06
 1  4  4  4  0.1971E-06
 1  4  4  4  0.2158E-06
 1  4  4  4  0.2175E-06
 1  4  4  4  0.2185E-06
 1  4  4  4  0.1996E-06
 1  4  4  4  0.2055E-06
 1  4  4  4  0.2227E-06
 1  4  4  4  0.2160E-06
 1  4  4  4  0.2054E-06
 1  4  4  4  0.2017E-06
 1  4  5  4  0.1729E-06
 1  4  5  4  0.1594E-06
 1  4  5  4  0.1674E-06
 1  4  5  4  0.1689E-06
 1  4  5  4  0.1655E-06
 1  4  5  4  0.1694E-06
 1  4  5  4  0.1737E-06
 1  4  5  4  0.1768E-06
 1  4  5  4  0.1704E-06
 1  4  5  4  0.1723E-06
 1  4  6  4  0.7214E-07
 1  4  6  4  0.7457E-07
 1  4  6  4  0.7191E-07
 1  4  6  4  0.6988E-07
 1  4  6  4  0.7632E-07
 1  4  6  4  0.8041E-07
 1  4  6  4  0.8140E-07
 1  4  6  4  0.8697E-07
 1  4  6  4  0.7668E-07
 1  4  6  4  0.7174E-07
 1  4  7  4  0.5514E-07
 1  4  7  4  0.5353E-07
 1  4  7  4  0.5207E-07
 1  4  7  4  0.4915E-07
 1  4  7  4  0.5110E-07
 1  4  7  4  0.5166E-07
 1  4  7  4  0.5565E-07
 1  4  7  4  0.4790E-07
 1  4  7  4  0.4913E-07
 1  4  7  4  0.5365E-07
 1  4  8  4  0.4847E-07
 1  4  8  4  0.4610E-07
 1  4  8  4  0.4606E-07
 1  4  8  4  0.4584E-07
 1  4  8  4  0.4659E-07
 1  4  8  4  0.4577E-07
 1  4  8  4  0.4323E-07
 1  4  8  4  0.4375E-07
 1  4  8  4  0.4495E-07
 1  4  8  4  0.4642E-07
 1  4  9  4  0.3141E-07
 1  4  9  4  0.3001E-07
 1  4  9  4  0.3001E-07
 1  4  9  4  0.3190E-07
 1  4  9  4  0.2976E-07
 1  4  9  4  0.2925E-07
 1  4  9  4  0.2960E-07
 1  4  9  4  0.2979E-07
 1  4  9  4  0.2928E-07
 1  4  9  4  0.2870E-07
 1  4  10  4  0.3319E-07
 1  4  10  4  0.3300E-07
 1  4  10  4  0.3375E-07
 1  4  10  4  0.3336E-07
 1  4  10  4  0.3320E-07
 1  4  10  4  0.3203E-07
 1  4  10  4  0.3382E-07
 1  4  10  4  0.3354E-07
 1  4  10  4  0.3275E-07
 1  4  10  4  0.3232E-07
 1  4  11  4  0.2881E-07
 1  4  11  4  0.2741E-07
 1  4  11  4  0.2802E-07
 1  4  11  4  0.2627E-07
 1  4  11  4  0.2608E-07
 1  4  11  4  0.2732E-07
 1  4  11  4  0.2676E-07
 1  4  11  4  0.2726E-07
 1  4  11  4  0.2672E-07
 1  4  11  4  0.2754E-07
 1  4  12  4  0.2686E-07
 1  4  12  4  0.2627E-07
 1  4  12  4  0.2477E-07
 1  4  12  4  0.2507E-07
 1  4  12  4  0.2456E-07
 1  4  12  4  0.2491E-07
 1  4  12  4  0.2528E-07
 1  4  12  4  0.2528E-07
 1  4  12  4  0.2451E-07
 1  4  12  4  0.2455E-07
 1  4  13  4  0.2498E-07
 1  4  13  4  0.2486E-07
 1  4  13  4  0.2464E-07
 1  4  13  4  0.2450E-07
 1  4  13  4  0.2461E-07
 1  4  13  4  0.2444E-07
 1  4  13  4  0.2429E-07
 1  4  13  4  0.2415E-07
 1  4  13  4  0.2451E-07
 1  4  13  4  0.2496E-07
 1  4  14  4  0.2282E-07
 1  4  14  4  0.2259E-07
 1  4  14  4  0.2264E-07
 1  4  14  4  0.2264E-07
 1  4  14  4  0.2266E-07
 1  4  14  4  0.2242E-07
 1  4  14  4  0.2238E-07
 1  4  14  4  0.2234E-07
 1  4  14  4  0.2235E-07
 1  4  14  4  0.2252E-07
 1  4  15  4  0.2468E-07
 1  4  15  4  0.2448E-07
 1  4  15  4  0.2496E-07
 1  4  15  4  0.2483E-07
 1  4  15  4  0.2493E-07
 1  4  15  4  0.2485E-07
 1  4  15  4  0.2489E-07
 1  4  15  4  0.2492E-07
 1  4  15  4  0.2488E-07
 1  4  15  4  0.2487E-07
 1  4  16  4  0.2545E-07
 1  4  16  4  0.2526E-07
 1  4  16  4  0.2526E-07
 1  4  16  4  0.2522E-07
 1  4  16  4  0.2524E-07
 1  4  16  4  0.2507E-07
 1  4  16  4  0.2518E-07
 1  4  16  4  0.2518E-07
 1  4  16  4  0.2516E-07
 1  4  16  4  0.2541E-07
 1  4  17  4  0.3016E-07
 1  4  17  4  0.2995E-07
 1  4  17  4  0.3012E-07
 1  4  17  4  0.2996E-07
 1  4  17  4  0.3001E-07
 1  4  17  4  0.2994E-07
 1  4  17  4  0.3001E-07
 1  4  17  4  0.2991E-07
 1  4  17  4  0.2985E-07
 1  4  17  4  0.2986E-07
 1  4  18  4  0.2921E-07
 1  4  18  4  0.2917E-07
 1  4  18  4  0.2934E-07
 1  4  18  4  0.2926E-07
 1  4  18  4  0.2932E-07
 1  4  18  4  0.2920E-07
 1  4  18  4  0.2919E-07
 1  4  18  4  0.2925E-07
 1  4  18  4  0.2925E-07
 1  4  18  4  0.2914E-07
 1  4  19  4  0.3036E-07
 1  4  19  4  0.3021E-07
 1  4  19  4  0.3023E-07
 1  4  19  4  0.3040E-07
 1  4  19  4  0.3037E-07
 1  4  19  4  0.3037E-07
 1  4  19  4  0.3038E-07
 1  4  19  4  0.3039E-07
 1  4  19  4  0.3039E-07
 1  4  19  4  0.3035E-07
 1  4  20  4  0.2824E-07
 1  4  20  4  0.2809E-07
 1  4  20  4  0.2816E-07
 1  4  20  4  0.2811E-07
 1  4  20  4  0.2812E-07
 1  4  20  4  0.2813E-07
 1  4  20  4  0.2815E-07
 1  4  20  4  0.2815E-07
 1  4  20  4  0.2809E-07
 1  4  20  4  0.2814E-07
