 1  32  3  32  0.8208E-07
 1  32  3  32  0.7743E-07
 1  32  3  32  0.7493E-07
 1  32  3  32  0.7498E-07
 1  32  3  32  0.7517E-07
 1  32  3  32  0.7432E-07
 1  32  3  32  0.7449E-07
 1  32  3  32  0.7436E-07
 1  32  3  32  0.7488E-07
 1  32  3  32  0.7383E-07
 1  32  4  32  0.4589E-07
 1  32  4  32  0.4313E-07
 1  32  4  32  0.4334E-07
 1  32  4  32  0.4305E-07
 1  32  4  32  0.4302E-07
 1  32  4  32  0.4336E-07
 1  32  4  32  0.4301E-07
 1  32  4  32  0.4274E-07
 1  32  4  32  0.4293E-07
 1  32  4  32  0.4283E-07
 1  32  5  32  0.2378E-07
 1  32  5  32  0.2288E-07
 1  32  5  32  0.2309E-07
 1  32  5  32  0.2310E-07
 1  32  5  32  0.2282E-07
 1  32  5  32  0.2271E-07
 1  32  5  32  0.2323E-07
 1  32  5  32  0.2314E-07
 1  32  5  32  0.2277E-07
 1  32  5  32  0.2276E-07
 1  32  6  32  0.1197E-07
 1  32  6  32  0.1185E-07
 1  32  6  32  0.1139E-07
 1  32  6  32  0.1147E-07
 1  32  6  32  0.1139E-07
 1  32  6  32  0.1141E-07
 1  32  6  32  0.1144E-07
 1  32  6  32  0.1143E-07
 1  32  6  32  0.1147E-07
 1  32  6  32  0.1142E-07
 1  32  7  32  0.8533E-08
 1  32  7  32  0.8226E-08
 1  32  7  32  0.8087E-08
 1  32  7  32  0.8122E-08
 1  32  7  32  0.8208E-08
 1  32  7  32  0.8227E-08
 1  32  7  32  0.8095E-08
 1  32  7  32  0.8096E-08
 1  32  7  32  0.8476E-08
 1  32  7  32  0.9085E-08
 1  32  8  32  0.6693E-08
 1  32  8  32  0.6315E-08
 1  32  8  32  0.6284E-08
 1  32  8  32  0.6130E-08
 1  32  8  32  0.6164E-08
 1  32  8  32  0.6261E-08
 1  32  8  32  0.6207E-08
 1  32  8  32  0.6075E-08
 1  32  8  32  0.6364E-08
 1  32  8  32  0.6270E-08
 1  32  9  32  0.5104E-08
 1  32  9  32  0.5017E-08
 1  32  9  32  0.5114E-08
 1  32  9  32  0.4926E-08
 1  32  9  32  0.4949E-08
 1  32  9  32  0.5003E-08
 1  32  9  32  0.5026E-08
 1  32  9  32  0.4936E-08
 1  32  9  32  0.4911E-08
 1  32  9  32  0.4915E-08
 1  32  10  32  0.4502E-08
 1  32  10  32  0.4310E-08
 1  32  10  32  0.4309E-08
 1  32  10  32  0.4323E-08
 1  32  10  32  0.4355E-08
 1  32  10  32  0.4325E-08
 1  32  10  32  0.4283E-08
 1  32  10  32  0.4290E-08
 1  32  10  32  0.4434E-08
 1  32  10  32  0.4330E-08
 1  32  11  32  0.4027E-08
 1  32  11  32  0.3935E-08
 1  32  11  32  0.3905E-08
 1  32  11  32  0.3889E-08
 1  32  11  32  0.3860E-08
 1  32  11  32  0.3869E-08
 1  32  11  32  0.3862E-08
 1  32  11  32  0.3891E-08
 1  32  11  32  0.3863E-08
 1  32  11  32  0.3924E-08
 1  32  12  32  0.3393E-08
 1  32  12  32  0.3291E-08
 1  32  12  32  0.3258E-08
 1  32  12  32  0.3226E-08
 1  32  12  32  0.3210E-08
 1  32  12  32  0.3240E-08
 1  32  12  32  0.3209E-08
 1  32  12  32  0.3238E-08
 1  32  12  32  0.3235E-08
 1  32  12  32  0.3225E-08
 1  32  13  32  0.3367E-08
 1  32  13  32  0.3264E-08
 1  32  13  32  0.3263E-08
 1  32  13  32  0.3210E-08
 1  32  13  32  0.3187E-08
 1  32  13  32  0.3199E-08
 1  32  13  32  0.3196E-08
 1  32  13  32  0.3157E-08
 1  32  13  32  0.3153E-08
 1  32  13  32  0.3141E-08
 1  32  14  32  0.3111E-08
 1  32  14  32  0.3018E-08
 1  32  14  32  0.3010E-08
 1  32  14  32  0.3019E-08
 1  32  14  32  0.3006E-08
 1  32  14  32  0.3007E-08
 1  32  14  32  0.3015E-08
 1  32  14  32  0.3009E-08
 1  32  14  32  0.3028E-08
 1  32  14  32  0.3034E-08
 1  32  15  32  0.3462E-08
 1  32  15  32  0.3357E-08
 1  32  15  32  0.3363E-08
 1  32  15  32  0.3402E-08
 1  32  15  32  0.3350E-08
 1  32  15  32  0.3352E-08
 1  32  15  32  0.3367E-08
 1  32  15  32  0.3348E-08
 1  32  15  32  0.3354E-08
 1  32  15  32  0.3375E-08
 1  32  16  32  0.4192E-08
 1  32  16  32  0.4124E-08
 1  32  16  32  0.4119E-08
 1  32  16  32  0.4137E-08
 1  32  16  32  0.4151E-08
 1  32  16  32  0.4144E-08
 1  32  16  32  0.4135E-08
 1  32  16  32  0.4140E-08
 1  32  16  32  0.4154E-08
 1  32  16  32  0.4135E-08
 1  32  17  32  0.4543E-08
 1  32  17  32  0.4478E-08
 1  32  17  32  0.4471E-08
 1  32  17  32  0.4476E-08
 1  32  17  32  0.4476E-08
 1  32  17  32  0.4475E-08
 1  32  17  32  0.4474E-08
 1  32  17  32  0.4474E-08
 1  32  17  32  0.4480E-08
 1  32  17  32  0.4483E-08
 1  32  18  32  0.4346E-08
 1  32  18  32  0.4312E-08
 1  32  18  32  0.4315E-08
 1  32  18  32  0.4319E-08
 1  32  18  32  0.4310E-08
 1  32  18  32  0.4317E-08
 1  32  18  32  0.4333E-08
 1  32  18  32  0.4324E-08
 1  32  18  32  0.4327E-08
 1  32  18  32  0.4316E-08
 1  32  19  32  0.4404E-08
 1  32  19  32  0.4381E-08
 1  32  19  32  0.4379E-08
 1  32  19  32  0.4379E-08
 1  32  19  32  0.4378E-08
 1  32  19  32  0.4384E-08
 1  32  19  32  0.4379E-08
 1  32  19  32  0.4380E-08
 1  32  19  32  0.4387E-08
 1  32  19  32  0.4382E-08
 1  32  20  32  0.4145E-08
 1  32  20  32  0.4130E-08
 1  32  20  32  0.4137E-08
 1  32  20  32  0.4131E-08
 1  32  20  32  0.4129E-08
 1  32  20  32  0.4127E-08
 1  32  20  32  0.4140E-08
 1  32  20  32  0.4146E-08
 1  32  20  32  0.4144E-08
 1  32  20  32  0.4132E-08
