 1  32  3  32  0.8292E-07
 1  32  3  32  0.7786E-07
 1  32  3  32  0.7837E-07
 1  32  3  32  0.7733E-07
 1  32  3  32  0.7763E-07
 1  32  3  32  0.7725E-07
 1  32  3  32  0.7726E-07
 1  32  3  32  0.7730E-07
 1  32  3  32  0.7761E-07
 1  32  3  32  0.7716E-07
 1  32  4  32  0.3921E-07
 1  32  4  32  0.3727E-07
 1  32  4  32  0.3877E-07
 1  32  4  32  0.3698E-07
 1  32  4  32  0.3777E-07
 1  32  4  32  0.3712E-07
 1  32  4  32  0.3680E-07
 1  32  4  32  0.3688E-07
 1  32  4  32  0.3673E-07
 1  32  4  32  0.3706E-07
 1  32  5  32  0.1855E-07
 1  32  5  32  0.1773E-07
 1  32  5  32  0.1766E-07
 1  32  5  32  0.1749E-07
 1  32  5  32  0.1758E-07
 1  32  5  32  0.1761E-07
 1  32  5  32  0.1768E-07
 1  32  5  32  0.1767E-07
 1  32  5  32  0.1769E-07
 1  32  5  32  0.1752E-07
 1  32  6  32  0.1192E-07
 1  32  6  32  0.1111E-07
 1  32  6  32  0.1104E-07
 1  32  6  32  0.1104E-07
 1  32  6  32  0.1113E-07
 1  32  6  32  0.1105E-07
 1  32  6  32  0.1101E-07
 1  32  6  32  0.1107E-07
 1  32  6  32  0.1104E-07
 1  32  6  32  0.1099E-07
 1  32  7  32  0.8626E-08
 1  32  7  32  0.7932E-08
 1  32  7  32  0.7821E-08
 1  32  7  32  0.7826E-08
 1  32  7  32  0.7787E-08
 1  32  7  32  0.7814E-08
 1  32  7  32  0.7783E-08
 1  32  7  32  0.7864E-08
 1  32  7  32  0.7899E-08
 1  32  7  32  0.7851E-08
 1  32  8  32  0.5980E-08
 1  32  8  32  0.5740E-08
 1  32  8  32  0.5627E-08
 1  32  8  32  0.5705E-08
 1  32  8  32  0.5619E-08
 1  32  8  32  0.5656E-08
 1  32  8  32  0.5613E-08
 1  32  8  32  0.5780E-08
 1  32  8  32  0.5636E-08
 1  32  8  32  0.5656E-08
 1  32  9  32  0.5426E-08
 1  32  9  32  0.5048E-08
 1  32  9  32  0.5219E-08
 1  32  9  32  0.5109E-08
 1  32  9  32  0.5139E-08
 1  32  9  32  0.5124E-08
 1  32  9  32  0.5132E-08
 1  32  9  32  0.5129E-08
 1  32  9  32  0.5057E-08
 1  32  9  32  0.5189E-08
 1  32  10  32  0.4669E-08
 1  32  10  32  0.4527E-08
 1  32  10  32  0.4500E-08
 1  32  10  32  0.4524E-08
 1  32  10  32  0.4443E-08
 1  32  10  32  0.4473E-08
 1  32  10  32  0.4460E-08
 1  32  10  32  0.4424E-08
 1  32  10  32  0.4471E-08
 1  32  10  32  0.4452E-08
 1  32  11  32  0.4273E-08
 1  32  11  32  0.3997E-08
 1  32  11  32  0.4011E-08
 1  32  11  32  0.3972E-08
 1  32  11  32  0.3985E-08
 1  32  11  32  0.3999E-08
 1  32  11  32  0.4124E-08
 1  32  11  32  0.4077E-08
 1  32  11  32  0.4100E-08
 1  32  11  32  0.4097E-08
 1  32  12  32  0.3375E-08
 1  32  12  32  0.3254E-08
 1  32  12  32  0.3279E-08
 1  32  12  32  0.3262E-08
 1  32  12  32  0.3327E-08
 1  32  12  32  0.3252E-08
 1  32  12  32  0.3258E-08
 1  32  12  32  0.3233E-08
 1  32  12  32  0.3226E-08
 1  32  12  32  0.3244E-08
 1  32  13  32  0.3509E-08
 1  32  13  32  0.3405E-08
 1  32  13  32  0.3406E-08
 1  32  13  32  0.3408E-08
 1  32  13  32  0.3409E-08
 1  32  13  32  0.3433E-08
 1  32  13  32  0.3420E-08
 1  32  13  32  0.3417E-08
 1  32  13  32  0.3401E-08
 1  32  13  32  0.3399E-08
 1  32  14  32  0.3081E-08
 1  32  14  32  0.2984E-08
 1  32  14  32  0.2991E-08
 1  32  14  32  0.2982E-08
 1  32  14  32  0.2978E-08
 1  32  14  32  0.3016E-08
 1  32  14  32  0.2998E-08
 1  32  14  32  0.2968E-08
 1  32  14  32  0.2974E-08
 1  32  14  32  0.2968E-08
 1  32  15  32  0.3611E-08
 1  32  15  32  0.3525E-08
 1  32  15  32  0.3463E-08
 1  32  15  32  0.3464E-08
 1  32  15  32  0.3485E-08
 1  32  15  32  0.3474E-08
 1  32  15  32  0.3460E-08
 1  32  15  32  0.3442E-08
 1  32  15  32  0.3439E-08
 1  32  15  32  0.3447E-08
 1  32  16  32  0.3124E-08
 1  32  16  32  0.3045E-08
 1  32  16  32  0.3033E-08
 1  32  16  32  0.3020E-08
 1  32  16  32  0.3043E-08
 1  32  16  32  0.3031E-08
 1  32  16  32  0.3048E-08
 1  32  16  32  0.3025E-08
 1  32  16  32  0.3038E-08
 1  32  16  32  0.3012E-08
 1  32  17  32  0.4077E-08
 1  32  17  32  0.4021E-08
 1  32  17  32  0.4039E-08
 1  32  17  32  0.4022E-08
 1  32  17  32  0.4031E-08
 1  32  17  32  0.4029E-08
 1  32  17  32  0.4041E-08
 1  32  17  32  0.4036E-08
 1  32  17  32  0.4024E-08
 1  32  17  32  0.4027E-08
 1  32  18  32  0.4026E-08
 1  32  18  32  0.3973E-08
 1  32  18  32  0.3964E-08
 1  32  18  32  0.3960E-08
 1  32  18  32  0.3960E-08
 1  32  18  32  0.3973E-08
 1  32  18  32  0.3980E-08
 1  32  18  32  0.3964E-08
 1  32  18  32  0.3966E-08
 1  32  18  32  0.3987E-08
 1  32  19  32  0.4172E-08
 1  32  19  32  0.4136E-08
 1  32  19  32  0.4144E-08
 1  32  19  32  0.4147E-08
 1  32  19  32  0.4151E-08
 1  32  19  32  0.4148E-08
 1  32  19  32  0.4134E-08
 1  32  19  32  0.4141E-08
 1  32  19  32  0.4141E-08
 1  32  19  32  0.4137E-08
 1  32  20  32  0.4043E-08
 1  32  20  32  0.4015E-08
 1  32  20  32  0.4009E-08
 1  32  20  32  0.4012E-08
 1  32  20  32  0.3994E-08
 1  32  20  32  0.3998E-08
 1  32  20  32  0.4000E-08
 1  32  20  32  0.3992E-08
 1  32  20  32  0.3988E-08
 1  32  20  32  0.3991E-08
