 1  1  3  1  0.2258E-07
 1  1  3  1  0.1322E-07
 1  1  3  1  0.1369E-07
 1  1  3  1  0.1407E-07
 1  1  3  1  0.1348E-07
 1  1  3  1  0.1345E-07
 1  1  3  1  0.1345E-07
 1  1  3  1  0.1322E-07
 1  1  3  1  0.1557E-07
 1  1  3  1  0.1372E-07
 1  1  4  1  0.3036E-07
 1  1  4  1  0.2896E-07
 1  1  4  1  0.2683E-07
 1  1  4  1  0.2860E-07
 1  1  4  1  0.2708E-07
 1  1  4  1  0.2651E-07
 1  1  4  1  0.2719E-07
 1  1  4  1  0.2635E-07
 1  1  4  1  0.2765E-07
 1  1  4  1  0.2646E-07
 1  1  5  1  0.3360E-07
 1  1  5  1  0.3146E-07
 1  1  5  1  0.3096E-07
 1  1  5  1  0.3094E-07
 1  1  5  1  0.3173E-07
 1  1  5  1  0.3075E-07
 1  1  5  1  0.3099E-07
 1  1  5  1  0.3080E-07
 1  1  5  1  0.3133E-07
 1  1  5  1  0.3064E-07
 1  1  6  1  0.3451E-07
 1  1  6  1  0.3353E-07
 1  1  6  1  0.3381E-07
 1  1  6  1  0.3322E-07
 1  1  6  1  0.3327E-07
 1  1  6  1  0.3330E-07
 1  1  6  1  0.3349E-07
 1  1  6  1  0.3284E-07
 1  1  6  1  0.3269E-07
 1  1  6  1  0.3309E-07
 1  1  7  1  0.4267E-07
 1  1  7  1  0.3758E-07
 1  1  7  1  0.3749E-07
 1  1  7  1  0.3732E-07
 1  1  7  1  0.3702E-07
 1  1  7  1  0.3679E-07
 1  1  7  1  0.3759E-07
 1  1  7  1  0.3735E-07
 1  1  7  1  0.3711E-07
 1  1  7  1  0.3706E-07
 1  1  8  1  0.3911E-07
 1  1  8  1  0.3869E-07
 1  1  8  1  0.3870E-07
 1  1  8  1  0.3860E-07
 1  1  8  1  0.3838E-07
 1  1  8  1  0.3835E-07
 1  1  8  1  0.3835E-07
 1  1  8  1  0.3825E-07
 1  1  8  1  0.3844E-07
 1  1  8  1  0.3834E-07
 1  1  9  1  0.5531E-07
 1  1  9  1  0.5503E-07
 1  1  9  1  0.5514E-07
 1  1  9  1  0.5494E-07
 1  1  9  1  0.5508E-07
 1  1  9  1  0.5504E-07
 1  1  9  1  0.5481E-07
 1  1  9  1  0.5483E-07
 1  1  9  1  0.5476E-07
 1  1  9  1  0.5470E-07
 1  1  10  1  0.6006E-07
 1  1  10  1  0.5992E-07
 1  1  10  1  0.5993E-07
 1  1  10  1  0.5969E-07
 1  1  10  1  0.5974E-07
 1  1  10  1  0.5969E-07
 1  1  10  1  0.5979E-07
 1  1  10  1  0.5989E-07
 1  1  10  1  0.5975E-07
 1  1  10  1  0.5976E-07
 1  1  11  1  0.6220E-07
 1  1  11  1  0.6012E-07
 1  1  11  1  0.6013E-07
 1  1  11  1  0.6028E-07
 1  1  11  1  0.6019E-07
 1  1  11  1  0.6018E-07
 1  1  11  1  0.6026E-07
 1  1  11  1  0.6019E-07
 1  1  11  1  0.6010E-07
 1  1  11  1  0.6003E-07
 1  1  12  1  0.5130E-07
 1  1  12  1  0.5105E-07
 1  1  12  1  0.5097E-07
 1  1  12  1  0.5101E-07
 1  1  12  1  0.5094E-07
 1  1  12  1  0.5104E-07
 1  1  12  1  0.5094E-07
 1  1  12  1  0.5094E-07
 1  1  12  1  0.5090E-07
 1  1  12  1  0.5084E-07
 1  1  13  1  0.5874E-07
 1  1  13  1  0.5802E-07
 1  1  13  1  0.5786E-07
 1  1  13  1  0.5782E-07
 1  1  13  1  0.5792E-07
 1  1  13  1  0.5785E-07
 1  1  13  1  0.5783E-07
 1  1  13  1  0.5797E-07
 1  1  13  1  0.5786E-07
 1  1  13  1  0.5792E-07
 1  1  14  1  0.5473E-07
 1  1  14  1  0.5397E-07
 1  1  14  1  0.5389E-07
 1  1  14  1  0.5406E-07
 1  1  14  1  0.5386E-07
 1  1  14  1  0.5399E-07
 1  1  14  1  0.5383E-07
 1  1  14  1  0.5390E-07
 1  1  14  1  0.5378E-07
 1  1  14  1  0.5390E-07
 1  1  15  1  0.5722E-07
 1  1  15  1  0.5661E-07
 1  1  15  1  0.5635E-07
 1  1  15  1  0.5655E-07
 1  1  15  1  0.5628E-07
 1  1  15  1  0.5622E-07
 1  1  15  1  0.5629E-07
 1  1  15  1  0.5630E-07
 1  1  15  1  0.5633E-07
 1  1  15  1  0.5623E-07
 1  1  16  1  0.5436E-07
 1  1  16  1  0.5352E-07
 1  1  16  1  0.5356E-07
 1  1  16  1  0.5358E-07
 1  1  16  1  0.5346E-07
 1  1  16  1  0.5345E-07
 1  1  16  1  0.5348E-07
 1  1  16  1  0.5347E-07
 1  1  16  1  0.5356E-07
 1  1  16  1  0.5355E-07
 1  1  17  1  0.7995E-07
 1  1  17  1  0.7994E-07
 1  1  17  1  0.7983E-07
 1  1  17  1  0.7994E-07
 1  1  17  1  0.7968E-07
 1  1  17  1  0.7965E-07
 1  1  17  1  0.7959E-07
 1  1  17  1  0.7961E-07
 1  1  17  1  0.7964E-07
 1  1  17  1  0.7964E-07
 1  1  18  1  0.7865E-07
 1  1  18  1  0.7901E-07
 1  1  18  1  0.7824E-07
 1  1  18  1  0.7817E-07
 1  1  18  1  0.7826E-07
 1  1  18  1  0.7828E-07
 1  1  18  1  0.7868E-07
 1  1  18  1  0.7856E-07
 1  1  18  1  0.7860E-07
 1  1  18  1  0.7868E-07
 1  1  19  1  0.8716E-07
 1  1  19  1  0.8680E-07
 1  1  19  1  0.8691E-07
 1  1  19  1  0.8715E-07
 1  1  19  1  0.8689E-07
 1  1  19  1  0.8690E-07
 1  1  19  1  0.8698E-07
 1  1  19  1  0.8715E-07
 1  1  19  1  0.8688E-07
 1  1  19  1  0.8693E-07
 1  1  20  1  0.8316E-07
 1  1  20  1  0.8284E-07
 1  1  20  1  0.8281E-07
 1  1  20  1  0.8283E-07
 1  1  20  1  0.8371E-07
 1  1  20  1  0.8363E-07
 1  1  20  1  0.8360E-07
 1  1  20  1  0.8365E-07
 1  1  20  1  0.8363E-07
 1  1  20  1  0.8365E-07
