 1  4  3  4  0.3476E-06
 1  4  3  4  0.3348E-06
 1  4  3  4  0.3353E-06
 1  4  3  4  0.3565E-06
 1  4  3  4  0.3299E-06
 1  4  3  4  0.3419E-06
 1  4  3  4  0.3554E-06
 1  4  3  4  0.3186E-06
 1  4  3  4  0.3252E-06
 1  4  3  4  0.3531E-06
 1  4  4  4  0.1950E-06
 1  4  4  4  0.1782E-06
 1  4  4  4  0.1656E-06
 1  4  4  4  0.1786E-06
 1  4  4  4  0.1746E-06
 1  4  4  4  0.1827E-06
 1  4  4  4  0.1619E-06
 1  4  4  4  0.1660E-06
 1  4  4  4  0.1605E-06
 1  4  4  4  0.1719E-06
 1  4  5  4  0.1153E-06
 1  4  5  4  0.1116E-06
 1  4  5  4  0.1108E-06
 1  4  5  4  0.1174E-06
 1  4  5  4  0.1120E-06
 1  4  5  4  0.1134E-06
 1  4  5  4  0.1139E-06
 1  4  5  4  0.1237E-06
 1  4  5  4  0.1220E-06
 1  4  5  4  0.1148E-06
 1  4  6  4  0.6272E-07
 1  4  6  4  0.5935E-07
 1  4  6  4  0.6223E-07
 1  4  6  4  0.6175E-07
 1  4  6  4  0.5835E-07
 1  4  6  4  0.6247E-07
 1  4  6  4  0.6051E-07
 1  4  6  4  0.6106E-07
 1  4  6  4  0.5766E-07
 1  4  6  4  0.6162E-07
 1  4  7  4  0.4078E-07
 1  4  7  4  0.4055E-07
 1  4  7  4  0.4058E-07
 1  4  7  4  0.4181E-07
 1  4  7  4  0.4004E-07
 1  4  7  4  0.3663E-07
 1  4  7  4  0.3845E-07
 1  4  7  4  0.3762E-07
 1  4  7  4  0.3785E-07
 1  4  7  4  0.3912E-07
 1  4  8  4  0.3730E-07
 1  4  8  4  0.3438E-07
 1  4  8  4  0.3673E-07
 1  4  8  4  0.3466E-07
 1  4  8  4  0.3459E-07
 1  4  8  4  0.3442E-07
 1  4  8  4  0.3604E-07
 1  4  8  4  0.3722E-07
 1  4  8  4  0.3505E-07
 1  4  8  4  0.3478E-07
 1  4  9  4  0.3301E-07
 1  4  9  4  0.3092E-07
 1  4  9  4  0.3055E-07
 1  4  9  4  0.3093E-07
 1  4  9  4  0.3237E-07
 1  4  9  4  0.3036E-07
 1  4  9  4  0.3247E-07
 1  4  9  4  0.3063E-07
 1  4  9  4  0.3165E-07
 1  4  9  4  0.3123E-07
 1  4  10  4  0.2750E-07
 1  4  10  4  0.2574E-07
 1  4  10  4  0.2483E-07
 1  4  10  4  0.2491E-07
 1  4  10  4  0.2530E-07
 1  4  10  4  0.2483E-07
 1  4  10  4  0.2542E-07
 1  4  10  4  0.2448E-07
 1  4  10  4  0.2603E-07
 1  4  10  4  0.2599E-07
 1  4  11  4  0.2796E-07
 1  4  11  4  0.2575E-07
 1  4  11  4  0.2521E-07
 1  4  11  4  0.2506E-07
 1  4  11  4  0.2511E-07
 1  4  11  4  0.2364E-07
 1  4  11  4  0.2381E-07
 1  4  11  4  0.2430E-07
 1  4  11  4  0.2488E-07
 1  4  11  4  0.2463E-07
 1  4  12  4  0.2442E-07
 1  4  12  4  0.2268E-07
 1  4  12  4  0.2184E-07
 1  4  12  4  0.2237E-07
 1  4  12  4  0.2211E-07
 1  4  12  4  0.2228E-07
 1  4  12  4  0.2168E-07
 1  4  12  4  0.2203E-07
 1  4  12  4  0.2158E-07
 1  4  12  4  0.2148E-07
 1  4  13  4  0.2517E-07
 1  4  13  4  0.2369E-07
 1  4  13  4  0.2367E-07
 1  4  13  4  0.2362E-07
 1  4  13  4  0.2348E-07
 1  4  13  4  0.2371E-07
 1  4  13  4  0.2365E-07
 1  4  13  4  0.2386E-07
 1  4  13  4  0.2354E-07
 1  4  13  4  0.2369E-07
 1  4  14  4  0.2457E-07
 1  4  14  4  0.2305E-07
 1  4  14  4  0.2278E-07
 1  4  14  4  0.2288E-07
 1  4  14  4  0.2290E-07
 1  4  14  4  0.2278E-07
 1  4  14  4  0.2293E-07
 1  4  14  4  0.2285E-07
 1  4  14  4  0.2314E-07
 1  4  14  4  0.2312E-07
 1  4  15  4  0.2523E-07
 1  4  15  4  0.2384E-07
 1  4  15  4  0.2392E-07
 1  4  15  4  0.2395E-07
 1  4  15  4  0.2378E-07
 1  4  15  4  0.2394E-07
 1  4  15  4  0.2373E-07
 1  4  15  4  0.2369E-07
 1  4  15  4  0.2356E-07
 1  4  15  4  0.2416E-07
 1  4  16  4  0.2686E-07
 1  4  16  4  0.2564E-07
 1  4  16  4  0.2567E-07
 1  4  16  4  0.2570E-07
 1  4  16  4  0.2557E-07
 1  4  16  4  0.2569E-07
 1  4  16  4  0.2559E-07
 1  4  16  4  0.2568E-07
 1  4  16  4  0.2575E-07
 1  4  16  4  0.2562E-07
 1  4  17  4  0.2961E-07
 1  4  17  4  0.2861E-07
 1  4  17  4  0.2861E-07
 1  4  17  4  0.2864E-07
 1  4  17  4  0.2873E-07
 1  4  17  4  0.2857E-07
 1  4  17  4  0.2855E-07
 1  4  17  4  0.2842E-07
 1  4  17  4  0.2854E-07
 1  4  17  4  0.2851E-07
 1  4  18  4  0.2886E-07
 1  4  18  4  0.2769E-07
 1  4  18  4  0.2766E-07
 1  4  18  4  0.2764E-07
 1  4  18  4  0.2747E-07
 1  4  18  4  0.2753E-07
 1  4  18  4  0.2763E-07
 1  4  18  4  0.2751E-07
 1  4  18  4  0.2748E-07
 1  4  18  4  0.2759E-07
 1  4  19  4  0.2936E-07
 1  4  19  4  0.2864E-07
 1  4  19  4  0.2873E-07
 1  4  19  4  0.2878E-07
 1  4  19  4  0.2865E-07
 1  4  19  4  0.2869E-07
 1  4  19  4  0.2870E-07
 1  4  19  4  0.2874E-07
 1  4  19  4  0.2900E-07
 1  4  19  4  0.2896E-07
 1  4  20  4  0.2781E-07
 1  4  20  4  0.2713E-07
 1  4  20  4  0.2716E-07
 1  4  20  4  0.2717E-07
 1  4  20  4  0.2720E-07
 1  4  20  4  0.2722E-07
 1  4  20  4  0.2718E-07
 1  4  20  4  0.2714E-07
 1  4  20  4  0.2700E-07
 1  4  20  4  0.2703E-07
