 1  32  3  32  0.7558E-07
 1  32  3  32  0.6572E-07
 1  32  3  32  0.6802E-07
 1  32  3  32  0.6620E-07
 1  32  3  32  0.6578E-07
 1  32  3  32  0.6637E-07
 1  32  3  32  0.6627E-07
 1  32  3  32  0.6665E-07
 1  32  3  32  0.6633E-07
 1  32  3  32  0.6623E-07
 1  32  4  32  0.3864E-07
 1  32  4  32  0.3594E-07
 1  32  4  32  0.3608E-07
 1  32  4  32  0.3580E-07
 1  32  4  32  0.3591E-07
 1  32  4  32  0.3572E-07
 1  32  4  32  0.3580E-07
 1  32  4  32  0.3725E-07
 1  32  4  32  0.3604E-07
 1  32  4  32  0.3587E-07
 1  32  5  32  0.1992E-07
 1  32  5  32  0.1918E-07
 1  32  5  32  0.1887E-07
 1  32  5  32  0.1919E-07
 1  32  5  32  0.1929E-07
 1  32  5  32  0.1905E-07
 1  32  5  32  0.1885E-07
 1  32  5  32  0.1908E-07
 1  32  5  32  0.1908E-07
 1  32  5  32  0.1906E-07
 1  32  6  32  0.1309E-07
 1  32  6  32  0.1225E-07
 1  32  6  32  0.1225E-07
 1  32  6  32  0.1219E-07
 1  32  6  32  0.1222E-07
 1  32  6  32  0.1317E-07
 1  32  6  32  0.1241E-07
 1  32  6  32  0.1215E-07
 1  32  6  32  0.1221E-07
 1  32  6  32  0.1222E-07
 1  32  7  32  0.9960E-08
 1  32  7  32  0.9275E-08
 1  32  7  32  0.9090E-08
 1  32  7  32  0.9352E-08
 1  32  7  32  0.9187E-08
 1  32  7  32  0.9124E-08
 1  32  7  32  0.9125E-08
 1  32  7  32  0.9154E-08
 1  32  7  32  0.9045E-08
 1  32  7  32  0.9021E-08
 1  32  8  32  0.5654E-08
 1  32  8  32  0.5367E-08
 1  32  8  32  0.5229E-08
 1  32  8  32  0.5210E-08
 1  32  8  32  0.5193E-08
 1  32  8  32  0.5341E-08
 1  32  8  32  0.5216E-08
 1  32  8  32  0.5385E-08
 1  32  8  32  0.5208E-08
 1  32  8  32  0.5427E-08
 1  32  9  32  0.4887E-08
 1  32  9  32  0.4519E-08
 1  32  9  32  0.4426E-08
 1  32  9  32  0.4496E-08
 1  32  9  32  0.4392E-08
 1  32  9  32  0.4350E-08
 1  32  9  32  0.4344E-08
 1  32  9  32  0.4470E-08
 1  32  9  32  0.4321E-08
 1  32  9  32  0.4352E-08
 1  32  10  32  0.4229E-08
 1  32  10  32  0.3843E-08
 1  32  10  32  0.3899E-08
 1  32  10  32  0.3864E-08
 1  32  10  32  0.3878E-08
 1  32  10  32  0.3904E-08
 1  32  10  32  0.3859E-08
 1  32  10  32  0.3808E-08
 1  32  10  32  0.3878E-08
 1  32  10  32  0.3840E-08
 1  32  11  32  0.4053E-08
 1  32  11  32  0.3692E-08
 1  32  11  32  0.3613E-08
 1  32  11  32  0.3600E-08
 1  32  11  32  0.3598E-08
 1  32  11  32  0.3597E-08
 1  32  11  32  0.3597E-08
 1  32  11  32  0.3590E-08
 1  32  11  32  0.3612E-08
 1  32  11  32  0.3593E-08
 1  32  12  32  0.3443E-08
 1  32  12  32  0.3092E-08
 1  32  12  32  0.3101E-08
 1  32  12  32  0.3053E-08
 1  32  12  32  0.3113E-08
 1  32  12  32  0.3097E-08
 1  32  12  32  0.3086E-08
 1  32  12  32  0.3076E-08
 1  32  12  32  0.3108E-08
 1  32  12  32  0.3065E-08
 1  32  13  32  0.3540E-08
 1  32  13  32  0.3161E-08
 1  32  13  32  0.3137E-08
 1  32  13  32  0.3145E-08
 1  32  13  32  0.3139E-08
 1  32  13  32  0.3142E-08
 1  32  13  32  0.3246E-08
 1  32  13  32  0.3251E-08
 1  32  13  32  0.3244E-08
 1  32  13  32  0.3249E-08
 1  32  14  32  0.3735E-08
 1  32  14  32  0.3271E-08
 1  32  14  32  0.3256E-08
 1  32  14  32  0.3247E-08
 1  32  14  32  0.3338E-08
 1  32  14  32  0.3377E-08
 1  32  14  32  0.3390E-08
 1  32  14  32  0.3377E-08
 1  32  14  32  0.3420E-08
 1  32  14  32  0.3261E-08
 1  32  15  32  0.4042E-08
 1  32  15  32  0.3595E-08
 1  32  15  32  0.3587E-08
 1  32  15  32  0.3604E-08
 1  32  15  32  0.3604E-08
 1  32  15  32  0.3586E-08
 1  32  15  32  0.3589E-08
 1  32  15  32  0.3582E-08
 1  32  15  32  0.3588E-08
 1  32  15  32  0.3592E-08
 1  32  16  32  0.4477E-08
 1  32  16  32  0.4109E-08
 1  32  16  32  0.4112E-08
 1  32  16  32  0.4100E-08
 1  32  16  32  0.4107E-08
 1  32  16  32  0.4107E-08
 1  32  16  32  0.4117E-08
 1  32  16  32  0.4090E-08
 1  32  16  32  0.4113E-08
 1  32  16  32  0.4149E-08
 1  32  17  32  0.4576E-08
 1  32  17  32  0.4303E-08
 1  32  17  32  0.4291E-08
 1  32  17  32  0.4301E-08
 1  32  17  32  0.4302E-08
 1  32  17  32  0.4299E-08
 1  32  17  32  0.4315E-08
 1  32  17  32  0.4300E-08
 1  32  17  32  0.4303E-08
 1  32  17  32  0.4313E-08
 1  32  18  32  0.4381E-08
 1  32  18  32  0.4052E-08
 1  32  18  32  0.4050E-08
 1  32  18  32  0.4041E-08
 1  32  18  32  0.4042E-08
 1  32  18  32  0.4046E-08
 1  32  18  32  0.4051E-08
 1  32  18  32  0.4040E-08
 1  32  18  32  0.4055E-08
 1  32  18  32  0.4050E-08
 1  32  19  32  0.4378E-08
 1  32  19  32  0.4159E-08
 1  32  19  32  0.4162E-08
 1  32  19  32  0.4151E-08
 1  32  19  32  0.4156E-08
 1  32  19  32  0.4148E-08
 1  32  19  32  0.4154E-08
 1  32  19  32  0.4175E-08
 1  32  19  32  0.4167E-08
 1  32  19  32  0.4168E-08
 1  32  20  32  0.4155E-08
 1  32  20  32  0.3915E-08
 1  32  20  32  0.3918E-08
 1  32  20  32  0.3913E-08
 1  32  20  32  0.3916E-08
 1  32  20  32  0.3915E-08
 1  32  20  32  0.3914E-08
 1  32  20  32  0.3916E-08
 1  32  20  32  0.3923E-08
 1  32  20  32  0.3917E-08
