 1  8  3  8  0.3571E-06
 1  8  3  8  0.3741E-06
 1  8  3  8  0.3515E-06
 1  8  3  8  0.3410E-06
 1  8  3  8  0.3414E-06
 1  8  3  8  0.3429E-06
 1  8  3  8  0.3601E-06
 1  8  3  8  0.3473E-06
 1  8  3  8  0.3510E-06
 1  8  3  8  0.3495E-06
 1  8  4  8  0.1918E-06
 1  8  4  8  0.1800E-06
 1  8  4  8  0.1792E-06
 1  8  4  8  0.1841E-06
 1  8  4  8  0.1788E-06
 1  8  4  8  0.1802E-06
 1  8  4  8  0.1790E-06
 1  8  4  8  0.1787E-06
 1  8  4  8  0.1785E-06
 1  8  4  8  0.1805E-06
 1  8  5  8  0.1008E-06
 1  8  5  8  0.9920E-07
 1  8  5  8  0.9962E-07
 1  8  5  8  0.9896E-07
 1  8  5  8  0.9905E-07
 1  8  5  8  0.9851E-07
 1  8  5  8  0.9773E-07
 1  8  5  8  0.9786E-07
 1  8  5  8  0.9930E-07
 1  8  5  8  0.9840E-07
 1  8  6  8  0.7063E-07
 1  8  6  8  0.7042E-07
 1  8  6  8  0.6711E-07
 1  8  6  8  0.6740E-07
 1  8  6  8  0.6529E-07
 1  8  6  8  0.6816E-07
 1  8  6  8  0.6741E-07
 1  8  6  8  0.6650E-07
 1  8  6  8  0.6790E-07
 1  8  6  8  0.6561E-07
 1  8  7  8  0.3993E-07
 1  8  7  8  0.3761E-07
 1  8  7  8  0.3758E-07
 1  8  7  8  0.4099E-07
 1  8  7  8  0.3952E-07
 1  8  7  8  0.3922E-07
 1  8  7  8  0.4004E-07
 1  8  7  8  0.3972E-07
 1  8  7  8  0.4003E-07
 1  8  7  8  0.4051E-07
 1  8  8  8  0.3195E-07
 1  8  8  8  0.3151E-07
 1  8  8  8  0.3124E-07
 1  8  8  8  0.3120E-07
 1  8  8  8  0.3103E-07
 1  8  8  8  0.3126E-07
 1  8  8  8  0.3108E-07
 1  8  8  8  0.3130E-07
 1  8  8  8  0.3110E-07
 1  8  8  8  0.3111E-07
 1  8  9  8  0.2538E-07
 1  8  9  8  0.2490E-07
 1  8  9  8  0.2479E-07
 1  8  9  8  0.2475E-07
 1  8  9  8  0.2433E-07
 1  8  9  8  0.2452E-07
 1  8  9  8  0.2456E-07
 1  8  9  8  0.2433E-07
 1  8  9  8  0.2416E-07
 1  8  9  8  0.2419E-07
 1  8  10  8  0.2147E-07
 1  8  10  8  0.2164E-07
 1  8  10  8  0.2121E-07
 1  8  10  8  0.2117E-07
 1  8  10  8  0.2110E-07
 1  8  10  8  0.2103E-07
 1  8  10  8  0.2236E-07
 1  8  10  8  0.2105E-07
 1  8  10  8  0.2159E-07
 1  8  10  8  0.2117E-07
 1  8  11  8  0.1864E-07
 1  8  11  8  0.1847E-07
 1  8  11  8  0.1832E-07
 1  8  11  8  0.1821E-07
 1  8  11  8  0.1844E-07
 1  8  11  8  0.1827E-07
 1  8  11  8  0.1816E-07
 1  8  11  8  0.1831E-07
 1  8  11  8  0.1813E-07
 1  8  11  8  0.1800E-07
 1  8  12  8  0.1588E-07
 1  8  12  8  0.1545E-07
 1  8  12  8  0.1554E-07
 1  8  12  8  0.1556E-07
 1  8  12  8  0.1541E-07
 1  8  12  8  0.1539E-07
 1  8  12  8  0.1534E-07
 1  8  12  8  0.1520E-07
 1  8  12  8  0.1531E-07
 1  8  12  8  0.1527E-07
 1  8  13  8  0.1475E-07
 1  8  13  8  0.1448E-07
 1  8  13  8  0.1455E-07
 1  8  13  8  0.1452E-07
 1  8  13  8  0.1453E-07
 1  8  13  8  0.1451E-07
 1  8  13  8  0.1446E-07
 1  8  13  8  0.1451E-07
 1  8  13  8  0.1448E-07
 1  8  13  8  0.1453E-07
 1  8  14  8  0.1325E-07
 1  8  14  8  0.1305E-07
 1  8  14  8  0.1305E-07
 1  8  14  8  0.1309E-07
 1  8  14  8  0.1308E-07
 1  8  14  8  0.1314E-07
 1  8  14  8  0.1315E-07
 1  8  14  8  0.1303E-07
 1  8  14  8  0.1307E-07
 1  8  14  8  0.1297E-07
 1  8  15  8  0.1599E-07
 1  8  15  8  0.1552E-07
 1  8  15  8  0.1531E-07
 1  8  15  8  0.1537E-07
 1  8  15  8  0.1536E-07
 1  8  15  8  0.1542E-07
 1  8  15  8  0.1540E-07
 1  8  15  8  0.1541E-07
 1  8  15  8  0.1539E-07
 1  8  15  8  0.1547E-07
 1  8  16  8  0.1450E-07
 1  8  16  8  0.1436E-07
 1  8  16  8  0.1433E-07
 1  8  16  8  0.1432E-07
 1  8  16  8  0.1441E-07
 1  8  16  8  0.1438E-07
 1  8  16  8  0.1446E-07
 1  8  16  8  0.1443E-07
 1  8  16  8  0.1442E-07
 1  8  16  8  0.1446E-07
 1  8  17  8  0.1658E-07
 1  8  17  8  0.1646E-07
 1  8  17  8  0.1643E-07
 1  8  17  8  0.1645E-07
 1  8  17  8  0.1656E-07
 1  8  17  8  0.1645E-07
 1  8  17  8  0.1645E-07
 1  8  17  8  0.1643E-07
 1  8  17  8  0.1645E-07
 1  8  17  8  0.1643E-07
 1  8  18  8  0.1600E-07
 1  8  18  8  0.1586E-07
 1  8  18  8  0.1590E-07
 1  8  18  8  0.1589E-07
 1  8  18  8  0.1587E-07
 1  8  18  8  0.1590E-07
 1  8  18  8  0.1593E-07
 1  8  18  8  0.1591E-07
 1  8  18  8  0.1591E-07
 1  8  18  8  0.1591E-07
 1  8  19  8  0.1628E-07
 1  8  19  8  0.1624E-07
 1  8  19  8  0.1623E-07
 1  8  19  8  0.1624E-07
 1  8  19  8  0.1627E-07
 1  8  19  8  0.1626E-07
 1  8  19  8  0.1625E-07
 1  8  19  8  0.1627E-07
 1  8  19  8  0.1624E-07
 1  8  19  8  0.1623E-07
 1  8  20  8  0.1532E-07
 1  8  20  8  0.1526E-07
 1  8  20  8  0.1528E-07
 1  8  20  8  0.1525E-07
 1  8  20  8  0.1528E-07
 1  8  20  8  0.1530E-07
 1  8  20  8  0.1525E-07
 1  8  20  8  0.1529E-07
 1  8  20  8  0.1528E-07
 1  8  20  8  0.1530E-07
