 1  1  3  1  0.8901E-07
 1  1  3  1  0.6961E-07
 1  1  3  1  0.6431E-07
 1  1  3  1  0.6764E-07
 1  1  3  1  0.6543E-07
 1  1  3  1  0.6420E-07
 1  1  3  1  0.6543E-07
 1  1  3  1  0.6323E-07
 1  1  3  1  0.6543E-07
 1  1  3  1  0.6296E-07
 1  1  4  1  0.6287E-07
 1  1  4  1  0.5741E-07
 1  1  4  1  0.5708E-07
 1  1  4  1  0.5646E-07
 1  1  4  1  0.5615E-07
 1  1  4  1  0.5537E-07
 1  1  4  1  0.5563E-07
 1  1  4  1  0.5598E-07
 1  1  4  1  0.5578E-07
 1  1  4  1  0.5813E-07
 1  1  5  1  0.5859E-07
 1  1  5  1  0.5600E-07
 1  1  5  1  0.5525E-07
 1  1  5  1  0.5480E-07
 1  1  5  1  0.5464E-07
 1  1  5  1  0.5464E-07
 1  1  5  1  0.5507E-07
 1  1  5  1  0.6224E-07
 1  1  5  1  0.5360E-07
 1  1  5  1  0.5322E-07
 1  1  6  1  0.5213E-07
 1  1  6  1  0.4997E-07
 1  1  6  1  0.5015E-07
 1  1  6  1  0.4969E-07
 1  1  6  1  0.4962E-07
 1  1  6  1  0.4975E-07
 1  1  6  1  0.4963E-07
 1  1  6  1  0.4991E-07
 1  1  6  1  0.4997E-07
 1  1  6  1  0.5017E-07
 1  1  7  1  0.5891E-07
 1  1  7  1  0.5397E-07
 1  1  7  1  0.5355E-07
 1  1  7  1  0.5315E-07
 1  1  7  1  0.5343E-07
 1  1  7  1  0.5327E-07
 1  1  7  1  0.5334E-07
 1  1  7  1  0.5301E-07
 1  1  7  1  0.5303E-07
 1  1  7  1  0.5296E-07
 1  1  8  1  0.6364E-07
 1  1  8  1  0.6029E-07
 1  1  8  1  0.6008E-07
 1  1  8  1  0.6027E-07
 1  1  8  1  0.6013E-07
 1  1  8  1  0.5996E-07
 1  1  8  1  0.6033E-07
 1  1  8  1  0.6007E-07
 1  1  8  1  0.5982E-07
 1  1  8  1  0.5980E-07
 1  1  9  1  0.6977E-07
 1  1  9  1  0.6412E-07
 1  1  9  1  0.6417E-07
 1  1  9  1  0.6405E-07
 1  1  9  1  0.6408E-07
 1  1  9  1  0.6392E-07
 1  1  9  1  0.6399E-07
 1  1  9  1  0.6388E-07
 1  1  9  1  0.6391E-07
 1  1  9  1  0.6398E-07
 1  1  10  1  0.7021E-07
 1  1  10  1  0.6634E-07
 1  1  10  1  0.6592E-07
 1  1  10  1  0.6586E-07
 1  1  10  1  0.6576E-07
 1  1  10  1  0.6571E-07
 1  1  10  1  0.6589E-07
 1  1  10  1  0.6569E-07
 1  1  10  1  0.6572E-07
 1  1  10  1  0.6572E-07
 1  1  11  1  0.7020E-07
 1  1  11  1  0.6606E-07
 1  1  11  1  0.6593E-07
 1  1  11  1  0.6588E-07
 1  1  11  1  0.6615E-07
 1  1  11  1  0.6599E-07
 1  1  11  1  0.6579E-07
 1  1  11  1  0.6579E-07
 1  1  11  1  0.6573E-07
 1  1  11  1  0.6585E-07
 1  1  12  1  0.6052E-07
 1  1  12  1  0.5652E-07
 1  1  12  1  0.5639E-07
 1  1  12  1  0.5619E-07
 1  1  12  1  0.5635E-07
 1  1  12  1  0.5629E-07
 1  1  12  1  0.5626E-07
 1  1  12  1  0.5636E-07
 1  1  12  1  0.5622E-07
 1  1  12  1  0.5621E-07
 1  1  13  1  0.6384E-07
 1  1  13  1  0.5937E-07
 1  1  13  1  0.5954E-07
 1  1  13  1  0.5949E-07
 1  1  13  1  0.5982E-07
 1  1  13  1  0.5950E-07
 1  1  13  1  0.5962E-07
 1  1  13  1  0.5977E-07
 1  1  13  1  0.5972E-07
 1  1  13  1  0.5958E-07
 1  1  14  1  0.6433E-07
 1  1  14  1  0.5953E-07
 1  1  14  1  0.5933E-07
 1  1  14  1  0.5948E-07
 1  1  14  1  0.6016E-07
 1  1  14  1  0.5983E-07
 1  1  14  1  0.5983E-07
 1  1  14  1  0.5978E-07
 1  1  14  1  0.5975E-07
 1  1  14  1  0.5988E-07
 1  1  15  1  0.7233E-07
 1  1  15  1  0.6789E-07
 1  1  15  1  0.6777E-07
 1  1  15  1  0.6790E-07
 1  1  15  1  0.6779E-07
 1  1  15  1  0.6822E-07
 1  1  15  1  0.6779E-07
 1  1  15  1  0.6777E-07
 1  1  15  1  0.6785E-07
 1  1  15  1  0.6789E-07
 1  1  16  1  0.6938E-07
 1  1  16  1  0.6611E-07
 1  1  16  1  0.6602E-07
 1  1  16  1  0.6600E-07
 1  1  16  1  0.6608E-07
 1  1  16  1  0.6603E-07
 1  1  16  1  0.6599E-07
 1  1  16  1  0.6614E-07
 1  1  16  1  0.6611E-07
 1  1  16  1  0.6612E-07
 1  1  17  1  0.9146E-07
 1  1  17  1  0.8878E-07
 1  1  17  1  0.8880E-07
 1  1  17  1  0.8878E-07
 1  1  17  1  0.8941E-07
 1  1  17  1  0.8919E-07
 1  1  17  1  0.8910E-07
 1  1  17  1  0.8912E-07
 1  1  17  1  0.8924E-07
 1  1  17  1  0.8916E-07
 1  1  18  1  0.8936E-07
 1  1  18  1  0.8648E-07
 1  1  18  1  0.8644E-07
 1  1  18  1  0.8666E-07
 1  1  18  1  0.8651E-07
 1  1  18  1  0.8653E-07
 1  1  18  1  0.8646E-07
 1  1  18  1  0.8674E-07
 1  1  18  1  0.8641E-07
 1  1  18  1  0.8646E-07
 1  1  19  1  0.9340E-07
 1  1  19  1  0.9118E-07
 1  1  19  1  0.9134E-07
 1  1  19  1  0.9122E-07
 1  1  19  1  0.9129E-07
 1  1  19  1  0.9118E-07
 1  1  19  1  0.9124E-07
 1  1  19  1  0.9126E-07
 1  1  19  1  0.9128E-07
 1  1  19  1  0.9122E-07
 1  1  20  1  0.9013E-07
 1  1  20  1  0.8802E-07
 1  1  20  1  0.8808E-07
 1  1  20  1  0.8827E-07
 1  1  20  1  0.8832E-07
 1  1  20  1  0.8974E-07
 1  1  20  1  0.8977E-07
 1  1  20  1  0.8975E-07
 1  1  20  1  0.8982E-07
 1  1  20  1  0.8977E-07
