 1  64  3  64  0.4013E-07
 1  64  3  64  0.3419E-07
 1  64  3  64  0.3392E-07
 1  64  3  64  0.3368E-07
 1  64  3  64  0.3274E-07
 1  64  3  64  0.3315E-07
 1  64  3  64  0.3347E-07
 1  64  3  64  0.3270E-07
 1  64  3  64  0.3263E-07
 1  64  3  64  0.3443E-07
 1  64  4  64  0.2073E-07
 1  64  4  64  0.1882E-07
 1  64  4  64  0.1840E-07
 1  64  4  64  0.1863E-07
 1  64  4  64  0.1837E-07
 1  64  4  64  0.1848E-07
 1  64  4  64  0.1835E-07
 1  64  4  64  0.1796E-07
 1  64  4  64  0.1866E-07
 1  64  4  64  0.1847E-07
 1  64  5  64  0.1015E-07
 1  64  5  64  0.8367E-08
 1  64  5  64  0.8550E-08
 1  64  5  64  0.8438E-08
 1  64  5  64  0.8385E-08
 1  64  5  64  0.8315E-08
 1  64  5  64  0.8468E-08
 1  64  5  64  0.8339E-08
 1  64  5  64  0.8313E-08
 1  64  5  64  0.8582E-08
 1  64  6  64  0.6024E-08
 1  64  6  64  0.5293E-08
 1  64  6  64  0.5596E-08
 1  64  6  64  0.5346E-08
 1  64  6  64  0.5548E-08
 1  64  6  64  0.5520E-08
 1  64  6  64  0.5353E-08
 1  64  6  64  0.5445E-08
 1  64  6  64  0.5371E-08
 1  64  6  64  0.5445E-08
 1  64  7  64  0.4809E-08
 1  64  7  64  0.3942E-08
 1  64  7  64  0.3882E-08
 1  64  7  64  0.4034E-08
 1  64  7  64  0.3878E-08
 1  64  7  64  0.3895E-08
 1  64  7  64  0.3927E-08
 1  64  7  64  0.3970E-08
 1  64  7  64  0.3907E-08
 1  64  7  64  0.3953E-08
 1  64  8  64  0.3810E-08
 1  64  8  64  0.3269E-08
 1  64  8  64  0.3283E-08
 1  64  8  64  0.3311E-08
 1  64  8  64  0.3306E-08
 1  64  8  64  0.3273E-08
 1  64  8  64  0.3302E-08
 1  64  8  64  0.3335E-08
 1  64  8  64  0.3271E-08
 1  64  8  64  0.3317E-08
 1  64  9  64  0.3365E-08
 1  64  9  64  0.2762E-08
 1  64  9  64  0.2835E-08
 1  64  9  64  0.2787E-08
 1  64  9  64  0.2786E-08
 1  64  9  64  0.2802E-08
 1  64  9  64  0.2783E-08
 1  64  9  64  0.2776E-08
 1  64  9  64  0.2765E-08
 1  64  9  64  0.2747E-08
 1  64  10  64  0.3274E-08
 1  64  10  64  0.2751E-08
 1  64  10  64  0.2754E-08
 1  64  10  64  0.2752E-08
 1  64  10  64  0.2776E-08
 1  64  10  64  0.2795E-08
 1  64  10  64  0.2759E-08
 1  64  10  64  0.2760E-08
 1  64  10  64  0.2757E-08
 1  64  10  64  0.2771E-08
 1  64  11  64  0.3466E-08
 1  64  11  64  0.2953E-08
 1  64  11  64  0.2951E-08
 1  64  11  64  0.2971E-08
 1  64  11  64  0.2958E-08
 1  64  11  64  0.2954E-08
 1  64  11  64  0.2972E-08
 1  64  11  64  0.2970E-08
 1  64  11  64  0.3005E-08
 1  64  11  64  0.2983E-08
 1  64  12  64  0.3522E-08
 1  64  12  64  0.3047E-08
 1  64  12  64  0.3035E-08
 1  64  12  64  0.3027E-08
 1  64  12  64  0.3033E-08
 1  64  12  64  0.3033E-08
 1  64  12  64  0.3030E-08
 1  64  12  64  0.3033E-08
 1  64  12  64  0.3029E-08
 1  64  12  64  0.3034E-08
 1  64  13  64  0.3570E-08
 1  64  13  64  0.2951E-08
 1  64  13  64  0.2957E-08
 1  64  13  64  0.2945E-08
 1  64  13  64  0.2951E-08
 1  64  13  64  0.2949E-08
 1  64  13  64  0.2949E-08
 1  64  13  64  0.2941E-08
 1  64  13  64  0.2941E-08
 1  64  13  64  0.2942E-08
 1  64  14  64  0.3373E-08
 1  64  14  64  0.2774E-08
 1  64  14  64  0.2796E-08
 1  64  14  64  0.2790E-08
 1  64  14  64  0.2807E-08
 1  64  14  64  0.2786E-08
 1  64  14  64  0.2782E-08
 1  64  14  64  0.2788E-08
 1  64  14  64  0.2780E-08
 1  64  14  64  0.2790E-08
 1  64  15  64  0.3375E-08
 1  64  15  64  0.2867E-08
 1  64  15  64  0.2868E-08
 1  64  15  64  0.2872E-08
 1  64  15  64  0.2868E-08
 1  64  15  64  0.2867E-08
 1  64  15  64  0.2871E-08
 1  64  15  64  0.2865E-08
 1  64  15  64  0.2865E-08
 1  64  15  64  0.2871E-08
 1  64  16  64  0.3841E-08
 1  64  16  64  0.3490E-08
 1  64  16  64  0.3477E-08
 1  64  16  64  0.3489E-08
 1  64  16  64  0.3487E-08
 1  64  16  64  0.3497E-08
 1  64  16  64  0.3505E-08
 1  64  16  64  0.3451E-08
 1  64  16  64  0.3492E-08
 1  64  16  64  0.3493E-08
 1  64  17  64  0.3437E-08
 1  64  17  64  0.3096E-08
 1  64  17  64  0.3108E-08
 1  64  17  64  0.3097E-08
 1  64  17  64  0.3100E-08
 1  64  17  64  0.3106E-08
 1  64  17  64  0.3109E-08
 1  64  17  64  0.3101E-08
 1  64  17  64  0.3109E-08
 1  64  17  64  0.3107E-08
 1  64  18  64  0.3019E-08
 1  64  18  64  0.2657E-08
 1  64  18  64  0.2660E-08
 1  64  18  64  0.2650E-08
 1  64  18  64  0.2653E-08
 1  64  18  64  0.2683E-08
 1  64  18  64  0.2654E-08
 1  64  18  64  0.2675E-08
 1  64  18  64  0.2657E-08
 1  64  18  64  0.2664E-08
 1  64  19  64  0.2842E-08
 1  64  19  64  0.2603E-08
 1  64  19  64  0.2610E-08
 1  64  19  64  0.2605E-08
 1  64  19  64  0.2621E-08
 1  64  19  64  0.2621E-08
 1  64  19  64  0.2619E-08
 1  64  19  64  0.2616E-08
 1  64  19  64  0.2611E-08
 1  64  19  64  0.2604E-08
 1  64  20  64  0.2836E-08
 1  64  20  64  0.2574E-08
 1  64  20  64  0.2565E-08
 1  64  20  64  0.2558E-08
 1  64  20  64  0.2568E-08
 1  64  20  64  0.2565E-08
 1  64  20  64  0.2558E-08
 1  64  20  64  0.2563E-08
 1  64  20  64  0.2553E-08
 1  64  20  64  0.2564E-08
