 1  1  3  1  0.1790E-05
 1  1  3  1  0.5563E-06
 1  1  3  1  0.5563E-06
 1  1  3  1  0.5416E-06
 1  1  3  1  0.4945E-06
 1  1  3  1  0.5063E-06
 1  1  3  1  0.4945E-06
 1  1  3  1  0.4945E-06
 1  1  3  1  0.7388E-06
 1  1  3  1  0.5210E-06
 1  1  4  1  0.1501E-06
 1  1  4  1  0.1203E-06
 1  1  4  1  0.1288E-06
 1  1  4  1  0.1259E-06
 1  1  4  1  0.1340E-06
 1  1  4  1  0.1270E-06
 1  1  4  1  0.1221E-06
 1  1  4  1  0.1325E-06
 1  1  4  1  0.1260E-06
 1  1  4  1  0.1226E-06
 1  1  5  1  0.8959E-07
 1  1  5  1  0.7797E-07
 1  1  5  1  0.7914E-07
 1  1  5  1  0.7945E-07
 1  1  5  1  0.7968E-07
 1  1  5  1  0.7988E-07
 1  1  5  1  0.8064E-07
 1  1  5  1  0.7744E-07
 1  1  5  1  0.7998E-07
 1  1  5  1  0.8062E-07
 1  1  6  1  0.5853E-07
 1  1  6  1  0.5589E-07
 1  1  6  1  0.5601E-07
 1  1  6  1  0.5533E-07
 1  1  6  1  0.5611E-07
 1  1  6  1  0.5495E-07
 1  1  6  1  0.5532E-07
 1  1  6  1  0.5476E-07
 1  1  6  1  0.5492E-07
 1  1  6  1  0.5574E-07
 1  1  7  1  0.5207E-07
 1  1  7  1  0.5017E-07
 1  1  7  1  0.4979E-07
 1  1  7  1  0.4963E-07
 1  1  7  1  0.4966E-07
 1  1  7  1  0.5004E-07
 1  1  7  1  0.4976E-07
 1  1  7  1  0.4946E-07
 1  1  7  1  0.4971E-07
 1  1  7  1  0.4948E-07
 1  1  8  1  0.4031E-07
 1  1  8  1  0.3624E-07
 1  1  8  1  0.3594E-07
 1  1  8  1  0.3613E-07
 1  1  8  1  0.3574E-07
 1  1  8  1  0.3587E-07
 1  1  8  1  0.3577E-07
 1  1  8  1  0.3554E-07
 1  1  8  1  0.3559E-07
 1  1  8  1  0.3567E-07
 1  1  9  1  0.5024E-07
 1  1  9  1  0.4780E-07
 1  1  9  1  0.4796E-07
 1  1  9  1  0.4765E-07
 1  1  9  1  0.4760E-07
 1  1  9  1  0.4756E-07
 1  1  9  1  0.4777E-07
 1  1  9  1  0.4767E-07
 1  1  9  1  0.4757E-07
 1  1  9  1  0.4758E-07
 1  1  10  1  0.5457E-07
 1  1  10  1  0.5245E-07
 1  1  10  1  0.5242E-07
 1  1  10  1  0.5238E-07
 1  1  10  1  0.5239E-07
 1  1  10  1  0.5261E-07
 1  1  10  1  0.5250E-07
 1  1  10  1  0.5231E-07
 1  1  10  1  0.5229E-07
 1  1  10  1  0.5241E-07
 1  1  11  1  0.5616E-07
 1  1  11  1  0.5335E-07
 1  1  11  1  0.5311E-07
 1  1  11  1  0.5316E-07
 1  1  11  1  0.5316E-07
 1  1  11  1  0.5322E-07
 1  1  11  1  0.5313E-07
 1  1  11  1  0.5303E-07
 1  1  11  1  0.5294E-07
 1  1  11  1  0.5314E-07
 1  1  12  1  0.4954E-07
 1  1  12  1  0.4540E-07
 1  1  12  1  0.4524E-07
 1  1  12  1  0.4517E-07
 1  1  12  1  0.4499E-07
 1  1  12  1  0.4517E-07
 1  1  12  1  0.4504E-07
 1  1  12  1  0.4512E-07
 1  1  12  1  0.4516E-07
 1  1  12  1  0.4505E-07
 1  1  13  1  0.5366E-07
 1  1  13  1  0.4997E-07
 1  1  13  1  0.4993E-07
 1  1  13  1  0.4985E-07
 1  1  13  1  0.4968E-07
 1  1  13  1  0.4975E-07
 1  1  13  1  0.4991E-07
 1  1  13  1  0.4997E-07
 1  1  13  1  0.4968E-07
 1  1  13  1  0.4978E-07
 1  1  14  1  0.5067E-07
 1  1  14  1  0.4722E-07
 1  1  14  1  0.4722E-07
 1  1  14  1  0.4743E-07
 1  1  14  1  0.4807E-07
 1  1  14  1  0.4711E-07
 1  1  14  1  0.4723E-07
 1  1  14  1  0.4708E-07
 1  1  14  1  0.4729E-07
 1  1  14  1  0.4717E-07
 1  1  15  1  0.5667E-07
 1  1  15  1  0.5338E-07
 1  1  15  1  0.5355E-07
 1  1  15  1  0.5332E-07
 1  1  15  1  0.5346E-07
 1  1  15  1  0.5334E-07
 1  1  15  1  0.5346E-07
 1  1  15  1  0.5338E-07
 1  1  15  1  0.5369E-07
 1  1  15  1  0.5327E-07
 1  1  16  1  0.5052E-07
 1  1  16  1  0.4849E-07
 1  1  16  1  0.4861E-07
 1  1  16  1  0.4865E-07
 1  1  16  1  0.4862E-07
 1  1  16  1  0.4865E-07
 1  1  16  1  0.4854E-07
 1  1  16  1  0.4866E-07
 1  1  16  1  0.4867E-07
 1  1  16  1  0.4861E-07
 1  1  17  1  0.7448E-07
 1  1  17  1  0.7254E-07
 1  1  17  1  0.7296E-07
 1  1  17  1  0.7313E-07
 1  1  17  1  0.7312E-07
 1  1  17  1  0.7300E-07
 1  1  17  1  0.7308E-07
 1  1  17  1  0.7309E-07
 1  1  17  1  0.7318E-07
 1  1  17  1  0.7314E-07
 1  1  18  1  0.7145E-07
 1  1  18  1  0.7003E-07
 1  1  18  1  0.6999E-07
 1  1  18  1  0.7019E-07
 1  1  18  1  0.7017E-07
 1  1  18  1  0.7040E-07
 1  1  18  1  0.7203E-07
 1  1  18  1  0.7202E-07
 1  1  18  1  0.7194E-07
 1  1  18  1  0.7252E-07
 1  1  19  1  0.7821E-07
 1  1  19  1  0.7682E-07
 1  1  19  1  0.7683E-07
 1  1  19  1  0.7680E-07
 1  1  19  1  0.7696E-07
 1  1  19  1  0.7686E-07
 1  1  19  1  0.7684E-07
 1  1  19  1  0.7689E-07
 1  1  19  1  0.7680E-07
 1  1  19  1  0.7682E-07
 1  1  20  1  0.7319E-07
 1  1  20  1  0.7232E-07
 1  1  20  1  0.7231E-07
 1  1  20  1  0.7228E-07
 1  1  20  1  0.7276E-07
 1  1  20  1  0.7222E-07
 1  1  20  1  0.7235E-07
 1  1  20  1  0.7223E-07
 1  1  20  1  0.7227E-07
 1  1  20  1  0.7223E-07
