 2  8  3  16  0.2259E-06
 2  8  3  16  0.2196E-06
 2  8  3  16  0.2212E-06
 2  8  3  16  0.2166E-06
 2  8  3  16  0.2170E-06
 2  8  3  16  0.2184E-06
 2  8  3  16  0.2188E-06
 2  8  3  16  0.2173E-06
 2  8  3  16  0.2196E-06
 2  8  3  16  0.2182E-06
 2  8  4  16  0.1081E-06
 2  8  4  16  0.1016E-06
 2  8  4  16  0.1016E-06
 2  8  4  16  0.1006E-06
 2  8  4  16  0.1011E-06
 2  8  4  16  0.1019E-06
 2  8  4  16  0.1020E-06
 2  8  4  16  0.1019E-06
 2  8  4  16  0.1010E-06
 2  8  4  16  0.1020E-06
 2  8  5  16  0.7065E-07
 2  8  5  16  0.6989E-07
 2  8  5  16  0.6995E-07
 2  8  5  16  0.6917E-07
 2  8  5  16  0.6758E-07
 2  8  5  16  0.6801E-07
 2  8  5  16  0.6831E-07
 2  8  5  16  0.6909E-07
 2  8  5  16  0.6942E-07
 2  8  5  16  0.6912E-07
 2  8  6  16  0.4427E-07
 2  8  6  16  0.4385E-07
 2  8  6  16  0.4432E-07
 2  8  6  16  0.4443E-07
 2  8  6  16  0.4374E-07
 2  8  6  16  0.4366E-07
 2  8  6  16  0.4348E-07
 2  8  6  16  0.4334E-07
 2  8  6  16  0.4352E-07
 2  8  6  16  0.4353E-07
 2  8  7  16  0.3226E-07
 2  8  7  16  0.3105E-07
 2  8  7  16  0.3112E-07
 2  8  7  16  0.3105E-07
 2  8  7  16  0.3119E-07
 2  8  7  16  0.3167E-07
 2  8  7  16  0.3123E-07
 2  8  7  16  0.3132E-07
 2  8  7  16  0.3122E-07
 2  8  7  16  0.3148E-07
 2  8  8  16  0.2631E-07
 2  8  8  16  0.2608E-07
 2  8  8  16  0.2597E-07
 2  8  8  16  0.2594E-07
 2  8  8  16  0.2657E-07
 2  8  8  16  0.2582E-07
 2  8  8  16  0.2596E-07
 2  8  8  16  0.2564E-07
 2  8  8  16  0.2593E-07
 2  8  8  16  0.2630E-07
 2  8  9  16  0.2116E-07
 2  8  9  16  0.2058E-07
 2  8  9  16  0.2050E-07
 2  8  9  16  0.2054E-07
 2  8  9  16  0.2104E-07
 2  8  9  16  0.2063E-07
 2  8  9  16  0.2059E-07
 2  8  9  16  0.2051E-07
 2  8  9  16  0.2049E-07
 2  8  9  16  0.2050E-07
 2  8  10  16  0.1839E-07
 2  8  10  16  0.1816E-07
 2  8  10  16  0.1852E-07
 2  8  10  16  0.1813E-07
 2  8  10  16  0.1838E-07
 2  8  10  16  0.1837E-07
 2  8  10  16  0.1828E-07
 2  8  10  16  0.1813E-07
 2  8  10  16  0.1844E-07
 2  8  10  16  0.1833E-07
 2  8  11  16  0.1538E-07
 2  8  11  16  0.1523E-07
 2  8  11  16  0.1520E-07
 2  8  11  16  0.1517E-07
 2  8  11  16  0.1518E-07
 2  8  11  16  0.1523E-07
 2  8  11  16  0.1519E-07
 2  8  11  16  0.1518E-07
 2  8  11  16  0.1514E-07
 2  8  11  16  0.1519E-07
 2  8  12  16  0.1425E-07
 2  8  12  16  0.1408E-07
 2  8  12  16  0.1410E-07
 2  8  12  16  0.1419E-07
 2  8  12  16  0.1418E-07
 2  8  12  16  0.1425E-07
 2  8  12  16  0.1420E-07
 2  8  12  16  0.1439E-07
 2  8  12  16  0.1433E-07
 2  8  12  16  0.1428E-07
 2  8  13  16  0.1498E-07
 2  8  13  16  0.1493E-07
 2  8  13  16  0.1488E-07
 2  8  13  16  0.1490E-07
 2  8  13  16  0.1488E-07
 2  8  13  16  0.1488E-07
 2  8  13  16  0.1488E-07
 2  8  13  16  0.1488E-07
 2  8  13  16  0.1492E-07
 2  8  13  16  0.1494E-07
 2  8  14  16  0.1459E-07
 2  8  14  16  0.1448E-07
 2  8  14  16  0.1450E-07
 2  8  14  16  0.1446E-07
 2  8  14  16  0.1449E-07
 2  8  14  16  0.1443E-07
 2  8  14  16  0.1445E-07
 2  8  14  16  0.1444E-07
 2  8  14  16  0.1442E-07
 2  8  14  16  0.1443E-07
 2  8  15  16  0.1494E-07
 2  8  15  16  0.1487E-07
 2  8  15  16  0.1487E-07
 2  8  15  16  0.1488E-07
 2  8  15  16  0.1487E-07
 2  8  15  16  0.1487E-07
 2  8  15  16  0.1488E-07
 2  8  15  16  0.1488E-07
 2  8  15  16  0.1486E-07
 2  8  15  16  0.1487E-07
 2  8  16  16  0.1399E-07
 2  8  16  16  0.1391E-07
 2  8  16  16  0.1390E-07
 2  8  16  16  0.1390E-07
 2  8  16  16  0.1393E-07
 2  8  16  16  0.1388E-07
 2  8  16  16  0.1390E-07
 2  8  16  16  0.1393E-07
 2  8  16  16  0.1392E-07
 2  8  16  16  0.1395E-07
 2  8  17  16  0.1562E-07
 2  8  17  16  0.1559E-07
 2  8  17  16  0.1556E-07
 2  8  17  16  0.1556E-07
 2  8  17  16  0.1561E-07
 2  8  17  16  0.1556E-07
 2  8  17  16  0.1557E-07
 2  8  17  16  0.1558E-07
 2  8  17  16  0.1557E-07
 2  8  17  16  0.1558E-07
 2  8  18  16  0.1437E-07
 2  8  18  16  0.1431E-07
 2  8  18  16  0.1432E-07
 2  8  18  16  0.1431E-07
 2  8  18  16  0.1433E-07
 2  8  18  16  0.1432E-07
 2  8  18  16  0.1432E-07
 2  8  18  16  0.1432E-07
 2  8  18  16  0.1432E-07
 2  8  18  16  0.1435E-07
 2  8  19  16  0.1459E-07
 2  8  19  16  0.1459E-07
 2  8  19  16  0.1460E-07
 2  8  19  16  0.1462E-07
 2  8  19  16  0.1462E-07
 2  8  19  16  0.1461E-07
 2  8  19  16  0.1462E-07
 2  8  19  16  0.1461E-07
 2  8  19  16  0.1461E-07
 2  8  19  16  0.1460E-07
 2  8  20  16  0.1391E-07
 2  8  20  16  0.1390E-07
 2  8  20  16  0.1391E-07
 2  8  20  16  0.1391E-07
 2  8  20  16  0.1390E-07
 2  8  20  16  0.1391E-07
 2  8  20  16  0.1391E-07
 2  8  20  16  0.1391E-07
 2  8  20  16  0.1391E-07
 2  8  20  16  0.1394E-07
