 2  64  3  128  0.1356E-07
 2  64  3  128  0.1110E-07
 2  64  3  128  0.1090E-07
 2  64  3  128  0.1094E-07
 2  64  3  128  0.1068E-07
 2  64  3  128  0.1095E-07
 2  64  3  128  0.1087E-07
 2  64  3  128  0.1093E-07
 2  64  3  128  0.1087E-07
 2  64  3  128  0.1092E-07
 2  64  4  128  0.6763E-08
 2  64  4  128  0.5871E-08
 2  64  4  128  0.5785E-08
 2  64  4  128  0.5966E-08
 2  64  4  128  0.5940E-08
 2  64  4  128  0.5909E-08
 2  64  4  128  0.5830E-08
 2  64  4  128  0.5903E-08
 2  64  4  128  0.5946E-08
 2  64  4  128  0.5896E-08
 2  64  5  128  0.4808E-08
 2  64  5  128  0.3989E-08
 2  64  5  128  0.3972E-08
 2  64  5  128  0.4038E-08
 2  64  5  128  0.3982E-08
 2  64  5  128  0.4041E-08
 2  64  5  128  0.3946E-08
 2  64  5  128  0.3980E-08
 2  64  5  128  0.4012E-08
 2  64  5  128  0.3938E-08
 2  64  6  128  0.3296E-08
 2  64  6  128  0.2940E-08
 2  64  6  128  0.3004E-08
 2  64  6  128  0.2968E-08
 2  64  6  128  0.2981E-08
 2  64  6  128  0.2963E-08
 2  64  6  128  0.2970E-08
 2  64  6  128  0.2971E-08
 2  64  6  128  0.2974E-08
 2  64  6  128  0.2973E-08
 2  64  7  128  0.2150E-08
 2  64  7  128  0.1801E-08
 2  64  7  128  0.1818E-08
 2  64  7  128  0.1827E-08
 2  64  7  128  0.1785E-08
 2  64  7  128  0.1768E-08
 2  64  7  128  0.1794E-08
 2  64  7  128  0.1790E-08
 2  64  7  128  0.1781E-08
 2  64  7  128  0.1768E-08
 2  64  8  128  0.2935E-08
 2  64  8  128  0.2631E-08
 2  64  8  128  0.2644E-08
 2  64  8  128  0.2625E-08
 2  64  8  128  0.2639E-08
 2  64  8  128  0.2622E-08
 2  64  8  128  0.2631E-08
 2  64  8  128  0.2631E-08
 2  64  8  128  0.2632E-08
 2  64  8  128  0.2627E-08
 2  64  9  128  0.3031E-08
 2  64  9  128  0.2790E-08
 2  64  9  128  0.2800E-08
 2  64  9  128  0.2799E-08
 2  64  9  128  0.2794E-08
 2  64  9  128  0.2789E-08
 2  64  9  128  0.2804E-08
 2  64  9  128  0.2799E-08
 2  64  9  128  0.2799E-08
 2  64  9  128  0.2803E-08
 2  64  10  128  0.2322E-08
 2  64  10  128  0.2231E-08
 2  64  10  128  0.2221E-08
 2  64  10  128  0.2228E-08
 2  64  10  128  0.2214E-08
 2  64  10  128  0.2214E-08
 2  64  10  128  0.2216E-08
 2  64  10  128  0.2221E-08
 2  64  10  128  0.2211E-08
 2  64  10  128  0.2207E-08
 2  64  11  128  0.2183E-08
 2  64  11  128  0.2059E-08
 2  64  11  128  0.2077E-08
 2  64  11  128  0.2074E-08
 2  64  11  128  0.2069E-08
 2  64  11  128  0.2064E-08
 2  64  11  128  0.2074E-08
 2  64  11  128  0.2082E-08
 2  64  11  128  0.2065E-08
 2  64  11  128  0.2101E-08
 2  64  12  128  0.1982E-08
 2  64  12  128  0.1795E-08
 2  64  12  128  0.1805E-08
 2  64  12  128  0.1807E-08
 2  64  12  128  0.1804E-08
 2  64  12  128  0.1804E-08
 2  64  12  128  0.1795E-08
 2  64  12  128  0.1795E-08
 2  64  12  128  0.1797E-08
 2  64  12  128  0.1794E-08
 2  64  13  128  0.2025E-08
 2  64  13  128  0.1901E-08
 2  64  13  128  0.1877E-08
 2  64  13  128  0.1889E-08
 2  64  13  128  0.1873E-08
 2  64  13  128  0.1877E-08
 2  64  13  128  0.1876E-08
 2  64  13  128  0.1883E-08
 2  64  13  128  0.1880E-08
 2  64  13  128  0.1875E-08
 2  64  14  128  0.1838E-08
 2  64  14  128  0.1677E-08
 2  64  14  128  0.1680E-08
 2  64  14  128  0.1680E-08
 2  64  14  128  0.1669E-08
 2  64  14  128  0.1676E-08
 2  64  14  128  0.1674E-08
 2  64  14  128  0.1676E-08
 2  64  14  128  0.1682E-08
 2  64  14  128  0.1671E-08
 2  64  15  128  0.1860E-08
 2  64  15  128  0.1729E-08
 2  64  15  128  0.1727E-08
 2  64  15  128  0.1728E-08
 2  64  15  128  0.1718E-08
 2  64  15  128  0.1718E-08
 2  64  15  128  0.1713E-08
 2  64  15  128  0.1708E-08
 2  64  15  128  0.1708E-08
 2  64  15  128  0.1716E-08
 2  64  16  128  0.2167E-08
 2  64  16  128  0.2083E-08
 2  64  16  128  0.2095E-08
 2  64  16  128  0.2089E-08
 2  64  16  128  0.2076E-08
 2  64  16  128  0.2074E-08
 2  64  16  128  0.2071E-08
 2  64  16  128  0.2087E-08
 2  64  16  128  0.2076E-08
 2  64  16  128  0.2082E-08
 2  64  17  128  0.2151E-08
 2  64  17  128  0.2063E-08
 2  64  17  128  0.2065E-08
 2  64  17  128  0.2059E-08
 2  64  17  128  0.2059E-08
 2  64  17  128  0.2060E-08
 2  64  17  128  0.2056E-08
 2  64  17  128  0.2064E-08
 2  64  17  128  0.2068E-08
 2  64  17  128  0.2065E-08
 2  64  18  128  0.1952E-08
 2  64  18  128  0.1870E-08
 2  64  18  128  0.1875E-08
 2  64  18  128  0.1865E-08
 2  64  18  128  0.1876E-08
 2  64  18  128  0.1864E-08
 2  64  18  128  0.1871E-08
 2  64  18  128  0.1888E-08
 2  64  18  128  0.1878E-08
 2  64  18  128  0.1871E-08
 2  64  19  128  0.2018E-08
 2  64  19  128  0.1970E-08
 2  64  19  128  0.1968E-08
 2  64  19  128  0.1962E-08
 2  64  19  128  0.1958E-08
 2  64  19  128  0.1961E-08
 2  64  19  128  0.1958E-08
 2  64  19  128  0.1959E-08
 2  64  19  128  0.1962E-08
 2  64  19  128  0.1967E-08
 2  64  20  128  0.1935E-08
 2  64  20  128  0.1898E-08
 2  64  20  128  0.1885E-08
 2  64  20  128  0.1898E-08
 2  64  20  128  0.1895E-08
 2  64  20  128  0.1887E-08
 2  64  20  128  0.1887E-08
 2  64  20  128  0.1885E-08
 2  64  20  128  0.1885E-08
 2  64  20  128  0.1891E-08
