 2  2  3  4  0.2378E-06
 2  2  3  4  0.2364E-06
 2  2  3  4  0.2336E-06
 2  2  3  4  0.2336E-06
 2  2  3  4  0.2357E-06
 2  2  3  4  0.2306E-06
 2  2  3  4  0.2306E-06
 2  2  3  4  0.2302E-06
 2  2  3  4  0.2294E-06
 2  2  3  4  0.2296E-06
 2  2  4  4  0.1308E-06
 2  2  4  4  0.1298E-06
 2  2  4  4  0.1292E-06
 2  2  4  4  0.1307E-06
 2  2  4  4  0.1296E-06
 2  2  4  4  0.1289E-06
 2  2  4  4  0.1287E-06
 2  2  4  4  0.1315E-06
 2  2  4  4  0.1297E-06
 2  2  4  4  0.1295E-06
 2  2  5  4  0.8501E-07
 2  2  5  4  0.8429E-07
 2  2  5  4  0.8463E-07
 2  2  5  4  0.8462E-07
 2  2  5  4  0.8490E-07
 2  2  5  4  0.8491E-07
 2  2  5  4  0.8302E-07
 2  2  5  4  0.8512E-07
 2  2  5  4  0.8361E-07
 2  2  5  4  0.8475E-07
 2  2  6  4  0.6093E-07
 2  2  6  4  0.5894E-07
 2  2  6  4  0.5879E-07
 2  2  6  4  0.5894E-07
 2  2  6  4  0.5917E-07
 2  2  6  4  0.5817E-07
 2  2  6  4  0.5852E-07
 2  2  6  4  0.5939E-07
 2  2  6  4  0.5867E-07
 2  2  6  4  0.5821E-07
 2  2  7  4  0.4931E-07
 2  2  7  4  0.4661E-07
 2  2  7  4  0.4651E-07
 2  2  7  4  0.4629E-07
 2  2  7  4  0.4615E-07
 2  2  7  4  0.4623E-07
 2  2  7  4  0.4681E-07
 2  2  7  4  0.4627E-07
 2  2  7  4  0.4629E-07
 2  2  7  4  0.4698E-07
 2  2  8  4  0.4640E-07
 2  2  8  4  0.4314E-07
 2  2  8  4  0.4308E-07
 2  2  8  4  0.4307E-07
 2  2  8  4  0.4328E-07
 2  2  8  4  0.4392E-07
 2  2  8  4  0.4344E-07
 2  2  8  4  0.4271E-07
 2  2  8  4  0.4259E-07
 2  2  8  4  0.4495E-07
 2  2  9  4  0.4152E-07
 2  2  9  4  0.3928E-07
 2  2  9  4  0.3847E-07
 2  2  9  4  0.3862E-07
 2  2  9  4  0.3879E-07
 2  2  9  4  0.3823E-07
 2  2  9  4  0.3900E-07
 2  2  9  4  0.3894E-07
 2  2  9  4  0.3822E-07
 2  2  9  4  0.3912E-07
 2  2  10  4  0.4255E-07
 2  2  10  4  0.4148E-07
 2  2  10  4  0.3996E-07
 2  2  10  4  0.3973E-07
 2  2  10  4  0.4013E-07
 2  2  10  4  0.3968E-07
 2  2  10  4  0.4012E-07
 2  2  10  4  0.4042E-07
 2  2  10  4  0.4006E-07
 2  2  10  4  0.4082E-07
 2  2  11  4  0.4903E-07
 2  2  11  4  0.4762E-07
 2  2  11  4  0.4785E-07
 2  2  11  4  0.4704E-07
 2  2  11  4  0.4747E-07
 2  2  11  4  0.4728E-07
 2  2  11  4  0.4706E-07
 2  2  11  4  0.4738E-07
 2  2  11  4  0.4735E-07
 2  2  11  4  0.4771E-07
 2  2  12  4  0.4646E-07
 2  2  12  4  0.4506E-07
 2  2  12  4  0.4488E-07
 2  2  12  4  0.4494E-07
 2  2  12  4  0.4487E-07
 2  2  12  4  0.4479E-07
 2  2  12  4  0.4487E-07
 2  2  12  4  0.4500E-07
 2  2  12  4  0.4495E-07
 2  2  12  4  0.4482E-07
 2  2  13  4  0.4957E-07
 2  2  13  4  0.4831E-07
 2  2  13  4  0.4819E-07
 2  2  13  4  0.4809E-07
 2  2  13  4  0.4831E-07
 2  2  13  4  0.4811E-07
 2  2  13  4  0.4820E-07
 2  2  13  4  0.4829E-07
 2  2  13  4  0.4815E-07
 2  2  13  4  0.4812E-07
 2  2  14  4  0.4699E-07
 2  2  14  4  0.4580E-07
 2  2  14  4  0.4578E-07
 2  2  14  4  0.4584E-07
 2  2  14  4  0.4583E-07
 2  2  14  4  0.4588E-07
 2  2  14  4  0.4574E-07
 2  2  14  4  0.4574E-07
 2  2  14  4  0.4576E-07
 2  2  14  4  0.4577E-07
 2  2  15  4  0.4984E-07
 2  2  15  4  0.4858E-07
 2  2  15  4  0.4839E-07
 2  2  15  4  0.4834E-07
 2  2  15  4  0.4844E-07
 2  2  15  4  0.4818E-07
 2  2  15  4  0.4829E-07
 2  2  15  4  0.4819E-07
 2  2  15  4  0.4818E-07
 2  2  15  4  0.4822E-07
 2  2  16  4  0.4562E-07
 2  2  16  4  0.4476E-07
 2  2  16  4  0.4468E-07
 2  2  16  4  0.4460E-07
 2  2  16  4  0.4465E-07
 2  2  16  4  0.4484E-07
 2  2  16  4  0.4488E-07
 2  2  16  4  0.4485E-07
 2  2  16  4  0.4490E-07
 2  2  16  4  0.4491E-07
 2  2  17  4  0.5409E-07
 2  2  17  4  0.5329E-07
 2  2  17  4  0.5335E-07
 2  2  17  4  0.5328E-07
 2  2  17  4  0.5331E-07
 2  2  17  4  0.5320E-07
 2  2  17  4  0.5325E-07
 2  2  17  4  0.5335E-07
 2  2  17  4  0.5317E-07
 2  2  17  4  0.5322E-07
 2  2  18  4  0.5131E-07
 2  2  18  4  0.5046E-07
 2  2  18  4  0.5050E-07
 2  2  18  4  0.5041E-07
 2  2  18  4  0.5040E-07
 2  2  18  4  0.5059E-07
 2  2  18  4  0.5054E-07
 2  2  18  4  0.5058E-07
 2  2  18  4  0.5059E-07
 2  2  18  4  0.5053E-07
 2  2  19  4  0.5206E-07
 2  2  19  4  0.5150E-07
 2  2  19  4  0.5153E-07
 2  2  19  4  0.5155E-07
 2  2  19  4  0.5141E-07
 2  2  19  4  0.5164E-07
 2  2  19  4  0.5153E-07
 2  2  19  4  0.5156E-07
 2  2  19  4  0.5148E-07
 2  2  19  4  0.5155E-07
 2  2  20  4  0.5030E-07
 2  2  20  4  0.4950E-07
 2  2  20  4  0.4976E-07
 2  2  20  4  0.4985E-07
 2  2  20  4  0.4986E-07
 2  2  20  4  0.4987E-07
 2  2  20  4  0.4986E-07
 2  2  20  4  0.4989E-07
 2  2  20  4  0.4993E-07
 2  2  20  4  0.4991E-07
