 2  32  3  64  0.4453E-07
 2  32  3  64  0.4192E-07
 2  32  3  64  0.4247E-07
 2  32  3  64  0.4347E-07
 2  32  3  64  0.4066E-07
 2  32  3  64  0.4061E-07
 2  32  3  64  0.4059E-07
 2  32  3  64  0.4224E-07
 2  32  3  64  0.4148E-07
 2  32  3  64  0.4143E-07
 2  32  4  64  0.2459E-07
 2  32  4  64  0.2379E-07
 2  32  4  64  0.2364E-07
 2  32  4  64  0.2370E-07
 2  32  4  64  0.2347E-07
 2  32  4  64  0.2360E-07
 2  32  4  64  0.2338E-07
 2  32  4  64  0.2353E-07
 2  32  4  64  0.2361E-07
 2  32  4  64  0.2370E-07
 2  32  5  64  0.1166E-07
 2  32  5  64  0.1122E-07
 2  32  5  64  0.1126E-07
 2  32  5  64  0.1120E-07
 2  32  5  64  0.1119E-07
 2  32  5  64  0.1121E-07
 2  32  5  64  0.1128E-07
 2  32  5  64  0.1116E-07
 2  32  5  64  0.1115E-07
 2  32  5  64  0.1122E-07
 2  32  6  64  0.8571E-08
 2  32  6  64  0.8437E-08
 2  32  6  64  0.8339E-08
 2  32  6  64  0.8320E-08
 2  32  6  64  0.8314E-08
 2  32  6  64  0.8372E-08
 2  32  6  64  0.8212E-08
 2  32  6  64  0.8249E-08
 2  32  6  64  0.8348E-08
 2  32  6  64  0.8273E-08
 2  32  7  64  0.5477E-08
 2  32  7  64  0.5304E-08
 2  32  7  64  0.5418E-08
 2  32  7  64  0.5291E-08
 2  32  7  64  0.5284E-08
 2  32  7  64  0.5356E-08
 2  32  7  64  0.5283E-08
 2  32  7  64  0.5272E-08
 2  32  7  64  0.5313E-08
 2  32  7  64  0.5285E-08
 2  32  8  64  0.4444E-08
 2  32  8  64  0.4233E-08
 2  32  8  64  0.4245E-08
 2  32  8  64  0.4233E-08
 2  32  8  64  0.4237E-08
 2  32  8  64  0.4229E-08
 2  32  8  64  0.4263E-08
 2  32  8  64  0.4266E-08
 2  32  8  64  0.4219E-08
 2  32  8  64  0.4381E-08
 2  32  9  64  0.3827E-08
 2  32  9  64  0.3626E-08
 2  32  9  64  0.3629E-08
 2  32  9  64  0.3691E-08
 2  32  9  64  0.3762E-08
 2  32  9  64  0.3681E-08
 2  32  9  64  0.3785E-08
 2  32  9  64  0.3682E-08
 2  32  9  64  0.3683E-08
 2  32  9  64  0.3689E-08
 2  32  10  64  0.3640E-08
 2  32  10  64  0.3497E-08
 2  32  10  64  0.3528E-08
 2  32  10  64  0.3455E-08
 2  32  10  64  0.3429E-08
 2  32  10  64  0.3445E-08
 2  32  10  64  0.3445E-08
 2  32  10  64  0.3413E-08
 2  32  10  64  0.3420E-08
 2  32  10  64  0.3431E-08
 2  32  11  64  0.3655E-08
 2  32  11  64  0.3548E-08
 2  32  11  64  0.3577E-08
 2  32  11  64  0.3578E-08
 2  32  11  64  0.3575E-08
 2  32  11  64  0.3549E-08
 2  32  11  64  0.3542E-08
 2  32  11  64  0.3540E-08
 2  32  11  64  0.3542E-08
 2  32  11  64  0.3541E-08
 2  32  12  64  0.3636E-08
 2  32  12  64  0.3553E-08
 2  32  12  64  0.3542E-08
 2  32  12  64  0.3539E-08
 2  32  12  64  0.3533E-08
 2  32  12  64  0.3542E-08
 2  32  12  64  0.3529E-08
 2  32  12  64  0.3530E-08
 2  32  12  64  0.3533E-08
 2  32  12  64  0.3543E-08
 2  32  13  64  0.3946E-08
 2  32  13  64  0.3881E-08
 2  32  13  64  0.3888E-08
 2  32  13  64  0.3891E-08
 2  32  13  64  0.3892E-08
 2  32  13  64  0.3881E-08
 2  32  13  64  0.3876E-08
 2  32  13  64  0.3896E-08
 2  32  13  64  0.3912E-08
 2  32  13  64  0.3903E-08
 2  32  14  64  0.3908E-08
 2  32  14  64  0.3877E-08
 2  32  14  64  0.3882E-08
 2  32  14  64  0.3875E-08
 2  32  14  64  0.3875E-08
 2  32  14  64  0.3876E-08
 2  32  14  64  0.3876E-08
 2  32  14  64  0.3882E-08
 2  32  14  64  0.3872E-08
 2  32  14  64  0.3871E-08
 2  32  15  64  0.4001E-08
 2  32  15  64  0.3991E-08
 2  32  15  64  0.3991E-08
 2  32  15  64  0.3992E-08
 2  32  15  64  0.3981E-08
 2  32  15  64  0.3981E-08
 2  32  15  64  0.3977E-08
 2  32  15  64  0.3982E-08
 2  32  15  64  0.3977E-08
 2  32  15  64  0.3983E-08
 2  32  16  64  0.4355E-08
 2  32  16  64  0.4321E-08
 2  32  16  64  0.4312E-08
 2  32  16  64  0.4328E-08
 2  32  16  64  0.4332E-08
 2  32  16  64  0.4331E-08
 2  32  16  64  0.4321E-08
 2  32  16  64  0.4326E-08
 2  32  16  64  0.4337E-08
 2  32  16  64  0.4331E-08
 2  32  17  64  0.4242E-08
 2  32  17  64  0.4235E-08
 2  32  17  64  0.4239E-08
 2  32  17  64  0.4232E-08
 2  32  17  64  0.4227E-08
 2  32  17  64  0.4227E-08
 2  32  17  64  0.4224E-08
 2  32  17  64  0.4231E-08
 2  32  17  64  0.4226E-08
 2  32  17  64  0.4226E-08
 2  32  18  64  0.3870E-08
 2  32  18  64  0.3870E-08
 2  32  18  64  0.3864E-08
 2  32  18  64  0.3872E-08
 2  32  18  64  0.3881E-08
 2  32  18  64  0.3899E-08
 2  32  18  64  0.3872E-08
 2  32  18  64  0.3869E-08
 2  32  18  64  0.3868E-08
 2  32  18  64  0.3863E-08
 2  32  19  64  0.3932E-08
 2  32  19  64  0.3922E-08
 2  32  19  64  0.3928E-08
 2  32  19  64  0.3927E-08
 2  32  19  64  0.3925E-08
 2  32  19  64  0.3921E-08
 2  32  19  64  0.3923E-08
 2  32  19  64  0.3920E-08
 2  32  19  64  0.3928E-08
 2  32  19  64  0.3926E-08
 2  32  20  64  0.3740E-08
 2  32  20  64  0.3734E-08
 2  32  20  64  0.3737E-08
 2  32  20  64  0.3735E-08
 2  32  20  64  0.3735E-08
 2  32  20  64  0.3730E-08
 2  32  20  64  0.3730E-08
 2  32  20  64  0.3729E-08
 2  32  20  64  0.3732E-08
 2  32  20  64  0.3737E-08
