 2  1  3  2  0.1814E-06
 2  1  3  2  0.1823E-06
 2  1  3  2  0.1789E-06
 2  1  3  2  0.1802E-06
 2  1  3  2  0.1790E-06
 2  1  3  2  0.1796E-06
 2  1  3  2  0.1811E-06
 2  1  3  2  0.1800E-06
 2  1  3  2  0.1817E-06
 2  1  3  2  0.1810E-06
 2  1  4  2  0.1797E-06
 2  1  4  2  0.1780E-06
 2  1  4  2  0.1783E-06
 2  1  4  2  0.1796E-06
 2  1  4  2  0.1784E-06
 2  1  4  2  0.1771E-06
 2  1  4  2  0.1800E-06
 2  1  4  2  0.1786E-06
 2  1  4  2  0.1801E-06
 2  1  4  2  0.1801E-06
 2  1  5  2  0.1234E-06
 2  1  5  2  0.1223E-06
 2  1  5  2  0.1225E-06
 2  1  5  2  0.1225E-06
 2  1  5  2  0.1224E-06
 2  1  5  2  0.1223E-06
 2  1  5  2  0.1226E-06
 2  1  5  2  0.1229E-06
 2  1  5  2  0.1232E-06
 2  1  5  2  0.1227E-06
 2  1  6  2  0.9354E-07
 2  1  6  2  0.9304E-07
 2  1  6  2  0.9301E-07
 2  1  6  2  0.9296E-07
 2  1  6  2  0.9299E-07
 2  1  6  2  0.9285E-07
 2  1  6  2  0.9321E-07
 2  1  6  2  0.9286E-07
 2  1  6  2  0.9304E-07
 2  1  6  2  0.9298E-07
 2  1  7  2  0.7441E-07
 2  1  7  2  0.7398E-07
 2  1  7  2  0.7387E-07
 2  1  7  2  0.7387E-07
 2  1  7  2  0.7378E-07
 2  1  7  2  0.7388E-07
 2  1  7  2  0.7393E-07
 2  1  7  2  0.7381E-07
 2  1  7  2  0.7385E-07
 2  1  7  2  0.7479E-07
 2  1  8  2  0.6881E-07
 2  1  8  2  0.6828E-07
 2  1  8  2  0.6841E-07
 2  1  8  2  0.6837E-07
 2  1  8  2  0.6824E-07
 2  1  8  2  0.6833E-07
 2  1  8  2  0.6843E-07
 2  1  8  2  0.6843E-07
 2  1  8  2  0.6836E-07
 2  1  8  2  0.6832E-07
 2  1  9  2  0.6574E-07
 2  1  9  2  0.6574E-07
 2  1  9  2  0.6554E-07
 2  1  9  2  0.6553E-07
 2  1  9  2  0.6567E-07
 2  1  9  2  0.6568E-07
 2  1  9  2  0.6555E-07
 2  1  9  2  0.6548E-07
 2  1  9  2  0.6569E-07
 2  1  9  2  0.6548E-07
 2  1  10  2  0.6807E-07
 2  1  10  2  0.6935E-07
 2  1  10  2  0.6795E-07
 2  1  10  2  0.6789E-07
 2  1  10  2  0.6793E-07
 2  1  10  2  0.6778E-07
 2  1  10  2  0.6786E-07
 2  1  10  2  0.6777E-07
 2  1  10  2  0.6772E-07
 2  1  10  2  0.6779E-07
 2  1  11  2  0.6900E-07
 2  1  11  2  0.6882E-07
 2  1  11  2  0.6889E-07
 2  1  11  2  0.6882E-07
 2  1  11  2  0.6876E-07
 2  1  11  2  0.6871E-07
 2  1  11  2  0.6885E-07
 2  1  11  2  0.6942E-07
 2  1  11  2  0.6888E-07
 2  1  11  2  0.6888E-07
 2  1  12  2  0.6333E-07
 2  1  12  2  0.6286E-07
 2  1  12  2  0.6315E-07
 2  1  12  2  0.6307E-07
 2  1  12  2  0.6452E-07
 2  1  12  2  0.6372E-07
 2  1  12  2  0.6338E-07
 2  1  12  2  0.6333E-07
 2  1  12  2  0.6361E-07
 2  1  12  2  0.6352E-07
 2  1  13  2  0.7069E-07
 2  1  13  2  0.7096E-07
 2  1  13  2  0.7157E-07
 2  1  13  2  0.7139E-07
 2  1  13  2  0.7149E-07
 2  1  13  2  0.7145E-07
 2  1  13  2  0.7149E-07
 2  1  13  2  0.7148E-07
 2  1  13  2  0.7158E-07
 2  1  13  2  0.7154E-07
 2  1  14  2  0.7389E-07
 2  1  14  2  0.7373E-07
 2  1  14  2  0.7364E-07
 2  1  14  2  0.7356E-07
 2  1  14  2  0.7366E-07
 2  1  14  2  0.7360E-07
 2  1  14  2  0.7376E-07
 2  1  14  2  0.7351E-07
 2  1  14  2  0.7364E-07
 2  1  14  2  0.7359E-07
 2  1  15  2  0.8048E-07
 2  1  15  2  0.8030E-07
 2  1  15  2  0.8060E-07
 2  1  15  2  0.8035E-07
 2  1  15  2  0.8041E-07
 2  1  15  2  0.8038E-07
 2  1  15  2  0.8045E-07
 2  1  15  2  0.8040E-07
 2  1  15  2  0.8054E-07
 2  1  15  2  0.8038E-07
 2  1  16  2  0.7418E-07
 2  1  16  2  0.7400E-07
 2  1  16  2  0.7390E-07
 2  1  16  2  0.7391E-07
 2  1  16  2  0.7401E-07
 2  1  16  2  0.7392E-07
 2  1  16  2  0.7385E-07
 2  1  16  2  0.7394E-07
 2  1  16  2  0.7386E-07
 2  1  16  2  0.7387E-07
 2  1  17  2  0.9465E-07
 2  1  17  2  0.9459E-07
 2  1  17  2  0.9462E-07
 2  1  17  2  0.9461E-07
 2  1  17  2  0.9460E-07
 2  1  17  2  0.9463E-07
 2  1  17  2  0.9461E-07
 2  1  17  2  0.9457E-07
 2  1  17  2  0.9461E-07
 2  1  17  2  0.9460E-07
 2  1  18  2  0.9145E-07
 2  1  18  2  0.9135E-07
 2  1  18  2  0.9119E-07
 2  1  18  2  0.9128E-07
 2  1  18  2  0.9127E-07
 2  1  18  2  0.9129E-07
 2  1  18  2  0.9277E-07
 2  1  18  2  0.9229E-07
 2  1  18  2  0.9223E-07
 2  1  18  2  0.9221E-07
 2  1  19  2  0.9494E-07
 2  1  19  2  0.9494E-07
 2  1  19  2  0.9485E-07
 2  1  19  2  0.9499E-07
 2  1  19  2  0.9507E-07
 2  1  19  2  0.9554E-07
 2  1  19  2  0.9528E-07
 2  1  19  2  0.9527E-07
 2  1  19  2  0.9530E-07
 2  1  19  2  0.9545E-07
 2  1  20  2  0.9153E-07
 2  1  20  2  0.9152E-07
 2  1  20  2  0.9157E-07
 2  1  20  2  0.9231E-07
 2  1  20  2  0.9213E-07
 2  1  20  2  0.9211E-07
 2  1  20  2  0.9213E-07
 2  1  20  2  0.9215E-07
 2  1  20  2  0.9206E-07
 2  1  20  2  0.9207E-07
