 2  64  3  128  0.2547E-07
 2  64  3  128  0.2227E-07
 2  64  3  128  0.2199E-07
 2  64  3  128  0.2259E-07
 2  64  3  128  0.2214E-07
 2  64  3  128  0.2226E-07
 2  64  3  128  0.2242E-07
 2  64  3  128  0.2187E-07
 2  64  3  128  0.2170E-07
 2  64  3  128  0.2223E-07
 2  64  4  128  0.1162E-07
 2  64  4  128  0.1077E-07
 2  64  4  128  0.1056E-07
 2  64  4  128  0.1069E-07
 2  64  4  128  0.1052E-07
 2  64  4  128  0.1079E-07
 2  64  4  128  0.1038E-07
 2  64  4  128  0.1054E-07
 2  64  4  128  0.1041E-07
 2  64  4  128  0.1070E-07
 2  64  5  128  0.6787E-08
 2  64  5  128  0.6255E-08
 2  64  5  128  0.6253E-08
 2  64  5  128  0.6203E-08
 2  64  5  128  0.6201E-08
 2  64  5  128  0.6184E-08
 2  64  5  128  0.6075E-08
 2  64  5  128  0.6227E-08
 2  64  5  128  0.6096E-08
 2  64  5  128  0.6085E-08
 2  64  6  128  0.4373E-08
 2  64  6  128  0.4046E-08
 2  64  6  128  0.4025E-08
 2  64  6  128  0.3978E-08
 2  64  6  128  0.4004E-08
 2  64  6  128  0.4063E-08
 2  64  6  128  0.4050E-08
 2  64  6  128  0.4057E-08
 2  64  6  128  0.4021E-08
 2  64  6  128  0.4023E-08
 2  64  7  128  0.3314E-08
 2  64  7  128  0.3055E-08
 2  64  7  128  0.3051E-08
 2  64  7  128  0.3066E-08
 2  64  7  128  0.3026E-08
 2  64  7  128  0.3023E-08
 2  64  7  128  0.2998E-08
 2  64  7  128  0.3049E-08
 2  64  7  128  0.3005E-08
 2  64  7  128  0.2987E-08
 2  64  8  128  0.3162E-08
 2  64  8  128  0.2911E-08
 2  64  8  128  0.2910E-08
 2  64  8  128  0.2891E-08
 2  64  8  128  0.2860E-08
 2  64  8  128  0.3027E-08
 2  64  8  128  0.3011E-08
 2  64  8  128  0.2879E-08
 2  64  8  128  0.2884E-08
 2  64  8  128  0.2899E-08
 2  64  9  128  0.3023E-08
 2  64  9  128  0.2822E-08
 2  64  9  128  0.2842E-08
 2  64  9  128  0.2807E-08
 2  64  9  128  0.2811E-08
 2  64  9  128  0.2817E-08
 2  64  9  128  0.2814E-08
 2  64  9  128  0.2830E-08
 2  64  9  128  0.2835E-08
 2  64  9  128  0.2832E-08
 2  64  10  128  0.3271E-08
 2  64  10  128  0.3160E-08
 2  64  10  128  0.3141E-08
 2  64  10  128  0.3132E-08
 2  64  10  128  0.3146E-08
 2  64  10  128  0.3135E-08
 2  64  10  128  0.3139E-08
 2  64  10  128  0.3150E-08
 2  64  10  128  0.3165E-08
 2  64  10  128  0.3176E-08
 2  64  11  128  0.3384E-08
 2  64  11  128  0.3328E-08
 2  64  11  128  0.3321E-08
 2  64  11  128  0.3320E-08
 2  64  11  128  0.3323E-08
 2  64  11  128  0.3318E-08
 2  64  11  128  0.3324E-08
 2  64  11  128  0.3323E-08
 2  64  11  128  0.3323E-08
 2  64  11  128  0.3333E-08
 2  64  12  128  0.2912E-08
 2  64  12  128  0.2868E-08
 2  64  12  128  0.2858E-08
 2  64  12  128  0.2855E-08
 2  64  12  128  0.2860E-08
 2  64  12  128  0.2865E-08
 2  64  12  128  0.2860E-08
 2  64  12  128  0.2861E-08
 2  64  12  128  0.2862E-08
 2  64  12  128  0.2856E-08
 2  64  13  128  0.2834E-08
 2  64  13  128  0.2809E-08
 2  64  13  128  0.2803E-08
 2  64  13  128  0.2806E-08
 2  64  13  128  0.2800E-08
 2  64  13  128  0.2799E-08
 2  64  13  128  0.2803E-08
 2  64  13  128  0.2810E-08
 2  64  13  128  0.2808E-08
 2  64  13  128  0.2810E-08
 2  64  14  128  0.2586E-08
 2  64  14  128  0.2562E-08
 2  64  14  128  0.2560E-08
 2  64  14  128  0.2569E-08
 2  64  14  128  0.2562E-08
 2  64  14  128  0.2563E-08
 2  64  14  128  0.2559E-08
 2  64  14  128  0.2555E-08
 2  64  14  128  0.2556E-08
 2  64  14  128  0.2556E-08
 2  64  15  128  0.2489E-08
 2  64  15  128  0.2452E-08
 2  64  15  128  0.2450E-08
 2  64  15  128  0.2445E-08
 2  64  15  128  0.2446E-08
 2  64  15  128  0.2446E-08
 2  64  15  128  0.2446E-08
 2  64  15  128  0.2446E-08
 2  64  15  128  0.2447E-08
 2  64  15  128  0.2449E-08
 2  64  16  128  0.2602E-08
 2  64  16  128  0.2600E-08
 2  64  16  128  0.2596E-08
 2  64  16  128  0.2610E-08
 2  64  16  128  0.2597E-08
 2  64  16  128  0.2599E-08
 2  64  16  128  0.2599E-08
 2  64  16  128  0.2601E-08
 2  64  16  128  0.2598E-08
 2  64  16  128  0.2592E-08
 2  64  17  128  0.2656E-08
 2  64  17  128  0.2648E-08
 2  64  17  128  0.2657E-08
 2  64  17  128  0.2656E-08
 2  64  17  128  0.2658E-08
 2  64  17  128  0.2649E-08
 2  64  17  128  0.2646E-08
 2  64  17  128  0.2646E-08
 2  64  17  128  0.2648E-08
 2  64  17  128  0.2649E-08
 2  64  18  128  0.2460E-08
 2  64  18  128  0.2436E-08
 2  64  18  128  0.2431E-08
 2  64  18  128  0.2436E-08
 2  64  18  128  0.2426E-08
 2  64  18  128  0.2427E-08
 2  64  18  128  0.2447E-08
 2  64  18  128  0.2446E-08
 2  64  18  128  0.2442E-08
 2  64  18  128  0.2429E-08
 2  64  19  128  0.2482E-08
 2  64  19  128  0.2425E-08
 2  64  19  128  0.2434E-08
 2  64  19  128  0.2431E-08
 2  64  19  128  0.2442E-08
 2  64  19  128  0.2431E-08
 2  64  19  128  0.2425E-08
 2  64  19  128  0.2427E-08
 2  64  19  128  0.2426E-08
 2  64  19  128  0.2429E-08
 2  64  20  128  0.2399E-08
 2  64  20  128  0.2405E-08
 2  64  20  128  0.2410E-08
 2  64  20  128  0.2398E-08
 2  64  20  128  0.2390E-08
 2  64  20  128  0.2391E-08
 2  64  20  128  0.2395E-08
 2  64  20  128  0.2555E-08
 2  64  20  128  0.2606E-08
 2  64  20  128  0.2394E-08
