 2  8  3  16  0.1686E-06
 2  8  3  16  0.1613E-06
 2  8  3  16  0.1582E-06
 2  8  3  16  0.1562E-06
 2  8  3  16  0.1540E-06
 2  8  3  16  0.1681E-06
 2  8  3  16  0.1626E-06
 2  8  3  16  0.1640E-06
 2  8  3  16  0.1534E-06
 2  8  3  16  0.1548E-06
 2  8  4  16  0.7924E-07
 2  8  4  16  0.6969E-07
 2  8  4  16  0.7021E-07
 2  8  4  16  0.6679E-07
 2  8  4  16  0.6573E-07
 2  8  4  16  0.6709E-07
 2  8  4  16  0.7035E-07
 2  8  4  16  0.6961E-07
 2  8  4  16  0.6547E-07
 2  8  4  16  0.6646E-07
 2  8  5  16  0.5224E-07
 2  8  5  16  0.4888E-07
 2  8  5  16  0.4798E-07
 2  8  5  16  0.4790E-07
 2  8  5  16  0.4862E-07
 2  8  5  16  0.4831E-07
 2  8  5  16  0.4782E-07
 2  8  5  16  0.4967E-07
 2  8  5  16  0.4933E-07
 2  8  5  16  0.4979E-07
 2  8  6  16  0.3479E-07
 2  8  6  16  0.3420E-07
 2  8  6  16  0.3367E-07
 2  8  6  16  0.3423E-07
 2  8  6  16  0.3419E-07
 2  8  6  16  0.3385E-07
 2  8  6  16  0.3424E-07
 2  8  6  16  0.3370E-07
 2  8  6  16  0.3384E-07
 2  8  6  16  0.3345E-07
 2  8  7  16  0.2707E-07
 2  8  7  16  0.2662E-07
 2  8  7  16  0.2649E-07
 2  8  7  16  0.2645E-07
 2  8  7  16  0.2632E-07
 2  8  7  16  0.2635E-07
 2  8  7  16  0.2651E-07
 2  8  7  16  0.2636E-07
 2  8  7  16  0.2648E-07
 2  8  7  16  0.2613E-07
 2  8  8  16  0.1897E-07
 2  8  8  16  0.1830E-07
 2  8  8  16  0.1834E-07
 2  8  8  16  0.1831E-07
 2  8  8  16  0.1826E-07
 2  8  8  16  0.1829E-07
 2  8  8  16  0.1923E-07
 2  8  8  16  0.1829E-07
 2  8  8  16  0.1862E-07
 2  8  8  16  0.1830E-07
 2  8  9  16  0.1913E-07
 2  8  9  16  0.1835E-07
 2  8  9  16  0.1860E-07
 2  8  9  16  0.1834E-07
 2  8  9  16  0.1826E-07
 2  8  9  16  0.1841E-07
 2  8  9  16  0.1878E-07
 2  8  9  16  0.1825E-07
 2  8  9  16  0.1845E-07
 2  8  9  16  0.1831E-07
 2  8  10  16  0.1770E-07
 2  8  10  16  0.1700E-07
 2  8  10  16  0.1705E-07
 2  8  10  16  0.1708E-07
 2  8  10  16  0.1725E-07
 2  8  10  16  0.1694E-07
 2  8  10  16  0.1706E-07
 2  8  10  16  0.1703E-07
 2  8  10  16  0.1705E-07
 2  8  10  16  0.1705E-07
 2  8  11  16  0.1775E-07
 2  8  11  16  0.1725E-07
 2  8  11  16  0.1717E-07
 2  8  11  16  0.1718E-07
 2  8  11  16  0.1717E-07
 2  8  11  16  0.1712E-07
 2  8  11  16  0.1718E-07
 2  8  11  16  0.1717E-07
 2  8  11  16  0.1713E-07
 2  8  11  16  0.1711E-07
 2  8  12  16  0.1377E-07
 2  8  12  16  0.1345E-07
 2  8  12  16  0.1343E-07
 2  8  12  16  0.1339E-07
 2  8  12  16  0.1332E-07
 2  8  12  16  0.1333E-07
 2  8  12  16  0.1331E-07
 2  8  12  16  0.1335E-07
 2  8  12  16  0.1333E-07
 2  8  12  16  0.1329E-07
 2  8  13  16  0.1447E-07
 2  8  13  16  0.1405E-07
 2  8  13  16  0.1404E-07
 2  8  13  16  0.1401E-07
 2  8  13  16  0.1402E-07
 2  8  13  16  0.1405E-07
 2  8  13  16  0.1406E-07
 2  8  13  16  0.1405E-07
 2  8  13  16  0.1405E-07
 2  8  13  16  0.1407E-07
 2  8  14  16  0.1377E-07
 2  8  14  16  0.1333E-07
 2  8  14  16  0.1337E-07
 2  8  14  16  0.1331E-07
 2  8  14  16  0.1328E-07
 2  8  14  16  0.1329E-07
 2  8  14  16  0.1338E-07
 2  8  14  16  0.1332E-07
 2  8  14  16  0.1331E-07
 2  8  14  16  0.1331E-07
 2  8  15  16  0.1403E-07
 2  8  15  16  0.1364E-07
 2  8  15  16  0.1367E-07
 2  8  15  16  0.1364E-07
 2  8  15  16  0.1367E-07
 2  8  15  16  0.1365E-07
 2  8  15  16  0.1365E-07
 2  8  15  16  0.1375E-07
 2  8  15  16  0.1375E-07
 2  8  15  16  0.1375E-07
 2  8  16  16  0.1328E-07
 2  8  16  16  0.1299E-07
 2  8  16  16  0.1301E-07
 2  8  16  16  0.1297E-07
 2  8  16  16  0.1296E-07
 2  8  16  16  0.1303E-07
 2  8  16  16  0.1302E-07
 2  8  16  16  0.1302E-07
 2  8  16  16  0.1300E-07
 2  8  16  16  0.1305E-07
 2  8  17  16  0.1512E-07
 2  8  17  16  0.1483E-07
 2  8  17  16  0.1484E-07
 2  8  17  16  0.1484E-07
 2  8  17  16  0.1486E-07
 2  8  17  16  0.1485E-07
 2  8  17  16  0.1484E-07
 2  8  17  16  0.1485E-07
 2  8  17  16  0.1484E-07
 2  8  17  16  0.1484E-07
 2  8  18  16  0.1401E-07
 2  8  18  16  0.1374E-07
 2  8  18  16  0.1376E-07
 2  8  18  16  0.1376E-07
 2  8  18  16  0.1376E-07
 2  8  18  16  0.1374E-07
 2  8  18  16  0.1374E-07
 2  8  18  16  0.1376E-07
 2  8  18  16  0.1375E-07
 2  8  18  16  0.1377E-07
 2  8  19  16  0.1427E-07
 2  8  19  16  0.1408E-07
 2  8  19  16  0.1411E-07
 2  8  19  16  0.1415E-07
 2  8  19  16  0.1414E-07
 2  8  19  16  0.1411E-07
 2  8  19  16  0.1410E-07
 2  8  19  16  0.1411E-07
 2  8  19  16  0.1412E-07
 2  8  19  16  0.1410E-07
 2  8  20  16  0.1364E-07
 2  8  20  16  0.1345E-07
 2  8  20  16  0.1345E-07
 2  8  20  16  0.1346E-07
 2  8  20  16  0.1350E-07
 2  8  20  16  0.1350E-07
 2  8  20  16  0.1351E-07
 2  8  20  16  0.1351E-07
 2  8  20  16  0.1351E-07
 2  8  20  16  0.1351E-07
