 2  1  3  2  0.3420E-07
 2  1  3  2  0.3080E-07
 2  1  3  2  0.3283E-07
 2  1  3  2  0.3092E-07
 2  1  3  2  0.3216E-07
 2  1  3  2  0.3167E-07
 2  1  3  2  0.3222E-07
 2  1  3  2  0.3086E-07
 2  1  3  2  0.3142E-07
 2  1  3  2  0.3233E-07
 2  1  4  2  0.4232E-07
 2  1  4  2  0.4110E-07
 2  1  4  2  0.4060E-07
 2  1  4  2  0.4141E-07
 2  1  4  2  0.4036E-07
 2  1  4  2  0.3974E-07
 2  1  4  2  0.4075E-07
 2  1  4  2  0.4021E-07
 2  1  4  2  0.4023E-07
 2  1  4  2  0.4085E-07
 2  1  5  2  0.5973E-07
 2  1  5  2  0.5764E-07
 2  1  5  2  0.5736E-07
 2  1  5  2  0.5751E-07
 2  1  5  2  0.5772E-07
 2  1  5  2  0.5739E-07
 2  1  5  2  0.5736E-07
 2  1  5  2  0.5739E-07
 2  1  5  2  0.5735E-07
 2  1  5  2  0.5751E-07
 2  1  6  2  0.5981E-07
 2  1  6  2  0.5862E-07
 2  1  6  2  0.5876E-07
 2  1  6  2  0.5877E-07
 2  1  6  2  0.5904E-07
 2  1  6  2  0.5882E-07
 2  1  6  2  0.5875E-07
 2  1  6  2  0.5891E-07
 2  1  6  2  0.5891E-07
 2  1  6  2  0.5917E-07
 2  1  7  2  0.5485E-07
 2  1  7  2  0.5238E-07
 2  1  7  2  0.5224E-07
 2  1  7  2  0.5219E-07
 2  1  7  2  0.5224E-07
 2  1  7  2  0.5253E-07
 2  1  7  2  0.5237E-07
 2  1  7  2  0.5224E-07
 2  1  7  2  0.5230E-07
 2  1  7  2  0.5216E-07
 2  1  8  2  0.4239E-07
 2  1  8  2  0.4196E-07
 2  1  8  2  0.4189E-07
 2  1  8  2  0.4179E-07
 2  1  8  2  0.4179E-07
 2  1  8  2  0.4176E-07
 2  1  8  2  0.4183E-07
 2  1  8  2  0.4188E-07
 2  1  8  2  0.4190E-07
 2  1  8  2  0.4174E-07
 2  1  9  2  0.5134E-07
 2  1  9  2  0.5112E-07
 2  1  9  2  0.5131E-07
 2  1  9  2  0.5112E-07
 2  1  9  2  0.5108E-07
 2  1  9  2  0.5113E-07
 2  1  9  2  0.5124E-07
 2  1  9  2  0.5110E-07
 2  1  9  2  0.5113E-07
 2  1  9  2  0.5110E-07
 2  1  10  2  0.5788E-07
 2  1  10  2  0.5756E-07
 2  1  10  2  0.5750E-07
 2  1  10  2  0.5759E-07
 2  1  10  2  0.5751E-07
 2  1  10  2  0.5743E-07
 2  1  10  2  0.5760E-07
 2  1  10  2  0.5758E-07
 2  1  10  2  0.5755E-07
 2  1  10  2  0.5780E-07
 2  1  11  2  0.5868E-07
 2  1  11  2  0.5812E-07
 2  1  11  2  0.5802E-07
 2  1  11  2  0.5810E-07
 2  1  11  2  0.5821E-07
 2  1  11  2  0.5825E-07
 2  1  11  2  0.5819E-07
 2  1  11  2  0.5826E-07
 2  1  11  2  0.5821E-07
 2  1  11  2  0.5823E-07
 2  1  12  2  0.4967E-07
 2  1  12  2  0.4967E-07
 2  1  12  2  0.4967E-07
 2  1  12  2  0.4950E-07
 2  1  12  2  0.4953E-07
 2  1  12  2  0.4955E-07
 2  1  12  2  0.4941E-07
 2  1  12  2  0.4958E-07
 2  1  12  2  0.4961E-07
 2  1  12  2  0.4944E-07
 2  1  13  2  0.5806E-07
 2  1  13  2  0.5731E-07
 2  1  13  2  0.5806E-07
 2  1  13  2  0.5737E-07
 2  1  13  2  0.5741E-07
 2  1  13  2  0.5742E-07
 2  1  13  2  0.5720E-07
 2  1  13  2  0.5730E-07
 2  1  13  2  0.5735E-07
 2  1  13  2  0.5750E-07
 2  1  14  2  0.5974E-07
 2  1  14  2  0.5929E-07
 2  1  14  2  0.5933E-07
 2  1  14  2  0.5928E-07
 2  1  14  2  0.5922E-07
 2  1  14  2  0.5915E-07
 2  1  14  2  0.5911E-07
 2  1  14  2  0.5916E-07
 2  1  14  2  0.5931E-07
 2  1  14  2  0.5912E-07
 2  1  15  2  0.6784E-07
 2  1  15  2  0.6748E-07
 2  1  15  2  0.6746E-07
 2  1  15  2  0.6757E-07
 2  1  15  2  0.6756E-07
 2  1  15  2  0.6752E-07
 2  1  15  2  0.6757E-07
 2  1  15  2  0.6759E-07
 2  1  15  2  0.6769E-07
 2  1  15  2  0.6778E-07
 2  1  16  2  0.6191E-07
 2  1  16  2  0.6154E-07
 2  1  16  2  0.6151E-07
 2  1  16  2  0.6153E-07
 2  1  16  2  0.6149E-07
 2  1  16  2  0.6164E-07
 2  1  16  2  0.6163E-07
 2  1  16  2  0.6155E-07
 2  1  16  2  0.6161E-07
 2  1  16  2  0.6156E-07
 2  1  17  2  0.8807E-07
 2  1  17  2  0.8779E-07
 2  1  17  2  0.8774E-07
 2  1  17  2  0.8775E-07
 2  1  17  2  0.8774E-07
 2  1  17  2  0.8769E-07
 2  1  17  2  0.8772E-07
 2  1  17  2  0.8768E-07
 2  1  17  2  0.8765E-07
 2  1  17  2  0.8770E-07
 2  1  18  2  0.8216E-07
 2  1  18  2  0.8212E-07
 2  1  18  2  0.8204E-07
 2  1  18  2  0.8206E-07
 2  1  18  2  0.8203E-07
 2  1  18  2  0.8206E-07
 2  1  18  2  0.8209E-07
 2  1  18  2  0.8206E-07
 2  1  18  2  0.8210E-07
 2  1  18  2  0.8207E-07
 2  1  19  2  0.8873E-07
 2  1  19  2  0.8978E-07
 2  1  19  2  0.8984E-07
 2  1  19  2  0.8981E-07
 2  1  19  2  0.8987E-07
 2  1  19  2  0.8973E-07
 2  1  19  2  0.8976E-07
 2  1  19  2  0.8972E-07
 2  1  19  2  0.8970E-07
 2  1  19  2  0.8974E-07
 2  1  20  2  0.8407E-07
 2  1  20  2  0.8374E-07
 2  1  20  2  0.8390E-07
 2  1  20  2  0.8395E-07
 2  1  20  2  0.8473E-07
 2  1  20  2  0.8583E-07
 2  1  20  2  0.8586E-07
 2  1  20  2  0.8588E-07
 2  1  20  2  0.8587E-07
 2  1  20  2  0.8584E-07
