 2  1  3  2  0.1529E-06
 2  1  3  2  0.1467E-06
 2  1  3  2  0.1472E-06
 2  1  3  2  0.1462E-06
 2  1  3  2  0.1478E-06
 2  1  3  2  0.1464E-06
 2  1  3  2  0.1443E-06
 2  1  3  2  0.1450E-06
 2  1  3  2  0.1455E-06
 2  1  3  2  0.1461E-06
 2  1  4  2  0.1516E-06
 2  1  4  2  0.1519E-06
 2  1  4  2  0.1500E-06
 2  1  4  2  0.1499E-06
 2  1  4  2  0.1498E-06
 2  1  4  2  0.1532E-06
 2  1  4  2  0.1484E-06
 2  1  4  2  0.1527E-06
 2  1  4  2  0.1510E-06
 2  1  4  2  0.1507E-06
 2  1  5  2  0.1105E-06
 2  1  5  2  0.1088E-06
 2  1  5  2  0.1085E-06
 2  1  5  2  0.1084E-06
 2  1  5  2  0.1082E-06
 2  1  5  2  0.1085E-06
 2  1  5  2  0.1083E-06
 2  1  5  2  0.1087E-06
 2  1  5  2  0.1090E-06
 2  1  5  2  0.1083E-06
 2  1  6  2  0.8152E-07
 2  1  6  2  0.8039E-07
 2  1  6  2  0.8035E-07
 2  1  6  2  0.8022E-07
 2  1  6  2  0.8023E-07
 2  1  6  2  0.8033E-07
 2  1  6  2  0.8013E-07
 2  1  6  2  0.8034E-07
 2  1  6  2  0.8036E-07
 2  1  6  2  0.8012E-07
 2  1  7  2  0.7072E-07
 2  1  7  2  0.6793E-07
 2  1  7  2  0.6820E-07
 2  1  7  2  0.6806E-07
 2  1  7  2  0.6819E-07
 2  1  7  2  0.6794E-07
 2  1  7  2  0.6818E-07
 2  1  7  2  0.6810E-07
 2  1  7  2  0.6802E-07
 2  1  7  2  0.6803E-07
 2  1  8  2  0.6757E-07
 2  1  8  2  0.6615E-07
 2  1  8  2  0.6595E-07
 2  1  8  2  0.6605E-07
 2  1  8  2  0.6703E-07
 2  1  8  2  0.6551E-07
 2  1  8  2  0.6548E-07
 2  1  8  2  0.6543E-07
 2  1  8  2  0.6566E-07
 2  1  8  2  0.6549E-07
 2  1  9  2  0.6569E-07
 2  1  9  2  0.6254E-07
 2  1  9  2  0.6267E-07
 2  1  9  2  0.6231E-07
 2  1  9  2  0.6249E-07
 2  1  9  2  0.6235E-07
 2  1  9  2  0.6228E-07
 2  1  9  2  0.6231E-07
 2  1  9  2  0.6255E-07
 2  1  9  2  0.6221E-07
 2  1  10  2  0.6827E-07
 2  1  10  2  0.6577E-07
 2  1  10  2  0.6549E-07
 2  1  10  2  0.6600E-07
 2  1  10  2  0.6565E-07
 2  1  10  2  0.6538E-07
 2  1  10  2  0.6581E-07
 2  1  10  2  0.6553E-07
 2  1  10  2  0.6555E-07
 2  1  10  2  0.6564E-07
 2  1  11  2  0.7254E-07
 2  1  11  2  0.7007E-07
 2  1  11  2  0.6979E-07
 2  1  11  2  0.6995E-07
 2  1  11  2  0.6981E-07
 2  1  11  2  0.7004E-07
 2  1  11  2  0.7000E-07
 2  1  11  2  0.6988E-07
 2  1  11  2  0.6998E-07
 2  1  11  2  0.7005E-07
 2  1  12  2  0.6755E-07
 2  1  12  2  0.6523E-07
 2  1  12  2  0.6550E-07
 2  1  12  2  0.6543E-07
 2  1  12  2  0.6530E-07
 2  1  12  2  0.6538E-07
 2  1  12  2  0.6537E-07
 2  1  12  2  0.6539E-07
 2  1  12  2  0.6542E-07
 2  1  12  2  0.6542E-07
 2  1  13  2  0.7578E-07
 2  1  13  2  0.7373E-07
 2  1  13  2  0.7365E-07
 2  1  13  2  0.7351E-07
 2  1  13  2  0.7357E-07
 2  1  13  2  0.7469E-07
 2  1  13  2  0.7379E-07
 2  1  13  2  0.7390E-07
 2  1  13  2  0.7388E-07
 2  1  13  2  0.7392E-07
 2  1  14  2  0.7433E-07
 2  1  14  2  0.7196E-07
 2  1  14  2  0.7505E-07
 2  1  14  2  0.7528E-07
 2  1  14  2  0.7532E-07
 2  1  14  2  0.7520E-07
 2  1  14  2  0.7523E-07
 2  1  14  2  0.7516E-07
 2  1  14  2  0.7516E-07
 2  1  14  2  0.7512E-07
 2  1  15  2  0.8014E-07
 2  1  15  2  0.7828E-07
 2  1  15  2  0.7803E-07
 2  1  15  2  0.7792E-07
 2  1  15  2  0.7807E-07
 2  1  15  2  0.7820E-07
 2  1  15  2  0.7801E-07
 2  1  15  2  0.7803E-07
 2  1  15  2  0.7810E-07
 2  1  15  2  0.7803E-07
 2  1  16  2  0.7446E-07
 2  1  16  2  0.7279E-07
 2  1  16  2  0.7279E-07
 2  1  16  2  0.7272E-07
 2  1  16  2  0.7285E-07
 2  1  16  2  0.7277E-07
 2  1  16  2  0.7281E-07
 2  1  16  2  0.7283E-07
 2  1  16  2  0.7275E-07
 2  1  16  2  0.7277E-07
 2  1  17  2  0.9372E-07
 2  1  17  2  0.9223E-07
 2  1  17  2  0.9226E-07
 2  1  17  2  0.9230E-07
 2  1  17  2  0.9227E-07
 2  1  17  2  0.9231E-07
 2  1  17  2  0.9233E-07
 2  1  17  2  0.9233E-07
 2  1  17  2  0.9228E-07
 2  1  17  2  0.9234E-07
 2  1  18  2  0.9009E-07
 2  1  18  2  0.8871E-07
 2  1  18  2  0.8869E-07
 2  1  18  2  0.8998E-07
 2  1  18  2  0.9112E-07
 2  1  18  2  0.9110E-07
 2  1  18  2  0.9107E-07
 2  1  18  2  0.9107E-07
 2  1  18  2  0.9110E-07
 2  1  18  2  0.9106E-07
 2  1  19  2  0.9518E-07
 2  1  19  2  0.9411E-07
 2  1  19  2  0.9410E-07
 2  1  19  2  0.9415E-07
 2  1  19  2  0.9415E-07
 2  1  19  2  0.9480E-07
 2  1  19  2  0.9484E-07
 2  1  19  2  0.9487E-07
 2  1  19  2  0.9484E-07
 2  1  19  2  0.9484E-07
 2  1  20  2  0.9241E-07
 2  1  20  2  0.9126E-07
 2  1  20  2  0.9128E-07
 2  1  20  2  0.9120E-07
 2  1  20  2  0.9186E-07
 2  1  20  2  0.9168E-07
 2  1  20  2  0.9170E-07
 2  1  20  2  0.9162E-07
 2  1  20  2  0.9164E-07
 2  1  20  2  0.9162E-07
