 2  4  3  8  0.5018E-07
 2  4  3  8  0.4733E-07
 2  4  3  8  0.4123E-07
 2  4  3  8  0.5001E-07
 2  4  3  8  0.4049E-07
 2  4  3  8  0.4319E-07
 2  4  3  8  0.4023E-07
 2  4  3  8  0.4208E-07
 2  4  3  8  0.3926E-07
 2  4  3  8  0.3831E-07
 2  4  4  8  0.5954E-07
 2  4  4  8  0.5019E-07
 2  4  4  8  0.4772E-07
 2  4  4  8  0.4877E-07
 2  4  4  8  0.4886E-07
 2  4  4  8  0.5994E-07
 2  4  4  8  0.5224E-07
 2  4  4  8  0.5011E-07
 2  4  4  8  0.5014E-07
 2  4  4  8  0.4984E-07
 2  4  5  8  0.5140E-07
 2  4  5  8  0.5133E-07
 2  4  5  8  0.4963E-07
 2  4  5  8  0.5042E-07
 2  4  5  8  0.4965E-07
 2  4  5  8  0.4851E-07
 2  4  5  8  0.4858E-07
 2  4  5  8  0.4847E-07
 2  4  5  8  0.4804E-07
 2  4  5  8  0.4956E-07
 2  4  6  8  0.3386E-07
 2  4  6  8  0.3396E-07
 2  4  6  8  0.3150E-07
 2  4  6  8  0.3195E-07
 2  4  6  8  0.3089E-07
 2  4  6  8  0.3056E-07
 2  4  6  8  0.3138E-07
 2  4  6  8  0.3127E-07
 2  4  6  8  0.3313E-07
 2  4  6  8  0.3070E-07
 2  4  7  8  0.3459E-07
 2  4  7  8  0.3192E-07
 2  4  7  8  0.3483E-07
 2  4  7  8  0.3057E-07
 2  4  7  8  0.3022E-07
 2  4  7  8  0.3318E-07
 2  4  7  8  0.2742E-07
 2  4  7  8  0.3288E-07
 2  4  7  8  0.2996E-07
 2  4  7  8  0.2859E-07
 2  4  8  8  0.2097E-07
 2  4  8  8  0.2152E-07
 2  4  8  8  0.2159E-07
 2  4  8  8  0.2083E-07
 2  4  8  8  0.2020E-07
 2  4  8  8  0.2228E-07
 2  4  8  8  0.2240E-07
 2  4  8  8  0.2248E-07
 2  4  8  8  0.2198E-07
 2  4  8  8  0.2067E-07
 2  4  9  8  0.2046E-07
 2  4  9  8  0.1965E-07
 2  4  9  8  0.1938E-07
 2  4  9  8  0.2015E-07
 2  4  9  8  0.1916E-07
 2  4  9  8  0.2033E-07
 2  4  9  8  0.1872E-07
 2  4  9  8  0.1952E-07
 2  4  9  8  0.1992E-07
 2  4  9  8  0.1960E-07
 2  4  10  8  0.2106E-07
 2  4  10  8  0.2129E-07
 2  4  10  8  0.2318E-07
 2  4  10  8  0.2151E-07
 2  4  10  8  0.2137E-07
 2  4  10  8  0.2184E-07
 2  4  10  8  0.2126E-07
 2  4  10  8  0.2109E-07
 2  4  10  8  0.2087E-07
 2  4  10  8  0.2121E-07
 2  4  11  8  0.2253E-07
 2  4  11  8  0.2134E-07
 2  4  11  8  0.2176E-07
 2  4  11  8  0.2138E-07
 2  4  11  8  0.2144E-07
 2  4  11  8  0.2190E-07
 2  4  11  8  0.2183E-07
 2  4  11  8  0.2143E-07
 2  4  11  8  0.2149E-07
 2  4  11  8  0.2211E-07
 2  4  12  8  0.2053E-07
 2  4  12  8  0.2050E-07
 2  4  12  8  0.2052E-07
 2  4  12  8  0.2049E-07
 2  4  12  8  0.2044E-07
 2  4  12  8  0.2047E-07
 2  4  12  8  0.2043E-07
 2  4  12  8  0.2047E-07
 2  4  12  8  0.2048E-07
 2  4  12  8  0.2052E-07
 2  4  13  8  0.2157E-07
 2  4  13  8  0.2152E-07
 2  4  13  8  0.2146E-07
 2  4  13  8  0.2148E-07
 2  4  13  8  0.2162E-07
 2  4  13  8  0.2138E-07
 2  4  13  8  0.2151E-07
 2  4  13  8  0.2144E-07
 2  4  13  8  0.2140E-07
 2  4  13  8  0.2144E-07
 2  4  14  8  0.2130E-07
 2  4  14  8  0.2110E-07
 2  4  14  8  0.2125E-07
 2  4  14  8  0.2136E-07
 2  4  14  8  0.2135E-07
 2  4  14  8  0.2126E-07
 2  4  14  8  0.2125E-07
 2  4  14  8  0.2123E-07
 2  4  14  8  0.2124E-07
 2  4  14  8  0.2125E-07
 2  4  15  8  0.2387E-07
 2  4  15  8  0.2373E-07
 2  4  15  8  0.2369E-07
 2  4  15  8  0.2369E-07
 2  4  15  8  0.2372E-07
 2  4  15  8  0.2365E-07
 2  4  15  8  0.2369E-07
 2  4  15  8  0.2384E-07
 2  4  15  8  0.2446E-07
 2  4  15  8  0.2444E-07
 2  4  16  8  0.2100E-07
 2  4  16  8  0.2095E-07
 2  4  16  8  0.2094E-07
 2  4  16  8  0.2091E-07
 2  4  16  8  0.2085E-07
 2  4  16  8  0.2084E-07
 2  4  16  8  0.2088E-07
 2  4  16  8  0.2087E-07
 2  4  16  8  0.2088E-07
 2  4  16  8  0.2088E-07
 2  4  17  8  0.2752E-07
 2  4  17  8  0.2744E-07
 2  4  17  8  0.2740E-07
 2  4  17  8  0.2741E-07
 2  4  17  8  0.2741E-07
 2  4  17  8  0.2748E-07
 2  4  17  8  0.2742E-07
 2  4  17  8  0.2782E-07
 2  4  17  8  0.2792E-07
 2  4  17  8  0.2791E-07
 2  4  18  8  0.2499E-07
 2  4  18  8  0.2494E-07
 2  4  18  8  0.2491E-07
 2  4  18  8  0.2489E-07
 2  4  18  8  0.2493E-07
 2  4  18  8  0.2487E-07
 2  4  18  8  0.2491E-07
 2  4  18  8  0.2492E-07
 2  4  18  8  0.2489E-07
 2  4  18  8  0.2490E-07
 2  4  19  8  0.2601E-07
 2  4  19  8  0.2597E-07
 2  4  19  8  0.2598E-07
 2  4  19  8  0.2597E-07
 2  4  19  8  0.2613E-07
 2  4  19  8  0.2632E-07
 2  4  19  8  0.2631E-07
 2  4  19  8  0.2627E-07
 2  4  19  8  0.2626E-07
 2  4  19  8  0.2624E-07
 2  4  20  8  0.2454E-07
 2  4  20  8  0.2447E-07
 2  4  20  8  0.2450E-07
 2  4  20  8  0.2448E-07
 2  4  20  8  0.2450E-07
 2  4  20  8  0.2441E-07
 2  4  20  8  0.2443E-07
 2  4  20  8  0.2441E-07
 2  4  20  8  0.2440E-07
 2  4  20  8  0.2443E-07
