 2  2  3  4  0.4975E-07
 2  2  3  4  0.4712E-07
 2  2  3  4  0.4466E-07
 2  2  3  4  0.4207E-07
 2  2  3  4  0.4102E-07
 2  2  3  4  0.4194E-07
 2  2  3  4  0.4590E-07
 2  2  3  4  0.4197E-07
 2  2  3  4  0.4241E-07
 2  2  3  4  0.4124E-07
 2  2  4  4  0.7300E-07
 2  2  4  4  0.7061E-07
 2  2  4  4  0.6875E-07
 2  2  4  4  0.6871E-07
 2  2  4  4  0.6854E-07
 2  2  4  4  0.7124E-07
 2  2  4  4  0.7070E-07
 2  2  4  4  0.7040E-07
 2  2  4  4  0.6831E-07
 2  2  4  4  0.6986E-07
 2  2  5  4  0.7751E-07
 2  2  5  4  0.7820E-07
 2  2  5  4  0.7641E-07
 2  2  5  4  0.7737E-07
 2  2  5  4  0.7605E-07
 2  2  5  4  0.7658E-07
 2  2  5  4  0.7612E-07
 2  2  5  4  0.7721E-07
 2  2  5  4  0.7552E-07
 2  2  5  4  0.7603E-07
 2  2  6  4  0.5204E-07
 2  2  6  4  0.5030E-07
 2  2  6  4  0.5104E-07
 2  2  6  4  0.5020E-07
 2  2  6  4  0.5021E-07
 2  2  6  4  0.4992E-07
 2  2  6  4  0.4994E-07
 2  2  6  4  0.4994E-07
 2  2  6  4  0.5061E-07
 2  2  6  4  0.5007E-07
 2  2  7  4  0.4273E-07
 2  2  7  4  0.4148E-07
 2  2  7  4  0.4120E-07
 2  2  7  4  0.4083E-07
 2  2  7  4  0.4079E-07
 2  2  7  4  0.4088E-07
 2  2  7  4  0.4057E-07
 2  2  7  4  0.4080E-07
 2  2  7  4  0.4078E-07
 2  2  7  4  0.4064E-07
 2  2  8  4  0.3808E-07
 2  2  8  4  0.3767E-07
 2  2  8  4  0.4020E-07
 2  2  8  4  0.3933E-07
 2  2  8  4  0.3937E-07
 2  2  8  4  0.3846E-07
 2  2  8  4  0.3763E-07
 2  2  8  4  0.3547E-07
 2  2  8  4  0.3816E-07
 2  2  8  4  0.3916E-07
 2  2  9  4  0.3328E-07
 2  2  9  4  0.3281E-07
 2  2  9  4  0.3365E-07
 2  2  9  4  0.3266E-07
 2  2  9  4  0.3267E-07
 2  2  9  4  0.3255E-07
 2  2  9  4  0.3244E-07
 2  2  9  4  0.3242E-07
 2  2  9  4  0.3260E-07
 2  2  9  4  0.3242E-07
 2  2  10  4  0.3697E-07
 2  2  10  4  0.3612E-07
 2  2  10  4  0.3475E-07
 2  2  10  4  0.3476E-07
 2  2  10  4  0.3437E-07
 2  2  10  4  0.3433E-07
 2  2  10  4  0.3481E-07
 2  2  10  4  0.3450E-07
 2  2  10  4  0.3456E-07
 2  2  10  4  0.3446E-07
 2  2  11  4  0.3387E-07
 2  2  11  4  0.3331E-07
 2  2  11  4  0.3319E-07
 2  2  11  4  0.3333E-07
 2  2  11  4  0.3327E-07
 2  2  11  4  0.3318E-07
 2  2  11  4  0.3321E-07
 2  2  11  4  0.3343E-07
 2  2  11  4  0.3334E-07
 2  2  11  4  0.3322E-07
 2  2  12  4  0.3412E-07
 2  2  12  4  0.3319E-07
 2  2  12  4  0.3341E-07
 2  2  12  4  0.3367E-07
 2  2  12  4  0.3350E-07
 2  2  12  4  0.3385E-07
 2  2  12  4  0.3305E-07
 2  2  12  4  0.3392E-07
 2  2  12  4  0.3326E-07
 2  2  12  4  0.3357E-07
 2  2  13  4  0.3827E-07
 2  2  13  4  0.3777E-07
 2  2  13  4  0.3785E-07
 2  2  13  4  0.3785E-07
 2  2  13  4  0.3764E-07
 2  2  13  4  0.3783E-07
 2  2  13  4  0.3812E-07
 2  2  13  4  0.3773E-07
 2  2  13  4  0.3767E-07
 2  2  13  4  0.3770E-07
 2  2  14  4  0.3989E-07
 2  2  14  4  0.3971E-07
 2  2  14  4  0.3983E-07
 2  2  14  4  0.3967E-07
 2  2  14  4  0.3993E-07
 2  2  14  4  0.3995E-07
 2  2  14  4  0.3990E-07
 2  2  14  4  0.3992E-07
 2  2  14  4  0.3976E-07
 2  2  14  4  0.3971E-07
 2  2  15  4  0.4342E-07
 2  2  15  4  0.4324E-07
 2  2  15  4  0.4324E-07
 2  2  15  4  0.4344E-07
 2  2  15  4  0.4355E-07
 2  2  15  4  0.4342E-07
 2  2  15  4  0.4337E-07
 2  2  15  4  0.4345E-07
 2  2  15  4  0.4353E-07
 2  2  15  4  0.4342E-07
 2  2  16  4  0.3905E-07
 2  2  16  4  0.3897E-07
 2  2  16  4  0.3886E-07
 2  2  16  4  0.3892E-07
 2  2  16  4  0.3887E-07
 2  2  16  4  0.3886E-07
 2  2  16  4  0.3985E-07
 2  2  16  4  0.3996E-07
 2  2  16  4  0.3998E-07
 2  2  16  4  0.4002E-07
 2  2  17  4  0.5121E-07
 2  2  17  4  0.5103E-07
 2  2  17  4  0.5133E-07
 2  2  17  4  0.5117E-07
 2  2  17  4  0.5121E-07
 2  2  17  4  0.5120E-07
 2  2  17  4  0.5117E-07
 2  2  17  4  0.5115E-07
 2  2  17  4  0.5108E-07
 2  2  17  4  0.5108E-07
 2  2  18  4  0.4794E-07
 2  2  18  4  0.4769E-07
 2  2  18  4  0.4771E-07
 2  2  18  4  0.4769E-07
 2  2  18  4  0.4773E-07
 2  2  18  4  0.4771E-07
 2  2  18  4  0.4784E-07
 2  2  18  4  0.4811E-07
 2  2  18  4  0.4835E-07
 2  2  18  4  0.4836E-07
 2  2  19  4  0.4984E-07
 2  2  19  4  0.4974E-07
 2  2  19  4  0.4982E-07
 2  2  19  4  0.4982E-07
 2  2  19  4  0.4972E-07
 2  2  19  4  0.4981E-07
 2  2  19  4  0.4999E-07
 2  2  19  4  0.5042E-07
 2  2  19  4  0.5044E-07
 2  2  19  4  0.5043E-07
 2  2  20  4  0.4678E-07
 2  2  20  4  0.4666E-07
 2  2  20  4  0.4659E-07
 2  2  20  4  0.4660E-07
 2  2  20  4  0.4664E-07
 2  2  20  4  0.4667E-07
 2  2  20  4  0.4665E-07
 2  2  20  4  0.4671E-07
 2  2  20  4  0.4663E-07
 2  2  20  4  0.4681E-07
