 2  2  3  4  0.1737E-06
 2  2  3  4  0.1737E-06
 2  2  3  4  0.1356E-06
 2  2  3  4  0.1783E-06
 2  2  3  4  0.1877E-06
 2  2  3  4  0.1195E-06
 2  2  3  4  0.1403E-06
 2  2  3  4  0.1153E-06
 2  2  3  4  0.1293E-06
 2  2  3  4  0.1164E-06
 2  2  4  4  0.7069E-07
 2  2  4  4  0.6818E-07
 2  2  4  4  0.7126E-07
 2  2  4  4  0.6816E-07
 2  2  4  4  0.6825E-07
 2  2  4  4  0.6987E-07
 2  2  4  4  0.6712E-07
 2  2  4  4  0.6634E-07
 2  2  4  4  0.6843E-07
 2  2  4  4  0.6618E-07
 2  2  5  4  0.5027E-07
 2  2  5  4  0.4850E-07
 2  2  5  4  0.5045E-07
 2  2  5  4  0.4876E-07
 2  2  5  4  0.4794E-07
 2  2  5  4  0.4809E-07
 2  2  5  4  0.4881E-07
 2  2  5  4  0.4795E-07
 2  2  5  4  0.4771E-07
 2  2  5  4  0.4785E-07
 2  2  6  4  0.3707E-07
 2  2  6  4  0.3387E-07
 2  2  6  4  0.3392E-07
 2  2  6  4  0.3419E-07
 2  2  6  4  0.3383E-07
 2  2  6  4  0.3353E-07
 2  2  6  4  0.3455E-07
 2  2  6  4  0.3383E-07
 2  2  6  4  0.3334E-07
 2  2  6  4  0.3493E-07
 2  2  7  4  0.3047E-07
 2  2  7  4  0.2817E-07
 2  2  7  4  0.2796E-07
 2  2  7  4  0.2784E-07
 2  2  7  4  0.2767E-07
 2  2  7  4  0.2801E-07
 2  2  7  4  0.2827E-07
 2  2  7  4  0.2766E-07
 2  2  7  4  0.2796E-07
 2  2  7  4  0.2783E-07
 2  2  8  4  0.2646E-07
 2  2  8  4  0.2278E-07
 2  2  8  4  0.2251E-07
 2  2  8  4  0.2198E-07
 2  2  8  4  0.2209E-07
 2  2  8  4  0.2245E-07
 2  2  8  4  0.2242E-07
 2  2  8  4  0.2218E-07
 2  2  8  4  0.2229E-07
 2  2  8  4  0.2256E-07
 2  2  9  4  0.3210E-07
 2  2  9  4  0.2708E-07
 2  2  9  4  0.2690E-07
 2  2  9  4  0.2685E-07
 2  2  9  4  0.2693E-07
 2  2  9  4  0.2651E-07
 2  2  9  4  0.2635E-07
 2  2  9  4  0.2652E-07
 2  2  9  4  0.2693E-07
 2  2  9  4  0.2651E-07
 2  2  10  4  0.3225E-07
 2  2  10  4  0.2975E-07
 2  2  10  4  0.2941E-07
 2  2  10  4  0.2952E-07
 2  2  10  4  0.2963E-07
 2  2  10  4  0.2973E-07
 2  2  10  4  0.2989E-07
 2  2  10  4  0.2949E-07
 2  2  10  4  0.2947E-07
 2  2  10  4  0.2937E-07
 2  2  11  4  0.3441E-07
 2  2  11  4  0.3200E-07
 2  2  11  4  0.3103E-07
 2  2  11  4  0.3160E-07
 2  2  11  4  0.3183E-07
 2  2  11  4  0.3127E-07
 2  2  11  4  0.3117E-07
 2  2  11  4  0.3073E-07
 2  2  11  4  0.3105E-07
 2  2  11  4  0.3091E-07
 2  2  12  4  0.3422E-07
 2  2  12  4  0.3272E-07
 2  2  12  4  0.3261E-07
 2  2  12  4  0.3267E-07
 2  2  12  4  0.3270E-07
 2  2  12  4  0.3248E-07
 2  2  12  4  0.3260E-07
 2  2  12  4  0.3251E-07
 2  2  12  4  0.3257E-07
 2  2  12  4  0.3263E-07
 2  2  13  4  0.3674E-07
 2  2  13  4  0.3546E-07
 2  2  13  4  0.3557E-07
 2  2  13  4  0.3548E-07
 2  2  13  4  0.3540E-07
 2  2  13  4  0.3548E-07
 2  2  13  4  0.3547E-07
 2  2  13  4  0.3549E-07
 2  2  13  4  0.3544E-07
 2  2  13  4  0.3555E-07
 2  2  14  4  0.3397E-07
 2  2  14  4  0.3295E-07
 2  2  14  4  0.3301E-07
 2  2  14  4  0.3322E-07
 2  2  14  4  0.3295E-07
 2  2  14  4  0.3311E-07
 2  2  14  4  0.3298E-07
 2  2  14  4  0.3298E-07
 2  2  14  4  0.3306E-07
 2  2  14  4  0.3312E-07
 2  2  15  4  0.3528E-07
 2  2  15  4  0.3469E-07
 2  2  15  4  0.3463E-07
 2  2  15  4  0.3475E-07
 2  2  15  4  0.3473E-07
 2  2  15  4  0.3456E-07
 2  2  15  4  0.3468E-07
 2  2  15  4  0.3452E-07
 2  2  15  4  0.3458E-07
 2  2  15  4  0.3448E-07
 2  2  16  4  0.2987E-07
 2  2  16  4  0.2941E-07
 2  2  16  4  0.2941E-07
 2  2  16  4  0.2942E-07
 2  2  16  4  0.2944E-07
 2  2  16  4  0.2942E-07
 2  2  16  4  0.2937E-07
 2  2  16  4  0.2943E-07
 2  2  16  4  0.2956E-07
 2  2  16  4  0.2961E-07
 2  2  17  4  0.4146E-07
 2  2  17  4  0.4100E-07
 2  2  17  4  0.4089E-07
 2  2  17  4  0.4097E-07
 2  2  17  4  0.4097E-07
 2  2  17  4  0.4095E-07
 2  2  17  4  0.4094E-07
 2  2  17  4  0.4093E-07
 2  2  17  4  0.4092E-07
 2  2  17  4  0.4094E-07
 2  2  18  4  0.3973E-07
 2  2  18  4  0.3835E-07
 2  2  18  4  0.3833E-07
 2  2  18  4  0.3833E-07
 2  2  18  4  0.3834E-07
 2  2  18  4  0.3833E-07
 2  2  18  4  0.3840E-07
 2  2  18  4  0.3851E-07
 2  2  18  4  0.3846E-07
 2  2  18  4  0.3845E-07
 2  2  19  4  0.4198E-07
 2  2  19  4  0.4170E-07
 2  2  19  4  0.4170E-07
 2  2  19  4  0.4156E-07
 2  2  19  4  0.4157E-07
 2  2  19  4  0.4162E-07
 2  2  19  4  0.4173E-07
 2  2  19  4  0.4170E-07
 2  2  19  4  0.4169E-07
 2  2  19  4  0.4163E-07
 2  2  20  4  0.3884E-07
 2  2  20  4  0.3861E-07
 2  2  20  4  0.3853E-07
 2  2  20  4  0.3865E-07
 2  2  20  4  0.3854E-07
 2  2  20  4  0.3868E-07
 2  2  20  4  0.3862E-07
 2  2  20  4  0.3861E-07
 2  2  20  4  0.3860E-07
 2  2  20  4  0.3860E-07
