 2  16  3  32  0.3028E-07
 2  16  3  32  0.2866E-07
 2  16  3  32  0.2772E-07
 2  16  3  32  0.2804E-07
 2  16  3  32  0.2769E-07
 2  16  3  32  0.2841E-07
 2  16  3  32  0.2784E-07
 2  16  3  32  0.2780E-07
 2  16  3  32  0.2809E-07
 2  16  3  32  0.2798E-07
 2  16  4  32  0.1760E-07
 2  16  4  32  0.1639E-07
 2  16  4  32  0.1571E-07
 2  16  4  32  0.1684E-07
 2  16  4  32  0.1563E-07
 2  16  4  32  0.1588E-07
 2  16  4  32  0.1587E-07
 2  16  4  32  0.1550E-07
 2  16  4  32  0.1570E-07
 2  16  4  32  0.1571E-07
 2  16  5  32  0.1267E-07
 2  16  5  32  0.1117E-07
 2  16  5  32  0.1076E-07
 2  16  5  32  0.1134E-07
 2  16  5  32  0.1099E-07
 2  16  5  32  0.1103E-07
 2  16  5  32  0.1083E-07
 2  16  5  32  0.1073E-07
 2  16  5  32  0.1094E-07
 2  16  5  32  0.1107E-07
 2  16  6  32  0.8570E-08
 2  16  6  32  0.8095E-08
 2  16  6  32  0.8070E-08
 2  16  6  32  0.8071E-08
 2  16  6  32  0.8061E-08
 2  16  6  32  0.8041E-08
 2  16  6  32  0.8016E-08
 2  16  6  32  0.8092E-08
 2  16  6  32  0.8081E-08
 2  16  6  32  0.7996E-08
 2  16  7  32  0.7312E-08
 2  16  7  32  0.6766E-08
 2  16  7  32  0.6974E-08
 2  16  7  32  0.6735E-08
 2  16  7  32  0.6738E-08
 2  16  7  32  0.6654E-08
 2  16  7  32  0.6810E-08
 2  16  7  32  0.6671E-08
 2  16  7  32  0.6662E-08
 2  16  7  32  0.6645E-08
 2  16  8  32  0.6025E-08
 2  16  8  32  0.5474E-08
 2  16  8  32  0.5464E-08
 2  16  8  32  0.5429E-08
 2  16  8  32  0.5428E-08
 2  16  8  32  0.5407E-08
 2  16  8  32  0.5672E-08
 2  16  8  32  0.5405E-08
 2  16  8  32  0.5433E-08
 2  16  8  32  0.5406E-08
 2  16  9  32  0.6493E-08
 2  16  9  32  0.5957E-08
 2  16  9  32  0.5968E-08
 2  16  9  32  0.5876E-08
 2  16  9  32  0.6066E-08
 2  16  9  32  0.5901E-08
 2  16  9  32  0.5883E-08
 2  16  9  32  0.5929E-08
 2  16  9  32  0.6025E-08
 2  16  9  32  0.5918E-08
 2  16  10  32  0.5122E-08
 2  16  10  32  0.4697E-08
 2  16  10  32  0.4683E-08
 2  16  10  32  0.4668E-08
 2  16  10  32  0.4666E-08
 2  16  10  32  0.4699E-08
 2  16  10  32  0.4784E-08
 2  16  10  32  0.4684E-08
 2  16  10  32  0.4660E-08
 2  16  10  32  0.4677E-08
 2  16  11  32  0.5309E-08
 2  16  11  32  0.4943E-08
 2  16  11  32  0.4927E-08
 2  16  11  32  0.4870E-08
 2  16  11  32  0.4854E-08
 2  16  11  32  0.4960E-08
 2  16  11  32  0.4877E-08
 2  16  11  32  0.4888E-08
 2  16  11  32  0.4877E-08
 2  16  11  32  0.4849E-08
 2  16  12  32  0.4863E-08
 2  16  12  32  0.4569E-08
 2  16  12  32  0.4551E-08
 2  16  12  32  0.4556E-08
 2  16  12  32  0.4545E-08
 2  16  12  32  0.4537E-08
 2  16  12  32  0.4557E-08
 2  16  12  32  0.4535E-08
 2  16  12  32  0.4548E-08
 2  16  12  32  0.4562E-08
 2  16  13  32  0.5255E-08
 2  16  13  32  0.5017E-08
 2  16  13  32  0.5020E-08
 2  16  13  32  0.5011E-08
 2  16  13  32  0.5006E-08
 2  16  13  32  0.4998E-08
 2  16  13  32  0.4991E-08
 2  16  13  32  0.5044E-08
 2  16  13  32  0.5006E-08
 2  16  13  32  0.5005E-08
 2  16  14  32  0.4964E-08
 2  16  14  32  0.4763E-08
 2  16  14  32  0.4753E-08
 2  16  14  32  0.4763E-08
 2  16  14  32  0.4749E-08
 2  16  14  32  0.4758E-08
 2  16  14  32  0.4752E-08
 2  16  14  32  0.4753E-08
 2  16  14  32  0.4758E-08
 2  16  14  32  0.4745E-08
 2  16  15  32  0.5069E-08
 2  16  15  32  0.4903E-08
 2  16  15  32  0.4931E-08
 2  16  15  32  0.4873E-08
 2  16  15  32  0.4925E-08
 2  16  15  32  0.4911E-08
 2  16  15  32  0.4920E-08
 2  16  15  32  0.4908E-08
 2  16  15  32  0.4934E-08
 2  16  15  32  0.4923E-08
 2  16  16  32  0.4724E-08
 2  16  16  32  0.4657E-08
 2  16  16  32  0.4683E-08
 2  16  16  32  0.4686E-08
 2  16  16  32  0.4671E-08
 2  16  16  32  0.4647E-08
 2  16  16  32  0.4666E-08
 2  16  16  32  0.4647E-08
 2  16  16  32  0.4650E-08
 2  16  16  32  0.4649E-08
 2  16  17  32  0.5850E-08
 2  16  17  32  0.5751E-08
 2  16  17  32  0.5714E-08
 2  16  17  32  0.5796E-08
 2  16  17  32  0.5752E-08
 2  16  17  32  0.5747E-08
 2  16  17  32  0.5768E-08
 2  16  17  32  0.5786E-08
 2  16  17  32  0.5754E-08
 2  16  17  32  0.5756E-08
 2  16  18  32  0.5421E-08
 2  16  18  32  0.5302E-08
 2  16  18  32  0.5343E-08
 2  16  18  32  0.5324E-08
 2  16  18  32  0.5327E-08
 2  16  18  32  0.5331E-08
 2  16  18  32  0.5333E-08
 2  16  18  32  0.5332E-08
 2  16  18  32  0.5327E-08
 2  16  18  32  0.5339E-08
 2  16  19  32  0.5738E-08
 2  16  19  32  0.5687E-08
 2  16  19  32  0.5703E-08
 2  16  19  32  0.5709E-08
 2  16  19  32  0.5700E-08
 2  16  19  32  0.5694E-08
 2  16  19  32  0.5698E-08
 2  16  19  32  0.5697E-08
 2  16  19  32  0.5706E-08
 2  16  19  32  0.5698E-08
 2  16  20  32  0.5421E-08
 2  16  20  32  0.5390E-08
 2  16  20  32  0.5399E-08
 2  16  20  32  0.5477E-08
 2  16  20  32  0.5398E-08
 2  16  20  32  0.5393E-08
 2  16  20  32  0.5383E-08
 2  16  20  32  0.5394E-08
 2  16  20  32  0.5384E-08
 2  16  20  32  0.5382E-08
