 2  2  3  4  0.3160E-06
 2  2  3  4  0.3142E-06
 2  2  3  4  0.3109E-06
 2  2  3  4  0.3086E-06
 2  2  3  4  0.3098E-06
 2  2  3  4  0.3098E-06
 2  2  3  4  0.3088E-06
 2  2  3  4  0.3097E-06
 2  2  3  4  0.3069E-06
 2  2  3  4  0.3063E-06
 2  2  4  4  0.1690E-06
 2  2  4  4  0.1702E-06
 2  2  4  4  0.1687E-06
 2  2  4  4  0.1699E-06
 2  2  4  4  0.1691E-06
 2  2  4  4  0.1675E-06
 2  2  4  4  0.1662E-06
 2  2  4  4  0.1713E-06
 2  2  4  4  0.1698E-06
 2  2  4  4  0.1716E-06
 2  2  5  4  0.1036E-06
 2  2  5  4  0.1036E-06
 2  2  5  4  0.1036E-06
 2  2  5  4  0.1037E-06
 2  2  5  4  0.1029E-06
 2  2  5  4  0.1022E-06
 2  2  5  4  0.1031E-06
 2  2  5  4  0.1033E-06
 2  2  5  4  0.1060E-06
 2  2  5  4  0.1032E-06
 2  2  6  4  0.7267E-07
 2  2  6  4  0.7237E-07
 2  2  6  4  0.7300E-07
 2  2  6  4  0.7154E-07
 2  2  6  4  0.7233E-07
 2  2  6  4  0.7320E-07
 2  2  6  4  0.7206E-07
 2  2  6  4  0.7183E-07
 2  2  6  4  0.7188E-07
 2  2  6  4  0.7182E-07
 2  2  7  4  0.5511E-07
 2  2  7  4  0.5376E-07
 2  2  7  4  0.5331E-07
 2  2  7  4  0.5341E-07
 2  2  7  4  0.5348E-07
 2  2  7  4  0.5398E-07
 2  2  7  4  0.5354E-07
 2  2  7  4  0.5332E-07
 2  2  7  4  0.5358E-07
 2  2  7  4  0.5348E-07
 2  2  8  4  0.4729E-07
 2  2  8  4  0.4691E-07
 2  2  8  4  0.4666E-07
 2  2  8  4  0.4629E-07
 2  2  8  4  0.4649E-07
 2  2  8  4  0.4689E-07
 2  2  8  4  0.4610E-07
 2  2  8  4  0.4575E-07
 2  2  8  4  0.4648E-07
 2  2  8  4  0.4627E-07
 2  2  9  4  0.4281E-07
 2  2  9  4  0.4286E-07
 2  2  9  4  0.4275E-07
 2  2  9  4  0.4245E-07
 2  2  9  4  0.4261E-07
 2  2  9  4  0.4228E-07
 2  2  9  4  0.4267E-07
 2  2  9  4  0.4271E-07
 2  2  9  4  0.4252E-07
 2  2  9  4  0.4248E-07
 2  2  10  4  0.4173E-07
 2  2  10  4  0.4094E-07
 2  2  10  4  0.4108E-07
 2  2  10  4  0.4111E-07
 2  2  10  4  0.4130E-07
 2  2  10  4  0.4125E-07
 2  2  10  4  0.4096E-07
 2  2  10  4  0.4128E-07
 2  2  10  4  0.4119E-07
 2  2  10  4  0.4126E-07
 2  2  11  4  0.4989E-07
 2  2  11  4  0.4944E-07
 2  2  11  4  0.4927E-07
 2  2  11  4  0.4936E-07
 2  2  11  4  0.4941E-07
 2  2  11  4  0.4953E-07
 2  2  11  4  0.4912E-07
 2  2  11  4  0.5004E-07
 2  2  11  4  0.4930E-07
 2  2  11  4  0.4919E-07
 2  2  12  4  0.4844E-07
 2  2  12  4  0.4839E-07
 2  2  12  4  0.4820E-07
 2  2  12  4  0.4772E-07
 2  2  12  4  0.4688E-07
 2  2  12  4  0.4700E-07
 2  2  12  4  0.4709E-07
 2  2  12  4  0.4698E-07
 2  2  12  4  0.4681E-07
 2  2  12  4  0.4715E-07
 2  2  13  4  0.5102E-07
 2  2  13  4  0.5035E-07
 2  2  13  4  0.5031E-07
 2  2  13  4  0.5054E-07
 2  2  13  4  0.5030E-07
 2  2  13  4  0.5054E-07
 2  2  13  4  0.5042E-07
 2  2  13  4  0.5031E-07
 2  2  13  4  0.5042E-07
 2  2  13  4  0.5041E-07
 2  2  14  4  0.4972E-07
 2  2  14  4  0.4952E-07
 2  2  14  4  0.4954E-07
 2  2  14  4  0.4953E-07
 2  2  14  4  0.4956E-07
 2  2  14  4  0.4957E-07
 2  2  14  4  0.4955E-07
 2  2  14  4  0.4943E-07
 2  2  14  4  0.4950E-07
 2  2  14  4  0.4952E-07
 2  2  15  4  0.5133E-07
 2  2  15  4  0.5115E-07
 2  2  15  4  0.5102E-07
 2  2  15  4  0.5102E-07
 2  2  15  4  0.5103E-07
 2  2  15  4  0.5101E-07
 2  2  15  4  0.5110E-07
 2  2  15  4  0.5101E-07
 2  2  15  4  0.5100E-07
 2  2  15  4  0.5104E-07
 2  2  16  4  0.4759E-07
 2  2  16  4  0.4741E-07
 2  2  16  4  0.4740E-07
 2  2  16  4  0.4739E-07
 2  2  16  4  0.4732E-07
 2  2  16  4  0.4735E-07
 2  2  16  4  0.4745E-07
 2  2  16  4  0.4741E-07
 2  2  16  4  0.4738E-07
 2  2  16  4  0.4740E-07
 2  2  17  4  0.5585E-07
 2  2  17  4  0.5572E-07
 2  2  17  4  0.5574E-07
 2  2  17  4  0.5576E-07
 2  2  17  4  0.5571E-07
 2  2  17  4  0.5570E-07
 2  2  17  4  0.5573E-07
 2  2  17  4  0.5577E-07
 2  2  17  4  0.5572E-07
 2  2  17  4  0.5580E-07
 2  2  18  4  0.5231E-07
 2  2  18  4  0.5219E-07
 2  2  18  4  0.5219E-07
 2  2  18  4  0.5213E-07
 2  2  18  4  0.5210E-07
 2  2  18  4  0.5211E-07
 2  2  18  4  0.5213E-07
 2  2  18  4  0.5210E-07
 2  2  18  4  0.5236E-07
 2  2  18  4  0.5241E-07
 2  2  19  4  0.5332E-07
 2  2  19  4  0.5327E-07
 2  2  19  4  0.5325E-07
 2  2  19  4  0.5327E-07
 2  2  19  4  0.5326E-07
 2  2  19  4  0.5324E-07
 2  2  19  4  0.5321E-07
 2  2  19  4  0.5365E-07
 2  2  19  4  0.5358E-07
 2  2  19  4  0.5358E-07
 2  2  20  4  0.5121E-07
 2  2  20  4  0.5111E-07
 2  2  20  4  0.5117E-07
 2  2  20  4  0.5107E-07
 2  2  20  4  0.5129E-07
 2  2  20  4  0.5126E-07
 2  2  20  4  0.5128E-07
 2  2  20  4  0.5125E-07
 2  2  20  4  0.5127E-07
 2  2  20  4  0.5129E-07
