 2  4  3  8  0.1187E-06
 2  4  3  8  0.1014E-06
 2  4  3  8  0.9542E-07
 2  4  3  8  0.9145E-07
 2  4  3  8  0.9803E-07
 2  4  3  8  0.8702E-07
 2  4  3  8  0.9246E-07
 2  4  3  8  0.7890E-07
 2  4  3  8  0.9185E-07
 2  4  3  8  0.7461E-07
 2  4  4  8  0.5316E-07
 2  4  4  8  0.4643E-07
 2  4  4  8  0.4701E-07
 2  4  4  8  0.4466E-07
 2  4  4  8  0.4378E-07
 2  4  4  8  0.4421E-07
 2  4  4  8  0.4343E-07
 2  4  4  8  0.4168E-07
 2  4  4  8  0.4466E-07
 2  4  4  8  0.4095E-07
 2  4  5  8  0.3642E-07
 2  4  5  8  0.3539E-07
 2  4  5  8  0.3385E-07
 2  4  5  8  0.3479E-07
 2  4  5  8  0.3454E-07
 2  4  5  8  0.3421E-07
 2  4  5  8  0.3120E-07
 2  4  5  8  0.3213E-07
 2  4  5  8  0.3316E-07
 2  4  5  8  0.3286E-07
 2  4  6  8  0.2280E-07
 2  4  6  8  0.2176E-07
 2  4  6  8  0.2128E-07
 2  4  6  8  0.2109E-07
 2  4  6  8  0.2098E-07
 2  4  6  8  0.2231E-07
 2  4  6  8  0.2160E-07
 2  4  6  8  0.2117E-07
 2  4  6  8  0.2173E-07
 2  4  6  8  0.2109E-07
 2  4  7  8  0.2188E-07
 2  4  7  8  0.1803E-07
 2  4  7  8  0.1781E-07
 2  4  7  8  0.1793E-07
 2  4  7  8  0.1798E-07
 2  4  7  8  0.1788E-07
 2  4  7  8  0.1804E-07
 2  4  7  8  0.1827E-07
 2  4  7  8  0.1833E-07
 2  4  7  8  0.1785E-07
 2  4  8  8  0.1639E-07
 2  4  8  8  0.1287E-07
 2  4  8  8  0.1274E-07
 2  4  8  8  0.1357E-07
 2  4  8  8  0.1332E-07
 2  4  8  8  0.1290E-07
 2  4  8  8  0.1359E-07
 2  4  8  8  0.1305E-07
 2  4  8  8  0.1338E-07
 2  4  8  8  0.1492E-07
 2  4  9  8  0.1999E-07
 2  4  9  8  0.1560E-07
 2  4  9  8  0.1661E-07
 2  4  9  8  0.1657E-07
 2  4  9  8  0.1646E-07
 2  4  9  8  0.1668E-07
 2  4  9  8  0.1658E-07
 2  4  9  8  0.1675E-07
 2  4  9  8  0.1653E-07
 2  4  9  8  0.1663E-07
 2  4  10  8  0.1970E-07
 2  4  10  8  0.1821E-07
 2  4  10  8  0.1812E-07
 2  4  10  8  0.1825E-07
 2  4  10  8  0.1792E-07
 2  4  10  8  0.1806E-07
 2  4  10  8  0.1849E-07
 2  4  10  8  0.1803E-07
 2  4  10  8  0.1825E-07
 2  4  10  8  0.1791E-07
 2  4  11  8  0.2029E-07
 2  4  11  8  0.1896E-07
 2  4  11  8  0.1896E-07
 2  4  11  8  0.1901E-07
 2  4  11  8  0.1874E-07
 2  4  11  8  0.1885E-07
 2  4  11  8  0.1881E-07
 2  4  11  8  0.1894E-07
 2  4  11  8  0.1891E-07
 2  4  11  8  0.1889E-07
 2  4  12  8  0.1843E-07
 2  4  12  8  0.1734E-07
 2  4  12  8  0.1732E-07
 2  4  12  8  0.1729E-07
 2  4  12  8  0.1727E-07
 2  4  12  8  0.1726E-07
 2  4  12  8  0.1732E-07
 2  4  12  8  0.1738E-07
 2  4  12  8  0.1726E-07
 2  4  12  8  0.1722E-07
 2  4  13  8  0.1956E-07
 2  4  13  8  0.1883E-07
 2  4  13  8  0.1874E-07
 2  4  13  8  0.1879E-07
 2  4  13  8  0.1879E-07
 2  4  13  8  0.1884E-07
 2  4  13  8  0.1886E-07
 2  4  13  8  0.1884E-07
 2  4  13  8  0.1891E-07
 2  4  13  8  0.1882E-07
 2  4  14  8  0.1815E-07
 2  4  14  8  0.1765E-07
 2  4  14  8  0.1764E-07
 2  4  14  8  0.1761E-07
 2  4  14  8  0.1763E-07
 2  4  14  8  0.1762E-07
 2  4  14  8  0.1763E-07
 2  4  14  8  0.1768E-07
 2  4  14  8  0.1766E-07
 2  4  14  8  0.1763E-07
 2  4  15  8  0.1976E-07
 2  4  15  8  0.1935E-07
 2  4  15  8  0.1934E-07
 2  4  15  8  0.1932E-07
 2  4  15  8  0.1939E-07
 2  4  15  8  0.1930E-07
 2  4  15  8  0.1934E-07
 2  4  15  8  0.1930E-07
 2  4  15  8  0.1926E-07
 2  4  15  8  0.1932E-07
 2  4  16  8  0.1619E-07
 2  4  16  8  0.1586E-07
 2  4  16  8  0.1588E-07
 2  4  16  8  0.1588E-07
 2  4  16  8  0.1587E-07
 2  4  16  8  0.1591E-07
 2  4  16  8  0.1588E-07
 2  4  16  8  0.1589E-07
 2  4  16  8  0.1591E-07
 2  4  16  8  0.1589E-07
 2  4  17  8  0.2264E-07
 2  4  17  8  0.2240E-07
 2  4  17  8  0.2232E-07
 2  4  17  8  0.2231E-07
 2  4  17  8  0.2230E-07
 2  4  17  8  0.2236E-07
 2  4  17  8  0.2231E-07
 2  4  17  8  0.2229E-07
 2  4  17  8  0.2228E-07
 2  4  17  8  0.2227E-07
 2  4  18  8  0.2027E-07
 2  4  18  8  0.1998E-07
 2  4  18  8  0.2000E-07
 2  4  18  8  0.2002E-07
 2  4  18  8  0.2002E-07
 2  4  18  8  0.2005E-07
 2  4  18  8  0.2003E-07
 2  4  18  8  0.2002E-07
 2  4  18  8  0.1994E-07
 2  4  18  8  0.1994E-07
 2  4  19  8  0.2177E-07
 2  4  19  8  0.2154E-07
 2  4  19  8  0.2173E-07
 2  4  19  8  0.2152E-07
 2  4  19  8  0.2159E-07
 2  4  19  8  0.2155E-07
 2  4  19  8  0.2152E-07
 2  4  19  8  0.2153E-07
 2  4  19  8  0.2150E-07
 2  4  19  8  0.2152E-07
 2  4  20  8  0.2038E-07
 2  4  20  8  0.2021E-07
 2  4  20  8  0.2020E-07
 2  4  20  8  0.2023E-07
 2  4  20  8  0.2022E-07
 2  4  20  8  0.2012E-07
 2  4  20  8  0.2010E-07
 2  4  20  8  0.2014E-07
 2  4  20  8  0.2008E-07
 2  4  20  8  0.2023E-07
