 2  32  3  64  0.4058E-07
 2  32  3  64  0.3781E-07
 2  32  3  64  0.3748E-07
 2  32  3  64  0.3834E-07
 2  32  3  64  0.3736E-07
 2  32  3  64  0.3834E-07
 2  32  3  64  0.3741E-07
 2  32  3  64  0.3735E-07
 2  32  3  64  0.3749E-07
 2  32  3  64  0.3823E-07
 2  32  4  64  0.1849E-07
 2  32  4  64  0.1719E-07
 2  32  4  64  0.1714E-07
 2  32  4  64  0.1716E-07
 2  32  4  64  0.1793E-07
 2  32  4  64  0.1764E-07
 2  32  4  64  0.1765E-07
 2  32  4  64  0.1771E-07
 2  32  4  64  0.1758E-07
 2  32  4  64  0.1722E-07
 2  32  5  64  0.1068E-07
 2  32  5  64  0.1022E-07
 2  32  5  64  0.1016E-07
 2  32  5  64  0.1013E-07
 2  32  5  64  0.1024E-07
 2  32  5  64  0.1018E-07
 2  32  5  64  0.1022E-07
 2  32  5  64  0.1018E-07
 2  32  5  64  0.1034E-07
 2  32  5  64  0.1019E-07
 2  32  6  64  0.7099E-08
 2  32  6  64  0.6677E-08
 2  32  6  64  0.6854E-08
 2  32  6  64  0.6657E-08
 2  32  6  64  0.6830E-08
 2  32  6  64  0.6671E-08
 2  32  6  64  0.6804E-08
 2  32  6  64  0.6739E-08
 2  32  6  64  0.6886E-08
 2  32  6  64  0.6688E-08
 2  32  7  64  0.5477E-08
 2  32  7  64  0.5019E-08
 2  32  7  64  0.4986E-08
 2  32  7  64  0.4966E-08
 2  32  7  64  0.4987E-08
 2  32  7  64  0.4959E-08
 2  32  7  64  0.4939E-08
 2  32  7  64  0.5137E-08
 2  32  7  64  0.5107E-08
 2  32  7  64  0.4990E-08
 2  32  8  64  0.3871E-08
 2  32  8  64  0.3670E-08
 2  32  8  64  0.3778E-08
 2  32  8  64  0.3671E-08
 2  32  8  64  0.3690E-08
 2  32  8  64  0.3655E-08
 2  32  8  64  0.3678E-08
 2  32  8  64  0.3786E-08
 2  32  8  64  0.3687E-08
 2  32  8  64  0.3695E-08
 2  32  9  64  0.3817E-08
 2  32  9  64  0.3606E-08
 2  32  9  64  0.3594E-08
 2  32  9  64  0.3655E-08
 2  32  9  64  0.3605E-08
 2  32  9  64  0.3622E-08
 2  32  9  64  0.3694E-08
 2  32  9  64  0.3628E-08
 2  32  9  64  0.3621E-08
 2  32  9  64  0.3607E-08
 2  32  10  64  0.3553E-08
 2  32  10  64  0.3445E-08
 2  32  10  64  0.3447E-08
 2  32  10  64  0.3447E-08
 2  32  10  64  0.3463E-08
 2  32  10  64  0.3434E-08
 2  32  10  64  0.3449E-08
 2  32  10  64  0.3452E-08
 2  32  10  64  0.3425E-08
 2  32  10  64  0.3420E-08
 2  32  11  64  0.3517E-08
 2  32  11  64  0.3405E-08
 2  32  11  64  0.3391E-08
 2  32  11  64  0.3423E-08
 2  32  11  64  0.3361E-08
 2  32  11  64  0.3375E-08
 2  32  11  64  0.3359E-08
 2  32  11  64  0.3371E-08
 2  32  11  64  0.3361E-08
 2  32  11  64  0.3349E-08
 2  32  12  64  0.3380E-08
 2  32  12  64  0.3297E-08
 2  32  12  64  0.3323E-08
 2  32  12  64  0.3388E-08
 2  32  12  64  0.3374E-08
 2  32  12  64  0.3373E-08
 2  32  12  64  0.3362E-08
 2  32  12  64  0.3337E-08
 2  32  12  64  0.3351E-08
 2  32  12  64  0.3359E-08
 2  32  13  64  0.3632E-08
 2  32  13  64  0.3574E-08
 2  32  13  64  0.3584E-08
 2  32  13  64  0.3632E-08
 2  32  13  64  0.3620E-08
 2  32  13  64  0.3598E-08
 2  32  13  64  0.3594E-08
 2  32  13  64  0.3599E-08
 2  32  13  64  0.3595E-08
 2  32  13  64  0.3573E-08
 2  32  14  64  0.3700E-08
 2  32  14  64  0.3634E-08
 2  32  14  64  0.3655E-08
 2  32  14  64  0.3629E-08
 2  32  14  64  0.3631E-08
 2  32  14  64  0.3619E-08
 2  32  14  64  0.3644E-08
 2  32  14  64  0.3633E-08
 2  32  14  64  0.3633E-08
 2  32  14  64  0.3646E-08
 2  32  15  64  0.3490E-08
 2  32  15  64  0.3458E-08
 2  32  15  64  0.3456E-08
 2  32  15  64  0.3458E-08
 2  32  15  64  0.3482E-08
 2  32  15  64  0.3490E-08
 2  32  15  64  0.3501E-08
 2  32  15  64  0.3519E-08
 2  32  15  64  0.3483E-08
 2  32  15  64  0.3483E-08
 2  32  16  64  0.3278E-08
 2  32  16  64  0.3255E-08
 2  32  16  64  0.3237E-08
 2  32  16  64  0.3236E-08
 2  32  16  64  0.3243E-08
 2  32  16  64  0.3245E-08
 2  32  16  64  0.3233E-08
 2  32  16  64  0.3240E-08
 2  32  16  64  0.3241E-08
 2  32  16  64  0.3238E-08
 2  32  17  64  0.4095E-08
 2  32  17  64  0.4107E-08
 2  32  17  64  0.4120E-08
 2  32  17  64  0.4111E-08
 2  32  17  64  0.4101E-08
 2  32  17  64  0.4092E-08
 2  32  17  64  0.4118E-08
 2  32  17  64  0.4109E-08
 2  32  17  64  0.4091E-08
 2  32  17  64  0.4117E-08
 2  32  18  64  0.3707E-08
 2  32  18  64  0.3669E-08
 2  32  18  64  0.3665E-08
 2  32  18  64  0.3667E-08
 2  32  18  64  0.3678E-08
 2  32  18  64  0.3666E-08
 2  32  18  64  0.3697E-08
 2  32  18  64  0.3704E-08
 2  32  18  64  0.3687E-08
 2  32  18  64  0.3672E-08
 2  32  19  64  0.3760E-08
 2  32  19  64  0.3742E-08
 2  32  19  64  0.3742E-08
 2  32  19  64  0.3739E-08
 2  32  19  64  0.3743E-08
 2  32  19  64  0.3742E-08
 2  32  19  64  0.3751E-08
 2  32  19  64  0.3746E-08
 2  32  19  64  0.3736E-08
 2  32  19  64  0.3737E-08
 2  32  20  64  0.3958E-08
 2  32  20  64  0.3927E-08
 2  32  20  64  0.3942E-08
 2  32  20  64  0.3928E-08
 2  32  20  64  0.3933E-08
 2  32  20  64  0.3929E-08
 2  32  20  64  0.3934E-08
 2  32  20  64  0.3937E-08
 2  32  20  64  0.3940E-08
 2  32  20  64  0.3936E-08
