 2  16  3  32  0.5890E-07
 2  16  3  32  0.5419E-07
 2  16  3  32  0.5381E-07
 2  16  3  32  0.5324E-07
 2  16  3  32  0.5333E-07
 2  16  3  32  0.5268E-07
 2  16  3  32  0.5300E-07
 2  16  3  32  0.5297E-07
 2  16  3  32  0.5448E-07
 2  16  3  32  0.6057E-07
 2  16  4  32  0.2559E-07
 2  16  4  32  0.2601E-07
 2  16  4  32  0.2431E-07
 2  16  4  32  0.2432E-07
 2  16  4  32  0.2431E-07
 2  16  4  32  0.2462E-07
 2  16  4  32  0.2434E-07
 2  16  4  32  0.2446E-07
 2  16  4  32  0.2435E-07
 2  16  4  32  0.2625E-07
 2  16  5  32  0.1777E-07
 2  16  5  32  0.1665E-07
 2  16  5  32  0.1661E-07
 2  16  5  32  0.1671E-07
 2  16  5  32  0.1674E-07
 2  16  5  32  0.1655E-07
 2  16  5  32  0.1658E-07
 2  16  5  32  0.1650E-07
 2  16  5  32  0.1659E-07
 2  16  5  32  0.1658E-07
 2  16  6  32  0.1129E-07
 2  16  6  32  0.1092E-07
 2  16  6  32  0.1090E-07
 2  16  6  32  0.1100E-07
 2  16  6  32  0.1092E-07
 2  16  6  32  0.1090E-07
 2  16  6  32  0.1095E-07
 2  16  6  32  0.1095E-07
 2  16  6  32  0.1090E-07
 2  16  6  32  0.1084E-07
 2  16  7  32  0.9091E-08
 2  16  7  32  0.8490E-08
 2  16  7  32  0.8445E-08
 2  16  7  32  0.8454E-08
 2  16  7  32  0.8475E-08
 2  16  7  32  0.8430E-08
 2  16  7  32  0.8388E-08
 2  16  7  32  0.8562E-08
 2  16  7  32  0.8844E-08
 2  16  7  32  0.8427E-08
 2  16  8  32  0.6469E-08
 2  16  8  32  0.6318E-08
 2  16  8  32  0.6269E-08
 2  16  8  32  0.6362E-08
 2  16  8  32  0.6280E-08
 2  16  8  32  0.6314E-08
 2  16  8  32  0.6315E-08
 2  16  8  32  0.6283E-08
 2  16  8  32  0.6267E-08
 2  16  8  32  0.6366E-08
 2  16  9  32  0.6360E-08
 2  16  9  32  0.6283E-08
 2  16  9  32  0.6248E-08
 2  16  9  32  0.6223E-08
 2  16  9  32  0.6229E-08
 2  16  9  32  0.6238E-08
 2  16  9  32  0.6279E-08
 2  16  9  32  0.6209E-08
 2  16  9  32  0.6256E-08
 2  16  9  32  0.6209E-08
 2  16  10  32  0.5597E-08
 2  16  10  32  0.5621E-08
 2  16  10  32  0.5679E-08
 2  16  10  32  0.5632E-08
 2  16  10  32  0.5485E-08
 2  16  10  32  0.5558E-08
 2  16  10  32  0.5532E-08
 2  16  10  32  0.5529E-08
 2  16  10  32  0.5620E-08
 2  16  10  32  0.5550E-08
 2  16  11  32  0.5360E-08
 2  16  11  32  0.5204E-08
 2  16  11  32  0.5186E-08
 2  16  11  32  0.5202E-08
 2  16  11  32  0.5265E-08
 2  16  11  32  0.5204E-08
 2  16  11  32  0.5214E-08
 2  16  11  32  0.5170E-08
 2  16  11  32  0.5152E-08
 2  16  11  32  0.5165E-08
 2  16  12  32  0.4696E-08
 2  16  12  32  0.4642E-08
 2  16  12  32  0.4632E-08
 2  16  12  32  0.4657E-08
 2  16  12  32  0.4634E-08
 2  16  12  32  0.4648E-08
 2  16  12  32  0.4646E-08
 2  16  12  32  0.4631E-08
 2  16  12  32  0.4621E-08
 2  16  12  32  0.4623E-08
 2  16  13  32  0.5378E-08
 2  16  13  32  0.5249E-08
 2  16  13  32  0.5242E-08
 2  16  13  32  0.5256E-08
 2  16  13  32  0.5225E-08
 2  16  13  32  0.5221E-08
 2  16  13  32  0.5218E-08
 2  16  13  32  0.5215E-08
 2  16  13  32  0.5219E-08
 2  16  13  32  0.5226E-08
 2  16  14  32  0.5519E-08
 2  16  14  32  0.5413E-08
 2  16  14  32  0.5456E-08
 2  16  14  32  0.5402E-08
 2  16  14  32  0.5520E-08
 2  16  14  32  0.5521E-08
 2  16  14  32  0.5525E-08
 2  16  14  32  0.5509E-08
 2  16  14  32  0.5504E-08
 2  16  14  32  0.5559E-08
 2  16  15  32  0.6078E-08
 2  16  15  32  0.6025E-08
 2  16  15  32  0.6022E-08
 2  16  15  32  0.6020E-08
 2  16  15  32  0.6018E-08
 2  16  15  32  0.6084E-08
 2  16  15  32  0.6092E-08
 2  16  15  32  0.6125E-08
 2  16  15  32  0.6106E-08
 2  16  15  32  0.6081E-08
 2  16  16  32  0.5662E-08
 2  16  16  32  0.5598E-08
 2  16  16  32  0.5598E-08
 2  16  16  32  0.5639E-08
 2  16  16  32  0.5614E-08
 2  16  16  32  0.5633E-08
 2  16  16  32  0.5656E-08
 2  16  16  32  0.5653E-08
 2  16  16  32  0.5635E-08
 2  16  16  32  0.5650E-08
 2  16  17  32  0.7180E-08
 2  16  17  32  0.7160E-08
 2  16  17  32  0.7161E-08
 2  16  17  32  0.7148E-08
 2  16  17  32  0.7146E-08
 2  16  17  32  0.7157E-08
 2  16  17  32  0.7156E-08
 2  16  17  32  0.7155E-08
 2  16  17  32  0.7155E-08
 2  16  17  32  0.7158E-08
 2  16  18  32  0.6587E-08
 2  16  18  32  0.6554E-08
 2  16  18  32  0.6564E-08
 2  16  18  32  0.6569E-08
 2  16  18  32  0.6561E-08
 2  16  18  32  0.6569E-08
 2  16  18  32  0.6569E-08
 2  16  18  32  0.6562E-08
 2  16  18  32  0.6568E-08
 2  16  18  32  0.6555E-08
 2  16  19  32  0.6849E-08
 2  16  19  32  0.6819E-08
 2  16  19  32  0.6808E-08
 2  16  19  32  0.6806E-08
 2  16  19  32  0.6819E-08
 2  16  19  32  0.6818E-08
 2  16  19  32  0.6816E-08
 2  16  19  32  0.6811E-08
 2  16  19  32  0.6823E-08
 2  16  19  32  0.6812E-08
 2  16  20  32  0.6453E-08
 2  16  20  32  0.6423E-08
 2  16  20  32  0.6456E-08
 2  16  20  32  0.6465E-08
 2  16  20  32  0.6485E-08
 2  16  20  32  0.6477E-08
 2  16  20  32  0.6469E-08
 2  16  20  32  0.6471E-08
 2  16  20  32  0.6468E-08
 2  16  20  32  0.6459E-08
