 2  64  3  128  0.2468E-07
 2  64  3  128  0.2186E-07
 2  64  3  128  0.2214E-07
 2  64  3  128  0.2180E-07
 2  64  3  128  0.2173E-07
 2  64  3  128  0.2173E-07
 2  64  3  128  0.2152E-07
 2  64  3  128  0.2179E-07
 2  64  3  128  0.2204E-07
 2  64  3  128  0.2166E-07
 2  64  4  128  0.1133E-07
 2  64  4  128  0.9905E-08
 2  64  4  128  0.1011E-07
 2  64  4  128  0.1005E-07
 2  64  4  128  0.9995E-08
 2  64  4  128  0.9774E-08
 2  64  4  128  0.9916E-08
 2  64  4  128  0.9918E-08
 2  64  4  128  0.9952E-08
 2  64  4  128  0.9750E-08
 2  64  5  128  0.6460E-08
 2  64  5  128  0.5856E-08
 2  64  5  128  0.5867E-08
 2  64  5  128  0.5831E-08
 2  64  5  128  0.5885E-08
 2  64  5  128  0.5853E-08
 2  64  5  128  0.5762E-08
 2  64  5  128  0.5744E-08
 2  64  5  128  0.5913E-08
 2  64  5  128  0.5891E-08
 2  64  6  128  0.4174E-08
 2  64  6  128  0.3832E-08
 2  64  6  128  0.3888E-08
 2  64  6  128  0.3873E-08
 2  64  6  128  0.3838E-08
 2  64  6  128  0.3810E-08
 2  64  6  128  0.3859E-08
 2  64  6  128  0.3887E-08
 2  64  6  128  0.3883E-08
 2  64  6  128  0.3881E-08
 2  64  7  128  0.3220E-08
 2  64  7  128  0.2896E-08
 2  64  7  128  0.2882E-08
 2  64  7  128  0.2909E-08
 2  64  7  128  0.2866E-08
 2  64  7  128  0.2871E-08
 2  64  7  128  0.2885E-08
 2  64  7  128  0.2871E-08
 2  64  7  128  0.2881E-08
 2  64  7  128  0.2909E-08
 2  64  8  128  0.3038E-08
 2  64  8  128  0.2882E-08
 2  64  8  128  0.2869E-08
 2  64  8  128  0.2908E-08
 2  64  8  128  0.2888E-08
 2  64  8  128  0.2884E-08
 2  64  8  128  0.2843E-08
 2  64  8  128  0.2872E-08
 2  64  8  128  0.2851E-08
 2  64  8  128  0.2853E-08
 2  64  9  128  0.3187E-08
 2  64  9  128  0.3036E-08
 2  64  9  128  0.3028E-08
 2  64  9  128  0.3018E-08
 2  64  9  128  0.3020E-08
 2  64  9  128  0.3010E-08
 2  64  9  128  0.3018E-08
 2  64  9  128  0.3021E-08
 2  64  9  128  0.3029E-08
 2  64  9  128  0.3043E-08
 2  64  10  128  0.2639E-08
 2  64  10  128  0.2547E-08
 2  64  10  128  0.2556E-08
 2  64  10  128  0.2554E-08
 2  64  10  128  0.2558E-08
 2  64  10  128  0.2558E-08
 2  64  10  128  0.2545E-08
 2  64  10  128  0.2538E-08
 2  64  10  128  0.2536E-08
 2  64  10  128  0.2534E-08
 2  64  11  128  0.2828E-08
 2  64  11  128  0.2748E-08
 2  64  11  128  0.2742E-08
 2  64  11  128  0.2747E-08
 2  64  11  128  0.2741E-08
 2  64  11  128  0.2742E-08
 2  64  11  128  0.2732E-08
 2  64  11  128  0.2736E-08
 2  64  11  128  0.2736E-08
 2  64  11  128  0.2737E-08
 2  64  12  128  0.2662E-08
 2  64  12  128  0.2606E-08
 2  64  12  128  0.2611E-08
 2  64  12  128  0.2612E-08
 2  64  12  128  0.2613E-08
 2  64  12  128  0.2621E-08
 2  64  12  128  0.2620E-08
 2  64  12  128  0.2612E-08
 2  64  12  128  0.2611E-08
 2  64  12  128  0.2619E-08
 2  64  13  128  0.2842E-08
 2  64  13  128  0.2777E-08
 2  64  13  128  0.2781E-08
 2  64  13  128  0.2779E-08
 2  64  13  128  0.2775E-08
 2  64  13  128  0.2781E-08
 2  64  13  128  0.2776E-08
 2  64  13  128  0.2781E-08
 2  64  13  128  0.2774E-08
 2  64  13  128  0.2777E-08
 2  64  14  128  0.2474E-08
 2  64  14  128  0.2411E-08
 2  64  14  128  0.2417E-08
 2  64  14  128  0.2413E-08
 2  64  14  128  0.2415E-08
 2  64  14  128  0.2420E-08
 2  64  14  128  0.2426E-08
 2  64  14  128  0.2428E-08
 2  64  14  128  0.2427E-08
 2  64  14  128  0.2428E-08
 2  64  15  128  0.2415E-08
 2  64  15  128  0.2376E-08
 2  64  15  128  0.2372E-08
 2  64  15  128  0.2359E-08
 2  64  15  128  0.2366E-08
 2  64  15  128  0.2371E-08
 2  64  15  128  0.2388E-08
 2  64  15  128  0.2390E-08
 2  64  15  128  0.2383E-08
 2  64  15  128  0.2371E-08
 2  64  16  128  0.2346E-08
 2  64  16  128  0.2319E-08
 2  64  16  128  0.2334E-08
 2  64  16  128  0.2332E-08
 2  64  16  128  0.2323E-08
 2  64  16  128  0.2325E-08
 2  64  16  128  0.2323E-08
 2  64  16  128  0.2326E-08
 2  64  16  128  0.2323E-08
 2  64  16  128  0.2320E-08
 2  64  17  128  0.2594E-08
 2  64  17  128  0.2569E-08
 2  64  17  128  0.2569E-08
 2  64  17  128  0.2564E-08
 2  64  17  128  0.2577E-08
 2  64  17  128  0.2573E-08
 2  64  17  128  0.2579E-08
 2  64  17  128  0.2585E-08
 2  64  17  128  0.2583E-08
 2  64  17  128  0.2572E-08
 2  64  18  128  0.2405E-08
 2  64  18  128  0.2374E-08
 2  64  18  128  0.2408E-08
 2  64  18  128  0.2389E-08
 2  64  18  128  0.2399E-08
 2  64  18  128  0.2400E-08
 2  64  18  128  0.2391E-08
 2  64  18  128  0.2398E-08
 2  64  18  128  0.2379E-08
 2  64  18  128  0.2382E-08
 2  64  19  128  0.2385E-08
 2  64  19  128  0.2359E-08
 2  64  19  128  0.2367E-08
 2  64  19  128  0.2354E-08
 2  64  19  128  0.2356E-08
 2  64  19  128  0.2367E-08
 2  64  19  128  0.2368E-08
 2  64  19  128  0.2358E-08
 2  64  19  128  0.2357E-08
 2  64  19  128  0.2355E-08
 2  64  20  128  0.2391E-08
 2  64  20  128  0.2349E-08
 2  64  20  128  0.2346E-08
 2  64  20  128  0.2344E-08
 2  64  20  128  0.2340E-08
 2  64  20  128  0.2350E-08
 2  64  20  128  0.2353E-08
 2  64  20  128  0.2346E-08
 2  64  20  128  0.2340E-08
 2  64  20  128  0.2340E-08
