 2  32  3  64  0.4311E-07
 2  32  3  64  0.3876E-07
 2  32  3  64  0.3817E-07
 2  32  3  64  0.4025E-07
 2  32  3  64  0.3996E-07
 2  32  3  64  0.3948E-07
 2  32  3  64  0.3948E-07
 2  32  3  64  0.3786E-07
 2  32  3  64  0.3881E-07
 2  32  3  64  0.3820E-07
 2  32  4  64  0.1670E-07
 2  32  4  64  0.1554E-07
 2  32  4  64  0.1558E-07
 2  32  4  64  0.1569E-07
 2  32  4  64  0.1552E-07
 2  32  4  64  0.1546E-07
 2  32  4  64  0.1550E-07
 2  32  4  64  0.1549E-07
 2  32  4  64  0.1554E-07
 2  32  4  64  0.1693E-07
 2  32  5  64  0.1305E-07
 2  32  5  64  0.1236E-07
 2  32  5  64  0.1238E-07
 2  32  5  64  0.1239E-07
 2  32  5  64  0.1236E-07
 2  32  5  64  0.1240E-07
 2  32  5  64  0.1233E-07
 2  32  5  64  0.1236E-07
 2  32  5  64  0.1247E-07
 2  32  5  64  0.1246E-07
 2  32  6  64  0.1090E-07
 2  32  6  64  0.1054E-07
 2  32  6  64  0.1049E-07
 2  32  6  64  0.1062E-07
 2  32  6  64  0.1035E-07
 2  32  6  64  0.1061E-07
 2  32  6  64  0.1043E-07
 2  32  6  64  0.1063E-07
 2  32  6  64  0.1031E-07
 2  32  6  64  0.1057E-07
 2  32  7  64  0.5060E-08
 2  32  7  64  0.4714E-08
 2  32  7  64  0.4601E-08
 2  32  7  64  0.4649E-08
 2  32  7  64  0.4596E-08
 2  32  7  64  0.4594E-08
 2  32  7  64  0.4872E-08
 2  32  7  64  0.4601E-08
 2  32  7  64  0.4623E-08
 2  32  7  64  0.4611E-08
 2  32  8  64  0.4212E-08
 2  32  8  64  0.3895E-08
 2  32  8  64  0.3912E-08
 2  32  8  64  0.3892E-08
 2  32  8  64  0.3927E-08
 2  32  8  64  0.3919E-08
 2  32  8  64  0.3880E-08
 2  32  8  64  0.3894E-08
 2  32  8  64  0.3850E-08
 2  32  8  64  0.3836E-08
 2  32  9  64  0.3691E-08
 2  32  9  64  0.3374E-08
 2  32  9  64  0.3384E-08
 2  32  9  64  0.3359E-08
 2  32  9  64  0.3362E-08
 2  32  9  64  0.3345E-08
 2  32  9  64  0.3387E-08
 2  32  9  64  0.3343E-08
 2  32  9  64  0.3369E-08
 2  32  9  64  0.3362E-08
 2  32  10  64  0.3526E-08
 2  32  10  64  0.3295E-08
 2  32  10  64  0.3294E-08
 2  32  10  64  0.3302E-08
 2  32  10  64  0.3293E-08
 2  32  10  64  0.3287E-08
 2  32  10  64  0.3297E-08
 2  32  10  64  0.3315E-08
 2  32  10  64  0.3505E-08
 2  32  10  64  0.3443E-08
 2  32  11  64  0.3836E-08
 2  32  11  64  0.3667E-08
 2  32  11  64  0.3673E-08
 2  32  11  64  0.3646E-08
 2  32  11  64  0.3643E-08
 2  32  11  64  0.3673E-08
 2  32  11  64  0.3633E-08
 2  32  11  64  0.3616E-08
 2  32  11  64  0.3624E-08
 2  32  11  64  0.3605E-08
 2  32  12  64  0.3735E-08
 2  32  12  64  0.3552E-08
 2  32  12  64  0.3549E-08
 2  32  12  64  0.3532E-08
 2  32  12  64  0.3550E-08
 2  32  12  64  0.3537E-08
 2  32  12  64  0.3573E-08
 2  32  12  64  0.3586E-08
 2  32  12  64  0.3549E-08
 2  32  12  64  0.3566E-08
 2  32  13  64  0.3943E-08
 2  32  13  64  0.3760E-08
 2  32  13  64  0.3747E-08
 2  32  13  64  0.3752E-08
 2  32  13  64  0.3750E-08
 2  32  13  64  0.3747E-08
 2  32  13  64  0.3759E-08
 2  32  13  64  0.3769E-08
 2  32  13  64  0.3751E-08
 2  32  13  64  0.3758E-08
 2  32  14  64  0.3804E-08
 2  32  14  64  0.3647E-08
 2  32  14  64  0.3638E-08
 2  32  14  64  0.3639E-08
 2  32  14  64  0.3643E-08
 2  32  14  64  0.3612E-08
 2  32  14  64  0.3615E-08
 2  32  14  64  0.3625E-08
 2  32  14  64  0.3604E-08
 2  32  14  64  0.3620E-08
 2  32  15  64  0.3884E-08
 2  32  15  64  0.3716E-08
 2  32  15  64  0.3709E-08
 2  32  15  64  0.3708E-08
 2  32  15  64  0.3732E-08
 2  32  15  64  0.3710E-08
 2  32  15  64  0.3706E-08
 2  32  15  64  0.3711E-08
 2  32  15  64  0.3722E-08
 2  32  15  64  0.3707E-08
 2  32  16  64  0.4183E-08
 2  32  16  64  0.4014E-08
 2  32  16  64  0.4029E-08
 2  32  16  64  0.4039E-08
 2  32  16  64  0.4032E-08
 2  32  16  64  0.4021E-08
 2  32  16  64  0.4035E-08
 2  32  16  64  0.4028E-08
 2  32  16  64  0.4030E-08
 2  32  16  64  0.4028E-08
 2  32  17  64  0.4198E-08
 2  32  17  64  0.4037E-08
 2  32  17  64  0.4029E-08
 2  32  17  64  0.4027E-08
 2  32  17  64  0.4035E-08
 2  32  17  64  0.4021E-08
 2  32  17  64  0.4025E-08
 2  32  17  64  0.4033E-08
 2  32  17  64  0.4029E-08
 2  32  17  64  0.4035E-08
 2  32  18  64  0.3876E-08
 2  32  18  64  0.3730E-08
 2  32  18  64  0.3738E-08
 2  32  18  64  0.3763E-08
 2  32  18  64  0.3743E-08
 2  32  18  64  0.3761E-08
 2  32  18  64  0.3774E-08
 2  32  18  64  0.3763E-08
 2  32  18  64  0.3750E-08
 2  32  18  64  0.3746E-08
 2  32  19  64  0.3901E-08
 2  32  19  64  0.3803E-08
 2  32  19  64  0.3809E-08
 2  32  19  64  0.3804E-08
 2  32  19  64  0.3813E-08
 2  32  19  64  0.3808E-08
 2  32  19  64  0.3809E-08
 2  32  19  64  0.3809E-08
 2  32  19  64  0.3808E-08
 2  32  19  64  0.3804E-08
 2  32  20  64  0.3782E-08
 2  32  20  64  0.3673E-08
 2  32  20  64  0.3670E-08
 2  32  20  64  0.3681E-08
 2  32  20  64  0.3668E-08
 2  32  20  64  0.3671E-08
 2  32  20  64  0.3674E-08
 2  32  20  64  0.3670E-08
 2  32  20  64  0.3670E-08
 2  32  20  64  0.3670E-08
