 2  64  3  128  0.2002E-07
 2  64  3  128  0.1694E-07
 2  64  3  128  0.1742E-07
 2  64  3  128  0.1737E-07
 2  64  3  128  0.1676E-07
 2  64  3  128  0.1717E-07
 2  64  3  128  0.1702E-07
 2  64  3  128  0.1703E-07
 2  64  3  128  0.1727E-07
 2  64  3  128  0.1710E-07
 2  64  4  128  0.9160E-08
 2  64  4  128  0.8095E-08
 2  64  4  128  0.8347E-08
 2  64  4  128  0.8325E-08
 2  64  4  128  0.8070E-08
 2  64  4  128  0.8361E-08
 2  64  4  128  0.7979E-08
 2  64  4  128  0.8333E-08
 2  64  4  128  0.8239E-08
 2  64  4  128  0.8024E-08
 2  64  5  128  0.5692E-08
 2  64  5  128  0.5011E-08
 2  64  5  128  0.4864E-08
 2  64  5  128  0.5005E-08
 2  64  5  128  0.4869E-08
 2  64  5  128  0.5326E-08
 2  64  5  128  0.4997E-08
 2  64  5  128  0.4998E-08
 2  64  5  128  0.5002E-08
 2  64  5  128  0.4949E-08
 2  64  6  128  0.3721E-08
 2  64  6  128  0.3292E-08
 2  64  6  128  0.3297E-08
 2  64  6  128  0.3349E-08
 2  64  6  128  0.3321E-08
 2  64  6  128  0.3367E-08
 2  64  6  128  0.3305E-08
 2  64  6  128  0.3335E-08
 2  64  6  128  0.3328E-08
 2  64  6  128  0.3244E-08
 2  64  7  128  0.3220E-08
 2  64  7  128  0.2798E-08
 2  64  7  128  0.2842E-08
 2  64  7  128  0.2820E-08
 2  64  7  128  0.2860E-08
 2  64  7  128  0.2878E-08
 2  64  7  128  0.2897E-08
 2  64  7  128  0.2825E-08
 2  64  7  128  0.2859E-08
 2  64  7  128  0.2891E-08
 2  64  8  128  0.2972E-08
 2  64  8  128  0.2796E-08
 2  64  8  128  0.2762E-08
 2  64  8  128  0.2783E-08
 2  64  8  128  0.2792E-08
 2  64  8  128  0.2780E-08
 2  64  8  128  0.2806E-08
 2  64  8  128  0.2815E-08
 2  64  8  128  0.2821E-08
 2  64  8  128  0.2838E-08
 2  64  9  128  0.3145E-08
 2  64  9  128  0.2881E-08
 2  64  9  128  0.2889E-08
 2  64  9  128  0.2886E-08
 2  64  9  128  0.2887E-08
 2  64  9  128  0.2900E-08
 2  64  9  128  0.2884E-08
 2  64  9  128  0.2898E-08
 2  64  9  128  0.2885E-08
 2  64  9  128  0.2917E-08
 2  64  10  128  0.3228E-08
 2  64  10  128  0.2992E-08
 2  64  10  128  0.2996E-08
 2  64  10  128  0.3009E-08
 2  64  10  128  0.3003E-08
 2  64  10  128  0.2986E-08
 2  64  10  128  0.3002E-08
 2  64  10  128  0.3004E-08
 2  64  10  128  0.3005E-08
 2  64  10  128  0.2993E-08
 2  64  11  128  0.3129E-08
 2  64  11  128  0.2924E-08
 2  64  11  128  0.2909E-08
 2  64  11  128  0.2921E-08
 2  64  11  128  0.2914E-08
 2  64  11  128  0.2912E-08
 2  64  11  128  0.2903E-08
 2  64  11  128  0.2911E-08
 2  64  11  128  0.2917E-08
 2  64  11  128  0.2909E-08
 2  64  12  128  0.2907E-08
 2  64  12  128  0.2688E-08
 2  64  12  128  0.2687E-08
 2  64  12  128  0.2695E-08
 2  64  12  128  0.2684E-08
 2  64  12  128  0.2698E-08
 2  64  12  128  0.2697E-08
 2  64  12  128  0.2730E-08
 2  64  12  128  0.2703E-08
 2  64  12  128  0.2703E-08
 2  64  13  128  0.2793E-08
 2  64  13  128  0.2534E-08
 2  64  13  128  0.2531E-08
 2  64  13  128  0.2530E-08
 2  64  13  128  0.2533E-08
 2  64  13  128  0.2528E-08
 2  64  13  128  0.2527E-08
 2  64  13  128  0.2526E-08
 2  64  13  128  0.2530E-08
 2  64  13  128  0.2529E-08
 2  64  14  128  0.2627E-08
 2  64  14  128  0.2367E-08
 2  64  14  128  0.2368E-08
 2  64  14  128  0.2365E-08
 2  64  14  128  0.2360E-08
 2  64  14  128  0.2382E-08
 2  64  14  128  0.2361E-08
 2  64  14  128  0.2368E-08
 2  64  14  128  0.2372E-08
 2  64  14  128  0.2362E-08
 2  64  15  128  0.2645E-08
 2  64  15  128  0.2375E-08
 2  64  15  128  0.2371E-08
 2  64  15  128  0.2381E-08
 2  64  15  128  0.2374E-08
 2  64  15  128  0.2385E-08
 2  64  15  128  0.2377E-08
 2  64  15  128  0.2374E-08
 2  64  15  128  0.2378E-08
 2  64  15  128  0.2382E-08
 2  64  16  128  0.2733E-08
 2  64  16  128  0.2560E-08
 2  64  16  128  0.2551E-08
 2  64  16  128  0.2551E-08
 2  64  16  128  0.2565E-08
 2  64  16  128  0.2574E-08
 2  64  16  128  0.2576E-08
 2  64  16  128  0.2544E-08
 2  64  16  128  0.2542E-08
 2  64  16  128  0.2559E-08
 2  64  17  128  0.2925E-08
 2  64  17  128  0.2628E-08
 2  64  17  128  0.2566E-08
 2  64  17  128  0.2562E-08
 2  64  17  128  0.2561E-08
 2  64  17  128  0.2565E-08
 2  64  17  128  0.2559E-08
 2  64  17  128  0.2563E-08
 2  64  17  128  0.2563E-08
 2  64  17  128  0.2561E-08
 2  64  18  128  0.2553E-08
 2  64  18  128  0.2397E-08
 2  64  18  128  0.2412E-08
 2  64  18  128  0.2399E-08
 2  64  18  128  0.2401E-08
 2  64  18  128  0.2397E-08
 2  64  18  128  0.2404E-08
 2  64  18  128  0.2393E-08
 2  64  18  128  0.2393E-08
 2  64  18  128  0.2395E-08
 2  64  19  128  0.2509E-08
 2  64  19  128  0.2399E-08
 2  64  19  128  0.2403E-08
 2  64  19  128  0.2403E-08
 2  64  19  128  0.2392E-08
 2  64  19  128  0.2396E-08
 2  64  19  128  0.2398E-08
 2  64  19  128  0.2397E-08
 2  64  19  128  0.2413E-08
 2  64  19  128  0.2581E-08
 2  64  20  128  0.2502E-08
 2  64  20  128  0.2382E-08
 2  64  20  128  0.2387E-08
 2  64  20  128  0.2379E-08
 2  64  20  128  0.2385E-08
 2  64  20  128  0.2375E-08
 2  64  20  128  0.2386E-08
 2  64  20  128  0.2378E-08
 2  64  20  128  0.2374E-08
 2  64  20  128  0.2377E-08
