 2  8  3  16  0.7640E-07
 2  8  3  16  0.5827E-07
 2  8  3  16  0.7633E-07
 2  8  3  16  0.5576E-07
 2  8  3  16  0.6186E-07
 2  8  3  16  0.5387E-07
 2  8  3  16  0.6269E-07
 2  8  3  16  0.6427E-07
 2  8  3  16  0.5453E-07
 2  8  3  16  0.5771E-07
 2  8  4  16  0.5975E-07
 2  8  4  16  0.5684E-07
 2  8  4  16  0.5912E-07
 2  8  4  16  0.6003E-07
 2  8  4  16  0.5916E-07
 2  8  4  16  0.5739E-07
 2  8  4  16  0.5666E-07
 2  8  4  16  0.5893E-07
 2  8  4  16  0.5794E-07
 2  8  4  16  0.5929E-07
 2  8  5  16  0.3752E-07
 2  8  5  16  0.3710E-07
 2  8  5  16  0.3680E-07
 2  8  5  16  0.3702E-07
 2  8  5  16  0.3670E-07
 2  8  5  16  0.3635E-07
 2  8  5  16  0.3692E-07
 2  8  5  16  0.3664E-07
 2  8  5  16  0.3677E-07
 2  8  5  16  0.3722E-07
 2  8  6  16  0.2499E-07
 2  8  6  16  0.2451E-07
 2  8  6  16  0.2461E-07
 2  8  6  16  0.2494E-07
 2  8  6  16  0.2465E-07
 2  8  6  16  0.2461E-07
 2  8  6  16  0.2465E-07
 2  8  6  16  0.2465E-07
 2  8  6  16  0.2466E-07
 2  8  6  16  0.2460E-07
 2  8  7  16  0.1797E-07
 2  8  7  16  0.1763E-07
 2  8  7  16  0.1716E-07
 2  8  7  16  0.1729E-07
 2  8  7  16  0.1729E-07
 2  8  7  16  0.1751E-07
 2  8  7  16  0.1712E-07
 2  8  7  16  0.1723E-07
 2  8  7  16  0.1695E-07
 2  8  7  16  0.1731E-07
 2  8  8  16  0.1207E-07
 2  8  8  16  0.1121E-07
 2  8  8  16  0.1121E-07
 2  8  8  16  0.1132E-07
 2  8  8  16  0.1124E-07
 2  8  8  16  0.1133E-07
 2  8  8  16  0.1137E-07
 2  8  8  16  0.1124E-07
 2  8  8  16  0.1125E-07
 2  8  8  16  0.1124E-07
 2  8  9  16  0.1178E-07
 2  8  9  16  0.1110E-07
 2  8  9  16  0.1085E-07
 2  8  9  16  0.1087E-07
 2  8  9  16  0.1079E-07
 2  8  9  16  0.1084E-07
 2  8  9  16  0.1087E-07
 2  8  9  16  0.1093E-07
 2  8  9  16  0.1092E-07
 2  8  9  16  0.1087E-07
 2  8  10  16  0.1328E-07
 2  8  10  16  0.1253E-07
 2  8  10  16  0.1239E-07
 2  8  10  16  0.1243E-07
 2  8  10  16  0.1242E-07
 2  8  10  16  0.1239E-07
 2  8  10  16  0.1238E-07
 2  8  10  16  0.1236E-07
 2  8  10  16  0.1241E-07
 2  8  10  16  0.1236E-07
 2  8  11  16  0.1296E-07
 2  8  11  16  0.1237E-07
 2  8  11  16  0.1228E-07
 2  8  11  16  0.1229E-07
 2  8  11  16  0.1229E-07
 2  8  11  16  0.1223E-07
 2  8  11  16  0.1229E-07
 2  8  11  16  0.1225E-07
 2  8  11  16  0.1231E-07
 2  8  11  16  0.1231E-07
 2  8  12  16  0.9977E-08
 2  8  12  16  0.9601E-08
 2  8  12  16  0.9459E-08
 2  8  12  16  0.9485E-08
 2  8  12  16  0.9462E-08
 2  8  12  16  0.9461E-08
 2  8  12  16  0.9487E-08
 2  8  12  16  0.9486E-08
 2  8  12  16  0.9498E-08
 2  8  12  16  0.9482E-08
 2  8  13  16  0.1046E-07
 2  8  13  16  0.1011E-07
 2  8  13  16  0.1022E-07
 2  8  13  16  0.1014E-07
 2  8  13  16  0.1011E-07
 2  8  13  16  0.1019E-07
 2  8  13  16  0.1014E-07
 2  8  13  16  0.1008E-07
 2  8  13  16  0.1016E-07
 2  8  13  16  0.1013E-07
 2  8  14  16  0.9725E-08
 2  8  14  16  0.9388E-08
 2  8  14  16  0.9396E-08
 2  8  14  16  0.9384E-08
 2  8  14  16  0.9368E-08
 2  8  14  16  0.9430E-08
 2  8  14  16  0.9494E-08
 2  8  14  16  0.9396E-08
 2  8  14  16  0.9483E-08
 2  8  14  16  0.9376E-08
 2  8  15  16  0.9974E-08
 2  8  15  16  0.9720E-08
 2  8  15  16  0.9703E-08
 2  8  15  16  0.9707E-08
 2  8  15  16  0.9687E-08
 2  8  15  16  0.9697E-08
 2  8  15  16  0.9756E-08
 2  8  15  16  0.9695E-08
 2  8  15  16  0.9683E-08
 2  8  15  16  0.9750E-08
 2  8  16  16  0.8808E-08
 2  8  16  16  0.8532E-08
 2  8  16  16  0.8563E-08
 2  8  16  16  0.8531E-08
 2  8  16  16  0.8535E-08
 2  8  16  16  0.8534E-08
 2  8  16  16  0.8534E-08
 2  8  16  16  0.8535E-08
 2  8  16  16  0.8547E-08
 2  8  16  16  0.8603E-08
 2  8  17  16  0.1134E-07
 2  8  17  16  0.1115E-07
 2  8  17  16  0.1124E-07
 2  8  17  16  0.1120E-07
 2  8  17  16  0.1124E-07
 2  8  17  16  0.1121E-07
 2  8  17  16  0.1125E-07
 2  8  17  16  0.1123E-07
 2  8  17  16  0.1123E-07
 2  8  17  16  0.1124E-07
 2  8  18  16  0.1053E-07
 2  8  18  16  0.1040E-07
 2  8  18  16  0.1039E-07
 2  8  18  16  0.1040E-07
 2  8  18  16  0.1051E-07
 2  8  18  16  0.1045E-07
 2  8  18  16  0.1042E-07
 2  8  18  16  0.1046E-07
 2  8  18  16  0.1045E-07
 2  8  18  16  0.1046E-07
 2  8  19  16  0.1129E-07
 2  8  19  16  0.1118E-07
 2  8  19  16  0.1117E-07
 2  8  19  16  0.1119E-07
 2  8  19  16  0.1118E-07
 2  8  19  16  0.1124E-07
 2  8  19  16  0.1122E-07
 2  8  19  16  0.1122E-07
 2  8  19  16  0.1124E-07
 2  8  19  16  0.1122E-07
 2  8  20  16  0.1054E-07
 2  8  20  16  0.1054E-07
 2  8  20  16  0.1054E-07
 2  8  20  16  0.1051E-07
 2  8  20  16  0.1048E-07
 2  8  20  16  0.1045E-07
 2  8  20  16  0.1048E-07
 2  8  20  16  0.1052E-07
 2  8  20  16  0.1046E-07
 2  8  20  16  0.1050E-07
