 2  4  3  8  0.1891E-06
 2  4  3  8  0.2018E-06
 2  4  3  8  0.1897E-06
 2  4  3  8  0.1810E-06
 2  4  3  8  0.2058E-06
 2  4  3  8  0.2191E-06
 2  4  3  8  0.2124E-06
 2  4  3  8  0.1655E-06
 2  4  3  8  0.1723E-06
 2  4  3  8  0.1935E-06
 2  4  4  8  0.1041E-06
 2  4  4  8  0.1096E-06
 2  4  4  8  0.1032E-06
 2  4  4  8  0.9800E-07
 2  4  4  8  0.9818E-07
 2  4  4  8  0.1140E-06
 2  4  4  8  0.1044E-06
 2  4  4  8  0.1005E-06
 2  4  4  8  0.9372E-07
 2  4  4  8  0.9815E-07
 2  4  5  8  0.7748E-07
 2  4  5  8  0.7251E-07
 2  4  5  8  0.7716E-07
 2  4  5  8  0.7334E-07
 2  4  5  8  0.7357E-07
 2  4  5  8  0.7067E-07
 2  4  5  8  0.7613E-07
 2  4  5  8  0.7315E-07
 2  4  5  8  0.7464E-07
 2  4  5  8  0.7585E-07
 2  4  6  8  0.4427E-07
 2  4  6  8  0.4490E-07
 2  4  6  8  0.4286E-07
 2  4  6  8  0.4493E-07
 2  4  6  8  0.4576E-07
 2  4  6  8  0.4349E-07
 2  4  6  8  0.4366E-07
 2  4  6  8  0.4091E-07
 2  4  6  8  0.3884E-07
 2  4  6  8  0.3884E-07
 2  4  7  8  0.3369E-07
 2  4  7  8  0.3283E-07
 2  4  7  8  0.3192E-07
 2  4  7  8  0.3336E-07
 2  4  7  8  0.3213E-07
 2  4  7  8  0.3254E-07
 2  4  7  8  0.3364E-07
 2  4  7  8  0.3164E-07
 2  4  7  8  0.3205E-07
 2  4  7  8  0.3218E-07
 2  4  8  8  0.2852E-07
 2  4  8  8  0.2581E-07
 2  4  8  8  0.2559E-07
 2  4  8  8  0.2598E-07
 2  4  8  8  0.2481E-07
 2  4  8  8  0.2596E-07
 2  4  8  8  0.2664E-07
 2  4  8  8  0.2538E-07
 2  4  8  8  0.2574E-07
 2  4  8  8  0.2709E-07
 2  4  9  8  0.2662E-07
 2  4  9  8  0.2320E-07
 2  4  9  8  0.2338E-07
 2  4  9  8  0.2624E-07
 2  4  9  8  0.2645E-07
 2  4  9  8  0.2452E-07
 2  4  9  8  0.2384E-07
 2  4  9  8  0.2378E-07
 2  4  9  8  0.2445E-07
 2  4  9  8  0.2385E-07
 2  4  10  8  0.2525E-07
 2  4  10  8  0.2460E-07
 2  4  10  8  0.2461E-07
 2  4  10  8  0.2448E-07
 2  4  10  8  0.2420E-07
 2  4  10  8  0.2433E-07
 2  4  10  8  0.2510E-07
 2  4  10  8  0.2446E-07
 2  4  10  8  0.2480E-07
 2  4  10  8  0.2400E-07
 2  4  11  8  0.2647E-07
 2  4  11  8  0.2572E-07
 2  4  11  8  0.2583E-07
 2  4  11  8  0.2570E-07
 2  4  11  8  0.2551E-07
 2  4  11  8  0.2547E-07
 2  4  11  8  0.2543E-07
 2  4  11  8  0.2551E-07
 2  4  11  8  0.2542E-07
 2  4  11  8  0.2561E-07
 2  4  12  8  0.2501E-07
 2  4  12  8  0.2418E-07
 2  4  12  8  0.2408E-07
 2  4  12  8  0.2429E-07
 2  4  12  8  0.2425E-07
 2  4  12  8  0.2428E-07
 2  4  12  8  0.2448E-07
 2  4  12  8  0.2431E-07
 2  4  12  8  0.2467E-07
 2  4  12  8  0.2429E-07
 2  4  13  8  0.2620E-07
 2  4  13  8  0.2569E-07
 2  4  13  8  0.2544E-07
 2  4  13  8  0.2546E-07
 2  4  13  8  0.2548E-07
 2  4  13  8  0.2541E-07
 2  4  13  8  0.2543E-07
 2  4  13  8  0.2544E-07
 2  4  13  8  0.2549E-07
 2  4  13  8  0.2560E-07
 2  4  14  8  0.2523E-07
 2  4  14  8  0.2443E-07
 2  4  14  8  0.2444E-07
 2  4  14  8  0.2439E-07
 2  4  14  8  0.2441E-07
 2  4  14  8  0.2445E-07
 2  4  14  8  0.2438E-07
 2  4  14  8  0.2443E-07
 2  4  14  8  0.2450E-07
 2  4  14  8  0.2437E-07
 2  4  15  8  0.2641E-07
 2  4  15  8  0.2570E-07
 2  4  15  8  0.2561E-07
 2  4  15  8  0.2565E-07
 2  4  15  8  0.2565E-07
 2  4  15  8  0.2571E-07
 2  4  15  8  0.2567E-07
 2  4  15  8  0.2574E-07
 2  4  15  8  0.2567E-07
 2  4  15  8  0.2573E-07
 2  4  16  8  0.2481E-07
 2  4  16  8  0.2426E-07
 2  4  16  8  0.2441E-07
 2  4  16  8  0.2437E-07
 2  4  16  8  0.2437E-07
 2  4  16  8  0.2428E-07
 2  4  16  8  0.2440E-07
 2  4  16  8  0.2434E-07
 2  4  16  8  0.2434E-07
 2  4  16  8  0.2430E-07
 2  4  17  8  0.2846E-07
 2  4  17  8  0.2797E-07
 2  4  17  8  0.2793E-07
 2  4  17  8  0.2804E-07
 2  4  17  8  0.2803E-07
 2  4  17  8  0.2797E-07
 2  4  17  8  0.2799E-07
 2  4  17  8  0.2797E-07
 2  4  17  8  0.2812E-07
 2  4  17  8  0.2817E-07
 2  4  18  8  0.2668E-07
 2  4  18  8  0.2635E-07
 2  4  18  8  0.2628E-07
 2  4  18  8  0.2625E-07
 2  4  18  8  0.2623E-07
 2  4  18  8  0.2630E-07
 2  4  18  8  0.2633E-07
 2  4  18  8  0.2636E-07
 2  4  18  8  0.2649E-07
 2  4  18  8  0.2650E-07
 2  4  19  8  0.2733E-07
 2  4  19  8  0.2708E-07
 2  4  19  8  0.2704E-07
 2  4  19  8  0.2696E-07
 2  4  19  8  0.2701E-07
 2  4  19  8  0.2699E-07
 2  4  19  8  0.2696E-07
 2  4  19  8  0.2697E-07
 2  4  19  8  0.2695E-07
 2  4  19  8  0.2717E-07
 2  4  20  8  0.2623E-07
 2  4  20  8  0.2591E-07
 2  4  20  8  0.2593E-07
 2  4  20  8  0.2590E-07
 2  4  20  8  0.2591E-07
 2  4  20  8  0.2588E-07
 2  4  20  8  0.2586E-07
 2  4  20  8  0.2585E-07
 2  4  20  8  0.2595E-07
 2  4  20  8  0.2603E-07
