 4  4  3  16  0.9470E-07
 4  4  3  16  0.8415E-07
 4  4  3  16  0.8461E-07
 4  4  3  16  0.8481E-07
 4  4  3  16  0.8287E-07
 4  4  3  16  0.7250E-07
 4  4  3  16  0.8677E-07
 4  4  3  16  0.9198E-07
 4  4  3  16  0.7988E-07
 4  4  3  16  0.9562E-07
 4  4  4  16  0.4894E-07
 4  4  4  16  0.4762E-07
 4  4  4  16  0.4822E-07
 4  4  4  16  0.4770E-07
 4  4  4  16  0.4954E-07
 4  4  4  16  0.4496E-07
 4  4  4  16  0.4615E-07
 4  4  4  16  0.4791E-07
 4  4  4  16  0.4737E-07
 4  4  4  16  0.5101E-07
 4  4  5  16  0.3194E-07
 4  4  5  16  0.3084E-07
 4  4  5  16  0.3092E-07
 4  4  5  16  0.3097E-07
 4  4  5  16  0.3037E-07
 4  4  5  16  0.3059E-07
 4  4  5  16  0.3032E-07
 4  4  5  16  0.3049E-07
 4  4  5  16  0.3013E-07
 4  4  5  16  0.3072E-07
 4  4  6  16  0.2326E-07
 4  4  6  16  0.2362E-07
 4  4  6  16  0.2302E-07
 4  4  6  16  0.2262E-07
 4  4  6  16  0.2323E-07
 4  4  6  16  0.2274E-07
 4  4  6  16  0.2294E-07
 4  4  6  16  0.2219E-07
 4  4  6  16  0.2286E-07
 4  4  6  16  0.2360E-07
 4  4  7  16  0.2256E-07
 4  4  7  16  0.2056E-07
 4  4  7  16  0.2074E-07
 4  4  7  16  0.2010E-07
 4  4  7  16  0.1971E-07
 4  4  7  16  0.1983E-07
 4  4  7  16  0.2018E-07
 4  4  7  16  0.1979E-07
 4  4  7  16  0.1975E-07
 4  4  7  16  0.1981E-07
 4  4  8  16  0.1836E-07
 4  4  8  16  0.1848E-07
 4  4  8  16  0.1771E-07
 4  4  8  16  0.1880E-07
 4  4  8  16  0.1795E-07
 4  4  8  16  0.1825E-07
 4  4  8  16  0.1827E-07
 4  4  8  16  0.1801E-07
 4  4  8  16  0.1826E-07
 4  4  8  16  0.1792E-07
 4  4  9  16  0.2036E-07
 4  4  9  16  0.1999E-07
 4  4  9  16  0.2019E-07
 4  4  9  16  0.1997E-07
 4  4  9  16  0.1980E-07
 4  4  9  16  0.2016E-07
 4  4  9  16  0.1992E-07
 4  4  9  16  0.1993E-07
 4  4  9  16  0.1997E-07
 4  4  9  16  0.1994E-07
 4  4  10  16  0.2201E-07
 4  4  10  16  0.2190E-07
 4  4  10  16  0.2181E-07
 4  4  10  16  0.2204E-07
 4  4  10  16  0.2220E-07
 4  4  10  16  0.2192E-07
 4  4  10  16  0.2192E-07
 4  4  10  16  0.2191E-07
 4  4  10  16  0.2198E-07
 4  4  10  16  0.2194E-07
 4  4  11  16  0.2304E-07
 4  4  11  16  0.2301E-07
 4  4  11  16  0.2304E-07
 4  4  11  16  0.2304E-07
 4  4  11  16  0.2301E-07
 4  4  11  16  0.2306E-07
 4  4  11  16  0.2291E-07
 4  4  11  16  0.2294E-07
 4  4  11  16  0.2300E-07
 4  4  11  16  0.2298E-07
 4  4  12  16  0.2090E-07
 4  4  12  16  0.2084E-07
 4  4  12  16  0.2084E-07
 4  4  12  16  0.2084E-07
 4  4  12  16  0.2082E-07
 4  4  12  16  0.2085E-07
 4  4  12  16  0.2085E-07
 4  4  12  16  0.2082E-07
 4  4  12  16  0.2081E-07
 4  4  12  16  0.2087E-07
 4  4  13  16  0.2341E-07
 4  4  13  16  0.2328E-07
 4  4  13  16  0.2335E-07
 4  4  13  16  0.2343E-07
 4  4  13  16  0.2345E-07
 4  4  13  16  0.2338E-07
 4  4  13  16  0.2345E-07
 4  4  13  16  0.2344E-07
 4  4  13  16  0.2342E-07
 4  4  13  16  0.2345E-07
 4  4  14  16  0.2199E-07
 4  4  14  16  0.2193E-07
 4  4  14  16  0.2192E-07
 4  4  14  16  0.2196E-07
 4  4  14  16  0.2189E-07
 4  4  14  16  0.2193E-07
 4  4  14  16  0.2191E-07
 4  4  14  16  0.2187E-07
 4  4  14  16  0.2190E-07
 4  4  14  16  0.2194E-07
 4  4  15  16  0.2234E-07
 4  4  15  16  0.2225E-07
 4  4  15  16  0.2227E-07
 4  4  15  16  0.2226E-07
 4  4  15  16  0.2225E-07
 4  4  15  16  0.2234E-07
 4  4  15  16  0.2237E-07
 4  4  15  16  0.2233E-07
 4  4  15  16  0.2233E-07
 4  4  15  16  0.2229E-07
 4  4  16  16  0.2002E-07
 4  4  16  16  0.1997E-07
 4  4  16  16  0.2003E-07
 4  4  16  16  0.1998E-07
 4  4  16  16  0.1999E-07
 4  4  16  16  0.1999E-07
 4  4  16  16  0.1996E-07
 4  4  16  16  0.1995E-07
 4  4  16  16  0.1995E-07
 4  4  16  16  0.1998E-07
 4  4  17  16  0.2477E-07
 4  4  17  16  0.2484E-07
 4  4  17  16  0.2475E-07
 4  4  17  16  0.2476E-07
 4  4  17  16  0.2484E-07
 4  4  17  16  0.2493E-07
 4  4  17  16  0.2502E-07
 4  4  17  16  0.2501E-07
 4  4  17  16  0.2503E-07
 4  4  17  16  0.2503E-07
 4  4  18  16  0.2283E-07
 4  4  18  16  0.2279E-07
 4  4  18  16  0.2279E-07
 4  4  18  16  0.2282E-07
 4  4  18  16  0.2281E-07
 4  4  18  16  0.2280E-07
 4  4  18  16  0.2279E-07
 4  4  18  16  0.2281E-07
 4  4  18  16  0.2290E-07
 4  4  18  16  0.2300E-07
 4  4  19  16  0.2420E-07
 4  4  19  16  0.2415E-07
 4  4  19  16  0.2415E-07
 4  4  19  16  0.2414E-07
 4  4  19  16  0.2416E-07
 4  4  19  16  0.2417E-07
 4  4  19  16  0.2419E-07
 4  4  19  16  0.2419E-07
 4  4  19  16  0.2422E-07
 4  4  19  16  0.2420E-07
 4  4  20  16  0.2270E-07
 4  4  20  16  0.2269E-07
 4  4  20  16  0.2269E-07
 4  4  20  16  0.2268E-07
 4  4  20  16  0.2278E-07
 4  4  20  16  0.2278E-07
 4  4  20  16  0.2275E-07
 4  4  20  16  0.2275E-07
 4  4  20  16  0.2274E-07
 4  4  20  16  0.2275E-07
