 4  16  3  64  0.4335E-07
 4  16  3  64  0.4451E-07
 4  16  3  64  0.4230E-07
 4  16  3  64  0.4231E-07
 4  16  3  64  0.4243E-07
 4  16  3  64  0.4209E-07
 4  16  3  64  0.4200E-07
 4  16  3  64  0.4378E-07
 4  16  3  64  0.4210E-07
 4  16  3  64  0.4205E-07
 4  16  4  64  0.2133E-07
 4  16  4  64  0.2105E-07
 4  16  4  64  0.2101E-07
 4  16  4  64  0.2103E-07
 4  16  4  64  0.2103E-07
 4  16  4  64  0.2107E-07
 4  16  4  64  0.2099E-07
 4  16  4  64  0.2097E-07
 4  16  4  64  0.2106E-07
 4  16  4  64  0.2091E-07
 4  16  5  64  0.1671E-07
 4  16  5  64  0.1625E-07
 4  16  5  64  0.1643E-07
 4  16  5  64  0.1654E-07
 4  16  5  64  0.1645E-07
 4  16  5  64  0.1623E-07
 4  16  5  64  0.1618E-07
 4  16  5  64  0.1634E-07
 4  16  5  64  0.1612E-07
 4  16  5  64  0.1626E-07
 4  16  6  64  0.9469E-08
 4  16  6  64  0.9414E-08
 4  16  6  64  0.9358E-08
 4  16  6  64  0.9260E-08
 4  16  6  64  0.9471E-08
 4  16  6  64  0.9420E-08
 4  16  6  64  0.9272E-08
 4  16  6  64  0.9267E-08
 4  16  6  64  0.9250E-08
 4  16  6  64  0.9237E-08
 4  16  7  64  0.7372E-08
 4  16  7  64  0.7259E-08
 4  16  7  64  0.7247E-08
 4  16  7  64  0.7238E-08
 4  16  7  64  0.7206E-08
 4  16  7  64  0.7234E-08
 4  16  7  64  0.7308E-08
 4  16  7  64  0.7229E-08
 4  16  7  64  0.7229E-08
 4  16  7  64  0.7238E-08
 4  16  8  64  0.6631E-08
 4  16  8  64  0.6401E-08
 4  16  8  64  0.6417E-08
 4  16  8  64  0.6425E-08
 4  16  8  64  0.6400E-08
 4  16  8  64  0.6411E-08
 4  16  8  64  0.6393E-08
 4  16  8  64  0.6442E-08
 4  16  8  64  0.6533E-08
 4  16  8  64  0.6535E-08
 4  16  9  64  0.6235E-08
 4  16  9  64  0.6175E-08
 4  16  9  64  0.6092E-08
 4  16  9  64  0.6087E-08
 4  16  9  64  0.6110E-08
 4  16  9  64  0.6108E-08
 4  16  9  64  0.6051E-08
 4  16  9  64  0.6068E-08
 4  16  9  64  0.6090E-08
 4  16  9  64  0.6071E-08
 4  16  10  64  0.7156E-08
 4  16  10  64  0.7068E-08
 4  16  10  64  0.7070E-08
 4  16  10  64  0.7084E-08
 4  16  10  64  0.7052E-08
 4  16  10  64  0.7074E-08
 4  16  10  64  0.7039E-08
 4  16  10  64  0.7082E-08
 4  16  10  64  0.7101E-08
 4  16  10  64  0.7074E-08
 4  16  11  64  0.7832E-08
 4  16  11  64  0.7793E-08
 4  16  11  64  0.7791E-08
 4  16  11  64  0.7792E-08
 4  16  11  64  0.7786E-08
 4  16  11  64  0.7791E-08
 4  16  11  64  0.7787E-08
 4  16  11  64  0.7791E-08
 4  16  11  64  0.7786E-08
 4  16  11  64  0.7787E-08
 4  16  12  64  0.7272E-08
 4  16  12  64  0.7224E-08
 4  16  12  64  0.7249E-08
 4  16  12  64  0.7231E-08
 4  16  12  64  0.7247E-08
 4  16  12  64  0.7242E-08
 4  16  12  64  0.7235E-08
 4  16  12  64  0.7237E-08
 4  16  12  64  0.7241E-08
 4  16  12  64  0.7235E-08
 4  16  13  64  0.7167E-08
 4  16  13  64  0.7152E-08
 4  16  13  64  0.7139E-08
 4  16  13  64  0.7141E-08
 4  16  13  64  0.7152E-08
 4  16  13  64  0.7155E-08
 4  16  13  64  0.7149E-08
 4  16  13  64  0.7151E-08
 4  16  13  64  0.7142E-08
 4  16  13  64  0.7147E-08
 4  16  14  64  0.6592E-08
 4  16  14  64  0.6561E-08
 4  16  14  64  0.6564E-08
 4  16  14  64  0.6575E-08
 4  16  14  64  0.6568E-08
 4  16  14  64  0.6571E-08
 4  16  14  64  0.6561E-08
 4  16  14  64  0.6563E-08
 4  16  14  64  0.6559E-08
 4  16  14  64  0.6562E-08
 4  16  15  64  0.6691E-08
 4  16  15  64  0.6669E-08
 4  16  15  64  0.6665E-08
 4  16  15  64  0.6679E-08
 4  16  15  64  0.6673E-08
 4  16  15  64  0.6671E-08
 4  16  15  64  0.6667E-08
 4  16  15  64  0.6661E-08
 4  16  15  64  0.6677E-08
 4  16  15  64  0.6664E-08
 4  16  16  64  0.6382E-08
 4  16  16  64  0.6353E-08
 4  16  16  64  0.6357E-08
 4  16  16  64  0.6360E-08
 4  16  16  64  0.6361E-08
 4  16  16  64  0.6352E-08
 4  16  16  64  0.6353E-08
 4  16  16  64  0.6356E-08
 4  16  16  64  0.6362E-08
 4  16  16  64  0.6356E-08
 4  16  17  64  0.7310E-08
 4  16  17  64  0.7302E-08
 4  16  17  64  0.7308E-08
 4  16  17  64  0.7310E-08
 4  16  17  64  0.7301E-08
 4  16  17  64  0.7300E-08
 4  16  17  64  0.7307E-08
 4  16  17  64  0.7303E-08
 4  16  17  64  0.7313E-08
 4  16  17  64  0.7315E-08
 4  16  18  64  0.6753E-08
 4  16  18  64  0.6734E-08
 4  16  18  64  0.6729E-08
 4  16  18  64  0.6725E-08
 4  16  18  64  0.6729E-08
 4  16  18  64  0.6738E-08
 4  16  18  64  0.6737E-08
 4  16  18  64  0.6733E-08
 4  16  18  64  0.6729E-08
 4  16  18  64  0.6725E-08
 4  16  19  64  0.6892E-08
 4  16  19  64  0.6893E-08
 4  16  19  64  0.6887E-08
 4  16  19  64  0.6879E-08
 4  16  19  64  0.6887E-08
 4  16  19  64  0.6897E-08
 4  16  19  64  0.6872E-08
 4  16  19  64  0.6875E-08
 4  16  19  64  0.6886E-08
 4  16  19  64  0.6895E-08
 4  16  20  64  0.6715E-08
 4  16  20  64  0.6704E-08
 4  16  20  64  0.6697E-08
 4  16  20  64  0.6700E-08
 4  16  20  64  0.6711E-08
 4  16  20  64  0.6708E-08
 4  16  20  64  0.6705E-08
 4  16  20  64  0.6711E-08
 4  16  20  64  0.6709E-08
 4  16  20  64  0.6703E-08
