 4  64  3  256  0.1360E-07
 4  64  3  256  0.1199E-07
 4  64  3  256  0.1191E-07
 4  64  3  256  0.1188E-07
 4  64  3  256  0.1218E-07
 4  64  3  256  0.1203E-07
 4  64  3  256  0.1201E-07
 4  64  3  256  0.1200E-07
 4  64  3  256  0.1192E-07
 4  64  3  256  0.1200E-07
 4  64  4  256  0.6156E-08
 4  64  4  256  0.5603E-08
 4  64  4  256  0.5623E-08
 4  64  4  256  0.5672E-08
 4  64  4  256  0.5599E-08
 4  64  4  256  0.5697E-08
 4  64  4  256  0.5611E-08
 4  64  4  256  0.5647E-08
 4  64  4  256  0.5621E-08
 4  64  4  256  0.5677E-08
 4  64  5  256  0.4050E-08
 4  64  5  256  0.3759E-08
 4  64  5  256  0.3736E-08
 4  64  5  256  0.3769E-08
 4  64  5  256  0.3767E-08
 4  64  5  256  0.3787E-08
 4  64  5  256  0.3745E-08
 4  64  5  256  0.3769E-08
 4  64  5  256  0.3785E-08
 4  64  5  256  0.3745E-08
 4  64  6  256  0.2989E-08
 4  64  6  256  0.2808E-08
 4  64  6  256  0.2828E-08
 4  64  6  256  0.2853E-08
 4  64  6  256  0.2850E-08
 4  64  6  256  0.2850E-08
 4  64  6  256  0.2814E-08
 4  64  6  256  0.2800E-08
 4  64  6  256  0.2842E-08
 4  64  6  256  0.2799E-08
 4  64  7  256  0.2780E-08
 4  64  7  256  0.2603E-08
 4  64  7  256  0.2609E-08
 4  64  7  256  0.2591E-08
 4  64  7  256  0.2618E-08
 4  64  7  256  0.2611E-08
 4  64  7  256  0.2623E-08
 4  64  7  256  0.2620E-08
 4  64  7  256  0.2636E-08
 4  64  7  256  0.2610E-08
 4  64  8  256  0.2185E-08
 4  64  8  256  0.2107E-08
 4  64  8  256  0.2121E-08
 4  64  8  256  0.2116E-08
 4  64  8  256  0.2121E-08
 4  64  8  256  0.2133E-08
 4  64  8  256  0.2123E-08
 4  64  8  256  0.2116E-08
 4  64  8  256  0.2111E-08
 4  64  8  256  0.2123E-08
 4  64  9  256  0.2488E-08
 4  64  9  256  0.2411E-08
 4  64  9  256  0.2425E-08
 4  64  9  256  0.2419E-08
 4  64  9  256  0.2427E-08
 4  64  9  256  0.2437E-08
 4  64  9  256  0.2448E-08
 4  64  9  256  0.2442E-08
 4  64  9  256  0.2485E-08
 4  64  9  256  0.2449E-08
 4  64  10  256  0.2727E-08
 4  64  10  256  0.2678E-08
 4  64  10  256  0.2675E-08
 4  64  10  256  0.2680E-08
 4  64  10  256  0.2686E-08
 4  64  10  256  0.2689E-08
 4  64  10  256  0.2682E-08
 4  64  10  256  0.2683E-08
 4  64  10  256  0.2680E-08
 4  64  10  256  0.2679E-08
 4  64  11  256  0.2465E-08
 4  64  11  256  0.2422E-08
 4  64  11  256  0.2430E-08
 4  64  11  256  0.2424E-08
 4  64  11  256  0.2425E-08
 4  64  11  256  0.2431E-08
 4  64  11  256  0.2436E-08
 4  64  11  256  0.2454E-08
 4  64  11  256  0.2440E-08
 4  64  11  256  0.2432E-08
 4  64  12  256  0.2188E-08
 4  64  12  256  0.2157E-08
 4  64  12  256  0.2162E-08
 4  64  12  256  0.2158E-08
 4  64  12  256  0.2178E-08
 4  64  12  256  0.2167E-08
 4  64  12  256  0.2180E-08
 4  64  12  256  0.2167E-08
 4  64  12  256  0.2165E-08
 4  64  12  256  0.2168E-08
 4  64  13  256  0.2313E-08
 4  64  13  256  0.2281E-08
 4  64  13  256  0.2282E-08
 4  64  13  256  0.2276E-08
 4  64  13  256  0.2275E-08
 4  64  13  256  0.2275E-08
 4  64  13  256  0.2277E-08
 4  64  13  256  0.2281E-08
 4  64  13  256  0.2280E-08
 4  64  13  256  0.2278E-08
 4  64  14  256  0.2014E-08
 4  64  14  256  0.2008E-08
 4  64  14  256  0.2007E-08
 4  64  14  256  0.1995E-08
 4  64  14  256  0.1988E-08
 4  64  14  256  0.1991E-08
 4  64  14  256  0.1989E-08
 4  64  14  256  0.1993E-08
 4  64  14  256  0.1987E-08
 4  64  14  256  0.1989E-08
 4  64  15  256  0.2064E-08
 4  64  15  256  0.2037E-08
 4  64  15  256  0.2036E-08
 4  64  15  256  0.2036E-08
 4  64  15  256  0.2049E-08
 4  64  15  256  0.2047E-08
 4  64  15  256  0.2042E-08
 4  64  15  256  0.2036E-08
 4  64  15  256  0.2032E-08
 4  64  15  256  0.2037E-08
 4  64  16  256  0.1949E-08
 4  64  16  256  0.1934E-08
 4  64  16  256  0.1934E-08
 4  64  16  256  0.1933E-08
 4  64  16  256  0.1933E-08
 4  64  16  256  0.1929E-08
 4  64  16  256  0.1930E-08
 4  64  16  256  0.1928E-08
 4  64  16  256  0.1931E-08
 4  64  16  256  0.1935E-08
 4  64  17  256  0.2338E-08
 4  64  17  256  0.2330E-08
 4  64  17  256  0.2322E-08
 4  64  17  256  0.2332E-08
 4  64  17  256  0.2323E-08
 4  64  17  256  0.2318E-08
 4  64  17  256  0.2322E-08
 4  64  17  256  0.2325E-08
 4  64  17  256  0.2330E-08
 4  64  17  256  0.2317E-08
 4  64  18  256  0.2346E-08
 4  64  18  256  0.2328E-08
 4  64  18  256  0.2333E-08
 4  64  18  256  0.2340E-08
 4  64  18  256  0.2334E-08
 4  64  18  256  0.2323E-08
 4  64  18  256  0.2322E-08
 4  64  18  256  0.2336E-08
 4  64  18  256  0.2333E-08
 4  64  18  256  0.2402E-08
 4  64  19  256  0.2247E-08
 4  64  19  256  0.2234E-08
 4  64  19  256  0.2231E-08
 4  64  19  256  0.2241E-08
 4  64  19  256  0.2230E-08
 4  64  19  256  0.2227E-08
 4  64  19  256  0.2237E-08
 4  64  19  256  0.2235E-08
 4  64  19  256  0.2234E-08
 4  64  19  256  0.2233E-08
 4  64  20  256  0.2271E-08
 4  64  20  256  0.2254E-08
 4  64  20  256  0.2252E-08
 4  64  20  256  0.2265E-08
 4  64  20  256  0.2250E-08
 4  64  20  256  0.2253E-08
 4  64  20  256  0.2258E-08
 4  64  20  256  0.2251E-08
 4  64  20  256  0.2253E-08
 4  64  20  256  0.2256E-08
