 4  4  3  16  0.9458E-07
 4  4  3  16  0.8955E-07
 4  4  3  16  0.8743E-07
 4  4  3  16  0.9066E-07
 4  4  3  16  0.8942E-07
 4  4  3  16  0.9519E-07
 4  4  3  16  0.9631E-07
 4  4  3  16  0.8746E-07
 4  4  3  16  0.9049E-07
 4  4  3  16  0.9306E-07
 4  4  4  16  0.3284E-07
 4  4  4  16  0.2906E-07
 4  4  4  16  0.3022E-07
 4  4  4  16  0.3025E-07
 4  4  4  16  0.2953E-07
 4  4  4  16  0.2919E-07
 4  4  4  16  0.3088E-07
 4  4  4  16  0.3034E-07
 4  4  4  16  0.2963E-07
 4  4  4  16  0.2960E-07
 4  4  5  16  0.2786E-07
 4  4  5  16  0.2542E-07
 4  4  5  16  0.2670E-07
 4  4  5  16  0.2647E-07
 4  4  5  16  0.2440E-07
 4  4  5  16  0.2429E-07
 4  4  5  16  0.2532E-07
 4  4  5  16  0.2419E-07
 4  4  5  16  0.2569E-07
 4  4  5  16  0.2376E-07
 4  4  6  16  0.2558E-07
 4  4  6  16  0.2493E-07
 4  4  6  16  0.2523E-07
 4  4  6  16  0.2496E-07
 4  4  6  16  0.2515E-07
 4  4  6  16  0.2494E-07
 4  4  6  16  0.2496E-07
 4  4  6  16  0.2481E-07
 4  4  6  16  0.2463E-07
 4  4  6  16  0.2483E-07
 4  4  7  16  0.2108E-07
 4  4  7  16  0.1976E-07
 4  4  7  16  0.1900E-07
 4  4  7  16  0.1879E-07
 4  4  7  16  0.1809E-07
 4  4  7  16  0.1814E-07
 4  4  7  16  0.1923E-07
 4  4  7  16  0.1864E-07
 4  4  7  16  0.1827E-07
 4  4  7  16  0.1801E-07
 4  4  8  16  0.1730E-07
 4  4  8  16  0.1624E-07
 4  4  8  16  0.1612E-07
 4  4  8  16  0.1608E-07
 4  4  8  16  0.1606E-07
 4  4  8  16  0.1601E-07
 4  4  8  16  0.1602E-07
 4  4  8  16  0.1594E-07
 4  4  8  16  0.1593E-07
 4  4  8  16  0.1620E-07
 4  4  9  16  0.1824E-07
 4  4  9  16  0.1723E-07
 4  4  9  16  0.1725E-07
 4  4  9  16  0.1723E-07
 4  4  9  16  0.1719E-07
 4  4  9  16  0.1722E-07
 4  4  9  16  0.1719E-07
 4  4  9  16  0.1717E-07
 4  4  9  16  0.1713E-07
 4  4  9  16  0.1728E-07
 4  4  10  16  0.2091E-07
 4  4  10  16  0.2035E-07
 4  4  10  16  0.2041E-07
 4  4  10  16  0.2037E-07
 4  4  10  16  0.2048E-07
 4  4  10  16  0.2040E-07
 4  4  10  16  0.2044E-07
 4  4  10  16  0.2036E-07
 4  4  10  16  0.2037E-07
 4  4  10  16  0.2045E-07
 4  4  11  16  0.2061E-07
 4  4  11  16  0.2028E-07
 4  4  11  16  0.2027E-07
 4  4  11  16  0.2031E-07
 4  4  11  16  0.2027E-07
 4  4  11  16  0.2020E-07
 4  4  11  16  0.2028E-07
 4  4  11  16  0.2022E-07
 4  4  11  16  0.2027E-07
 4  4  11  16  0.2028E-07
 4  4  12  16  0.1716E-07
 4  4  12  16  0.1685E-07
 4  4  12  16  0.1683E-07
 4  4  12  16  0.1686E-07
 4  4  12  16  0.1686E-07
 4  4  12  16  0.1687E-07
 4  4  12  16  0.1685E-07
 4  4  12  16  0.1685E-07
 4  4  12  16  0.1685E-07
 4  4  12  16  0.1683E-07
 4  4  13  16  0.1884E-07
 4  4  13  16  0.1851E-07
 4  4  13  16  0.1858E-07
 4  4  13  16  0.1854E-07
 4  4  13  16  0.1855E-07
 4  4  13  16  0.1855E-07
 4  4  13  16  0.1855E-07
 4  4  13  16  0.1854E-07
 4  4  13  16  0.1855E-07
 4  4  13  16  0.1855E-07
 4  4  14  16  0.1738E-07
 4  4  14  16  0.1713E-07
 4  4  14  16  0.1717E-07
 4  4  14  16  0.1716E-07
 4  4  14  16  0.1712E-07
 4  4  14  16  0.1714E-07
 4  4  14  16  0.1712E-07
 4  4  14  16  0.1714E-07
 4  4  14  16  0.1711E-07
 4  4  14  16  0.1713E-07
 4  4  15  16  0.1850E-07
 4  4  15  16  0.1825E-07
 4  4  15  16  0.1825E-07
 4  4  15  16  0.1827E-07
 4  4  15  16  0.1827E-07
 4  4  15  16  0.1827E-07
 4  4  15  16  0.1826E-07
 4  4  15  16  0.1824E-07
 4  4  15  16  0.1823E-07
 4  4  15  16  0.1822E-07
 4  4  16  16  0.1588E-07
 4  4  16  16  0.1572E-07
 4  4  16  16  0.1572E-07
 4  4  16  16  0.1572E-07
 4  4  16  16  0.1572E-07
 4  4  16  16  0.1577E-07
 4  4  16  16  0.1575E-07
 4  4  16  16  0.1576E-07
 4  4  16  16  0.1576E-07
 4  4  16  16  0.1575E-07
 4  4  17  16  0.2095E-07
 4  4  17  16  0.2079E-07
 4  4  17  16  0.2078E-07
 4  4  17  16  0.2076E-07
 4  4  17  16  0.2088E-07
 4  4  17  16  0.2087E-07
 4  4  17  16  0.2088E-07
 4  4  17  16  0.2086E-07
 4  4  17  16  0.2081E-07
 4  4  17  16  0.2080E-07
 4  4  18  16  0.1949E-07
 4  4  18  16  0.1933E-07
 4  4  18  16  0.1932E-07
 4  4  18  16  0.1928E-07
 4  4  18  16  0.1926E-07
 4  4  18  16  0.1927E-07
 4  4  18  16  0.1926E-07
 4  4  18  16  0.1935E-07
 4  4  18  16  0.1932E-07
 4  4  18  16  0.1930E-07
 4  4  19  16  0.2115E-07
 4  4  19  16  0.2104E-07
 4  4  19  16  0.2103E-07
 4  4  19  16  0.2100E-07
 4  4  19  16  0.2101E-07
 4  4  19  16  0.2105E-07
 4  4  19  16  0.2107E-07
 4  4  19  16  0.2111E-07
 4  4  19  16  0.2109E-07
 4  4  19  16  0.2108E-07
 4  4  20  16  0.1982E-07
 4  4  20  16  0.1973E-07
 4  4  20  16  0.1973E-07
 4  4  20  16  0.1970E-07
 4  4  20  16  0.1971E-07
 4  4  20  16  0.1970E-07
 4  4  20  16  0.1972E-07
 4  4  20  16  0.1972E-07
 4  4  20  16  0.1971E-07
 4  4  20  16  0.1973E-07
