 4  32  3  128  0.2980E-07
 4  32  3  128  0.2794E-07
 4  32  3  128  0.2794E-07
 4  32  3  128  0.2785E-07
 4  32  3  128  0.2891E-07
 4  32  3  128  0.2786E-07
 4  32  3  128  0.2779E-07
 4  32  3  128  0.2793E-07
 4  32  3  128  0.2874E-07
 4  32  3  128  0.2784E-07
 4  32  4  128  0.1500E-07
 4  32  4  128  0.1452E-07
 4  32  4  128  0.1432E-07
 4  32  4  128  0.1437E-07
 4  32  4  128  0.1445E-07
 4  32  4  128  0.1427E-07
 4  32  4  128  0.1450E-07
 4  32  4  128  0.1438E-07
 4  32  4  128  0.1443E-07
 4  32  4  128  0.1450E-07
 4  32  5  128  0.7366E-08
 4  32  5  128  0.7165E-08
 4  32  5  128  0.7125E-08
 4  32  5  128  0.7081E-08
 4  32  5  128  0.7104E-08
 4  32  5  128  0.7050E-08
 4  32  5  128  0.7056E-08
 4  32  5  128  0.7075E-08
 4  32  5  128  0.7071E-08
 4  32  5  128  0.7053E-08
 4  32  6  128  0.5052E-08
 4  32  6  128  0.4859E-08
 4  32  6  128  0.4879E-08
 4  32  6  128  0.4903E-08
 4  32  6  128  0.4866E-08
 4  32  6  128  0.4909E-08
 4  32  6  128  0.4880E-08
 4  32  6  128  0.4836E-08
 4  32  6  128  0.4877E-08
 4  32  6  128  0.4845E-08
 4  32  7  128  0.3958E-08
 4  32  7  128  0.3805E-08
 4  32  7  128  0.3804E-08
 4  32  7  128  0.3828E-08
 4  32  7  128  0.3833E-08
 4  32  7  128  0.3803E-08
 4  32  7  128  0.3824E-08
 4  32  7  128  0.3800E-08
 4  32  7  128  0.3800E-08
 4  32  7  128  0.3810E-08
 4  32  8  128  0.3488E-08
 4  32  8  128  0.3332E-08
 4  32  8  128  0.3341E-08
 4  32  8  128  0.3315E-08
 4  32  8  128  0.3322E-08
 4  32  8  128  0.3324E-08
 4  32  8  128  0.3317E-08
 4  32  8  128  0.3336E-08
 4  32  8  128  0.3339E-08
 4  32  8  128  0.3333E-08
 4  32  9  128  0.3279E-08
 4  32  9  128  0.3156E-08
 4  32  9  128  0.3155E-08
 4  32  9  128  0.3247E-08
 4  32  9  128  0.3257E-08
 4  32  9  128  0.3218E-08
 4  32  9  128  0.3253E-08
 4  32  9  128  0.3210E-08
 4  32  9  128  0.3238E-08
 4  32  9  128  0.3222E-08
 4  32  10  128  0.3808E-08
 4  32  10  128  0.3739E-08
 4  32  10  128  0.3726E-08
 4  32  10  128  0.3731E-08
 4  32  10  128  0.3740E-08
 4  32  10  128  0.3737E-08
 4  32  10  128  0.3727E-08
 4  32  10  128  0.3727E-08
 4  32  10  128  0.3739E-08
 4  32  10  128  0.3731E-08
 4  32  11  128  0.4233E-08
 4  32  11  128  0.4197E-08
 4  32  11  128  0.4201E-08
 4  32  11  128  0.4209E-08
 4  32  11  128  0.4197E-08
 4  32  11  128  0.4191E-08
 4  32  11  128  0.4195E-08
 4  32  11  128  0.4191E-08
 4  32  11  128  0.4186E-08
 4  32  11  128  0.4187E-08
 4  32  12  128  0.3879E-08
 4  32  12  128  0.3846E-08
 4  32  12  128  0.3845E-08
 4  32  12  128  0.3851E-08
 4  32  12  128  0.3846E-08
 4  32  12  128  0.3851E-08
 4  32  12  128  0.3859E-08
 4  32  12  128  0.3856E-08
 4  32  12  128  0.3859E-08
 4  32  12  128  0.3850E-08
 4  32  13  128  0.3822E-08
 4  32  13  128  0.3808E-08
 4  32  13  128  0.3808E-08
 4  32  13  128  0.3805E-08
 4  32  13  128  0.3806E-08
 4  32  13  128  0.3813E-08
 4  32  13  128  0.3806E-08
 4  32  13  128  0.3811E-08
 4  32  13  128  0.3812E-08
 4  32  13  128  0.3812E-08
 4  32  14  128  0.3515E-08
 4  32  14  128  0.3502E-08
 4  32  14  128  0.3508E-08
 4  32  14  128  0.3504E-08
 4  32  14  128  0.3512E-08
 4  32  14  128  0.3515E-08
 4  32  14  128  0.3504E-08
 4  32  14  128  0.3536E-08
 4  32  14  128  0.3501E-08
 4  32  14  128  0.3504E-08
 4  32  15  128  0.3503E-08
 4  32  15  128  0.3491E-08
 4  32  15  128  0.3495E-08
 4  32  15  128  0.3496E-08
 4  32  15  128  0.3498E-08
 4  32  15  128  0.3491E-08
 4  32  15  128  0.3490E-08
 4  32  15  128  0.3484E-08
 4  32  15  128  0.3487E-08
 4  32  15  128  0.3490E-08
 4  32  16  128  0.3522E-08
 4  32  16  128  0.3509E-08
 4  32  16  128  0.3512E-08
 4  32  16  128  0.3518E-08
 4  32  16  128  0.3517E-08
 4  32  16  128  0.3513E-08
 4  32  16  128  0.3511E-08
 4  32  16  128  0.3506E-08
 4  32  16  128  0.3511E-08
 4  32  16  128  0.3520E-08
 4  32  17  128  0.3869E-08
 4  32  17  128  0.3859E-08
 4  32  17  128  0.3863E-08
 4  32  17  128  0.3857E-08
 4  32  17  128  0.3859E-08
 4  32  17  128  0.3863E-08
 4  32  17  128  0.3972E-08
 4  32  17  128  0.4007E-08
 4  32  17  128  0.3859E-08
 4  32  17  128  0.3862E-08
 4  32  18  128  0.3571E-08
 4  32  18  128  0.3559E-08
 4  32  18  128  0.3563E-08
 4  32  18  128  0.3569E-08
 4  32  18  128  0.3562E-08
 4  32  18  128  0.3563E-08
 4  32  18  128  0.3562E-08
 4  32  18  128  0.3560E-08
 4  32  18  128  0.3563E-08
 4  32  18  128  0.3562E-08
 4  32  19  128  0.3675E-08
 4  32  19  128  0.3665E-08
 4  32  19  128  0.3665E-08
 4  32  19  128  0.3663E-08
 4  32  19  128  0.3673E-08
 4  32  19  128  0.3667E-08
 4  32  19  128  0.3667E-08
 4  32  19  128  0.3668E-08
 4  32  19  128  0.3669E-08
 4  32  19  128  0.3669E-08
 4  32  20  128  0.3563E-08
 4  32  20  128  0.3558E-08
 4  32  20  128  0.3560E-08
 4  32  20  128  0.3561E-08
 4  32  20  128  0.3563E-08
 4  32  20  128  0.3559E-08
 4  32  20  128  0.3558E-08
 4  32  20  128  0.3559E-08
 4  32  20  128  0.3562E-08
 4  32  20  128  0.3559E-08
