 4  2  3  8  0.1585E-06
 4  2  3  8  0.1560E-06
 4  2  3  8  0.1602E-06
 4  2  3  8  0.1569E-06
 4  2  3  8  0.1549E-06
 4  2  3  8  0.1542E-06
 4  2  3  8  0.1576E-06
 4  2  3  8  0.1548E-06
 4  2  3  8  0.1545E-06
 4  2  3  8  0.1528E-06
 4  2  4  8  0.9684E-07
 4  2  4  8  0.9558E-07
 4  2  4  8  0.9520E-07
 4  2  4  8  0.9602E-07
 4  2  4  8  0.9497E-07
 4  2  4  8  0.9581E-07
 4  2  4  8  0.9464E-07
 4  2  4  8  0.9624E-07
 4  2  4  8  0.9477E-07
 4  2  4  8  0.9553E-07
 4  2  5  8  0.6854E-07
 4  2  5  8  0.6765E-07
 4  2  5  8  0.6757E-07
 4  2  5  8  0.6767E-07
 4  2  5  8  0.6767E-07
 4  2  5  8  0.6698E-07
 4  2  5  8  0.6728E-07
 4  2  5  8  0.6747E-07
 4  2  5  8  0.6708E-07
 4  2  5  8  0.6779E-07
 4  2  6  8  0.5104E-07
 4  2  6  8  0.5001E-07
 4  2  6  8  0.4975E-07
 4  2  6  8  0.4929E-07
 4  2  6  8  0.4929E-07
 4  2  6  8  0.5001E-07
 4  2  6  8  0.4968E-07
 4  2  6  8  0.4952E-07
 4  2  6  8  0.4969E-07
 4  2  6  8  0.4933E-07
 4  2  7  8  0.4268E-07
 4  2  7  8  0.4073E-07
 4  2  7  8  0.4097E-07
 4  2  7  8  0.4118E-07
 4  2  7  8  0.4094E-07
 4  2  7  8  0.4069E-07
 4  2  7  8  0.4142E-07
 4  2  7  8  0.4068E-07
 4  2  7  8  0.4093E-07
 4  2  7  8  0.4148E-07
 4  2  8  8  0.4634E-07
 4  2  8  8  0.4505E-07
 4  2  8  8  0.4493E-07
 4  2  8  8  0.4480E-07
 4  2  8  8  0.4446E-07
 4  2  8  8  0.4509E-07
 4  2  8  8  0.4568E-07
 4  2  8  8  0.4470E-07
 4  2  8  8  0.4578E-07
 4  2  8  8  0.4516E-07
 4  2  9  8  0.4643E-07
 4  2  9  8  0.4581E-07
 4  2  9  8  0.4552E-07
 4  2  9  8  0.4529E-07
 4  2  9  8  0.4578E-07
 4  2  9  8  0.4542E-07
 4  2  9  8  0.4484E-07
 4  2  9  8  0.4506E-07
 4  2  9  8  0.4564E-07
 4  2  9  8  0.4556E-07
 4  2  10  8  0.5197E-07
 4  2  10  8  0.5126E-07
 4  2  10  8  0.5118E-07
 4  2  10  8  0.5139E-07
 4  2  10  8  0.5128E-07
 4  2  10  8  0.5108E-07
 4  2  10  8  0.5117E-07
 4  2  10  8  0.5133E-07
 4  2  10  8  0.5119E-07
 4  2  10  8  0.5122E-07
 4  2  11  8  0.5286E-07
 4  2  11  8  0.5207E-07
 4  2  11  8  0.5226E-07
 4  2  11  8  0.5222E-07
 4  2  11  8  0.5250E-07
 4  2  11  8  0.5255E-07
 4  2  11  8  0.5235E-07
 4  2  11  8  0.5241E-07
 4  2  11  8  0.5288E-07
 4  2  11  8  0.5277E-07
 4  2  12  8  0.4723E-07
 4  2  12  8  0.4640E-07
 4  2  12  8  0.4653E-07
 4  2  12  8  0.4643E-07
 4  2  12  8  0.4658E-07
 4  2  12  8  0.4660E-07
 4  2  12  8  0.4642E-07
 4  2  12  8  0.4642E-07
 4  2  12  8  0.4649E-07
 4  2  12  8  0.4644E-07
 4  2  13  8  0.4843E-07
 4  2  13  8  0.4792E-07
 4  2  13  8  0.4842E-07
 4  2  13  8  0.4828E-07
 4  2  13  8  0.4831E-07
 4  2  13  8  0.4838E-07
 4  2  13  8  0.4815E-07
 4  2  13  8  0.4823E-07
 4  2  13  8  0.4825E-07
 4  2  13  8  0.4802E-07
 4  2  14  8  0.4546E-07
 4  2  14  8  0.4476E-07
 4  2  14  8  0.4473E-07
 4  2  14  8  0.4473E-07
 4  2  14  8  0.4496E-07
 4  2  14  8  0.4459E-07
 4  2  14  8  0.4471E-07
 4  2  14  8  0.4470E-07
 4  2  14  8  0.4485E-07
 4  2  14  8  0.4477E-07
 4  2  15  8  0.4691E-07
 4  2  15  8  0.4652E-07
 4  2  15  8  0.4686E-07
 4  2  15  8  0.4686E-07
 4  2  15  8  0.4688E-07
 4  2  15  8  0.4699E-07
 4  2  15  8  0.4681E-07
 4  2  15  8  0.4674E-07
 4  2  15  8  0.4688E-07
 4  2  15  8  0.4678E-07
 4  2  16  8  0.4381E-07
 4  2  16  8  0.4329E-07
 4  2  16  8  0.4329E-07
 4  2  16  8  0.4325E-07
 4  2  16  8  0.4341E-07
 4  2  16  8  0.4345E-07
 4  2  16  8  0.4337E-07
 4  2  16  8  0.4332E-07
 4  2  16  8  0.4324E-07
 4  2  16  8  0.4328E-07
 4  2  17  8  0.5213E-07
 4  2  17  8  0.5170E-07
 4  2  17  8  0.5169E-07
 4  2  17  8  0.5169E-07
 4  2  17  8  0.5170E-07
 4  2  17  8  0.5171E-07
 4  2  17  8  0.5171E-07
 4  2  17  8  0.5169E-07
 4  2  17  8  0.5169E-07
 4  2  17  8  0.5171E-07
 4  2  18  8  0.4968E-07
 4  2  18  8  0.4939E-07
 4  2  18  8  0.4936E-07
 4  2  18  8  0.4942E-07
 4  2  18  8  0.4952E-07
 4  2  18  8  0.4947E-07
 4  2  18  8  0.4949E-07
 4  2  18  8  0.4951E-07
 4  2  18  8  0.4947E-07
 4  2  18  8  0.4950E-07
 4  2  19  8  0.5101E-07
 4  2  19  8  0.5075E-07
 4  2  19  8  0.5081E-07
 4  2  19  8  0.5086E-07
 4  2  19  8  0.5083E-07
 4  2  19  8  0.5084E-07
 4  2  19  8  0.5083E-07
 4  2  19  8  0.5082E-07
 4  2  19  8  0.5086E-07
 4  2  19  8  0.5089E-07
 4  2  20  8  0.4928E-07
 4  2  20  8  0.4896E-07
 4  2  20  8  0.4900E-07
 4  2  20  8  0.4898E-07
 4  2  20  8  0.4903E-07
 4  2  20  8  0.4898E-07
 4  2  20  8  0.4902E-07
 4  2  20  8  0.4909E-07
 4  2  20  8  0.4912E-07
 4  2  20  8  0.4913E-07
