 4  1  3  4  0.3503E-07
 4  1  3  4  0.3219E-07
 4  1  3  4  0.3191E-07
 4  1  3  4  0.3163E-07
 4  1  3  4  0.3188E-07
 4  1  3  4  0.3161E-07
 4  1  3  4  0.3142E-07
 4  1  3  4  0.3179E-07
 4  1  3  4  0.3204E-07
 4  1  3  4  0.3151E-07
 4  1  4  4  0.4939E-07
 4  1  4  4  0.4818E-07
 4  1  4  4  0.4812E-07
 4  1  4  4  0.4863E-07
 4  1  4  4  0.4803E-07
 4  1  4  4  0.4803E-07
 4  1  4  4  0.4827E-07
 4  1  4  4  0.4828E-07
 4  1  4  4  0.4852E-07
 4  1  4  4  0.4859E-07
 4  1  5  4  0.6773E-07
 4  1  5  4  0.6699E-07
 4  1  5  4  0.6677E-07
 4  1  5  4  0.6674E-07
 4  1  5  4  0.6697E-07
 4  1  5  4  0.6640E-07
 4  1  5  4  0.6662E-07
 4  1  5  4  0.6665E-07
 4  1  5  4  0.6693E-07
 4  1  5  4  0.6685E-07
 4  1  6  4  0.5085E-07
 4  1  6  4  0.5056E-07
 4  1  6  4  0.5041E-07
 4  1  6  4  0.5038E-07
 4  1  6  4  0.5045E-07
 4  1  6  4  0.5025E-07
 4  1  6  4  0.5034E-07
 4  1  6  4  0.5035E-07
 4  1  6  4  0.5083E-07
 4  1  6  4  0.5069E-07
 4  1  7  4  0.4977E-07
 4  1  7  4  0.4857E-07
 4  1  7  4  0.4886E-07
 4  1  7  4  0.4834E-07
 4  1  7  4  0.4831E-07
 4  1  7  4  0.4840E-07
 4  1  7  4  0.4832E-07
 4  1  7  4  0.4817E-07
 4  1  7  4  0.4835E-07
 4  1  7  4  0.4830E-07
 4  1  8  4  0.3989E-07
 4  1  8  4  0.3963E-07
 4  1  8  4  0.3966E-07
 4  1  8  4  0.3976E-07
 4  1  8  4  0.3969E-07
 4  1  8  4  0.3963E-07
 4  1  8  4  0.3971E-07
 4  1  8  4  0.3966E-07
 4  1  8  4  0.3962E-07
 4  1  8  4  0.3974E-07
 4  1  9  4  0.5002E-07
 4  1  9  4  0.4935E-07
 4  1  9  4  0.4940E-07
 4  1  9  4  0.4954E-07
 4  1  9  4  0.4941E-07
 4  1  9  4  0.4950E-07
 4  1  9  4  0.4945E-07
 4  1  9  4  0.4945E-07
 4  1  9  4  0.4947E-07
 4  1  9  4  0.4940E-07
 4  1  10  4  0.5630E-07
 4  1  10  4  0.5608E-07
 4  1  10  4  0.5618E-07
 4  1  10  4  0.5617E-07
 4  1  10  4  0.5640E-07
 4  1  10  4  0.5665E-07
 4  1  10  4  0.5648E-07
 4  1  10  4  0.5618E-07
 4  1  10  4  0.5616E-07
 4  1  10  4  0.5615E-07
 4  1  11  4  0.6167E-07
 4  1  11  4  0.6099E-07
 4  1  11  4  0.6090E-07
 4  1  11  4  0.6150E-07
 4  1  11  4  0.6109E-07
 4  1  11  4  0.6104E-07
 4  1  11  4  0.6094E-07
 4  1  11  4  0.6103E-07
 4  1  11  4  0.6093E-07
 4  1  11  4  0.6101E-07
 4  1  12  4  0.5832E-07
 4  1  12  4  0.5820E-07
 4  1  12  4  0.5868E-07
 4  1  12  4  0.5905E-07
 4  1  12  4  0.5856E-07
 4  1  12  4  0.5868E-07
 4  1  12  4  0.5855E-07
 4  1  12  4  0.5850E-07
 4  1  12  4  0.5842E-07
 4  1  12  4  0.5850E-07
 4  1  13  4  0.6987E-07
 4  1  13  4  0.6955E-07
 4  1  13  4  0.6964E-07
 4  1  13  4  0.6979E-07
 4  1  13  4  0.7010E-07
 4  1  13  4  0.7011E-07
 4  1  13  4  0.7014E-07
 4  1  13  4  0.7038E-07
 4  1  13  4  0.7045E-07
 4  1  13  4  0.7043E-07
 4  1  14  4  0.6777E-07
 4  1  14  4  0.6970E-07
 4  1  14  4  0.7040E-07
 4  1  14  4  0.7045E-07
 4  1  14  4  0.7044E-07
 4  1  14  4  0.7047E-07
 4  1  14  4  0.7046E-07
 4  1  14  4  0.7047E-07
 4  1  14  4  0.7035E-07
 4  1  14  4  0.7041E-07
 4  1  15  4  0.7142E-07
 4  1  15  4  0.7118E-07
 4  1  15  4  0.7121E-07
 4  1  15  4  0.7192E-07
 4  1  15  4  0.7161E-07
 4  1  15  4  0.7172E-07
 4  1  15  4  0.7177E-07
 4  1  15  4  0.7173E-07
 4  1  15  4  0.7191E-07
 4  1  15  4  0.7174E-07
 4  1  16  4  0.6390E-07
 4  1  16  4  0.6369E-07
 4  1  16  4  0.6374E-07
 4  1  16  4  0.6371E-07
 4  1  16  4  0.6372E-07
 4  1  16  4  0.6377E-07
 4  1  16  4  0.6374E-07
 4  1  16  4  0.6374E-07
 4  1  16  4  0.6372E-07
 4  1  16  4  0.6374E-07
 4  1  17  4  0.8730E-07
 4  1  17  4  0.8723E-07
 4  1  17  4  0.8710E-07
 4  1  17  4  0.8713E-07
 4  1  17  4  0.8721E-07
 4  1  17  4  0.8724E-07
 4  1  17  4  0.8730E-07
 4  1  17  4  0.8723E-07
 4  1  17  4  0.8719E-07
 4  1  17  4  0.8714E-07
 4  1  18  4  0.8116E-07
 4  1  18  4  0.8104E-07
 4  1  18  4  0.8107E-07
 4  1  18  4  0.8107E-07
 4  1  18  4  0.8117E-07
 4  1  18  4  0.8111E-07
 4  1  18  4  0.8110E-07
 4  1  18  4  0.8121E-07
 4  1  18  4  0.8166E-07
 4  1  18  4  0.8150E-07
 4  1  19  4  0.8737E-07
 4  1  19  4  0.8732E-07
 4  1  19  4  0.8723E-07
 4  1  19  4  0.8729E-07
 4  1  19  4  0.8809E-07
 4  1  19  4  0.8814E-07
 4  1  19  4  0.8816E-07
 4  1  19  4  0.8814E-07
 4  1  19  4  0.8815E-07
 4  1  19  4  0.8817E-07
 4  1  20  4  0.8221E-07
 4  1  20  4  0.8229E-07
 4  1  20  4  0.8275E-07
 4  1  20  4  0.8274E-07
 4  1  20  4  0.8273E-07
 4  1  20  4  0.8274E-07
 4  1  20  4  0.8273E-07
 4  1  20  4  0.8273E-07
 4  1  20  4  0.8275E-07
 4  1  20  4  0.8273E-07
