 4  8  3  32  0.1027E-06
 4  8  3  32  0.1027E-06
 4  8  3  32  0.1011E-06
 4  8  3  32  0.1011E-06
 4  8  3  32  0.1024E-06
 4  8  3  32  0.1004E-06
 4  8  3  32  0.9954E-07
 4  8  3  32  0.1016E-06
 4  8  3  32  0.1102E-06
 4  8  3  32  0.9907E-07
 4  8  4  32  0.5498E-07
 4  8  4  32  0.5288E-07
 4  8  4  32  0.5434E-07
 4  8  4  32  0.5413E-07
 4  8  4  32  0.5374E-07
 4  8  4  32  0.5752E-07
 4  8  4  32  0.5307E-07
 4  8  4  32  0.5279E-07
 4  8  4  32  0.5242E-07
 4  8  4  32  0.5169E-07
 4  8  5  32  0.3462E-07
 4  8  5  32  0.3324E-07
 4  8  5  32  0.3411E-07
 4  8  5  32  0.3246E-07
 4  8  5  32  0.3389E-07
 4  8  5  32  0.3449E-07
 4  8  5  32  0.3313E-07
 4  8  5  32  0.3292E-07
 4  8  5  32  0.3321E-07
 4  8  5  32  0.3321E-07
 4  8  6  32  0.2530E-07
 4  8  6  32  0.2405E-07
 4  8  6  32  0.2442E-07
 4  8  6  32  0.2455E-07
 4  8  6  32  0.2423E-07
 4  8  6  32  0.2470E-07
 4  8  6  32  0.2439E-07
 4  8  6  32  0.2462E-07
 4  8  6  32  0.2456E-07
 4  8  6  32  0.2445E-07
 4  8  7  32  0.2025E-07
 4  8  7  32  0.1911E-07
 4  8  7  32  0.1909E-07
 4  8  7  32  0.1957E-07
 4  8  7  32  0.1916E-07
 4  8  7  32  0.1955E-07
 4  8  7  32  0.1909E-07
 4  8  7  32  0.1909E-07
 4  8  7  32  0.1938E-07
 4  8  7  32  0.1889E-07
 4  8  8  32  0.1474E-07
 4  8  8  32  0.1444E-07
 4  8  8  32  0.1436E-07
 4  8  8  32  0.1440E-07
 4  8  8  32  0.1441E-07
 4  8  8  32  0.1442E-07
 4  8  8  32  0.1430E-07
 4  8  8  32  0.1440E-07
 4  8  8  32  0.1449E-07
 4  8  8  32  0.1442E-07
 4  8  9  32  0.1457E-07
 4  8  9  32  0.1403E-07
 4  8  9  32  0.1397E-07
 4  8  9  32  0.1426E-07
 4  8  9  32  0.1400E-07
 4  8  9  32  0.1402E-07
 4  8  9  32  0.1404E-07
 4  8  9  32  0.1397E-07
 4  8  9  32  0.1421E-07
 4  8  9  32  0.1401E-07
 4  8  10  32  0.1489E-07
 4  8  10  32  0.1457E-07
 4  8  10  32  0.1463E-07
 4  8  10  32  0.1473E-07
 4  8  10  32  0.1480E-07
 4  8  10  32  0.1484E-07
 4  8  10  32  0.1475E-07
 4  8  10  32  0.1476E-07
 4  8  10  32  0.1488E-07
 4  8  10  32  0.1480E-07
 4  8  11  32  0.1492E-07
 4  8  11  32  0.1469E-07
 4  8  11  32  0.1474E-07
 4  8  11  32  0.1476E-07
 4  8  11  32  0.1470E-07
 4  8  11  32  0.1471E-07
 4  8  11  32  0.1471E-07
 4  8  11  32  0.1473E-07
 4  8  11  32  0.1473E-07
 4  8  11  32  0.1470E-07
 4  8  12  32  0.1333E-07
 4  8  12  32  0.1319E-07
 4  8  12  32  0.1317E-07
 4  8  12  32  0.1320E-07
 4  8  12  32  0.1317E-07
 4  8  12  32  0.1315E-07
 4  8  12  32  0.1316E-07
 4  8  12  32  0.1315E-07
 4  8  12  32  0.1314E-07
 4  8  12  32  0.1315E-07
 4  8  13  32  0.1351E-07
 4  8  13  32  0.1334E-07
 4  8  13  32  0.1334E-07
 4  8  13  32  0.1339E-07
 4  8  13  32  0.1337E-07
 4  8  13  32  0.1340E-07
 4  8  13  32  0.1339E-07
 4  8  13  32  0.1337E-07
 4  8  13  32  0.1341E-07
 4  8  13  32  0.1337E-07
 4  8  14  32  0.1260E-07
 4  8  14  32  0.1243E-07
 4  8  14  32  0.1235E-07
 4  8  14  32  0.1231E-07
 4  8  14  32  0.1231E-07
 4  8  14  32  0.1230E-07
 4  8  14  32  0.1235E-07
 4  8  14  32  0.1234E-07
 4  8  14  32  0.1234E-07
 4  8  14  32  0.1234E-07
 4  8  15  32  0.1282E-07
 4  8  15  32  0.1264E-07
 4  8  15  32  0.1264E-07
 4  8  15  32  0.1266E-07
 4  8  15  32  0.1266E-07
 4  8  15  32  0.1264E-07
 4  8  15  32  0.1266E-07
 4  8  15  32  0.1264E-07
 4  8  15  32  0.1264E-07
 4  8  15  32  0.1266E-07
 4  8  16  32  0.1207E-07
 4  8  16  32  0.1190E-07
 4  8  16  32  0.1191E-07
 4  8  16  32  0.1189E-07
 4  8  16  32  0.1189E-07
 4  8  16  32  0.1189E-07
 4  8  16  32  0.1190E-07
 4  8  16  32  0.1189E-07
 4  8  16  32  0.1188E-07
 4  8  16  32  0.1189E-07
 4  8  17  32  0.1398E-07
 4  8  17  32  0.1384E-07
 4  8  17  32  0.1381E-07
 4  8  17  32  0.1383E-07
 4  8  17  32  0.1384E-07
 4  8  17  32  0.1383E-07
 4  8  17  32  0.1384E-07
 4  8  17  32  0.1383E-07
 4  8  17  32  0.1382E-07
 4  8  17  32  0.1382E-07
 4  8  18  32  0.1315E-07
 4  8  18  32  0.1305E-07
 4  8  18  32  0.1303E-07
 4  8  18  32  0.1306E-07
 4  8  18  32  0.1304E-07
 4  8  18  32  0.1304E-07
 4  8  18  32  0.1303E-07
 4  8  18  32  0.1305E-07
 4  8  18  32  0.1306E-07
 4  8  18  32  0.1306E-07
 4  8  19  32  0.1357E-07
 4  8  19  32  0.1345E-07
 4  8  19  32  0.1348E-07
 4  8  19  32  0.1347E-07
 4  8  19  32  0.1349E-07
 4  8  19  32  0.1349E-07
 4  8  19  32  0.1347E-07
 4  8  19  32  0.1348E-07
 4  8  19  32  0.1349E-07
 4  8  19  32  0.1351E-07
 4  8  20  32  0.1306E-07
 4  8  20  32  0.1298E-07
 4  8  20  32  0.1296E-07
 4  8  20  32  0.1296E-07
 4  8  20  32  0.1296E-07
 4  8  20  32  0.1297E-07
 4  8  20  32  0.1297E-07
 4  8  20  32  0.1298E-07
 4  8  20  32  0.1297E-07
 4  8  20  32  0.1297E-07
