 4  4  3  16  0.1342E-06
 4  4  3  16  0.1443E-06
 4  4  3  16  0.1375E-06
 4  4  3  16  0.1364E-06
 4  4  3  16  0.1316E-06
 4  4  3  16  0.1252E-06
 4  4  3  16  0.1306E-06
 4  4  3  16  0.1360E-06
 4  4  3  16  0.1399E-06
 4  4  3  16  0.1202E-06
 4  4  4  16  0.7139E-07
 4  4  4  16  0.7177E-07
 4  4  4  16  0.7681E-07
 4  4  4  16  0.7566E-07
 4  4  4  16  0.7426E-07
 4  4  4  16  0.7584E-07
 4  4  4  16  0.7539E-07
 4  4  4  16  0.7754E-07
 4  4  4  16  0.7444E-07
 4  4  4  16  0.7356E-07
 4  4  5  16  0.4651E-07
 4  4  5  16  0.4304E-07
 4  4  5  16  0.4268E-07
 4  4  5  16  0.4221E-07
 4  4  5  16  0.4288E-07
 4  4  5  16  0.4281E-07
 4  4  5  16  0.4226E-07
 4  4  5  16  0.4306E-07
 4  4  5  16  0.4179E-07
 4  4  5  16  0.4189E-07
 4  4  6  16  0.3603E-07
 4  4  6  16  0.3501E-07
 4  4  6  16  0.3500E-07
 4  4  6  16  0.3482E-07
 4  4  6  16  0.3496E-07
 4  4  6  16  0.3530E-07
 4  4  6  16  0.3421E-07
 4  4  6  16  0.3449E-07
 4  4  6  16  0.3397E-07
 4  4  6  16  0.3465E-07
 4  4  7  16  0.2808E-07
 4  4  7  16  0.2646E-07
 4  4  7  16  0.2733E-07
 4  4  7  16  0.2716E-07
 4  4  7  16  0.2659E-07
 4  4  7  16  0.2669E-07
 4  4  7  16  0.2626E-07
 4  4  7  16  0.2626E-07
 4  4  7  16  0.2634E-07
 4  4  7  16  0.2684E-07
 4  4  8  16  0.2892E-07
 4  4  8  16  0.2827E-07
 4  4  8  16  0.2812E-07
 4  4  8  16  0.2805E-07
 4  4  8  16  0.2821E-07
 4  4  8  16  0.2827E-07
 4  4  8  16  0.2819E-07
 4  4  8  16  0.2823E-07
 4  4  8  16  0.2827E-07
 4  4  8  16  0.2818E-07
 4  4  9  16  0.2540E-07
 4  4  9  16  0.2474E-07
 4  4  9  16  0.2483E-07
 4  4  9  16  0.2496E-07
 4  4  9  16  0.2477E-07
 4  4  9  16  0.2484E-07
 4  4  9  16  0.2499E-07
 4  4  9  16  0.2498E-07
 4  4  9  16  0.2479E-07
 4  4  9  16  0.2463E-07
 4  4  10  16  0.2728E-07
 4  4  10  16  0.2690E-07
 4  4  10  16  0.2674E-07
 4  4  10  16  0.2688E-07
 4  4  10  16  0.2685E-07
 4  4  10  16  0.2680E-07
 4  4  10  16  0.2684E-07
 4  4  10  16  0.2676E-07
 4  4  10  16  0.2701E-07
 4  4  10  16  0.2681E-07
 4  4  11  16  0.2938E-07
 4  4  11  16  0.2902E-07
 4  4  11  16  0.2889E-07
 4  4  11  16  0.2906E-07
 4  4  11  16  0.2898E-07
 4  4  11  16  0.2917E-07
 4  4  11  16  0.2897E-07
 4  4  11  16  0.2897E-07
 4  4  11  16  0.2910E-07
 4  4  11  16  0.2896E-07
 4  4  12  16  0.2484E-07
 4  4  12  16  0.2448E-07
 4  4  12  16  0.2452E-07
 4  4  12  16  0.2454E-07
 4  4  12  16  0.2452E-07
 4  4  12  16  0.2446E-07
 4  4  12  16  0.2447E-07
 4  4  12  16  0.2454E-07
 4  4  12  16  0.2462E-07
 4  4  12  16  0.2458E-07
 4  4  13  16  0.2537E-07
 4  4  13  16  0.2503E-07
 4  4  13  16  0.2506E-07
 4  4  13  16  0.2495E-07
 4  4  13  16  0.2509E-07
 4  4  13  16  0.2500E-07
 4  4  13  16  0.2503E-07
 4  4  13  16  0.2499E-07
 4  4  13  16  0.2510E-07
 4  4  13  16  0.2503E-07
 4  4  14  16  0.2509E-07
 4  4  14  16  0.2470E-07
 4  4  14  16  0.2478E-07
 4  4  14  16  0.2480E-07
 4  4  14  16  0.2471E-07
 4  4  14  16  0.2480E-07
 4  4  14  16  0.2480E-07
 4  4  14  16  0.2477E-07
 4  4  14  16  0.2483E-07
 4  4  14  16  0.2479E-07
 4  4  15  16  0.2450E-07
 4  4  15  16  0.2415E-07
 4  4  15  16  0.2418E-07
 4  4  15  16  0.2421E-07
 4  4  15  16  0.2417E-07
 4  4  15  16  0.2416E-07
 4  4  15  16  0.2412E-07
 4  4  15  16  0.2406E-07
 4  4  15  16  0.2405E-07
 4  4  15  16  0.2408E-07
 4  4  16  16  0.2275E-07
 4  4  16  16  0.2249E-07
 4  4  16  16  0.2252E-07
 4  4  16  16  0.2255E-07
 4  4  16  16  0.2252E-07
 4  4  16  16  0.2257E-07
 4  4  16  16  0.2259E-07
 4  4  16  16  0.2258E-07
 4  4  16  16  0.2256E-07
 4  4  16  16  0.2255E-07
 4  4  17  16  0.2694E-07
 4  4  17  16  0.2666E-07
 4  4  17  16  0.2666E-07
 4  4  17  16  0.2674E-07
 4  4  17  16  0.2675E-07
 4  4  17  16  0.2678E-07
 4  4  17  16  0.2678E-07
 4  4  17  16  0.2677E-07
 4  4  17  16  0.2677E-07
 4  4  17  16  0.2675E-07
 4  4  18  16  0.2529E-07
 4  4  18  16  0.2509E-07
 4  4  18  16  0.2509E-07
 4  4  18  16  0.2508E-07
 4  4  18  16  0.2522E-07
 4  4  18  16  0.2521E-07
 4  4  18  16  0.2522E-07
 4  4  18  16  0.2526E-07
 4  4  18  16  0.2527E-07
 4  4  18  16  0.2524E-07
 4  4  19  16  0.2625E-07
 4  4  19  16  0.2606E-07
 4  4  19  16  0.2605E-07
 4  4  19  16  0.2606E-07
 4  4  19  16  0.2605E-07
 4  4  19  16  0.2604E-07
 4  4  19  16  0.2605E-07
 4  4  19  16  0.2604E-07
 4  4  19  16  0.2605E-07
 4  4  19  16  0.2604E-07
 4  4  20  16  0.2532E-07
 4  4  20  16  0.2515E-07
 4  4  20  16  0.2516E-07
 4  4  20  16  0.2511E-07
 4  4  20  16  0.2514E-07
 4  4  20  16  0.2517E-07
 4  4  20  16  0.2517E-07
 4  4  20  16  0.2517E-07
 4  4  20  16  0.2517E-07
 4  4  20  16  0.2518E-07
