 4  64  3  256  0.1430E-07
 4  64  3  256  0.1289E-07
 4  64  3  256  0.1283E-07
 4  64  3  256  0.1308E-07
 4  64  3  256  0.1285E-07
 4  64  3  256  0.1277E-07
 4  64  3  256  0.1264E-07
 4  64  3  256  0.1304E-07
 4  64  3  256  0.1295E-07
 4  64  3  256  0.1283E-07
 4  64  4  256  0.6850E-08
 4  64  4  256  0.6290E-08
 4  64  4  256  0.6822E-08
 4  64  4  256  0.8421E-08
 4  64  4  256  0.8245E-08
 4  64  4  256  0.8322E-08
 4  64  4  256  0.8261E-08
 4  64  4  256  0.8268E-08
 4  64  4  256  0.8252E-08
 4  64  4  256  0.8292E-08
 4  64  5  256  0.4436E-08
 4  64  5  256  0.4063E-08
 4  64  5  256  0.4087E-08
 4  64  5  256  0.4076E-08
 4  64  5  256  0.4130E-08
 4  64  5  256  0.4121E-08
 4  64  5  256  0.4112E-08
 4  64  5  256  0.4070E-08
 4  64  5  256  0.4136E-08
 4  64  5  256  0.4132E-08
 4  64  6  256  0.3149E-08
 4  64  6  256  0.2923E-08
 4  64  6  256  0.2907E-08
 4  64  6  256  0.2915E-08
 4  64  6  256  0.2906E-08
 4  64  6  256  0.2924E-08
 4  64  6  256  0.2942E-08
 4  64  6  256  0.2939E-08
 4  64  6  256  0.2956E-08
 4  64  6  256  0.2922E-08
 4  64  7  256  0.3043E-08
 4  64  7  256  0.2822E-08
 4  64  7  256  0.2802E-08
 4  64  7  256  0.2809E-08
 4  64  7  256  0.2842E-08
 4  64  7  256  0.2820E-08
 4  64  7  256  0.2809E-08
 4  64  7  256  0.2813E-08
 4  64  7  256  0.2815E-08
 4  64  7  256  0.2817E-08
 4  64  8  256  0.3301E-08
 4  64  8  256  0.3151E-08
 4  64  8  256  0.3151E-08
 4  64  8  256  0.3150E-08
 4  64  8  256  0.3134E-08
 4  64  8  256  0.3135E-08
 4  64  8  256  0.3124E-08
 4  64  8  256  0.3141E-08
 4  64  8  256  0.3131E-08
 4  64  8  256  0.3129E-08
 4  64  9  256  0.3170E-08
 4  64  9  256  0.3125E-08
 4  64  9  256  0.3123E-08
 4  64  9  256  0.3121E-08
 4  64  9  256  0.3123E-08
 4  64  9  256  0.3119E-08
 4  64  9  256  0.3120E-08
 4  64  9  256  0.3121E-08
 4  64  9  256  0.3124E-08
 4  64  9  256  0.3128E-08
 4  64  10  256  0.2868E-08
 4  64  10  256  0.2842E-08
 4  64  10  256  0.2842E-08
 4  64  10  256  0.2852E-08
 4  64  10  256  0.2848E-08
 4  64  10  256  0.2850E-08
 4  64  10  256  0.2844E-08
 4  64  10  256  0.2847E-08
 4  64  10  256  0.2846E-08
 4  64  10  256  0.2836E-08
 4  64  11  256  0.2700E-08
 4  64  11  256  0.2687E-08
 4  64  11  256  0.2687E-08
 4  64  11  256  0.2688E-08
 4  64  11  256  0.2681E-08
 4  64  11  256  0.2682E-08
 4  64  11  256  0.2680E-08
 4  64  11  256  0.2675E-08
 4  64  11  256  0.2683E-08
 4  64  11  256  0.2677E-08
 4  64  12  256  0.2412E-08
 4  64  12  256  0.2393E-08
 4  64  12  256  0.2387E-08
 4  64  12  256  0.2387E-08
 4  64  12  256  0.2391E-08
 4  64  12  256  0.2382E-08
 4  64  12  256  0.2387E-08
 4  64  12  256  0.2383E-08
 4  64  12  256  0.2388E-08
 4  64  12  256  0.2388E-08
 4  64  13  256  0.2341E-08
 4  64  13  256  0.2332E-08
 4  64  13  256  0.2326E-08
 4  64  13  256  0.2323E-08
 4  64  13  256  0.2328E-08
 4  64  13  256  0.2325E-08
 4  64  13  256  0.2329E-08
 4  64  13  256  0.2338E-08
 4  64  13  256  0.2344E-08
 4  64  13  256  0.2331E-08
 4  64  14  256  0.2408E-08
 4  64  14  256  0.2396E-08
 4  64  14  256  0.2395E-08
 4  64  14  256  0.2400E-08
 4  64  14  256  0.2395E-08
 4  64  14  256  0.2391E-08
 4  64  14  256  0.2393E-08
 4  64  14  256  0.2395E-08
 4  64  14  256  0.2398E-08
 4  64  14  256  0.2395E-08
 4  64  15  256  0.2285E-08
 4  64  15  256  0.2274E-08
 4  64  15  256  0.2270E-08
 4  64  15  256  0.2272E-08
 4  64  15  256  0.2272E-08
 4  64  15  256  0.2281E-08
 4  64  15  256  0.2277E-08
 4  64  15  256  0.2275E-08
 4  64  15  256  0.2270E-08
 4  64  15  256  0.2272E-08
 4  64  16  256  0.2219E-08
 4  64  16  256  0.2214E-08
 4  64  16  256  0.2207E-08
 4  64  16  256  0.2209E-08
 4  64  16  256  0.2208E-08
 4  64  16  256  0.2232E-08
 4  64  16  256  0.2214E-08
 4  64  16  256  0.2212E-08
 4  64  16  256  0.2207E-08
 4  64  16  256  0.2215E-08
 4  64  17  256  0.2464E-08
 4  64  17  256  0.2467E-08
 4  64  17  256  0.2459E-08
 4  64  17  256  0.2463E-08
 4  64  17  256  0.2452E-08
 4  64  17  256  0.2466E-08
 4  64  17  256  0.2461E-08
 4  64  17  256  0.2459E-08
 4  64  17  256  0.2458E-08
 4  64  17  256  0.2462E-08
 4  64  18  256  0.2251E-08
 4  64  18  256  0.2263E-08
 4  64  18  256  0.2252E-08
 4  64  18  256  0.2263E-08
 4  64  18  256  0.2244E-08
 4  64  18  256  0.2244E-08
 4  64  18  256  0.2251E-08
 4  64  18  256  0.2261E-08
 4  64  18  256  0.2245E-08
 4  64  18  256  0.2245E-08
 4  64  19  256  0.2463E-08
 4  64  19  256  0.2457E-08
 4  64  19  256  0.2458E-08
 4  64  19  256  0.2451E-08
 4  64  19  256  0.2454E-08
 4  64  19  256  0.2458E-08
 4  64  19  256  0.2454E-08
 4  64  19  256  0.2454E-08
 4  64  19  256  0.2456E-08
 4  64  19  256  0.2456E-08
 4  64  20  256  0.2344E-08
 4  64  20  256  0.2335E-08
 4  64  20  256  0.2337E-08
 4  64  20  256  0.2337E-08
 4  64  20  256  0.2336E-08
 4  64  20  256  0.2342E-08
 4  64  20  256  0.2332E-08
 4  64  20  256  0.2334E-08
 4  64  20  256  0.2346E-08
 4  64  20  256  0.2330E-08
