 4  2  3  8  0.1947E-06
 4  2  3  8  0.1918E-06
 4  2  3  8  0.1901E-06
 4  2  3  8  0.1913E-06
 4  2  3  8  0.1919E-06
 4  2  3  8  0.1912E-06
 4  2  3  8  0.1897E-06
 4  2  3  8  0.1884E-06
 4  2  3  8  0.1898E-06
 4  2  3  8  0.1895E-06
 4  2  4  8  0.1149E-06
 4  2  4  8  0.1137E-06
 4  2  4  8  0.1137E-06
 4  2  4  8  0.1143E-06
 4  2  4  8  0.1133E-06
 4  2  4  8  0.1144E-06
 4  2  4  8  0.1131E-06
 4  2  4  8  0.1140E-06
 4  2  4  8  0.1127E-06
 4  2  4  8  0.1130E-06
 4  2  5  8  0.7841E-07
 4  2  5  8  0.7726E-07
 4  2  5  8  0.7718E-07
 4  2  5  8  0.7749E-07
 4  2  5  8  0.7691E-07
 4  2  5  8  0.7725E-07
 4  2  5  8  0.7725E-07
 4  2  5  8  0.7690E-07
 4  2  5  8  0.7768E-07
 4  2  5  8  0.7729E-07
 4  2  6  8  0.5653E-07
 4  2  6  8  0.5651E-07
 4  2  6  8  0.5608E-07
 4  2  6  8  0.5671E-07
 4  2  6  8  0.5580E-07
 4  2  6  8  0.5599E-07
 4  2  6  8  0.5609E-07
 4  2  6  8  0.5537E-07
 4  2  6  8  0.5612E-07
 4  2  6  8  0.5587E-07
 4  2  7  8  0.4664E-07
 4  2  7  8  0.4656E-07
 4  2  7  8  0.4622E-07
 4  2  7  8  0.4623E-07
 4  2  7  8  0.4654E-07
 4  2  7  8  0.4629E-07
 4  2  7  8  0.4672E-07
 4  2  7  8  0.4648E-07
 4  2  7  8  0.4699E-07
 4  2  7  8  0.4639E-07
 4  2  8  8  0.4337E-07
 4  2  8  8  0.4310E-07
 4  2  8  8  0.4304E-07
 4  2  8  8  0.4220E-07
 4  2  8  8  0.4228E-07
 4  2  8  8  0.4236E-07
 4  2  8  8  0.4176E-07
 4  2  8  8  0.4190E-07
 4  2  8  8  0.4226E-07
 4  2  8  8  0.4232E-07
 4  2  9  8  0.3942E-07
 4  2  9  8  0.3873E-07
 4  2  9  8  0.3901E-07
 4  2  9  8  0.3845E-07
 4  2  9  8  0.4102E-07
 4  2  9  8  0.4098E-07
 4  2  9  8  0.4074E-07
 4  2  9  8  0.4143E-07
 4  2  9  8  0.4147E-07
 4  2  9  8  0.4064E-07
 4  2  10  8  0.5111E-07
 4  2  10  8  0.5087E-07
 4  2  10  8  0.5070E-07
 4  2  10  8  0.5071E-07
 4  2  10  8  0.5092E-07
 4  2  10  8  0.5072E-07
 4  2  10  8  0.5075E-07
 4  2  10  8  0.5065E-07
 4  2  10  8  0.5069E-07
 4  2  10  8  0.5081E-07
 4  2  11  8  0.5582E-07
 4  2  11  8  0.5569E-07
 4  2  11  8  0.5550E-07
 4  2  11  8  0.5561E-07
 4  2  11  8  0.5555E-07
 4  2  11  8  0.5551E-07
 4  2  11  8  0.5552E-07
 4  2  11  8  0.5548E-07
 4  2  11  8  0.5553E-07
 4  2  11  8  0.5558E-07
 4  2  12  8  0.4980E-07
 4  2  12  8  0.4924E-07
 4  2  12  8  0.4919E-07
 4  2  12  8  0.4990E-07
 4  2  12  8  0.4973E-07
 4  2  12  8  0.4937E-07
 4  2  12  8  0.4973E-07
 4  2  12  8  0.4990E-07
 4  2  12  8  0.5030E-07
 4  2  12  8  0.5031E-07
 4  2  13  8  0.5047E-07
 4  2  13  8  0.5027E-07
 4  2  13  8  0.5026E-07
 4  2  13  8  0.5025E-07
 4  2  13  8  0.5029E-07
 4  2  13  8  0.5027E-07
 4  2  13  8  0.5027E-07
 4  2  13  8  0.5065E-07
 4  2  13  8  0.5035E-07
 4  2  13  8  0.5039E-07
 4  2  14  8  0.4680E-07
 4  2  14  8  0.4672E-07
 4  2  14  8  0.4670E-07
 4  2  14  8  0.4668E-07
 4  2  14  8  0.4670E-07
 4  2  14  8  0.4672E-07
 4  2  14  8  0.4669E-07
 4  2  14  8  0.4670E-07
 4  2  14  8  0.4672E-07
 4  2  14  8  0.4659E-07
 4  2  15  8  0.4799E-07
 4  2  15  8  0.4790E-07
 4  2  15  8  0.4793E-07
 4  2  15  8  0.4798E-07
 4  2  15  8  0.4789E-07
 4  2  15  8  0.4804E-07
 4  2  15  8  0.4822E-07
 4  2  15  8  0.4819E-07
 4  2  15  8  0.4817E-07
 4  2  15  8  0.4821E-07
 4  2  16  8  0.4391E-07
 4  2  16  8  0.4383E-07
 4  2  16  8  0.4383E-07
 4  2  16  8  0.4382E-07
 4  2  16  8  0.4382E-07
 4  2  16  8  0.4389E-07
 4  2  16  8  0.4397E-07
 4  2  16  8  0.4389E-07
 4  2  16  8  0.4398E-07
 4  2  16  8  0.4388E-07
 4  2  17  8  0.5289E-07
 4  2  17  8  0.5291E-07
 4  2  17  8  0.5295E-07
 4  2  17  8  0.5293E-07
 4  2  17  8  0.5300E-07
 4  2  17  8  0.5296E-07
 4  2  17  8  0.5294E-07
 4  2  17  8  0.5299E-07
 4  2  17  8  0.5294E-07
 4  2  17  8  0.5297E-07
 4  2  18  8  0.4991E-07
 4  2  18  8  0.4985E-07
 4  2  18  8  0.4985E-07
 4  2  18  8  0.4983E-07
 4  2  18  8  0.4986E-07
 4  2  18  8  0.4993E-07
 4  2  18  8  0.4982E-07
 4  2  18  8  0.4983E-07
 4  2  18  8  0.4986E-07
 4  2  18  8  0.4984E-07
 4  2  19  8  0.5275E-07
 4  2  19  8  0.5119E-07
 4  2  19  8  0.5121E-07
 4  2  19  8  0.5118E-07
 4  2  19  8  0.5118E-07
 4  2  19  8  0.5118E-07
 4  2  19  8  0.5117E-07
 4  2  19  8  0.5117E-07
 4  2  19  8  0.5118E-07
 4  2  19  8  0.5117E-07
 4  2  20  8  0.4944E-07
 4  2  20  8  0.4948E-07
 4  2  20  8  0.4949E-07
 4  2  20  8  0.4948E-07
 4  2  20  8  0.4952E-07
 4  2  20  8  0.4952E-07
 4  2  20  8  0.4956E-07
 4  2  20  8  0.4954E-07
 4  2  20  8  0.4955E-07
 4  2  20  8  0.4953E-07
