 4  8  3  32  0.4368E-07
 4  8  3  32  0.3910E-07
 4  8  3  32  0.4151E-07
 4  8  3  32  0.3846E-07
 4  8  3  32  0.3540E-07
 4  8  3  32  0.3569E-07
 4  8  3  32  0.3539E-07
 4  8  3  32  0.3673E-07
 4  8  3  32  0.3486E-07
 4  8  3  32  0.4071E-07
 4  8  4  32  0.3420E-07
 4  8  4  32  0.3336E-07
 4  8  4  32  0.3186E-07
 4  8  4  32  0.3332E-07
 4  8  4  32  0.3348E-07
 4  8  4  32  0.3370E-07
 4  8  4  32  0.3194E-07
 4  8  4  32  0.3255E-07
 4  8  4  32  0.3292E-07
 4  8  4  32  0.3401E-07
 4  8  5  32  0.2147E-07
 4  8  5  32  0.2092E-07
 4  8  5  32  0.1997E-07
 4  8  5  32  0.2001E-07
 4  8  5  32  0.2016E-07
 4  8  5  32  0.2096E-07
 4  8  5  32  0.2122E-07
 4  8  5  32  0.2048E-07
 4  8  5  32  0.2021E-07
 4  8  5  32  0.2062E-07
 4  8  6  32  0.1774E-07
 4  8  6  32  0.1658E-07
 4  8  6  32  0.1657E-07
 4  8  6  32  0.1708E-07
 4  8  6  32  0.1661E-07
 4  8  6  32  0.1662E-07
 4  8  6  32  0.1688E-07
 4  8  6  32  0.1651E-07
 4  8  6  32  0.1638E-07
 4  8  6  32  0.1663E-07
 4  8  7  32  0.1130E-07
 4  8  7  32  0.1052E-07
 4  8  7  32  0.1072E-07
 4  8  7  32  0.1068E-07
 4  8  7  32  0.1046E-07
 4  8  7  32  0.1077E-07
 4  8  7  32  0.1046E-07
 4  8  7  32  0.1064E-07
 4  8  7  32  0.1060E-07
 4  8  7  32  0.1071E-07
 4  8  8  32  0.1079E-07
 4  8  8  32  0.9918E-08
 4  8  8  32  0.9881E-08
 4  8  8  32  0.9867E-08
 4  8  8  32  0.9921E-08
 4  8  8  32  0.9879E-08
 4  8  8  32  0.9832E-08
 4  8  8  32  0.9960E-08
 4  8  8  32  0.9917E-08
 4  8  8  32  0.9848E-08
 4  8  9  32  0.1174E-07
 4  8  9  32  0.1115E-07
 4  8  9  32  0.1118E-07
 4  8  9  32  0.1118E-07
 4  8  9  32  0.1119E-07
 4  8  9  32  0.1120E-07
 4  8  9  32  0.1115E-07
 4  8  9  32  0.1118E-07
 4  8  9  32  0.1117E-07
 4  8  9  32  0.1118E-07
 4  8  10  32  0.1218E-07
 4  8  10  32  0.1186E-07
 4  8  10  32  0.1194E-07
 4  8  10  32  0.1182E-07
 4  8  10  32  0.1190E-07
 4  8  10  32  0.1181E-07
 4  8  10  32  0.1181E-07
 4  8  10  32  0.1180E-07
 4  8  10  32  0.1184E-07
 4  8  10  32  0.1197E-07
 4  8  11  32  0.1040E-07
 4  8  11  32  0.1021E-07
 4  8  11  32  0.1017E-07
 4  8  11  32  0.1019E-07
 4  8  11  32  0.1021E-07
 4  8  11  32  0.1019E-07
 4  8  11  32  0.1020E-07
 4  8  11  32  0.1021E-07
 4  8  11  32  0.1020E-07
 4  8  11  32  0.1018E-07
 4  8  12  32  0.9188E-08
 4  8  12  32  0.8954E-08
 4  8  12  32  0.9007E-08
 4  8  12  32  0.8946E-08
 4  8  12  32  0.8937E-08
 4  8  12  32  0.8943E-08
 4  8  12  32  0.8934E-08
 4  8  12  32  0.8946E-08
 4  8  12  32  0.8944E-08
 4  8  12  32  0.8943E-08
 4  8  13  32  0.9522E-08
 4  8  13  32  0.9362E-08
 4  8  13  32  0.9402E-08
 4  8  13  32  0.9342E-08
 4  8  13  32  0.9386E-08
 4  8  13  32  0.9365E-08
 4  8  13  32  0.9332E-08
 4  8  13  32  0.9342E-08
 4  8  13  32  0.9386E-08
 4  8  13  32  0.9363E-08
 4  8  14  32  0.8735E-08
 4  8  14  32  0.8573E-08
 4  8  14  32  0.8623E-08
 4  8  14  32  0.8566E-08
 4  8  14  32  0.8571E-08
 4  8  14  32  0.8600E-08
 4  8  14  32  0.8644E-08
 4  8  14  32  0.8577E-08
 4  8  14  32  0.8618E-08
 4  8  14  32  0.8593E-08
 4  8  15  32  0.9190E-08
 4  8  15  32  0.9035E-08
 4  8  15  32  0.9037E-08
 4  8  15  32  0.9096E-08
 4  8  15  32  0.9127E-08
 4  8  15  32  0.9042E-08
 4  8  15  32  0.9045E-08
 4  8  15  32  0.9069E-08
 4  8  15  32  0.9067E-08
 4  8  15  32  0.9066E-08
 4  8  16  32  0.8019E-08
 4  8  16  32  0.7980E-08
 4  8  16  32  0.7992E-08
 4  8  16  32  0.7993E-08
 4  8  16  32  0.8026E-08
 4  8  16  32  0.8006E-08
 4  8  16  32  0.8011E-08
 4  8  16  32  0.7999E-08
 4  8  16  32  0.7995E-08
 4  8  16  32  0.7994E-08
 4  8  17  32  0.1081E-07
 4  8  17  32  0.1073E-07
 4  8  17  32  0.1074E-07
 4  8  17  32  0.1071E-07
 4  8  17  32  0.1075E-07
 4  8  17  32  0.1077E-07
 4  8  17  32  0.1075E-07
 4  8  17  32  0.1072E-07
 4  8  17  32  0.1074E-07
 4  8  17  32  0.1073E-07
 4  8  18  32  0.1012E-07
 4  8  18  32  0.1004E-07
 4  8  18  32  0.9991E-08
 4  8  18  32  0.1002E-07
 4  8  18  32  0.1000E-07
 4  8  18  32  0.1000E-07
 4  8  18  32  0.9993E-08
 4  8  18  32  0.9984E-08
 4  8  18  32  0.9991E-08
 4  8  18  32  0.9990E-08
 4  8  19  32  0.1088E-07
 4  8  19  32  0.1084E-07
 4  8  19  32  0.1080E-07
 4  8  19  32  0.1081E-07
 4  8  19  32  0.1081E-07
 4  8  19  32  0.1080E-07
 4  8  19  32  0.1081E-07
 4  8  19  32  0.1080E-07
 4  8  19  32  0.1080E-07
 4  8  19  32  0.1080E-07
 4  8  20  32  0.1022E-07
 4  8  20  32  0.1013E-07
 4  8  20  32  0.1014E-07
 4  8  20  32  0.1015E-07
 4  8  20  32  0.1015E-07
 4  8  20  32  0.1015E-07
 4  8  20  32  0.1015E-07
 4  8  20  32  0.1016E-07
 4  8  20  32  0.1016E-07
 4  8  20  32  0.1015E-07
