 4  1  3  4  0.2278E-06
 4  1  3  4  0.2283E-06
 4  1  3  4  0.2266E-06
 4  1  3  4  0.2270E-06
 4  1  3  4  0.2291E-06
 4  1  3  4  0.2290E-06
 4  1  3  4  0.2272E-06
 4  1  3  4  0.2292E-06
 4  1  3  4  0.2273E-06
 4  1  3  4  0.2263E-06
 4  1  4  4  0.1452E-06
 4  1  4  4  0.1433E-06
 4  1  4  4  0.1430E-06
 4  1  4  4  0.1458E-06
 4  1  4  4  0.1423E-06
 4  1  4  4  0.1422E-06
 4  1  4  4  0.1423E-06
 4  1  4  4  0.1423E-06
 4  1  4  4  0.1432E-06
 4  1  4  4  0.1448E-06
 4  1  5  4  0.1098E-06
 4  1  5  4  0.1094E-06
 4  1  5  4  0.1097E-06
 4  1  5  4  0.1095E-06
 4  1  5  4  0.1095E-06
 4  1  5  4  0.1094E-06
 4  1  5  4  0.1095E-06
 4  1  5  4  0.1089E-06
 4  1  5  4  0.1097E-06
 4  1  5  4  0.1091E-06
 4  1  6  4  0.8300E-07
 4  1  6  4  0.8262E-07
 4  1  6  4  0.8259E-07
 4  1  6  4  0.8272E-07
 4  1  6  4  0.8274E-07
 4  1  6  4  0.8271E-07
 4  1  6  4  0.8258E-07
 4  1  6  4  0.8421E-07
 4  1  6  4  0.8256E-07
 4  1  6  4  0.8265E-07
 4  1  7  4  0.7177E-07
 4  1  7  4  0.7141E-07
 4  1  7  4  0.7149E-07
 4  1  7  4  0.7161E-07
 4  1  7  4  0.7150E-07
 4  1  7  4  0.7141E-07
 4  1  7  4  0.7142E-07
 4  1  7  4  0.7146E-07
 4  1  7  4  0.7156E-07
 4  1  7  4  0.7141E-07
 4  1  8  4  0.6761E-07
 4  1  8  4  0.6694E-07
 4  1  8  4  0.6808E-07
 4  1  8  4  0.6670E-07
 4  1  8  4  0.6686E-07
 4  1  8  4  0.6669E-07
 4  1  8  4  0.6673E-07
 4  1  8  4  0.6683E-07
 4  1  8  4  0.6679E-07
 4  1  8  4  0.6682E-07
 4  1  9  4  0.6534E-07
 4  1  9  4  0.6547E-07
 4  1  9  4  0.6506E-07
 4  1  9  4  0.6519E-07
 4  1  9  4  0.6505E-07
 4  1  9  4  0.6528E-07
 4  1  9  4  0.6506E-07
 4  1  9  4  0.6518E-07
 4  1  9  4  0.6508E-07
 4  1  9  4  0.6496E-07
 4  1  10  4  0.7235E-07
 4  1  10  4  0.7193E-07
 4  1  10  4  0.7179E-07
 4  1  10  4  0.7200E-07
 4  1  10  4  0.7187E-07
 4  1  10  4  0.7176E-07
 4  1  10  4  0.7201E-07
 4  1  10  4  0.7194E-07
 4  1  10  4  0.7204E-07
 4  1  10  4  0.7188E-07
 4  1  11  4  0.8479E-07
 4  1  11  4  0.8447E-07
 4  1  11  4  0.8454E-07
 4  1  11  4  0.8450E-07
 4  1  11  4  0.8444E-07
 4  1  11  4  0.8458E-07
 4  1  11  4  0.8454E-07
 4  1  11  4  0.8443E-07
 4  1  11  4  0.8445E-07
 4  1  11  4  0.8443E-07
 4  1  12  4  0.7883E-07
 4  1  12  4  0.7857E-07
 4  1  12  4  0.7855E-07
 4  1  12  4  0.7849E-07
 4  1  12  4  0.7854E-07
 4  1  12  4  0.7985E-07
 4  1  12  4  0.7902E-07
 4  1  12  4  0.7880E-07
 4  1  12  4  0.7868E-07
 4  1  12  4  0.7876E-07
 4  1  13  4  0.8227E-07
 4  1  13  4  0.8268E-07
 4  1  13  4  0.8241E-07
 4  1  13  4  0.8244E-07
 4  1  13  4  0.8238E-07
 4  1  13  4  0.8236E-07
 4  1  13  4  0.8236E-07
 4  1  13  4  0.8254E-07
 4  1  13  4  0.8257E-07
 4  1  13  4  0.8258E-07
 4  1  14  4  0.7915E-07
 4  1  14  4  0.8010E-07
 4  1  14  4  0.8066E-07
 4  1  14  4  0.8064E-07
 4  1  14  4  0.8057E-07
 4  1  14  4  0.8058E-07
 4  1  14  4  0.8059E-07
 4  1  14  4  0.8057E-07
 4  1  14  4  0.8060E-07
 4  1  14  4  0.8072E-07
 4  1  15  4  0.8288E-07
 4  1  15  4  0.8318E-07
 4  1  15  4  0.8312E-07
 4  1  15  4  0.8312E-07
 4  1  15  4  0.8311E-07
 4  1  15  4  0.8312E-07
 4  1  15  4  0.8314E-07
 4  1  15  4  0.8311E-07
 4  1  15  4  0.8315E-07
 4  1  15  4  0.8313E-07
 4  1  16  4  0.7474E-07
 4  1  16  4  0.7462E-07
 4  1  16  4  0.7458E-07
 4  1  16  4  0.7458E-07
 4  1  16  4  0.7458E-07
 4  1  16  4  0.7455E-07
 4  1  16  4  0.7459E-07
 4  1  16  4  0.7455E-07
 4  1  16  4  0.7461E-07
 4  1  16  4  0.7457E-07
 4  1  17  4  0.9602E-07
 4  1  17  4  0.9589E-07
 4  1  17  4  0.9605E-07
 4  1  17  4  0.9667E-07
 4  1  17  4  0.9665E-07
 4  1  17  4  0.9662E-07
 4  1  17  4  0.9664E-07
 4  1  17  4  0.9666E-07
 4  1  17  4  0.9662E-07
 4  1  17  4  0.9669E-07
 4  1  18  4  0.9026E-07
 4  1  18  4  0.9077E-07
 4  1  18  4  0.9092E-07
 4  1  18  4  0.9089E-07
 4  1  18  4  0.9092E-07
 4  1  18  4  0.9088E-07
 4  1  18  4  0.9100E-07
 4  1  18  4  0.9094E-07
 4  1  18  4  0.9088E-07
 4  1  18  4  0.9099E-07
 4  1  19  4  0.9439E-07
 4  1  19  4  0.9429E-07
 4  1  19  4  0.9431E-07
 4  1  19  4  0.9433E-07
 4  1  19  4  0.9428E-07
 4  1  19  4  0.9431E-07
 4  1  19  4  0.9431E-07
 4  1  19  4  0.9433E-07
 4  1  19  4  0.9436E-07
 4  1  19  4  0.9428E-07
 4  1  20  4  0.9154E-07
 4  1  20  4  0.9146E-07
 4  1  20  4  0.9147E-07
 4  1  20  4  0.9148E-07
 4  1  20  4  0.9147E-07
 4  1  20  4  0.9151E-07
 4  1  20  4  0.9148E-07
 4  1  20  4  0.9149E-07
 4  1  20  4  0.9156E-07
 4  1  20  4  0.9158E-07
