 4  8  3  32  0.1344E-06
 4  8  3  32  0.1318E-06
 4  8  3  32  0.1293E-06
 4  8  3  32  0.1289E-06
 4  8  3  32  0.1299E-06
 4  8  3  32  0.1272E-06
 4  8  3  32  0.1294E-06
 4  8  3  32  0.1270E-06
 4  8  3  32  0.1290E-06
 4  8  3  32  0.1263E-06
 4  8  4  32  0.6392E-07
 4  8  4  32  0.6358E-07
 4  8  4  32  0.6340E-07
 4  8  4  32  0.6297E-07
 4  8  4  32  0.6279E-07
 4  8  4  32  0.6202E-07
 4  8  4  32  0.6209E-07
 4  8  4  32  0.6273E-07
 4  8  4  32  0.6205E-07
 4  8  4  32  0.6639E-07
 4  8  5  32  0.4136E-07
 4  8  5  32  0.4014E-07
 4  8  5  32  0.4094E-07
 4  8  5  32  0.4000E-07
 4  8  5  32  0.4062E-07
 4  8  5  32  0.4022E-07
 4  8  5  32  0.4058E-07
 4  8  5  32  0.4034E-07
 4  8  5  32  0.4088E-07
 4  8  5  32  0.4134E-07
 4  8  6  32  0.2951E-07
 4  8  6  32  0.2905E-07
 4  8  6  32  0.2914E-07
 4  8  6  32  0.2932E-07
 4  8  6  32  0.2892E-07
 4  8  6  32  0.2928E-07
 4  8  6  32  0.2940E-07
 4  8  6  32  0.2924E-07
 4  8  6  32  0.2896E-07
 4  8  6  32  0.2922E-07
 4  8  7  32  0.2202E-07
 4  8  7  32  0.2228E-07
 4  8  7  32  0.2173E-07
 4  8  7  32  0.2152E-07
 4  8  7  32  0.2162E-07
 4  8  7  32  0.2167E-07
 4  8  7  32  0.2163E-07
 4  8  7  32  0.2158E-07
 4  8  7  32  0.2221E-07
 4  8  7  32  0.2174E-07
 4  8  8  32  0.1891E-07
 4  8  8  32  0.1823E-07
 4  8  8  32  0.1825E-07
 4  8  8  32  0.1824E-07
 4  8  8  32  0.1820E-07
 4  8  8  32  0.1837E-07
 4  8  8  32  0.1817E-07
 4  8  8  32  0.1848E-07
 4  8  8  32  0.1814E-07
 4  8  8  32  0.1817E-07
 4  8  9  32  0.1427E-07
 4  8  9  32  0.1435E-07
 4  8  9  32  0.1405E-07
 4  8  9  32  0.1403E-07
 4  8  9  32  0.1410E-07
 4  8  9  32  0.1405E-07
 4  8  9  32  0.1403E-07
 4  8  9  32  0.1403E-07
 4  8  9  32  0.1406E-07
 4  8  9  32  0.1410E-07
 4  8  10  32  0.1519E-07
 4  8  10  32  0.1505E-07
 4  8  10  32  0.1507E-07
 4  8  10  32  0.1509E-07
 4  8  10  32  0.1506E-07
 4  8  10  32  0.1506E-07
 4  8  10  32  0.1505E-07
 4  8  10  32  0.1507E-07
 4  8  10  32  0.1504E-07
 4  8  10  32  0.1505E-07
 4  8  11  32  0.1590E-07
 4  8  11  32  0.1580E-07
 4  8  11  32  0.1577E-07
 4  8  11  32  0.1575E-07
 4  8  11  32  0.1578E-07
 4  8  11  32  0.1574E-07
 4  8  11  32  0.1573E-07
 4  8  11  32  0.1576E-07
 4  8  11  32  0.1574E-07
 4  8  11  32  0.1574E-07
 4  8  12  32  0.1432E-07
 4  8  12  32  0.1421E-07
 4  8  12  32  0.1424E-07
 4  8  12  32  0.1430E-07
 4  8  12  32  0.1425E-07
 4  8  12  32  0.1429E-07
 4  8  12  32  0.1426E-07
 4  8  12  32  0.1421E-07
 4  8  12  32  0.1426E-07
 4  8  12  32  0.1424E-07
 4  8  13  32  0.1422E-07
 4  8  13  32  0.1417E-07
 4  8  13  32  0.1418E-07
 4  8  13  32  0.1417E-07
 4  8  13  32  0.1420E-07
 4  8  13  32  0.1420E-07
 4  8  13  32  0.1418E-07
 4  8  13  32  0.1421E-07
 4  8  13  32  0.1420E-07
 4  8  13  32  0.1423E-07
 4  8  14  32  0.1305E-07
 4  8  14  32  0.1304E-07
 4  8  14  32  0.1304E-07
 4  8  14  32  0.1304E-07
 4  8  14  32  0.1303E-07
 4  8  14  32  0.1303E-07
 4  8  14  32  0.1302E-07
 4  8  14  32  0.1303E-07
 4  8  14  32  0.1302E-07
 4  8  14  32  0.1302E-07
 4  8  15  32  0.1323E-07
 4  8  15  32  0.1321E-07
 4  8  15  32  0.1321E-07
 4  8  15  32  0.1322E-07
 4  8  15  32  0.1323E-07
 4  8  15  32  0.1322E-07
 4  8  15  32  0.1323E-07
 4  8  15  32  0.1324E-07
 4  8  15  32  0.1323E-07
 4  8  15  32  0.1321E-07
 4  8  16  32  0.1227E-07
 4  8  16  32  0.1223E-07
 4  8  16  32  0.1220E-07
 4  8  16  32  0.1223E-07
 4  8  16  32  0.1221E-07
 4  8  16  32  0.1219E-07
 4  8  16  32  0.1221E-07
 4  8  16  32  0.1220E-07
 4  8  16  32  0.1222E-07
 4  8  16  32  0.1223E-07
 4  8  17  32  0.1439E-07
 4  8  17  32  0.1435E-07
 4  8  17  32  0.1439E-07
 4  8  17  32  0.1437E-07
 4  8  17  32  0.1437E-07
 4  8  17  32  0.1438E-07
 4  8  17  32  0.1438E-07
 4  8  17  32  0.1437E-07
 4  8  17  32  0.1440E-07
 4  8  17  32  0.1437E-07
 4  8  18  32  0.1334E-07
 4  8  18  32  0.1332E-07
 4  8  18  32  0.1332E-07
 4  8  18  32  0.1333E-07
 4  8  18  32  0.1333E-07
 4  8  18  32  0.1331E-07
 4  8  18  32  0.1331E-07
 4  8  18  32  0.1332E-07
 4  8  18  32  0.1332E-07
 4  8  18  32  0.1333E-07
 4  8  19  32  0.1373E-07
 4  8  19  32  0.1372E-07
 4  8  19  32  0.1373E-07
 4  8  19  32  0.1373E-07
 4  8  19  32  0.1372E-07
 4  8  19  32  0.1372E-07
 4  8  19  32  0.1372E-07
 4  8  19  32  0.1373E-07
 4  8  19  32  0.1373E-07
 4  8  19  32  0.1372E-07
 4  8  20  32  0.1315E-07
 4  8  20  32  0.1314E-07
 4  8  20  32  0.1313E-07
 4  8  20  32  0.1314E-07
 4  8  20  32  0.1315E-07
 4  8  20  32  0.1314E-07
 4  8  20  32  0.1313E-07
 4  8  20  32  0.1316E-07
 4  8  20  32  0.1314E-07
 4  8  20  32  0.1314E-07
