 4  64  3  256  0.8686E-08
 4  64  3  256  0.6625E-08
 4  64  3  256  0.6862E-08
 4  64  3  256  0.6657E-08
 4  64  3  256  0.6766E-08
 4  64  3  256  0.6652E-08
 4  64  3  256  0.6630E-08
 4  64  3  256  0.6622E-08
 4  64  3  256  0.6610E-08
 4  64  3  256  0.6566E-08
 4  64  4  256  0.4344E-08
 4  64  4  256  0.3723E-08
 4  64  4  256  0.3792E-08
 4  64  4  256  0.3850E-08
 4  64  4  256  0.3730E-08
 4  64  4  256  0.3826E-08
 4  64  4  256  0.3823E-08
 4  64  4  256  0.3813E-08
 4  64  4  256  0.3802E-08
 4  64  4  256  0.3759E-08
 4  64  5  256  0.3510E-08
 4  64  5  256  0.2966E-08
 4  64  5  256  0.3008E-08
 4  64  5  256  0.2958E-08
 4  64  5  256  0.2962E-08
 4  64  5  256  0.3001E-08
 4  64  5  256  0.2968E-08
 4  64  5  256  0.2966E-08
 4  64  5  256  0.2978E-08
 4  64  5  256  0.2951E-08
 4  64  6  256  0.2919E-08
 4  64  6  256  0.2674E-08
 4  64  6  256  0.2653E-08
 4  64  6  256  0.2643E-08
 4  64  6  256  0.2648E-08
 4  64  6  256  0.2622E-08
 4  64  6  256  0.2638E-08
 4  64  6  256  0.2651E-08
 4  64  6  256  0.2637E-08
 4  64  6  256  0.2630E-08
 4  64  7  256  0.2959E-08
 4  64  7  256  0.2801E-08
 4  64  7  256  0.2797E-08
 4  64  7  256  0.2814E-08
 4  64  7  256  0.2793E-08
 4  64  7  256  0.2780E-08
 4  64  7  256  0.2802E-08
 4  64  7  256  0.2785E-08
 4  64  7  256  0.2782E-08
 4  64  7  256  0.2783E-08
 4  64  8  256  0.1841E-08
 4  64  8  256  0.1706E-08
 4  64  8  256  0.1707E-08
 4  64  8  256  0.1713E-08
 4  64  8  256  0.1710E-08
 4  64  8  256  0.1697E-08
 4  64  8  256  0.1710E-08
 4  64  8  256  0.1714E-08
 4  64  8  256  0.1704E-08
 4  64  8  256  0.1708E-08
 4  64  9  256  0.1903E-08
 4  64  9  256  0.1809E-08
 4  64  9  256  0.1804E-08
 4  64  9  256  0.1806E-08
 4  64  9  256  0.1800E-08
 4  64  9  256  0.1808E-08
 4  64  9  256  0.1806E-08
 4  64  9  256  0.1810E-08
 4  64  9  256  0.1810E-08
 4  64  9  256  0.1802E-08
 4  64  10  256  0.1978E-08
 4  64  10  256  0.2060E-08
 4  64  10  256  0.2230E-08
 4  64  10  256  0.2101E-08
 4  64  10  256  0.1919E-08
 4  64  10  256  0.1920E-08
 4  64  10  256  0.1915E-08
 4  64  10  256  0.1922E-08
 4  64  10  256  0.1922E-08
 4  64  10  256  0.1922E-08
 4  64  11  256  0.1846E-08
 4  64  11  256  0.1773E-08
 4  64  11  256  0.1774E-08
 4  64  11  256  0.1764E-08
 4  64  11  256  0.1756E-08
 4  64  11  256  0.1760E-08
 4  64  11  256  0.1766E-08
 4  64  11  256  0.1761E-08
 4  64  11  256  0.1769E-08
 4  64  11  256  0.1762E-08
 4  64  12  256  0.1810E-08
 4  64  12  256  0.1737E-08
 4  64  12  256  0.1712E-08
 4  64  12  256  0.1566E-08
 4  64  12  256  0.1562E-08
 4  64  12  256  0.1574E-08
 4  64  12  256  0.1569E-08
 4  64  12  256  0.1569E-08
 4  64  12  256  0.1558E-08
 4  64  12  256  0.1563E-08
 4  64  13  256  0.1759E-08
 4  64  13  256  0.1688E-08
 4  64  13  256  0.1682E-08
 4  64  13  256  0.1679E-08
 4  64  13  256  0.1684E-08
 4  64  13  256  0.1690E-08
 4  64  13  256  0.1692E-08
 4  64  13  256  0.1686E-08
 4  64  13  256  0.1690E-08
 4  64  13  256  0.1683E-08
 4  64  14  256  0.1595E-08
 4  64  14  256  0.1521E-08
 4  64  14  256  0.1517E-08
 4  64  14  256  0.1509E-08
 4  64  14  256  0.1508E-08
 4  64  14  256  0.1733E-08
 4  64  14  256  0.1789E-08
 4  64  14  256  0.1598E-08
 4  64  14  256  0.1503E-08
 4  64  14  256  0.1507E-08
 4  64  15  256  0.1672E-08
 4  64  15  256  0.1596E-08
 4  64  15  256  0.1590E-08
 4  64  15  256  0.1600E-08
 4  64  15  256  0.1590E-08
 4  64  15  256  0.1596E-08
 4  64  15  256  0.1617E-08
 4  64  15  256  0.1602E-08
 4  64  15  256  0.1596E-08
 4  64  15  256  0.1591E-08
 4  64  16  256  0.1837E-08
 4  64  16  256  0.1793E-08
 4  64  16  256  0.1781E-08
 4  64  16  256  0.1786E-08
 4  64  16  256  0.1799E-08
 4  64  16  256  0.1804E-08
 4  64  16  256  0.1799E-08
 4  64  16  256  0.1793E-08
 4  64  16  256  0.1796E-08
 4  64  16  256  0.1796E-08
 4  64  17  256  0.1966E-08
 4  64  17  256  0.1932E-08
 4  64  17  256  0.1928E-08
 4  64  17  256  0.1928E-08
 4  64  17  256  0.1924E-08
 4  64  17  256  0.1923E-08
 4  64  17  256  0.1926E-08
 4  64  17  256  0.1924E-08
 4  64  17  256  0.1926E-08
 4  64  17  256  0.1927E-08
 4  64  18  256  0.1911E-08
 4  64  18  256  0.1844E-08
 4  64  18  256  0.1836E-08
 4  64  18  256  0.1823E-08
 4  64  18  256  0.1830E-08
 4  64  18  256  0.1841E-08
 4  64  18  256  0.1827E-08
 4  64  18  256  0.1827E-08
 4  64  18  256  0.1820E-08
 4  64  18  256  0.1835E-08
 4  64  19  256  0.1941E-08
 4  64  19  256  0.1907E-08
 4  64  19  256  0.1907E-08
 4  64  19  256  0.1907E-08
 4  64  19  256  0.1903E-08
 4  64  19  256  0.1908E-08
 4  64  19  256  0.1906E-08
 4  64  19  256  0.1905E-08
 4  64  19  256  0.1903E-08
 4  64  19  256  0.1913E-08
 4  64  20  256  0.1851E-08
 4  64  20  256  0.1825E-08
 4  64  20  256  0.1827E-08
 4  64  20  256  0.1826E-08
 4  64  20  256  0.1827E-08
 4  64  20  256  0.1824E-08
 4  64  20  256  0.1828E-08
 4  64  20  256  0.1823E-08
 4  64  20  256  0.1824E-08
 4  64  20  256  0.1825E-08
