 4  4  3  16  0.1612E-06
 4  4  3  16  0.1495E-06
 4  4  3  16  0.1568E-06
 4  4  3  16  0.1578E-06
 4  4  3  16  0.1563E-06
 4  4  3  16  0.1585E-06
 4  4  3  16  0.1534E-06
 4  4  3  16  0.1545E-06
 4  4  3  16  0.1568E-06
 4  4  3  16  0.1547E-06
 4  4  4  16  0.7608E-07
 4  4  4  16  0.8266E-07
 4  4  4  16  0.7833E-07
 4  4  4  16  0.7687E-07
 4  4  4  16  0.7721E-07
 4  4  4  16  0.8020E-07
 4  4  4  16  0.8013E-07
 4  4  4  16  0.7795E-07
 4  4  4  16  0.8081E-07
 4  4  4  16  0.7762E-07
 4  4  5  16  0.4938E-07
 4  4  5  16  0.4783E-07
 4  4  5  16  0.4886E-07
 4  4  5  16  0.4800E-07
 4  4  5  16  0.4909E-07
 4  4  5  16  0.4982E-07
 4  4  5  16  0.4802E-07
 4  4  5  16  0.4716E-07
 4  4  5  16  0.4896E-07
 4  4  5  16  0.4862E-07
 4  4  6  16  0.4551E-07
 4  4  6  16  0.4488E-07
 4  4  6  16  0.4526E-07
 4  4  6  16  0.4564E-07
 4  4  6  16  0.4559E-07
 4  4  6  16  0.4513E-07
 4  4  6  16  0.4571E-07
 4  4  6  16  0.4601E-07
 4  4  6  16  0.4547E-07
 4  4  6  16  0.4570E-07
 4  4  7  16  0.2959E-07
 4  4  7  16  0.2861E-07
 4  4  7  16  0.2871E-07
 4  4  7  16  0.2953E-07
 4  4  7  16  0.2901E-07
 4  4  7  16  0.2837E-07
 4  4  7  16  0.2891E-07
 4  4  7  16  0.2842E-07
 4  4  7  16  0.2896E-07
 4  4  7  16  0.2845E-07
 4  4  8  16  0.2951E-07
 4  4  8  16  0.2924E-07
 4  4  8  16  0.2914E-07
 4  4  8  16  0.2914E-07
 4  4  8  16  0.2923E-07
 4  4  8  16  0.2925E-07
 4  4  8  16  0.2919E-07
 4  4  8  16  0.2924E-07
 4  4  8  16  0.2925E-07
 4  4  8  16  0.2918E-07
 4  4  9  16  0.2608E-07
 4  4  9  16  0.2577E-07
 4  4  9  16  0.2566E-07
 4  4  9  16  0.2580E-07
 4  4  9  16  0.2582E-07
 4  4  9  16  0.2578E-07
 4  4  9  16  0.2583E-07
 4  4  9  16  0.2572E-07
 4  4  9  16  0.2583E-07
 4  4  9  16  0.2582E-07
 4  4  10  16  0.2799E-07
 4  4  10  16  0.2783E-07
 4  4  10  16  0.2785E-07
 4  4  10  16  0.2781E-07
 4  4  10  16  0.2789E-07
 4  4  10  16  0.2776E-07
 4  4  10  16  0.2787E-07
 4  4  10  16  0.2788E-07
 4  4  10  16  0.2793E-07
 4  4  10  16  0.2785E-07
 4  4  11  16  0.3068E-07
 4  4  11  16  0.3059E-07
 4  4  11  16  0.3101E-07
 4  4  11  16  0.3074E-07
 4  4  11  16  0.3091E-07
 4  4  11  16  0.3084E-07
 4  4  11  16  0.3083E-07
 4  4  11  16  0.3085E-07
 4  4  11  16  0.3065E-07
 4  4  11  16  0.3079E-07
 4  4  12  16  0.2800E-07
 4  4  12  16  0.2768E-07
 4  4  12  16  0.2780E-07
 4  4  12  16  0.2772E-07
 4  4  12  16  0.2778E-07
 4  4  12  16  0.2779E-07
 4  4  12  16  0.2776E-07
 4  4  12  16  0.2772E-07
 4  4  12  16  0.2776E-07
 4  4  12  16  0.2766E-07
 4  4  13  16  0.2789E-07
 4  4  13  16  0.2774E-07
 4  4  13  16  0.2767E-07
 4  4  13  16  0.2772E-07
 4  4  13  16  0.2768E-07
 4  4  13  16  0.2774E-07
 4  4  13  16  0.2774E-07
 4  4  13  16  0.2776E-07
 4  4  13  16  0.2770E-07
 4  4  13  16  0.2769E-07
 4  4  14  16  0.2466E-07
 4  4  14  16  0.2458E-07
 4  4  14  16  0.2455E-07
 4  4  14  16  0.2457E-07
 4  4  14  16  0.2462E-07
 4  4  14  16  0.2458E-07
 4  4  14  16  0.2454E-07
 4  4  14  16  0.2457E-07
 4  4  14  16  0.2458E-07
 4  4  14  16  0.2457E-07
 4  4  15  16  0.2495E-07
 4  4  15  16  0.2489E-07
 4  4  15  16  0.2487E-07
 4  4  15  16  0.2490E-07
 4  4  15  16  0.2495E-07
 4  4  15  16  0.2494E-07
 4  4  15  16  0.2492E-07
 4  4  15  16  0.2498E-07
 4  4  15  16  0.2492E-07
 4  4  15  16  0.2492E-07
 4  4  16  16  0.2300E-07
 4  4  16  16  0.2297E-07
 4  4  16  16  0.2296E-07
 4  4  16  16  0.2297E-07
 4  4  16  16  0.2295E-07
 4  4  16  16  0.2296E-07
 4  4  16  16  0.2293E-07
 4  4  16  16  0.2296E-07
 4  4  16  16  0.2294E-07
 4  4  16  16  0.2303E-07
 4  4  17  16  0.2765E-07
 4  4  17  16  0.2759E-07
 4  4  17  16  0.2762E-07
 4  4  17  16  0.2763E-07
 4  4  17  16  0.2761E-07
 4  4  17  16  0.2760E-07
 4  4  17  16  0.2762E-07
 4  4  17  16  0.2766E-07
 4  4  17  16  0.2763E-07
 4  4  17  16  0.2765E-07
 4  4  18  16  0.2573E-07
 4  4  18  16  0.2570E-07
 4  4  18  16  0.2570E-07
 4  4  18  16  0.2570E-07
 4  4  18  16  0.2570E-07
 4  4  18  16  0.2573E-07
 4  4  18  16  0.2570E-07
 4  4  18  16  0.2571E-07
 4  4  18  16  0.2572E-07
 4  4  18  16  0.2573E-07
 4  4  19  16  0.2642E-07
 4  4  19  16  0.2639E-07
 4  4  19  16  0.2640E-07
 4  4  19  16  0.2640E-07
 4  4  19  16  0.2639E-07
 4  4  19  16  0.2639E-07
 4  4  19  16  0.2640E-07
 4  4  19  16  0.2638E-07
 4  4  19  16  0.2640E-07
 4  4  19  16  0.2644E-07
 4  4  20  16  0.2550E-07
 4  4  20  16  0.2549E-07
 4  4  20  16  0.2549E-07
 4  4  20  16  0.2550E-07
 4  4  20  16  0.2546E-07
 4  4  20  16  0.2545E-07
 4  4  20  16  0.2541E-07
 4  4  20  16  0.2543E-07
 4  4  20  16  0.2543E-07
 4  4  20  16  0.2543E-07
