 4  16  3  64  0.4172E-07
 4  16  3  64  0.3890E-07
 4  16  3  64  0.3851E-07
 4  16  3  64  0.4080E-07
 4  16  3  64  0.3865E-07
 4  16  3  64  0.3836E-07
 4  16  3  64  0.3867E-07
 4  16  3  64  0.3882E-07
 4  16  3  64  0.4079E-07
 4  16  3  64  0.3892E-07
 4  16  4  64  0.2190E-07
 4  16  4  64  0.2106E-07
 4  16  4  64  0.2108E-07
 4  16  4  64  0.2110E-07
 4  16  4  64  0.2079E-07
 4  16  4  64  0.2177E-07
 4  16  4  64  0.2083E-07
 4  16  4  64  0.2085E-07
 4  16  4  64  0.2094E-07
 4  16  4  64  0.2085E-07
 4  16  5  64  0.1512E-07
 4  16  5  64  0.1521E-07
 4  16  5  64  0.1481E-07
 4  16  5  64  0.1435E-07
 4  16  5  64  0.1477E-07
 4  16  5  64  0.1475E-07
 4  16  5  64  0.1441E-07
 4  16  5  64  0.1481E-07
 4  16  5  64  0.1456E-07
 4  16  5  64  0.1474E-07
 4  16  6  64  0.1074E-07
 4  16  6  64  0.1037E-07
 4  16  6  64  0.1030E-07
 4  16  6  64  0.1034E-07
 4  16  6  64  0.1090E-07
 4  16  6  64  0.1061E-07
 4  16  6  64  0.1025E-07
 4  16  6  64  0.1051E-07
 4  16  6  64  0.1052E-07
 4  16  6  64  0.1033E-07
 4  16  7  64  0.6998E-08
 4  16  7  64  0.6511E-08
 4  16  7  64  0.6539E-08
 4  16  7  64  0.6516E-08
 4  16  7  64  0.6536E-08
 4  16  7  64  0.6528E-08
 4  16  7  64  0.6436E-08
 4  16  7  64  0.6472E-08
 4  16  7  64  0.6440E-08
 4  16  7  64  0.6495E-08
 4  16  8  64  0.6570E-08
 4  16  8  64  0.6325E-08
 4  16  8  64  0.6335E-08
 4  16  8  64  0.6355E-08
 4  16  8  64  0.6335E-08
 4  16  8  64  0.6318E-08
 4  16  8  64  0.6329E-08
 4  16  8  64  0.6355E-08
 4  16  8  64  0.6297E-08
 4  16  8  64  0.6349E-08
 4  16  9  64  0.6659E-08
 4  16  9  64  0.6456E-08
 4  16  9  64  0.6447E-08
 4  16  9  64  0.6472E-08
 4  16  9  64  0.6432E-08
 4  16  9  64  0.6458E-08
 4  16  9  64  0.6616E-08
 4  16  9  64  0.6444E-08
 4  16  9  64  0.6604E-08
 4  16  9  64  0.6481E-08
 4  16  10  64  0.7385E-08
 4  16  10  64  0.7229E-08
 4  16  10  64  0.7208E-08
 4  16  10  64  0.7206E-08
 4  16  10  64  0.7211E-08
 4  16  10  64  0.7210E-08
 4  16  10  64  0.7207E-08
 4  16  10  64  0.7220E-08
 4  16  10  64  0.7221E-08
 4  16  10  64  0.7202E-08
 4  16  11  64  0.7555E-08
 4  16  11  64  0.7400E-08
 4  16  11  64  0.7379E-08
 4  16  11  64  0.7402E-08
 4  16  11  64  0.7399E-08
 4  16  11  64  0.7432E-08
 4  16  11  64  0.7425E-08
 4  16  11  64  0.7407E-08
 4  16  11  64  0.7428E-08
 4  16  11  64  0.7412E-08
 4  16  12  64  0.6812E-08
 4  16  12  64  0.6678E-08
 4  16  12  64  0.6700E-08
 4  16  12  64  0.6682E-08
 4  16  12  64  0.6682E-08
 4  16  12  64  0.6706E-08
 4  16  12  64  0.6696E-08
 4  16  12  64  0.6703E-08
 4  16  12  64  0.6710E-08
 4  16  12  64  0.6697E-08
 4  16  13  64  0.6902E-08
 4  16  13  64  0.6778E-08
 4  16  13  64  0.6777E-08
 4  16  13  64  0.6781E-08
 4  16  13  64  0.6778E-08
 4  16  13  64  0.6797E-08
 4  16  13  64  0.6775E-08
 4  16  13  64  0.6776E-08
 4  16  13  64  0.6781E-08
 4  16  13  64  0.6779E-08
 4  16  14  64  0.6413E-08
 4  16  14  64  0.6278E-08
 4  16  14  64  0.6285E-08
 4  16  14  64  0.6292E-08
 4  16  14  64  0.6270E-08
 4  16  14  64  0.6289E-08
 4  16  14  64  0.6290E-08
 4  16  14  64  0.6280E-08
 4  16  14  64  0.6282E-08
 4  16  14  64  0.6278E-08
 4  16  15  64  0.6569E-08
 4  16  15  64  0.6455E-08
 4  16  15  64  0.6463E-08
 4  16  15  64  0.6458E-08
 4  16  15  64  0.6469E-08
 4  16  15  64  0.6469E-08
 4  16  15  64  0.6464E-08
 4  16  15  64  0.6473E-08
 4  16  15  64  0.6466E-08
 4  16  15  64  0.6464E-08
 4  16  16  64  0.6343E-08
 4  16  16  64  0.6251E-08
 4  16  16  64  0.6238E-08
 4  16  16  64  0.6239E-08
 4  16  16  64  0.6238E-08
 4  16  16  64  0.6237E-08
 4  16  16  64  0.6234E-08
 4  16  16  64  0.6236E-08
 4  16  16  64  0.6239E-08
 4  16  16  64  0.6247E-08
 4  16  17  64  0.7170E-08
 4  16  17  64  0.7091E-08
 4  16  17  64  0.7094E-08
 4  16  17  64  0.7094E-08
 4  16  17  64  0.7083E-08
 4  16  17  64  0.7087E-08
 4  16  17  64  0.7080E-08
 4  16  17  64  0.7098E-08
 4  16  17  64  0.7092E-08
 4  16  17  64  0.7084E-08
 4  16  18  64  0.6741E-08
 4  16  18  64  0.6667E-08
 4  16  18  64  0.6671E-08
 4  16  18  64  0.6659E-08
 4  16  18  64  0.6674E-08
 4  16  18  64  0.6671E-08
 4  16  18  64  0.6665E-08
 4  16  18  64  0.6660E-08
 4  16  18  64  0.6657E-08
 4  16  18  64  0.6657E-08
 4  16  19  64  0.6907E-08
 4  16  19  64  0.6865E-08
 4  16  19  64  0.6852E-08
 4  16  19  64  0.6845E-08
 4  16  19  64  0.6845E-08
 4  16  19  64  0.6848E-08
 4  16  19  64  0.6848E-08
 4  16  19  64  0.6845E-08
 4  16  19  64  0.6845E-08
 4  16  19  64  0.6848E-08
 4  16  20  64  0.6700E-08
 4  16  20  64  0.6638E-08
 4  16  20  64  0.6645E-08
 4  16  20  64  0.6638E-08
 4  16  20  64  0.6632E-08
 4  16  20  64  0.6635E-08
 4  16  20  64  0.6642E-08
 4  16  20  64  0.6639E-08
 4  16  20  64  0.6630E-08
 4  16  20  64  0.6638E-08
