 4  32  3  128  0.1440E-07
 4  32  3  128  0.1359E-07
 4  32  3  128  0.1365E-07
 4  32  3  128  0.1309E-07
 4  32  3  128  0.1303E-07
 4  32  3  128  0.1350E-07
 4  32  3  128  0.1272E-07
 4  32  3  128  0.1304E-07
 4  32  3  128  0.1303E-07
 4  32  3  128  0.1292E-07
 4  32  4  128  0.6697E-08
 4  32  4  128  0.6295E-08
 4  32  4  128  0.6281E-08
 4  32  4  128  0.6648E-08
 4  32  4  128  0.6318E-08
 4  32  4  128  0.6270E-08
 4  32  4  128  0.6263E-08
 4  32  4  128  0.6264E-08
 4  32  4  128  0.6262E-08
 4  32  4  128  0.6420E-08
 4  32  5  128  0.3958E-08
 4  32  5  128  0.3709E-08
 4  32  5  128  0.3656E-08
 4  32  5  128  0.3741E-08
 4  32  5  128  0.3651E-08
 4  32  5  128  0.3722E-08
 4  32  5  128  0.3668E-08
 4  32  5  128  0.3644E-08
 4  32  5  128  0.3750E-08
 4  32  5  128  0.3762E-08
 4  32  6  128  0.3724E-08
 4  32  6  128  0.3532E-08
 4  32  6  128  0.3545E-08
 4  32  6  128  0.3538E-08
 4  32  6  128  0.3534E-08
 4  32  6  128  0.3560E-08
 4  32  6  128  0.3586E-08
 4  32  6  128  0.3545E-08
 4  32  6  128  0.3590E-08
 4  32  6  128  0.3628E-08
 4  32  7  128  0.2491E-08
 4  32  7  128  0.2369E-08
 4  32  7  128  0.2392E-08
 4  32  7  128  0.2337E-08
 4  32  7  128  0.2423E-08
 4  32  7  128  0.2326E-08
 4  32  7  128  0.2371E-08
 4  32  7  128  0.2359E-08
 4  32  7  128  0.2330E-08
 4  32  7  128  0.2314E-08
 4  32  8  128  0.2863E-08
 4  32  8  128  0.2694E-08
 4  32  8  128  0.2698E-08
 4  32  8  128  0.2694E-08
 4  32  8  128  0.2702E-08
 4  32  8  128  0.2708E-08
 4  32  8  128  0.2697E-08
 4  32  8  128  0.2707E-08
 4  32  8  128  0.2726E-08
 4  32  8  128  0.2708E-08
 4  32  9  128  0.2536E-08
 4  32  9  128  0.2397E-08
 4  32  9  128  0.2429E-08
 4  32  9  128  0.2400E-08
 4  32  9  128  0.2401E-08
 4  32  9  128  0.2389E-08
 4  32  9  128  0.2386E-08
 4  32  9  128  0.2413E-08
 4  32  9  128  0.2380E-08
 4  32  9  128  0.2387E-08
 4  32  10  128  0.2864E-08
 4  32  10  128  0.2810E-08
 4  32  10  128  0.2802E-08
 4  32  10  128  0.2803E-08
 4  32  10  128  0.2800E-08
 4  32  10  128  0.2795E-08
 4  32  10  128  0.2796E-08
 4  32  10  128  0.2797E-08
 4  32  10  128  0.2795E-08
 4  32  10  128  0.2797E-08
 4  32  11  128  0.2879E-08
 4  32  11  128  0.2815E-08
 4  32  11  128  0.2819E-08
 4  32  11  128  0.2808E-08
 4  32  11  128  0.2814E-08
 4  32  11  128  0.2812E-08
 4  32  11  128  0.2813E-08
 4  32  11  128  0.2819E-08
 4  32  11  128  0.2825E-08
 4  32  11  128  0.2820E-08
 4  32  12  128  0.2524E-08
 4  32  12  128  0.2445E-08
 4  32  12  128  0.2488E-08
 4  32  12  128  0.2471E-08
 4  32  12  128  0.2474E-08
 4  32  12  128  0.2462E-08
 4  32  12  128  0.2454E-08
 4  32  12  128  0.2458E-08
 4  32  12  128  0.2461E-08
 4  32  12  128  0.2447E-08
 4  32  13  128  0.2595E-08
 4  32  13  128  0.2528E-08
 4  32  13  128  0.2526E-08
 4  32  13  128  0.2532E-08
 4  32  13  128  0.2525E-08
 4  32  13  128  0.2523E-08
 4  32  13  128  0.2522E-08
 4  32  13  128  0.2528E-08
 4  32  13  128  0.2532E-08
 4  32  13  128  0.2521E-08
 4  32  14  128  0.2411E-08
 4  32  14  128  0.2359E-08
 4  32  14  128  0.2346E-08
 4  32  14  128  0.2344E-08
 4  32  14  128  0.2360E-08
 4  32  14  128  0.2345E-08
 4  32  14  128  0.2339E-08
 4  32  14  128  0.2350E-08
 4  32  14  128  0.2354E-08
 4  32  14  128  0.2345E-08
 4  32  15  128  0.2503E-08
 4  32  15  128  0.2461E-08
 4  32  15  128  0.2461E-08
 4  32  15  128  0.2450E-08
 4  32  15  128  0.2450E-08
 4  32  15  128  0.2458E-08
 4  32  15  128  0.2450E-08
 4  32  15  128  0.2453E-08
 4  32  15  128  0.2448E-08
 4  32  15  128  0.2454E-08
 4  32  16  128  0.2489E-08
 4  32  16  128  0.2414E-08
 4  32  16  128  0.2416E-08
 4  32  16  128  0.2425E-08
 4  32  16  128  0.2418E-08
 4  32  16  128  0.2407E-08
 4  32  16  128  0.2419E-08
 4  32  16  128  0.2417E-08
 4  32  16  128  0.2407E-08
 4  32  16  128  0.2406E-08
 4  32  17  128  0.3011E-08
 4  32  17  128  0.2936E-08
 4  32  17  128  0.2962E-08
 4  32  17  128  0.2937E-08
 4  32  17  128  0.2941E-08
 4  32  17  128  0.2950E-08
 4  32  17  128  0.2981E-08
 4  32  17  128  0.2951E-08
 4  32  17  128  0.2940E-08
 4  32  17  128  0.2934E-08
 4  32  18  128  0.2732E-08
 4  32  18  128  0.2691E-08
 4  32  18  128  0.2694E-08
 4  32  18  128  0.2688E-08
 4  32  18  128  0.2689E-08
 4  32  18  128  0.2690E-08
 4  32  18  128  0.2688E-08
 4  32  18  128  0.2690E-08
 4  32  18  128  0.2688E-08
 4  32  18  128  0.2690E-08
 4  32  19  128  0.2922E-08
 4  32  19  128  0.2886E-08
 4  32  19  128  0.2883E-08
 4  32  19  128  0.2883E-08
 4  32  19  128  0.2881E-08
 4  32  19  128  0.2880E-08
 4  32  19  128  0.2880E-08
 4  32  19  128  0.2884E-08
 4  32  19  128  0.2885E-08
 4  32  19  128  0.2881E-08
 4  32  20  128  0.2795E-08
 4  32  20  128  0.2766E-08
 4  32  20  128  0.2767E-08
 4  32  20  128  0.2764E-08
 4  32  20  128  0.2763E-08
 4  32  20  128  0.2763E-08
 4  32  20  128  0.2762E-08
 4  32  20  128  0.2764E-08
 4  32  20  128  0.2764E-08
 4  32  20  128  0.2763E-08
