 4  32  3  128  0.2853E-07
 4  32  3  128  0.2666E-07
 4  32  3  128  0.2711E-07
 4  32  3  128  0.2761E-07
 4  32  3  128  0.2703E-07
 4  32  3  128  0.2686E-07
 4  32  3  128  0.2715E-07
 4  32  3  128  0.2717E-07
 4  32  3  128  0.2716E-07
 4  32  3  128  0.2727E-07
 4  32  4  128  0.1030E-07
 4  32  4  128  0.9718E-08
 4  32  4  128  0.9687E-08
 4  32  4  128  0.9748E-08
 4  32  4  128  0.9733E-08
 4  32  4  128  0.9764E-08
 4  32  4  128  0.9680E-08
 4  32  4  128  0.9632E-08
 4  32  4  128  0.9953E-08
 4  32  4  128  0.9707E-08
 4  32  5  128  0.6331E-08
 4  32  5  128  0.6177E-08
 4  32  5  128  0.6193E-08
 4  32  5  128  0.6139E-08
 4  32  5  128  0.6096E-08
 4  32  5  128  0.6160E-08
 4  32  5  128  0.6094E-08
 4  32  5  128  0.6055E-08
 4  32  5  128  0.6061E-08
 4  32  5  128  0.6122E-08
 4  32  6  128  0.4599E-08
 4  32  6  128  0.4267E-08
 4  32  6  128  0.4283E-08
 4  32  6  128  0.4237E-08
 4  32  6  128  0.4249E-08
 4  32  6  128  0.4252E-08
 4  32  6  128  0.4230E-08
 4  32  6  128  0.4211E-08
 4  32  6  128  0.4208E-08
 4  32  6  128  0.4201E-08
 4  32  7  128  0.3337E-08
 4  32  7  128  0.3151E-08
 4  32  7  128  0.3157E-08
 4  32  7  128  0.3194E-08
 4  32  7  128  0.3162E-08
 4  32  7  128  0.3171E-08
 4  32  7  128  0.3140E-08
 4  32  7  128  0.3144E-08
 4  32  7  128  0.3154E-08
 4  32  7  128  0.3144E-08
 4  32  8  128  0.2825E-08
 4  32  8  128  0.2677E-08
 4  32  8  128  0.2686E-08
 4  32  8  128  0.2684E-08
 4  32  8  128  0.2664E-08
 4  32  8  128  0.2677E-08
 4  32  8  128  0.2676E-08
 4  32  8  128  0.2682E-08
 4  32  8  128  0.2718E-08
 4  32  8  128  0.2671E-08
 4  32  9  128  0.2613E-08
 4  32  9  128  0.2568E-08
 4  32  9  128  0.2560E-08
 4  32  9  128  0.2554E-08
 4  32  9  128  0.2558E-08
 4  32  9  128  0.2565E-08
 4  32  9  128  0.2532E-08
 4  32  9  128  0.2523E-08
 4  32  9  128  0.2538E-08
 4  32  9  128  0.2540E-08
 4  32  10  128  0.2810E-08
 4  32  10  128  0.2762E-08
 4  32  10  128  0.2759E-08
 4  32  10  128  0.2747E-08
 4  32  10  128  0.2734E-08
 4  32  10  128  0.2717E-08
 4  32  10  128  0.2714E-08
 4  32  10  128  0.2757E-08
 4  32  10  128  0.2715E-08
 4  32  10  128  0.2714E-08
 4  32  11  128  0.3056E-08
 4  32  11  128  0.3015E-08
 4  32  11  128  0.3011E-08
 4  32  11  128  0.2996E-08
 4  32  11  128  0.2998E-08
 4  32  11  128  0.3011E-08
 4  32  11  128  0.3000E-08
 4  32  11  128  0.2989E-08
 4  32  11  128  0.2986E-08
 4  32  11  128  0.3000E-08
 4  32  12  128  0.3072E-08
 4  32  12  128  0.3041E-08
 4  32  12  128  0.3044E-08
 4  32  12  128  0.3037E-08
 4  32  12  128  0.3037E-08
 4  32  12  128  0.3034E-08
 4  32  12  128  0.3036E-08
 4  32  12  128  0.3045E-08
 4  32  12  128  0.3034E-08
 4  32  12  128  0.3032E-08
 4  32  13  128  0.3317E-08
 4  32  13  128  0.3305E-08
 4  32  13  128  0.3302E-08
 4  32  13  128  0.3307E-08
 4  32  13  128  0.3297E-08
 4  32  13  128  0.3300E-08
 4  32  13  128  0.3300E-08
 4  32  13  128  0.3291E-08
 4  32  13  128  0.3289E-08
 4  32  13  128  0.3287E-08
 4  32  14  128  0.3138E-08
 4  32  14  128  0.3135E-08
 4  32  14  128  0.3140E-08
 4  32  14  128  0.3143E-08
 4  32  14  128  0.3124E-08
 4  32  14  128  0.3119E-08
 4  32  14  128  0.3114E-08
 4  32  14  128  0.3110E-08
 4  32  14  128  0.3116E-08
 4  32  14  128  0.3111E-08
 4  32  15  128  0.3171E-08
 4  32  15  128  0.3140E-08
 4  32  15  128  0.3146E-08
 4  32  15  128  0.3138E-08
 4  32  15  128  0.3141E-08
 4  32  15  128  0.3135E-08
 4  32  15  128  0.3138E-08
 4  32  15  128  0.3136E-08
 4  32  15  128  0.3133E-08
 4  32  15  128  0.3131E-08
 4  32  16  128  0.2908E-08
 4  32  16  128  0.2888E-08
 4  32  16  128  0.2892E-08
 4  32  16  128  0.2896E-08
 4  32  16  128  0.2891E-08
 4  32  16  128  0.2889E-08
 4  32  16  128  0.2888E-08
 4  32  16  128  0.2887E-08
 4  32  16  128  0.2889E-08
 4  32  16  128  0.2889E-08
 4  32  17  128  0.3548E-08
 4  32  17  128  0.3540E-08
 4  32  17  128  0.3562E-08
 4  32  17  128  0.3564E-08
 4  32  17  128  0.3534E-08
 4  32  17  128  0.3530E-08
 4  32  17  128  0.3534E-08
 4  32  17  128  0.3538E-08
 4  32  17  128  0.3569E-08
 4  32  17  128  0.3563E-08
 4  32  18  128  0.3289E-08
 4  32  18  128  0.3290E-08
 4  32  18  128  0.3277E-08
 4  32  18  128  0.3279E-08
 4  32  18  128  0.3273E-08
 4  32  18  128  0.3271E-08
 4  32  18  128  0.3270E-08
 4  32  18  128  0.3272E-08
 4  32  18  128  0.3276E-08
 4  32  18  128  0.3274E-08
 4  32  19  128  0.3387E-08
 4  32  19  128  0.3380E-08
 4  32  19  128  0.3378E-08
 4  32  19  128  0.3381E-08
 4  32  19  128  0.3377E-08
 4  32  19  128  0.3374E-08
 4  32  19  128  0.3374E-08
 4  32  19  128  0.3379E-08
 4  32  19  128  0.3379E-08
 4  32  19  128  0.3372E-08
 4  32  20  128  0.3219E-08
 4  32  20  128  0.3213E-08
 4  32  20  128  0.3207E-08
 4  32  20  128  0.3207E-08
 4  32  20  128  0.3208E-08
 4  32  20  128  0.3209E-08
 4  32  20  128  0.3209E-08
 4  32  20  128  0.3206E-08
 4  32  20  128  0.3205E-08
 4  32  20  128  0.3209E-08
