 4  8  3  32  0.1371E-06
 4  8  3  32  0.1295E-06
 4  8  3  32  0.1300E-06
 4  8  3  32  0.1399E-06
 4  8  3  32  0.1282E-06
 4  8  3  32  0.1317E-06
 4  8  3  32  0.1353E-06
 4  8  3  32  0.1288E-06
 4  8  3  32  0.1317E-06
 4  8  3  32  0.1305E-06
 4  8  4  32  0.5951E-07
 4  8  4  32  0.5912E-07
 4  8  4  32  0.5802E-07
 4  8  4  32  0.5834E-07
 4  8  4  32  0.5803E-07
 4  8  4  32  0.5832E-07
 4  8  4  32  0.5720E-07
 4  8  4  32  0.6024E-07
 4  8  4  32  0.5721E-07
 4  8  4  32  0.5838E-07
 4  8  5  32  0.3455E-07
 4  8  5  32  0.3357E-07
 4  8  5  32  0.3089E-07
 4  8  5  32  0.3223E-07
 4  8  5  32  0.3380E-07
 4  8  5  32  0.3233E-07
 4  8  5  32  0.3329E-07
 4  8  5  32  0.3456E-07
 4  8  5  32  0.3308E-07
 4  8  5  32  0.3185E-07
 4  8  6  32  0.2521E-07
 4  8  6  32  0.2424E-07
 4  8  6  32  0.2434E-07
 4  8  6  32  0.2388E-07
 4  8  6  32  0.2362E-07
 4  8  6  32  0.2465E-07
 4  8  6  32  0.2401E-07
 4  8  6  32  0.2387E-07
 4  8  6  32  0.2421E-07
 4  8  6  32  0.2398E-07
 4  8  7  32  0.1798E-07
 4  8  7  32  0.1762E-07
 4  8  7  32  0.1760E-07
 4  8  7  32  0.1772E-07
 4  8  7  32  0.1772E-07
 4  8  7  32  0.1773E-07
 4  8  7  32  0.1783E-07
 4  8  7  32  0.1759E-07
 4  8  7  32  0.1787E-07
 4  8  7  32  0.1797E-07
 4  8  8  32  0.1318E-07
 4  8  8  32  0.1301E-07
 4  8  8  32  0.1278E-07
 4  8  8  32  0.1303E-07
 4  8  8  32  0.1284E-07
 4  8  8  32  0.1290E-07
 4  8  8  32  0.1290E-07
 4  8  8  32  0.1301E-07
 4  8  8  32  0.1292E-07
 4  8  8  32  0.1287E-07
 4  8  9  32  0.1295E-07
 4  8  9  32  0.1287E-07
 4  8  9  32  0.1291E-07
 4  8  9  32  0.1286E-07
 4  8  9  32  0.1284E-07
 4  8  9  32  0.1315E-07
 4  8  9  32  0.1285E-07
 4  8  9  32  0.1293E-07
 4  8  9  32  0.1287E-07
 4  8  9  32  0.1281E-07
 4  8  10  32  0.1300E-07
 4  8  10  32  0.1295E-07
 4  8  10  32  0.1288E-07
 4  8  10  32  0.1286E-07
 4  8  10  32  0.1289E-07
 4  8  10  32  0.1293E-07
 4  8  10  32  0.1292E-07
 4  8  10  32  0.1287E-07
 4  8  10  32  0.1295E-07
 4  8  10  32  0.1303E-07
 4  8  11  32  0.1208E-07
 4  8  11  32  0.1202E-07
 4  8  11  32  0.1196E-07
 4  8  11  32  0.1199E-07
 4  8  11  32  0.1197E-07
 4  8  11  32  0.1194E-07
 4  8  11  32  0.1201E-07
 4  8  11  32  0.1197E-07
 4  8  11  32  0.1192E-07
 4  8  11  32  0.1195E-07
 4  8  12  32  0.1124E-07
 4  8  12  32  0.1119E-07
 4  8  12  32  0.1124E-07
 4  8  12  32  0.1118E-07
 4  8  12  32  0.1116E-07
 4  8  12  32  0.1135E-07
 4  8  12  32  0.1134E-07
 4  8  12  32  0.1130E-07
 4  8  12  32  0.1129E-07
 4  8  12  32  0.1129E-07
 4  8  13  32  0.1213E-07
 4  8  13  32  0.1227E-07
 4  8  13  32  0.1228E-07
 4  8  13  32  0.1228E-07
 4  8  13  32  0.1232E-07
 4  8  13  32  0.1229E-07
 4  8  13  32  0.1229E-07
 4  8  13  32  0.1228E-07
 4  8  13  32  0.1226E-07
 4  8  13  32  0.1229E-07
 4  8  14  32  0.1137E-07
 4  8  14  32  0.1136E-07
 4  8  14  32  0.1133E-07
 4  8  14  32  0.1132E-07
 4  8  14  32  0.1133E-07
 4  8  14  32  0.1132E-07
 4  8  14  32  0.1133E-07
 4  8  14  32  0.1133E-07
 4  8  14  32  0.1134E-07
 4  8  14  32  0.1132E-07
 4  8  15  32  0.1148E-07
 4  8  15  32  0.1145E-07
 4  8  15  32  0.1145E-07
 4  8  15  32  0.1151E-07
 4  8  15  32  0.1149E-07
 4  8  15  32  0.1148E-07
 4  8  15  32  0.1150E-07
 4  8  15  32  0.1148E-07
 4  8  15  32  0.1148E-07
 4  8  15  32  0.1148E-07
 4  8  16  32  0.1029E-07
 4  8  16  32  0.1026E-07
 4  8  16  32  0.1030E-07
 4  8  16  32  0.1035E-07
 4  8  16  32  0.1035E-07
 4  8  16  32  0.1035E-07
 4  8  16  32  0.1033E-07
 4  8  16  32  0.1034E-07
 4  8  16  32  0.1034E-07
 4  8  16  32  0.1034E-07
 4  8  17  32  0.1292E-07
 4  8  17  32  0.1296E-07
 4  8  17  32  0.1302E-07
 4  8  17  32  0.1303E-07
 4  8  17  32  0.1300E-07
 4  8  17  32  0.1299E-07
 4  8  17  32  0.1300E-07
 4  8  17  32  0.1300E-07
 4  8  17  32  0.1301E-07
 4  8  17  32  0.1302E-07
 4  8  18  32  0.1195E-07
 4  8  18  32  0.1193E-07
 4  8  18  32  0.1195E-07
 4  8  18  32  0.1195E-07
 4  8  18  32  0.1193E-07
 4  8  18  32  0.1194E-07
 4  8  18  32  0.1194E-07
 4  8  18  32  0.1195E-07
 4  8  18  32  0.1194E-07
 4  8  18  32  0.1195E-07
 4  8  19  32  0.1250E-07
 4  8  19  32  0.1247E-07
 4  8  19  32  0.1251E-07
 4  8  19  32  0.1253E-07
 4  8  19  32  0.1252E-07
 4  8  19  32  0.1253E-07
 4  8  19  32  0.1254E-07
 4  8  19  32  0.1253E-07
 4  8  19  32  0.1253E-07
 4  8  19  32  0.1254E-07
 4  8  20  32  0.1181E-07
 4  8  20  32  0.1180E-07
 4  8  20  32  0.1180E-07
 4  8  20  32  0.1180E-07
 4  8  20  32  0.1180E-07
 4  8  20  32  0.1180E-07
 4  8  20  32  0.1180E-07
 4  8  20  32  0.1180E-07
 4  8  20  32  0.1180E-07
 4  8  20  32  0.1180E-07
