 4  2  3  8  0.1018E-06
 4  2  3  8  0.9267E-07
 4  2  3  8  0.9876E-07
 4  2  3  8  0.9098E-07
 4  2  3  8  0.8692E-07
 4  2  3  8  0.8964E-07
 4  2  3  8  0.8747E-07
 4  2  3  8  0.9085E-07
 4  2  3  8  0.9054E-07
 4  2  3  8  0.9660E-07
 4  2  4  8  0.4888E-07
 4  2  4  8  0.4647E-07
 4  2  4  8  0.4708E-07
 4  2  4  8  0.4728E-07
 4  2  4  8  0.4752E-07
 4  2  4  8  0.4681E-07
 4  2  4  8  0.4729E-07
 4  2  4  8  0.4745E-07
 4  2  4  8  0.4703E-07
 4  2  4  8  0.4713E-07
 4  2  5  8  0.4058E-07
 4  2  5  8  0.3915E-07
 4  2  5  8  0.3873E-07
 4  2  5  8  0.3839E-07
 4  2  5  8  0.3855E-07
 4  2  5  8  0.3817E-07
 4  2  5  8  0.3818E-07
 4  2  5  8  0.3833E-07
 4  2  5  8  0.3796E-07
 4  2  5  8  0.3820E-07
 4  2  6  8  0.3002E-07
 4  2  6  8  0.2924E-07
 4  2  6  8  0.2901E-07
 4  2  6  8  0.2891E-07
 4  2  6  8  0.2900E-07
 4  2  6  8  0.2891E-07
 4  2  6  8  0.2883E-07
 4  2  6  8  0.2903E-07
 4  2  6  8  0.2904E-07
 4  2  6  8  0.2919E-07
 4  2  7  8  0.2989E-07
 4  2  7  8  0.2576E-07
 4  2  7  8  0.2536E-07
 4  2  7  8  0.2504E-07
 4  2  7  8  0.2516E-07
 4  2  7  8  0.2505E-07
 4  2  7  8  0.2551E-07
 4  2  7  8  0.2501E-07
 4  2  7  8  0.2504E-07
 4  2  7  8  0.2517E-07
 4  2  8  8  0.2489E-07
 4  2  8  8  0.2219E-07
 4  2  8  8  0.2230E-07
 4  2  8  8  0.2142E-07
 4  2  8  8  0.2178E-07
 4  2  8  8  0.2222E-07
 4  2  8  8  0.2227E-07
 4  2  8  8  0.2149E-07
 4  2  8  8  0.2166E-07
 4  2  8  8  0.2240E-07
 4  2  9  8  0.3340E-07
 4  2  9  8  0.3214E-07
 4  2  9  8  0.3236E-07
 4  2  9  8  0.3227E-07
 4  2  9  8  0.3220E-07
 4  2  9  8  0.3218E-07
 4  2  9  8  0.3257E-07
 4  2  9  8  0.3236E-07
 4  2  9  8  0.3272E-07
 4  2  9  8  0.3232E-07
 4  2  10  8  0.3751E-07
 4  2  10  8  0.3689E-07
 4  2  10  8  0.3690E-07
 4  2  10  8  0.3686E-07
 4  2  10  8  0.3695E-07
 4  2  10  8  0.3681E-07
 4  2  10  8  0.3689E-07
 4  2  10  8  0.3686E-07
 4  2  10  8  0.3691E-07
 4  2  10  8  0.3682E-07
 4  2  11  8  0.3731E-07
 4  2  11  8  0.3666E-07
 4  2  11  8  0.3660E-07
 4  2  11  8  0.3656E-07
 4  2  11  8  0.3661E-07
 4  2  11  8  0.3668E-07
 4  2  11  8  0.3663E-07
 4  2  11  8  0.3654E-07
 4  2  11  8  0.3662E-07
 4  2  11  8  0.3659E-07
 4  2  12  8  0.3298E-07
 4  2  12  8  0.3224E-07
 4  2  12  8  0.3231E-07
 4  2  12  8  0.3239E-07
 4  2  12  8  0.3234E-07
 4  2  12  8  0.3233E-07
 4  2  12  8  0.3232E-07
 4  2  12  8  0.3230E-07
 4  2  12  8  0.3232E-07
 4  2  12  8  0.3228E-07
 4  2  13  8  0.3432E-07
 4  2  13  8  0.3374E-07
 4  2  13  8  0.3379E-07
 4  2  13  8  0.3381E-07
 4  2  13  8  0.3381E-07
 4  2  13  8  0.3379E-07
 4  2  13  8  0.3373E-07
 4  2  13  8  0.3380E-07
 4  2  13  8  0.3376E-07
 4  2  13  8  0.3377E-07
 4  2  14  8  0.3160E-07
 4  2  14  8  0.3104E-07
 4  2  14  8  0.3108E-07
 4  2  14  8  0.3108E-07
 4  2  14  8  0.3117E-07
 4  2  14  8  0.3142E-07
 4  2  14  8  0.3137E-07
 4  2  14  8  0.3139E-07
 4  2  14  8  0.3132E-07
 4  2  14  8  0.3122E-07
 4  2  15  8  0.3381E-07
 4  2  15  8  0.3338E-07
 4  2  15  8  0.3337E-07
 4  2  15  8  0.3332E-07
 4  2  15  8  0.3330E-07
 4  2  15  8  0.3339E-07
 4  2  15  8  0.3336E-07
 4  2  15  8  0.3338E-07
 4  2  15  8  0.3334E-07
 4  2  15  8  0.3330E-07
 4  2  16  8  0.2857E-07
 4  2  16  8  0.2828E-07
 4  2  16  8  0.2830E-07
 4  2  16  8  0.2832E-07
 4  2  16  8  0.2857E-07
 4  2  16  8  0.2852E-07
 4  2  16  8  0.2857E-07
 4  2  16  8  0.2855E-07
 4  2  16  8  0.2848E-07
 4  2  16  8  0.2853E-07
 4  2  17  8  0.4077E-07
 4  2  17  8  0.4051E-07
 4  2  17  8  0.4048E-07
 4  2  17  8  0.4054E-07
 4  2  17  8  0.4065E-07
 4  2  17  8  0.4065E-07
 4  2  17  8  0.4065E-07
 4  2  17  8  0.4066E-07
 4  2  17  8  0.4066E-07
 4  2  17  8  0.4063E-07
 4  2  18  8  0.3803E-07
 4  2  18  8  0.3774E-07
 4  2  18  8  0.3771E-07
 4  2  18  8  0.3778E-07
 4  2  18  8  0.3771E-07
 4  2  18  8  0.3771E-07
 4  2  18  8  0.3761E-07
 4  2  18  8  0.3770E-07
 4  2  18  8  0.3762E-07
 4  2  18  8  0.3767E-07
 4  2  19  8  0.4130E-07
 4  2  19  8  0.4104E-07
 4  2  19  8  0.4112E-07
 4  2  19  8  0.4109E-07
 4  2  19  8  0.4112E-07
 4  2  19  8  0.4113E-07
 4  2  19  8  0.4112E-07
 4  2  19  8  0.4115E-07
 4  2  19  8  0.4114E-07
 4  2  19  8  0.4116E-07
 4  2  20  8  0.3876E-07
 4  2  20  8  0.3855E-07
 4  2  20  8  0.3854E-07
 4  2  20  8  0.3857E-07
 4  2  20  8  0.3847E-07
 4  2  20  8  0.3838E-07
 4  2  20  8  0.3837E-07
 4  2  20  8  0.3840E-07
 4  2  20  8  0.3853E-07
 4  2  20  8  0.3849E-07
