 4  16  3  64  0.3649E-07
 4  16  3  64  0.3508E-07
 4  16  3  64  0.3518E-07
 4  16  3  64  0.3477E-07
 4  16  3  64  0.3421E-07
 4  16  3  64  0.3391E-07
 4  16  3  64  0.3415E-07
 4  16  3  64  0.3548E-07
 4  16  3  64  0.3418E-07
 4  16  3  64  0.3302E-07
 4  16  4  64  0.1605E-07
 4  16  4  64  0.1564E-07
 4  16  4  64  0.1562E-07
 4  16  4  64  0.1537E-07
 4  16  4  64  0.1557E-07
 4  16  4  64  0.1616E-07
 4  16  4  64  0.1532E-07
 4  16  4  64  0.1571E-07
 4  16  4  64  0.1520E-07
 4  16  4  64  0.1499E-07
 4  16  5  64  0.1026E-07
 4  16  5  64  0.1030E-07
 4  16  5  64  0.9784E-08
 4  16  5  64  0.9823E-08
 4  16  5  64  0.1018E-07
 4  16  5  64  0.9912E-08
 4  16  5  64  0.9949E-08
 4  16  5  64  0.1004E-07
 4  16  5  64  0.9809E-08
 4  16  5  64  0.1030E-07
 4  16  6  64  0.7304E-08
 4  16  6  64  0.7199E-08
 4  16  6  64  0.7200E-08
 4  16  6  64  0.7158E-08
 4  16  6  64  0.7192E-08
 4  16  6  64  0.7163E-08
 4  16  6  64  0.7112E-08
 4  16  6  64  0.7444E-08
 4  16  6  64  0.7133E-08
 4  16  6  64  0.7132E-08
 4  16  7  64  0.6263E-08
 4  16  7  64  0.5960E-08
 4  16  7  64  0.5945E-08
 4  16  7  64  0.5973E-08
 4  16  7  64  0.5941E-08
 4  16  7  64  0.5999E-08
 4  16  7  64  0.5954E-08
 4  16  7  64  0.5965E-08
 4  16  7  64  0.6009E-08
 4  16  7  64  0.5940E-08
 4  16  8  64  0.4954E-08
 4  16  8  64  0.4833E-08
 4  16  8  64  0.4846E-08
 4  16  8  64  0.4838E-08
 4  16  8  64  0.4813E-08
 4  16  8  64  0.4855E-08
 4  16  8  64  0.4887E-08
 4  16  8  64  0.4844E-08
 4  16  8  64  0.4813E-08
 4  16  8  64  0.4806E-08
 4  16  9  64  0.5388E-08
 4  16  9  64  0.5226E-08
 4  16  9  64  0.5217E-08
 4  16  9  64  0.5215E-08
 4  16  9  64  0.5197E-08
 4  16  9  64  0.5211E-08
 4  16  9  64  0.5229E-08
 4  16  9  64  0.5202E-08
 4  16  9  64  0.5197E-08
 4  16  9  64  0.5290E-08
 4  16  10  64  0.5815E-08
 4  16  10  64  0.5829E-08
 4  16  10  64  0.5721E-08
 4  16  10  64  0.5788E-08
 4  16  10  64  0.5798E-08
 4  16  10  64  0.5747E-08
 4  16  10  64  0.5784E-08
 4  16  10  64  0.5769E-08
 4  16  10  64  0.5782E-08
 4  16  10  64  0.5722E-08
 4  16  11  64  0.5743E-08
 4  16  11  64  0.5675E-08
 4  16  11  64  0.5670E-08
 4  16  11  64  0.5663E-08
 4  16  11  64  0.5681E-08
 4  16  11  64  0.5692E-08
 4  16  11  64  0.5663E-08
 4  16  11  64  0.5664E-08
 4  16  11  64  0.5672E-08
 4  16  11  64  0.5662E-08
 4  16  12  64  0.5662E-08
 4  16  12  64  0.5629E-08
 4  16  12  64  0.5614E-08
 4  16  12  64  0.5618E-08
 4  16  12  64  0.5650E-08
 4  16  12  64  0.5653E-08
 4  16  12  64  0.5675E-08
 4  16  12  64  0.5655E-08
 4  16  12  64  0.5683E-08
 4  16  12  64  0.5681E-08
 4  16  13  64  0.6090E-08
 4  16  13  64  0.6054E-08
 4  16  13  64  0.6062E-08
 4  16  13  64  0.6112E-08
 4  16  13  64  0.6137E-08
 4  16  13  64  0.6140E-08
 4  16  13  64  0.6137E-08
 4  16  13  64  0.6163E-08
 4  16  13  64  0.6167E-08
 4  16  13  64  0.6179E-08
 4  16  14  64  0.5769E-08
 4  16  14  64  0.5778E-08
 4  16  14  64  0.5781E-08
 4  16  14  64  0.5785E-08
 4  16  14  64  0.5776E-08
 4  16  14  64  0.5781E-08
 4  16  14  64  0.5781E-08
 4  16  14  64  0.5779E-08
 4  16  14  64  0.5782E-08
 4  16  14  64  0.5780E-08
 4  16  15  64  0.6858E-08
 4  16  15  64  0.6818E-08
 4  16  15  64  0.6829E-08
 4  16  15  64  0.6813E-08
 4  16  15  64  0.6814E-08
 4  16  15  64  0.6837E-08
 4  16  15  64  0.6846E-08
 4  16  15  64  0.6845E-08
 4  16  15  64  0.6835E-08
 4  16  15  64  0.6838E-08
 4  16  16  64  0.5211E-08
 4  16  16  64  0.5199E-08
 4  16  16  64  0.5204E-08
 4  16  16  64  0.5207E-08
 4  16  16  64  0.5208E-08
 4  16  16  64  0.5230E-08
 4  16  16  64  0.5222E-08
 4  16  16  64  0.5229E-08
 4  16  16  64  0.5219E-08
 4  16  16  64  0.5222E-08
 4  16  17  64  0.6568E-08
 4  16  17  64  0.6546E-08
 4  16  17  64  0.6539E-08
 4  16  17  64  0.6560E-08
 4  16  17  64  0.6553E-08
 4  16  17  64  0.6551E-08
 4  16  17  64  0.6544E-08
 4  16  17  64  0.6546E-08
 4  16  17  64  0.6545E-08
 4  16  17  64  0.6543E-08
 4  16  18  64  0.6087E-08
 4  16  18  64  0.6079E-08
 4  16  18  64  0.6078E-08
 4  16  18  64  0.6078E-08
 4  16  18  64  0.6086E-08
 4  16  18  64  0.6081E-08
 4  16  18  64  0.6079E-08
 4  16  18  64  0.6082E-08
 4  16  18  64  0.6080E-08
 4  16  18  64  0.6076E-08
 4  16  19  64  0.6363E-08
 4  16  19  64  0.6337E-08
 4  16  19  64  0.6352E-08
 4  16  19  64  0.6355E-08
 4  16  19  64  0.6332E-08
 4  16  19  64  0.6336E-08
 4  16  19  64  0.6339E-08
 4  16  19  64  0.6351E-08
 4  16  19  64  0.6336E-08
 4  16  19  64  0.6336E-08
 4  16  20  64  0.6025E-08
 4  16  20  64  0.6002E-08
 4  16  20  64  0.5998E-08
 4  16  20  64  0.5996E-08
 4  16  20  64  0.6009E-08
 4  16  20  64  0.6001E-08
 4  16  20  64  0.5994E-08
 4  16  20  64  0.5990E-08
 4  16  20  64  0.5998E-08
 4  16  20  64  0.6009E-08
