 4  64  3  256  0.1202E-07
 4  64  3  256  0.1005E-07
 4  64  3  256  0.1038E-07
 4  64  3  256  0.1033E-07
 4  64  3  256  0.1036E-07
 4  64  3  256  0.1003E-07
 4  64  3  256  0.1004E-07
 4  64  3  256  0.1012E-07
 4  64  3  256  0.1009E-07
 4  64  3  256  0.1145E-07
 4  64  4  256  0.5924E-08
 4  64  4  256  0.5263E-08
 4  64  4  256  0.5406E-08
 4  64  4  256  0.5217E-08
 4  64  4  256  0.5185E-08
 4  64  4  256  0.5397E-08
 4  64  4  256  0.5401E-08
 4  64  4  256  0.5310E-08
 4  64  4  256  0.5358E-08
 4  64  4  256  0.5197E-08
 4  64  5  256  0.4133E-08
 4  64  5  256  0.3732E-08
 4  64  5  256  0.3739E-08
 4  64  5  256  0.3740E-08
 4  64  5  256  0.3707E-08
 4  64  5  256  0.3675E-08
 4  64  5  256  0.3618E-08
 4  64  5  256  0.3609E-08
 4  64  5  256  0.3763E-08
 4  64  5  256  0.3694E-08
 4  64  6  256  0.3034E-08
 4  64  6  256  0.2810E-08
 4  64  6  256  0.2839E-08
 4  64  6  256  0.2825E-08
 4  64  6  256  0.2817E-08
 4  64  6  256  0.2804E-08
 4  64  6  256  0.2808E-08
 4  64  6  256  0.2750E-08
 4  64  6  256  0.2762E-08
 4  64  6  256  0.2764E-08
 4  64  7  256  0.3029E-08
 4  64  7  256  0.2781E-08
 4  64  7  256  0.2792E-08
 4  64  7  256  0.2791E-08
 4  64  7  256  0.2779E-08
 4  64  7  256  0.2801E-08
 4  64  7  256  0.2786E-08
 4  64  7  256  0.2792E-08
 4  64  7  256  0.2790E-08
 4  64  7  256  0.2786E-08
 4  64  8  256  0.2981E-08
 4  64  8  256  0.2894E-08
 4  64  8  256  0.2882E-08
 4  64  8  256  0.2913E-08
 4  64  8  256  0.2913E-08
 4  64  8  256  0.2915E-08
 4  64  8  256  0.2909E-08
 4  64  8  256  0.2909E-08
 4  64  8  256  0.2908E-08
 4  64  8  256  0.2921E-08
 4  64  9  256  0.2956E-08
 4  64  9  256  0.2830E-08
 4  64  9  256  0.2823E-08
 4  64  9  256  0.2833E-08
 4  64  9  256  0.2823E-08
 4  64  9  256  0.2824E-08
 4  64  9  256  0.2823E-08
 4  64  9  256  0.2822E-08
 4  64  9  256  0.2839E-08
 4  64  9  256  0.2829E-08
 4  64  10  256  0.2732E-08
 4  64  10  256  0.2644E-08
 4  64  10  256  0.2640E-08
 4  64  10  256  0.2638E-08
 4  64  10  256  0.2633E-08
 4  64  10  256  0.2637E-08
 4  64  10  256  0.2637E-08
 4  64  10  256  0.2642E-08
 4  64  10  256  0.2646E-08
 4  64  10  256  0.2637E-08
 4  64  11  256  0.2582E-08
 4  64  11  256  0.2472E-08
 4  64  11  256  0.2485E-08
 4  64  11  256  0.2480E-08
 4  64  11  256  0.2482E-08
 4  64  11  256  0.2481E-08
 4  64  11  256  0.2482E-08
 4  64  11  256  0.2492E-08
 4  64  11  256  0.2483E-08
 4  64  11  256  0.2477E-08
 4  64  12  256  0.2366E-08
 4  64  12  256  0.2268E-08
 4  64  12  256  0.2287E-08
 4  64  12  256  0.2265E-08
 4  64  12  256  0.2273E-08
 4  64  12  256  0.2267E-08
 4  64  12  256  0.2264E-08
 4  64  12  256  0.2268E-08
 4  64  12  256  0.2272E-08
 4  64  12  256  0.2269E-08
 4  64  13  256  0.2370E-08
 4  64  13  256  0.2239E-08
 4  64  13  256  0.2244E-08
 4  64  13  256  0.2237E-08
 4  64  13  256  0.2254E-08
 4  64  13  256  0.2241E-08
 4  64  13  256  0.2242E-08
 4  64  13  256  0.2268E-08
 4  64  13  256  0.2255E-08
 4  64  13  256  0.2249E-08
 4  64  14  256  0.2476E-08
 4  64  14  256  0.2327E-08
 4  64  14  256  0.2325E-08
 4  64  14  256  0.2325E-08
 4  64  14  256  0.2324E-08
 4  64  14  256  0.2323E-08
 4  64  14  256  0.2321E-08
 4  64  14  256  0.2321E-08
 4  64  14  256  0.2324E-08
 4  64  14  256  0.2323E-08
 4  64  15  256  0.2279E-08
 4  64  15  256  0.2166E-08
 4  64  15  256  0.2167E-08
 4  64  15  256  0.2164E-08
 4  64  15  256  0.2158E-08
 4  64  15  256  0.2166E-08
 4  64  15  256  0.2153E-08
 4  64  15  256  0.2156E-08
 4  64  15  256  0.2163E-08
 4  64  15  256  0.2166E-08
 4  64  16  256  0.2303E-08
 4  64  16  256  0.2241E-08
 4  64  16  256  0.2155E-08
 4  64  16  256  0.2150E-08
 4  64  16  256  0.2158E-08
 4  64  16  256  0.2153E-08
 4  64  16  256  0.2149E-08
 4  64  16  256  0.2148E-08
 4  64  16  256  0.2154E-08
 4  64  16  256  0.2148E-08
 4  64  17  256  0.2412E-08
 4  64  17  256  0.2326E-08
 4  64  17  256  0.2349E-08
 4  64  17  256  0.2331E-08
 4  64  17  256  0.2325E-08
 4  64  17  256  0.2325E-08
 4  64  17  256  0.2330E-08
 4  64  17  256  0.2335E-08
 4  64  17  256  0.2326E-08
 4  64  17  256  0.2325E-08
 4  64  18  256  0.2295E-08
 4  64  18  256  0.2244E-08
 4  64  18  256  0.2233E-08
 4  64  18  256  0.2216E-08
 4  64  18  256  0.2215E-08
 4  64  18  256  0.2233E-08
 4  64  18  256  0.2502E-08
 4  64  18  256  0.2218E-08
 4  64  18  256  0.2222E-08
 4  64  18  256  0.2231E-08
 4  64  19  256  0.2466E-08
 4  64  19  256  0.2402E-08
 4  64  19  256  0.2401E-08
 4  64  19  256  0.2400E-08
 4  64  19  256  0.2402E-08
 4  64  19  256  0.2395E-08
 4  64  19  256  0.2400E-08
 4  64  19  256  0.2395E-08
 4  64  19  256  0.2392E-08
 4  64  19  256  0.2392E-08
 4  64  20  256  0.2353E-08
 4  64  20  256  0.2297E-08
 4  64  20  256  0.2286E-08
 4  64  20  256  0.2285E-08
 4  64  20  256  0.2284E-08
 4  64  20  256  0.2284E-08
 4  64  20  256  0.2284E-08
 4  64  20  256  0.2294E-08
 4  64  20  256  0.2282E-08
 4  64  20  256  0.2287E-08
