 4  16  3  64  0.1976E-07
 4  16  3  64  0.1956E-07
 4  16  3  64  0.1870E-07
 4  16  3  64  0.1841E-07
 4  16  3  64  0.1852E-07
 4  16  3  64  0.1861E-07
 4  16  3  64  0.1830E-07
 4  16  3  64  0.1958E-07
 4  16  3  64  0.1853E-07
 4  16  3  64  0.1830E-07
 4  16  4  64  0.1094E-07
 4  16  4  64  0.1047E-07
 4  16  4  64  0.1027E-07
 4  16  4  64  0.1042E-07
 4  16  4  64  0.1044E-07
 4  16  4  64  0.1029E-07
 4  16  4  64  0.1026E-07
 4  16  4  64  0.1028E-07
 4  16  4  64  0.1032E-07
 4  16  4  64  0.1024E-07
 4  16  5  64  0.9036E-08
 4  16  5  64  0.7928E-08
 4  16  5  64  0.7944E-08
 4  16  5  64  0.8170E-08
 4  16  5  64  0.8482E-08
 4  16  5  64  0.8398E-08
 4  16  5  64  0.8500E-08
 4  16  5  64  0.8465E-08
 4  16  5  64  0.8440E-08
 4  16  5  64  0.8426E-08
 4  16  6  64  0.6464E-08
 4  16  6  64  0.6043E-08
 4  16  6  64  0.6015E-08
 4  16  6  64  0.5993E-08
 4  16  6  64  0.6075E-08
 4  16  6  64  0.6031E-08
 4  16  6  64  0.6007E-08
 4  16  6  64  0.6043E-08
 4  16  6  64  0.6322E-08
 4  16  6  64  0.6157E-08
 4  16  7  64  0.5748E-08
 4  16  7  64  0.5313E-08
 4  16  7  64  0.5307E-08
 4  16  7  64  0.5242E-08
 4  16  7  64  0.5287E-08
 4  16  7  64  0.5268E-08
 4  16  7  64  0.5233E-08
 4  16  7  64  0.5224E-08
 4  16  7  64  0.5246E-08
 4  16  7  64  0.5263E-08
 4  16  8  64  0.5189E-08
 4  16  8  64  0.4754E-08
 4  16  8  64  0.4728E-08
 4  16  8  64  0.4736E-08
 4  16  8  64  0.4636E-08
 4  16  8  64  0.4763E-08
 4  16  8  64  0.4697E-08
 4  16  8  64  0.4663E-08
 4  16  8  64  0.4680E-08
 4  16  8  64  0.4673E-08
 4  16  9  64  0.6025E-08
 4  16  9  64  0.5674E-08
 4  16  9  64  0.5648E-08
 4  16  9  64  0.5653E-08
 4  16  9  64  0.5640E-08
 4  16  9  64  0.5707E-08
 4  16  9  64  0.5649E-08
 4  16  9  64  0.5640E-08
 4  16  9  64  0.5643E-08
 4  16  9  64  0.5634E-08
 4  16  10  64  0.6439E-08
 4  16  10  64  0.6246E-08
 4  16  10  64  0.6237E-08
 4  16  10  64  0.6236E-08
 4  16  10  64  0.6244E-08
 4  16  10  64  0.6321E-08
 4  16  10  64  0.6259E-08
 4  16  10  64  0.6271E-08
 4  16  10  64  0.6309E-08
 4  16  10  64  0.6264E-08
 4  16  11  64  0.5342E-08
 4  16  11  64  0.5214E-08
 4  16  11  64  0.5238E-08
 4  16  11  64  0.5190E-08
 4  16  11  64  0.5209E-08
 4  16  11  64  0.5198E-08
 4  16  11  64  0.5217E-08
 4  16  11  64  0.5244E-08
 4  16  11  64  0.5239E-08
 4  16  11  64  0.5212E-08
 4  16  12  64  0.4645E-08
 4  16  12  64  0.4518E-08
 4  16  12  64  0.4514E-08
 4  16  12  64  0.4523E-08
 4  16  12  64  0.4510E-08
 4  16  12  64  0.4524E-08
 4  16  12  64  0.4514E-08
 4  16  12  64  0.4513E-08
 4  16  12  64  0.4513E-08
 4  16  12  64  0.4522E-08
 4  16  13  64  0.4827E-08
 4  16  13  64  0.4773E-08
 4  16  13  64  0.4759E-08
 4  16  13  64  0.4783E-08
 4  16  13  64  0.4755E-08
 4  16  13  64  0.4755E-08
 4  16  13  64  0.4756E-08
 4  16  13  64  0.4756E-08
 4  16  13  64  0.4756E-08
 4  16  13  64  0.4756E-08
 4  16  14  64  0.4482E-08
 4  16  14  64  0.4400E-08
 4  16  14  64  0.4379E-08
 4  16  14  64  0.4400E-08
 4  16  14  64  0.4403E-08
 4  16  14  64  0.4388E-08
 4  16  14  64  0.4391E-08
 4  16  14  64  0.4402E-08
 4  16  14  64  0.4401E-08
 4  16  14  64  0.4427E-08
 4  16  15  64  0.5176E-08
 4  16  15  64  0.5108E-08
 4  16  15  64  0.5064E-08
 4  16  15  64  0.5084E-08
 4  16  15  64  0.5118E-08
 4  16  15  64  0.5071E-08
 4  16  15  64  0.5086E-08
 4  16  15  64  0.5099E-08
 4  16  15  64  0.5075E-08
 4  16  15  64  0.5098E-08
 4  16  16  64  0.4440E-08
 4  16  16  64  0.4391E-08
 4  16  16  64  0.4379E-08
 4  16  16  64  0.4374E-08
 4  16  16  64  0.4390E-08
 4  16  16  64  0.4385E-08
 4  16  16  64  0.4381E-08
 4  16  16  64  0.4377E-08
 4  16  16  64  0.4385E-08
 4  16  16  64  0.4379E-08
 4  16  17  64  0.5606E-08
 4  16  17  64  0.5550E-08
 4  16  17  64  0.5562E-08
 4  16  17  64  0.5554E-08
 4  16  17  64  0.5546E-08
 4  16  17  64  0.5554E-08
 4  16  17  64  0.5559E-08
 4  16  17  64  0.5545E-08
 4  16  17  64  0.5568E-08
 4  16  17  64  0.5553E-08
 4  16  18  64  0.5205E-08
 4  16  18  64  0.5146E-08
 4  16  18  64  0.5138E-08
 4  16  18  64  0.5136E-08
 4  16  18  64  0.5133E-08
 4  16  18  64  0.5138E-08
 4  16  18  64  0.5131E-08
 4  16  18  64  0.5137E-08
 4  16  18  64  0.5132E-08
 4  16  18  64  0.5128E-08
 4  16  19  64  0.5605E-08
 4  16  19  64  0.5562E-08
 4  16  19  64  0.5551E-08
 4  16  19  64  0.5545E-08
 4  16  19  64  0.5545E-08
 4  16  19  64  0.5542E-08
 4  16  19  64  0.5547E-08
 4  16  19  64  0.5553E-08
 4  16  19  64  0.5548E-08
 4  16  19  64  0.5545E-08
 4  16  20  64  0.5272E-08
 4  16  20  64  0.5234E-08
 4  16  20  64  0.5230E-08
 4  16  20  64  0.5229E-08
 4  16  20  64  0.5230E-08
 4  16  20  64  0.5230E-08
 4  16  20  64  0.5228E-08
 4  16  20  64  0.5230E-08
 4  16  20  64  0.5230E-08
 4  16  20  64  0.5230E-08
