 4  2  3  8  0.4158E-07
 4  2  3  8  0.3872E-07
 4  2  3  8  0.3949E-07
 4  2  3  8  0.3725E-07
 4  2  3  8  0.3710E-07
 4  2  3  8  0.3892E-07
 4  2  3  8  0.3829E-07
 4  2  3  8  0.3744E-07
 4  2  3  8  0.3707E-07
 4  2  3  8  0.3682E-07
 4  2  4  8  0.4982E-07
 4  2  4  8  0.4862E-07
 4  2  4  8  0.4727E-07
 4  2  4  8  0.4762E-07
 4  2  4  8  0.4688E-07
 4  2  4  8  0.4689E-07
 4  2  4  8  0.4753E-07
 4  2  4  8  0.4712E-07
 4  2  4  8  0.4691E-07
 4  2  4  8  0.4748E-07
 4  2  5  8  0.5260E-07
 4  2  5  8  0.5213E-07
 4  2  5  8  0.5238E-07
 4  2  5  8  0.5216E-07
 4  2  5  8  0.5230E-07
 4  2  5  8  0.5192E-07
 4  2  5  8  0.5201E-07
 4  2  5  8  0.5214E-07
 4  2  5  8  0.5184E-07
 4  2  5  8  0.5201E-07
 4  2  6  8  0.3748E-07
 4  2  6  8  0.3708E-07
 4  2  6  8  0.3698E-07
 4  2  6  8  0.3711E-07
 4  2  6  8  0.3702E-07
 4  2  6  8  0.3678E-07
 4  2  6  8  0.3775E-07
 4  2  6  8  0.3748E-07
 4  2  6  8  0.3694E-07
 4  2  6  8  0.3692E-07
 4  2  7  8  0.3379E-07
 4  2  7  8  0.3199E-07
 4  2  7  8  0.3188E-07
 4  2  7  8  0.3189E-07
 4  2  7  8  0.3179E-07
 4  2  7  8  0.3164E-07
 4  2  7  8  0.3201E-07
 4  2  7  8  0.3178E-07
 4  2  7  8  0.3176E-07
 4  2  7  8  0.3186E-07
 4  2  8  8  0.2562E-07
 4  2  8  8  0.2538E-07
 4  2  8  8  0.2557E-07
 4  2  8  8  0.2545E-07
 4  2  8  8  0.2537E-07
 4  2  8  8  0.2552E-07
 4  2  8  8  0.2546E-07
 4  2  8  8  0.2539E-07
 4  2  8  8  0.2553E-07
 4  2  8  8  0.2535E-07
 4  2  9  8  0.2972E-07
 4  2  9  8  0.2946E-07
 4  2  9  8  0.2945E-07
 4  2  9  8  0.2923E-07
 4  2  9  8  0.2925E-07
 4  2  9  8  0.2943E-07
 4  2  9  8  0.2939E-07
 4  2  9  8  0.2919E-07
 4  2  9  8  0.2950E-07
 4  2  9  8  0.2971E-07
 4  2  10  8  0.3861E-07
 4  2  10  8  0.3797E-07
 4  2  10  8  0.3797E-07
 4  2  10  8  0.3832E-07
 4  2  10  8  0.3858E-07
 4  2  10  8  0.3825E-07
 4  2  10  8  0.3819E-07
 4  2  10  8  0.3797E-07
 4  2  10  8  0.3816E-07
 4  2  10  8  0.3834E-07
 4  2  11  8  0.4128E-07
 4  2  11  8  0.4105E-07
 4  2  11  8  0.4085E-07
 4  2  11  8  0.4102E-07
 4  2  11  8  0.4115E-07
 4  2  11  8  0.4117E-07
 4  2  11  8  0.4098E-07
 4  2  11  8  0.4096E-07
 4  2  11  8  0.4091E-07
 4  2  11  8  0.4090E-07
 4  2  12  8  0.3894E-07
 4  2  12  8  0.3881E-07
 4  2  12  8  0.3877E-07
 4  2  12  8  0.3877E-07
 4  2  12  8  0.3876E-07
 4  2  12  8  0.3876E-07
 4  2  12  8  0.3882E-07
 4  2  12  8  0.3879E-07
 4  2  12  8  0.3872E-07
 4  2  12  8  0.3876E-07
 4  2  13  8  0.4266E-07
 4  2  13  8  0.4251E-07
 4  2  13  8  0.4248E-07
 4  2  13  8  0.4248E-07
 4  2  13  8  0.4245E-07
 4  2  13  8  0.4247E-07
 4  2  13  8  0.4249E-07
 4  2  13  8  0.4252E-07
 4  2  13  8  0.4249E-07
 4  2  13  8  0.4247E-07
 4  2  14  8  0.4052E-07
 4  2  14  8  0.4039E-07
 4  2  14  8  0.4034E-07
 4  2  14  8  0.4040E-07
 4  2  14  8  0.4040E-07
 4  2  14  8  0.4035E-07
 4  2  14  8  0.4036E-07
 4  2  14  8  0.4037E-07
 4  2  14  8  0.4037E-07
 4  2  14  8  0.4038E-07
 4  2  15  8  0.4145E-07
 4  2  15  8  0.4135E-07
 4  2  15  8  0.4136E-07
 4  2  15  8  0.4137E-07
 4  2  15  8  0.4155E-07
 4  2  15  8  0.4151E-07
 4  2  15  8  0.4155E-07
 4  2  15  8  0.4156E-07
 4  2  15  8  0.4157E-07
 4  2  15  8  0.4159E-07
 4  2  16  8  0.3676E-07
 4  2  16  8  0.3667E-07
 4  2  16  8  0.3664E-07
 4  2  16  8  0.3666E-07
 4  2  16  8  0.3667E-07
 4  2  16  8  0.3668E-07
 4  2  16  8  0.3665E-07
 4  2  16  8  0.3665E-07
 4  2  16  8  0.3663E-07
 4  2  16  8  0.3671E-07
 4  2  17  8  0.4891E-07
 4  2  17  8  0.4854E-07
 4  2  17  8  0.4844E-07
 4  2  17  8  0.4843E-07
 4  2  17  8  0.4846E-07
 4  2  17  8  0.4838E-07
 4  2  17  8  0.4843E-07
 4  2  17  8  0.4848E-07
 4  2  17  8  0.4840E-07
 4  2  17  8  0.4842E-07
 4  2  18  8  0.4458E-07
 4  2  18  8  0.4489E-07
 4  2  18  8  0.4509E-07
 4  2  18  8  0.4524E-07
 4  2  18  8  0.4524E-07
 4  2  18  8  0.4522E-07
 4  2  18  8  0.4522E-07
 4  2  18  8  0.4523E-07
 4  2  18  8  0.4518E-07
 4  2  18  8  0.4507E-07
 4  2  19  8  0.4708E-07
 4  2  19  8  0.4707E-07
 4  2  19  8  0.4711E-07
 4  2  19  8  0.4715E-07
 4  2  19  8  0.4715E-07
 4  2  19  8  0.4716E-07
 4  2  19  8  0.4715E-07
 4  2  19  8  0.4709E-07
 4  2  19  8  0.4706E-07
 4  2  19  8  0.4705E-07
 4  2  20  8  0.4457E-07
 4  2  20  8  0.4455E-07
 4  2  20  8  0.4458E-07
 4  2  20  8  0.4471E-07
 4  2  20  8  0.4472E-07
 4  2  20  8  0.4468E-07
 4  2  20  8  0.4469E-07
 4  2  20  8  0.4470E-07
 4  2  20  8  0.4470E-07
 4  2  20  8  0.4468E-07
