 4  1  3  4  0.1408E-06
 4  1  3  4  0.1264E-06
 4  1  3  4  0.1238E-06
 4  1  3  4  0.1195E-06
 4  1  3  4  0.1243E-06
 4  1  3  4  0.1224E-06
 4  1  3  4  0.1229E-06
 4  1  3  4  0.1219E-06
 4  1  3  4  0.1214E-06
 4  1  3  4  0.1190E-06
 4  1  4  4  0.6969E-07
 4  1  4  4  0.6844E-07
 4  1  4  4  0.6709E-07
 4  1  4  4  0.6719E-07
 4  1  4  4  0.6696E-07
 4  1  4  4  0.6704E-07
 4  1  4  4  0.6659E-07
 4  1  4  4  0.6661E-07
 4  1  4  4  0.6659E-07
 4  1  4  4  0.6618E-07
 4  1  5  4  0.5925E-07
 4  1  5  4  0.5856E-07
 4  1  5  4  0.5844E-07
 4  1  5  4  0.5838E-07
 4  1  5  4  0.5851E-07
 4  1  5  4  0.5861E-07
 4  1  5  4  0.5833E-07
 4  1  5  4  0.5835E-07
 4  1  5  4  0.5843E-07
 4  1  5  4  0.5825E-07
 4  1  6  4  0.4645E-07
 4  1  6  4  0.4605E-07
 4  1  6  4  0.4589E-07
 4  1  6  4  0.4586E-07
 4  1  6  4  0.4580E-07
 4  1  6  4  0.4577E-07
 4  1  6  4  0.4584E-07
 4  1  6  4  0.4588E-07
 4  1  6  4  0.4597E-07
 4  1  6  4  0.4573E-07
 4  1  7  4  0.4322E-07
 4  1  7  4  0.4276E-07
 4  1  7  4  0.4279E-07
 4  1  7  4  0.4284E-07
 4  1  7  4  0.4250E-07
 4  1  7  4  0.4252E-07
 4  1  7  4  0.4252E-07
 4  1  7  4  0.4253E-07
 4  1  7  4  0.4247E-07
 4  1  7  4  0.4259E-07
 4  1  8  4  0.3491E-07
 4  1  8  4  0.3337E-07
 4  1  8  4  0.3319E-07
 4  1  8  4  0.3316E-07
 4  1  8  4  0.3320E-07
 4  1  8  4  0.3310E-07
 4  1  8  4  0.3318E-07
 4  1  8  4  0.3325E-07
 4  1  8  4  0.3319E-07
 4  1  8  4  0.3309E-07
 4  1  9  4  0.4999E-07
 4  1  9  4  0.4818E-07
 4  1  9  4  0.4796E-07
 4  1  9  4  0.4813E-07
 4  1  9  4  0.4791E-07
 4  1  9  4  0.4811E-07
 4  1  9  4  0.4807E-07
 4  1  9  4  0.4786E-07
 4  1  9  4  0.4802E-07
 4  1  9  4  0.4801E-07
 4  1  10  4  0.5943E-07
 4  1  10  4  0.5797E-07
 4  1  10  4  0.5808E-07
 4  1  10  4  0.5811E-07
 4  1  10  4  0.5795E-07
 4  1  10  4  0.5808E-07
 4  1  10  4  0.5804E-07
 4  1  10  4  0.5814E-07
 4  1  10  4  0.5814E-07
 4  1  10  4  0.5809E-07
 4  1  11  4  0.6191E-07
 4  1  11  4  0.6278E-07
 4  1  11  4  0.6256E-07
 4  1  11  4  0.6262E-07
 4  1  11  4  0.6265E-07
 4  1  11  4  0.6264E-07
 4  1  11  4  0.6257E-07
 4  1  11  4  0.6258E-07
 4  1  11  4  0.6257E-07
 4  1  11  4  0.6252E-07
 4  1  12  4  0.5472E-07
 4  1  12  4  0.5380E-07
 4  1  12  4  0.5376E-07
 4  1  12  4  0.5381E-07
 4  1  12  4  0.5380E-07
 4  1  12  4  0.5382E-07
 4  1  12  4  0.5382E-07
 4  1  12  4  0.5384E-07
 4  1  12  4  0.5382E-07
 4  1  12  4  0.5378E-07
 4  1  13  4  0.5953E-07
 4  1  13  4  0.5900E-07
 4  1  13  4  0.5921E-07
 4  1  13  4  0.5921E-07
 4  1  13  4  0.5918E-07
 4  1  13  4  0.5919E-07
 4  1  13  4  0.5919E-07
 4  1  13  4  0.5918E-07
 4  1  13  4  0.5918E-07
 4  1  13  4  0.5919E-07
 4  1  14  4  0.5562E-07
 4  1  14  4  0.5487E-07
 4  1  14  4  0.5528E-07
 4  1  14  4  0.5535E-07
 4  1  14  4  0.5523E-07
 4  1  14  4  0.5539E-07
 4  1  14  4  0.5544E-07
 4  1  14  4  0.5525E-07
 4  1  14  4  0.5524E-07
 4  1  14  4  0.5523E-07
 4  1  15  4  0.6074E-07
 4  1  15  4  0.6006E-07
 4  1  15  4  0.6041E-07
 4  1  15  4  0.6038E-07
 4  1  15  4  0.6037E-07
 4  1  15  4  0.6035E-07
 4  1  15  4  0.6038E-07
 4  1  15  4  0.6029E-07
 4  1  15  4  0.6018E-07
 4  1  15  4  0.6013E-07
 4  1  16  4  0.5167E-07
 4  1  16  4  0.5118E-07
 4  1  16  4  0.5118E-07
 4  1  16  4  0.5118E-07
 4  1  16  4  0.5116E-07
 4  1  16  4  0.5118E-07
 4  1  16  4  0.5117E-07
 4  1  16  4  0.5120E-07
 4  1  16  4  0.5117E-07
 4  1  16  4  0.5117E-07
 4  1  17  4  0.7524E-07
 4  1  17  4  0.7466E-07
 4  1  17  4  0.7462E-07
 4  1  17  4  0.7470E-07
 4  1  17  4  0.7467E-07
 4  1  17  4  0.7460E-07
 4  1  17  4  0.7464E-07
 4  1  17  4  0.7502E-07
 4  1  17  4  0.7490E-07
 4  1  17  4  0.7480E-07
 4  1  18  4  0.7056E-07
 4  1  18  4  0.7013E-07
 4  1  18  4  0.7010E-07
 4  1  18  4  0.7007E-07
 4  1  18  4  0.7005E-07
 4  1  18  4  0.7003E-07
 4  1  18  4  0.7001E-07
 4  1  18  4  0.7006E-07
 4  1  18  4  0.7005E-07
 4  1  18  4  0.7006E-07
 4  1  19  4  0.7741E-07
 4  1  19  4  0.7717E-07
 4  1  19  4  0.7723E-07
 4  1  19  4  0.7725E-07
 4  1  19  4  0.7708E-07
 4  1  19  4  0.7711E-07
 4  1  19  4  0.7721E-07
 4  1  19  4  0.7724E-07
 4  1  19  4  0.7730E-07
 4  1  19  4  0.7729E-07
 4  1  20  4  0.7237E-07
 4  1  20  4  0.7271E-07
 4  1  20  4  0.7264E-07
 4  1  20  4  0.7258E-07
 4  1  20  4  0.7257E-07
 4  1  20  4  0.7230E-07
 4  1  20  4  0.7231E-07
 4  1  20  4  0.7213E-07
 4  1  20  4  0.7276E-07
 4  1  20  4  0.7287E-07
