 4  32  3  128  0.2486E-07
 4  32  3  128  0.2488E-07
 4  32  3  128  0.2343E-07
 4  32  3  128  0.2364E-07
 4  32  3  128  0.2355E-07
 4  32  3  128  0.2469E-07
 4  32  3  128  0.2344E-07
 4  32  3  128  0.2359E-07
 4  32  3  128  0.2343E-07
 4  32  3  128  0.2346E-07
 4  32  4  128  0.9989E-08
 4  32  4  128  0.9473E-08
 4  32  4  128  0.9553E-08
 4  32  4  128  0.9390E-08
 4  32  4  128  0.9443E-08
 4  32  4  128  0.9454E-08
 4  32  4  128  0.9435E-08
 4  32  4  128  0.9324E-08
 4  32  4  128  0.9496E-08
 4  32  4  128  0.9383E-08
 4  32  5  128  0.6465E-08
 4  32  5  128  0.6158E-08
 4  32  5  128  0.6169E-08
 4  32  5  128  0.6116E-08
 4  32  5  128  0.6062E-08
 4  32  5  128  0.6088E-08
 4  32  5  128  0.6086E-08
 4  32  5  128  0.6102E-08
 4  32  5  128  0.6057E-08
 4  32  5  128  0.6048E-08
 4  32  6  128  0.4456E-08
 4  32  6  128  0.4264E-08
 4  32  6  128  0.4298E-08
 4  32  6  128  0.4300E-08
 4  32  6  128  0.4276E-08
 4  32  6  128  0.4274E-08
 4  32  6  128  0.4257E-08
 4  32  6  128  0.4260E-08
 4  32  6  128  0.4316E-08
 4  32  6  128  0.4324E-08
 4  32  7  128  0.3683E-08
 4  32  7  128  0.3456E-08
 4  32  7  128  0.3461E-08
 4  32  7  128  0.3514E-08
 4  32  7  128  0.3449E-08
 4  32  7  128  0.3430E-08
 4  32  7  128  0.3460E-08
 4  32  7  128  0.3456E-08
 4  32  7  128  0.3467E-08
 4  32  7  128  0.3432E-08
 4  32  8  128  0.3485E-08
 4  32  8  128  0.3338E-08
 4  32  8  128  0.3367E-08
 4  32  8  128  0.3350E-08
 4  32  8  128  0.3335E-08
 4  32  8  128  0.3350E-08
 4  32  8  128  0.3362E-08
 4  32  8  128  0.3335E-08
 4  32  8  128  0.3378E-08
 4  32  8  128  0.3298E-08
 4  32  9  128  0.3597E-08
 4  32  9  128  0.3436E-08
 4  32  9  128  0.3449E-08
 4  32  9  128  0.3448E-08
 4  32  9  128  0.3511E-08
 4  32  9  128  0.3448E-08
 4  32  9  128  0.3476E-08
 4  32  9  128  0.3430E-08
 4  32  9  128  0.3425E-08
 4  32  9  128  0.3427E-08
 4  32  10  128  0.3974E-08
 4  32  10  128  0.3853E-08
 4  32  10  128  0.3860E-08
 4  32  10  128  0.3858E-08
 4  32  10  128  0.3862E-08
 4  32  10  128  0.3855E-08
 4  32  10  128  0.3844E-08
 4  32  10  128  0.3838E-08
 4  32  10  128  0.3849E-08
 4  32  10  128  0.3842E-08
 4  32  11  128  0.4011E-08
 4  32  11  128  0.3922E-08
 4  32  11  128  0.3926E-08
 4  32  11  128  0.3917E-08
 4  32  11  128  0.3917E-08
 4  32  11  128  0.3915E-08
 4  32  11  128  0.3939E-08
 4  32  11  128  0.3933E-08
 4  32  11  128  0.3918E-08
 4  32  11  128  0.3917E-08
 4  32  12  128  0.3676E-08
 4  32  12  128  0.3603E-08
 4  32  12  128  0.3612E-08
 4  32  12  128  0.3575E-08
 4  32  12  128  0.3567E-08
 4  32  12  128  0.3573E-08
 4  32  12  128  0.3571E-08
 4  32  12  128  0.3567E-08
 4  32  12  128  0.3570E-08
 4  32  12  128  0.3578E-08
 4  32  13  128  0.3652E-08
 4  32  13  128  0.3569E-08
 4  32  13  128  0.3564E-08
 4  32  13  128  0.3563E-08
 4  32  13  128  0.3565E-08
 4  32  13  128  0.3583E-08
 4  32  13  128  0.3573E-08
 4  32  13  128  0.3569E-08
 4  32  13  128  0.3563E-08
 4  32  13  128  0.3575E-08
 4  32  14  128  0.3444E-08
 4  32  14  128  0.3329E-08
 4  32  14  128  0.3341E-08
 4  32  14  128  0.3342E-08
 4  32  14  128  0.3331E-08
 4  32  14  128  0.3332E-08
 4  32  14  128  0.3341E-08
 4  32  14  128  0.3327E-08
 4  32  14  128  0.3328E-08
 4  32  14  128  0.3331E-08
 4  32  15  128  0.3497E-08
 4  32  15  128  0.3411E-08
 4  32  15  128  0.3407E-08
 4  32  15  128  0.3405E-08
 4  32  15  128  0.3408E-08
 4  32  15  128  0.3418E-08
 4  32  15  128  0.3407E-08
 4  32  15  128  0.3403E-08
 4  32  15  128  0.3405E-08
 4  32  15  128  0.3403E-08
 4  32  16  128  0.3589E-08
 4  32  16  128  0.3502E-08
 4  32  16  128  0.3505E-08
 4  32  16  128  0.3502E-08
 4  32  16  128  0.3502E-08
 4  32  16  128  0.3503E-08
 4  32  16  128  0.3501E-08
 4  32  16  128  0.3500E-08
 4  32  16  128  0.3501E-08
 4  32  16  128  0.3508E-08
 4  32  17  128  0.3823E-08
 4  32  17  128  0.3742E-08
 4  32  17  128  0.3765E-08
 4  32  17  128  0.3752E-08
 4  32  17  128  0.3751E-08
 4  32  17  128  0.3747E-08
 4  32  17  128  0.3749E-08
 4  32  17  128  0.3745E-08
 4  32  17  128  0.3740E-08
 4  32  17  128  0.3740E-08
 4  32  18  128  0.3584E-08
 4  32  18  128  0.3511E-08
 4  32  18  128  0.3518E-08
 4  32  18  128  0.3516E-08
 4  32  18  128  0.3512E-08
 4  32  18  128  0.3516E-08
 4  32  18  128  0.3513E-08
 4  32  18  128  0.3511E-08
 4  32  18  128  0.3514E-08
 4  32  18  128  0.3512E-08
 4  32  19  128  0.3689E-08
 4  32  19  128  0.3639E-08
 4  32  19  128  0.3640E-08
 4  32  19  128  0.3635E-08
 4  32  19  128  0.3634E-08
 4  32  19  128  0.3637E-08
 4  32  19  128  0.3637E-08
 4  32  19  128  0.3635E-08
 4  32  19  128  0.3634E-08
 4  32  19  128  0.3639E-08
 4  32  20  128  0.3565E-08
 4  32  20  128  0.3518E-08
 4  32  20  128  0.3520E-08
 4  32  20  128  0.3521E-08
 4  32  20  128  0.3521E-08
 4  32  20  128  0.3522E-08
 4  32  20  128  0.3522E-08
 4  32  20  128  0.3517E-08
 4  32  20  128  0.3513E-08
 4  32  20  128  0.3517E-08
