 8  64  3  512  0.9056E-08
 8  64  3  512  0.8188E-08
 8  64  3  512  0.8218E-08
 8  64  3  512  0.8079E-08
 8  64  3  512  0.8176E-08
 8  64  3  512  0.8191E-08
 8  64  3  512  0.8075E-08
 8  64  3  512  0.8137E-08
 8  64  3  512  0.8126E-08
 8  64  3  512  0.8084E-08
 8  64  4  512  0.4714E-08
 8  64  4  512  0.4409E-08
 8  64  4  512  0.4406E-08
 8  64  4  512  0.4434E-08
 8  64  4  512  0.4427E-08
 8  64  4  512  0.4430E-08
 8  64  4  512  0.4379E-08
 8  64  4  512  0.4518E-08
 8  64  4  512  0.4407E-08
 8  64  4  512  0.4454E-08
 8  64  5  512  0.3680E-08
 8  64  5  512  0.3516E-08
 8  64  5  512  0.3486E-08
 8  64  5  512  0.3463E-08
 8  64  5  512  0.3450E-08
 8  64  5  512  0.3494E-08
 8  64  5  512  0.3468E-08
 8  64  5  512  0.3457E-08
 8  64  5  512  0.3468E-08
 8  64  5  512  0.3455E-08
 8  64  6  512  0.3411E-08
 8  64  6  512  0.3309E-08
 8  64  6  512  0.3294E-08
 8  64  6  512  0.3302E-08
 8  64  6  512  0.3315E-08
 8  64  6  512  0.3344E-08
 8  64  6  512  0.3344E-08
 8  64  6  512  0.3336E-08
 8  64  6  512  0.3432E-08
 8  64  6  512  0.3349E-08
 8  64  7  512  0.3278E-08
 8  64  7  512  0.3219E-08
 8  64  7  512  0.3221E-08
 8  64  7  512  0.3221E-08
 8  64  7  512  0.3222E-08
 8  64  7  512  0.3222E-08
 8  64  7  512  0.3216E-08
 8  64  7  512  0.3219E-08
 8  64  7  512  0.3233E-08
 8  64  7  512  0.3234E-08
 8  64  8  512  0.2852E-08
 8  64  8  512  0.2781E-08
 8  64  8  512  0.2781E-08
 8  64  8  512  0.2781E-08
 8  64  8  512  0.2775E-08
 8  64  8  512  0.2780E-08
 8  64  8  512  0.2781E-08
 8  64  8  512  0.2777E-08
 8  64  8  512  0.2777E-08
 8  64  8  512  0.2776E-08
 8  64  9  512  0.2547E-08
 8  64  9  512  0.2524E-08
 8  64  9  512  0.2514E-08
 8  64  9  512  0.2513E-08
 8  64  9  512  0.2513E-08
 8  64  9  512  0.2513E-08
 8  64  9  512  0.2514E-08
 8  64  9  512  0.2517E-08
 8  64  9  512  0.2512E-08
 8  64  9  512  0.2518E-08
 8  64  10  512  0.2403E-08
 8  64  10  512  0.2385E-08
 8  64  10  512  0.2382E-08
 8  64  10  512  0.2378E-08
 8  64  10  512  0.2381E-08
 8  64  10  512  0.2389E-08
 8  64  10  512  0.2384E-08
 8  64  10  512  0.2385E-08
 8  64  10  512  0.2398E-08
 8  64  10  512  0.2421E-08
 8  64  11  512  0.2539E-08
 8  64  11  512  0.2523E-08
 8  64  11  512  0.2524E-08
 8  64  11  512  0.2527E-08
 8  64  11  512  0.2527E-08
 8  64  11  512  0.2530E-08
 8  64  11  512  0.2534E-08
 8  64  11  512  0.2527E-08
 8  64  11  512  0.2519E-08
 8  64  11  512  0.2526E-08
 8  64  12  512  0.2184E-08
 8  64  12  512  0.2168E-08
 8  64  12  512  0.2168E-08
 8  64  12  512  0.2171E-08
 8  64  12  512  0.2163E-08
 8  64  12  512  0.2174E-08
 8  64  12  512  0.2180E-08
 8  64  12  512  0.2174E-08
 8  64  12  512  0.2167E-08
 8  64  12  512  0.2171E-08
 8  64  13  512  0.2129E-08
 8  64  13  512  0.2121E-08
 8  64  13  512  0.2134E-08
 8  64  13  512  0.2130E-08
 8  64  13  512  0.2123E-08
 8  64  13  512  0.2133E-08
 8  64  13  512  0.2118E-08
 8  64  13  512  0.2125E-08
 8  64  13  512  0.2134E-08
 8  64  13  512  0.2128E-08
 8  64  14  512  0.2013E-08
 8  64  14  512  0.2012E-08
 8  64  14  512  0.2024E-08
 8  64  14  512  0.2003E-08
 8  64  14  512  0.2007E-08
 8  64  14  512  0.2042E-08
 8  64  14  512  0.2016E-08
 8  64  14  512  0.2013E-08
 8  64  14  512  0.2002E-08
 8  64  14  512  0.2004E-08
 8  64  15  512  0.2085E-08
 8  64  15  512  0.2075E-08
 8  64  15  512  0.2085E-08
 8  64  15  512  0.2072E-08
 8  64  15  512  0.2072E-08
 8  64  15  512  0.2077E-08
 8  64  15  512  0.2082E-08
 8  64  15  512  0.2073E-08
 8  64  15  512  0.2070E-08
 8  64  15  512  0.2088E-08
 8  64  16  512  0.2033E-08
 8  64  16  512  0.2032E-08
 8  64  16  512  0.2023E-08
 8  64  16  512  0.2028E-08
 8  64  16  512  0.2022E-08
 8  64  16  512  0.2025E-08
 8  64  16  512  0.2028E-08
 8  64  16  512  0.2026E-08
 8  64  16  512  0.2021E-08
 8  64  16  512  0.2033E-08
 8  64  17  512  0.2302E-08
 8  64  17  512  0.2301E-08
 8  64  17  512  0.2298E-08
 8  64  17  512  0.2298E-08
 8  64  17  512  0.2296E-08
 8  64  17  512  0.2299E-08
 8  64  17  512  0.2297E-08
 8  64  17  512  0.2306E-08
 8  64  17  512  0.2295E-08
 8  64  17  512  0.2299E-08
 8  64  18  512  0.2178E-08
 8  64  18  512  0.2174E-08
 8  64  18  512  0.2172E-08
 8  64  18  512  0.2167E-08
 8  64  18  512  0.2173E-08
 8  64  18  512  0.2167E-08
 8  64  18  512  0.2172E-08
 8  64  18  512  0.2172E-08
 8  64  18  512  0.2173E-08
 8  64  18  512  0.2169E-08
 8  64  19  512  0.2300E-08
 8  64  19  512  0.2292E-08
 8  64  19  512  0.2294E-08
 8  64  19  512  0.2296E-08
 8  64  19  512  0.2292E-08
 8  64  19  512  0.2291E-08
 8  64  19  512  0.2292E-08
 8  64  19  512  0.2293E-08
 8  64  19  512  0.2297E-08
 8  64  19  512  0.2292E-08
 8  64  20  512  0.2343E-08
 8  64  20  512  0.2339E-08
 8  64  20  512  0.2340E-08
 8  64  20  512  0.2341E-08
 8  64  20  512  0.2335E-08
 8  64  20  512  0.2339E-08
 8  64  20  512  0.2337E-08
 8  64  20  512  0.2336E-08
 8  64  20  512  0.2339E-08
 8  64  20  512  0.2340E-08
