 8  64  3  512  0.5259E-08
 8  64  3  512  0.4295E-08
 8  64  3  512  0.4399E-08
 8  64  3  512  0.4373E-08
 8  64  3  512  0.4355E-08
 8  64  3  512  0.4319E-08
 8  64  3  512  0.4361E-08
 8  64  3  512  0.4374E-08
 8  64  3  512  0.4287E-08
 8  64  3  512  0.4283E-08
 8  64  4  512  0.3083E-08
 8  64  4  512  0.2775E-08
 8  64  4  512  0.2803E-08
 8  64  4  512  0.2769E-08
 8  64  4  512  0.2787E-08
 8  64  4  512  0.2770E-08
 8  64  4  512  0.2813E-08
 8  64  4  512  0.2798E-08
 8  64  4  512  0.2838E-08
 8  64  4  512  0.2803E-08
 8  64  5  512  0.2995E-08
 8  64  5  512  0.2634E-08
 8  64  5  512  0.2659E-08
 8  64  5  512  0.2645E-08
 8  64  5  512  0.2627E-08
 8  64  5  512  0.2656E-08
 8  64  5  512  0.2633E-08
 8  64  5  512  0.2646E-08
 8  64  5  512  0.2632E-08
 8  64  5  512  0.2667E-08
 8  64  6  512  0.2737E-08
 8  64  6  512  0.2628E-08
 8  64  6  512  0.2634E-08
 8  64  6  512  0.2627E-08
 8  64  6  512  0.2618E-08
 8  64  6  512  0.2620E-08
 8  64  6  512  0.2623E-08
 8  64  6  512  0.2625E-08
 8  64  6  512  0.2616E-08
 8  64  6  512  0.2616E-08
 8  64  7  512  0.2404E-08
 8  64  7  512  0.2270E-08
 8  64  7  512  0.2267E-08
 8  64  7  512  0.2272E-08
 8  64  7  512  0.2278E-08
 8  64  7  512  0.2284E-08
 8  64  7  512  0.2284E-08
 8  64  7  512  0.2271E-08
 8  64  7  512  0.2278E-08
 8  64  7  512  0.2276E-08
 8  64  8  512  0.1591E-08
 8  64  8  512  0.1508E-08
 8  64  8  512  0.1519E-08
 8  64  8  512  0.1525E-08
 8  64  8  512  0.1526E-08
 8  64  8  512  0.1524E-08
 8  64  8  512  0.1525E-08
 8  64  8  512  0.1524E-08
 8  64  8  512  0.1526E-08
 8  64  8  512  0.1523E-08
 8  64  9  512  0.1668E-08
 8  64  9  512  0.1618E-08
 8  64  9  512  0.1615E-08
 8  64  9  512  0.1612E-08
 8  64  9  512  0.1613E-08
 8  64  9  512  0.1615E-08
 8  64  9  512  0.1609E-08
 8  64  9  512  0.1610E-08
 8  64  9  512  0.1608E-08
 8  64  9  512  0.1617E-08
 8  64  10  512  0.1698E-08
 8  64  10  512  0.1666E-08
 8  64  10  512  0.1675E-08
 8  64  10  512  0.1679E-08
 8  64  10  512  0.1679E-08
 8  64  10  512  0.1675E-08
 8  64  10  512  0.1675E-08
 8  64  10  512  0.1667E-08
 8  64  10  512  0.1656E-08
 8  64  10  512  0.1657E-08
 8  64  11  512  0.1698E-08
 8  64  11  512  0.1649E-08
 8  64  11  512  0.1653E-08
 8  64  11  512  0.1641E-08
 8  64  11  512  0.1649E-08
 8  64  11  512  0.1648E-08
 8  64  11  512  0.1659E-08
 8  64  11  512  0.1642E-08
 8  64  11  512  0.1646E-08
 8  64  11  512  0.1636E-08
 8  64  12  512  0.1524E-08
 8  64  12  512  0.1480E-08
 8  64  12  512  0.1494E-08
 8  64  12  512  0.1483E-08
 8  64  12  512  0.1482E-08
 8  64  12  512  0.1504E-08
 8  64  12  512  0.1493E-08
 8  64  12  512  0.1489E-08
 8  64  12  512  0.1478E-08
 8  64  12  512  0.1481E-08
 8  64  13  512  0.1572E-08
 8  64  13  512  0.1551E-08
 8  64  13  512  0.1546E-08
 8  64  13  512  0.1545E-08
 8  64  13  512  0.1538E-08
 8  64  13  512  0.1547E-08
 8  64  13  512  0.1532E-08
 8  64  13  512  0.1534E-08
 8  64  13  512  0.1538E-08
 8  64  13  512  0.1543E-08
 8  64  14  512  0.1491E-08
 8  64  14  512  0.1449E-08
 8  64  14  512  0.1442E-08
 8  64  14  512  0.1442E-08
 8  64  14  512  0.1436E-08
 8  64  14  512  0.1442E-08
 8  64  14  512  0.1459E-08
 8  64  14  512  0.1450E-08
 8  64  14  512  0.1438E-08
 8  64  14  512  0.1437E-08
 8  64  15  512  0.1558E-08
 8  64  15  512  0.1530E-08
 8  64  15  512  0.1531E-08
 8  64  15  512  0.1533E-08
 8  64  15  512  0.1532E-08
 8  64  15  512  0.1524E-08
 8  64  15  512  0.1525E-08
 8  64  15  512  0.1682E-08
 8  64  15  512  0.1601E-08
 8  64  15  512  0.1533E-08
 8  64  16  512  0.1624E-08
 8  64  16  512  0.1598E-08
 8  64  16  512  0.1601E-08
 8  64  16  512  0.1599E-08
 8  64  16  512  0.1595E-08
 8  64  16  512  0.1593E-08
 8  64  16  512  0.1609E-08
 8  64  16  512  0.1599E-08
 8  64  16  512  0.1595E-08
 8  64  16  512  0.1598E-08
 8  64  17  512  0.1876E-08
 8  64  17  512  0.1853E-08
 8  64  17  512  0.1842E-08
 8  64  17  512  0.1849E-08
 8  64  17  512  0.1846E-08
 8  64  17  512  0.1844E-08
 8  64  17  512  0.1847E-08
 8  64  17  512  0.1847E-08
 8  64  17  512  0.1963E-08
 8  64  17  512  0.1848E-08
 8  64  18  512  0.1796E-08
 8  64  18  512  0.1776E-08
 8  64  18  512  0.1766E-08
 8  64  18  512  0.1769E-08
 8  64  18  512  0.1767E-08
 8  64  18  512  0.1771E-08
 8  64  18  512  0.1773E-08
 8  64  18  512  0.1766E-08
 8  64  18  512  0.1771E-08
 8  64  18  512  0.1768E-08
 8  64  19  512  0.2003E-08
 8  64  19  512  0.1916E-08
 8  64  19  512  0.1913E-08
 8  64  19  512  0.1918E-08
 8  64  19  512  0.1916E-08
 8  64  19  512  0.1916E-08
 8  64  19  512  0.1915E-08
 8  64  19  512  0.1914E-08
 8  64  19  512  0.1920E-08
 8  64  19  512  0.1918E-08
 8  64  20  512  0.1826E-08
 8  64  20  512  0.1811E-08
 8  64  20  512  0.1809E-08
 8  64  20  512  0.1813E-08
 8  64  20  512  0.1812E-08
 8  64  20  512  0.1809E-08
 8  64  20  512  0.1809E-08
 8  64  20  512  0.1810E-08
 8  64  20  512  0.1813E-08
 8  64  20  512  0.1812E-08
