 8  1  3  8  0.1901E-06
 8  1  3  8  0.1895E-06
 8  1  3  8  0.1901E-06
 8  1  3  8  0.1902E-06
 8  1  3  8  0.1901E-06
 8  1  3  8  0.1886E-06
 8  1  3  8  0.1896E-06
 8  1  3  8  0.1889E-06
 8  1  3  8  0.1904E-06
 8  1  3  8  0.1899E-06
 8  1  4  8  0.1342E-06
 8  1  4  8  0.1353E-06
 8  1  4  8  0.1328E-06
 8  1  4  8  0.1330E-06
 8  1  4  8  0.1348E-06
 8  1  4  8  0.1324E-06
 8  1  4  8  0.1347E-06
 8  1  4  8  0.1349E-06
 8  1  4  8  0.1324E-06
 8  1  4  8  0.1322E-06
 8  1  5  8  0.1037E-06
 8  1  5  8  0.1040E-06
 8  1  5  8  0.1038E-06
 8  1  5  8  0.1037E-06
 8  1  5  8  0.1035E-06
 8  1  5  8  0.1034E-06
 8  1  5  8  0.1036E-06
 8  1  5  8  0.1037E-06
 8  1  5  8  0.1040E-06
 8  1  5  8  0.1036E-06
 8  1  6  8  0.8029E-07
 8  1  6  8  0.7976E-07
 8  1  6  8  0.7974E-07
 8  1  6  8  0.7973E-07
 8  1  6  8  0.7983E-07
 8  1  6  8  0.7987E-07
 8  1  6  8  0.7983E-07
 8  1  6  8  0.7974E-07
 8  1  6  8  0.7987E-07
 8  1  6  8  0.7986E-07
 8  1  7  8  0.7042E-07
 8  1  7  8  0.7094E-07
 8  1  7  8  0.7029E-07
 8  1  7  8  0.7029E-07
 8  1  7  8  0.7022E-07
 8  1  7  8  0.7033E-07
 8  1  7  8  0.7035E-07
 8  1  7  8  0.7033E-07
 8  1  7  8  0.7016E-07
 8  1  7  8  0.7019E-07
 8  1  8  8  0.7572E-07
 8  1  8  8  0.7533E-07
 8  1  8  8  0.7529E-07
 8  1  8  8  0.7522E-07
 8  1  8  8  0.7513E-07
 8  1  8  8  0.7517E-07
 8  1  8  8  0.7516E-07
 8  1  8  8  0.7519E-07
 8  1  8  8  0.7513E-07
 8  1  8  8  0.7521E-07
 8  1  9  8  0.8489E-07
 8  1  9  8  0.8497E-07
 8  1  9  8  0.8497E-07
 8  1  9  8  0.8493E-07
 8  1  9  8  0.8485E-07
 8  1  9  8  0.8481E-07
 8  1  9  8  0.8498E-07
 8  1  9  8  0.8494E-07
 8  1  9  8  0.8495E-07
 8  1  9  8  0.8492E-07
 8  1  10  8  0.8924E-07
 8  1  10  8  0.8916E-07
 8  1  10  8  0.8922E-07
 8  1  10  8  0.8916E-07
 8  1  10  8  0.8921E-07
 8  1  10  8  0.9134E-07
 8  1  10  8  0.9120E-07
 8  1  10  8  0.9122E-07
 8  1  10  8  0.9120E-07
 8  1  10  8  0.9112E-07
 8  1  11  8  0.9055E-07
 8  1  11  8  0.9043E-07
 8  1  11  8  0.9042E-07
 8  1  11  8  0.9044E-07
 8  1  11  8  0.9043E-07
 8  1  11  8  0.9044E-07
 8  1  11  8  0.9047E-07
 8  1  11  8  0.9043E-07
 8  1  11  8  0.9043E-07
 8  1  11  8  0.9045E-07
 8  1  12  8  0.8081E-07
 8  1  12  8  0.8068E-07
 8  1  12  8  0.8071E-07
 8  1  12  8  0.8076E-07
 8  1  12  8  0.8071E-07
 8  1  12  8  0.8067E-07
 8  1  12  8  0.8066E-07
 8  1  12  8  0.8068E-07
 8  1  12  8  0.8067E-07
 8  1  12  8  0.8072E-07
 8  1  13  8  0.8449E-07
 8  1  13  8  0.8447E-07
 8  1  13  8  0.8456E-07
 8  1  13  8  0.8444E-07
 8  1  13  8  0.8450E-07
 8  1  13  8  0.8447E-07
 8  1  13  8  0.8455E-07
 8  1  13  8  0.8446E-07
 8  1  13  8  0.8445E-07
 8  1  13  8  0.8452E-07
 8  1  14  8  0.7916E-07
 8  1  14  8  0.7916E-07
 8  1  14  8  0.7914E-07
 8  1  14  8  0.7913E-07
 8  1  14  8  0.7917E-07
 8  1  14  8  0.7912E-07
 8  1  14  8  0.7913E-07
 8  1  14  8  0.7916E-07
 8  1  14  8  0.7920E-07
 8  1  14  8  0.7915E-07
 8  1  15  8  0.8289E-07
 8  1  15  8  0.8271E-07
 8  1  15  8  0.8267E-07
 8  1  15  8  0.8278E-07
 8  1  15  8  0.8284E-07
 8  1  15  8  0.8272E-07
 8  1  15  8  0.8285E-07
 8  1  15  8  0.8353E-07
 8  1  15  8  0.8350E-07
 8  1  15  8  0.8354E-07
 8  1  16  8  0.7514E-07
 8  1  16  8  0.7505E-07
 8  1  16  8  0.7505E-07
 8  1  16  8  0.7509E-07
 8  1  16  8  0.7506E-07
 8  1  16  8  0.7505E-07
 8  1  16  8  0.7508E-07
 8  1  16  8  0.7507E-07
 8  1  16  8  0.7507E-07
 8  1  16  8  0.7512E-07
 8  1  17  8  0.9583E-07
 8  1  17  8  0.9578E-07
 8  1  17  8  0.9580E-07
 8  1  17  8  0.9579E-07
 8  1  17  8  0.9579E-07
 8  1  17  8  0.9579E-07
 8  1  17  8  0.9578E-07
 8  1  17  8  0.9580E-07
 8  1  17  8  0.9578E-07
 8  1  17  8  0.9582E-07
 8  1  18  8  0.9118E-07
 8  1  18  8  0.9119E-07
 8  1  18  8  0.9118E-07
 8  1  18  8  0.9118E-07
 8  1  18  8  0.9118E-07
 8  1  18  8  0.9117E-07
 8  1  18  8  0.9119E-07
 8  1  18  8  0.9115E-07
 8  1  18  8  0.9116E-07
 8  1  18  8  0.9114E-07
 8  1  19  8  0.9488E-07
 8  1  19  8  0.9493E-07
 8  1  19  8  0.9506E-07
 8  1  19  8  0.9501E-07
 8  1  19  8  0.9492E-07
 8  1  19  8  0.9508E-07
 8  1  19  8  0.9500E-07
 8  1  19  8  0.9508E-07
 8  1  19  8  0.9503E-07
 8  1  19  8  0.9506E-07
 8  1  20  8  0.9373E-07
 8  1  20  8  0.9365E-07
 8  1  20  8  0.9368E-07
 8  1  20  8  0.9369E-07
 8  1  20  8  0.9362E-07
 8  1  20  8  0.9366E-07
 8  1  20  8  0.9363E-07
 8  1  20  8  0.9360E-07
 8  1  20  8  0.9362E-07
 8  1  20  8  0.9366E-07
