 8  1  3  8  0.1781E-06
 8  1  3  8  0.1773E-06
 8  1  3  8  0.1765E-06
 8  1  3  8  0.1751E-06
 8  1  3  8  0.1746E-06
 8  1  3  8  0.1753E-06
 8  1  3  8  0.1752E-06
 8  1  3  8  0.1744E-06
 8  1  3  8  0.1748E-06
 8  1  3  8  0.1762E-06
 8  1  4  8  0.1279E-06
 8  1  4  8  0.1288E-06
 8  1  4  8  0.1272E-06
 8  1  4  8  0.1272E-06
 8  1  4  8  0.1260E-06
 8  1  4  8  0.1290E-06
 8  1  4  8  0.1270E-06
 8  1  4  8  0.1266E-06
 8  1  4  8  0.1292E-06
 8  1  4  8  0.1285E-06
 8  1  5  8  0.1000E-06
 8  1  5  8  0.9960E-07
 8  1  5  8  0.9969E-07
 8  1  5  8  0.9955E-07
 8  1  5  8  0.9961E-07
 8  1  5  8  0.9988E-07
 8  1  5  8  0.9958E-07
 8  1  5  8  0.9965E-07
 8  1  5  8  0.9965E-07
 8  1  5  8  0.9956E-07
 8  1  6  8  0.7819E-07
 8  1  6  8  0.7747E-07
 8  1  6  8  0.7742E-07
 8  1  6  8  0.7760E-07
 8  1  6  8  0.7758E-07
 8  1  6  8  0.7768E-07
 8  1  6  8  0.7747E-07
 8  1  6  8  0.7754E-07
 8  1  6  8  0.7766E-07
 8  1  6  8  0.7748E-07
 8  1  7  8  0.7350E-07
 8  1  7  8  0.7254E-07
 8  1  7  8  0.7239E-07
 8  1  7  8  0.7256E-07
 8  1  7  8  0.7248E-07
 8  1  7  8  0.7246E-07
 8  1  7  8  0.7263E-07
 8  1  7  8  0.7253E-07
 8  1  7  8  0.7243E-07
 8  1  7  8  0.7257E-07
 8  1  8  8  0.8025E-07
 8  1  8  8  0.8018E-07
 8  1  8  8  0.8038E-07
 8  1  8  8  0.8045E-07
 8  1  8  8  0.8049E-07
 8  1  8  8  0.8035E-07
 8  1  8  8  0.8036E-07
 8  1  8  8  0.8035E-07
 8  1  8  8  0.8057E-07
 8  1  8  8  0.8047E-07
 8  1  9  8  0.8208E-07
 8  1  9  8  0.8178E-07
 8  1  9  8  0.8373E-07
 8  1  9  8  0.8359E-07
 8  1  9  8  0.8361E-07
 8  1  9  8  0.8357E-07
 8  1  9  8  0.8356E-07
 8  1  9  8  0.8356E-07
 8  1  9  8  0.8357E-07
 8  1  9  8  0.8360E-07
 8  1  10  8  0.8788E-07
 8  1  10  8  0.8734E-07
 8  1  10  8  0.8758E-07
 8  1  10  8  0.8740E-07
 8  1  10  8  0.8737E-07
 8  1  10  8  0.8731E-07
 8  1  10  8  0.8733E-07
 8  1  10  8  0.8737E-07
 8  1  10  8  0.8735E-07
 8  1  10  8  0.8741E-07
 8  1  11  8  0.8885E-07
 8  1  11  8  0.8818E-07
 8  1  11  8  0.8849E-07
 8  1  11  8  0.8820E-07
 8  1  11  8  0.8819E-07
 8  1  11  8  0.8826E-07
 8  1  11  8  0.8821E-07
 8  1  11  8  0.8822E-07
 8  1  11  8  0.8825E-07
 8  1  11  8  0.8882E-07
 8  1  12  8  0.8016E-07
 8  1  12  8  0.7967E-07
 8  1  12  8  0.7964E-07
 8  1  12  8  0.7962E-07
 8  1  12  8  0.7965E-07
 8  1  12  8  0.7968E-07
 8  1  12  8  0.7966E-07
 8  1  12  8  0.7966E-07
 8  1  12  8  0.7965E-07
 8  1  12  8  0.7976E-07
 8  1  13  8  0.8352E-07
 8  1  13  8  0.8404E-07
 8  1  13  8  0.8423E-07
 8  1  13  8  0.8423E-07
 8  1  13  8  0.8421E-07
 8  1  13  8  0.8421E-07
 8  1  13  8  0.8423E-07
 8  1  13  8  0.8419E-07
 8  1  13  8  0.8399E-07
 8  1  13  8  0.8400E-07
 8  1  14  8  0.8017E-07
 8  1  14  8  0.7954E-07
 8  1  14  8  0.7954E-07
 8  1  14  8  0.7951E-07
 8  1  14  8  0.7951E-07
 8  1  14  8  0.7950E-07
 8  1  14  8  0.7950E-07
 8  1  14  8  0.7949E-07
 8  1  14  8  0.7948E-07
 8  1  14  8  0.7951E-07
 8  1  15  8  0.8355E-07
 8  1  15  8  0.8296E-07
 8  1  15  8  0.8294E-07
 8  1  15  8  0.8295E-07
 8  1  15  8  0.8294E-07
 8  1  15  8  0.8296E-07
 8  1  15  8  0.8292E-07
 8  1  15  8  0.8293E-07
 8  1  15  8  0.8301E-07
 8  1  15  8  0.8297E-07
 8  1  16  8  0.7667E-07
 8  1  16  8  0.7612E-07
 8  1  16  8  0.7610E-07
 8  1  16  8  0.7611E-07
 8  1  16  8  0.7611E-07
 8  1  16  8  0.7611E-07
 8  1  16  8  0.7613E-07
 8  1  16  8  0.7609E-07
 8  1  16  8  0.7611E-07
 8  1  16  8  0.7615E-07
 8  1  17  8  0.9561E-07
 8  1  17  8  0.9526E-07
 8  1  17  8  0.9523E-07
 8  1  17  8  0.9522E-07
 8  1  17  8  0.9524E-07
 8  1  17  8  0.9530E-07
 8  1  17  8  0.9522E-07
 8  1  17  8  0.9521E-07
 8  1  17  8  0.9522E-07
 8  1  17  8  0.9520E-07
 8  1  18  8  0.9171E-07
 8  1  18  8  0.9136E-07
 8  1  18  8  0.9147E-07
 8  1  18  8  0.9147E-07
 8  1  18  8  0.9146E-07
 8  1  18  8  0.9159E-07
 8  1  18  8  0.9154E-07
 8  1  18  8  0.9153E-07
 8  1  18  8  0.9152E-07
 8  1  18  8  0.9150E-07
 8  1  19  8  0.9463E-07
 8  1  19  8  0.9436E-07
 8  1  19  8  0.9441E-07
 8  1  19  8  0.9466E-07
 8  1  19  8  0.9471E-07
 8  1  19  8  0.9463E-07
 8  1  19  8  0.9466E-07
 8  1  19  8  0.9482E-07
 8  1  19  8  0.9483E-07
 8  1  19  8  0.9480E-07
 8  1  20  8  0.9353E-07
 8  1  20  8  0.9329E-07
 8  1  20  8  0.9335E-07
 8  1  20  8  0.9324E-07
 8  1  20  8  0.9322E-07
 8  1  20  8  0.9318E-07
 8  1  20  8  0.9318E-07
 8  1  20  8  0.9319E-07
 8  1  20  8  0.9318E-07
 8  1  20  8  0.9344E-07
