 8  32  3  256  0.1278E-07
 8  32  3  256  0.1225E-07
 8  32  3  256  0.1221E-07
 8  32  3  256  0.1213E-07
 8  32  3  256  0.1225E-07
 8  32  3  256  0.1223E-07
 8  32  3  256  0.1214E-07
 8  32  3  256  0.1215E-07
 8  32  3  256  0.1214E-07
 8  32  3  256  0.1219E-07
 8  32  4  256  0.6378E-08
 8  32  4  256  0.6062E-08
 8  32  4  256  0.6025E-08
 8  32  4  256  0.6034E-08
 8  32  4  256  0.6055E-08
 8  32  4  256  0.6041E-08
 8  32  4  256  0.6038E-08
 8  32  4  256  0.6036E-08
 8  32  4  256  0.6076E-08
 8  32  4  256  0.6049E-08
 8  32  5  256  0.4472E-08
 8  32  5  256  0.4201E-08
 8  32  5  256  0.4196E-08
 8  32  5  256  0.4221E-08
 8  32  5  256  0.4186E-08
 8  32  5  256  0.4217E-08
 8  32  5  256  0.4222E-08
 8  32  5  256  0.4213E-08
 8  32  5  256  0.4201E-08
 8  32  5  256  0.4212E-08
 8  32  6  256  0.3195E-08
 8  32  6  256  0.3107E-08
 8  32  6  256  0.3113E-08
 8  32  6  256  0.3055E-08
 8  32  6  256  0.3169E-08
 8  32  6  256  0.3051E-08
 8  32  6  256  0.3105E-08
 8  32  6  256  0.3118E-08
 8  32  6  256  0.3053E-08
 8  32  6  256  0.3061E-08
 8  32  7  256  0.2780E-08
 8  32  7  256  0.2718E-08
 8  32  7  256  0.2712E-08
 8  32  7  256  0.2837E-08
 8  32  7  256  0.2792E-08
 8  32  7  256  0.2794E-08
 8  32  7  256  0.2750E-08
 8  32  7  256  0.2752E-08
 8  32  7  256  0.2732E-08
 8  32  7  256  0.2713E-08
 8  32  8  256  0.2617E-08
 8  32  8  256  0.2574E-08
 8  32  8  256  0.2567E-08
 8  32  8  256  0.2596E-08
 8  32  8  256  0.2560E-08
 8  32  8  256  0.2584E-08
 8  32  8  256  0.2569E-08
 8  32  8  256  0.2594E-08
 8  32  8  256  0.2581E-08
 8  32  8  256  0.2582E-08
 8  32  9  256  0.2829E-08
 8  32  9  256  0.2805E-08
 8  32  9  256  0.2790E-08
 8  32  9  256  0.2794E-08
 8  32  9  256  0.2787E-08
 8  32  9  256  0.2827E-08
 8  32  9  256  0.2818E-08
 8  32  9  256  0.2804E-08
 8  32  9  256  0.2809E-08
 8  32  9  256  0.2803E-08
 8  32  10  256  0.3214E-08
 8  32  10  256  0.3195E-08
 8  32  10  256  0.3191E-08
 8  32  10  256  0.3195E-08
 8  32  10  256  0.3198E-08
 8  32  10  256  0.3194E-08
 8  32  10  256  0.3192E-08
 8  32  10  256  0.3205E-08
 8  32  10  256  0.3201E-08
 8  32  10  256  0.3205E-08
 8  32  11  256  0.3237E-08
 8  32  11  256  0.3216E-08
 8  32  11  256  0.3224E-08
 8  32  11  256  0.3215E-08
 8  32  11  256  0.3219E-08
 8  32  11  256  0.3222E-08
 8  32  11  256  0.3227E-08
 8  32  11  256  0.3231E-08
 8  32  11  256  0.3229E-08
 8  32  11  256  0.3218E-08
 8  32  12  256  0.2859E-08
 8  32  12  256  0.2844E-08
 8  32  12  256  0.2844E-08
 8  32  12  256  0.2848E-08
 8  32  12  256  0.2844E-08
 8  32  12  256  0.2849E-08
 8  32  12  256  0.2846E-08
 8  32  12  256  0.2853E-08
 8  32  12  256  0.2853E-08
 8  32  12  256  0.2845E-08
 8  32  13  256  0.2970E-08
 8  32  13  256  0.2959E-08
 8  32  13  256  0.2960E-08
 8  32  13  256  0.2967E-08
 8  32  13  256  0.2967E-08
 8  32  13  256  0.2962E-08
 8  32  13  256  0.2960E-08
 8  32  13  256  0.2959E-08
 8  32  13  256  0.2958E-08
 8  32  13  256  0.2959E-08
 8  32  14  256  0.2822E-08
 8  32  14  256  0.2811E-08
 8  32  14  256  0.2812E-08
 8  32  14  256  0.2812E-08
 8  32  14  256  0.2805E-08
 8  32  14  256  0.2807E-08
 8  32  14  256  0.2817E-08
 8  32  14  256  0.2813E-08
 8  32  14  256  0.2812E-08
 8  32  14  256  0.2811E-08
 8  32  15  256  0.2860E-08
 8  32  15  256  0.2852E-08
 8  32  15  256  0.2850E-08
 8  32  15  256  0.2852E-08
 8  32  15  256  0.2851E-08
 8  32  15  256  0.2853E-08
 8  32  15  256  0.2859E-08
 8  32  15  256  0.2855E-08
 8  32  15  256  0.2851E-08
 8  32  15  256  0.2847E-08
 8  32  16  256  0.2606E-08
 8  32  16  256  0.2603E-08
 8  32  16  256  0.2712E-08
 8  32  16  256  0.2595E-08
 8  32  16  256  0.2599E-08
 8  32  16  256  0.2595E-08
 8  32  16  256  0.2602E-08
 8  32  16  256  0.2601E-08
 8  32  16  256  0.2596E-08
 8  32  16  256  0.2596E-08
 8  32  17  256  0.3325E-08
 8  32  17  256  0.3321E-08
 8  32  17  256  0.3320E-08
 8  32  17  256  0.3324E-08
 8  32  17  256  0.3321E-08
 8  32  17  256  0.3321E-08
 8  32  17  256  0.3323E-08
 8  32  17  256  0.3319E-08
 8  32  17  256  0.3324E-08
 8  32  17  256  0.3323E-08
 8  32  18  256  0.3090E-08
 8  32  18  256  0.3087E-08
 8  32  18  256  0.3082E-08
 8  32  18  256  0.3083E-08
 8  32  18  256  0.3084E-08
 8  32  18  256  0.3081E-08
 8  32  18  256  0.3084E-08
 8  32  18  256  0.3084E-08
 8  32  18  256  0.3082E-08
 8  32  18  256  0.3086E-08
 8  32  19  256  0.3278E-08
 8  32  19  256  0.3275E-08
 8  32  19  256  0.3274E-08
 8  32  19  256  0.3272E-08
 8  32  19  256  0.3271E-08
 8  32  19  256  0.3271E-08
 8  32  19  256  0.3271E-08
 8  32  19  256  0.3277E-08
 8  32  19  256  0.3272E-08
 8  32  19  256  0.3274E-08
 8  32  20  256  0.3101E-08
 8  32  20  256  0.3099E-08
 8  32  20  256  0.3096E-08
 8  32  20  256  0.3099E-08
 8  32  20  256  0.3095E-08
 8  32  20  256  0.3100E-08
 8  32  20  256  0.3094E-08
 8  32  20  256  0.3101E-08
 8  32  20  256  0.3095E-08
 8  32  20  256  0.3097E-08
