 8  64  3  512  0.7741E-08
 8  64  3  512  0.6821E-08
 8  64  3  512  0.6867E-08
 8  64  3  512  0.6894E-08
 8  64  3  512  0.6820E-08
 8  64  3  512  0.6995E-08
 8  64  3  512  0.6970E-08
 8  64  3  512  0.6943E-08
 8  64  3  512  0.6938E-08
 8  64  3  512  0.7009E-08
 8  64  4  512  0.4457E-08
 8  64  4  512  0.3957E-08
 8  64  4  512  0.3984E-08
 8  64  4  512  0.4038E-08
 8  64  4  512  0.4023E-08
 8  64  4  512  0.4028E-08
 8  64  4  512  0.3929E-08
 8  64  4  512  0.3930E-08
 8  64  4  512  0.4003E-08
 8  64  4  512  0.3960E-08
 8  64  5  512  0.3662E-08
 8  64  5  512  0.3444E-08
 8  64  5  512  0.3439E-08
 8  64  5  512  0.3457E-08
 8  64  5  512  0.3436E-08
 8  64  5  512  0.3400E-08
 8  64  5  512  0.3413E-08
 8  64  5  512  0.3447E-08
 8  64  5  512  0.3428E-08
 8  64  5  512  0.3432E-08
 8  64  6  512  0.3162E-08
 8  64  6  512  0.3051E-08
 8  64  6  512  0.3038E-08
 8  64  6  512  0.3033E-08
 8  64  6  512  0.3033E-08
 8  64  6  512  0.3061E-08
 8  64  6  512  0.3076E-08
 8  64  6  512  0.3079E-08
 8  64  6  512  0.3040E-08
 8  64  6  512  0.3033E-08
 8  64  7  512  0.3004E-08
 8  64  7  512  0.2911E-08
 8  64  7  512  0.2899E-08
 8  64  7  512  0.2912E-08
 8  64  7  512  0.2911E-08
 8  64  7  512  0.2893E-08
 8  64  7  512  0.2905E-08
 8  64  7  512  0.2899E-08
 8  64  7  512  0.2899E-08
 8  64  7  512  0.2882E-08
 8  64  8  512  0.2595E-08
 8  64  8  512  0.2545E-08
 8  64  8  512  0.2551E-08
 8  64  8  512  0.2549E-08
 8  64  8  512  0.2542E-08
 8  64  8  512  0.2536E-08
 8  64  8  512  0.2548E-08
 8  64  8  512  0.2544E-08
 8  64  8  512  0.2561E-08
 8  64  8  512  0.2552E-08
 8  64  9  512  0.2539E-08
 8  64  9  512  0.2510E-08
 8  64  9  512  0.2480E-08
 8  64  9  512  0.2477E-08
 8  64  9  512  0.2478E-08
 8  64  9  512  0.2481E-08
 8  64  9  512  0.2489E-08
 8  64  9  512  0.2502E-08
 8  64  9  512  0.2496E-08
 8  64  9  512  0.2491E-08
 8  64  10  512  0.2352E-08
 8  64  10  512  0.2314E-08
 8  64  10  512  0.2305E-08
 8  64  10  512  0.2313E-08
 8  64  10  512  0.2317E-08
 8  64  10  512  0.2319E-08
 8  64  10  512  0.2307E-08
 8  64  10  512  0.2317E-08
 8  64  10  512  0.2321E-08
 8  64  10  512  0.2325E-08
 8  64  11  512  0.2481E-08
 8  64  11  512  0.2432E-08
 8  64  11  512  0.2428E-08
 8  64  11  512  0.2432E-08
 8  64  11  512  0.2433E-08
 8  64  11  512  0.2426E-08
 8  64  11  512  0.2426E-08
 8  64  11  512  0.2427E-08
 8  64  11  512  0.2437E-08
 8  64  11  512  0.2433E-08
 8  64  12  512  0.2139E-08
 8  64  12  512  0.2098E-08
 8  64  12  512  0.2102E-08
 8  64  12  512  0.2099E-08
 8  64  12  512  0.2091E-08
 8  64  12  512  0.2107E-08
 8  64  12  512  0.2087E-08
 8  64  12  512  0.2088E-08
 8  64  12  512  0.2097E-08
 8  64  12  512  0.2098E-08
 8  64  13  512  0.2141E-08
 8  64  13  512  0.2094E-08
 8  64  13  512  0.2091E-08
 8  64  13  512  0.2081E-08
 8  64  13  512  0.2080E-08
 8  64  13  512  0.2081E-08
 8  64  13  512  0.2081E-08
 8  64  13  512  0.2081E-08
 8  64  13  512  0.2080E-08
 8  64  13  512  0.2082E-08
 8  64  14  512  0.2046E-08
 8  64  14  512  0.1968E-08
 8  64  14  512  0.1980E-08
 8  64  14  512  0.1969E-08
 8  64  14  512  0.1965E-08
 8  64  14  512  0.1964E-08
 8  64  14  512  0.1970E-08
 8  64  14  512  0.1974E-08
 8  64  14  512  0.1968E-08
 8  64  14  512  0.1967E-08
 8  64  15  512  0.2112E-08
 8  64  15  512  0.2044E-08
 8  64  15  512  0.2031E-08
 8  64  15  512  0.2030E-08
 8  64  15  512  0.2035E-08
 8  64  15  512  0.2030E-08
 8  64  15  512  0.2032E-08
 8  64  15  512  0.2028E-08
 8  64  15  512  0.2033E-08
 8  64  15  512  0.2031E-08
 8  64  16  512  0.2076E-08
 8  64  16  512  0.2096E-08
 8  64  16  512  0.2118E-08
 8  64  16  512  0.2024E-08
 8  64  16  512  0.2019E-08
 8  64  16  512  0.2019E-08
 8  64  16  512  0.2018E-08
 8  64  16  512  0.2017E-08
 8  64  16  512  0.2018E-08
 8  64  16  512  0.2016E-08
 8  64  17  512  0.2303E-08
 8  64  17  512  0.2252E-08
 8  64  17  512  0.2251E-08
 8  64  17  512  0.2250E-08
 8  64  17  512  0.2245E-08
 8  64  17  512  0.2254E-08
 8  64  17  512  0.2248E-08
 8  64  17  512  0.2246E-08
 8  64  17  512  0.2248E-08
 8  64  17  512  0.2249E-08
 8  64  18  512  0.2182E-08
 8  64  18  512  0.2146E-08
 8  64  18  512  0.2138E-08
 8  64  18  512  0.2136E-08
 8  64  18  512  0.2285E-08
 8  64  18  512  0.2143E-08
 8  64  18  512  0.2141E-08
 8  64  18  512  0.2137E-08
 8  64  18  512  0.2138E-08
 8  64  18  512  0.2136E-08
 8  64  19  512  0.2245E-08
 8  64  19  512  0.2207E-08
 8  64  19  512  0.2207E-08
 8  64  19  512  0.2206E-08
 8  64  19  512  0.2205E-08
 8  64  19  512  0.2208E-08
 8  64  19  512  0.2316E-08
 8  64  19  512  0.2206E-08
 8  64  19  512  0.2206E-08
 8  64  19  512  0.2210E-08
 8  64  20  512  0.2322E-08
 8  64  20  512  0.2285E-08
 8  64  20  512  0.2287E-08
 8  64  20  512  0.2382E-08
 8  64  20  512  0.2286E-08
 8  64  20  512  0.2286E-08
 8  64  20  512  0.2288E-08
 8  64  20  512  0.2286E-08
 8  64  20  512  0.2312E-08
 8  64  20  512  0.2316E-08
