 8  2  3  16  0.7066E-07
 8  2  3  16  0.7016E-07
 8  2  3  16  0.6919E-07
 8  2  3  16  0.7050E-07
 8  2  3  16  0.6905E-07
 8  2  3  16  0.6880E-07
 8  2  3  16  0.7017E-07
 8  2  3  16  0.6897E-07
 8  2  3  16  0.6921E-07
 8  2  3  16  0.6903E-07
 8  2  4  16  0.5199E-07
 8  2  4  16  0.5130E-07
 8  2  4  16  0.5066E-07
 8  2  4  16  0.5061E-07
 8  2  4  16  0.5081E-07
 8  2  4  16  0.5064E-07
 8  2  4  16  0.5098E-07
 8  2  4  16  0.5052E-07
 8  2  4  16  0.5110E-07
 8  2  4  16  0.5076E-07
 8  2  5  16  0.3977E-07
 8  2  5  16  0.3960E-07
 8  2  5  16  0.3920E-07
 8  2  5  16  0.3917E-07
 8  2  5  16  0.3937E-07
 8  2  5  16  0.3929E-07
 8  2  5  16  0.3926E-07
 8  2  5  16  0.3908E-07
 8  2  5  16  0.3985E-07
 8  2  5  16  0.3944E-07
 8  2  6  16  0.3103E-07
 8  2  6  16  0.2995E-07
 8  2  6  16  0.3018E-07
 8  2  6  16  0.3027E-07
 8  2  6  16  0.2999E-07
 8  2  6  16  0.2999E-07
 8  2  6  16  0.3007E-07
 8  2  6  16  0.2989E-07
 8  2  6  16  0.2988E-07
 8  2  6  16  0.2989E-07
 8  2  7  16  0.2859E-07
 8  2  7  16  0.2765E-07
 8  2  7  16  0.2785E-07
 8  2  7  16  0.2760E-07
 8  2  7  16  0.2774E-07
 8  2  7  16  0.2764E-07
 8  2  7  16  0.2774E-07
 8  2  7  16  0.2751E-07
 8  2  7  16  0.2759E-07
 8  2  7  16  0.2763E-07
 8  2  8  16  0.2521E-07
 8  2  8  16  0.2498E-07
 8  2  8  16  0.2485E-07
 8  2  8  16  0.2405E-07
 8  2  8  16  0.2419E-07
 8  2  8  16  0.2394E-07
 8  2  8  16  0.2422E-07
 8  2  8  16  0.2423E-07
 8  2  8  16  0.2417E-07
 8  2  8  16  0.2447E-07
 8  2  9  16  0.3428E-07
 8  2  9  16  0.3440E-07
 8  2  9  16  0.3424E-07
 8  2  9  16  0.3409E-07
 8  2  9  16  0.3407E-07
 8  2  9  16  0.3429E-07
 8  2  9  16  0.3437E-07
 8  2  9  16  0.3430E-07
 8  2  9  16  0.3438E-07
 8  2  9  16  0.3406E-07
 8  2  10  16  0.4200E-07
 8  2  10  16  0.4200E-07
 8  2  10  16  0.4199E-07
 8  2  10  16  0.4204E-07
 8  2  10  16  0.4193E-07
 8  2  10  16  0.4199E-07
 8  2  10  16  0.4207E-07
 8  2  10  16  0.4215E-07
 8  2  10  16  0.4201E-07
 8  2  10  16  0.4197E-07
 8  2  11  16  0.4241E-07
 8  2  11  16  0.4221E-07
 8  2  11  16  0.4218E-07
 8  2  11  16  0.4222E-07
 8  2  11  16  0.4221E-07
 8  2  11  16  0.4224E-07
 8  2  11  16  0.4223E-07
 8  2  11  16  0.4224E-07
 8  2  11  16  0.4222E-07
 8  2  11  16  0.4222E-07
 8  2  12  16  0.3706E-07
 8  2  12  16  0.3704E-07
 8  2  12  16  0.3715E-07
 8  2  12  16  0.3713E-07
 8  2  12  16  0.3719E-07
 8  2  12  16  0.3715E-07
 8  2  12  16  0.3719E-07
 8  2  12  16  0.3722E-07
 8  2  12  16  0.3711E-07
 8  2  12  16  0.3719E-07
 8  2  13  16  0.4011E-07
 8  2  13  16  0.3992E-07
 8  2  13  16  0.4003E-07
 8  2  13  16  0.3991E-07
 8  2  13  16  0.3991E-07
 8  2  13  16  0.3998E-07
 8  2  13  16  0.3992E-07
 8  2  13  16  0.3996E-07
 8  2  13  16  0.3999E-07
 8  2  13  16  0.4061E-07
 8  2  14  16  0.3767E-07
 8  2  14  16  0.3767E-07
 8  2  14  16  0.3770E-07
 8  2  14  16  0.3766E-07
 8  2  14  16  0.3765E-07
 8  2  14  16  0.3767E-07
 8  2  14  16  0.3812E-07
 8  2  14  16  0.3815E-07
 8  2  14  16  0.3812E-07
 8  2  14  16  0.3810E-07
 8  2  15  16  0.3858E-07
 8  2  15  16  0.3852E-07
 8  2  15  16  0.3852E-07
 8  2  15  16  0.3850E-07
 8  2  15  16  0.3841E-07
 8  2  15  16  0.3841E-07
 8  2  15  16  0.3841E-07
 8  2  15  16  0.3859E-07
 8  2  15  16  0.3871E-07
 8  2  15  16  0.3872E-07
 8  2  16  16  0.3464E-07
 8  2  16  16  0.3460E-07
 8  2  16  16  0.3464E-07
 8  2  16  16  0.3461E-07
 8  2  16  16  0.3460E-07
 8  2  16  16  0.3466E-07
 8  2  16  16  0.3476E-07
 8  2  16  16  0.3479E-07
 8  2  16  16  0.3476E-07
 8  2  16  16  0.3476E-07
 8  2  17  16  0.4639E-07
 8  2  17  16  0.4639E-07
 8  2  17  16  0.4638E-07
 8  2  17  16  0.4641E-07
 8  2  17  16  0.4639E-07
 8  2  17  16  0.4639E-07
 8  2  17  16  0.4632E-07
 8  2  17  16  0.4631E-07
 8  2  17  16  0.4633E-07
 8  2  17  16  0.4631E-07
 8  2  18  16  0.4315E-07
 8  2  18  16  0.4313E-07
 8  2  18  16  0.4312E-07
 8  2  18  16  0.4315E-07
 8  2  18  16  0.4314E-07
 8  2  18  16  0.4313E-07
 8  2  18  16  0.4314E-07
 8  2  18  16  0.4320E-07
 8  2  18  16  0.4325E-07
 8  2  18  16  0.4323E-07
 8  2  19  16  0.4602E-07
 8  2  19  16  0.4601E-07
 8  2  19  16  0.4597E-07
 8  2  19  16  0.4600E-07
 8  2  19  16  0.4614E-07
 8  2  19  16  0.4604E-07
 8  2  19  16  0.4607E-07
 8  2  19  16  0.4606E-07
 8  2  19  16  0.4605E-07
 8  2  19  16  0.4606E-07
 8  2  20  16  0.4335E-07
 8  2  20  16  0.4330E-07
 8  2  20  16  0.4341E-07
 8  2  20  16  0.4342E-07
 8  2  20  16  0.4345E-07
 8  2  20  16  0.4344E-07
 8  2  20  16  0.4345E-07
 8  2  20  16  0.4336E-07
 8  2  20  16  0.4342E-07
 8  2  20  16  0.4348E-07
