 8  4  3  32  0.1171E-06
 8  4  3  32  0.1081E-06
 8  4  3  32  0.1078E-06
 8  4  3  32  0.1062E-06
 8  4  3  32  0.1135E-06
 8  4  3  32  0.1018E-06
 8  4  3  32  0.1025E-06
 8  4  3  32  0.1006E-06
 8  4  3  32  0.1045E-06
 8  4  3  32  0.1041E-06
 8  4  4  32  0.6464E-07
 8  4  4  32  0.6689E-07
 8  4  4  32  0.6548E-07
 8  4  4  32  0.6410E-07
 8  4  4  32  0.6683E-07
 8  4  4  32  0.6299E-07
 8  4  4  32  0.5798E-07
 8  4  4  32  0.6251E-07
 8  4  4  32  0.6289E-07
 8  4  4  32  0.6596E-07
 8  4  5  32  0.3959E-07
 8  4  5  32  0.3969E-07
 8  4  5  32  0.3812E-07
 8  4  5  32  0.3733E-07
 8  4  5  32  0.3759E-07
 8  4  5  32  0.3736E-07
 8  4  5  32  0.3666E-07
 8  4  5  32  0.3896E-07
 8  4  5  32  0.3935E-07
 8  4  5  32  0.3821E-07
 8  4  6  32  0.2845E-07
 8  4  6  32  0.2777E-07
 8  4  6  32  0.2813E-07
 8  4  6  32  0.2784E-07
 8  4  6  32  0.2712E-07
 8  4  6  32  0.2843E-07
 8  4  6  32  0.2779E-07
 8  4  6  32  0.2816E-07
 8  4  6  32  0.2755E-07
 8  4  6  32  0.2820E-07
 8  4  7  32  0.2628E-07
 8  4  7  32  0.2623E-07
 8  4  7  32  0.2623E-07
 8  4  7  32  0.2598E-07
 8  4  7  32  0.2586E-07
 8  4  7  32  0.2596E-07
 8  4  7  32  0.2594E-07
 8  4  7  32  0.2597E-07
 8  4  7  32  0.2599E-07
 8  4  7  32  0.2599E-07
 8  4  8  32  0.2786E-07
 8  4  8  32  0.2758E-07
 8  4  8  32  0.2755E-07
 8  4  8  32  0.2749E-07
 8  4  8  32  0.2761E-07
 8  4  8  32  0.2759E-07
 8  4  8  32  0.2751E-07
 8  4  8  32  0.2759E-07
 8  4  8  32  0.2752E-07
 8  4  8  32  0.2753E-07
 8  4  9  32  0.2975E-07
 8  4  9  32  0.2961E-07
 8  4  9  32  0.2961E-07
 8  4  9  32  0.2960E-07
 8  4  9  32  0.2964E-07
 8  4  9  32  0.2967E-07
 8  4  9  32  0.2964E-07
 8  4  9  32  0.2971E-07
 8  4  9  32  0.2976E-07
 8  4  9  32  0.2965E-07
 8  4  10  32  0.2799E-07
 8  4  10  32  0.2797E-07
 8  4  10  32  0.2799E-07
 8  4  10  32  0.2830E-07
 8  4  10  32  0.2820E-07
 8  4  10  32  0.2831E-07
 8  4  10  32  0.2822E-07
 8  4  10  32  0.2825E-07
 8  4  10  32  0.2823E-07
 8  4  10  32  0.2831E-07
 8  4  11  32  0.2822E-07
 8  4  11  32  0.2825E-07
 8  4  11  32  0.2823E-07
 8  4  11  32  0.2812E-07
 8  4  11  32  0.2808E-07
 8  4  11  32  0.2812E-07
 8  4  11  32  0.2811E-07
 8  4  11  32  0.2814E-07
 8  4  11  32  0.2816E-07
 8  4  11  32  0.2809E-07
 8  4  12  32  0.2405E-07
 8  4  12  32  0.2394E-07
 8  4  12  32  0.2395E-07
 8  4  12  32  0.2395E-07
 8  4  12  32  0.2399E-07
 8  4  12  32  0.2401E-07
 8  4  12  32  0.2413E-07
 8  4  12  32  0.2429E-07
 8  4  12  32  0.2422E-07
 8  4  12  32  0.2403E-07
 8  4  13  32  0.2414E-07
 8  4  13  32  0.2414E-07
 8  4  13  32  0.2410E-07
 8  4  13  32  0.2414E-07
 8  4  13  32  0.2411E-07
 8  4  13  32  0.2426E-07
 8  4  13  32  0.2421E-07
 8  4  13  32  0.2419E-07
 8  4  13  32  0.2414E-07
 8  4  13  32  0.2417E-07
 8  4  14  32  0.2284E-07
 8  4  14  32  0.2272E-07
 8  4  14  32  0.2278E-07
 8  4  14  32  0.2286E-07
 8  4  14  32  0.2288E-07
 8  4  14  32  0.2288E-07
 8  4  14  32  0.2286E-07
 8  4  14  32  0.2287E-07
 8  4  14  32  0.2287E-07
 8  4  14  32  0.2288E-07
 8  4  15  32  0.2334E-07
 8  4  15  32  0.2331E-07
 8  4  15  32  0.2336E-07
 8  4  15  32  0.2333E-07
 8  4  15  32  0.2330E-07
 8  4  15  32  0.2328E-07
 8  4  15  32  0.2330E-07
 8  4  15  32  0.2331E-07
 8  4  15  32  0.2330E-07
 8  4  15  32  0.2330E-07
 8  4  16  32  0.2148E-07
 8  4  16  32  0.2148E-07
 8  4  16  32  0.2150E-07
 8  4  16  32  0.2147E-07
 8  4  16  32  0.2146E-07
 8  4  16  32  0.2146E-07
 8  4  16  32  0.2149E-07
 8  4  16  32  0.2149E-07
 8  4  16  32  0.2149E-07
 8  4  16  32  0.2151E-07
 8  4  17  32  0.2607E-07
 8  4  17  32  0.2609E-07
 8  4  17  32  0.2606E-07
 8  4  17  32  0.2617E-07
 8  4  17  32  0.2609E-07
 8  4  17  32  0.2621E-07
 8  4  17  32  0.2648E-07
 8  4  17  32  0.2617E-07
 8  4  17  32  0.2617E-07
 8  4  17  32  0.2619E-07
 8  4  18  32  0.2459E-07
 8  4  18  32  0.2458E-07
 8  4  18  32  0.2457E-07
 8  4  18  32  0.2458E-07
 8  4  18  32  0.2459E-07
 8  4  18  32  0.2462E-07
 8  4  18  32  0.2461E-07
 8  4  18  32  0.2461E-07
 8  4  18  32  0.2463E-07
 8  4  18  32  0.2461E-07
 8  4  19  32  0.2546E-07
 8  4  19  32  0.2549E-07
 8  4  19  32  0.2550E-07
 8  4  19  32  0.2548E-07
 8  4  19  32  0.2550E-07
 8  4  19  32  0.2548E-07
 8  4  19  32  0.2548E-07
 8  4  19  32  0.2550E-07
 8  4  19  32  0.2549E-07
 8  4  19  32  0.2549E-07
 8  4  20  32  0.2509E-07
 8  4  20  32  0.2506E-07
 8  4  20  32  0.2507E-07
 8  4  20  32  0.2504E-07
 8  4  20  32  0.2504E-07
 8  4  20  32  0.2505E-07
 8  4  20  32  0.2504E-07
 8  4  20  32  0.2506E-07
 8  4  20  32  0.2505E-07
 8  4  20  32  0.2507E-07
