 8  8  3  64  0.7251E-07
 8  8  3  64  0.7021E-07
 8  8  3  64  0.7084E-07
 8  8  3  64  0.6895E-07
 8  8  3  64  0.7002E-07
 8  8  3  64  0.6882E-07
 8  8  3  64  0.7003E-07
 8  8  3  64  0.7182E-07
 8  8  3  64  0.7102E-07
 8  8  3  64  0.7113E-07
 8  8  4  64  0.3262E-07
 8  8  4  64  0.3158E-07
 8  8  4  64  0.3120E-07
 8  8  4  64  0.3191E-07
 8  8  4  64  0.3091E-07
 8  8  4  64  0.3148E-07
 8  8  4  64  0.3152E-07
 8  8  4  64  0.3130E-07
 8  8  4  64  0.3198E-07
 8  8  4  64  0.3204E-07
 8  8  5  64  0.2139E-07
 8  8  5  64  0.2065E-07
 8  8  5  64  0.2065E-07
 8  8  5  64  0.2064E-07
 8  8  5  64  0.2029E-07
 8  8  5  64  0.2025E-07
 8  8  5  64  0.2054E-07
 8  8  5  64  0.2041E-07
 8  8  5  64  0.2086E-07
 8  8  5  64  0.2050E-07
 8  8  6  64  0.1524E-07
 8  8  6  64  0.1471E-07
 8  8  6  64  0.1479E-07
 8  8  6  64  0.1575E-07
 8  8  6  64  0.1520E-07
 8  8  6  64  0.1503E-07
 8  8  6  64  0.1548E-07
 8  8  6  64  0.1509E-07
 8  8  6  64  0.1560E-07
 8  8  6  64  0.1509E-07
 8  8  7  64  0.1242E-07
 8  8  7  64  0.1201E-07
 8  8  7  64  0.1197E-07
 8  8  7  64  0.1191E-07
 8  8  7  64  0.1195E-07
 8  8  7  64  0.1203E-07
 8  8  7  64  0.1206E-07
 8  8  7  64  0.1210E-07
 8  8  7  64  0.1224E-07
 8  8  7  64  0.1203E-07
 8  8  8  64  0.9879E-08
 8  8  8  64  0.9689E-08
 8  8  8  64  0.9716E-08
 8  8  8  64  0.9734E-08
 8  8  8  64  0.9736E-08
 8  8  8  64  0.9743E-08
 8  8  8  64  0.9740E-08
 8  8  8  64  0.9706E-08
 8  8  8  64  0.9699E-08
 8  8  8  64  0.9734E-08
 8  8  9  64  0.1085E-07
 8  8  9  64  0.1090E-07
 8  8  9  64  0.1089E-07
 8  8  9  64  0.1095E-07
 8  8  9  64  0.1099E-07
 8  8  9  64  0.1099E-07
 8  8  9  64  0.1099E-07
 8  8  9  64  0.1100E-07
 8  8  9  64  0.1099E-07
 8  8  9  64  0.1097E-07
 8  8  10  64  0.1241E-07
 8  8  10  64  0.1238E-07
 8  8  10  64  0.1236E-07
 8  8  10  64  0.1238E-07
 8  8  10  64  0.1238E-07
 8  8  10  64  0.1236E-07
 8  8  10  64  0.1237E-07
 8  8  10  64  0.1236E-07
 8  8  10  64  0.1237E-07
 8  8  10  64  0.1241E-07
 8  8  11  64  0.1203E-07
 8  8  11  64  0.1196E-07
 8  8  11  64  0.1199E-07
 8  8  11  64  0.1198E-07
 8  8  11  64  0.1197E-07
 8  8  11  64  0.1199E-07
 8  8  11  64  0.1199E-07
 8  8  11  64  0.1210E-07
 8  8  11  64  0.1214E-07
 8  8  11  64  0.1213E-07
 8  8  12  64  0.1072E-07
 8  8  12  64  0.1070E-07
 8  8  12  64  0.1069E-07
 8  8  12  64  0.1069E-07
 8  8  12  64  0.1067E-07
 8  8  12  64  0.1068E-07
 8  8  12  64  0.1069E-07
 8  8  12  64  0.1068E-07
 8  8  12  64  0.1068E-07
 8  8  12  64  0.1068E-07
 8  8  13  64  0.1114E-07
 8  8  13  64  0.1108E-07
 8  8  13  64  0.1110E-07
 8  8  13  64  0.1109E-07
 8  8  13  64  0.1108E-07
 8  8  13  64  0.1111E-07
 8  8  13  64  0.1113E-07
 8  8  13  64  0.1115E-07
 8  8  13  64  0.1115E-07
 8  8  13  64  0.1114E-07
 8  8  14  64  0.1036E-07
 8  8  14  64  0.1035E-07
 8  8  14  64  0.1035E-07
 8  8  14  64  0.1034E-07
 8  8  14  64  0.1034E-07
 8  8  14  64  0.1033E-07
 8  8  14  64  0.1032E-07
 8  8  14  64  0.1037E-07
 8  8  14  64  0.1036E-07
 8  8  14  64  0.1036E-07
 8  8  15  64  0.1047E-07
 8  8  15  64  0.1046E-07
 8  8  15  64  0.1046E-07
 8  8  15  64  0.1046E-07
 8  8  15  64  0.1044E-07
 8  8  15  64  0.1045E-07
 8  8  15  64  0.1045E-07
 8  8  15  64  0.1044E-07
 8  8  15  64  0.1045E-07
 8  8  15  64  0.1046E-07
 8  8  16  64  0.9454E-08
 8  8  16  64  0.9430E-08
 8  8  16  64  0.9425E-08
 8  8  16  64  0.9440E-08
 8  8  16  64  0.9444E-08
 8  8  16  64  0.9475E-08
 8  8  16  64  0.9468E-08
 8  8  16  64  0.9483E-08
 8  8  16  64  0.9488E-08
 8  8  16  64  0.9467E-08
 8  8  17  64  0.1221E-07
 8  8  17  64  0.1219E-07
 8  8  17  64  0.1219E-07
 8  8  17  64  0.1221E-07
 8  8  17  64  0.1220E-07
 8  8  17  64  0.1220E-07
 8  8  17  64  0.1221E-07
 8  8  17  64  0.1222E-07
 8  8  17  64  0.1223E-07
 8  8  17  64  0.1224E-07
 8  8  18  64  0.1141E-07
 8  8  18  64  0.1138E-07
 8  8  18  64  0.1138E-07
 8  8  18  64  0.1138E-07
 8  8  18  64  0.1139E-07
 8  8  18  64  0.1140E-07
 8  8  18  64  0.1139E-07
 8  8  18  64  0.1139E-07
 8  8  18  64  0.1139E-07
 8  8  18  64  0.1139E-07
 8  8  19  64  0.1207E-07
 8  8  19  64  0.1207E-07
 8  8  19  64  0.1207E-07
 8  8  19  64  0.1207E-07
 8  8  19  64  0.1206E-07
 8  8  19  64  0.1207E-07
 8  8  19  64  0.1207E-07
 8  8  19  64  0.1207E-07
 8  8  19  64  0.1208E-07
 8  8  19  64  0.1208E-07
 8  8  20  64  0.1144E-07
 8  8  20  64  0.1141E-07
 8  8  20  64  0.1142E-07
 8  8  20  64  0.1140E-07
 8  8  20  64  0.1142E-07
 8  8  20  64  0.1142E-07
 8  8  20  64  0.1141E-07
 8  8  20  64  0.1142E-07
 8  8  20  64  0.1141E-07
 8  8  20  64  0.1142E-07
