 8  8  3  64  0.7637E-07
 8  8  3  64  0.7400E-07
 8  8  3  64  0.7435E-07
 8  8  3  64  0.7262E-07
 8  8  3  64  0.7384E-07
 8  8  3  64  0.7332E-07
 8  8  3  64  0.7360E-07
 8  8  3  64  0.7308E-07
 8  8  3  64  0.7359E-07
 8  8  3  64  0.7362E-07
 8  8  4  64  0.3942E-07
 8  8  4  64  0.3848E-07
 8  8  4  64  0.3870E-07
 8  8  4  64  0.4032E-07
 8  8  4  64  0.3845E-07
 8  8  4  64  0.3839E-07
 8  8  4  64  0.3881E-07
 8  8  4  64  0.3833E-07
 8  8  4  64  0.3993E-07
 8  8  4  64  0.3859E-07
 8  8  5  64  0.2622E-07
 8  8  5  64  0.2550E-07
 8  8  5  64  0.2586E-07
 8  8  5  64  0.2542E-07
 8  8  5  64  0.2535E-07
 8  8  5  64  0.2554E-07
 8  8  5  64  0.2546E-07
 8  8  5  64  0.2597E-07
 8  8  5  64  0.2535E-07
 8  8  5  64  0.2522E-07
 8  8  6  64  0.1906E-07
 8  8  6  64  0.1890E-07
 8  8  6  64  0.1891E-07
 8  8  6  64  0.1884E-07
 8  8  6  64  0.1891E-07
 8  8  6  64  0.1867E-07
 8  8  6  64  0.1886E-07
 8  8  6  64  0.1887E-07
 8  8  6  64  0.1873E-07
 8  8  6  64  0.1866E-07
 8  8  7  64  0.1521E-07
 8  8  7  64  0.1492E-07
 8  8  7  64  0.1492E-07
 8  8  7  64  0.1498E-07
 8  8  7  64  0.1493E-07
 8  8  7  64  0.1502E-07
 8  8  7  64  0.1497E-07
 8  8  7  64  0.1498E-07
 8  8  7  64  0.1497E-07
 8  8  7  64  0.1497E-07
 8  8  8  64  0.1536E-07
 8  8  8  64  0.1512E-07
 8  8  8  64  0.1512E-07
 8  8  8  64  0.1515E-07
 8  8  8  64  0.1516E-07
 8  8  8  64  0.1512E-07
 8  8  8  64  0.1507E-07
 8  8  8  64  0.1509E-07
 8  8  8  64  0.1518E-07
 8  8  8  64  0.1509E-07
 8  8  9  64  0.1560E-07
 8  8  9  64  0.1551E-07
 8  8  9  64  0.1555E-07
 8  8  9  64  0.1550E-07
 8  8  9  64  0.1554E-07
 8  8  9  64  0.1554E-07
 8  8  9  64  0.1549E-07
 8  8  9  64  0.1547E-07
 8  8  9  64  0.1551E-07
 8  8  9  64  0.1550E-07
 8  8  10  64  0.1519E-07
 8  8  10  64  0.1517E-07
 8  8  10  64  0.1516E-07
 8  8  10  64  0.1516E-07
 8  8  10  64  0.1518E-07
 8  8  10  64  0.1519E-07
 8  8  10  64  0.1514E-07
 8  8  10  64  0.1519E-07
 8  8  10  64  0.1515E-07
 8  8  10  64  0.1513E-07
 8  8  11  64  0.1455E-07
 8  8  11  64  0.1451E-07
 8  8  11  64  0.1450E-07
 8  8  11  64  0.1449E-07
 8  8  11  64  0.1451E-07
 8  8  11  64  0.1453E-07
 8  8  11  64  0.1450E-07
 8  8  11  64  0.1450E-07
 8  8  11  64  0.1450E-07
 8  8  11  64  0.1452E-07
 8  8  12  64  0.1277E-07
 8  8  12  64  0.1274E-07
 8  8  12  64  0.1273E-07
 8  8  12  64  0.1273E-07
 8  8  12  64  0.1273E-07
 8  8  12  64  0.1274E-07
 8  8  12  64  0.1272E-07
 8  8  12  64  0.1277E-07
 8  8  12  64  0.1280E-07
 8  8  12  64  0.1279E-07
 8  8  13  64  0.1277E-07
 8  8  13  64  0.1276E-07
 8  8  13  64  0.1275E-07
 8  8  13  64  0.1276E-07
 8  8  13  64  0.1275E-07
 8  8  13  64  0.1273E-07
 8  8  13  64  0.1272E-07
 8  8  13  64  0.1275E-07
 8  8  13  64  0.1276E-07
 8  8  13  64  0.1276E-07
 8  8  14  64  0.1198E-07
 8  8  14  64  0.1198E-07
 8  8  14  64  0.1197E-07
 8  8  14  64  0.1197E-07
 8  8  14  64  0.1197E-07
 8  8  14  64  0.1196E-07
 8  8  14  64  0.1198E-07
 8  8  14  64  0.1197E-07
 8  8  14  64  0.1199E-07
 8  8  14  64  0.1196E-07
 8  8  15  64  0.1217E-07
 8  8  15  64  0.1217E-07
 8  8  15  64  0.1218E-07
 8  8  15  64  0.1217E-07
 8  8  15  64  0.1217E-07
 8  8  15  64  0.1217E-07
 8  8  15  64  0.1216E-07
 8  8  15  64  0.1215E-07
 8  8  15  64  0.1216E-07
 8  8  15  64  0.1216E-07
 8  8  16  64  0.1135E-07
 8  8  16  64  0.1133E-07
 8  8  16  64  0.1133E-07
 8  8  16  64  0.1132E-07
 8  8  16  64  0.1131E-07
 8  8  16  64  0.1133E-07
 8  8  16  64  0.1132E-07
 8  8  16  64  0.1131E-07
 8  8  16  64  0.1133E-07
 8  8  16  64  0.1131E-07
 8  8  17  64  0.1357E-07
 8  8  17  64  0.1356E-07
 8  8  17  64  0.1357E-07
 8  8  17  64  0.1356E-07
 8  8  17  64  0.1354E-07
 8  8  17  64  0.1356E-07
 8  8  17  64  0.1355E-07
 8  8  17  64  0.1355E-07
 8  8  17  64  0.1356E-07
 8  8  17  64  0.1355E-07
 8  8  18  64  0.1269E-07
 8  8  18  64  0.1266E-07
 8  8  18  64  0.1266E-07
 8  8  18  64  0.1267E-07
 8  8  18  64  0.1266E-07
 8  8  18  64  0.1266E-07
 8  8  18  64  0.1267E-07
 8  8  18  64  0.1267E-07
 8  8  18  64  0.1269E-07
 8  8  18  64  0.1267E-07
 8  8  19  64  0.1311E-07
 8  8  19  64  0.1309E-07
 8  8  19  64  0.1310E-07
 8  8  19  64  0.1310E-07
 8  8  19  64  0.1309E-07
 8  8  19  64  0.1309E-07
 8  8  19  64  0.1307E-07
 8  8  19  64  0.1310E-07
 8  8  19  64  0.1308E-07
 8  8  19  64  0.1308E-07
 8  8  20  64  0.1286E-07
 8  8  20  64  0.1286E-07
 8  8  20  64  0.1286E-07
 8  8  20  64  0.1288E-07
 8  8  20  64  0.1288E-07
 8  8  20  64  0.1289E-07
 8  8  20  64  0.1287E-07
 8  8  20  64  0.1288E-07
 8  8  20  64  0.1287E-07
 8  8  20  64  0.1288E-07
