 8  32  3  256  0.8353E-08
 8  32  3  256  0.7518E-08
 8  32  3  256  0.7572E-08
 8  32  3  256  0.7459E-08
 8  32  3  256  0.7484E-08
 8  32  3  256  0.7419E-08
 8  32  3  256  0.7516E-08
 8  32  3  256  0.7585E-08
 8  32  3  256  0.7786E-08
 8  32  3  256  0.7458E-08
 8  32  4  256  0.4780E-08
 8  32  4  256  0.4511E-08
 8  32  4  256  0.4536E-08
 8  32  4  256  0.4497E-08
 8  32  4  256  0.4503E-08
 8  32  4  256  0.4503E-08
 8  32  4  256  0.4680E-08
 8  32  4  256  0.4528E-08
 8  32  4  256  0.4501E-08
 8  32  4  256  0.4624E-08
 8  32  5  256  0.3849E-08
 8  32  5  256  0.3628E-08
 8  32  5  256  0.3697E-08
 8  32  5  256  0.3595E-08
 8  32  5  256  0.3593E-08
 8  32  5  256  0.3596E-08
 8  32  5  256  0.3596E-08
 8  32  5  256  0.3596E-08
 8  32  5  256  0.3584E-08
 8  32  5  256  0.3585E-08
 8  32  6  256  0.3175E-08
 8  32  6  256  0.3072E-08
 8  32  6  256  0.3038E-08
 8  32  6  256  0.3021E-08
 8  32  6  256  0.3068E-08
 8  32  6  256  0.3049E-08
 8  32  6  256  0.3077E-08
 8  32  6  256  0.3092E-08
 8  32  6  256  0.3074E-08
 8  32  6  256  0.3058E-08
 8  32  7  256  0.3142E-08
 8  32  7  256  0.3033E-08
 8  32  7  256  0.3034E-08
 8  32  7  256  0.3024E-08
 8  32  7  256  0.3037E-08
 8  32  7  256  0.3011E-08
 8  32  7  256  0.3012E-08
 8  32  7  256  0.3017E-08
 8  32  7  256  0.3010E-08
 8  32  7  256  0.3016E-08
 8  32  8  256  0.2900E-08
 8  32  8  256  0.2827E-08
 8  32  8  256  0.2831E-08
 8  32  8  256  0.2835E-08
 8  32  8  256  0.2834E-08
 8  32  8  256  0.2830E-08
 8  32  8  256  0.2853E-08
 8  32  8  256  0.2845E-08
 8  32  8  256  0.2842E-08
 8  32  8  256  0.2839E-08
 8  32  9  256  0.2560E-08
 8  32  9  256  0.2506E-08
 8  32  9  256  0.2507E-08
 8  32  9  256  0.2521E-08
 8  32  9  256  0.2505E-08
 8  32  9  256  0.2500E-08
 8  32  9  256  0.2505E-08
 8  32  9  256  0.2505E-08
 8  32  9  256  0.2501E-08
 8  32  9  256  0.2509E-08
 8  32  10  256  0.2673E-08
 8  32  10  256  0.2631E-08
 8  32  10  256  0.2638E-08
 8  32  10  256  0.2639E-08
 8  32  10  256  0.2623E-08
 8  32  10  256  0.2637E-08
 8  32  10  256  0.2624E-08
 8  32  10  256  0.2632E-08
 8  32  10  256  0.2632E-08
 8  32  10  256  0.2621E-08
 8  32  11  256  0.2641E-08
 8  32  11  256  0.2595E-08
 8  32  11  256  0.2613E-08
 8  32  11  256  0.2614E-08
 8  32  11  256  0.2600E-08
 8  32  11  256  0.2602E-08
 8  32  11  256  0.2604E-08
 8  32  11  256  0.2607E-08
 8  32  11  256  0.2596E-08
 8  32  11  256  0.2600E-08
 8  32  12  256  0.2301E-08
 8  32  12  256  0.2272E-08
 8  32  12  256  0.2279E-08
 8  32  12  256  0.2266E-08
 8  32  12  256  0.2263E-08
 8  32  12  256  0.2264E-08
 8  32  12  256  0.2271E-08
 8  32  12  256  0.2263E-08
 8  32  12  256  0.2262E-08
 8  32  12  256  0.2260E-08
 8  32  13  256  0.2414E-08
 8  32  13  256  0.2388E-08
 8  32  13  256  0.2401E-08
 8  32  13  256  0.2393E-08
 8  32  13  256  0.2398E-08
 8  32  13  256  0.2390E-08
 8  32  13  256  0.2385E-08
 8  32  13  256  0.2387E-08
 8  32  13  256  0.2385E-08
 8  32  13  256  0.2384E-08
 8  32  14  256  0.2276E-08
 8  32  14  256  0.2240E-08
 8  32  14  256  0.2234E-08
 8  32  14  256  0.2238E-08
 8  32  14  256  0.2232E-08
 8  32  14  256  0.2233E-08
 8  32  14  256  0.2229E-08
 8  32  14  256  0.2232E-08
 8  32  14  256  0.2231E-08
 8  32  14  256  0.2232E-08
 8  32  15  256  0.2389E-08
 8  32  15  256  0.2378E-08
 8  32  15  256  0.2368E-08
 8  32  15  256  0.2363E-08
 8  32  15  256  0.2368E-08
 8  32  15  256  0.2366E-08
 8  32  15  256  0.2364E-08
 8  32  15  256  0.2364E-08
 8  32  15  256  0.2365E-08
 8  32  15  256  0.2364E-08
 8  32  16  256  0.2285E-08
 8  32  16  256  0.2256E-08
 8  32  16  256  0.2251E-08
 8  32  16  256  0.2251E-08
 8  32  16  256  0.2260E-08
 8  32  16  256  0.2256E-08
 8  32  16  256  0.2255E-08
 8  32  16  256  0.2255E-08
 8  32  16  256  0.2262E-08
 8  32  16  256  0.2257E-08
 8  32  17  256  0.2902E-08
 8  32  17  256  0.2880E-08
 8  32  17  256  0.2878E-08
 8  32  17  256  0.2877E-08
 8  32  17  256  0.2931E-08
 8  32  17  256  0.2878E-08
 8  32  17  256  0.2877E-08
 8  32  17  256  0.2879E-08
 8  32  17  256  0.2877E-08
 8  32  17  256  0.2879E-08
 8  32  18  256  0.2675E-08
 8  32  18  256  0.2646E-08
 8  32  18  256  0.2642E-08
 8  32  18  256  0.2643E-08
 8  32  18  256  0.2647E-08
 8  32  18  256  0.2645E-08
 8  32  18  256  0.2645E-08
 8  32  18  256  0.2647E-08
 8  32  18  256  0.2646E-08
 8  32  18  256  0.2644E-08
 8  32  19  256  0.2931E-08
 8  32  19  256  0.2909E-08
 8  32  19  256  0.2914E-08
 8  32  19  256  0.2910E-08
 8  32  19  256  0.2910E-08
 8  32  19  256  0.2911E-08
 8  32  19  256  0.2913E-08
 8  32  19  256  0.2911E-08
 8  32  19  256  0.2915E-08
 8  32  19  256  0.2909E-08
 8  32  20  256  0.2758E-08
 8  32  20  256  0.2734E-08
 8  32  20  256  0.2735E-08
 8  32  20  256  0.2736E-08
 8  32  20  256  0.2734E-08
 8  32  20  256  0.2735E-08
 8  32  20  256  0.2732E-08
 8  32  20  256  0.2735E-08
 8  32  20  256  0.2733E-08
 8  32  20  256  0.2735E-08
