 8  8  3  64  0.5972E-07
 8  8  3  64  0.5912E-07
 8  8  3  64  0.5775E-07
 8  8  3  64  0.5716E-07
 8  8  3  64  0.5858E-07
 8  8  3  64  0.5844E-07
 8  8  3  64  0.5929E-07
 8  8  3  64  0.5829E-07
 8  8  3  64  0.5877E-07
 8  8  3  64  0.5738E-07
 8  8  4  64  0.3477E-07
 8  8  4  64  0.3342E-07
 8  8  4  64  0.3299E-07
 8  8  4  64  0.3337E-07
 8  8  4  64  0.3323E-07
 8  8  4  64  0.3394E-07
 8  8  4  64  0.3292E-07
 8  8  4  64  0.3354E-07
 8  8  4  64  0.3335E-07
 8  8  4  64  0.3337E-07
 8  8  5  64  0.2379E-07
 8  8  5  64  0.2248E-07
 8  8  5  64  0.2252E-07
 8  8  5  64  0.2256E-07
 8  8  5  64  0.2299E-07
 8  8  5  64  0.2335E-07
 8  8  5  64  0.2267E-07
 8  8  5  64  0.2300E-07
 8  8  5  64  0.2276E-07
 8  8  5  64  0.2260E-07
 8  8  6  64  0.1862E-07
 8  8  6  64  0.1801E-07
 8  8  6  64  0.1810E-07
 8  8  6  64  0.1835E-07
 8  8  6  64  0.1789E-07
 8  8  6  64  0.1800E-07
 8  8  6  64  0.1792E-07
 8  8  6  64  0.1798E-07
 8  8  6  64  0.1796E-07
 8  8  6  64  0.1792E-07
 8  8  7  64  0.1609E-07
 8  8  7  64  0.1580E-07
 8  8  7  64  0.1572E-07
 8  8  7  64  0.1578E-07
 8  8  7  64  0.1579E-07
 8  8  7  64  0.1589E-07
 8  8  7  64  0.1589E-07
 8  8  7  64  0.1615E-07
 8  8  7  64  0.1612E-07
 8  8  7  64  0.1613E-07
 8  8  8  64  0.1476E-07
 8  8  8  64  0.1440E-07
 8  8  8  64  0.1453E-07
 8  8  8  64  0.1450E-07
 8  8  8  64  0.1458E-07
 8  8  8  64  0.1459E-07
 8  8  8  64  0.1453E-07
 8  8  8  64  0.1457E-07
 8  8  8  64  0.1452E-07
 8  8  8  64  0.1451E-07
 8  8  9  64  0.1446E-07
 8  8  9  64  0.1423E-07
 8  8  9  64  0.1430E-07
 8  8  9  64  0.1432E-07
 8  8  9  64  0.1426E-07
 8  8  9  64  0.1427E-07
 8  8  9  64  0.1431E-07
 8  8  9  64  0.1427E-07
 8  8  9  64  0.1423E-07
 8  8  9  64  0.1426E-07
 8  8  10  64  0.1444E-07
 8  8  10  64  0.1437E-07
 8  8  10  64  0.1433E-07
 8  8  10  64  0.1433E-07
 8  8  10  64  0.1435E-07
 8  8  10  64  0.1433E-07
 8  8  10  64  0.1433E-07
 8  8  10  64  0.1436E-07
 8  8  10  64  0.1434E-07
 8  8  10  64  0.1432E-07
 8  8  11  64  0.1398E-07
 8  8  11  64  0.1391E-07
 8  8  11  64  0.1389E-07
 8  8  11  64  0.1391E-07
 8  8  11  64  0.1390E-07
 8  8  11  64  0.1390E-07
 8  8  11  64  0.1393E-07
 8  8  11  64  0.1391E-07
 8  8  11  64  0.1391E-07
 8  8  11  64  0.1391E-07
 8  8  12  64  0.1230E-07
 8  8  12  64  0.1223E-07
 8  8  12  64  0.1222E-07
 8  8  12  64  0.1222E-07
 8  8  12  64  0.1221E-07
 8  8  12  64  0.1222E-07
 8  8  12  64  0.1223E-07
 8  8  12  64  0.1221E-07
 8  8  12  64  0.1222E-07
 8  8  12  64  0.1222E-07
 8  8  13  64  0.1248E-07
 8  8  13  64  0.1244E-07
 8  8  13  64  0.1243E-07
 8  8  13  64  0.1244E-07
 8  8  13  64  0.1245E-07
 8  8  13  64  0.1243E-07
 8  8  13  64  0.1243E-07
 8  8  13  64  0.1242E-07
 8  8  13  64  0.1243E-07
 8  8  13  64  0.1243E-07
 8  8  14  64  0.1174E-07
 8  8  14  64  0.1162E-07
 8  8  14  64  0.1163E-07
 8  8  14  64  0.1162E-07
 8  8  14  64  0.1163E-07
 8  8  14  64  0.1163E-07
 8  8  14  64  0.1164E-07
 8  8  14  64  0.1164E-07
 8  8  14  64  0.1164E-07
 8  8  14  64  0.1164E-07
 8  8  15  64  0.1200E-07
 8  8  15  64  0.1190E-07
 8  8  15  64  0.1191E-07
 8  8  15  64  0.1191E-07
 8  8  15  64  0.1192E-07
 8  8  15  64  0.1191E-07
 8  8  15  64  0.1192E-07
 8  8  15  64  0.1190E-07
 8  8  15  64  0.1191E-07
 8  8  15  64  0.1191E-07
 8  8  16  64  0.1127E-07
 8  8  16  64  0.1118E-07
 8  8  16  64  0.1116E-07
 8  8  16  64  0.1115E-07
 8  8  16  64  0.1117E-07
 8  8  16  64  0.1117E-07
 8  8  16  64  0.1119E-07
 8  8  16  64  0.1118E-07
 8  8  16  64  0.1118E-07
 8  8  16  64  0.1117E-07
 8  8  17  64  0.1336E-07
 8  8  17  64  0.1330E-07
 8  8  17  64  0.1329E-07
 8  8  17  64  0.1330E-07
 8  8  17  64  0.1330E-07
 8  8  17  64  0.1329E-07
 8  8  17  64  0.1333E-07
 8  8  17  64  0.1328E-07
 8  8  17  64  0.1331E-07
 8  8  17  64  0.1331E-07
 8  8  18  64  0.1259E-07
 8  8  18  64  0.1252E-07
 8  8  18  64  0.1252E-07
 8  8  18  64  0.1252E-07
 8  8  18  64  0.1252E-07
 8  8  18  64  0.1252E-07
 8  8  18  64  0.1252E-07
 8  8  18  64  0.1253E-07
 8  8  18  64  0.1252E-07
 8  8  18  64  0.1252E-07
 8  8  19  64  0.1298E-07
 8  8  19  64  0.1293E-07
 8  8  19  64  0.1293E-07
 8  8  19  64  0.1293E-07
 8  8  19  64  0.1293E-07
 8  8  19  64  0.1293E-07
 8  8  19  64  0.1293E-07
 8  8  19  64  0.1293E-07
 8  8  19  64  0.1294E-07
 8  8  19  64  0.1293E-07
 8  8  20  64  0.1278E-07
 8  8  20  64  0.1281E-07
 8  8  20  64  0.1274E-07
 8  8  20  64  0.1274E-07
 8  8  20  64  0.1271E-07
 8  8  20  64  0.1272E-07
 8  8  20  64  0.1272E-07
 8  8  20  64  0.1272E-07
 8  8  20  64  0.1272E-07
 8  8  20  64  0.1272E-07
