 8  1  3  8  0.3434E-07
 8  1  3  8  0.3233E-07
 8  1  3  8  0.3262E-07
 8  1  3  8  0.3221E-07
 8  1  3  8  0.3247E-07
 8  1  3  8  0.3237E-07
 8  1  3  8  0.3225E-07
 8  1  3  8  0.3229E-07
 8  1  3  8  0.3233E-07
 8  1  3  8  0.3196E-07
 8  1  4  8  0.4388E-07
 8  1  4  8  0.4334E-07
 8  1  4  8  0.4320E-07
 8  1  4  8  0.4322E-07
 8  1  4  8  0.4322E-07
 8  1  4  8  0.4329E-07
 8  1  4  8  0.4314E-07
 8  1  4  8  0.4333E-07
 8  1  4  8  0.4318E-07
 8  1  4  8  0.4299E-07
 8  1  5  8  0.6046E-07
 8  1  5  8  0.5975E-07
 8  1  5  8  0.5993E-07
 8  1  5  8  0.5982E-07
 8  1  5  8  0.5971E-07
 8  1  5  8  0.5971E-07
 8  1  5  8  0.5957E-07
 8  1  5  8  0.5970E-07
 8  1  5  8  0.5962E-07
 8  1  5  8  0.5969E-07
 8  1  6  8  0.4847E-07
 8  1  6  8  0.4790E-07
 8  1  6  8  0.4793E-07
 8  1  6  8  0.4834E-07
 8  1  6  8  0.4818E-07
 8  1  6  8  0.4792E-07
 8  1  6  8  0.4801E-07
 8  1  6  8  0.4792E-07
 8  1  6  8  0.4784E-07
 8  1  6  8  0.4789E-07
 8  1  7  8  0.4755E-07
 8  1  7  8  0.4693E-07
 8  1  7  8  0.4687E-07
 8  1  7  8  0.4698E-07
 8  1  7  8  0.4689E-07
 8  1  7  8  0.4684E-07
 8  1  7  8  0.4693E-07
 8  1  7  8  0.4690E-07
 8  1  7  8  0.4705E-07
 8  1  7  8  0.4712E-07
 8  1  8  8  0.3963E-07
 8  1  8  8  0.3951E-07
 8  1  8  8  0.3935E-07
 8  1  8  8  0.3975E-07
 8  1  8  8  0.3937E-07
 8  1  8  8  0.3949E-07
 8  1  8  8  0.3939E-07
 8  1  8  8  0.3934E-07
 8  1  8  8  0.3924E-07
 8  1  8  8  0.3923E-07
 8  1  9  8  0.5396E-07
 8  1  9  8  0.5342E-07
 8  1  9  8  0.5350E-07
 8  1  9  8  0.5337E-07
 8  1  9  8  0.5363E-07
 8  1  9  8  0.5366E-07
 8  1  9  8  0.5369E-07
 8  1  9  8  0.5370E-07
 8  1  9  8  0.5359E-07
 8  1  9  8  0.5361E-07
 8  1  10  8  0.6851E-07
 8  1  10  8  0.6839E-07
 8  1  10  8  0.6834E-07
 8  1  10  8  0.6834E-07
 8  1  10  8  0.6891E-07
 8  1  10  8  0.6873E-07
 8  1  10  8  0.6874E-07
 8  1  10  8  0.6869E-07
 8  1  10  8  0.6871E-07
 8  1  10  8  0.6869E-07
 8  1  11  8  0.7211E-07
 8  1  11  8  0.7192E-07
 8  1  11  8  0.7187E-07
 8  1  11  8  0.7189E-07
 8  1  11  8  0.7190E-07
 8  1  11  8  0.7186E-07
 8  1  11  8  0.7200E-07
 8  1  11  8  0.7189E-07
 8  1  11  8  0.7190E-07
 8  1  11  8  0.7189E-07
 8  1  12  8  0.6404E-07
 8  1  12  8  0.6503E-07
 8  1  12  8  0.6540E-07
 8  1  12  8  0.6543E-07
 8  1  12  8  0.6544E-07
 8  1  12  8  0.6538E-07
 8  1  12  8  0.6536E-07
 8  1  12  8  0.6537E-07
 8  1  12  8  0.6507E-07
 8  1  12  8  0.6506E-07
 8  1  13  8  0.7141E-07
 8  1  13  8  0.7134E-07
 8  1  13  8  0.7128E-07
 8  1  13  8  0.7157E-07
 8  1  13  8  0.7176E-07
 8  1  13  8  0.7182E-07
 8  1  13  8  0.7180E-07
 8  1  13  8  0.7193E-07
 8  1  13  8  0.7162E-07
 8  1  13  8  0.7165E-07
 8  1  14  8  0.6840E-07
 8  1  14  8  0.6832E-07
 8  1  14  8  0.6828E-07
 8  1  14  8  0.6829E-07
 8  1  14  8  0.6829E-07
 8  1  14  8  0.6835E-07
 8  1  14  8  0.6832E-07
 8  1  14  8  0.6832E-07
 8  1  14  8  0.6828E-07
 8  1  14  8  0.6831E-07
 8  1  15  8  0.7084E-07
 8  1  15  8  0.7073E-07
 8  1  15  8  0.7077E-07
 8  1  15  8  0.7075E-07
 8  1  15  8  0.7076E-07
 8  1  15  8  0.7076E-07
 8  1  15  8  0.7075E-07
 8  1  15  8  0.7076E-07
 8  1  15  8  0.7074E-07
 8  1  15  8  0.7077E-07
 8  1  16  8  0.6332E-07
 8  1  16  8  0.6324E-07
 8  1  16  8  0.6322E-07
 8  1  16  8  0.6317E-07
 8  1  16  8  0.6324E-07
 8  1  16  8  0.6324E-07
 8  1  16  8  0.6323E-07
 8  1  16  8  0.6324E-07
 8  1  16  8  0.6322E-07
 8  1  16  8  0.6320E-07
 8  1  17  8  0.8765E-07
 8  1  17  8  0.8731E-07
 8  1  17  8  0.8714E-07
 8  1  17  8  0.8721E-07
 8  1  17  8  0.8739E-07
 8  1  17  8  0.8767E-07
 8  1  17  8  0.8762E-07
 8  1  17  8  0.8749E-07
 8  1  17  8  0.8752E-07
 8  1  17  8  0.8743E-07
 8  1  18  8  0.8212E-07
 8  1  18  8  0.8202E-07
 8  1  18  8  0.8216E-07
 8  1  18  8  0.8218E-07
 8  1  18  8  0.8219E-07
 8  1  18  8  0.8215E-07
 8  1  18  8  0.8220E-07
 8  1  18  8  0.8217E-07
 8  1  18  8  0.8214E-07
 8  1  18  8  0.8228E-07
 8  1  19  8  0.8810E-07
 8  1  19  8  0.8809E-07
 8  1  19  8  0.8805E-07
 8  1  19  8  0.8804E-07
 8  1  19  8  0.8805E-07
 8  1  19  8  0.8806E-07
 8  1  19  8  0.8804E-07
 8  1  19  8  0.8805E-07
 8  1  19  8  0.8804E-07
 8  1  19  8  0.8806E-07
 8  1  20  8  0.8359E-07
 8  1  20  8  0.8351E-07
 8  1  20  8  0.8346E-07
 8  1  20  8  0.8353E-07
 8  1  20  8  0.8352E-07
 8  1  20  8  0.8348E-07
 8  1  20  8  0.8349E-07
 8  1  20  8  0.8348E-07
 8  1  20  8  0.8351E-07
 8  1  20  8  0.8349E-07
