 8  16  3  128  0.2745E-07
 8  16  3  128  0.2643E-07
 8  16  3  128  0.2623E-07
 8  16  3  128  0.2636E-07
 8  16  3  128  0.2609E-07
 8  16  3  128  0.2616E-07
 8  16  3  128  0.2619E-07
 8  16  3  128  0.2615E-07
 8  16  3  128  0.2605E-07
 8  16  3  128  0.2617E-07
 8  16  4  128  0.1600E-07
 8  16  4  128  0.1534E-07
 8  16  4  128  0.1535E-07
 8  16  4  128  0.1535E-07
 8  16  4  128  0.1529E-07
 8  16  4  128  0.1528E-07
 8  16  4  128  0.1541E-07
 8  16  4  128  0.1540E-07
 8  16  4  128  0.1519E-07
 8  16  4  128  0.1534E-07
 8  16  5  128  0.9429E-08
 8  16  5  128  0.8969E-08
 8  16  5  128  0.9000E-08
 8  16  5  128  0.8941E-08
 8  16  5  128  0.8968E-08
 8  16  5  128  0.8937E-08
 8  16  5  128  0.8934E-08
 8  16  5  128  0.9328E-08
 8  16  5  128  0.8925E-08
 8  16  5  128  0.8961E-08
 8  16  6  128  0.7340E-08
 8  16  6  128  0.6861E-08
 8  16  6  128  0.6914E-08
 8  16  6  128  0.6839E-08
 8  16  6  128  0.6893E-08
 8  16  6  128  0.6855E-08
 8  16  6  128  0.7077E-08
 8  16  6  128  0.6832E-08
 8  16  6  128  0.6811E-08
 8  16  6  128  0.6820E-08
 8  16  7  128  0.6819E-08
 8  16  7  128  0.6574E-08
 8  16  7  128  0.6522E-08
 8  16  7  128  0.6536E-08
 8  16  7  128  0.6536E-08
 8  16  7  128  0.6580E-08
 8  16  7  128  0.6562E-08
 8  16  7  128  0.6559E-08
 8  16  7  128  0.6558E-08
 8  16  7  128  0.6566E-08
 8  16  8  128  0.7292E-08
 8  16  8  128  0.7121E-08
 8  16  8  128  0.7127E-08
 8  16  8  128  0.7107E-08
 8  16  8  128  0.7110E-08
 8  16  8  128  0.7103E-08
 8  16  8  128  0.7107E-08
 8  16  8  128  0.7109E-08
 8  16  8  128  0.7112E-08
 8  16  8  128  0.7128E-08
 8  16  9  128  0.7231E-08
 8  16  9  128  0.7220E-08
 8  16  9  128  0.7154E-08
 8  16  9  128  0.7180E-08
 8  16  9  128  0.7180E-08
 8  16  9  128  0.7152E-08
 8  16  9  128  0.7153E-08
 8  16  9  128  0.7163E-08
 8  16  9  128  0.7159E-08
 8  16  9  128  0.7152E-08
 8  16  10  128  0.7264E-08
 8  16  10  128  0.7211E-08
 8  16  10  128  0.7196E-08
 8  16  10  128  0.7194E-08
 8  16  10  128  0.7204E-08
 8  16  10  128  0.7205E-08
 8  16  10  128  0.7211E-08
 8  16  10  128  0.7206E-08
 8  16  10  128  0.7198E-08
 8  16  10  128  0.7204E-08
 8  16  11  128  0.7128E-08
 8  16  11  128  0.7047E-08
 8  16  11  128  0.7045E-08
 8  16  11  128  0.7051E-08
 8  16  11  128  0.7050E-08
 8  16  11  128  0.7059E-08
 8  16  11  128  0.7061E-08
 8  16  11  128  0.7065E-08
 8  16  11  128  0.7063E-08
 8  16  11  128  0.7061E-08
 8  16  12  128  0.6252E-08
 8  16  12  128  0.6187E-08
 8  16  12  128  0.6187E-08
 8  16  12  128  0.6191E-08
 8  16  12  128  0.6193E-08
 8  16  12  128  0.6201E-08
 8  16  12  128  0.6187E-08
 8  16  12  128  0.6190E-08
 8  16  12  128  0.6196E-08
 8  16  12  128  0.6191E-08
 8  16  13  128  0.6333E-08
 8  16  13  128  0.6258E-08
 8  16  13  128  0.6259E-08
 8  16  13  128  0.6271E-08
 8  16  13  128  0.6258E-08
 8  16  13  128  0.6267E-08
 8  16  13  128  0.6260E-08
 8  16  13  128  0.6270E-08
 8  16  13  128  0.6274E-08
 8  16  13  128  0.6262E-08
 8  16  14  128  0.5990E-08
 8  16  14  128  0.5902E-08
 8  16  14  128  0.5912E-08
 8  16  14  128  0.5900E-08
 8  16  14  128  0.5900E-08
 8  16  14  128  0.5904E-08
 8  16  14  128  0.5900E-08
 8  16  14  128  0.5899E-08
 8  16  14  128  0.5899E-08
 8  16  14  128  0.5903E-08
 8  16  15  128  0.6118E-08
 8  16  15  128  0.6056E-08
 8  16  15  128  0.6063E-08
 8  16  15  128  0.6059E-08
 8  16  15  128  0.6062E-08
 8  16  15  128  0.6060E-08
 8  16  15  128  0.6062E-08
 8  16  15  128  0.6062E-08
 8  16  15  128  0.6060E-08
 8  16  15  128  0.6060E-08
 8  16  16  128  0.5804E-08
 8  16  16  128  0.5740E-08
 8  16  16  128  0.5750E-08
 8  16  16  128  0.5742E-08
 8  16  16  128  0.5751E-08
 8  16  16  128  0.5743E-08
 8  16  16  128  0.5749E-08
 8  16  16  128  0.5755E-08
 8  16  16  128  0.5751E-08
 8  16  16  128  0.5749E-08
 8  16  17  128  0.6780E-08
 8  16  17  128  0.6730E-08
 8  16  17  128  0.6738E-08
 8  16  17  128  0.6739E-08
 8  16  17  128  0.6753E-08
 8  16  17  128  0.6733E-08
 8  16  17  128  0.6743E-08
 8  16  17  128  0.6738E-08
 8  16  17  128  0.6737E-08
 8  16  17  128  0.6745E-08
 8  16  18  128  0.6664E-08
 8  16  18  128  0.6630E-08
 8  16  18  128  0.6629E-08
 8  16  18  128  0.6623E-08
 8  16  18  128  0.6626E-08
 8  16  18  128  0.6626E-08
 8  16  18  128  0.6634E-08
 8  16  18  128  0.6630E-08
 8  16  18  128  0.6627E-08
 8  16  18  128  0.6626E-08
 8  16  19  128  0.6632E-08
 8  16  19  128  0.6606E-08
 8  16  19  128  0.6595E-08
 8  16  19  128  0.6593E-08
 8  16  19  128  0.6600E-08
 8  16  19  128  0.6596E-08
 8  16  19  128  0.6602E-08
 8  16  19  128  0.6600E-08
 8  16  19  128  0.6604E-08
 8  16  19  128  0.6596E-08
 8  16  20  128  0.6567E-08
 8  16  20  128  0.6533E-08
 8  16  20  128  0.6523E-08
 8  16  20  128  0.6540E-08
 8  16  20  128  0.6533E-08
 8  16  20  128  0.6543E-08
 8  16  20  128  0.6537E-08
 8  16  20  128  0.6534E-08
 8  16  20  128  0.6527E-08
 8  16  20  128  0.6532E-08
