 8  2  3  16  0.6524E-07
 8  2  3  16  0.6366E-07
 8  2  3  16  0.6502E-07
 8  2  3  16  0.6412E-07
 8  2  3  16  0.6270E-07
 8  2  3  16  0.6253E-07
 8  2  3  16  0.6223E-07
 8  2  3  16  0.6479E-07
 8  2  3  16  0.6265E-07
 8  2  3  16  0.6353E-07
 8  2  4  16  0.3896E-07
 8  2  4  16  0.3775E-07
 8  2  4  16  0.3776E-07
 8  2  4  16  0.3804E-07
 8  2  4  16  0.3770E-07
 8  2  4  16  0.3772E-07
 8  2  4  16  0.3764E-07
 8  2  4  16  0.3761E-07
 8  2  4  16  0.3780E-07
 8  2  4  16  0.3768E-07
 8  2  5  16  0.3377E-07
 8  2  5  16  0.3292E-07
 8  2  5  16  0.3252E-07
 8  2  5  16  0.3277E-07
 8  2  5  16  0.3254E-07
 8  2  5  16  0.3249E-07
 8  2  5  16  0.3229E-07
 8  2  5  16  0.3244E-07
 8  2  5  16  0.3250E-07
 8  2  5  16  0.3235E-07
 8  2  6  16  0.3164E-07
 8  2  6  16  0.2627E-07
 8  2  6  16  0.2595E-07
 8  2  6  16  0.2620E-07
 8  2  6  16  0.2579E-07
 8  2  6  16  0.2609E-07
 8  2  6  16  0.2608E-07
 8  2  6  16  0.2582E-07
 8  2  6  16  0.2588E-07
 8  2  6  16  0.2593E-07
 8  2  7  16  0.3041E-07
 8  2  7  16  0.2851E-07
 8  2  7  16  0.2785E-07
 8  2  7  16  0.2800E-07
 8  2  7  16  0.2804E-07
 8  2  7  16  0.2781E-07
 8  2  7  16  0.2798E-07
 8  2  7  16  0.2769E-07
 8  2  7  16  0.2766E-07
 8  2  7  16  0.2793E-07
 8  2  8  16  0.2668E-07
 8  2  8  16  0.2575E-07
 8  2  8  16  0.2569E-07
 8  2  8  16  0.2580E-07
 8  2  8  16  0.2583E-07
 8  2  8  16  0.2579E-07
 8  2  8  16  0.2570E-07
 8  2  8  16  0.2570E-07
 8  2  8  16  0.2557E-07
 8  2  8  16  0.2556E-07
 8  2  9  16  0.3264E-07
 8  2  9  16  0.3224E-07
 8  2  9  16  0.3217E-07
 8  2  9  16  0.3215E-07
 8  2  9  16  0.3228E-07
 8  2  9  16  0.3217E-07
 8  2  9  16  0.3229E-07
 8  2  9  16  0.3224E-07
 8  2  9  16  0.3225E-07
 8  2  9  16  0.3213E-07
 8  2  10  16  0.3482E-07
 8  2  10  16  0.3466E-07
 8  2  10  16  0.3463E-07
 8  2  10  16  0.3466E-07
 8  2  10  16  0.3473E-07
 8  2  10  16  0.3464E-07
 8  2  10  16  0.3455E-07
 8  2  10  16  0.3465E-07
 8  2  10  16  0.3467E-07
 8  2  10  16  0.3465E-07
 8  2  11  16  0.3416E-07
 8  2  11  16  0.3388E-07
 8  2  11  16  0.3384E-07
 8  2  11  16  0.3386E-07
 8  2  11  16  0.3395E-07
 8  2  11  16  0.3393E-07
 8  2  11  16  0.3392E-07
 8  2  11  16  0.3390E-07
 8  2  11  16  0.3389E-07
 8  2  11  16  0.3384E-07
 8  2  12  16  0.2992E-07
 8  2  12  16  0.2963E-07
 8  2  12  16  0.2962E-07
 8  2  12  16  0.2970E-07
 8  2  12  16  0.2955E-07
 8  2  12  16  0.2959E-07
 8  2  12  16  0.2964E-07
 8  2  12  16  0.2972E-07
 8  2  12  16  0.2969E-07
 8  2  12  16  0.2963E-07
 8  2  13  16  0.3257E-07
 8  2  13  16  0.3228E-07
 8  2  13  16  0.3230E-07
 8  2  13  16  0.3227E-07
 8  2  13  16  0.3240E-07
 8  2  13  16  0.3221E-07
 8  2  13  16  0.3223E-07
 8  2  13  16  0.3230E-07
 8  2  13  16  0.3221E-07
 8  2  13  16  0.3241E-07
 8  2  14  16  0.3023E-07
 8  2  14  16  0.2992E-07
 8  2  14  16  0.2992E-07
 8  2  14  16  0.3001E-07
 8  2  14  16  0.2999E-07
 8  2  14  16  0.2990E-07
 8  2  14  16  0.2989E-07
 8  2  14  16  0.2991E-07
 8  2  14  16  0.2995E-07
 8  2  14  16  0.2992E-07
 8  2  15  16  0.3265E-07
 8  2  15  16  0.3240E-07
 8  2  15  16  0.3240E-07
 8  2  15  16  0.3247E-07
 8  2  15  16  0.3241E-07
 8  2  15  16  0.3245E-07
 8  2  15  16  0.3240E-07
 8  2  15  16  0.3244E-07
 8  2  15  16  0.3244E-07
 8  2  15  16  0.3242E-07
 8  2  16  16  0.2797E-07
 8  2  16  16  0.2785E-07
 8  2  16  16  0.2782E-07
 8  2  16  16  0.2783E-07
 8  2  16  16  0.2784E-07
 8  2  16  16  0.2784E-07
 8  2  16  16  0.2784E-07
 8  2  16  16  0.2782E-07
 8  2  16  16  0.2776E-07
 8  2  16  16  0.2789E-07
 8  2  17  16  0.4018E-07
 8  2  17  16  0.4008E-07
 8  2  17  16  0.3995E-07
 8  2  17  16  0.3998E-07
 8  2  17  16  0.3998E-07
 8  2  17  16  0.3998E-07
 8  2  17  16  0.4008E-07
 8  2  17  16  0.4012E-07
 8  2  17  16  0.4007E-07
 8  2  17  16  0.4009E-07
 8  2  18  16  0.3713E-07
 8  2  18  16  0.3695E-07
 8  2  18  16  0.3694E-07
 8  2  18  16  0.3693E-07
 8  2  18  16  0.3694E-07
 8  2  18  16  0.3699E-07
 8  2  18  16  0.3693E-07
 8  2  18  16  0.3694E-07
 8  2  18  16  0.3694E-07
 8  2  18  16  0.3693E-07
 8  2  19  16  0.4072E-07
 8  2  19  16  0.4061E-07
 8  2  19  16  0.4061E-07
 8  2  19  16  0.4063E-07
 8  2  19  16  0.4063E-07
 8  2  19  16  0.4065E-07
 8  2  19  16  0.4057E-07
 8  2  19  16  0.4055E-07
 8  2  19  16  0.4067E-07
 8  2  19  16  0.4060E-07
 8  2  20  16  0.3776E-07
 8  2  20  16  0.3766E-07
 8  2  20  16  0.3764E-07
 8  2  20  16  0.3763E-07
 8  2  20  16  0.3765E-07
 8  2  20  16  0.3764E-07
 8  2  20  16  0.3763E-07
 8  2  20  16  0.3762E-07
 8  2  20  16  0.3763E-07
 8  2  20  16  0.3763E-07
