 8  4  3  32  0.7172E-07
 8  4  3  32  0.7689E-07
 8  4  3  32  0.7753E-07
 8  4  3  32  0.6838E-07
 8  4  3  32  0.7356E-07
 8  4  3  32  0.7238E-07
 8  4  3  32  0.6832E-07
 8  4  3  32  0.7136E-07
 8  4  3  32  0.6931E-07
 8  4  3  32  0.7023E-07
 8  4  4  32  0.3802E-07
 8  4  4  32  0.3798E-07
 8  4  4  32  0.4169E-07
 8  4  4  32  0.3575E-07
 8  4  4  32  0.3689E-07
 8  4  4  32  0.3619E-07
 8  4  4  32  0.3720E-07
 8  4  4  32  0.3404E-07
 8  4  4  32  0.3381E-07
 8  4  4  32  0.3317E-07
 8  4  5  32  0.2488E-07
 8  4  5  32  0.2355E-07
 8  4  5  32  0.2372E-07
 8  4  5  32  0.2366E-07
 8  4  5  32  0.2318E-07
 8  4  5  32  0.2370E-07
 8  4  5  32  0.2387E-07
 8  4  5  32  0.2382E-07
 8  4  5  32  0.2476E-07
 8  4  5  32  0.2460E-07
 8  4  6  32  0.1783E-07
 8  4  6  32  0.1759E-07
 8  4  6  32  0.1781E-07
 8  4  6  32  0.1762E-07
 8  4  6  32  0.1803E-07
 8  4  6  32  0.1746E-07
 8  4  6  32  0.1783E-07
 8  4  6  32  0.1784E-07
 8  4  6  32  0.1723E-07
 8  4  6  32  0.1750E-07
 8  4  7  32  0.1778E-07
 8  4  7  32  0.1715E-07
 8  4  7  32  0.1720E-07
 8  4  7  32  0.1694E-07
 8  4  7  32  0.1733E-07
 8  4  7  32  0.1781E-07
 8  4  7  32  0.1680E-07
 8  4  7  32  0.1766E-07
 8  4  7  32  0.1662E-07
 8  4  7  32  0.1663E-07
 8  4  8  32  0.1633E-07
 8  4  8  32  0.1623E-07
 8  4  8  32  0.1639E-07
 8  4  8  32  0.1625E-07
 8  4  8  32  0.1635E-07
 8  4  8  32  0.1625E-07
 8  4  8  32  0.1634E-07
 8  4  8  32  0.1624E-07
 8  4  8  32  0.1647E-07
 8  4  8  32  0.1619E-07
 8  4  9  32  0.1961E-07
 8  4  9  32  0.1955E-07
 8  4  9  32  0.1946E-07
 8  4  9  32  0.1954E-07
 8  4  9  32  0.1947E-07
 8  4  9  32  0.1950E-07
 8  4  9  32  0.1955E-07
 8  4  9  32  0.1952E-07
 8  4  9  32  0.1948E-07
 8  4  9  32  0.1948E-07
 8  4  10  32  0.2222E-07
 8  4  10  32  0.2213E-07
 8  4  10  32  0.2211E-07
 8  4  10  32  0.2212E-07
 8  4  10  32  0.2215E-07
 8  4  10  32  0.2212E-07
 8  4  10  32  0.2214E-07
 8  4  10  32  0.2212E-07
 8  4  10  32  0.2210E-07
 8  4  10  32  0.2210E-07
 8  4  11  32  0.2280E-07
 8  4  11  32  0.2273E-07
 8  4  11  32  0.2273E-07
 8  4  11  32  0.2272E-07
 8  4  11  32  0.2270E-07
 8  4  11  32  0.2273E-07
 8  4  11  32  0.2276E-07
 8  4  11  32  0.2273E-07
 8  4  11  32  0.2268E-07
 8  4  11  32  0.2272E-07
 8  4  12  32  0.1977E-07
 8  4  12  32  0.1970E-07
 8  4  12  32  0.1975E-07
 8  4  12  32  0.1973E-07
 8  4  12  32  0.1974E-07
 8  4  12  32  0.1967E-07
 8  4  12  32  0.1972E-07
 8  4  12  32  0.1965E-07
 8  4  12  32  0.1971E-07
 8  4  12  32  0.1968E-07
 8  4  13  32  0.2088E-07
 8  4  13  32  0.2085E-07
 8  4  13  32  0.2085E-07
 8  4  13  32  0.2082E-07
 8  4  13  32  0.2083E-07
 8  4  13  32  0.2101E-07
 8  4  13  32  0.2109E-07
 8  4  13  32  0.2109E-07
 8  4  13  32  0.2107E-07
 8  4  13  32  0.2114E-07
 8  4  14  32  0.1984E-07
 8  4  14  32  0.1984E-07
 8  4  14  32  0.1998E-07
 8  4  14  32  0.1999E-07
 8  4  14  32  0.1998E-07
 8  4  14  32  0.1997E-07
 8  4  14  32  0.1994E-07
 8  4  14  32  0.1996E-07
 8  4  14  32  0.1995E-07
 8  4  14  32  0.1999E-07
 8  4  15  32  0.1997E-07
 8  4  15  32  0.1990E-07
 8  4  15  32  0.1990E-07
 8  4  15  32  0.1992E-07
 8  4  15  32  0.1989E-07
 8  4  15  32  0.1993E-07
 8  4  15  32  0.1990E-07
 8  4  15  32  0.1990E-07
 8  4  15  32  0.1991E-07
 8  4  15  32  0.1991E-07
 8  4  16  32  0.1818E-07
 8  4  16  32  0.1818E-07
 8  4  16  32  0.1819E-07
 8  4  16  32  0.1819E-07
 8  4  16  32  0.1816E-07
 8  4  16  32  0.1819E-07
 8  4  16  32  0.1819E-07
 8  4  16  32  0.1818E-07
 8  4  16  32  0.1819E-07
 8  4  16  32  0.1821E-07
 8  4  17  32  0.2370E-07
 8  4  17  32  0.2367E-07
 8  4  17  32  0.2368E-07
 8  4  17  32  0.2367E-07
 8  4  17  32  0.2365E-07
 8  4  17  32  0.2367E-07
 8  4  17  32  0.2367E-07
 8  4  17  32  0.2368E-07
 8  4  17  32  0.2366E-07
 8  4  17  32  0.2367E-07
 8  4  18  32  0.2197E-07
 8  4  18  32  0.2197E-07
 8  4  18  32  0.2203E-07
 8  4  18  32  0.2201E-07
 8  4  18  32  0.2205E-07
 8  4  18  32  0.2195E-07
 8  4  18  32  0.2194E-07
 8  4  18  32  0.2195E-07
 8  4  18  32  0.2197E-07
 8  4  18  32  0.2196E-07
 8  4  19  32  0.2348E-07
 8  4  19  32  0.2346E-07
 8  4  19  32  0.2343E-07
 8  4  19  32  0.2336E-07
 8  4  19  32  0.2336E-07
 8  4  19  32  0.2341E-07
 8  4  19  32  0.2341E-07
 8  4  19  32  0.2346E-07
 8  4  19  32  0.2346E-07
 8  4  19  32  0.2345E-07
 8  4  20  32  0.2220E-07
 8  4  20  32  0.2224E-07
 8  4  20  32  0.2224E-07
 8  4  20  32  0.2220E-07
 8  4  20  32  0.2216E-07
 8  4  20  32  0.2217E-07
 8  4  20  32  0.2217E-07
 8  4  20  32  0.2216E-07
 8  4  20  32  0.2218E-07
 8  4  20  32  0.2216E-07
