 8  2  3  16  0.1321E-06
 8  2  3  16  0.1312E-06
 8  2  3  16  0.1311E-06
 8  2  3  16  0.1319E-06
 8  2  3  16  0.1331E-06
 8  2  3  16  0.1320E-06
 8  2  3  16  0.1313E-06
 8  2  3  16  0.1318E-06
 8  2  3  16  0.1321E-06
 8  2  3  16  0.1318E-06
 8  2  4  16  0.1000E-06
 8  2  4  16  0.8651E-07
 8  2  4  16  0.8843E-07
 8  2  4  16  0.9444E-07
 8  2  4  16  0.1098E-06
 8  2  4  16  0.8936E-07
 8  2  4  16  0.8312E-07
 8  2  4  16  0.8546E-07
 8  2  4  16  0.8163E-07
 8  2  4  16  0.9315E-07
 8  2  5  16  0.5983E-07
 8  2  5  16  0.6004E-07
 8  2  5  16  0.5841E-07
 8  2  5  16  0.5862E-07
 8  2  5  16  0.5902E-07
 8  2  5  16  0.5850E-07
 8  2  5  16  0.5864E-07
 8  2  5  16  0.5899E-07
 8  2  5  16  0.5843E-07
 8  2  5  16  0.5838E-07
 8  2  6  16  0.4679E-07
 8  2  6  16  0.4559E-07
 8  2  6  16  0.4579E-07
 8  2  6  16  0.4607E-07
 8  2  6  16  0.4505E-07
 8  2  6  16  0.4526E-07
 8  2  6  16  0.4543E-07
 8  2  6  16  0.4527E-07
 8  2  6  16  0.4557E-07
 8  2  6  16  0.4587E-07
 8  2  7  16  0.4874E-07
 8  2  7  16  0.4796E-07
 8  2  7  16  0.4764E-07
 8  2  7  16  0.4767E-07
 8  2  7  16  0.4754E-07
 8  2  7  16  0.4786E-07
 8  2  7  16  0.4810E-07
 8  2  7  16  0.4789E-07
 8  2  7  16  0.4809E-07
 8  2  7  16  0.4769E-07
 8  2  8  16  0.5352E-07
 8  2  8  16  0.5285E-07
 8  2  8  16  0.5292E-07
 8  2  8  16  0.5288E-07
 8  2  8  16  0.5279E-07
 8  2  8  16  0.5342E-07
 8  2  8  16  0.5310E-07
 8  2  8  16  0.5311E-07
 8  2  8  16  0.5312E-07
 8  2  8  16  0.5306E-07
 8  2  9  16  0.5045E-07
 8  2  9  16  0.5001E-07
 8  2  9  16  0.4977E-07
 8  2  9  16  0.4966E-07
 8  2  9  16  0.4985E-07
 8  2  9  16  0.4956E-07
 8  2  9  16  0.4943E-07
 8  2  9  16  0.4958E-07
 8  2  9  16  0.4971E-07
 8  2  9  16  0.4960E-07
 8  2  10  16  0.5139E-07
 8  2  10  16  0.5094E-07
 8  2  10  16  0.5087E-07
 8  2  10  16  0.5084E-07
 8  2  10  16  0.5092E-07
 8  2  10  16  0.5088E-07
 8  2  10  16  0.5093E-07
 8  2  10  16  0.5134E-07
 8  2  10  16  0.5130E-07
 8  2  10  16  0.5132E-07
 8  2  11  16  0.5060E-07
 8  2  11  16  0.5039E-07
 8  2  11  16  0.5034E-07
 8  2  11  16  0.5035E-07
 8  2  11  16  0.5051E-07
 8  2  11  16  0.5070E-07
 8  2  11  16  0.5053E-07
 8  2  11  16  0.5063E-07
 8  2  11  16  0.5067E-07
 8  2  11  16  0.5052E-07
 8  2  12  16  0.4470E-07
 8  2  12  16  0.4431E-07
 8  2  12  16  0.4429E-07
 8  2  12  16  0.4425E-07
 8  2  12  16  0.4432E-07
 8  2  12  16  0.4429E-07
 8  2  12  16  0.4430E-07
 8  2  12  16  0.4427E-07
 8  2  12  16  0.4430E-07
 8  2  12  16  0.4419E-07
 8  2  13  16  0.4592E-07
 8  2  13  16  0.4561E-07
 8  2  13  16  0.4562E-07
 8  2  13  16  0.4562E-07
 8  2  13  16  0.4571E-07
 8  2  13  16  0.4572E-07
 8  2  13  16  0.4570E-07
 8  2  13  16  0.4575E-07
 8  2  13  16  0.4577E-07
 8  2  13  16  0.4572E-07
 8  2  14  16  0.4355E-07
 8  2  14  16  0.4321E-07
 8  2  14  16  0.4321E-07
 8  2  14  16  0.4312E-07
 8  2  14  16  0.4319E-07
 8  2  14  16  0.4328E-07
 8  2  14  16  0.4328E-07
 8  2  14  16  0.4327E-07
 8  2  14  16  0.4329E-07
 8  2  14  16  0.4325E-07
 8  2  15  16  0.4488E-07
 8  2  15  16  0.4452E-07
 8  2  15  16  0.4450E-07
 8  2  15  16  0.4441E-07
 8  2  15  16  0.4460E-07
 8  2  15  16  0.4464E-07
 8  2  15  16  0.4465E-07
 8  2  15  16  0.4465E-07
 8  2  15  16  0.4458E-07
 8  2  15  16  0.4467E-07
 8  2  16  16  0.4158E-07
 8  2  16  16  0.4128E-07
 8  2  16  16  0.4128E-07
 8  2  16  16  0.4127E-07
 8  2  16  16  0.4128E-07
 8  2  16  16  0.4127E-07
 8  2  16  16  0.4127E-07
 8  2  16  16  0.4128E-07
 8  2  16  16  0.4128E-07
 8  2  16  16  0.4126E-07
 8  2  17  16  0.5001E-07
 8  2  17  16  0.4981E-07
 8  2  17  16  0.4978E-07
 8  2  17  16  0.4975E-07
 8  2  17  16  0.4979E-07
 8  2  17  16  0.4982E-07
 8  2  17  16  0.4982E-07
 8  2  17  16  0.4979E-07
 8  2  17  16  0.4985E-07
 8  2  17  16  0.4981E-07
 8  2  18  16  0.4794E-07
 8  2  18  16  0.4779E-07
 8  2  18  16  0.4769E-07
 8  2  18  16  0.4768E-07
 8  2  18  16  0.4771E-07
 8  2  18  16  0.4775E-07
 8  2  18  16  0.4771E-07
 8  2  18  16  0.4774E-07
 8  2  18  16  0.4774E-07
 8  2  18  16  0.4773E-07
 8  2  19  16  0.4980E-07
 8  2  19  16  0.4961E-07
 8  2  19  16  0.4959E-07
 8  2  19  16  0.4946E-07
 8  2  19  16  0.4954E-07
 8  2  19  16  0.4967E-07
 8  2  19  16  0.4974E-07
 8  2  19  16  0.4961E-07
 8  2  19  16  0.4974E-07
 8  2  19  16  0.4972E-07
 8  2  20  16  0.4889E-07
 8  2  20  16  0.4881E-07
 8  2  20  16  0.4900E-07
 8  2  20  16  0.4903E-07
 8  2  20  16  0.4905E-07
 8  2  20  16  0.4901E-07
 8  2  20  16  0.4902E-07
 8  2  20  16  0.4903E-07
 8  2  20  16  0.4900E-07
 8  2  20  16  0.4901E-07
