 8  4  3  32  0.9568E-07
 8  4  3  32  0.9248E-07
 8  4  3  32  0.9889E-07
 8  4  3  32  0.9355E-07
 8  4  3  32  0.9304E-07
 8  4  3  32  0.9912E-07
 8  4  3  32  0.1032E-06
 8  4  3  32  0.9837E-07
 8  4  3  32  0.9785E-07
 8  4  3  32  0.1010E-06
 8  4  4  32  0.5645E-07
 8  4  4  32  0.5523E-07
 8  4  4  32  0.5731E-07
 8  4  4  32  0.5765E-07
 8  4  4  32  0.5722E-07
 8  4  4  32  0.5783E-07
 8  4  4  32  0.5664E-07
 8  4  4  32  0.5617E-07
 8  4  4  32  0.5707E-07
 8  4  4  32  0.5589E-07
 8  4  5  32  0.3754E-07
 8  4  5  32  0.3588E-07
 8  4  5  32  0.3612E-07
 8  4  5  32  0.3638E-07
 8  4  5  32  0.3494E-07
 8  4  5  32  0.3566E-07
 8  4  5  32  0.3541E-07
 8  4  5  32  0.3491E-07
 8  4  5  32  0.3498E-07
 8  4  5  32  0.3440E-07
 8  4  6  32  0.2973E-07
 8  4  6  32  0.2976E-07
 8  4  6  32  0.2941E-07
 8  4  6  32  0.2924E-07
 8  4  6  32  0.2892E-07
 8  4  6  32  0.2876E-07
 8  4  6  32  0.2962E-07
 8  4  6  32  0.2955E-07
 8  4  6  32  0.2847E-07
 8  4  6  32  0.2915E-07
 8  4  7  32  0.2604E-07
 8  4  7  32  0.2535E-07
 8  4  7  32  0.2538E-07
 8  4  7  32  0.2540E-07
 8  4  7  32  0.2536E-07
 8  4  7  32  0.2538E-07
 8  4  7  32  0.2552E-07
 8  4  7  32  0.2556E-07
 8  4  7  32  0.2537E-07
 8  4  7  32  0.2554E-07
 8  4  8  32  0.2688E-07
 8  4  8  32  0.2659E-07
 8  4  8  32  0.2663E-07
 8  4  8  32  0.2675E-07
 8  4  8  32  0.2651E-07
 8  4  8  32  0.2656E-07
 8  4  8  32  0.2658E-07
 8  4  8  32  0.2646E-07
 8  4  8  32  0.2658E-07
 8  4  8  32  0.2644E-07
 8  4  9  32  0.2654E-07
 8  4  9  32  0.2625E-07
 8  4  9  32  0.2627E-07
 8  4  9  32  0.2611E-07
 8  4  9  32  0.2620E-07
 8  4  9  32  0.2613E-07
 8  4  9  32  0.2609E-07
 8  4  9  32  0.2611E-07
 8  4  9  32  0.2604E-07
 8  4  9  32  0.2608E-07
 8  4  10  32  0.2692E-07
 8  4  10  32  0.2677E-07
 8  4  10  32  0.2678E-07
 8  4  10  32  0.2683E-07
 8  4  10  32  0.2673E-07
 8  4  10  32  0.2685E-07
 8  4  10  32  0.2675E-07
 8  4  10  32  0.2675E-07
 8  4  10  32  0.2670E-07
 8  4  10  32  0.2675E-07
 8  4  11  32  0.2632E-07
 8  4  11  32  0.2609E-07
 8  4  11  32  0.2614E-07
 8  4  11  32  0.2611E-07
 8  4  11  32  0.2627E-07
 8  4  11  32  0.2629E-07
 8  4  11  32  0.2628E-07
 8  4  11  32  0.2628E-07
 8  4  11  32  0.2627E-07
 8  4  11  32  0.2639E-07
 8  4  12  32  0.2336E-07
 8  4  12  32  0.2317E-07
 8  4  12  32  0.2324E-07
 8  4  12  32  0.2317E-07
 8  4  12  32  0.2322E-07
 8  4  12  32  0.2322E-07
 8  4  12  32  0.2323E-07
 8  4  12  32  0.2317E-07
 8  4  12  32  0.2318E-07
 8  4  12  32  0.2316E-07
 8  4  13  32  0.2393E-07
 8  4  13  32  0.2377E-07
 8  4  13  32  0.2373E-07
 8  4  13  32  0.2371E-07
 8  4  13  32  0.2367E-07
 8  4  13  32  0.2377E-07
 8  4  13  32  0.2368E-07
 8  4  13  32  0.2367E-07
 8  4  13  32  0.2365E-07
 8  4  13  32  0.2365E-07
 8  4  14  32  0.2248E-07
 8  4  14  32  0.2229E-07
 8  4  14  32  0.2223E-07
 8  4  14  32  0.2225E-07
 8  4  14  32  0.2223E-07
 8  4  14  32  0.2226E-07
 8  4  14  32  0.2227E-07
 8  4  14  32  0.2225E-07
 8  4  14  32  0.2226E-07
 8  4  14  32  0.2224E-07
 8  4  15  32  0.2303E-07
 8  4  15  32  0.2286E-07
 8  4  15  32  0.2292E-07
 8  4  15  32  0.2297E-07
 8  4  15  32  0.2301E-07
 8  4  15  32  0.2298E-07
 8  4  15  32  0.2299E-07
 8  4  15  32  0.2300E-07
 8  4  15  32  0.2300E-07
 8  4  15  32  0.2300E-07
 8  4  16  32  0.2147E-07
 8  4  16  32  0.2131E-07
 8  4  16  32  0.2130E-07
 8  4  16  32  0.2119E-07
 8  4  16  32  0.2122E-07
 8  4  16  32  0.2121E-07
 8  4  16  32  0.2129E-07
 8  4  16  32  0.2132E-07
 8  4  16  32  0.2131E-07
 8  4  16  32  0.2129E-07
 8  4  17  32  0.2580E-07
 8  4  17  32  0.2569E-07
 8  4  17  32  0.2562E-07
 8  4  17  32  0.2564E-07
 8  4  17  32  0.2563E-07
 8  4  17  32  0.2567E-07
 8  4  17  32  0.2567E-07
 8  4  17  32  0.2563E-07
 8  4  17  32  0.2562E-07
 8  4  17  32  0.2562E-07
 8  4  18  32  0.2438E-07
 8  4  18  32  0.2430E-07
 8  4  18  32  0.2434E-07
 8  4  18  32  0.2435E-07
 8  4  18  32  0.2436E-07
 8  4  18  32  0.2435E-07
 8  4  18  32  0.2435E-07
 8  4  18  32  0.2435E-07
 8  4  18  32  0.2433E-07
 8  4  18  32  0.2435E-07
 8  4  19  32  0.2532E-07
 8  4  19  32  0.2518E-07
 8  4  19  32  0.2514E-07
 8  4  19  32  0.2513E-07
 8  4  19  32  0.2513E-07
 8  4  19  32  0.2513E-07
 8  4  19  32  0.2512E-07
 8  4  19  32  0.2514E-07
 8  4  19  32  0.2513E-07
 8  4  19  32  0.2516E-07
 8  4  20  32  0.2489E-07
 8  4  20  32  0.2479E-07
 8  4  20  32  0.2482E-07
 8  4  20  32  0.2483E-07
 8  4  20  32  0.2483E-07
 8  4  20  32  0.2485E-07
 8  4  20  32  0.2485E-07
 8  4  20  32  0.2487E-07
 8  4  20  32  0.2484E-07
 8  4  20  32  0.2487E-07
