 8  64  3  512  0.7914E-08
 8  64  3  512  0.6946E-08
 8  64  3  512  0.6959E-08
 8  64  3  512  0.6958E-08
 8  64  3  512  0.6970E-08
 8  64  3  512  0.7051E-08
 8  64  3  512  0.7082E-08
 8  64  3  512  0.7107E-08
 8  64  3  512  0.6958E-08
 8  64  3  512  0.6937E-08
 8  64  4  512  0.3784E-08
 8  64  4  512  0.3491E-08
 8  64  4  512  0.3480E-08
 8  64  4  512  0.3545E-08
 8  64  4  512  0.3522E-08
 8  64  4  512  0.3534E-08
 8  64  4  512  0.3481E-08
 8  64  4  512  0.3515E-08
 8  64  4  512  0.3557E-08
 8  64  4  512  0.3513E-08
 8  64  5  512  0.2911E-08
 8  64  5  512  0.2717E-08
 8  64  5  512  0.2720E-08
 8  64  5  512  0.2754E-08
 8  64  5  512  0.2745E-08
 8  64  5  512  0.2682E-08
 8  64  5  512  0.2668E-08
 8  64  5  512  0.2682E-08
 8  64  5  512  0.2689E-08
 8  64  5  512  0.2669E-08
 8  64  6  512  0.2841E-08
 8  64  6  512  0.2708E-08
 8  64  6  512  0.2721E-08
 8  64  6  512  0.2733E-08
 8  64  6  512  0.2719E-08
 8  64  6  512  0.2707E-08
 8  64  6  512  0.2734E-08
 8  64  6  512  0.2715E-08
 8  64  6  512  0.2736E-08
 8  64  6  512  0.2708E-08
 8  64  7  512  0.2661E-08
 8  64  7  512  0.2572E-08
 8  64  7  512  0.2581E-08
 8  64  7  512  0.2581E-08
 8  64  7  512  0.2578E-08
 8  64  7  512  0.2571E-08
 8  64  7  512  0.2571E-08
 8  64  7  512  0.2569E-08
 8  64  7  512  0.2579E-08
 8  64  7  512  0.2582E-08
 8  64  8  512  0.2185E-08
 8  64  8  512  0.2138E-08
 8  64  8  512  0.2141E-08
 8  64  8  512  0.2136E-08
 8  64  8  512  0.2136E-08
 8  64  8  512  0.2130E-08
 8  64  8  512  0.2141E-08
 8  64  8  512  0.2129E-08
 8  64  8  512  0.2132E-08
 8  64  8  512  0.2158E-08
 8  64  9  512  0.2158E-08
 8  64  9  512  0.2147E-08
 8  64  9  512  0.2149E-08
 8  64  9  512  0.2143E-08
 8  64  9  512  0.2155E-08
 8  64  9  512  0.2140E-08
 8  64  9  512  0.2136E-08
 8  64  9  512  0.2133E-08
 8  64  9  512  0.2134E-08
 8  64  9  512  0.2133E-08
 8  64  10  512  0.2096E-08
 8  64  10  512  0.2081E-08
 8  64  10  512  0.2068E-08
 8  64  10  512  0.2068E-08
 8  64  10  512  0.2066E-08
 8  64  10  512  0.2066E-08
 8  64  10  512  0.2083E-08
 8  64  10  512  0.2085E-08
 8  64  10  512  0.2084E-08
 8  64  10  512  0.2076E-08
 8  64  11  512  0.2072E-08
 8  64  11  512  0.2057E-08
 8  64  11  512  0.2054E-08
 8  64  11  512  0.2051E-08
 8  64  11  512  0.2038E-08
 8  64  11  512  0.2045E-08
 8  64  11  512  0.2041E-08
 8  64  11  512  0.2041E-08
 8  64  11  512  0.2040E-08
 8  64  11  512  0.2045E-08
 8  64  12  512  0.1865E-08
 8  64  12  512  0.1857E-08
 8  64  12  512  0.2129E-08
 8  64  12  512  0.1969E-08
 8  64  12  512  0.1874E-08
 8  64  12  512  0.1868E-08
 8  64  12  512  0.1861E-08
 8  64  12  512  0.1857E-08
 8  64  12  512  0.1858E-08
 8  64  12  512  0.1860E-08
 8  64  13  512  0.1897E-08
 8  64  13  512  0.1873E-08
 8  64  13  512  0.1879E-08
 8  64  13  512  0.1876E-08
 8  64  13  512  0.1873E-08
 8  64  13  512  0.1887E-08
 8  64  13  512  0.1885E-08
 8  64  13  512  0.1879E-08
 8  64  13  512  0.1875E-08
 8  64  13  512  0.1878E-08
 8  64  14  512  0.1828E-08
 8  64  14  512  0.1818E-08
 8  64  14  512  0.1834E-08
 8  64  14  512  0.1824E-08
 8  64  14  512  0.1815E-08
 8  64  14  512  0.1814E-08
 8  64  14  512  0.1815E-08
 8  64  14  512  0.1831E-08
 8  64  14  512  0.1826E-08
 8  64  14  512  0.1816E-08
 8  64  15  512  0.1865E-08
 8  64  15  512  0.1861E-08
 8  64  15  512  0.1858E-08
 8  64  15  512  0.1865E-08
 8  64  15  512  0.1851E-08
 8  64  15  512  0.1850E-08
 8  64  15  512  0.1857E-08
 8  64  15  512  0.1864E-08
 8  64  15  512  0.1854E-08
 8  64  15  512  0.1853E-08
 8  64  16  512  0.1843E-08
 8  64  16  512  0.1835E-08
 8  64  16  512  0.1828E-08
 8  64  16  512  0.1832E-08
 8  64  16  512  0.1835E-08
 8  64  16  512  0.1831E-08
 8  64  16  512  0.1829E-08
 8  64  16  512  0.1839E-08
 8  64  16  512  0.1831E-08
 8  64  16  512  0.1828E-08
 8  64  17  512  0.2208E-08
 8  64  17  512  0.2207E-08
 8  64  17  512  0.2206E-08
 8  64  17  512  0.2202E-08
 8  64  17  512  0.2208E-08
 8  64  17  512  0.2203E-08
 8  64  17  512  0.2207E-08
 8  64  17  512  0.2203E-08
 8  64  17  512  0.2202E-08
 8  64  17  512  0.2207E-08
 8  64  18  512  0.2080E-08
 8  64  18  512  0.2086E-08
 8  64  18  512  0.2072E-08
 8  64  18  512  0.2082E-08
 8  64  18  512  0.2075E-08
 8  64  18  512  0.2081E-08
 8  64  18  512  0.2073E-08
 8  64  18  512  0.2080E-08
 8  64  18  512  0.2070E-08
 8  64  18  512  0.2078E-08
 8  64  19  512  0.2410E-08
 8  64  19  512  0.2408E-08
 8  64  19  512  0.2405E-08
 8  64  19  512  0.2408E-08
 8  64  19  512  0.2402E-08
 8  64  19  512  0.2402E-08
 8  64  19  512  0.2401E-08
 8  64  19  512  0.2403E-08
 8  64  19  512  0.2397E-08
 8  64  19  512  0.2395E-08
 8  64  20  512  0.2228E-08
 8  64  20  512  0.2217E-08
 8  64  20  512  0.2219E-08
 8  64  20  512  0.2215E-08
 8  64  20  512  0.2218E-08
 8  64  20  512  0.2221E-08
 8  64  20  512  0.2214E-08
 8  64  20  512  0.2218E-08
 8  64  20  512  0.2220E-08
 8  64  20  512  0.2217E-08
