 8  8  3  64  0.2701E-07
 8  8  3  64  0.2771E-07
 8  8  3  64  0.2315E-07
 8  8  3  64  0.2477E-07
 8  8  3  64  0.3006E-07
 8  8  3  64  0.2513E-07
 8  8  3  64  0.2219E-07
 8  8  3  64  0.2479E-07
 8  8  3  64  0.2370E-07
 8  8  3  64  0.2161E-07
 8  8  4  64  0.1643E-07
 8  8  4  64  0.1416E-07
 8  8  4  64  0.1457E-07
 8  8  4  64  0.1422E-07
 8  8  4  64  0.1389E-07
 8  8  4  64  0.1381E-07
 8  8  4  64  0.1377E-07
 8  8  4  64  0.1331E-07
 8  8  4  64  0.1324E-07
 8  8  4  64  0.1326E-07
 8  8  5  64  0.1446E-07
 8  8  5  64  0.1111E-07
 8  8  5  64  0.1140E-07
 8  8  5  64  0.1098E-07
 8  8  5  64  0.1109E-07
 8  8  5  64  0.1143E-07
 8  8  5  64  0.1154E-07
 8  8  5  64  0.1119E-07
 8  8  5  64  0.1152E-07
 8  8  5  64  0.1121E-07
 8  8  6  64  0.1072E-07
 8  8  6  64  0.1024E-07
 8  8  6  64  0.1017E-07
 8  8  6  64  0.1011E-07
 8  8  6  64  0.1008E-07
 8  8  6  64  0.1017E-07
 8  8  6  64  0.1007E-07
 8  8  6  64  0.1047E-07
 8  8  6  64  0.1015E-07
 8  8  6  64  0.1011E-07
 8  8  7  64  0.9516E-08
 8  8  7  64  0.9044E-08
 8  8  7  64  0.8978E-08
 8  8  7  64  0.8956E-08
 8  8  7  64  0.9038E-08
 8  8  7  64  0.9012E-08
 8  8  7  64  0.8943E-08
 8  8  7  64  0.9062E-08
 8  8  7  64  0.8917E-08
 8  8  7  64  0.9029E-08
 8  8  8  64  0.8223E-08
 8  8  8  64  0.7884E-08
 8  8  8  64  0.7869E-08
 8  8  8  64  0.7853E-08
 8  8  8  64  0.7868E-08
 8  8  8  64  0.7864E-08
 8  8  8  64  0.7874E-08
 8  8  8  64  0.7974E-08
 8  8  8  64  0.7843E-08
 8  8  8  64  0.7876E-08
 8  8  9  64  0.9377E-08
 8  8  9  64  0.9178E-08
 8  8  9  64  0.9183E-08
 8  8  9  64  0.9202E-08
 8  8  9  64  0.9188E-08
 8  8  9  64  0.9279E-08
 8  8  9  64  0.9233E-08
 8  8  9  64  0.9220E-08
 8  8  9  64  0.9245E-08
 8  8  9  64  0.9235E-08
 8  8  10  64  0.9739E-08
 8  8  10  64  0.9623E-08
 8  8  10  64  0.9617E-08
 8  8  10  64  0.9677E-08
 8  8  10  64  0.9646E-08
 8  8  10  64  0.9671E-08
 8  8  10  64  0.9715E-08
 8  8  10  64  0.9684E-08
 8  8  10  64  0.9633E-08
 8  8  10  64  0.9625E-08
 8  8  11  64  0.9450E-08
 8  8  11  64  0.9420E-08
 8  8  11  64  0.9365E-08
 8  8  11  64  0.9457E-08
 8  8  11  64  0.9419E-08
 8  8  11  64  0.9423E-08
 8  8  11  64  0.9405E-08
 8  8  11  64  0.9431E-08
 8  8  11  64  0.9419E-08
 8  8  11  64  0.9401E-08
 8  8  12  64  0.8282E-08
 8  8  12  64  0.8163E-08
 8  8  12  64  0.8166E-08
 8  8  12  64  0.8172E-08
 8  8  12  64  0.8171E-08
 8  8  12  64  0.8177E-08
 8  8  12  64  0.8193E-08
 8  8  12  64  0.8213E-08
 8  8  12  64  0.8222E-08
 8  8  12  64  0.8205E-08
 8  8  13  64  0.8894E-08
 8  8  13  64  0.8769E-08
 8  8  13  64  0.8741E-08
 8  8  13  64  0.8766E-08
 8  8  13  64  0.8782E-08
 8  8  13  64  0.8757E-08
 8  8  13  64  0.8762E-08
 8  8  13  64  0.8772E-08
 8  8  13  64  0.8774E-08
 8  8  13  64  0.8761E-08
 8  8  14  64  0.8161E-08
 8  8  14  64  0.8116E-08
 8  8  14  64  0.8142E-08
 8  8  14  64  0.8129E-08
 8  8  14  64  0.8074E-08
 8  8  14  64  0.8074E-08
 8  8  14  64  0.8081E-08
 8  8  14  64  0.8070E-08
 8  8  14  64  0.8085E-08
 8  8  14  64  0.8082E-08
 8  8  15  64  0.8737E-08
 8  8  15  64  0.8700E-08
 8  8  15  64  0.8720E-08
 8  8  15  64  0.8708E-08
 8  8  15  64  0.8700E-08
 8  8  15  64  0.8699E-08
 8  8  15  64  0.8700E-08
 8  8  15  64  0.8709E-08
 8  8  15  64  0.8700E-08
 8  8  15  64  0.8700E-08
 8  8  16  64  0.7667E-08
 8  8  16  64  0.7646E-08
 8  8  16  64  0.7659E-08
 8  8  16  64  0.7645E-08
 8  8  16  64  0.7653E-08
 8  8  16  64  0.7655E-08
 8  8  16  64  0.7644E-08
 8  8  16  64  0.7635E-08
 8  8  16  64  0.7646E-08
 8  8  16  64  0.7638E-08
 8  8  17  64  0.1067E-07
 8  8  17  64  0.1062E-07
 8  8  17  64  0.1060E-07
 8  8  17  64  0.1062E-07
 8  8  17  64  0.1062E-07
 8  8  17  64  0.1063E-07
 8  8  17  64  0.1062E-07
 8  8  17  64  0.1062E-07
 8  8  17  64  0.1062E-07
 8  8  17  64  0.1062E-07
 8  8  18  64  0.9889E-08
 8  8  18  64  0.9824E-08
 8  8  18  64  0.9783E-08
 8  8  18  64  0.9828E-08
 8  8  18  64  0.9775E-08
 8  8  18  64  0.9783E-08
 8  8  18  64  0.9781E-08
 8  8  18  64  0.9778E-08
 8  8  18  64  0.9772E-08
 8  8  18  64  0.9783E-08
 8  8  19  64  0.1078E-07
 8  8  19  64  0.1065E-07
 8  8  19  64  0.1065E-07
 8  8  19  64  0.1065E-07
 8  8  19  64  0.1064E-07
 8  8  19  64  0.1065E-07
 8  8  19  64  0.1065E-07
 8  8  19  64  0.1064E-07
 8  8  19  64  0.1065E-07
 8  8  19  64  0.1065E-07
 8  8  20  64  0.1002E-07
 8  8  20  64  0.9956E-08
 8  8  20  64  0.9965E-08
 8  8  20  64  0.9965E-08
 8  8  20  64  0.9968E-08
 8  8  20  64  0.9978E-08
 8  8  20  64  0.9987E-08
 8  8  20  64  0.9993E-08
 8  8  20  64  0.9991E-08
 8  8  20  64  0.9996E-08
