 16  64  3  1024  0.6112E-08
 16  64  3  1024  0.5670E-08
 16  64  3  1024  0.5659E-08
 16  64  3  1024  0.5610E-08
 16  64  3  1024  0.5693E-08
 16  64  3  1024  0.5612E-08
 16  64  3  1024  0.5617E-08
 16  64  3  1024  0.5705E-08
 16  64  3  1024  0.5679E-08
 16  64  3  1024  0.5688E-08
 16  64  4  1024  0.4274E-08
 16  64  4  1024  0.4158E-08
 16  64  4  1024  0.4167E-08
 16  64  4  1024  0.4159E-08
 16  64  4  1024  0.4157E-08
 16  64  4  1024  0.4201E-08
 16  64  4  1024  0.4179E-08
 16  64  4  1024  0.4194E-08
 16  64  4  1024  0.4154E-08
 16  64  4  1024  0.4127E-08
 16  64  5  1024  0.3984E-08
 16  64  5  1024  0.3855E-08
 16  64  5  1024  0.3867E-08
 16  64  5  1024  0.3862E-08
 16  64  5  1024  0.3881E-08
 16  64  5  1024  0.3886E-08
 16  64  5  1024  0.3899E-08
 16  64  5  1024  0.3905E-08
 16  64  5  1024  0.3964E-08
 16  64  5  1024  0.3898E-08
 16  64  6  1024  0.3172E-08
 16  64  6  1024  0.3128E-08
 16  64  6  1024  0.3127E-08
 16  64  6  1024  0.3146E-08
 16  64  6  1024  0.3146E-08
 16  64  6  1024  0.3149E-08
 16  64  6  1024  0.3147E-08
 16  64  6  1024  0.3136E-08
 16  64  6  1024  0.3142E-08
 16  64  6  1024  0.3133E-08
 16  64  7  1024  0.2601E-08
 16  64  7  1024  0.2581E-08
 16  64  7  1024  0.2588E-08
 16  64  7  1024  0.2589E-08
 16  64  7  1024  0.2586E-08
 16  64  7  1024  0.2585E-08
 16  64  7  1024  0.2572E-08
 16  64  7  1024  0.2571E-08
 16  64  7  1024  0.2565E-08
 16  64  7  1024  0.2572E-08
 16  64  8  1024  0.2375E-08
 16  64  8  1024  0.2352E-08
 16  64  8  1024  0.2333E-08
 16  64  8  1024  0.2330E-08
 16  64  8  1024  0.2338E-08
 16  64  8  1024  0.2332E-08
 16  64  8  1024  0.2340E-08
 16  64  8  1024  0.2348E-08
 16  64  8  1024  0.2350E-08
 16  64  8  1024  0.2338E-08
 16  64  9  1024  0.2683E-08
 16  64  9  1024  0.2677E-08
 16  64  9  1024  0.2677E-08
 16  64  9  1024  0.2678E-08
 16  64  9  1024  0.2679E-08
 16  64  9  1024  0.2670E-08
 16  64  9  1024  0.2675E-08
 16  64  9  1024  0.2675E-08
 16  64  9  1024  0.2678E-08
 16  64  9  1024  0.2674E-08
 16  64  10  1024  0.2285E-08
 16  64  10  1024  0.2251E-08
 16  64  10  1024  0.2255E-08
 16  64  10  1024  0.2248E-08
 16  64  10  1024  0.2253E-08
 16  64  10  1024  0.2260E-08
 16  64  10  1024  0.2262E-08
 16  64  10  1024  0.2254E-08
 16  64  10  1024  0.2248E-08
 16  64  10  1024  0.2263E-08
 16  64  11  1024  0.2204E-08
 16  64  11  1024  0.2200E-08
 16  64  11  1024  0.2184E-08
 16  64  11  1024  0.2185E-08
 16  64  11  1024  0.2188E-08
 16  64  11  1024  0.2202E-08
 16  64  11  1024  0.2185E-08
 16  64  11  1024  0.2188E-08
 16  64  11  1024  0.2184E-08
 16  64  11  1024  0.2209E-08
 16  64  12  1024  0.2060E-08
 16  64  12  1024  0.2061E-08
 16  64  12  1024  0.2051E-08
 16  64  12  1024  0.2059E-08
 16  64  12  1024  0.2051E-08
 16  64  12  1024  0.2047E-08
 16  64  12  1024  0.2055E-08
 16  64  12  1024  0.2058E-08
 16  64  12  1024  0.2050E-08
 16  64  12  1024  0.2048E-08
 16  64  13  1024  0.2150E-08
 16  64  13  1024  0.2143E-08
 16  64  13  1024  0.2145E-08
 16  64  13  1024  0.2143E-08
 16  64  13  1024  0.2143E-08
 16  64  13  1024  0.2151E-08
 16  64  13  1024  0.2144E-08
 16  64  13  1024  0.2143E-08
 16  64  13  1024  0.2144E-08
 16  64  13  1024  0.2141E-08
 16  64  14  1024  0.1976E-08
 16  64  14  1024  0.1979E-08
 16  64  14  1024  0.2055E-08
 16  64  14  1024  0.1982E-08
 16  64  14  1024  0.1974E-08
 16  64  14  1024  0.1970E-08
 16  64  14  1024  0.1976E-08
 16  64  14  1024  0.1970E-08
 16  64  14  1024  0.1974E-08
 16  64  14  1024  0.1976E-08
 16  64  15  1024  0.2033E-08
 16  64  15  1024  0.2021E-08
 16  64  15  1024  0.2025E-08
 16  64  15  1024  0.2019E-08
 16  64  15  1024  0.2025E-08
 16  64  15  1024  0.2023E-08
 16  64  15  1024  0.2026E-08
 16  64  15  1024  0.2017E-08
 16  64  15  1024  0.2024E-08
 16  64  15  1024  0.2018E-08
 16  64  16  1024  0.1976E-08
 16  64  16  1024  0.1975E-08
 16  64  16  1024  0.1974E-08
 16  64  16  1024  0.1978E-08
 16  64  16  1024  0.1973E-08
 16  64  16  1024  0.1974E-08
 16  64  16  1024  0.1972E-08
 16  64  16  1024  0.1977E-08
 16  64  16  1024  0.1975E-08
 16  64  16  1024  0.1973E-08
 16  64  17  1024  0.2230E-08
 16  64  17  1024  0.2227E-08
 16  64  17  1024  0.2228E-08
 16  64  17  1024  0.2227E-08
 16  64  17  1024  0.2227E-08
 16  64  17  1024  0.2230E-08
 16  64  17  1024  0.2226E-08
 16  64  17  1024  0.2227E-08
 16  64  17  1024  0.2229E-08
 16  64  17  1024  0.2312E-08
 16  64  18  1024  0.2130E-08
 16  64  18  1024  0.2127E-08
 16  64  18  1024  0.2126E-08
 16  64  18  1024  0.2126E-08
 16  64  18  1024  0.2124E-08
 16  64  18  1024  0.2123E-08
 16  64  18  1024  0.2126E-08
 16  64  18  1024  0.2122E-08
 16  64  18  1024  0.2123E-08
 16  64  18  1024  0.2127E-08
 16  64  19  1024  0.2203E-08
 16  64  19  1024  0.2196E-08
 16  64  19  1024  0.2198E-08
 16  64  19  1024  0.2250E-08
 16  64  19  1024  0.2198E-08
 16  64  19  1024  0.2195E-08
 16  64  19  1024  0.2196E-08
 16  64  19  1024  0.2194E-08
 16  64  19  1024  0.2198E-08
 16  64  19  1024  0.2196E-08
 16  64  20  1024  0.2242E-08
 16  64  20  1024  0.2237E-08
 16  64  20  1024  0.2238E-08
 16  64  20  1024  0.2236E-08
 16  64  20  1024  0.2238E-08
 16  64  20  1024  0.2237E-08
 16  64  20  1024  0.2238E-08
 16  64  20  1024  0.2298E-08
 16  64  20  1024  0.2236E-08
 16  64  20  1024  0.2238E-08
