 16  2  3  32  0.5683E-07
 16  2  3  32  0.5579E-07
 16  2  3  32  0.5427E-07
 16  2  3  32  0.5474E-07
 16  2  3  32  0.5561E-07
 16  2  3  32  0.5498E-07
 16  2  3  32  0.5567E-07
 16  2  3  32  0.5511E-07
 16  2  3  32  0.5440E-07
 16  2  3  32  0.5513E-07
 16  2  4  32  0.3550E-07
 16  2  4  32  0.3474E-07
 16  2  4  32  0.3506E-07
 16  2  4  32  0.3482E-07
 16  2  4  32  0.3458E-07
 16  2  4  32  0.3466E-07
 16  2  4  32  0.3472E-07
 16  2  4  32  0.3449E-07
 16  2  4  32  0.3461E-07
 16  2  4  32  0.3494E-07
 16  2  5  32  0.3425E-07
 16  2  5  32  0.3195E-07
 16  2  5  32  0.3132E-07
 16  2  5  32  0.3138E-07
 16  2  5  32  0.3154E-07
 16  2  5  32  0.3142E-07
 16  2  5  32  0.3133E-07
 16  2  5  32  0.3122E-07
 16  2  5  32  0.3137E-07
 16  2  5  32  0.3145E-07
 16  2  6  32  0.3274E-07
 16  2  6  32  0.3168E-07
 16  2  6  32  0.3139E-07
 16  2  6  32  0.3159E-07
 16  2  6  32  0.3164E-07
 16  2  6  32  0.3187E-07
 16  2  6  32  0.3194E-07
 16  2  6  32  0.3161E-07
 16  2  6  32  0.3171E-07
 16  2  6  32  0.3184E-07
 16  2  7  32  0.3130E-07
 16  2  7  32  0.3080E-07
 16  2  7  32  0.3077E-07
 16  2  7  32  0.3072E-07
 16  2  7  32  0.3067E-07
 16  2  7  32  0.3084E-07
 16  2  7  32  0.3063E-07
 16  2  7  32  0.3063E-07
 16  2  7  32  0.3087E-07
 16  2  7  32  0.3059E-07
 16  2  8  32  0.2546E-07
 16  2  8  32  0.2521E-07
 16  2  8  32  0.2525E-07
 16  2  8  32  0.2520E-07
 16  2  8  32  0.2527E-07
 16  2  8  32  0.2531E-07
 16  2  8  32  0.2522E-07
 16  2  8  32  0.2518E-07
 16  2  8  32  0.2518E-07
 16  2  8  32  0.2512E-07
 16  2  9  32  0.3087E-07
 16  2  9  32  0.3068E-07
 16  2  9  32  0.3069E-07
 16  2  9  32  0.3071E-07
 16  2  9  32  0.3065E-07
 16  2  9  32  0.3069E-07
 16  2  9  32  0.3065E-07
 16  2  9  32  0.3065E-07
 16  2  9  32  0.3065E-07
 16  2  9  32  0.3069E-07
 16  2  10  32  0.3321E-07
 16  2  10  32  0.3314E-07
 16  2  10  32  0.3316E-07
 16  2  10  32  0.3315E-07
 16  2  10  32  0.3313E-07
 16  2  10  32  0.3315E-07
 16  2  10  32  0.3335E-07
 16  2  10  32  0.3326E-07
 16  2  10  32  0.3329E-07
 16  2  10  32  0.3331E-07
 16  2  11  32  0.3360E-07
 16  2  11  32  0.3341E-07
 16  2  11  32  0.3342E-07
 16  2  11  32  0.3341E-07
 16  2  11  32  0.3346E-07
 16  2  11  32  0.3340E-07
 16  2  11  32  0.3341E-07
 16  2  11  32  0.3341E-07
 16  2  11  32  0.3339E-07
 16  2  11  32  0.3344E-07
 16  2  12  32  0.2964E-07
 16  2  12  32  0.2930E-07
 16  2  12  32  0.2926E-07
 16  2  12  32  0.2927E-07
 16  2  12  32  0.2924E-07
 16  2  12  32  0.2923E-07
 16  2  12  32  0.2926E-07
 16  2  12  32  0.2925E-07
 16  2  12  32  0.2929E-07
 16  2  12  32  0.2926E-07
 16  2  13  32  0.3203E-07
 16  2  13  32  0.3191E-07
 16  2  13  32  0.3190E-07
 16  2  13  32  0.3184E-07
 16  2  13  32  0.3181E-07
 16  2  13  32  0.3184E-07
 16  2  13  32  0.3184E-07
 16  2  13  32  0.3194E-07
 16  2  13  32  0.3191E-07
 16  2  13  32  0.3186E-07
 16  2  14  32  0.2985E-07
 16  2  14  32  0.2972E-07
 16  2  14  32  0.2976E-07
 16  2  14  32  0.2974E-07
 16  2  14  32  0.2975E-07
 16  2  14  32  0.2973E-07
 16  2  14  32  0.2985E-07
 16  2  14  32  0.2982E-07
 16  2  14  32  0.2982E-07
 16  2  14  32  0.2980E-07
 16  2  15  32  0.3231E-07
 16  2  15  32  0.3216E-07
 16  2  15  32  0.3221E-07
 16  2  15  32  0.3224E-07
 16  2  15  32  0.3223E-07
 16  2  15  32  0.3226E-07
 16  2  15  32  0.3226E-07
 16  2  15  32  0.3224E-07
 16  2  15  32  0.3223E-07
 16  2  15  32  0.3227E-07
 16  2  16  32  0.2763E-07
 16  2  16  32  0.2756E-07
 16  2  16  32  0.2756E-07
 16  2  16  32  0.2765E-07
 16  2  16  32  0.2770E-07
 16  2  16  32  0.2772E-07
 16  2  16  32  0.2769E-07
 16  2  16  32  0.2768E-07
 16  2  16  32  0.2768E-07
 16  2  16  32  0.2770E-07
 16  2  17  32  0.4013E-07
 16  2  17  32  0.4002E-07
 16  2  17  32  0.4004E-07
 16  2  17  32  0.4008E-07
 16  2  17  32  0.4012E-07
 16  2  17  32  0.4003E-07
 16  2  17  32  0.4009E-07
 16  2  17  32  0.4020E-07
 16  2  17  32  0.4018E-07
 16  2  17  32  0.4019E-07
 16  2  18  32  0.3701E-07
 16  2  18  32  0.3692E-07
 16  2  18  32  0.3687E-07
 16  2  18  32  0.3685E-07
 16  2  18  32  0.3688E-07
 16  2  18  32  0.3688E-07
 16  2  18  32  0.3689E-07
 16  2  18  32  0.3688E-07
 16  2  18  32  0.3689E-07
 16  2  18  32  0.3690E-07
 16  2  19  32  0.4015E-07
 16  2  19  32  0.4009E-07
 16  2  19  32  0.4008E-07
 16  2  19  32  0.4017E-07
 16  2  19  32  0.4009E-07
 16  2  19  32  0.4013E-07
 16  2  19  32  0.4017E-07
 16  2  19  32  0.4019E-07
 16  2  19  32  0.4010E-07
 16  2  19  32  0.4016E-07
 16  2  20  32  0.3766E-07
 16  2  20  32  0.3760E-07
 16  2  20  32  0.3762E-07
 16  2  20  32  0.3759E-07
 16  2  20  32  0.3762E-07
 16  2  20  32  0.3763E-07
 16  2  20  32  0.3762E-07
 16  2  20  32  0.3768E-07
 16  2  20  32  0.3770E-07
 16  2  20  32  0.3770E-07
