 16  32  3  512  0.9927E-08
 16  32  3  512  0.9501E-08
 16  32  3  512  0.9488E-08
 16  32  3  512  0.9452E-08
 16  32  3  512  0.9454E-08
 16  32  3  512  0.9639E-08
 16  32  3  512  0.9453E-08
 16  32  3  512  0.9480E-08
 16  32  3  512  0.9498E-08
 16  32  3  512  0.9491E-08
 16  32  4  512  0.6085E-08
 16  32  4  512  0.5773E-08
 16  32  4  512  0.5731E-08
 16  32  4  512  0.5790E-08
 16  32  4  512  0.5774E-08
 16  32  4  512  0.5750E-08
 16  32  4  512  0.5737E-08
 16  32  4  512  0.5768E-08
 16  32  4  512  0.5719E-08
 16  32  4  512  0.5689E-08
 16  32  5  512  0.4743E-08
 16  32  5  512  0.4619E-08
 16  32  5  512  0.4634E-08
 16  32  5  512  0.4632E-08
 16  32  5  512  0.4703E-08
 16  32  5  512  0.4618E-08
 16  32  5  512  0.4705E-08
 16  32  5  512  0.4669E-08
 16  32  5  512  0.4657E-08
 16  32  5  512  0.4650E-08
 16  32  6  512  0.4296E-08
 16  32  6  512  0.4240E-08
 16  32  6  512  0.4211E-08
 16  32  6  512  0.4306E-08
 16  32  6  512  0.4282E-08
 16  32  6  512  0.4252E-08
 16  32  6  512  0.4224E-08
 16  32  6  512  0.4219E-08
 16  32  6  512  0.4215E-08
 16  32  6  512  0.4254E-08
 16  32  7  512  0.4067E-08
 16  32  7  512  0.4012E-08
 16  32  7  512  0.4013E-08
 16  32  7  512  0.4015E-08
 16  32  7  512  0.4033E-08
 16  32  7  512  0.4025E-08
 16  32  7  512  0.4021E-08
 16  32  7  512  0.4025E-08
 16  32  7  512  0.4017E-08
 16  32  7  512  0.4023E-08
 16  32  8  512  0.3720E-08
 16  32  8  512  0.3697E-08
 16  32  8  512  0.3699E-08
 16  32  8  512  0.3698E-08
 16  32  8  512  0.3700E-08
 16  32  8  512  0.3706E-08
 16  32  8  512  0.3700E-08
 16  32  8  512  0.3698E-08
 16  32  8  512  0.3706E-08
 16  32  8  512  0.3705E-08
 16  32  9  512  0.3922E-08
 16  32  9  512  0.3893E-08
 16  32  9  512  0.3876E-08
 16  32  9  512  0.3884E-08
 16  32  9  512  0.3900E-08
 16  32  9  512  0.3876E-08
 16  32  9  512  0.3881E-08
 16  32  9  512  0.3886E-08
 16  32  9  512  0.3887E-08
 16  32  9  512  0.3880E-08
 16  32  10  512  0.3606E-08
 16  32  10  512  0.3588E-08
 16  32  10  512  0.3583E-08
 16  32  10  512  0.3583E-08
 16  32  10  512  0.3590E-08
 16  32  10  512  0.3587E-08
 16  32  10  512  0.3588E-08
 16  32  10  512  0.3586E-08
 16  32  10  512  0.3587E-08
 16  32  10  512  0.3581E-08
 16  32  11  512  0.3527E-08
 16  32  11  512  0.3511E-08
 16  32  11  512  0.3511E-08
 16  32  11  512  0.3513E-08
 16  32  11  512  0.3511E-08
 16  32  11  512  0.3506E-08
 16  32  11  512  0.3508E-08
 16  32  11  512  0.3507E-08
 16  32  11  512  0.3509E-08
 16  32  11  512  0.3507E-08
 16  32  12  512  0.3192E-08
 16  32  12  512  0.3177E-08
 16  32  12  512  0.3178E-08
 16  32  12  512  0.3175E-08
 16  32  12  512  0.3176E-08
 16  32  12  512  0.3177E-08
 16  32  12  512  0.3173E-08
 16  32  12  512  0.3174E-08
 16  32  12  512  0.3175E-08
 16  32  12  512  0.3178E-08
 16  32  13  512  0.3364E-08
 16  32  13  512  0.3343E-08
 16  32  13  512  0.3343E-08
 16  32  13  512  0.3340E-08
 16  32  13  512  0.3339E-08
 16  32  13  512  0.3344E-08
 16  32  13  512  0.3344E-08
 16  32  13  512  0.3340E-08
 16  32  13  512  0.3343E-08
 16  32  13  512  0.3343E-08
 16  32  14  512  0.3063E-08
 16  32  14  512  0.3046E-08
 16  32  14  512  0.3044E-08
 16  32  14  512  0.3041E-08
 16  32  14  512  0.3045E-08
 16  32  14  512  0.3041E-08
 16  32  14  512  0.3043E-08
 16  32  14  512  0.3045E-08
 16  32  14  512  0.3045E-08
 16  32  14  512  0.3042E-08
 16  32  15  512  0.3200E-08
 16  32  15  512  0.3168E-08
 16  32  15  512  0.3166E-08
 16  32  15  512  0.3169E-08
 16  32  15  512  0.3167E-08
 16  32  15  512  0.3171E-08
 16  32  15  512  0.3166E-08
 16  32  15  512  0.3170E-08
 16  32  15  512  0.3170E-08
 16  32  15  512  0.3168E-08
 16  32  16  512  0.3199E-08
 16  32  16  512  0.3131E-08
 16  32  16  512  0.3128E-08
 16  32  16  512  0.3130E-08
 16  32  16  512  0.3130E-08
 16  32  16  512  0.3133E-08
 16  32  16  512  0.3132E-08
 16  32  16  512  0.3127E-08
 16  32  16  512  0.3132E-08
 16  32  16  512  0.3129E-08
 16  32  17  512  0.3578E-08
 16  32  17  512  0.3548E-08
 16  32  17  512  0.3547E-08
 16  32  17  512  0.3547E-08
 16  32  17  512  0.3548E-08
 16  32  17  512  0.3549E-08
 16  32  17  512  0.3554E-08
 16  32  17  512  0.3546E-08
 16  32  17  512  0.3545E-08
 16  32  17  512  0.3547E-08
 16  32  18  512  0.3383E-08
 16  32  18  512  0.3386E-08
 16  32  18  512  0.3359E-08
 16  32  18  512  0.3362E-08
 16  32  18  512  0.3359E-08
 16  32  18  512  0.3358E-08
 16  32  18  512  0.3362E-08
 16  32  18  512  0.3360E-08
 16  32  18  512  0.3359E-08
 16  32  18  512  0.3362E-08
 16  32  19  512  0.3499E-08
 16  32  19  512  0.3479E-08
 16  32  19  512  0.3480E-08
 16  32  19  512  0.3482E-08
 16  32  19  512  0.3482E-08
 16  32  19  512  0.3480E-08
 16  32  19  512  0.3481E-08
 16  32  19  512  0.3485E-08
 16  32  19  512  0.3479E-08
 16  32  19  512  0.3479E-08
 16  32  20  512  0.3440E-08
 16  32  20  512  0.3420E-08
 16  32  20  512  0.3468E-08
 16  32  20  512  0.3442E-08
 16  32  20  512  0.3424E-08
 16  32  20  512  0.3424E-08
 16  32  20  512  0.3425E-08
 16  32  20  512  0.3422E-08
 16  32  20  512  0.3422E-08
 16  32  20  512  0.3423E-08
