 16  16  3  256  0.2064E-07
 16  16  3  256  0.2041E-07
 16  16  3  256  0.2039E-07
 16  16  3  256  0.1996E-07
 16  16  3  256  0.2037E-07
 16  16  3  256  0.2042E-07
 16  16  3  256  0.1997E-07
 16  16  3  256  0.2003E-07
 16  16  3  256  0.2003E-07
 16  16  3  256  0.1994E-07
 16  16  4  256  0.1128E-07
 16  16  4  256  0.1069E-07
 16  16  4  256  0.1080E-07
 16  16  4  256  0.1081E-07
 16  16  4  256  0.1081E-07
 16  16  4  256  0.1092E-07
 16  16  4  256  0.1079E-07
 16  16  4  256  0.1099E-07
 16  16  4  256  0.1082E-07
 16  16  4  256  0.1075E-07
 16  16  5  256  0.8857E-08
 16  16  5  256  0.8677E-08
 16  16  5  256  0.8648E-08
 16  16  5  256  0.8653E-08
 16  16  5  256  0.8638E-08
 16  16  5  256  0.8636E-08
 16  16  5  256  0.8645E-08
 16  16  5  256  0.8636E-08
 16  16  5  256  0.8656E-08
 16  16  5  256  0.8646E-08
 16  16  6  256  0.7911E-08
 16  16  6  256  0.7851E-08
 16  16  6  256  0.7829E-08
 16  16  6  256  0.7860E-08
 16  16  6  256  0.7856E-08
 16  16  6  256  0.7851E-08
 16  16  6  256  0.7935E-08
 16  16  6  256  0.7850E-08
 16  16  6  256  0.7861E-08
 16  16  6  256  0.7851E-08
 16  16  7  256  0.7427E-08
 16  16  7  256  0.7361E-08
 16  16  7  256  0.7409E-08
 16  16  7  256  0.7418E-08
 16  16  7  256  0.7388E-08
 16  16  7  256  0.7475E-08
 16  16  7  256  0.7447E-08
 16  16  7  256  0.7417E-08
 16  16  7  256  0.7483E-08
 16  16  7  256  0.7481E-08
 16  16  8  256  0.7007E-08
 16  16  8  256  0.6967E-08
 16  16  8  256  0.6991E-08
 16  16  8  256  0.6960E-08
 16  16  8  256  0.6961E-08
 16  16  8  256  0.6964E-08
 16  16  8  256  0.6963E-08
 16  16  8  256  0.6959E-08
 16  16  8  256  0.6986E-08
 16  16  8  256  0.6967E-08
 16  16  9  256  0.6801E-08
 16  16  9  256  0.6762E-08
 16  16  9  256  0.6751E-08
 16  16  9  256  0.6749E-08
 16  16  9  256  0.6759E-08
 16  16  9  256  0.6754E-08
 16  16  9  256  0.6745E-08
 16  16  9  256  0.6747E-08
 16  16  9  256  0.6751E-08
 16  16  9  256  0.6751E-08
 16  16  10  256  0.6820E-08
 16  16  10  256  0.6794E-08
 16  16  10  256  0.6777E-08
 16  16  10  256  0.6779E-08
 16  16  10  256  0.6784E-08
 16  16  10  256  0.6777E-08
 16  16  10  256  0.6788E-08
 16  16  10  256  0.6790E-08
 16  16  10  256  0.6786E-08
 16  16  10  256  0.6783E-08
 16  16  11  256  0.6686E-08
 16  16  11  256  0.6651E-08
 16  16  11  256  0.6656E-08
 16  16  11  256  0.6655E-08
 16  16  11  256  0.6652E-08
 16  16  11  256  0.6652E-08
 16  16  11  256  0.6658E-08
 16  16  11  256  0.6645E-08
 16  16  11  256  0.6646E-08
 16  16  11  256  0.6649E-08
 16  16  12  256  0.6003E-08
 16  16  12  256  0.5979E-08
 16  16  12  256  0.5973E-08
 16  16  12  256  0.5980E-08
 16  16  12  256  0.5970E-08
 16  16  12  256  0.5969E-08
 16  16  12  256  0.5970E-08
 16  16  12  256  0.5974E-08
 16  16  12  256  0.5978E-08
 16  16  12  256  0.5973E-08
 16  16  13  256  0.6064E-08
 16  16  13  256  0.6036E-08
 16  16  13  256  0.6025E-08
 16  16  13  256  0.6032E-08
 16  16  13  256  0.6032E-08
 16  16  13  256  0.6035E-08
 16  16  13  256  0.6028E-08
 16  16  13  256  0.6036E-08
 16  16  13  256  0.6029E-08
 16  16  13  256  0.6026E-08
 16  16  14  256  0.5754E-08
 16  16  14  256  0.5732E-08
 16  16  14  256  0.5728E-08
 16  16  14  256  0.5731E-08
 16  16  14  256  0.5737E-08
 16  16  14  256  0.5728E-08
 16  16  14  256  0.5727E-08
 16  16  14  256  0.5734E-08
 16  16  14  256  0.5739E-08
 16  16  14  256  0.5728E-08
 16  16  15  256  0.6002E-08
 16  16  15  256  0.5963E-08
 16  16  15  256  0.5977E-08
 16  16  15  256  0.5970E-08
 16  16  15  256  0.5969E-08
 16  16  15  256  0.5968E-08
 16  16  15  256  0.5968E-08
 16  16  15  256  0.5963E-08
 16  16  15  256  0.5970E-08
 16  16  15  256  0.5964E-08
 16  16  16  256  0.5593E-08
 16  16  16  256  0.5555E-08
 16  16  16  256  0.5555E-08
 16  16  16  256  0.5552E-08
 16  16  16  256  0.5544E-08
 16  16  16  256  0.5553E-08
 16  16  16  256  0.5548E-08
 16  16  16  256  0.5548E-08
 16  16  16  256  0.5547E-08
 16  16  16  256  0.5544E-08
 16  16  17  256  0.6663E-08
 16  16  17  256  0.6639E-08
 16  16  17  256  0.6636E-08
 16  16  17  256  0.6638E-08
 16  16  17  256  0.6640E-08
 16  16  17  256  0.6634E-08
 16  16  17  256  0.6637E-08
 16  16  17  256  0.6635E-08
 16  16  17  256  0.6638E-08
 16  16  17  256  0.6636E-08
 16  16  18  256  0.6350E-08
 16  16  18  256  0.6323E-08
 16  16  18  256  0.6327E-08
 16  16  18  256  0.6326E-08
 16  16  18  256  0.6325E-08
 16  16  18  256  0.6324E-08
 16  16  18  256  0.6325E-08
 16  16  18  256  0.6322E-08
 16  16  18  256  0.6324E-08
 16  16  18  256  0.6327E-08
 16  16  19  256  0.6521E-08
 16  16  19  256  0.6499E-08
 16  16  19  256  0.6499E-08
 16  16  19  256  0.6499E-08
 16  16  19  256  0.6501E-08
 16  16  19  256  0.6503E-08
 16  16  19  256  0.6498E-08
 16  16  19  256  0.6500E-08
 16  16  19  256  0.6499E-08
 16  16  19  256  0.6496E-08
 16  16  20  256  0.6570E-08
 16  16  20  256  0.6552E-08
 16  16  20  256  0.6548E-08
 16  16  20  256  0.6550E-08
 16  16  20  256  0.6551E-08
 16  16  20  256  0.6554E-08
 16  16  20  256  0.6555E-08
 16  16  20  256  0.6577E-08
 16  16  20  256  0.6562E-08
 16  16  20  256  0.6551E-08
