 16  8  3  128  0.2819E-07
 16  8  3  128  0.2760E-07
 16  8  3  128  0.2675E-07
 16  8  3  128  0.2741E-07
 16  8  3  128  0.2727E-07
 16  8  3  128  0.2694E-07
 16  8  3  128  0.2712E-07
 16  8  3  128  0.2729E-07
 16  8  3  128  0.2750E-07
 16  8  3  128  0.2692E-07
 16  8  4  128  0.1599E-07
 16  8  4  128  0.1560E-07
 16  8  4  128  0.1535E-07
 16  8  4  128  0.1532E-07
 16  8  4  128  0.1528E-07
 16  8  4  128  0.1567E-07
 16  8  4  128  0.1545E-07
 16  8  4  128  0.1532E-07
 16  8  4  128  0.1528E-07
 16  8  4  128  0.1540E-07
 16  8  5  128  0.1305E-07
 16  8  5  128  0.1254E-07
 16  8  5  128  0.1261E-07
 16  8  5  128  0.1248E-07
 16  8  5  128  0.1257E-07
 16  8  5  128  0.1253E-07
 16  8  5  128  0.1256E-07
 16  8  5  128  0.1251E-07
 16  8  5  128  0.1249E-07
 16  8  5  128  0.1246E-07
 16  8  6  128  0.1112E-07
 16  8  6  128  0.1075E-07
 16  8  6  128  0.1076E-07
 16  8  6  128  0.1075E-07
 16  8  6  128  0.1071E-07
 16  8  6  128  0.1074E-07
 16  8  6  128  0.1079E-07
 16  8  6  128  0.1076E-07
 16  8  6  128  0.1075E-07
 16  8  6  128  0.1076E-07
 16  8  7  128  0.1002E-07
 16  8  7  128  0.9919E-08
 16  8  7  128  0.9888E-08
 16  8  7  128  0.9910E-08
 16  8  7  128  0.9879E-08
 16  8  7  128  0.9901E-08
 16  8  7  128  0.9918E-08
 16  8  7  128  0.9908E-08
 16  8  7  128  0.9917E-08
 16  8  7  128  0.9957E-08
 16  8  8  128  0.7294E-08
 16  8  8  128  0.7205E-08
 16  8  8  128  0.7207E-08
 16  8  8  128  0.7194E-08
 16  8  8  128  0.7204E-08
 16  8  8  128  0.7209E-08
 16  8  8  128  0.7211E-08
 16  8  8  128  0.7201E-08
 16  8  8  128  0.7263E-08
 16  8  8  128  0.7217E-08
 16  8  9  128  0.8700E-08
 16  8  9  128  0.8449E-08
 16  8  9  128  0.8512E-08
 16  8  9  128  0.8525E-08
 16  8  9  128  0.8532E-08
 16  8  9  128  0.8511E-08
 16  8  9  128  0.8503E-08
 16  8  9  128  0.8498E-08
 16  8  9  128  0.8525E-08
 16  8  9  128  0.8504E-08
 16  8  10  128  0.8984E-08
 16  8  10  128  0.8933E-08
 16  8  10  128  0.8934E-08
 16  8  10  128  0.8978E-08
 16  8  10  128  0.8945E-08
 16  8  10  128  0.8938E-08
 16  8  10  128  0.8968E-08
 16  8  10  128  0.8967E-08
 16  8  10  128  0.8960E-08
 16  8  10  128  0.8958E-08
 16  8  11  128  0.8979E-08
 16  8  11  128  0.8946E-08
 16  8  11  128  0.8920E-08
 16  8  11  128  0.8893E-08
 16  8  11  128  0.8893E-08
 16  8  11  128  0.8892E-08
 16  8  11  128  0.8898E-08
 16  8  11  128  0.8909E-08
 16  8  11  128  0.8903E-08
 16  8  11  128  0.8896E-08
 16  8  12  128  0.7877E-08
 16  8  12  128  0.7806E-08
 16  8  12  128  0.7791E-08
 16  8  12  128  0.7797E-08
 16  8  12  128  0.7811E-08
 16  8  12  128  0.7805E-08
 16  8  12  128  0.7793E-08
 16  8  12  128  0.7797E-08
 16  8  12  128  0.7797E-08
 16  8  12  128  0.7798E-08
 16  8  13  128  0.8471E-08
 16  8  13  128  0.8455E-08
 16  8  13  128  0.8422E-08
 16  8  13  128  0.8436E-08
 16  8  13  128  0.8436E-08
 16  8  13  128  0.8430E-08
 16  8  13  128  0.8426E-08
 16  8  13  128  0.8434E-08
 16  8  13  128  0.8441E-08
 16  8  13  128  0.8438E-08
 16  8  14  128  0.7931E-08
 16  8  14  128  0.7886E-08
 16  8  14  128  0.7851E-08
 16  8  14  128  0.7849E-08
 16  8  14  128  0.7850E-08
 16  8  14  128  0.7851E-08
 16  8  14  128  0.7858E-08
 16  8  14  128  0.7853E-08
 16  8  14  128  0.7849E-08
 16  8  14  128  0.7854E-08
 16  8  15  128  0.8576E-08
 16  8  15  128  0.8509E-08
 16  8  15  128  0.8511E-08
 16  8  15  128  0.8484E-08
 16  8  15  128  0.8486E-08
 16  8  15  128  0.8482E-08
 16  8  15  128  0.8485E-08
 16  8  15  128  0.8487E-08
 16  8  15  128  0.8487E-08
 16  8  15  128  0.8494E-08
 16  8  16  128  0.7400E-08
 16  8  16  128  0.7360E-08
 16  8  16  128  0.7353E-08
 16  8  16  128  0.7351E-08
 16  8  16  128  0.7346E-08
 16  8  16  128  0.7350E-08
 16  8  16  128  0.7345E-08
 16  8  16  128  0.7343E-08
 16  8  16  128  0.7358E-08
 16  8  16  128  0.7362E-08
 16  8  17  128  0.1051E-07
 16  8  17  128  0.1049E-07
 16  8  17  128  0.1049E-07
 16  8  17  128  0.1049E-07
 16  8  17  128  0.1049E-07
 16  8  17  128  0.1049E-07
 16  8  17  128  0.1050E-07
 16  8  17  128  0.1049E-07
 16  8  17  128  0.1049E-07
 16  8  17  128  0.1049E-07
 16  8  18  128  0.9588E-08
 16  8  18  128  0.9545E-08
 16  8  18  128  0.9552E-08
 16  8  18  128  0.9577E-08
 16  8  18  128  0.9550E-08
 16  8  18  128  0.9544E-08
 16  8  18  128  0.9548E-08
 16  8  18  128  0.9555E-08
 16  8  18  128  0.9570E-08
 16  8  18  128  0.9565E-08
 16  8  19  128  0.1043E-07
 16  8  19  128  0.1040E-07
 16  8  19  128  0.1040E-07
 16  8  19  128  0.1040E-07
 16  8  19  128  0.1040E-07
 16  8  19  128  0.1040E-07
 16  8  19  128  0.1040E-07
 16  8  19  128  0.1040E-07
 16  8  19  128  0.1041E-07
 16  8  19  128  0.1044E-07
 16  8  20  128  0.9821E-08
 16  8  20  128  0.9781E-08
 16  8  20  128  0.9787E-08
 16  8  20  128  0.9784E-08
 16  8  20  128  0.9783E-08
 16  8  20  128  0.9780E-08
 16  8  20  128  0.9786E-08
 16  8  20  128  0.9791E-08
 16  8  20  128  0.9782E-08
 16  8  20  128  0.9780E-08
