 16  64  3  1024  0.3952E-08
 16  64  3  1024  0.3444E-08
 16  64  3  1024  0.3417E-08
 16  64  3  1024  0.3415E-08
 16  64  3  1024  0.3430E-08
 16  64  3  1024  0.3404E-08
 16  64  3  1024  0.3409E-08
 16  64  3  1024  0.3405E-08
 16  64  3  1024  0.3369E-08
 16  64  3  1024  0.3401E-08
 16  64  4  1024  0.2857E-08
 16  64  4  1024  0.2602E-08
 16  64  4  1024  0.2609E-08
 16  64  4  1024  0.2578E-08
 16  64  4  1024  0.2613E-08
 16  64  4  1024  0.2614E-08
 16  64  4  1024  0.2629E-08
 16  64  4  1024  0.2614E-08
 16  64  4  1024  0.2622E-08
 16  64  4  1024  0.2608E-08
 16  64  5  1024  0.2377E-08
 16  64  5  1024  0.2235E-08
 16  64  5  1024  0.2222E-08
 16  64  5  1024  0.2226E-08
 16  64  5  1024  0.2225E-08
 16  64  5  1024  0.2225E-08
 16  64  5  1024  0.2241E-08
 16  64  5  1024  0.2223E-08
 16  64  5  1024  0.2258E-08
 16  64  5  1024  0.2217E-08
 16  64  6  1024  0.1895E-08
 16  64  6  1024  0.1816E-08
 16  64  6  1024  0.1819E-08
 16  64  6  1024  0.1822E-08
 16  64  6  1024  0.1812E-08
 16  64  6  1024  0.1820E-08
 16  64  6  1024  0.1829E-08
 16  64  6  1024  0.1812E-08
 16  64  6  1024  0.1815E-08
 16  64  6  1024  0.1830E-08
 16  64  7  1024  0.1492E-08
 16  64  7  1024  0.1445E-08
 16  64  7  1024  0.1443E-08
 16  64  7  1024  0.1444E-08
 16  64  7  1024  0.1449E-08
 16  64  7  1024  0.1454E-08
 16  64  7  1024  0.1444E-08
 16  64  7  1024  0.1479E-08
 16  64  7  1024  0.1446E-08
 16  64  7  1024  0.1443E-08
 16  64  8  1024  0.1377E-08
 16  64  8  1024  0.1342E-08
 16  64  8  1024  0.1333E-08
 16  64  8  1024  0.1329E-08
 16  64  8  1024  0.1328E-08
 16  64  8  1024  0.1338E-08
 16  64  8  1024  0.1330E-08
 16  64  8  1024  0.1337E-08
 16  64  8  1024  0.1327E-08
 16  64  8  1024  0.1334E-08
 16  64  9  1024  0.1475E-08
 16  64  9  1024  0.1443E-08
 16  64  9  1024  0.1439E-08
 16  64  9  1024  0.1442E-08
 16  64  9  1024  0.1436E-08
 16  64  9  1024  0.1440E-08
 16  64  9  1024  0.1447E-08
 16  64  9  1024  0.1467E-08
 16  64  9  1024  0.1447E-08
 16  64  9  1024  0.1443E-08
 16  64  10  1024  0.1552E-08
 16  64  10  1024  0.1523E-08
 16  64  10  1024  0.1540E-08
 16  64  10  1024  0.1531E-08
 16  64  10  1024  0.1529E-08
 16  64  10  1024  0.1524E-08
 16  64  10  1024  0.1527E-08
 16  64  10  1024  0.1522E-08
 16  64  10  1024  0.1526E-08
 16  64  10  1024  0.1528E-08
 16  64  11  1024  0.1557E-08
 16  64  11  1024  0.1535E-08
 16  64  11  1024  0.1542E-08
 16  64  11  1024  0.1532E-08
 16  64  11  1024  0.1532E-08
 16  64  11  1024  0.1537E-08
 16  64  11  1024  0.1541E-08
 16  64  11  1024  0.1531E-08
 16  64  11  1024  0.1531E-08
 16  64  11  1024  0.1530E-08
 16  64  12  1024  0.1422E-08
 16  64  12  1024  0.1395E-08
 16  64  12  1024  0.1403E-08
 16  64  12  1024  0.1397E-08
 16  64  12  1024  0.1402E-08
 16  64  12  1024  0.1395E-08
 16  64  12  1024  0.1394E-08
 16  64  12  1024  0.1397E-08
 16  64  12  1024  0.1396E-08
 16  64  12  1024  0.1400E-08
 16  64  13  1024  0.1510E-08
 16  64  13  1024  0.1500E-08
 16  64  13  1024  0.1499E-08
 16  64  13  1024  0.1503E-08
 16  64  13  1024  0.1495E-08
 16  64  13  1024  0.1493E-08
 16  64  13  1024  0.1495E-08
 16  64  13  1024  0.1495E-08
 16  64  13  1024  0.1496E-08
 16  64  13  1024  0.1496E-08
 16  64  14  1024  0.1426E-08
 16  64  14  1024  0.1406E-08
 16  64  14  1024  0.1395E-08
 16  64  14  1024  0.1394E-08
 16  64  14  1024  0.1395E-08
 16  64  14  1024  0.1400E-08
 16  64  14  1024  0.1393E-08
 16  64  14  1024  0.1528E-08
 16  64  14  1024  0.1407E-08
 16  64  14  1024  0.1394E-08
 16  64  15  1024  0.1490E-08
 16  64  15  1024  0.1459E-08
 16  64  15  1024  0.1461E-08
 16  64  15  1024  0.1459E-08
 16  64  15  1024  0.1460E-08
 16  64  15  1024  0.1462E-08
 16  64  15  1024  0.1458E-08
 16  64  15  1024  0.1457E-08
 16  64  15  1024  0.1461E-08
 16  64  15  1024  0.1458E-08
 16  64  16  1024  0.1497E-08
 16  64  16  1024  0.1478E-08
 16  64  16  1024  0.1481E-08
 16  64  16  1024  0.1479E-08
 16  64  16  1024  0.1476E-08
 16  64  16  1024  0.1479E-08
 16  64  16  1024  0.1479E-08
 16  64  16  1024  0.1478E-08
 16  64  16  1024  0.1481E-08
 16  64  16  1024  0.1477E-08
 16  64  17  1024  0.1815E-08
 16  64  17  1024  0.1862E-08
 16  64  17  1024  0.1797E-08
 16  64  17  1024  0.1797E-08
 16  64  17  1024  0.1799E-08
 16  64  17  1024  0.1798E-08
 16  64  17  1024  0.1796E-08
 16  64  17  1024  0.1799E-08
 16  64  17  1024  0.1797E-08
 16  64  17  1024  0.1797E-08
 16  64  18  1024  0.1756E-08
 16  64  18  1024  0.1739E-08
 16  64  18  1024  0.1739E-08
 16  64  18  1024  0.1740E-08
 16  64  18  1024  0.1737E-08
 16  64  18  1024  0.1739E-08
 16  64  18  1024  0.1739E-08
 16  64  18  1024  0.1739E-08
 16  64  18  1024  0.1794E-08
 16  64  18  1024  0.1740E-08
 16  64  19  1024  0.1852E-08
 16  64  19  1024  0.1839E-08
 16  64  19  1024  0.1842E-08
 16  64  19  1024  0.1839E-08
 16  64  19  1024  0.1840E-08
 16  64  19  1024  0.1842E-08
 16  64  19  1024  0.1882E-08
 16  64  19  1024  0.1842E-08
 16  64  19  1024  0.1839E-08
 16  64  19  1024  0.1839E-08
 16  64  20  1024  0.1797E-08
 16  64  20  1024  0.1810E-08
 16  64  20  1024  0.1806E-08
 16  64  20  1024  0.1785E-08
 16  64  20  1024  0.1784E-08
 16  64  20  1024  0.1784E-08
 16  64  20  1024  0.1784E-08
 16  64  20  1024  0.1784E-08
 16  64  20  1024  0.1785E-08
 16  64  20  1024  0.1784E-08
