 16  8  3  128  0.5830E-07
 16  8  3  128  0.5804E-07
 16  8  3  128  0.5615E-07
 16  8  3  128  0.5632E-07
 16  8  3  128  0.5621E-07
 16  8  3  128  0.5775E-07
 16  8  3  128  0.5632E-07
 16  8  3  128  0.5694E-07
 16  8  3  128  0.5496E-07
 16  8  3  128  0.5662E-07
 16  8  4  128  0.3325E-07
 16  8  4  128  0.3303E-07
 16  8  4  128  0.3278E-07
 16  8  4  128  0.3283E-07
 16  8  4  128  0.3279E-07
 16  8  4  128  0.3279E-07
 16  8  4  128  0.3300E-07
 16  8  4  128  0.3292E-07
 16  8  4  128  0.3309E-07
 16  8  4  128  0.3296E-07
 16  8  5  128  0.2065E-07
 16  8  5  128  0.2046E-07
 16  8  5  128  0.2078E-07
 16  8  5  128  0.2033E-07
 16  8  5  128  0.2051E-07
 16  8  5  128  0.2064E-07
 16  8  5  128  0.2029E-07
 16  8  5  128  0.2035E-07
 16  8  5  128  0.2062E-07
 16  8  5  128  0.2026E-07
 16  8  6  128  0.1707E-07
 16  8  6  128  0.1687E-07
 16  8  6  128  0.1683E-07
 16  8  6  128  0.1691E-07
 16  8  6  128  0.1695E-07
 16  8  6  128  0.1682E-07
 16  8  6  128  0.1685E-07
 16  8  6  128  0.1683E-07
 16  8  6  128  0.1686E-07
 16  8  6  128  0.1697E-07
 16  8  7  128  0.1628E-07
 16  8  7  128  0.1616E-07
 16  8  7  128  0.1622E-07
 16  8  7  128  0.1613E-07
 16  8  7  128  0.1619E-07
 16  8  7  128  0.1616E-07
 16  8  7  128  0.1623E-07
 16  8  7  128  0.1620E-07
 16  8  7  128  0.1620E-07
 16  8  7  128  0.1625E-07
 16  8  8  128  0.1481E-07
 16  8  8  128  0.1468E-07
 16  8  8  128  0.1467E-07
 16  8  8  128  0.1469E-07
 16  8  8  128  0.1469E-07
 16  8  8  128  0.1470E-07
 16  8  8  128  0.1471E-07
 16  8  8  128  0.1470E-07
 16  8  8  128  0.1470E-07
 16  8  8  128  0.1469E-07
 16  8  9  128  0.1400E-07
 16  8  9  128  0.1396E-07
 16  8  9  128  0.1397E-07
 16  8  9  128  0.1396E-07
 16  8  9  128  0.1396E-07
 16  8  9  128  0.1397E-07
 16  8  9  128  0.1396E-07
 16  8  9  128  0.1397E-07
 16  8  9  128  0.1396E-07
 16  8  9  128  0.1403E-07
 16  8  10  128  0.1380E-07
 16  8  10  128  0.1379E-07
 16  8  10  128  0.1379E-07
 16  8  10  128  0.1378E-07
 16  8  10  128  0.1378E-07
 16  8  10  128  0.1376E-07
 16  8  10  128  0.1377E-07
 16  8  10  128  0.1377E-07
 16  8  10  128  0.1378E-07
 16  8  10  128  0.1379E-07
 16  8  11  128  0.1340E-07
 16  8  11  128  0.1339E-07
 16  8  11  128  0.1339E-07
 16  8  11  128  0.1338E-07
 16  8  11  128  0.1338E-07
 16  8  11  128  0.1338E-07
 16  8  11  128  0.1339E-07
 16  8  11  128  0.1338E-07
 16  8  11  128  0.1339E-07
 16  8  11  128  0.1340E-07
 16  8  12  128  0.1190E-07
 16  8  12  128  0.1184E-07
 16  8  12  128  0.1185E-07
 16  8  12  128  0.1189E-07
 16  8  12  128  0.1185E-07
 16  8  12  128  0.1185E-07
 16  8  12  128  0.1185E-07
 16  8  12  128  0.1186E-07
 16  8  12  128  0.1190E-07
 16  8  12  128  0.1192E-07
 16  8  13  128  0.1198E-07
 16  8  13  128  0.1197E-07
 16  8  13  128  0.1196E-07
 16  8  13  128  0.1195E-07
 16  8  13  128  0.1196E-07
 16  8  13  128  0.1195E-07
 16  8  13  128  0.1195E-07
 16  8  13  128  0.1195E-07
 16  8  13  128  0.1197E-07
 16  8  13  128  0.1196E-07
 16  8  14  128  0.1145E-07
 16  8  14  128  0.1145E-07
 16  8  14  128  0.1145E-07
 16  8  14  128  0.1145E-07
 16  8  14  128  0.1145E-07
 16  8  14  128  0.1145E-07
 16  8  14  128  0.1145E-07
 16  8  14  128  0.1145E-07
 16  8  14  128  0.1145E-07
 16  8  14  128  0.1145E-07
 16  8  15  128  0.1168E-07
 16  8  15  128  0.1171E-07
 16  8  15  128  0.1172E-07
 16  8  15  128  0.1172E-07
 16  8  15  128  0.1172E-07
 16  8  15  128  0.1170E-07
 16  8  15  128  0.1170E-07
 16  8  15  128  0.1170E-07
 16  8  15  128  0.1170E-07
 16  8  15  128  0.1170E-07
 16  8  16  128  0.1072E-07
 16  8  16  128  0.1071E-07
 16  8  16  128  0.1069E-07
 16  8  16  128  0.1069E-07
 16  8  16  128  0.1069E-07
 16  8  16  128  0.1069E-07
 16  8  16  128  0.1069E-07
 16  8  16  128  0.1069E-07
 16  8  16  128  0.1069E-07
 16  8  16  128  0.1069E-07
 16  8  17  128  0.1317E-07
 16  8  17  128  0.1315E-07
 16  8  17  128  0.1317E-07
 16  8  17  128  0.1315E-07
 16  8  17  128  0.1316E-07
 16  8  17  128  0.1317E-07
 16  8  17  128  0.1316E-07
 16  8  17  128  0.1316E-07
 16  8  17  128  0.1316E-07
 16  8  17  128  0.1316E-07
 16  8  18  128  0.1244E-07
 16  8  18  128  0.1244E-07
 16  8  18  128  0.1244E-07
 16  8  18  128  0.1244E-07
 16  8  18  128  0.1245E-07
 16  8  18  128  0.1245E-07
 16  8  18  128  0.1245E-07
 16  8  18  128  0.1244E-07
 16  8  18  128  0.1244E-07
 16  8  18  128  0.1244E-07
 16  8  19  128  0.1280E-07
 16  8  19  128  0.1281E-07
 16  8  19  128  0.1281E-07
 16  8  19  128  0.1282E-07
 16  8  19  128  0.1281E-07
 16  8  19  128  0.1282E-07
 16  8  19  128  0.1281E-07
 16  8  19  128  0.1282E-07
 16  8  19  128  0.1281E-07
 16  8  19  128  0.1281E-07
 16  8  20  128  0.1281E-07
 16  8  20  128  0.1281E-07
 16  8  20  128  0.1281E-07
 16  8  20  128  0.1281E-07
 16  8  20  128  0.1281E-07
 16  8  20  128  0.1282E-07
 16  8  20  128  0.1280E-07
 16  8  20  128  0.1281E-07
 16  8  20  128  0.1281E-07
 16  8  20  128  0.1285E-07
