 16  32  3  512  0.1349E-07
 16  32  3  512  0.1311E-07
 16  32  3  512  0.1301E-07
 16  32  3  512  0.1303E-07
 16  32  3  512  0.1300E-07
 16  32  3  512  0.1310E-07
 16  32  3  512  0.1314E-07
 16  32  3  512  0.1316E-07
 16  32  3  512  0.1314E-07
 16  32  3  512  0.1307E-07
 16  32  4  512  0.6406E-08
 16  32  4  512  0.6185E-08
 16  32  4  512  0.6159E-08
 16  32  4  512  0.6126E-08
 16  32  4  512  0.6124E-08
 16  32  4  512  0.6146E-08
 16  32  4  512  0.6153E-08
 16  32  4  512  0.6157E-08
 16  32  4  512  0.6176E-08
 16  32  4  512  0.6169E-08
 16  32  5  512  0.4767E-08
 16  32  5  512  0.4647E-08
 16  32  5  512  0.4633E-08
 16  32  5  512  0.4616E-08
 16  32  5  512  0.4713E-08
 16  32  5  512  0.4628E-08
 16  32  5  512  0.4626E-08
 16  32  5  512  0.4677E-08
 16  32  5  512  0.4774E-08
 16  32  5  512  0.4680E-08
 16  32  6  512  0.4293E-08
 16  32  6  512  0.4228E-08
 16  32  6  512  0.4208E-08
 16  32  6  512  0.4195E-08
 16  32  6  512  0.4198E-08
 16  32  6  512  0.4196E-08
 16  32  6  512  0.4194E-08
 16  32  6  512  0.4216E-08
 16  32  6  512  0.4245E-08
 16  32  6  512  0.4215E-08
 16  32  7  512  0.4359E-08
 16  32  7  512  0.4333E-08
 16  32  7  512  0.4333E-08
 16  32  7  512  0.4337E-08
 16  32  7  512  0.4339E-08
 16  32  7  512  0.4330E-08
 16  32  7  512  0.4335E-08
 16  32  7  512  0.4338E-08
 16  32  7  512  0.4344E-08
 16  32  7  512  0.4326E-08
 16  32  8  512  0.3941E-08
 16  32  8  512  0.3911E-08
 16  32  8  512  0.3911E-08
 16  32  8  512  0.3908E-08
 16  32  8  512  0.3904E-08
 16  32  8  512  0.3910E-08
 16  32  8  512  0.3907E-08
 16  32  8  512  0.3902E-08
 16  32  8  512  0.3904E-08
 16  32  8  512  0.3909E-08
 16  32  9  512  0.4189E-08
 16  32  9  512  0.4183E-08
 16  32  9  512  0.4180E-08
 16  32  9  512  0.4193E-08
 16  32  9  512  0.4183E-08
 16  32  9  512  0.4208E-08
 16  32  9  512  0.4183E-08
 16  32  9  512  0.4180E-08
 16  32  9  512  0.4183E-08
 16  32  9  512  0.4187E-08
 16  32  10  512  0.3649E-08
 16  32  10  512  0.3646E-08
 16  32  10  512  0.3648E-08
 16  32  10  512  0.3650E-08
 16  32  10  512  0.3646E-08
 16  32  10  512  0.3646E-08
 16  32  10  512  0.3643E-08
 16  32  10  512  0.3643E-08
 16  32  10  512  0.3645E-08
 16  32  10  512  0.3643E-08
 16  32  11  512  0.3579E-08
 16  32  11  512  0.3567E-08
 16  32  11  512  0.3572E-08
 16  32  11  512  0.3569E-08
 16  32  11  512  0.3575E-08
 16  32  11  512  0.3569E-08
 16  32  11  512  0.3567E-08
 16  32  11  512  0.3566E-08
 16  32  11  512  0.3569E-08
 16  32  11  512  0.3572E-08
 16  32  12  512  0.3201E-08
 16  32  12  512  0.3196E-08
 16  32  12  512  0.3200E-08
 16  32  12  512  0.3201E-08
 16  32  12  512  0.3201E-08
 16  32  12  512  0.3208E-08
 16  32  12  512  0.3202E-08
 16  32  12  512  0.3200E-08
 16  32  12  512  0.3202E-08
 16  32  12  512  0.3201E-08
 16  32  13  512  0.3258E-08
 16  32  13  512  0.3255E-08
 16  32  13  512  0.3260E-08
 16  32  13  512  0.3274E-08
 16  32  13  512  0.3274E-08
 16  32  13  512  0.3268E-08
 16  32  13  512  0.3254E-08
 16  32  13  512  0.3252E-08
 16  32  13  512  0.3256E-08
 16  32  13  512  0.3255E-08
 16  32  14  512  0.3077E-08
 16  32  14  512  0.3074E-08
 16  32  14  512  0.3074E-08
 16  32  14  512  0.3076E-08
 16  32  14  512  0.3072E-08
 16  32  14  512  0.3071E-08
 16  32  14  512  0.3073E-08
 16  32  14  512  0.3074E-08
 16  32  14  512  0.3071E-08
 16  32  14  512  0.3073E-08
 16  32  15  512  0.3173E-08
 16  32  15  512  0.3173E-08
 16  32  15  512  0.3170E-08
 16  32  15  512  0.3171E-08
 16  32  15  512  0.3172E-08
 16  32  15  512  0.3171E-08
 16  32  15  512  0.3197E-08
 16  32  15  512  0.3173E-08
 16  32  15  512  0.3171E-08
 16  32  15  512  0.3173E-08
 16  32  16  512  0.3045E-08
 16  32  16  512  0.3042E-08
 16  32  16  512  0.3041E-08
 16  32  16  512  0.3041E-08
 16  32  16  512  0.3043E-08
 16  32  16  512  0.3038E-08
 16  32  16  512  0.3043E-08
 16  32  16  512  0.3038E-08
 16  32  16  512  0.3046E-08
 16  32  16  512  0.3040E-08
 16  32  17  512  0.3555E-08
 16  32  17  512  0.3556E-08
 16  32  17  512  0.3554E-08
 16  32  17  512  0.3556E-08
 16  32  17  512  0.3557E-08
 16  32  17  512  0.3556E-08
 16  32  17  512  0.3554E-08
 16  32  17  512  0.3556E-08
 16  32  17  512  0.3555E-08
 16  32  17  512  0.3552E-08
 16  32  18  512  0.3394E-08
 16  32  18  512  0.3391E-08
 16  32  18  512  0.3393E-08
 16  32  18  512  0.3396E-08
 16  32  18  512  0.3393E-08
 16  32  18  512  0.3392E-08
 16  32  18  512  0.3394E-08
 16  32  18  512  0.3392E-08
 16  32  18  512  0.3390E-08
 16  32  18  512  0.3389E-08
 16  32  19  512  0.3483E-08
 16  32  19  512  0.3482E-08
 16  32  19  512  0.3486E-08
 16  32  19  512  0.3489E-08
 16  32  19  512  0.3482E-08
 16  32  19  512  0.3483E-08
 16  32  19  512  0.3483E-08
 16  32  19  512  0.3484E-08
 16  32  19  512  0.3486E-08
 16  32  19  512  0.3510E-08
 16  32  20  512  0.3467E-08
 16  32  20  512  0.3464E-08
 16  32  20  512  0.3463E-08
 16  32  20  512  0.3463E-08
 16  32  20  512  0.3461E-08
 16  32  20  512  0.3461E-08
 16  32  20  512  0.3467E-08
 16  32  20  512  0.3459E-08
 16  32  20  512  0.3464E-08
 16  32  20  512  0.3464E-08
