 16  16  3  256  0.2359E-07
 16  16  3  256  0.2330E-07
 16  16  3  256  0.2330E-07
 16  16  3  256  0.2381E-07
 16  16  3  256  0.2358E-07
 16  16  3  256  0.2330E-07
 16  16  3  256  0.2334E-07
 16  16  3  256  0.2333E-07
 16  16  3  256  0.2330E-07
 16  16  3  256  0.2330E-07
 16  16  4  256  0.1178E-07
 16  16  4  256  0.1159E-07
 16  16  4  256  0.1165E-07
 16  16  4  256  0.1223E-07
 16  16  4  256  0.1202E-07
 16  16  4  256  0.1173E-07
 16  16  4  256  0.1179E-07
 16  16  4  256  0.1157E-07
 16  16  4  256  0.1183E-07
 16  16  4  256  0.1159E-07
 16  16  5  256  0.9003E-08
 16  16  5  256  0.8739E-08
 16  16  5  256  0.8734E-08
 16  16  5  256  0.8757E-08
 16  16  5  256  0.8738E-08
 16  16  5  256  0.8726E-08
 16  16  5  256  0.8736E-08
 16  16  5  256  0.8698E-08
 16  16  5  256  0.8709E-08
 16  16  5  256  0.8716E-08
 16  16  6  256  0.7946E-08
 16  16  6  256  0.7843E-08
 16  16  6  256  0.7816E-08
 16  16  6  256  0.7824E-08
 16  16  6  256  0.7857E-08
 16  16  6  256  0.7875E-08
 16  16  6  256  0.7855E-08
 16  16  6  256  0.7846E-08
 16  16  6  256  0.7835E-08
 16  16  6  256  0.7836E-08
 16  16  7  256  0.8043E-08
 16  16  7  256  0.8047E-08
 16  16  7  256  0.8030E-08
 16  16  7  256  0.7983E-08
 16  16  7  256  0.7982E-08
 16  16  7  256  0.8034E-08
 16  16  7  256  0.7978E-08
 16  16  7  256  0.7981E-08
 16  16  7  256  0.8007E-08
 16  16  7  256  0.8023E-08
 16  16  8  256  0.7349E-08
 16  16  8  256  0.7311E-08
 16  16  8  256  0.7324E-08
 16  16  8  256  0.7310E-08
 16  16  8  256  0.7310E-08
 16  16  8  256  0.7309E-08
 16  16  8  256  0.7300E-08
 16  16  8  256  0.7308E-08
 16  16  8  256  0.7307E-08
 16  16  8  256  0.7312E-08
 16  16  9  256  0.7012E-08
 16  16  9  256  0.6979E-08
 16  16  9  256  0.6989E-08
 16  16  9  256  0.6986E-08
 16  16  9  256  0.6973E-08
 16  16  9  256  0.6977E-08
 16  16  9  256  0.6974E-08
 16  16  9  256  0.6971E-08
 16  16  9  256  0.6976E-08
 16  16  9  256  0.6974E-08
 16  16  10  256  0.6916E-08
 16  16  10  256  0.6896E-08
 16  16  10  256  0.6897E-08
 16  16  10  256  0.6919E-08
 16  16  10  256  0.6914E-08
 16  16  10  256  0.6918E-08
 16  16  10  256  0.6913E-08
 16  16  10  256  0.6920E-08
 16  16  10  256  0.6912E-08
 16  16  10  256  0.6905E-08
 16  16  11  256  0.6769E-08
 16  16  11  256  0.6772E-08
 16  16  11  256  0.6766E-08
 16  16  11  256  0.6758E-08
 16  16  11  256  0.6756E-08
 16  16  11  256  0.6764E-08
 16  16  11  256  0.6781E-08
 16  16  11  256  0.6788E-08
 16  16  11  256  0.6776E-08
 16  16  11  256  0.6776E-08
 16  16  12  256  0.6049E-08
 16  16  12  256  0.6046E-08
 16  16  12  256  0.6043E-08
 16  16  12  256  0.6042E-08
 16  16  12  256  0.6038E-08
 16  16  12  256  0.6046E-08
 16  16  12  256  0.6049E-08
 16  16  12  256  0.6048E-08
 16  16  12  256  0.6092E-08
 16  16  12  256  0.6060E-08
 16  16  13  256  0.6094E-08
 16  16  13  256  0.6103E-08
 16  16  13  256  0.6097E-08
 16  16  13  256  0.6088E-08
 16  16  13  256  0.6089E-08
 16  16  13  256  0.6096E-08
 16  16  13  256  0.6088E-08
 16  16  13  256  0.6090E-08
 16  16  13  256  0.6094E-08
 16  16  13  256  0.6091E-08
 16  16  14  256  0.5807E-08
 16  16  14  256  0.5812E-08
 16  16  14  256  0.5804E-08
 16  16  14  256  0.5805E-08
 16  16  14  256  0.5812E-08
 16  16  14  256  0.5810E-08
 16  16  14  256  0.5807E-08
 16  16  14  256  0.5809E-08
 16  16  14  256  0.5805E-08
 16  16  14  256  0.5801E-08
 16  16  15  256  0.6020E-08
 16  16  15  256  0.6023E-08
 16  16  15  256  0.6019E-08
 16  16  15  256  0.6027E-08
 16  16  15  256  0.6019E-08
 16  16  15  256  0.6020E-08
 16  16  15  256  0.6024E-08
 16  16  15  256  0.6017E-08
 16  16  15  256  0.6022E-08
 16  16  15  256  0.6021E-08
 16  16  16  256  0.5531E-08
 16  16  16  256  0.5532E-08
 16  16  16  256  0.5527E-08
 16  16  16  256  0.5523E-08
 16  16  16  256  0.5536E-08
 16  16  16  256  0.5530E-08
 16  16  16  256  0.5531E-08
 16  16  16  256  0.5526E-08
 16  16  16  256  0.5529E-08
 16  16  16  256  0.5525E-08
 16  16  17  256  0.6739E-08
 16  16  17  256  0.6738E-08
 16  16  17  256  0.6739E-08
 16  16  17  256  0.6729E-08
 16  16  17  256  0.6734E-08
 16  16  17  256  0.6742E-08
 16  16  17  256  0.6739E-08
 16  16  17  256  0.6739E-08
 16  16  17  256  0.6734E-08
 16  16  17  256  0.6734E-08
 16  16  18  256  0.6463E-08
 16  16  18  256  0.6442E-08
 16  16  18  256  0.6448E-08
 16  16  18  256  0.6449E-08
 16  16  18  256  0.6446E-08
 16  16  18  256  0.6455E-08
 16  16  18  256  0.6450E-08
 16  16  18  256  0.6464E-08
 16  16  18  256  0.6457E-08
 16  16  18  256  0.6457E-08
 16  16  19  256  0.6556E-08
 16  16  19  256  0.6551E-08
 16  16  19  256  0.6554E-08
 16  16  19  256  0.6550E-08
 16  16  19  256  0.6579E-08
 16  16  19  256  0.6591E-08
 16  16  19  256  0.6555E-08
 16  16  19  256  0.6556E-08
 16  16  19  256  0.6553E-08
 16  16  19  256  0.6553E-08
 16  16  20  256  0.6605E-08
 16  16  20  256  0.6604E-08
 16  16  20  256  0.6605E-08
 16  16  20  256  0.6606E-08
 16  16  20  256  0.6603E-08
 16  16  20  256  0.6606E-08
 16  16  20  256  0.6607E-08
 16  16  20  256  0.6607E-08
 16  16  20  256  0.6602E-08
 16  16  20  256  0.6600E-08
