 16  1  3  16  0.1893E-06
 16  1  3  16  0.1896E-06
 16  1  3  16  0.1883E-06
 16  1  3  16  0.1894E-06
 16  1  3  16  0.1894E-06
 16  1  3  16  0.1879E-06
 16  1  3  16  0.1878E-06
 16  1  3  16  0.1878E-06
 16  1  3  16  0.1891E-06
 16  1  3  16  0.1902E-06
 16  1  4  16  0.1244E-06
 16  1  4  16  0.1244E-06
 16  1  4  16  0.1236E-06
 16  1  4  16  0.1229E-06
 16  1  4  16  0.1254E-06
 16  1  4  16  0.1242E-06
 16  1  4  16  0.1250E-06
 16  1  4  16  0.1244E-06
 16  1  4  16  0.1259E-06
 16  1  4  16  0.1236E-06
 16  1  5  16  0.1029E-06
 16  1  5  16  0.1023E-06
 16  1  5  16  0.1023E-06
 16  1  5  16  0.1023E-06
 16  1  5  16  0.1028E-06
 16  1  5  16  0.1025E-06
 16  1  5  16  0.1023E-06
 16  1  5  16  0.1026E-06
 16  1  5  16  0.1041E-06
 16  1  5  16  0.1028E-06
 16  1  6  16  0.8936E-07
 16  1  6  16  0.8882E-07
 16  1  6  16  0.8888E-07
 16  1  6  16  0.8902E-07
 16  1  6  16  0.8907E-07
 16  1  6  16  0.8913E-07
 16  1  6  16  0.8894E-07
 16  1  6  16  0.8883E-07
 16  1  6  16  0.8897E-07
 16  1  6  16  0.8898E-07
 16  1  7  16  0.8427E-07
 16  1  7  16  0.8389E-07
 16  1  7  16  0.8393E-07
 16  1  7  16  0.8386E-07
 16  1  7  16  0.8387E-07
 16  1  7  16  0.8409E-07
 16  1  7  16  0.8392E-07
 16  1  7  16  0.8398E-07
 16  1  7  16  0.8389E-07
 16  1  7  16  0.8391E-07
 16  1  8  16  0.8456E-07
 16  1  8  16  0.8427E-07
 16  1  8  16  0.8420E-07
 16  1  8  16  0.8423E-07
 16  1  8  16  0.8421E-07
 16  1  8  16  0.8425E-07
 16  1  8  16  0.8431E-07
 16  1  8  16  0.8427E-07
 16  1  8  16  0.8426E-07
 16  1  8  16  0.8439E-07
 16  1  9  16  0.8648E-07
 16  1  9  16  0.8638E-07
 16  1  9  16  0.8667E-07
 16  1  9  16  0.8667E-07
 16  1  9  16  0.8661E-07
 16  1  9  16  0.8664E-07
 16  1  9  16  0.8663E-07
 16  1  9  16  0.8660E-07
 16  1  9  16  0.8667E-07
 16  1  9  16  0.8664E-07
 16  1  10  16  0.9061E-07
 16  1  10  16  0.9024E-07
 16  1  10  16  0.9027E-07
 16  1  10  16  0.9029E-07
 16  1  10  16  0.9023E-07
 16  1  10  16  0.9017E-07
 16  1  10  16  0.9016E-07
 16  1  10  16  0.9017E-07
 16  1  10  16  0.9018E-07
 16  1  10  16  0.9018E-07
 16  1  11  16  0.9068E-07
 16  1  11  16  0.9050E-07
 16  1  11  16  0.9039E-07
 16  1  11  16  0.9021E-07
 16  1  11  16  0.9081E-07
 16  1  11  16  0.9111E-07
 16  1  11  16  0.9109E-07
 16  1  11  16  0.9111E-07
 16  1  11  16  0.9113E-07
 16  1  11  16  0.9117E-07
 16  1  12  16  0.8230E-07
 16  1  12  16  0.8132E-07
 16  1  12  16  0.8125E-07
 16  1  12  16  0.8119E-07
 16  1  12  16  0.8147E-07
 16  1  12  16  0.8127E-07
 16  1  12  16  0.8128E-07
 16  1  12  16  0.8128E-07
 16  1  12  16  0.8130E-07
 16  1  12  16  0.8125E-07
 16  1  13  16  0.8403E-07
 16  1  13  16  0.8374E-07
 16  1  13  16  0.8376E-07
 16  1  13  16  0.8383E-07
 16  1  13  16  0.8380E-07
 16  1  13  16  0.8372E-07
 16  1  13  16  0.8371E-07
 16  1  13  16  0.8373E-07
 16  1  13  16  0.8372E-07
 16  1  13  16  0.8374E-07
 16  1  14  16  0.8038E-07
 16  1  14  16  0.8005E-07
 16  1  14  16  0.8022E-07
 16  1  14  16  0.8049E-07
 16  1  14  16  0.8046E-07
 16  1  14  16  0.8028E-07
 16  1  14  16  0.8084E-07
 16  1  14  16  0.8110E-07
 16  1  14  16  0.8112E-07
 16  1  14  16  0.8098E-07
 16  1  15  16  0.8368E-07
 16  1  15  16  0.8336E-07
 16  1  15  16  0.8336E-07
 16  1  15  16  0.8342E-07
 16  1  15  16  0.8334E-07
 16  1  15  16  0.8345E-07
 16  1  15  16  0.8336E-07
 16  1  15  16  0.8330E-07
 16  1  15  16  0.8339E-07
 16  1  15  16  0.8334E-07
 16  1  16  16  0.7725E-07
 16  1  16  16  0.7707E-07
 16  1  16  16  0.7694E-07
 16  1  16  16  0.7692E-07
 16  1  16  16  0.7694E-07
 16  1  16  16  0.7693E-07
 16  1  16  16  0.7695E-07
 16  1  16  16  0.7693E-07
 16  1  16  16  0.7693E-07
 16  1  16  16  0.7695E-07
 16  1  17  16  0.9565E-07
 16  1  17  16  0.9541E-07
 16  1  17  16  0.9539E-07
 16  1  17  16  0.9542E-07
 16  1  17  16  0.9540E-07
 16  1  17  16  0.9542E-07
 16  1  17  16  0.9543E-07
 16  1  17  16  0.9538E-07
 16  1  17  16  0.9541E-07
 16  1  17  16  0.9542E-07
 16  1  18  16  0.9163E-07
 16  1  18  16  0.9124E-07
 16  1  18  16  0.9125E-07
 16  1  18  16  0.9133E-07
 16  1  18  16  0.9143E-07
 16  1  18  16  0.9133E-07
 16  1  18  16  0.9132E-07
 16  1  18  16  0.9132E-07
 16  1  18  16  0.9137E-07
 16  1  18  16  0.9135E-07
 16  1  19  16  0.9511E-07
 16  1  19  16  0.9494E-07
 16  1  19  16  0.9491E-07
 16  1  19  16  0.9488E-07
 16  1  19  16  0.9483E-07
 16  1  19  16  0.9479E-07
 16  1  19  16  0.9480E-07
 16  1  19  16  0.9480E-07
 16  1  19  16  0.9483E-07
 16  1  19  16  0.9481E-07
 16  1  20  16  0.9533E-07
 16  1  20  16  0.9516E-07
 16  1  20  16  0.9515E-07
 16  1  20  16  0.9515E-07
 16  1  20  16  0.9511E-07
 16  1  20  16  0.9509E-07
 16  1  20  16  0.9509E-07
 16  1  20  16  0.9509E-07
 16  1  20  16  0.9511E-07
 16  1  20  16  0.9508E-07
