 16  1  3  16  0.7727E-07
 16  1  3  16  0.7619E-07
 16  1  3  16  0.7637E-07
 16  1  3  16  0.7642E-07
 16  1  3  16  0.7679E-07
 16  1  3  16  0.7603E-07
 16  1  3  16  0.7545E-07
 16  1  3  16  0.7544E-07
 16  1  3  16  0.7549E-07
 16  1  3  16  0.7613E-07
 16  1  4  16  0.6237E-07
 16  1  4  16  0.6158E-07
 16  1  4  16  0.6185E-07
 16  1  4  16  0.6163E-07
 16  1  4  16  0.6167E-07
 16  1  4  16  0.6309E-07
 16  1  4  16  0.6160E-07
 16  1  4  16  0.6187E-07
 16  1  4  16  0.6142E-07
 16  1  4  16  0.6129E-07
 16  1  5  16  0.5752E-07
 16  1  5  16  0.5732E-07
 16  1  5  16  0.5746E-07
 16  1  5  16  0.5711E-07
 16  1  5  16  0.5715E-07
 16  1  5  16  0.5733E-07
 16  1  5  16  0.5704E-07
 16  1  5  16  0.5693E-07
 16  1  5  16  0.5709E-07
 16  1  5  16  0.5699E-07
 16  1  6  16  0.4642E-07
 16  1  6  16  0.4649E-07
 16  1  6  16  0.4627E-07
 16  1  6  16  0.4627E-07
 16  1  6  16  0.4633E-07
 16  1  6  16  0.4640E-07
 16  1  6  16  0.4653E-07
 16  1  6  16  0.4663E-07
 16  1  6  16  0.4650E-07
 16  1  6  16  0.4627E-07
 16  1  7  16  0.4955E-07
 16  1  7  16  0.4892E-07
 16  1  7  16  0.4910E-07
 16  1  7  16  0.4894E-07
 16  1  7  16  0.4873E-07
 16  1  7  16  0.4911E-07
 16  1  7  16  0.4881E-07
 16  1  7  16  0.4893E-07
 16  1  7  16  0.4887E-07
 16  1  7  16  0.4881E-07
 16  1  8  16  0.5029E-07
 16  1  8  16  0.5008E-07
 16  1  8  16  0.5006E-07
 16  1  8  16  0.5009E-07
 16  1  8  16  0.5002E-07
 16  1  8  16  0.5012E-07
 16  1  8  16  0.5001E-07
 16  1  8  16  0.5003E-07
 16  1  8  16  0.4999E-07
 16  1  8  16  0.5001E-07
 16  1  9  16  0.6380E-07
 16  1  9  16  0.6344E-07
 16  1  9  16  0.6349E-07
 16  1  9  16  0.6518E-07
 16  1  9  16  0.6583E-07
 16  1  9  16  0.6581E-07
 16  1  9  16  0.6575E-07
 16  1  9  16  0.6578E-07
 16  1  9  16  0.6587E-07
 16  1  9  16  0.6585E-07
 16  1  10  16  0.7124E-07
 16  1  10  16  0.7137E-07
 16  1  10  16  0.7127E-07
 16  1  10  16  0.7129E-07
 16  1  10  16  0.7125E-07
 16  1  10  16  0.7129E-07
 16  1  10  16  0.7125E-07
 16  1  10  16  0.7128E-07
 16  1  10  16  0.7127E-07
 16  1  10  16  0.7141E-07
 16  1  11  16  0.7246E-07
 16  1  11  16  0.7265E-07
 16  1  11  16  0.7262E-07
 16  1  11  16  0.7263E-07
 16  1  11  16  0.7261E-07
 16  1  11  16  0.7262E-07
 16  1  11  16  0.7264E-07
 16  1  11  16  0.7262E-07
 16  1  11  16  0.7267E-07
 16  1  11  16  0.7263E-07
 16  1  12  16  0.6383E-07
 16  1  12  16  0.6377E-07
 16  1  12  16  0.6379E-07
 16  1  12  16  0.6380E-07
 16  1  12  16  0.6374E-07
 16  1  12  16  0.6374E-07
 16  1  12  16  0.6378E-07
 16  1  12  16  0.6378E-07
 16  1  12  16  0.6488E-07
 16  1  12  16  0.6482E-07
 16  1  13  16  0.7079E-07
 16  1  13  16  0.7063E-07
 16  1  13  16  0.7094E-07
 16  1  13  16  0.7107E-07
 16  1  13  16  0.7138E-07
 16  1  13  16  0.7111E-07
 16  1  13  16  0.7145E-07
 16  1  13  16  0.7144E-07
 16  1  13  16  0.7145E-07
 16  1  13  16  0.7143E-07
 16  1  14  16  0.6887E-07
 16  1  14  16  0.6880E-07
 16  1  14  16  0.6907E-07
 16  1  14  16  0.6904E-07
 16  1  14  16  0.6921E-07
 16  1  14  16  0.6926E-07
 16  1  14  16  0.6919E-07
 16  1  14  16  0.6919E-07
 16  1  14  16  0.6934E-07
 16  1  14  16  0.6962E-07
 16  1  15  16  0.7130E-07
 16  1  15  16  0.7117E-07
 16  1  15  16  0.7123E-07
 16  1  15  16  0.7117E-07
 16  1  15  16  0.7117E-07
 16  1  15  16  0.7115E-07
 16  1  15  16  0.7121E-07
 16  1  15  16  0.7115E-07
 16  1  15  16  0.7114E-07
 16  1  15  16  0.7116E-07
 16  1  16  16  0.6463E-07
 16  1  16  16  0.6476E-07
 16  1  16  16  0.6478E-07
 16  1  16  16  0.6494E-07
 16  1  16  16  0.6497E-07
 16  1  16  16  0.6495E-07
 16  1  16  16  0.6493E-07
 16  1  16  16  0.6492E-07
 16  1  16  16  0.6482E-07
 16  1  16  16  0.6475E-07
 16  1  17  16  0.8784E-07
 16  1  17  16  0.8778E-07
 16  1  17  16  0.8778E-07
 16  1  17  16  0.8776E-07
 16  1  17  16  0.8777E-07
 16  1  17  16  0.8776E-07
 16  1  17  16  0.8774E-07
 16  1  17  16  0.8778E-07
 16  1  17  16  0.8781E-07
 16  1  17  16  0.8778E-07
 16  1  18  16  0.8257E-07
 16  1  18  16  0.8252E-07
 16  1  18  16  0.8245E-07
 16  1  18  16  0.8245E-07
 16  1  18  16  0.8244E-07
 16  1  18  16  0.8245E-07
 16  1  18  16  0.8246E-07
 16  1  18  16  0.8255E-07
 16  1  18  16  0.8257E-07
 16  1  18  16  0.8253E-07
 16  1  19  16  0.8864E-07
 16  1  19  16  0.8873E-07
 16  1  19  16  0.8892E-07
 16  1  19  16  0.8885E-07
 16  1  19  16  0.8878E-07
 16  1  19  16  0.8867E-07
 16  1  19  16  0.8862E-07
 16  1  19  16  0.8861E-07
 16  1  19  16  0.8861E-07
 16  1  19  16  0.8863E-07
 16  1  20  16  0.8348E-07
 16  1  20  16  0.8346E-07
 16  1  20  16  0.8347E-07
 16  1  20  16  0.8351E-07
 16  1  20  16  0.8349E-07
 16  1  20  16  0.8347E-07
 16  1  20  16  0.8349E-07
 16  1  20  16  0.8349E-07
 16  1  20  16  0.8349E-07
 16  1  20  16  0.8350E-07
