 16  8  3  128  0.4408E-07
 16  8  3  128  0.4391E-07
 16  8  3  128  0.4434E-07
 16  8  3  128  0.4270E-07
 16  8  3  128  0.4319E-07
 16  8  3  128  0.4350E-07
 16  8  3  128  0.4374E-07
 16  8  3  128  0.4448E-07
 16  8  3  128  0.4233E-07
 16  8  3  128  0.4306E-07
 16  8  4  128  0.2264E-07
 16  8  4  128  0.2259E-07
 16  8  4  128  0.2210E-07
 16  8  4  128  0.2246E-07
 16  8  4  128  0.2242E-07
 16  8  4  128  0.2243E-07
 16  8  4  128  0.2214E-07
 16  8  4  128  0.2227E-07
 16  8  4  128  0.2239E-07
 16  8  4  128  0.2227E-07
 16  8  5  128  0.1574E-07
 16  8  5  128  0.1560E-07
 16  8  5  128  0.1556E-07
 16  8  5  128  0.1554E-07
 16  8  5  128  0.1556E-07
 16  8  5  128  0.1557E-07
 16  8  5  128  0.1563E-07
 16  8  5  128  0.1562E-07
 16  8  5  128  0.1567E-07
 16  8  5  128  0.1563E-07
 16  8  6  128  0.1154E-07
 16  8  6  128  0.1149E-07
 16  8  6  128  0.1142E-07
 16  8  6  128  0.1173E-07
 16  8  6  128  0.1156E-07
 16  8  6  128  0.1149E-07
 16  8  6  128  0.1160E-07
 16  8  6  128  0.1161E-07
 16  8  6  128  0.1152E-07
 16  8  6  128  0.1148E-07
 16  8  7  128  0.1111E-07
 16  8  7  128  0.1106E-07
 16  8  7  128  0.1106E-07
 16  8  7  128  0.1105E-07
 16  8  7  128  0.1109E-07
 16  8  7  128  0.1109E-07
 16  8  7  128  0.1107E-07
 16  8  7  128  0.1106E-07
 16  8  7  128  0.1101E-07
 16  8  7  128  0.1104E-07
 16  8  8  128  0.9820E-08
 16  8  8  128  0.9882E-08
 16  8  8  128  0.9900E-08
 16  8  8  128  0.9835E-08
 16  8  8  128  0.9879E-08
 16  8  8  128  0.9834E-08
 16  8  8  128  0.9842E-08
 16  8  8  128  0.9848E-08
 16  8  8  128  0.9844E-08
 16  8  8  128  0.9834E-08
 16  8  9  128  0.1062E-07
 16  8  9  128  0.1056E-07
 16  8  9  128  0.1058E-07
 16  8  9  128  0.1058E-07
 16  8  9  128  0.1059E-07
 16  8  9  128  0.1059E-07
 16  8  9  128  0.1058E-07
 16  8  9  128  0.1058E-07
 16  8  9  128  0.1058E-07
 16  8  9  128  0.1059E-07
 16  8  10  128  0.1111E-07
 16  8  10  128  0.1109E-07
 16  8  10  128  0.1110E-07
 16  8  10  128  0.1110E-07
 16  8  10  128  0.1109E-07
 16  8  10  128  0.1109E-07
 16  8  10  128  0.1110E-07
 16  8  10  128  0.1108E-07
 16  8  10  128  0.1108E-07
 16  8  10  128  0.1110E-07
 16  8  11  128  0.1081E-07
 16  8  11  128  0.1080E-07
 16  8  11  128  0.1079E-07
 16  8  11  128  0.1079E-07
 16  8  11  128  0.1081E-07
 16  8  11  128  0.1081E-07
 16  8  11  128  0.1082E-07
 16  8  11  128  0.1080E-07
 16  8  11  128  0.1081E-07
 16  8  11  128  0.1081E-07
 16  8  12  128  0.9483E-08
 16  8  12  128  0.9480E-08
 16  8  12  128  0.9478E-08
 16  8  12  128  0.9471E-08
 16  8  12  128  0.9469E-08
 16  8  12  128  0.9488E-08
 16  8  12  128  0.9467E-08
 16  8  12  128  0.9489E-08
 16  8  12  128  0.9471E-08
 16  8  12  128  0.9478E-08
 16  8  13  128  0.1011E-07
 16  8  13  128  0.1009E-07
 16  8  13  128  0.1010E-07
 16  8  13  128  0.1009E-07
 16  8  13  128  0.1009E-07
 16  8  13  128  0.1008E-07
 16  8  13  128  0.1010E-07
 16  8  13  128  0.1010E-07
 16  8  13  128  0.1011E-07
 16  8  13  128  0.1010E-07
 16  8  14  128  0.9686E-08
 16  8  14  128  0.9659E-08
 16  8  14  128  0.9651E-08
 16  8  14  128  0.9653E-08
 16  8  14  128  0.9674E-08
 16  8  14  128  0.9673E-08
 16  8  14  128  0.9665E-08
 16  8  14  128  0.9676E-08
 16  8  14  128  0.9674E-08
 16  8  14  128  0.9692E-08
 16  8  15  128  0.9930E-08
 16  8  15  128  0.9922E-08
 16  8  15  128  0.9920E-08
 16  8  15  128  0.9914E-08
 16  8  15  128  0.9911E-08
 16  8  15  128  0.9916E-08
 16  8  15  128  0.9917E-08
 16  8  15  128  0.9914E-08
 16  8  15  128  0.9916E-08
 16  8  15  128  0.9920E-08
 16  8  16  128  0.8929E-08
 16  8  16  128  0.8930E-08
 16  8  16  128  0.8935E-08
 16  8  16  128  0.8931E-08
 16  8  16  128  0.8937E-08
 16  8  16  128  0.8920E-08
 16  8  16  128  0.8916E-08
 16  8  16  128  0.8932E-08
 16  8  16  128  0.8919E-08
 16  8  16  128  0.8922E-08
 16  8  17  128  0.1187E-07
 16  8  17  128  0.1187E-07
 16  8  17  128  0.1186E-07
 16  8  17  128  0.1187E-07
 16  8  17  128  0.1186E-07
 16  8  17  128  0.1187E-07
 16  8  17  128  0.1187E-07
 16  8  17  128  0.1187E-07
 16  8  17  128  0.1186E-07
 16  8  17  128  0.1188E-07
 16  8  18  128  0.1109E-07
 16  8  18  128  0.1109E-07
 16  8  18  128  0.1109E-07
 16  8  18  128  0.1109E-07
 16  8  18  128  0.1109E-07
 16  8  18  128  0.1109E-07
 16  8  18  128  0.1109E-07
 16  8  18  128  0.1110E-07
 16  8  18  128  0.1109E-07
 16  8  18  128  0.1109E-07
 16  8  19  128  0.1175E-07
 16  8  19  128  0.1172E-07
 16  8  19  128  0.1172E-07
 16  8  19  128  0.1171E-07
 16  8  19  128  0.1172E-07
 16  8  19  128  0.1172E-07
 16  8  19  128  0.1173E-07
 16  8  19  128  0.1173E-07
 16  8  19  128  0.1173E-07
 16  8  19  128  0.1173E-07
 16  8  20  128  0.1113E-07
 16  8  20  128  0.1112E-07
 16  8  20  128  0.1111E-07
 16  8  20  128  0.1111E-07
 16  8  20  128  0.1111E-07
 16  8  20  128  0.1112E-07
 16  8  20  128  0.1112E-07
 16  8  20  128  0.1112E-07
 16  8  20  128  0.1113E-07
 16  8  20  128  0.1113E-07
