 16  2  3  32  0.1249E-06
 16  2  3  32  0.1248E-06
 16  2  3  32  0.1242E-06
 16  2  3  32  0.1239E-06
 16  2  3  32  0.1248E-06
 16  2  3  32  0.1246E-06
 16  2  3  32  0.1255E-06
 16  2  3  32  0.1259E-06
 16  2  3  32  0.1262E-06
 16  2  3  32  0.1261E-06
 16  2  4  32  0.8255E-07
 16  2  4  32  0.9372E-07
 16  2  4  32  0.9363E-07
 16  2  4  32  0.9005E-07
 16  2  4  32  0.9395E-07
 16  2  4  32  0.9759E-07
 16  2  4  32  0.9206E-07
 16  2  4  32  0.9730E-07
 16  2  4  32  0.9966E-07
 16  2  4  32  0.8975E-07
 16  2  5  32  0.6031E-07
 16  2  5  32  0.5948E-07
 16  2  5  32  0.5959E-07
 16  2  5  32  0.5887E-07
 16  2  5  32  0.5911E-07
 16  2  5  32  0.5871E-07
 16  2  5  32  0.5842E-07
 16  2  5  32  0.5876E-07
 16  2  5  32  0.5868E-07
 16  2  5  32  0.5877E-07
 16  2  6  32  0.5707E-07
 16  2  6  32  0.5656E-07
 16  2  6  32  0.5623E-07
 16  2  6  32  0.5704E-07
 16  2  6  32  0.5669E-07
 16  2  6  32  0.5648E-07
 16  2  6  32  0.5666E-07
 16  2  6  32  0.5653E-07
 16  2  6  32  0.5683E-07
 16  2  6  32  0.5677E-07
 16  2  7  32  0.5678E-07
 16  2  7  32  0.5664E-07
 16  2  7  32  0.5663E-07
 16  2  7  32  0.5659E-07
 16  2  7  32  0.5659E-07
 16  2  7  32  0.5658E-07
 16  2  7  32  0.5658E-07
 16  2  7  32  0.5654E-07
 16  2  7  32  0.5661E-07
 16  2  7  32  0.5656E-07
 16  2  8  32  0.5241E-07
 16  2  8  32  0.5209E-07
 16  2  8  32  0.5210E-07
 16  2  8  32  0.5209E-07
 16  2  8  32  0.5204E-07
 16  2  8  32  0.5210E-07
 16  2  8  32  0.5204E-07
 16  2  8  32  0.5207E-07
 16  2  8  32  0.5213E-07
 16  2  8  32  0.5205E-07
 16  2  9  32  0.5095E-07
 16  2  9  32  0.5088E-07
 16  2  9  32  0.5084E-07
 16  2  9  32  0.5089E-07
 16  2  9  32  0.5087E-07
 16  2  9  32  0.5086E-07
 16  2  9  32  0.5087E-07
 16  2  9  32  0.5081E-07
 16  2  9  32  0.5082E-07
 16  2  9  32  0.5084E-07
 16  2  10  32  0.5110E-07
 16  2  10  32  0.5113E-07
 16  2  10  32  0.5100E-07
 16  2  10  32  0.5098E-07
 16  2  10  32  0.5095E-07
 16  2  10  32  0.5093E-07
 16  2  10  32  0.5096E-07
 16  2  10  32  0.5096E-07
 16  2  10  32  0.5096E-07
 16  2  10  32  0.5097E-07
 16  2  11  32  0.4998E-07
 16  2  11  32  0.4999E-07
 16  2  11  32  0.5006E-07
 16  2  11  32  0.5011E-07
 16  2  11  32  0.5009E-07
 16  2  11  32  0.5006E-07
 16  2  11  32  0.5006E-07
 16  2  11  32  0.5000E-07
 16  2  11  32  0.5014E-07
 16  2  11  32  0.5022E-07
 16  2  12  32  0.4433E-07
 16  2  12  32  0.4430E-07
 16  2  12  32  0.4428E-07
 16  2  12  32  0.4429E-07
 16  2  12  32  0.4431E-07
 16  2  12  32  0.4426E-07
 16  2  12  32  0.4432E-07
 16  2  12  32  0.4430E-07
 16  2  12  32  0.4427E-07
 16  2  12  32  0.4429E-07
 16  2  13  32  0.4487E-07
 16  2  13  32  0.4490E-07
 16  2  13  32  0.4485E-07
 16  2  13  32  0.4486E-07
 16  2  13  32  0.4483E-07
 16  2  13  32  0.4484E-07
 16  2  13  32  0.4484E-07
 16  2  13  32  0.4483E-07
 16  2  13  32  0.4484E-07
 16  2  13  32  0.4486E-07
 16  2  14  32  0.4284E-07
 16  2  14  32  0.4277E-07
 16  2  14  32  0.4276E-07
 16  2  14  32  0.4276E-07
 16  2  14  32  0.4277E-07
 16  2  14  32  0.4278E-07
 16  2  14  32  0.4278E-07
 16  2  14  32  0.4278E-07
 16  2  14  32  0.4277E-07
 16  2  14  32  0.4277E-07
 16  2  15  32  0.4477E-07
 16  2  15  32  0.4472E-07
 16  2  15  32  0.4467E-07
 16  2  15  32  0.4475E-07
 16  2  15  32  0.4473E-07
 16  2  15  32  0.4473E-07
 16  2  15  32  0.4473E-07
 16  2  15  32  0.4472E-07
 16  2  15  32  0.4472E-07
 16  2  15  32  0.4474E-07
 16  2  16  32  0.4054E-07
 16  2  16  32  0.4052E-07
 16  2  16  32  0.4047E-07
 16  2  16  32  0.4045E-07
 16  2  16  32  0.4060E-07
 16  2  16  32  0.4070E-07
 16  2  16  32  0.4071E-07
 16  2  16  32  0.4073E-07
 16  2  16  32  0.4069E-07
 16  2  16  32  0.4067E-07
 16  2  17  32  0.5072E-07
 16  2  17  32  0.5045E-07
 16  2  17  32  0.5042E-07
 16  2  17  32  0.5045E-07
 16  2  17  32  0.5048E-07
 16  2  17  32  0.5057E-07
 16  2  17  32  0.5056E-07
 16  2  17  32  0.5056E-07
 16  2  17  32  0.5060E-07
 16  2  17  32  0.5069E-07
 16  2  18  32  0.4783E-07
 16  2  18  32  0.4770E-07
 16  2  18  32  0.4777E-07
 16  2  18  32  0.4785E-07
 16  2  18  32  0.4785E-07
 16  2  18  32  0.4785E-07
 16  2  18  32  0.4777E-07
 16  2  18  32  0.4787E-07
 16  2  18  32  0.4782E-07
 16  2  18  32  0.4780E-07
 16  2  19  32  0.4935E-07
 16  2  19  32  0.4936E-07
 16  2  19  32  0.4936E-07
 16  2  19  32  0.4935E-07
 16  2  19  32  0.4934E-07
 16  2  19  32  0.4929E-07
 16  2  19  32  0.4929E-07
 16  2  19  32  0.4932E-07
 16  2  19  32  0.4927E-07
 16  2  19  32  0.4927E-07
 16  2  20  32  0.4964E-07
 16  2  20  32  0.4985E-07
 16  2  20  32  0.4984E-07
 16  2  20  32  0.4978E-07
 16  2  20  32  0.4972E-07
 16  2  20  32  0.4985E-07
 16  2  20  32  0.4979E-07
 16  2  20  32  0.4981E-07
 16  2  20  32  0.4987E-07
 16  2  20  32  0.4981E-07
