 16  16  3  256  0.1441E-07
 16  16  3  256  0.1369E-07
 16  16  3  256  0.1364E-07
 16  16  3  256  0.1373E-07
 16  16  3  256  0.1355E-07
 16  16  3  256  0.1356E-07
 16  16  3  256  0.1380E-07
 16  16  3  256  0.1441E-07
 16  16  3  256  0.1370E-07
 16  16  3  256  0.1369E-07
 16  16  4  256  0.7419E-08
 16  16  4  256  0.7629E-08
 16  16  4  256  0.7260E-08
 16  16  4  256  0.7251E-08
 16  16  4  256  0.7555E-08
 16  16  4  256  0.7256E-08
 16  16  4  256  0.7304E-08
 16  16  4  256  0.7260E-08
 16  16  4  256  0.7224E-08
 16  16  4  256  0.7212E-08
 16  16  5  256  0.5924E-08
 16  16  5  256  0.5818E-08
 16  16  5  256  0.5731E-08
 16  16  5  256  0.5773E-08
 16  16  5  256  0.5796E-08
 16  16  5  256  0.5757E-08
 16  16  5  256  0.5770E-08
 16  16  5  256  0.5779E-08
 16  16  5  256  0.5774E-08
 16  16  5  256  0.5765E-08
 16  16  6  256  0.4241E-08
 16  16  6  256  0.4197E-08
 16  16  6  256  0.4207E-08
 16  16  6  256  0.4204E-08
 16  16  6  256  0.4191E-08
 16  16  6  256  0.4207E-08
 16  16  6  256  0.4212E-08
 16  16  6  256  0.4178E-08
 16  16  6  256  0.4197E-08
 16  16  6  256  0.4192E-08
 16  16  7  256  0.4575E-08
 16  16  7  256  0.4506E-08
 16  16  7  256  0.4492E-08
 16  16  7  256  0.4473E-08
 16  16  7  256  0.4485E-08
 16  16  7  256  0.4484E-08
 16  16  7  256  0.4618E-08
 16  16  7  256  0.4501E-08
 16  16  7  256  0.4508E-08
 16  16  7  256  0.4568E-08
 16  16  8  256  0.4659E-08
 16  16  8  256  0.4618E-08
 16  16  8  256  0.4637E-08
 16  16  8  256  0.4613E-08
 16  16  8  256  0.4612E-08
 16  16  8  256  0.4648E-08
 16  16  8  256  0.4613E-08
 16  16  8  256  0.4640E-08
 16  16  8  256  0.4725E-08
 16  16  8  256  0.4759E-08
 16  16  9  256  0.5220E-08
 16  16  9  256  0.5196E-08
 16  16  9  256  0.5195E-08
 16  16  9  256  0.5205E-08
 16  16  9  256  0.5205E-08
 16  16  9  256  0.5207E-08
 16  16  9  256  0.5207E-08
 16  16  9  256  0.5202E-08
 16  16  9  256  0.5201E-08
 16  16  9  256  0.5213E-08
 16  16  10  256  0.5543E-08
 16  16  10  256  0.5550E-08
 16  16  10  256  0.5546E-08
 16  16  10  256  0.5546E-08
 16  16  10  256  0.5543E-08
 16  16  10  256  0.5546E-08
 16  16  10  256  0.5552E-08
 16  16  10  256  0.5540E-08
 16  16  10  256  0.5548E-08
 16  16  10  256  0.5554E-08
 16  16  11  256  0.5429E-08
 16  16  11  256  0.5425E-08
 16  16  11  256  0.5421E-08
 16  16  11  256  0.5417E-08
 16  16  11  256  0.5418E-08
 16  16  11  256  0.5411E-08
 16  16  11  256  0.5413E-08
 16  16  11  256  0.5408E-08
 16  16  11  256  0.5411E-08
 16  16  11  256  0.5419E-08
 16  16  12  256  0.4850E-08
 16  16  12  256  0.4838E-08
 16  16  12  256  0.4843E-08
 16  16  12  256  0.4837E-08
 16  16  12  256  0.4842E-08
 16  16  12  256  0.4839E-08
 16  16  12  256  0.4845E-08
 16  16  12  256  0.4839E-08
 16  16  12  256  0.4837E-08
 16  16  12  256  0.4837E-08
 16  16  13  256  0.5119E-08
 16  16  13  256  0.5105E-08
 16  16  13  256  0.5111E-08
 16  16  13  256  0.5106E-08
 16  16  13  256  0.5105E-08
 16  16  13  256  0.5116E-08
 16  16  13  256  0.5105E-08
 16  16  13  256  0.5102E-08
 16  16  13  256  0.5105E-08
 16  16  13  256  0.5114E-08
 16  16  14  256  0.4903E-08
 16  16  14  256  0.4893E-08
 16  16  14  256  0.4893E-08
 16  16  14  256  0.4897E-08
 16  16  14  256  0.4897E-08
 16  16  14  256  0.4900E-08
 16  16  14  256  0.4909E-08
 16  16  14  256  0.4904E-08
 16  16  14  256  0.4894E-08
 16  16  14  256  0.4887E-08
 16  16  15  256  0.5048E-08
 16  16  15  256  0.5045E-08
 16  16  15  256  0.5046E-08
 16  16  15  256  0.5042E-08
 16  16  15  256  0.5044E-08
 16  16  15  256  0.5043E-08
 16  16  15  256  0.5042E-08
 16  16  15  256  0.5050E-08
 16  16  15  256  0.5046E-08
 16  16  15  256  0.5040E-08
 16  16  16  256  0.4597E-08
 16  16  16  256  0.4596E-08
 16  16  16  256  0.4595E-08
 16  16  16  256  0.4591E-08
 16  16  16  256  0.4589E-08
 16  16  16  256  0.4595E-08
 16  16  16  256  0.4592E-08
 16  16  16  256  0.4595E-08
 16  16  16  256  0.4598E-08
 16  16  16  256  0.4593E-08
 16  16  17  256  0.6123E-08
 16  16  17  256  0.6231E-08
 16  16  17  256  0.6116E-08
 16  16  17  256  0.6121E-08
 16  16  17  256  0.6117E-08
 16  16  17  256  0.6118E-08
 16  16  17  256  0.6121E-08
 16  16  17  256  0.6119E-08
 16  16  17  256  0.6121E-08
 16  16  17  256  0.6120E-08
 16  16  18  256  0.5751E-08
 16  16  18  256  0.5748E-08
 16  16  18  256  0.5743E-08
 16  16  18  256  0.5744E-08
 16  16  18  256  0.5745E-08
 16  16  18  256  0.5745E-08
 16  16  18  256  0.5751E-08
 16  16  18  256  0.5745E-08
 16  16  18  256  0.5746E-08
 16  16  18  256  0.5747E-08
 16  16  19  256  0.6083E-08
 16  16  19  256  0.6067E-08
 16  16  19  256  0.6068E-08
 16  16  19  256  0.6066E-08
 16  16  19  256  0.6071E-08
 16  16  19  256  0.6067E-08
 16  16  19  256  0.6069E-08
 16  16  19  256  0.6069E-08
 16  16  19  256  0.6072E-08
 16  16  19  256  0.6071E-08
 16  16  20  256  0.5707E-08
 16  16  20  256  0.5706E-08
 16  16  20  256  0.5705E-08
 16  16  20  256  0.5706E-08
 16  16  20  256  0.5709E-08
 16  16  20  256  0.5730E-08
 16  16  20  256  0.5713E-08
 16  16  20  256  0.5713E-08
 16  16  20  256  0.5713E-08
 16  16  20  256  0.5711E-08
