 16  64  3  1024  0.4911E-08
 16  64  3  1024  0.4572E-08
 16  64  3  1024  0.4547E-08
 16  64  3  1024  0.4587E-08
 16  64  3  1024  0.4713E-08
 16  64  3  1024  0.4682E-08
 16  64  3  1024  0.4591E-08
 16  64  3  1024  0.4536E-08
 16  64  3  1024  0.4502E-08
 16  64  3  1024  0.4561E-08
 16  64  4  1024  0.2663E-08
 16  64  4  1024  0.2482E-08
 16  64  4  1024  0.2513E-08
 16  64  4  1024  0.2470E-08
 16  64  4  1024  0.2499E-08
 16  64  4  1024  0.2495E-08
 16  64  4  1024  0.2500E-08
 16  64  4  1024  0.2470E-08
 16  64  4  1024  0.2506E-08
 16  64  4  1024  0.2494E-08
 16  64  5  1024  0.2946E-08
 16  64  5  1024  0.2864E-08
 16  64  5  1024  0.2868E-08
 16  64  5  1024  0.2861E-08
 16  64  5  1024  0.2874E-08
 16  64  5  1024  0.2871E-08
 16  64  5  1024  0.2873E-08
 16  64  5  1024  0.2867E-08
 16  64  5  1024  0.2867E-08
 16  64  5  1024  0.2861E-08
 16  64  6  1024  0.2560E-08
 16  64  6  1024  0.2506E-08
 16  64  6  1024  0.2523E-08
 16  64  6  1024  0.2526E-08
 16  64  6  1024  0.2524E-08
 16  64  6  1024  0.2516E-08
 16  64  6  1024  0.2515E-08
 16  64  6  1024  0.2504E-08
 16  64  6  1024  0.2509E-08
 16  64  6  1024  0.2515E-08
 16  64  7  1024  0.2047E-08
 16  64  7  1024  0.1999E-08
 16  64  7  1024  0.1996E-08
 16  64  7  1024  0.2003E-08
 16  64  7  1024  0.1999E-08
 16  64  7  1024  0.2017E-08
 16  64  7  1024  0.2017E-08
 16  64  7  1024  0.2019E-08
 16  64  7  1024  0.2015E-08
 16  64  7  1024  0.2008E-08
 16  64  8  1024  0.1789E-08
 16  64  8  1024  0.1760E-08
 16  64  8  1024  0.1761E-08
 16  64  8  1024  0.1774E-08
 16  64  8  1024  0.1770E-08
 16  64  8  1024  0.1791E-08
 16  64  8  1024  0.1846E-08
 16  64  8  1024  0.1950E-08
 16  64  8  1024  0.1953E-08
 16  64  8  1024  0.1772E-08
 16  64  9  1024  0.1830E-08
 16  64  9  1024  0.1819E-08
 16  64  9  1024  0.1811E-08
 16  64  9  1024  0.1818E-08
 16  64  9  1024  0.1813E-08
 16  64  9  1024  0.1817E-08
 16  64  9  1024  0.1822E-08
 16  64  9  1024  0.1831E-08
 16  64  9  1024  0.1830E-08
 16  64  9  1024  0.1825E-08
 16  64  10  1024  0.1861E-08
 16  64  10  1024  0.1847E-08
 16  64  10  1024  0.1842E-08
 16  64  10  1024  0.1834E-08
 16  64  10  1024  0.1845E-08
 16  64  10  1024  0.1836E-08
 16  64  10  1024  0.1837E-08
 16  64  10  1024  0.1843E-08
 16  64  10  1024  0.1847E-08
 16  64  10  1024  0.1842E-08
 16  64  11  1024  0.1831E-08
 16  64  11  1024  0.1835E-08
 16  64  11  1024  0.2185E-08
 16  64  11  1024  0.1832E-08
 16  64  11  1024  0.1819E-08
 16  64  11  1024  0.1819E-08
 16  64  11  1024  0.1837E-08
 16  64  11  1024  0.1833E-08
 16  64  11  1024  0.1820E-08
 16  64  11  1024  0.1823E-08
 16  64  12  1024  0.1701E-08
 16  64  12  1024  0.1696E-08
 16  64  12  1024  0.1691E-08
 16  64  12  1024  0.1696E-08
 16  64  12  1024  0.1699E-08
 16  64  12  1024  0.1691E-08
 16  64  12  1024  0.1689E-08
 16  64  12  1024  0.1694E-08
 16  64  12  1024  0.1704E-08
 16  64  12  1024  0.1692E-08
 16  64  13  1024  0.1832E-08
 16  64  13  1024  0.1835E-08
 16  64  13  1024  0.1828E-08
 16  64  13  1024  0.1966E-08
 16  64  13  1024  0.1836E-08
 16  64  13  1024  0.1827E-08
 16  64  13  1024  0.1824E-08
 16  64  13  1024  0.1833E-08
 16  64  13  1024  0.1830E-08
 16  64  13  1024  0.1829E-08
 16  64  14  1024  0.1749E-08
 16  64  14  1024  0.1748E-08
 16  64  14  1024  0.1738E-08
 16  64  14  1024  0.1740E-08
 16  64  14  1024  0.1746E-08
 16  64  14  1024  0.1742E-08
 16  64  14  1024  0.1743E-08
 16  64  14  1024  0.1742E-08
 16  64  14  1024  0.1738E-08
 16  64  14  1024  0.1746E-08
 16  64  15  1024  0.1789E-08
 16  64  15  1024  0.1777E-08
 16  64  15  1024  0.1779E-08
 16  64  15  1024  0.1775E-08
 16  64  15  1024  0.1834E-08
 16  64  15  1024  0.1823E-08
 16  64  15  1024  0.1778E-08
 16  64  15  1024  0.1780E-08
 16  64  15  1024  0.1773E-08
 16  64  15  1024  0.1781E-08
 16  64  16  1024  0.1736E-08
 16  64  16  1024  0.1727E-08
 16  64  16  1024  0.1729E-08
 16  64  16  1024  0.1732E-08
 16  64  16  1024  0.1728E-08
 16  64  16  1024  0.1730E-08
 16  64  16  1024  0.1742E-08
 16  64  16  1024  0.1797E-08
 16  64  16  1024  0.1726E-08
 16  64  16  1024  0.1730E-08
 16  64  17  1024  0.2105E-08
 16  64  17  1024  0.2114E-08
 16  64  17  1024  0.2115E-08
 16  64  17  1024  0.2129E-08
 16  64  17  1024  0.2111E-08
 16  64  17  1024  0.2128E-08
 16  64  17  1024  0.2097E-08
 16  64  17  1024  0.2129E-08
 16  64  17  1024  0.2100E-08
 16  64  17  1024  0.2101E-08
 16  64  18  1024  0.2008E-08
 16  64  18  1024  0.2001E-08
 16  64  18  1024  0.2002E-08
 16  64  18  1024  0.2000E-08
 16  64  18  1024  0.2000E-08
 16  64  18  1024  0.2003E-08
 16  64  18  1024  0.2003E-08
 16  64  18  1024  0.2001E-08
 16  64  18  1024  0.2002E-08
 16  64  18  1024  0.2002E-08
 16  64  19  1024  0.2114E-08
 16  64  19  1024  0.2107E-08
 16  64  19  1024  0.2109E-08
 16  64  19  1024  0.2107E-08
 16  64  19  1024  0.2109E-08
 16  64  19  1024  0.2106E-08
 16  64  19  1024  0.2107E-08
 16  64  19  1024  0.2109E-08
 16  64  19  1024  0.2105E-08
 16  64  19  1024  0.2110E-08
 16  64  20  1024  0.2152E-08
 16  64  20  1024  0.2147E-08
 16  64  20  1024  0.2146E-08
 16  64  20  1024  0.2146E-08
 16  64  20  1024  0.2189E-08
 16  64  20  1024  0.2146E-08
 16  64  20  1024  0.2148E-08
 16  64  20  1024  0.2146E-08
 16  64  20  1024  0.2144E-08
 16  64  20  1024  0.2149E-08
