 16  4  3  64  0.7667E-07
 16  4  3  64  0.7608E-07
 16  4  3  64  0.7739E-07
 16  4  3  64  0.7617E-07
 16  4  3  64  0.7318E-07
 16  4  3  64  0.7447E-07
 16  4  3  64  0.7718E-07
 16  4  3  64  0.7579E-07
 16  4  3  64  0.7607E-07
 16  4  3  64  0.7279E-07
 16  4  4  64  0.5098E-07
 16  4  4  64  0.5234E-07
 16  4  4  64  0.5063E-07
 16  4  4  64  0.4925E-07
 16  4  4  64  0.4953E-07
 16  4  4  64  0.5011E-07
 16  4  4  64  0.4720E-07
 16  4  4  64  0.5029E-07
 16  4  4  64  0.4880E-07
 16  4  4  64  0.5076E-07
 16  4  5  64  0.3823E-07
 16  4  5  64  0.3769E-07
 16  4  5  64  0.3770E-07
 16  4  5  64  0.3786E-07
 16  4  5  64  0.3788E-07
 16  4  5  64  0.3779E-07
 16  4  5  64  0.3784E-07
 16  4  5  64  0.3815E-07
 16  4  5  64  0.3810E-07
 16  4  5  64  0.3781E-07
 16  4  6  64  0.3074E-07
 16  4  6  64  0.3064E-07
 16  4  6  64  0.3064E-07
 16  4  6  64  0.3058E-07
 16  4  6  64  0.3091E-07
 16  4  6  64  0.3080E-07
 16  4  6  64  0.3069E-07
 16  4  6  64  0.3057E-07
 16  4  6  64  0.3090E-07
 16  4  6  64  0.3089E-07
 16  4  7  64  0.3048E-07
 16  4  7  64  0.3032E-07
 16  4  7  64  0.3021E-07
 16  4  7  64  0.3020E-07
 16  4  7  64  0.3021E-07
 16  4  7  64  0.3016E-07
 16  4  7  64  0.3009E-07
 16  4  7  64  0.3017E-07
 16  4  7  64  0.3012E-07
 16  4  7  64  0.3017E-07
 16  4  8  64  0.2746E-07
 16  4  8  64  0.2740E-07
 16  4  8  64  0.2733E-07
 16  4  8  64  0.2741E-07
 16  4  8  64  0.2733E-07
 16  4  8  64  0.2732E-07
 16  4  8  64  0.2741E-07
 16  4  8  64  0.2733E-07
 16  4  8  64  0.2749E-07
 16  4  8  64  0.2737E-07
 16  4  9  64  0.2646E-07
 16  4  9  64  0.2639E-07
 16  4  9  64  0.2639E-07
 16  4  9  64  0.2635E-07
 16  4  9  64  0.2638E-07
 16  4  9  64  0.2640E-07
 16  4  9  64  0.2642E-07
 16  4  9  64  0.2644E-07
 16  4  9  64  0.2641E-07
 16  4  9  64  0.2641E-07
 16  4  10  64  0.2645E-07
 16  4  10  64  0.2636E-07
 16  4  10  64  0.2641E-07
 16  4  10  64  0.2635E-07
 16  4  10  64  0.2638E-07
 16  4  10  64  0.2633E-07
 16  4  10  64  0.2633E-07
 16  4  10  64  0.2645E-07
 16  4  10  64  0.2643E-07
 16  4  10  64  0.2643E-07
 16  4  11  64  0.2580E-07
 16  4  11  64  0.2574E-07
 16  4  11  64  0.2573E-07
 16  4  11  64  0.2576E-07
 16  4  11  64  0.2581E-07
 16  4  11  64  0.2582E-07
 16  4  11  64  0.2581E-07
 16  4  11  64  0.2580E-07
 16  4  11  64  0.2581E-07
 16  4  11  64  0.2583E-07
 16  4  12  64  0.2299E-07
 16  4  12  64  0.2282E-07
 16  4  12  64  0.2285E-07
 16  4  12  64  0.2280E-07
 16  4  12  64  0.2298E-07
 16  4  12  64  0.2284E-07
 16  4  12  64  0.2280E-07
 16  4  12  64  0.2283E-07
 16  4  12  64  0.2286E-07
 16  4  12  64  0.2290E-07
 16  4  13  64  0.2317E-07
 16  4  13  64  0.2317E-07
 16  4  13  64  0.2318E-07
 16  4  13  64  0.2320E-07
 16  4  13  64  0.2319E-07
 16  4  13  64  0.2318E-07
 16  4  13  64  0.2316E-07
 16  4  13  64  0.2316E-07
 16  4  13  64  0.2315E-07
 16  4  13  64  0.2316E-07
 16  4  14  64  0.2214E-07
 16  4  14  64  0.2213E-07
 16  4  14  64  0.2214E-07
 16  4  14  64  0.2210E-07
 16  4  14  64  0.2213E-07
 16  4  14  64  0.2210E-07
 16  4  14  64  0.2209E-07
 16  4  14  64  0.2211E-07
 16  4  14  64  0.2213E-07
 16  4  14  64  0.2210E-07
 16  4  15  64  0.2363E-07
 16  4  15  64  0.2361E-07
 16  4  15  64  0.2361E-07
 16  4  15  64  0.2361E-07
 16  4  15  64  0.2367E-07
 16  4  15  64  0.2367E-07
 16  4  15  64  0.2366E-07
 16  4  15  64  0.2366E-07
 16  4  15  64  0.2369E-07
 16  4  15  64  0.2369E-07
 16  4  16  64  0.2084E-07
 16  4  16  64  0.2083E-07
 16  4  16  64  0.2083E-07
 16  4  16  64  0.2083E-07
 16  4  16  64  0.2079E-07
 16  4  16  64  0.2080E-07
 16  4  16  64  0.2083E-07
 16  4  16  64  0.2085E-07
 16  4  16  64  0.2089E-07
 16  4  16  64  0.2086E-07
 16  4  17  64  0.2577E-07
 16  4  17  64  0.2583E-07
 16  4  17  64  0.2583E-07
 16  4  17  64  0.2581E-07
 16  4  17  64  0.2579E-07
 16  4  17  64  0.2580E-07
 16  4  17  64  0.2582E-07
 16  4  17  64  0.2583E-07
 16  4  17  64  0.2578E-07
 16  4  17  64  0.2581E-07
 16  4  18  64  0.2436E-07
 16  4  18  64  0.2437E-07
 16  4  18  64  0.2440E-07
 16  4  18  64  0.2435E-07
 16  4  18  64  0.2438E-07
 16  4  18  64  0.2436E-07
 16  4  18  64  0.2436E-07
 16  4  18  64  0.2436E-07
 16  4  18  64  0.2437E-07
 16  4  18  64  0.2439E-07
 16  4  19  64  0.2517E-07
 16  4  19  64  0.2513E-07
 16  4  19  64  0.2516E-07
 16  4  19  64  0.2516E-07
 16  4  19  64  0.2517E-07
 16  4  19  64  0.2517E-07
 16  4  19  64  0.2517E-07
 16  4  19  64  0.2511E-07
 16  4  19  64  0.2513E-07
 16  4  19  64  0.2514E-07
 16  4  20  64  0.2524E-07
 16  4  20  64  0.2518E-07
 16  4  20  64  0.2516E-07
 16  4  20  64  0.2518E-07
 16  4  20  64  0.2518E-07
 16  4  20  64  0.2518E-07
 16  4  20  64  0.2518E-07
 16  4  20  64  0.2520E-07
 16  4  20  64  0.2521E-07
 16  4  20  64  0.2522E-07
