 16  1  3  16  0.1976E-06
 16  1  3  16  0.1977E-06
 16  1  3  16  0.1982E-06
 16  1  3  16  0.1973E-06
 16  1  3  16  0.1973E-06
 16  1  3  16  0.1992E-06
 16  1  3  16  0.1974E-06
 16  1  3  16  0.1986E-06
 16  1  3  16  0.1974E-06
 16  1  3  16  0.1975E-06
 16  1  4  16  0.1276E-06
 16  1  4  16  0.1272E-06
 16  1  4  16  0.1291E-06
 16  1  4  16  0.1275E-06
 16  1  4  16  0.1278E-06
 16  1  4  16  0.1285E-06
 16  1  4  16  0.1279E-06
 16  1  4  16  0.1302E-06
 16  1  4  16  0.1285E-06
 16  1  4  16  0.1285E-06
 16  1  5  16  0.1020E-06
 16  1  5  16  0.1013E-06
 16  1  5  16  0.1014E-06
 16  1  5  16  0.1014E-06
 16  1  5  16  0.1012E-06
 16  1  5  16  0.1011E-06
 16  1  5  16  0.1010E-06
 16  1  5  16  0.1013E-06
 16  1  5  16  0.1011E-06
 16  1  5  16  0.1011E-06
 16  1  6  16  0.8573E-07
 16  1  6  16  0.8537E-07
 16  1  6  16  0.8522E-07
 16  1  6  16  0.8525E-07
 16  1  6  16  0.8545E-07
 16  1  6  16  0.8536E-07
 16  1  6  16  0.8560E-07
 16  1  6  16  0.8535E-07
 16  1  6  16  0.8543E-07
 16  1  6  16  0.8536E-07
 16  1  7  16  0.8717E-07
 16  1  7  16  0.8696E-07
 16  1  7  16  0.8706E-07
 16  1  7  16  0.8695E-07
 16  1  7  16  0.8707E-07
 16  1  7  16  0.8693E-07
 16  1  7  16  0.8699E-07
 16  1  7  16  0.8709E-07
 16  1  7  16  0.8696E-07
 16  1  7  16  0.8703E-07
 16  1  8  16  0.8604E-07
 16  1  8  16  0.8593E-07
 16  1  8  16  0.8573E-07
 16  1  8  16  0.8584E-07
 16  1  8  16  0.8594E-07
 16  1  8  16  0.8574E-07
 16  1  8  16  0.8574E-07
 16  1  8  16  0.8569E-07
 16  1  8  16  0.8581E-07
 16  1  8  16  0.8572E-07
 16  1  9  16  0.8784E-07
 16  1  9  16  0.8778E-07
 16  1  9  16  0.8788E-07
 16  1  9  16  0.8926E-07
 16  1  9  16  0.8918E-07
 16  1  9  16  0.8914E-07
 16  1  9  16  0.8917E-07
 16  1  9  16  0.8913E-07
 16  1  9  16  0.8910E-07
 16  1  9  16  0.8911E-07
 16  1  10  16  0.9068E-07
 16  1  10  16  0.9070E-07
 16  1  10  16  0.9063E-07
 16  1  10  16  0.9060E-07
 16  1  10  16  0.9061E-07
 16  1  10  16  0.9076E-07
 16  1  10  16  0.9071E-07
 16  1  10  16  0.9072E-07
 16  1  10  16  0.9073E-07
 16  1  10  16  0.9081E-07
 16  1  11  16  0.9082E-07
 16  1  11  16  0.9134E-07
 16  1  11  16  0.9115E-07
 16  1  11  16  0.9113E-07
 16  1  11  16  0.9114E-07
 16  1  11  16  0.9119E-07
 16  1  11  16  0.9092E-07
 16  1  11  16  0.9084E-07
 16  1  11  16  0.9085E-07
 16  1  11  16  0.9077E-07
 16  1  12  16  0.8100E-07
 16  1  12  16  0.8098E-07
 16  1  12  16  0.8107E-07
 16  1  12  16  0.8099E-07
 16  1  12  16  0.8097E-07
 16  1  12  16  0.8094E-07
 16  1  12  16  0.8096E-07
 16  1  12  16  0.8092E-07
 16  1  12  16  0.8089E-07
 16  1  12  16  0.8100E-07
 16  1  13  16  0.8323E-07
 16  1  13  16  0.8318E-07
 16  1  13  16  0.8317E-07
 16  1  13  16  0.8324E-07
 16  1  13  16  0.8319E-07
 16  1  13  16  0.8325E-07
 16  1  13  16  0.8323E-07
 16  1  13  16  0.8326E-07
 16  1  13  16  0.8315E-07
 16  1  13  16  0.8326E-07
 16  1  14  16  0.8032E-07
 16  1  14  16  0.8030E-07
 16  1  14  16  0.8026E-07
 16  1  14  16  0.8025E-07
 16  1  14  16  0.8017E-07
 16  1  14  16  0.8024E-07
 16  1  14  16  0.8020E-07
 16  1  14  16  0.8049E-07
 16  1  14  16  0.8084E-07
 16  1  14  16  0.8082E-07
 16  1  15  16  0.8395E-07
 16  1  15  16  0.8403E-07
 16  1  15  16  0.8406E-07
 16  1  15  16  0.8397E-07
 16  1  15  16  0.8402E-07
 16  1  15  16  0.8400E-07
 16  1  15  16  0.8398E-07
 16  1  15  16  0.8402E-07
 16  1  15  16  0.8392E-07
 16  1  15  16  0.8392E-07
 16  1  16  16  0.7662E-07
 16  1  16  16  0.7661E-07
 16  1  16  16  0.7661E-07
 16  1  16  16  0.7661E-07
 16  1  16  16  0.7662E-07
 16  1  16  16  0.7660E-07
 16  1  16  16  0.7660E-07
 16  1  16  16  0.7661E-07
 16  1  16  16  0.7660E-07
 16  1  16  16  0.7661E-07
 16  1  17  16  0.9638E-07
 16  1  17  16  0.9635E-07
 16  1  17  16  0.9635E-07
 16  1  17  16  0.9634E-07
 16  1  17  16  0.9635E-07
 16  1  17  16  0.9632E-07
 16  1  17  16  0.9634E-07
 16  1  17  16  0.9633E-07
 16  1  17  16  0.9634E-07
 16  1  17  16  0.9635E-07
 16  1  18  16  0.9177E-07
 16  1  18  16  0.9178E-07
 16  1  18  16  0.9170E-07
 16  1  18  16  0.9168E-07
 16  1  18  16  0.9168E-07
 16  1  18  16  0.9176E-07
 16  1  18  16  0.9176E-07
 16  1  18  16  0.9177E-07
 16  1  18  16  0.9174E-07
 16  1  18  16  0.9205E-07
 16  1  19  16  0.9551E-07
 16  1  19  16  0.9544E-07
 16  1  19  16  0.9543E-07
 16  1  19  16  0.9546E-07
 16  1  19  16  0.9542E-07
 16  1  19  16  0.9543E-07
 16  1  19  16  0.9544E-07
 16  1  19  16  0.9545E-07
 16  1  19  16  0.9546E-07
 16  1  19  16  0.9548E-07
 16  1  20  16  0.9556E-07
 16  1  20  16  0.9551E-07
 16  1  20  16  0.9552E-07
 16  1  20  16  0.9555E-07
 16  1  20  16  0.9551E-07
 16  1  20  16  0.9553E-07
 16  1  20  16  0.9551E-07
 16  1  20  16  0.9553E-07
 16  1  20  16  0.9552E-07
 16  1  20  16  0.9556E-07
