 16  32  3  512  0.6015E-08
 16  32  3  512  0.5749E-08
 16  32  3  512  0.5631E-08
 16  32  3  512  0.5648E-08
 16  32  3  512  0.5614E-08
 16  32  3  512  0.5605E-08
 16  32  3  512  0.5619E-08
 16  32  3  512  0.5640E-08
 16  32  3  512  0.5609E-08
 16  32  3  512  0.5604E-08
 16  32  4  512  0.3806E-08
 16  32  4  512  0.3670E-08
 16  32  4  512  0.3752E-08
 16  32  4  512  0.3676E-08
 16  32  4  512  0.3682E-08
 16  32  4  512  0.3668E-08
 16  32  4  512  0.3651E-08
 16  32  4  512  0.3750E-08
 16  32  4  512  0.3691E-08
 16  32  4  512  0.3654E-08
 16  32  5  512  0.2903E-08
 16  32  5  512  0.2692E-08
 16  32  5  512  0.2668E-08
 16  32  5  512  0.2657E-08
 16  32  5  512  0.2693E-08
 16  32  5  512  0.2669E-08
 16  32  5  512  0.2631E-08
 16  32  5  512  0.2638E-08
 16  32  5  512  0.2660E-08
 16  32  5  512  0.2661E-08
 16  32  6  512  0.2558E-08
 16  32  6  512  0.2475E-08
 16  32  6  512  0.2472E-08
 16  32  6  512  0.2490E-08
 16  32  6  512  0.2495E-08
 16  32  6  512  0.2475E-08
 16  32  6  512  0.2500E-08
 16  32  6  512  0.2486E-08
 16  32  6  512  0.2473E-08
 16  32  6  512  0.2487E-08
 16  32  7  512  0.3185E-08
 16  32  7  512  0.3152E-08
 16  32  7  512  0.3170E-08
 16  32  7  512  0.3184E-08
 16  32  7  512  0.3169E-08
 16  32  7  512  0.3166E-08
 16  32  7  512  0.3164E-08
 16  32  7  512  0.3164E-08
 16  32  7  512  0.3154E-08
 16  32  7  512  0.3168E-08
 16  32  8  512  0.2061E-08
 16  32  8  512  0.2022E-08
 16  32  8  512  0.2023E-08
 16  32  8  512  0.2020E-08
 16  32  8  512  0.2023E-08
 16  32  8  512  0.2022E-08
 16  32  8  512  0.2026E-08
 16  32  8  512  0.2025E-08
 16  32  8  512  0.2023E-08
 16  32  8  512  0.2024E-08
 16  32  9  512  0.2645E-08
 16  32  9  512  0.2621E-08
 16  32  9  512  0.2631E-08
 16  32  9  512  0.2624E-08
 16  32  9  512  0.2637E-08
 16  32  9  512  0.2655E-08
 16  32  9  512  0.2634E-08
 16  32  9  512  0.2644E-08
 16  32  9  512  0.2628E-08
 16  32  9  512  0.2620E-08
 16  32  10  512  0.2536E-08
 16  32  10  512  0.2505E-08
 16  32  10  512  0.2506E-08
 16  32  10  512  0.2499E-08
 16  32  10  512  0.2499E-08
 16  32  10  512  0.2505E-08
 16  32  10  512  0.2497E-08
 16  32  10  512  0.2500E-08
 16  32  10  512  0.2500E-08
 16  32  10  512  0.2503E-08
 16  32  11  512  0.2489E-08
 16  32  11  512  0.2481E-08
 16  32  11  512  0.2462E-08
 16  32  11  512  0.2479E-08
 16  32  11  512  0.2472E-08
 16  32  11  512  0.2462E-08
 16  32  11  512  0.2462E-08
 16  32  11  512  0.2467E-08
 16  32  11  512  0.2467E-08
 16  32  11  512  0.2472E-08
 16  32  12  512  0.2230E-08
 16  32  12  512  0.2201E-08
 16  32  12  512  0.2204E-08
 16  32  12  512  0.2201E-08
 16  32  12  512  0.2199E-08
 16  32  12  512  0.2198E-08
 16  32  12  512  0.2211E-08
 16  32  12  512  0.2202E-08
 16  32  12  512  0.2203E-08
 16  32  12  512  0.2200E-08
 16  32  13  512  0.2451E-08
 16  32  13  512  0.2421E-08
 16  32  13  512  0.2412E-08
 16  32  13  512  0.2416E-08
 16  32  13  512  0.2412E-08
 16  32  13  512  0.2411E-08
 16  32  13  512  0.2412E-08
 16  32  13  512  0.2415E-08
 16  32  13  512  0.2414E-08
 16  32  13  512  0.2414E-08
 16  32  14  512  0.2216E-08
 16  32  14  512  0.2205E-08
 16  32  14  512  0.2199E-08
 16  32  14  512  0.2197E-08
 16  32  14  512  0.2196E-08
 16  32  14  512  0.2197E-08
 16  32  14  512  0.2198E-08
 16  32  14  512  0.2199E-08
 16  32  14  512  0.2197E-08
 16  32  14  512  0.2258E-08
 16  32  15  512  0.2361E-08
 16  32  15  512  0.2345E-08
 16  32  15  512  0.2343E-08
 16  32  15  512  0.2342E-08
 16  32  15  512  0.2341E-08
 16  32  15  512  0.2343E-08
 16  32  15  512  0.2341E-08
 16  32  15  512  0.2342E-08
 16  32  15  512  0.2343E-08
 16  32  15  512  0.2342E-08
 16  32  16  512  0.2154E-08
 16  32  16  512  0.2144E-08
 16  32  16  512  0.2142E-08
 16  32  16  512  0.2146E-08
 16  32  16  512  0.2142E-08
 16  32  16  512  0.2140E-08
 16  32  16  512  0.2142E-08
 16  32  16  512  0.2139E-08
 16  32  16  512  0.2142E-08
 16  32  16  512  0.2140E-08
 16  32  17  512  0.2848E-08
 16  32  17  512  0.2842E-08
 16  32  17  512  0.2840E-08
 16  32  17  512  0.2836E-08
 16  32  17  512  0.2838E-08
 16  32  17  512  0.2838E-08
 16  32  17  512  0.2838E-08
 16  32  17  512  0.2837E-08
 16  32  17  512  0.2836E-08
 16  32  17  512  0.2838E-08
 16  32  18  512  0.2654E-08
 16  32  18  512  0.2630E-08
 16  32  18  512  0.2633E-08
 16  32  18  512  0.2622E-08
 16  32  18  512  0.2633E-08
 16  32  18  512  0.2626E-08
 16  32  18  512  0.2631E-08
 16  32  18  512  0.2633E-08
 16  32  18  512  0.2622E-08
 16  32  18  512  0.2635E-08
 16  32  19  512  0.2842E-08
 16  32  19  512  0.2814E-08
 16  32  19  512  0.2818E-08
 16  32  19  512  0.2818E-08
 16  32  19  512  0.2813E-08
 16  32  19  512  0.2815E-08
 16  32  19  512  0.2819E-08
 16  32  19  512  0.2819E-08
 16  32  19  512  0.2813E-08
 16  32  19  512  0.2817E-08
 16  32  20  512  0.2729E-08
 16  32  20  512  0.2714E-08
 16  32  20  512  0.2714E-08
 16  32  20  512  0.2712E-08
 16  32  20  512  0.2714E-08
 16  32  20  512  0.2716E-08
 16  32  20  512  0.2720E-08
 16  32  20  512  0.2712E-08
 16  32  20  512  0.2711E-08
 16  32  20  512  0.2714E-08
