 16  16  3  256  0.1124E-07
 16  16  3  256  0.1051E-07
 16  16  3  256  0.1019E-07
 16  16  3  256  0.1025E-07
 16  16  3  256  0.1019E-07
 16  16  3  256  0.1006E-07
 16  16  3  256  0.1023E-07
 16  16  3  256  0.1060E-07
 16  16  3  256  0.1021E-07
 16  16  3  256  0.1010E-07
 16  16  4  256  0.6885E-08
 16  16  4  256  0.6508E-08
 16  16  4  256  0.6493E-08
 16  16  4  256  0.6472E-08
 16  16  4  256  0.6502E-08
 16  16  4  256  0.6451E-08
 16  16  4  256  0.6471E-08
 16  16  4  256  0.6442E-08
 16  16  4  256  0.6445E-08
 16  16  4  256  0.6485E-08
 16  16  5  256  0.6511E-08
 16  16  5  256  0.6048E-08
 16  16  5  256  0.6005E-08
 16  16  5  256  0.6038E-08
 16  16  5  256  0.5962E-08
 16  16  5  256  0.5992E-08
 16  16  5  256  0.5928E-08
 16  16  5  256  0.5911E-08
 16  16  5  256  0.6014E-08
 16  16  5  256  0.5902E-08
 16  16  6  256  0.4619E-08
 16  16  6  256  0.4428E-08
 16  16  6  256  0.4454E-08
 16  16  6  256  0.4405E-08
 16  16  6  256  0.4396E-08
 16  16  6  256  0.4447E-08
 16  16  6  256  0.4365E-08
 16  16  6  256  0.4429E-08
 16  16  6  256  0.4402E-08
 16  16  6  256  0.4369E-08
 16  16  7  256  0.4404E-08
 16  16  7  256  0.4322E-08
 16  16  7  256  0.4354E-08
 16  16  7  256  0.4318E-08
 16  16  7  256  0.4338E-08
 16  16  7  256  0.4332E-08
 16  16  7  256  0.4316E-08
 16  16  7  256  0.4382E-08
 16  16  7  256  0.4328E-08
 16  16  7  256  0.4330E-08
 16  16  8  256  0.3733E-08
 16  16  8  256  0.3610E-08
 16  16  8  256  0.3615E-08
 16  16  8  256  0.3615E-08
 16  16  8  256  0.3609E-08
 16  16  8  256  0.3607E-08
 16  16  8  256  0.3611E-08
 16  16  8  256  0.3613E-08
 16  16  8  256  0.3607E-08
 16  16  8  256  0.3620E-08
 16  16  9  256  0.4338E-08
 16  16  9  256  0.4298E-08
 16  16  9  256  0.4307E-08
 16  16  9  256  0.4311E-08
 16  16  9  256  0.4334E-08
 16  16  9  256  0.4305E-08
 16  16  9  256  0.4286E-08
 16  16  9  256  0.4311E-08
 16  16  9  256  0.4339E-08
 16  16  9  256  0.4331E-08
 16  16  10  256  0.4630E-08
 16  16  10  256  0.4606E-08
 16  16  10  256  0.4615E-08
 16  16  10  256  0.4616E-08
 16  16  10  256  0.4608E-08
 16  16  10  256  0.4612E-08
 16  16  10  256  0.4605E-08
 16  16  10  256  0.4600E-08
 16  16  10  256  0.4605E-08
 16  16  10  256  0.4601E-08
 16  16  11  256  0.4628E-08
 16  16  11  256  0.4613E-08
 16  16  11  256  0.4610E-08
 16  16  11  256  0.4590E-08
 16  16  11  256  0.4600E-08
 16  16  11  256  0.4600E-08
 16  16  11  256  0.4593E-08
 16  16  11  256  0.4596E-08
 16  16  11  256  0.4600E-08
 16  16  11  256  0.4597E-08
 16  16  12  256  0.4093E-08
 16  16  12  256  0.4027E-08
 16  16  12  256  0.4055E-08
 16  16  12  256  0.4034E-08
 16  16  12  256  0.4037E-08
 16  16  12  256  0.4043E-08
 16  16  12  256  0.4034E-08
 16  16  12  256  0.4034E-08
 16  16  12  256  0.4034E-08
 16  16  12  256  0.4035E-08
 16  16  13  256  0.4399E-08
 16  16  13  256  0.4363E-08
 16  16  13  256  0.4360E-08
 16  16  13  256  0.4358E-08
 16  16  13  256  0.4359E-08
 16  16  13  256  0.4358E-08
 16  16  13  256  0.4361E-08
 16  16  13  256  0.4355E-08
 16  16  13  256  0.4356E-08
 16  16  13  256  0.4355E-08
 16  16  14  256  0.4121E-08
 16  16  14  256  0.4096E-08
 16  16  14  256  0.4087E-08
 16  16  14  256  0.4090E-08
 16  16  14  256  0.4088E-08
 16  16  14  256  0.4093E-08
 16  16  14  256  0.4087E-08
 16  16  14  256  0.4082E-08
 16  16  14  256  0.4082E-08
 16  16  14  256  0.4086E-08
 16  16  15  256  0.4420E-08
 16  16  15  256  0.4407E-08
 16  16  15  256  0.4408E-08
 16  16  15  256  0.4404E-08
 16  16  15  256  0.4407E-08
 16  16  15  256  0.4410E-08
 16  16  15  256  0.4405E-08
 16  16  15  256  0.4406E-08
 16  16  15  256  0.4411E-08
 16  16  15  256  0.4407E-08
 16  16  16  256  0.3899E-08
 16  16  16  256  0.3880E-08
 16  16  16  256  0.3878E-08
 16  16  16  256  0.3874E-08
 16  16  16  256  0.3869E-08
 16  16  16  256  0.3873E-08
 16  16  16  256  0.3874E-08
 16  16  16  256  0.3872E-08
 16  16  16  256  0.3872E-08
 16  16  16  256  0.3875E-08
 16  16  17  256  0.5454E-08
 16  16  17  256  0.5433E-08
 16  16  17  256  0.5435E-08
 16  16  17  256  0.5439E-08
 16  16  17  256  0.5435E-08
 16  16  17  256  0.5436E-08
 16  16  17  256  0.5435E-08
 16  16  17  256  0.5438E-08
 16  16  17  256  0.5435E-08
 16  16  17  256  0.5434E-08
 16  16  18  256  0.4966E-08
 16  16  18  256  0.4947E-08
 16  16  18  256  0.4949E-08
 16  16  18  256  0.4948E-08
 16  16  18  256  0.4949E-08
 16  16  18  256  0.4948E-08
 16  16  18  256  0.4948E-08
 16  16  18  256  0.4949E-08
 16  16  18  256  0.4949E-08
 16  16  18  256  0.4950E-08
 16  16  19  256  0.5380E-08
 16  16  19  256  0.5367E-08
 16  16  19  256  0.5365E-08
 16  16  19  256  0.5366E-08
 16  16  19  256  0.5366E-08
 16  16  19  256  0.5367E-08
 16  16  19  256  0.5369E-08
 16  16  19  256  0.5377E-08
 16  16  19  256  0.5376E-08
 16  16  19  256  0.5373E-08
 16  16  20  256  0.5077E-08
 16  16  20  256  0.5057E-08
 16  16  20  256  0.5056E-08
 16  16  20  256  0.5054E-08
 16  16  20  256  0.5056E-08
 16  16  20  256  0.5056E-08
 16  16  20  256  0.5054E-08
 16  16  20  256  0.5056E-08
 16  16  20  256  0.5053E-08
 16  16  20  256  0.5056E-08
