 16  4  3  64  0.4493E-07
 16  4  3  64  0.5013E-07
 16  4  3  64  0.4719E-07
 16  4  3  64  0.4614E-07
 16  4  3  64  0.5062E-07
 16  4  3  64  0.4977E-07
 16  4  3  64  0.4645E-07
 16  4  3  64  0.4447E-07
 16  4  3  64  0.4334E-07
 16  4  3  64  0.4707E-07
 16  4  4  64  0.2376E-07
 16  4  4  64  0.2408E-07
 16  4  4  64  0.2447E-07
 16  4  4  64  0.2339E-07
 16  4  4  64  0.2344E-07
 16  4  4  64  0.2323E-07
 16  4  4  64  0.2280E-07
 16  4  4  64  0.2334E-07
 16  4  4  64  0.2390E-07
 16  4  4  64  0.2316E-07
 16  4  5  64  0.2113E-07
 16  4  5  64  0.2202E-07
 16  4  5  64  0.2094E-07
 16  4  5  64  0.2116E-07
 16  4  5  64  0.2072E-07
 16  4  5  64  0.2055E-07
 16  4  5  64  0.2081E-07
 16  4  5  64  0.2091E-07
 16  4  5  64  0.2030E-07
 16  4  5  64  0.2090E-07
 16  4  6  64  0.1732E-07
 16  4  6  64  0.1758E-07
 16  4  6  64  0.1724E-07
 16  4  6  64  0.1763E-07
 16  4  6  64  0.1743E-07
 16  4  6  64  0.1728E-07
 16  4  6  64  0.1759E-07
 16  4  6  64  0.1738E-07
 16  4  6  64  0.1744E-07
 16  4  6  64  0.1772E-07
 16  4  7  64  0.1947E-07
 16  4  7  64  0.1937E-07
 16  4  7  64  0.1929E-07
 16  4  7  64  0.1919E-07
 16  4  7  64  0.1924E-07
 16  4  7  64  0.1920E-07
 16  4  7  64  0.1934E-07
 16  4  7  64  0.1918E-07
 16  4  7  64  0.1914E-07
 16  4  7  64  0.1927E-07
 16  4  8  64  0.1787E-07
 16  4  8  64  0.1772E-07
 16  4  8  64  0.1772E-07
 16  4  8  64  0.1771E-07
 16  4  8  64  0.1775E-07
 16  4  8  64  0.1772E-07
 16  4  8  64  0.1777E-07
 16  4  8  64  0.1771E-07
 16  4  8  64  0.1792E-07
 16  4  8  64  0.1787E-07
 16  4  9  64  0.1988E-07
 16  4  9  64  0.1985E-07
 16  4  9  64  0.1982E-07
 16  4  9  64  0.1983E-07
 16  4  9  64  0.1985E-07
 16  4  9  64  0.1990E-07
 16  4  9  64  0.1987E-07
 16  4  9  64  0.1982E-07
 16  4  9  64  0.1985E-07
 16  4  9  64  0.1984E-07
 16  4  10  64  0.2105E-07
 16  4  10  64  0.2108E-07
 16  4  10  64  0.2101E-07
 16  4  10  64  0.2104E-07
 16  4  10  64  0.2103E-07
 16  4  10  64  0.2100E-07
 16  4  10  64  0.2107E-07
 16  4  10  64  0.2125E-07
 16  4  10  64  0.2129E-07
 16  4  10  64  0.2132E-07
 16  4  11  64  0.2073E-07
 16  4  11  64  0.2066E-07
 16  4  11  64  0.2068E-07
 16  4  11  64  0.2067E-07
 16  4  11  64  0.2070E-07
 16  4  11  64  0.2075E-07
 16  4  11  64  0.2075E-07
 16  4  11  64  0.2069E-07
 16  4  11  64  0.2069E-07
 16  4  11  64  0.2071E-07
 16  4  12  64  0.1827E-07
 16  4  12  64  0.1824E-07
 16  4  12  64  0.1824E-07
 16  4  12  64  0.1824E-07
 16  4  12  64  0.1824E-07
 16  4  12  64  0.1828E-07
 16  4  12  64  0.1825E-07
 16  4  12  64  0.1834E-07
 16  4  12  64  0.1828E-07
 16  4  12  64  0.1832E-07
 16  4  13  64  0.1962E-07
 16  4  13  64  0.1961E-07
 16  4  13  64  0.1960E-07
 16  4  13  64  0.1960E-07
 16  4  13  64  0.1962E-07
 16  4  13  64  0.1964E-07
 16  4  13  64  0.1966E-07
 16  4  13  64  0.1965E-07
 16  4  13  64  0.1963E-07
 16  4  13  64  0.1964E-07
 16  4  14  64  0.1872E-07
 16  4  14  64  0.1874E-07
 16  4  14  64  0.1872E-07
 16  4  14  64  0.1872E-07
 16  4  14  64  0.1872E-07
 16  4  14  64  0.1870E-07
 16  4  14  64  0.1870E-07
 16  4  14  64  0.1872E-07
 16  4  14  64  0.1875E-07
 16  4  14  64  0.1874E-07
 16  4  15  64  0.1985E-07
 16  4  15  64  0.1981E-07
 16  4  15  64  0.1984E-07
 16  4  15  64  0.1983E-07
 16  4  15  64  0.1983E-07
 16  4  15  64  0.1984E-07
 16  4  15  64  0.1984E-07
 16  4  15  64  0.1984E-07
 16  4  15  64  0.1983E-07
 16  4  15  64  0.1984E-07
 16  4  16  64  0.1739E-07
 16  4  16  64  0.1737E-07
 16  4  16  64  0.1742E-07
 16  4  16  64  0.1739E-07
 16  4  16  64  0.1739E-07
 16  4  16  64  0.1740E-07
 16  4  16  64  0.1745E-07
 16  4  16  64  0.1744E-07
 16  4  16  64  0.1745E-07
 16  4  16  64  0.1743E-07
 16  4  17  64  0.2331E-07
 16  4  17  64  0.2329E-07
 16  4  17  64  0.2322E-07
 16  4  17  64  0.2329E-07
 16  4  17  64  0.2326E-07
 16  4  17  64  0.2329E-07
 16  4  17  64  0.2330E-07
 16  4  17  64  0.2332E-07
 16  4  17  64  0.2332E-07
 16  4  17  64  0.2330E-07
 16  4  18  64  0.2180E-07
 16  4  18  64  0.2179E-07
 16  4  18  64  0.2178E-07
 16  4  18  64  0.2177E-07
 16  4  18  64  0.2176E-07
 16  4  18  64  0.2177E-07
 16  4  18  64  0.2178E-07
 16  4  18  64  0.2176E-07
 16  4  18  64  0.2178E-07
 16  4  18  64  0.2179E-07
 16  4  19  64  0.2315E-07
 16  4  19  64  0.2311E-07
 16  4  19  64  0.2311E-07
 16  4  19  64  0.2311E-07
 16  4  19  64  0.2311E-07
 16  4  19  64  0.2311E-07
 16  4  19  64  0.2310E-07
 16  4  19  64  0.2312E-07
 16  4  19  64  0.2312E-07
 16  4  19  64  0.2312E-07
 16  4  20  64  0.2194E-07
 16  4  20  64  0.2189E-07
 16  4  20  64  0.2190E-07
 16  4  20  64  0.2190E-07
 16  4  20  64  0.2189E-07
 16  4  20  64  0.2189E-07
 16  4  20  64  0.2190E-07
 16  4  20  64  0.2190E-07
 16  4  20  64  0.2191E-07
 16  4  20  64  0.2190E-07
