 16  2  3  32  0.1149E-06
 16  2  3  32  0.1144E-06
 16  2  3  32  0.1140E-06
 16  2  3  32  0.1135E-06
 16  2  3  32  0.1135E-06
 16  2  3  32  0.1140E-06
 16  2  3  32  0.1136E-06
 16  2  3  32  0.1149E-06
 16  2  3  32  0.1144E-06
 16  2  3  32  0.1131E-06
 16  2  4  32  0.7285E-07
 16  2  4  32  0.7166E-07
 16  2  4  32  0.7071E-07
 16  2  4  32  0.7079E-07
 16  2  4  32  0.7237E-07
 16  2  4  32  0.7008E-07
 16  2  4  32  0.7303E-07
 16  2  4  32  0.7159E-07
 16  2  4  32  0.7115E-07
 16  2  4  32  0.7229E-07
 16  2  5  32  0.6413E-07
 16  2  5  32  0.6301E-07
 16  2  5  32  0.6172E-07
 16  2  5  32  0.6275E-07
 16  2  5  32  0.6350E-07
 16  2  5  32  0.6244E-07
 16  2  5  32  0.6269E-07
 16  2  5  32  0.6252E-07
 16  2  5  32  0.6320E-07
 16  2  5  32  0.6287E-07
 16  2  6  32  0.5591E-07
 16  2  6  32  0.5504E-07
 16  2  6  32  0.5534E-07
 16  2  6  32  0.5518E-07
 16  2  6  32  0.5515E-07
 16  2  6  32  0.5460E-07
 16  2  6  32  0.5488E-07
 16  2  6  32  0.5523E-07
 16  2  6  32  0.5493E-07
 16  2  6  32  0.5511E-07
 16  2  7  32  0.5178E-07
 16  2  7  32  0.5132E-07
 16  2  7  32  0.5130E-07
 16  2  7  32  0.5147E-07
 16  2  7  32  0.5152E-07
 16  2  7  32  0.5145E-07
 16  2  7  32  0.5145E-07
 16  2  7  32  0.5135E-07
 16  2  7  32  0.5138E-07
 16  2  7  32  0.5182E-07
 16  2  8  32  0.5012E-07
 16  2  8  32  0.4974E-07
 16  2  8  32  0.4968E-07
 16  2  8  32  0.4957E-07
 16  2  8  32  0.4950E-07
 16  2  8  32  0.4954E-07
 16  2  8  32  0.4958E-07
 16  2  8  32  0.4955E-07
 16  2  8  32  0.4959E-07
 16  2  8  32  0.4951E-07
 16  2  9  32  0.4910E-07
 16  2  9  32  0.4890E-07
 16  2  9  32  0.4910E-07
 16  2  9  32  0.4930E-07
 16  2  9  32  0.4929E-07
 16  2  9  32  0.4923E-07
 16  2  9  32  0.4925E-07
 16  2  9  32  0.4929E-07
 16  2  9  32  0.4926E-07
 16  2  9  32  0.4930E-07
 16  2  10  32  0.4989E-07
 16  2  10  32  0.4962E-07
 16  2  10  32  0.4962E-07
 16  2  10  32  0.4971E-07
 16  2  10  32  0.4976E-07
 16  2  10  32  0.4982E-07
 16  2  10  32  0.4977E-07
 16  2  10  32  0.4978E-07
 16  2  10  32  0.4978E-07
 16  2  10  32  0.4979E-07
 16  2  11  32  0.4879E-07
 16  2  11  32  0.4860E-07
 16  2  11  32  0.4862E-07
 16  2  11  32  0.4864E-07
 16  2  11  32  0.4872E-07
 16  2  11  32  0.4899E-07
 16  2  11  32  0.4900E-07
 16  2  11  32  0.4929E-07
 16  2  11  32  0.4918E-07
 16  2  11  32  0.4913E-07
 16  2  12  32  0.4414E-07
 16  2  12  32  0.4373E-07
 16  2  12  32  0.4374E-07
 16  2  12  32  0.4374E-07
 16  2  12  32  0.4383E-07
 16  2  12  32  0.4400E-07
 16  2  12  32  0.4391E-07
 16  2  12  32  0.4391E-07
 16  2  12  32  0.4393E-07
 16  2  12  32  0.4393E-07
 16  2  13  32  0.4492E-07
 16  2  13  32  0.4479E-07
 16  2  13  32  0.4473E-07
 16  2  13  32  0.4478E-07
 16  2  13  32  0.4480E-07
 16  2  13  32  0.4477E-07
 16  2  13  32  0.4479E-07
 16  2  13  32  0.4478E-07
 16  2  13  32  0.4475E-07
 16  2  13  32  0.4477E-07
 16  2  14  32  0.4238E-07
 16  2  14  32  0.4234E-07
 16  2  14  32  0.4239E-07
 16  2  14  32  0.4232E-07
 16  2  14  32  0.4225E-07
 16  2  14  32  0.4225E-07
 16  2  14  32  0.4243E-07
 16  2  14  32  0.4242E-07
 16  2  14  32  0.4243E-07
 16  2  14  32  0.4243E-07
 16  2  15  32  0.4397E-07
 16  2  15  32  0.4376E-07
 16  2  15  32  0.4374E-07
 16  2  15  32  0.4374E-07
 16  2  15  32  0.4374E-07
 16  2  15  32  0.4374E-07
 16  2  15  32  0.4375E-07
 16  2  15  32  0.4375E-07
 16  2  15  32  0.4379E-07
 16  2  15  32  0.4374E-07
 16  2  16  32  0.4090E-07
 16  2  16  32  0.4072E-07
 16  2  16  32  0.4077E-07
 16  2  16  32  0.4078E-07
 16  2  16  32  0.4069E-07
 16  2  16  32  0.4069E-07
 16  2  16  32  0.4073E-07
 16  2  16  32  0.4071E-07
 16  2  16  32  0.4069E-07
 16  2  16  32  0.4074E-07
 16  2  17  32  0.4994E-07
 16  2  17  32  0.4986E-07
 16  2  17  32  0.4989E-07
 16  2  17  32  0.4987E-07
 16  2  17  32  0.4977E-07
 16  2  17  32  0.4978E-07
 16  2  17  32  0.4979E-07
 16  2  17  32  0.4977E-07
 16  2  17  32  0.4977E-07
 16  2  17  32  0.4978E-07
 16  2  18  32  0.4743E-07
 16  2  18  32  0.4721E-07
 16  2  18  32  0.4726E-07
 16  2  18  32  0.4727E-07
 16  2  18  32  0.4729E-07
 16  2  18  32  0.4736E-07
 16  2  18  32  0.4726E-07
 16  2  18  32  0.4724E-07
 16  2  18  32  0.4730E-07
 16  2  18  32  0.4727E-07
 16  2  19  32  0.4935E-07
 16  2  19  32  0.4921E-07
 16  2  19  32  0.4917E-07
 16  2  19  32  0.4911E-07
 16  2  19  32  0.4919E-07
 16  2  19  32  0.4915E-07
 16  2  19  32  0.4916E-07
 16  2  19  32  0.4912E-07
 16  2  19  32  0.4914E-07
 16  2  19  32  0.4912E-07
 16  2  20  32  0.4899E-07
 16  2  20  32  0.4890E-07
 16  2  20  32  0.4888E-07
 16  2  20  32  0.4893E-07
 16  2  20  32  0.4893E-07
 16  2  20  32  0.4889E-07
 16  2  20  32  0.4890E-07
 16  2  20  32  0.4890E-07
 16  2  20  32  0.4888E-07
 16  2  20  32  0.4894E-07
