 16  4  3  64  0.3713E-07
 16  4  3  64  0.3410E-07
 16  4  3  64  0.3398E-07
 16  4  3  64  0.3299E-07
 16  4  3  64  0.3642E-07
 16  4  3  64  0.3519E-07
 16  4  3  64  0.3265E-07
 16  4  3  64  0.3385E-07
 16  4  3  64  0.3463E-07
 16  4  3  64  0.3327E-07
 16  4  4  64  0.2164E-07
 16  4  4  64  0.2007E-07
 16  4  4  64  0.1934E-07
 16  4  4  64  0.1962E-07
 16  4  4  64  0.1927E-07
 16  4  4  64  0.2069E-07
 16  4  4  64  0.1916E-07
 16  4  4  64  0.1975E-07
 16  4  4  64  0.1898E-07
 16  4  4  64  0.1907E-07
 16  4  5  64  0.2223E-07
 16  4  5  64  0.1990E-07
 16  4  5  64  0.1986E-07
 16  4  5  64  0.2044E-07
 16  4  5  64  0.2028E-07
 16  4  5  64  0.2061E-07
 16  4  5  64  0.2021E-07
 16  4  5  64  0.2057E-07
 16  4  5  64  0.2036E-07
 16  4  5  64  0.2023E-07
 16  4  6  64  0.1759E-07
 16  4  6  64  0.1696E-07
 16  4  6  64  0.1702E-07
 16  4  6  64  0.1693E-07
 16  4  6  64  0.1699E-07
 16  4  6  64  0.1699E-07
 16  4  6  64  0.1698E-07
 16  4  6  64  0.1684E-07
 16  4  6  64  0.1691E-07
 16  4  6  64  0.1694E-07
 16  4  7  64  0.1726E-07
 16  4  7  64  0.1700E-07
 16  4  7  64  0.1698E-07
 16  4  7  64  0.1702E-07
 16  4  7  64  0.1698E-07
 16  4  7  64  0.1702E-07
 16  4  7  64  0.1694E-07
 16  4  7  64  0.1702E-07
 16  4  7  64  0.1699E-07
 16  4  7  64  0.1698E-07
 16  4  8  64  0.1365E-07
 16  4  8  64  0.1348E-07
 16  4  8  64  0.1346E-07
 16  4  8  64  0.1346E-07
 16  4  8  64  0.1345E-07
 16  4  8  64  0.1341E-07
 16  4  8  64  0.1345E-07
 16  4  8  64  0.1349E-07
 16  4  8  64  0.1348E-07
 16  4  8  64  0.1346E-07
 16  4  9  64  0.1620E-07
 16  4  9  64  0.1609E-07
 16  4  9  64  0.1610E-07
 16  4  9  64  0.1607E-07
 16  4  9  64  0.1606E-07
 16  4  9  64  0.1603E-07
 16  4  9  64  0.1606E-07
 16  4  9  64  0.1601E-07
 16  4  9  64  0.1608E-07
 16  4  9  64  0.1606E-07
 16  4  10  64  0.1730E-07
 16  4  10  64  0.1723E-07
 16  4  10  64  0.1724E-07
 16  4  10  64  0.1719E-07
 16  4  10  64  0.1721E-07
 16  4  10  64  0.1718E-07
 16  4  10  64  0.1720E-07
 16  4  10  64  0.1715E-07
 16  4  10  64  0.1728E-07
 16  4  10  64  0.1726E-07
 16  4  11  64  0.1728E-07
 16  4  11  64  0.1720E-07
 16  4  11  64  0.1721E-07
 16  4  11  64  0.1721E-07
 16  4  11  64  0.1719E-07
 16  4  11  64  0.1721E-07
 16  4  11  64  0.1720E-07
 16  4  11  64  0.1721E-07
 16  4  11  64  0.1720E-07
 16  4  11  64  0.1720E-07
 16  4  12  64  0.1517E-07
 16  4  12  64  0.1510E-07
 16  4  12  64  0.1507E-07
 16  4  12  64  0.1512E-07
 16  4  12  64  0.1503E-07
 16  4  12  64  0.1506E-07
 16  4  12  64  0.1503E-07
 16  4  12  64  0.1505E-07
 16  4  12  64  0.1506E-07
 16  4  12  64  0.1505E-07
 16  4  13  64  0.1646E-07
 16  4  13  64  0.1637E-07
 16  4  13  64  0.1637E-07
 16  4  13  64  0.1637E-07
 16  4  13  64  0.1636E-07
 16  4  13  64  0.1637E-07
 16  4  13  64  0.1636E-07
 16  4  13  64  0.1636E-07
 16  4  13  64  0.1637E-07
 16  4  13  64  0.1637E-07
 16  4  14  64  0.1532E-07
 16  4  14  64  0.1527E-07
 16  4  14  64  0.1530E-07
 16  4  14  64  0.1528E-07
 16  4  14  64  0.1528E-07
 16  4  14  64  0.1524E-07
 16  4  14  64  0.1524E-07
 16  4  14  64  0.1526E-07
 16  4  14  64  0.1526E-07
 16  4  14  64  0.1529E-07
 16  4  15  64  0.1665E-07
 16  4  15  64  0.1654E-07
 16  4  15  64  0.1650E-07
 16  4  15  64  0.1651E-07
 16  4  15  64  0.1654E-07
 16  4  15  64  0.1654E-07
 16  4  15  64  0.1653E-07
 16  4  15  64  0.1655E-07
 16  4  15  64  0.1655E-07
 16  4  15  64  0.1659E-07
 16  4  16  64  0.1432E-07
 16  4  16  64  0.1429E-07
 16  4  16  64  0.1428E-07
 16  4  16  64  0.1429E-07
 16  4  16  64  0.1428E-07
 16  4  16  64  0.1430E-07
 16  4  16  64  0.1430E-07
 16  4  16  64  0.1430E-07
 16  4  16  64  0.1431E-07
 16  4  16  64  0.1431E-07
 16  4  17  64  0.2053E-07
 16  4  17  64  0.2046E-07
 16  4  17  64  0.2050E-07
 16  4  17  64  0.2050E-07
 16  4  17  64  0.2054E-07
 16  4  17  64  0.2050E-07
 16  4  17  64  0.2054E-07
 16  4  17  64  0.2050E-07
 16  4  17  64  0.2051E-07
 16  4  17  64  0.2050E-07
 16  4  18  64  0.1876E-07
 16  4  18  64  0.1869E-07
 16  4  18  64  0.1872E-07
 16  4  18  64  0.1873E-07
 16  4  18  64  0.1872E-07
 16  4  18  64  0.1871E-07
 16  4  18  64  0.1875E-07
 16  4  18  64  0.1874E-07
 16  4  18  64  0.1873E-07
 16  4  18  64  0.1873E-07
 16  4  19  64  0.2053E-07
 16  4  19  64  0.2045E-07
 16  4  19  64  0.2047E-07
 16  4  19  64  0.2049E-07
 16  4  19  64  0.2048E-07
 16  4  19  64  0.2048E-07
 16  4  19  64  0.2048E-07
 16  4  19  64  0.2048E-07
 16  4  19  64  0.2048E-07
 16  4  19  64  0.2049E-07
 16  4  20  64  0.1923E-07
 16  4  20  64  0.1918E-07
 16  4  20  64  0.1918E-07
 16  4  20  64  0.1915E-07
 16  4  20  64  0.1916E-07
 16  4  20  64  0.1915E-07
 16  4  20  64  0.1921E-07
 16  4  20  64  0.1923E-07
 16  4  20  64  0.1922E-07
 16  4  20  64  0.1924E-07
