 16  4  3  64  0.6563E-07
 16  4  3  64  0.7084E-07
 16  4  3  64  0.6517E-07
 16  4  3  64  0.6638E-07
 16  4  3  64  0.6775E-07
 16  4  3  64  0.6895E-07
 16  4  3  64  0.6327E-07
 16  4  3  64  0.6486E-07
 16  4  3  64  0.6837E-07
 16  4  3  64  0.7284E-07
 16  4  4  64  0.4638E-07
 16  4  4  64  0.4668E-07
 16  4  4  64  0.4479E-07
 16  4  4  64  0.4439E-07
 16  4  4  64  0.4600E-07
 16  4  4  64  0.4519E-07
 16  4  4  64  0.4602E-07
 16  4  4  64  0.4492E-07
 16  4  4  64  0.4388E-07
 16  4  4  64  0.4615E-07
 16  4  5  64  0.3724E-07
 16  4  5  64  0.3670E-07
 16  4  5  64  0.3668E-07
 16  4  5  64  0.3691E-07
 16  4  5  64  0.3679E-07
 16  4  5  64  0.3685E-07
 16  4  5  64  0.3688E-07
 16  4  5  64  0.3662E-07
 16  4  5  64  0.3666E-07
 16  4  5  64  0.3653E-07
 16  4  6  64  0.3219E-07
 16  4  6  64  0.3213E-07
 16  4  6  64  0.3198E-07
 16  4  6  64  0.3181E-07
 16  4  6  64  0.3201E-07
 16  4  6  64  0.3195E-07
 16  4  6  64  0.3212E-07
 16  4  6  64  0.3229E-07
 16  4  6  64  0.3209E-07
 16  4  6  64  0.3212E-07
 16  4  7  64  0.2768E-07
 16  4  7  64  0.2741E-07
 16  4  7  64  0.2737E-07
 16  4  7  64  0.2741E-07
 16  4  7  64  0.2733E-07
 16  4  7  64  0.2723E-07
 16  4  7  64  0.2735E-07
 16  4  7  64  0.2739E-07
 16  4  7  64  0.2745E-07
 16  4  7  64  0.2739E-07
 16  4  8  64  0.2642E-07
 16  4  8  64  0.2626E-07
 16  4  8  64  0.2618E-07
 16  4  8  64  0.2621E-07
 16  4  8  64  0.2625E-07
 16  4  8  64  0.2617E-07
 16  4  8  64  0.2627E-07
 16  4  8  64  0.2628E-07
 16  4  8  64  0.2619E-07
 16  4  8  64  0.2625E-07
 16  4  9  64  0.2564E-07
 16  4  9  64  0.2552E-07
 16  4  9  64  0.2548E-07
 16  4  9  64  0.2550E-07
 16  4  9  64  0.2550E-07
 16  4  9  64  0.2548E-07
 16  4  9  64  0.2552E-07
 16  4  9  64  0.2560E-07
 16  4  9  64  0.2556E-07
 16  4  9  64  0.2554E-07
 16  4  10  64  0.2591E-07
 16  4  10  64  0.2580E-07
 16  4  10  64  0.2576E-07
 16  4  10  64  0.2585E-07
 16  4  10  64  0.2587E-07
 16  4  10  64  0.2591E-07
 16  4  10  64  0.2595E-07
 16  4  10  64  0.2593E-07
 16  4  10  64  0.2591E-07
 16  4  10  64  0.2593E-07
 16  4  11  64  0.2526E-07
 16  4  11  64  0.2516E-07
 16  4  11  64  0.2520E-07
 16  4  11  64  0.2525E-07
 16  4  11  64  0.2525E-07
 16  4  11  64  0.2524E-07
 16  4  11  64  0.2525E-07
 16  4  11  64  0.2525E-07
 16  4  11  64  0.2527E-07
 16  4  11  64  0.2526E-07
 16  4  12  64  0.2259E-07
 16  4  12  64  0.2250E-07
 16  4  12  64  0.2249E-07
 16  4  12  64  0.2259E-07
 16  4  12  64  0.2256E-07
 16  4  12  64  0.2255E-07
 16  4  12  64  0.2254E-07
 16  4  12  64  0.2254E-07
 16  4  12  64  0.2256E-07
 16  4  12  64  0.2256E-07
 16  4  13  64  0.2320E-07
 16  4  13  64  0.2308E-07
 16  4  13  64  0.2310E-07
 16  4  13  64  0.2312E-07
 16  4  13  64  0.2313E-07
 16  4  13  64  0.2308E-07
 16  4  13  64  0.2308E-07
 16  4  13  64  0.2307E-07
 16  4  13  64  0.2307E-07
 16  4  13  64  0.2306E-07
 16  4  14  64  0.2192E-07
 16  4  14  64  0.2182E-07
 16  4  14  64  0.2182E-07
 16  4  14  64  0.2179E-07
 16  4  14  64  0.2185E-07
 16  4  14  64  0.2184E-07
 16  4  14  64  0.2183E-07
 16  4  14  64  0.2183E-07
 16  4  14  64  0.2181E-07
 16  4  14  64  0.2181E-07
 16  4  15  64  0.2301E-07
 16  4  15  64  0.2292E-07
 16  4  15  64  0.2291E-07
 16  4  15  64  0.2294E-07
 16  4  15  64  0.2293E-07
 16  4  15  64  0.2293E-07
 16  4  15  64  0.2291E-07
 16  4  15  64  0.2289E-07
 16  4  15  64  0.2289E-07
 16  4  15  64  0.2291E-07
 16  4  16  64  0.2087E-07
 16  4  16  64  0.2077E-07
 16  4  16  64  0.2073E-07
 16  4  16  64  0.2074E-07
 16  4  16  64  0.2072E-07
 16  4  16  64  0.2073E-07
 16  4  16  64  0.2076E-07
 16  4  16  64  0.2076E-07
 16  4  16  64  0.2079E-07
 16  4  16  64  0.2074E-07
 16  4  17  64  0.2558E-07
 16  4  17  64  0.2545E-07
 16  4  17  64  0.2547E-07
 16  4  17  64  0.2547E-07
 16  4  17  64  0.2547E-07
 16  4  17  64  0.2547E-07
 16  4  17  64  0.2547E-07
 16  4  17  64  0.2546E-07
 16  4  17  64  0.2545E-07
 16  4  17  64  0.2548E-07
 16  4  18  64  0.2416E-07
 16  4  18  64  0.2400E-07
 16  4  18  64  0.2401E-07
 16  4  18  64  0.2402E-07
 16  4  18  64  0.2404E-07
 16  4  18  64  0.2410E-07
 16  4  18  64  0.2413E-07
 16  4  18  64  0.2402E-07
 16  4  18  64  0.2408E-07
 16  4  18  64  0.2409E-07
 16  4  19  64  0.2496E-07
 16  4  19  64  0.2489E-07
 16  4  19  64  0.2488E-07
 16  4  19  64  0.2488E-07
 16  4  19  64  0.2485E-07
 16  4  19  64  0.2485E-07
 16  4  19  64  0.2486E-07
 16  4  19  64  0.2487E-07
 16  4  19  64  0.2491E-07
 16  4  19  64  0.2489E-07
 16  4  20  64  0.2511E-07
 16  4  20  64  0.2508E-07
 16  4  20  64  0.2508E-07
 16  4  20  64  0.2508E-07
 16  4  20  64  0.2505E-07
 16  4  20  64  0.2503E-07
 16  4  20  64  0.2503E-07
 16  4  20  64  0.2506E-07
 16  4  20  64  0.2507E-07
 16  4  20  64  0.2504E-07
