 16  32  3  512  0.8442E-08
 16  32  3  512  0.8010E-08
 16  32  3  512  0.7981E-08
 16  32  3  512  0.7970E-08
 16  32  3  512  0.7973E-08
 16  32  3  512  0.7934E-08
 16  32  3  512  0.7946E-08
 16  32  3  512  0.7976E-08
 16  32  3  512  0.7917E-08
 16  32  3  512  0.7900E-08
 16  32  4  512  0.4382E-08
 16  32  4  512  0.4163E-08
 16  32  4  512  0.4153E-08
 16  32  4  512  0.4154E-08
 16  32  4  512  0.4142E-08
 16  32  4  512  0.4163E-08
 16  32  4  512  0.4142E-08
 16  32  4  512  0.4155E-08
 16  32  4  512  0.4147E-08
 16  32  4  512  0.4128E-08
 16  32  5  512  0.3246E-08
 16  32  5  512  0.3177E-08
 16  32  5  512  0.3179E-08
 16  32  5  512  0.3177E-08
 16  32  5  512  0.3181E-08
 16  32  5  512  0.3186E-08
 16  32  5  512  0.3198E-08
 16  32  5  512  0.3176E-08
 16  32  5  512  0.3199E-08
 16  32  5  512  0.3185E-08
 16  32  6  512  0.2557E-08
 16  32  6  512  0.2509E-08
 16  32  6  512  0.2531E-08
 16  32  6  512  0.2503E-08
 16  32  6  512  0.2503E-08
 16  32  6  512  0.2505E-08
 16  32  6  512  0.2486E-08
 16  32  6  512  0.2469E-08
 16  32  6  512  0.2492E-08
 16  32  6  512  0.2458E-08
 16  32  7  512  0.3384E-08
 16  32  7  512  0.3335E-08
 16  32  7  512  0.3343E-08
 16  32  7  512  0.3335E-08
 16  32  7  512  0.3345E-08
 16  32  7  512  0.3360E-08
 16  32  7  512  0.3354E-08
 16  32  7  512  0.3347E-08
 16  32  7  512  0.3326E-08
 16  32  7  512  0.3342E-08
 16  32  8  512  0.2668E-08
 16  32  8  512  0.2637E-08
 16  32  8  512  0.2654E-08
 16  32  8  512  0.2649E-08
 16  32  8  512  0.2641E-08
 16  32  8  512  0.2644E-08
 16  32  8  512  0.2644E-08
 16  32  8  512  0.2642E-08
 16  32  8  512  0.2644E-08
 16  32  8  512  0.2647E-08
 16  32  9  512  0.3073E-08
 16  32  9  512  0.3057E-08
 16  32  9  512  0.3055E-08
 16  32  9  512  0.3069E-08
 16  32  9  512  0.3060E-08
 16  32  9  512  0.3057E-08
 16  32  9  512  0.3056E-08
 16  32  9  512  0.3091E-08
 16  32  9  512  0.3087E-08
 16  32  9  512  0.3086E-08
 16  32  10  512  0.3009E-08
 16  32  10  512  0.2998E-08
 16  32  10  512  0.2995E-08
 16  32  10  512  0.2992E-08
 16  32  10  512  0.2989E-08
 16  32  10  512  0.2989E-08
 16  32  10  512  0.2993E-08
 16  32  10  512  0.2989E-08
 16  32  10  512  0.2995E-08
 16  32  10  512  0.2995E-08
 16  32  11  512  0.2961E-08
 16  32  11  512  0.2955E-08
 16  32  11  512  0.2945E-08
 16  32  11  512  0.2942E-08
 16  32  11  512  0.2944E-08
 16  32  11  512  0.2948E-08
 16  32  11  512  0.2943E-08
 16  32  11  512  0.2959E-08
 16  32  11  512  0.2950E-08
 16  32  11  512  0.2948E-08
 16  32  12  512  0.2607E-08
 16  32  12  512  0.2602E-08
 16  32  12  512  0.2600E-08
 16  32  12  512  0.2608E-08
 16  32  12  512  0.2605E-08
 16  32  12  512  0.2603E-08
 16  32  12  512  0.2603E-08
 16  32  12  512  0.2604E-08
 16  32  12  512  0.2605E-08
 16  32  12  512  0.2608E-08
 16  32  13  512  0.2778E-08
 16  32  13  512  0.2769E-08
 16  32  13  512  0.2773E-08
 16  32  13  512  0.2771E-08
 16  32  13  512  0.2771E-08
 16  32  13  512  0.2770E-08
 16  32  13  512  0.2769E-08
 16  32  13  512  0.2770E-08
 16  32  13  512  0.2774E-08
 16  32  13  512  0.2774E-08
 16  32  14  512  0.2645E-08
 16  32  14  512  0.2646E-08
 16  32  14  512  0.2638E-08
 16  32  14  512  0.2637E-08
 16  32  14  512  0.2639E-08
 16  32  14  512  0.2639E-08
 16  32  14  512  0.2638E-08
 16  32  14  512  0.2637E-08
 16  32  14  512  0.2640E-08
 16  32  14  512  0.2639E-08
 16  32  15  512  0.2728E-08
 16  32  15  512  0.2724E-08
 16  32  15  512  0.2721E-08
 16  32  15  512  0.2724E-08
 16  32  15  512  0.2723E-08
 16  32  15  512  0.2721E-08
 16  32  15  512  0.2725E-08
 16  32  15  512  0.2723E-08
 16  32  15  512  0.2721E-08
 16  32  15  512  0.2727E-08
 16  32  16  512  0.2552E-08
 16  32  16  512  0.2546E-08
 16  32  16  512  0.2549E-08
 16  32  16  512  0.2546E-08
 16  32  16  512  0.2543E-08
 16  32  16  512  0.2545E-08
 16  32  16  512  0.2543E-08
 16  32  16  512  0.2544E-08
 16  32  16  512  0.2545E-08
 16  32  16  512  0.2543E-08
 16  32  17  512  0.3252E-08
 16  32  17  512  0.3250E-08
 16  32  17  512  0.3247E-08
 16  32  17  512  0.3249E-08
 16  32  17  512  0.3249E-08
 16  32  17  512  0.3246E-08
 16  32  17  512  0.3249E-08
 16  32  17  512  0.3247E-08
 16  32  17  512  0.3248E-08
 16  32  17  512  0.3248E-08
 16  32  18  512  0.3063E-08
 16  32  18  512  0.3054E-08
 16  32  18  512  0.3055E-08
 16  32  18  512  0.3055E-08
 16  32  18  512  0.3054E-08
 16  32  18  512  0.3055E-08
 16  32  18  512  0.3056E-08
 16  32  18  512  0.3053E-08
 16  32  18  512  0.3053E-08
 16  32  18  512  0.3054E-08
 16  32  19  512  0.3221E-08
 16  32  19  512  0.3215E-08
 16  32  19  512  0.3212E-08
 16  32  19  512  0.3211E-08
 16  32  19  512  0.3210E-08
 16  32  19  512  0.3213E-08
 16  32  19  512  0.3215E-08
 16  32  19  512  0.3214E-08
 16  32  19  512  0.3214E-08
 16  32  19  512  0.3213E-08
 16  32  20  512  0.3119E-08
 16  32  20  512  0.3114E-08
 16  32  20  512  0.3117E-08
 16  32  20  512  0.3126E-08
 16  32  20  512  0.3126E-08
 16  32  20  512  0.3124E-08
 16  32  20  512  0.3126E-08
 16  32  20  512  0.3126E-08
 16  32  20  512  0.3123E-08
 16  32  20  512  0.3124E-08
