 1  1  3  1  0.9013E-07
 1  1  3  1  0.9443E-07
 1  1  3  1  0.9248E-07
 1  1  3  1  0.8901E-07
 1  1  3  1  0.8754E-07
 1  1  3  1  0.9048E-07
 1  1  3  1  0.8939E-07
 1  1  3  1  0.9086E-07
 1  1  3  1  0.8518E-07
 1  1  3  1  0.8592E-07
 1  1  4  1  0.6442E-07
 1  1  4  1  0.6473E-07
 1  1  4  1  0.6448E-07
 1  1  4  1  0.6448E-07
 1  1  4  1  0.6475E-07
 1  1  4  1  0.6317E-07
 1  1  4  1  0.6250E-07
 1  1  4  1  0.6432E-07
 1  1  4  1  0.6313E-07
 1  1  4  1  0.6297E-07
 1  1  5  1  0.6598E-07
 1  1  5  1  0.6363E-07
 1  1  5  1  0.6291E-07
 1  1  5  1  0.6306E-07
 1  1  5  1  0.6278E-07
 1  1  5  1  0.6362E-07
 1  1  5  1  0.6278E-07
 1  1  5  1  0.6328E-07
 1  1  5  1  0.6304E-07
 1  1  5  1  0.6325E-07
 1  1  6  1  0.6659E-07
 1  1  6  1  0.6610E-07
 1  1  6  1  0.6568E-07
 1  1  6  1  0.6514E-07
 1  1  6  1  0.6531E-07
 1  1  6  1  0.6508E-07
 1  1  6  1  0.6548E-07
 1  1  6  1  0.6505E-07
 1  1  6  1  0.6483E-07
 1  1  6  1  0.6479E-07
 1  1  7  1  0.5930E-07
 1  1  7  1  0.5937E-07
 1  1  7  1  0.5898E-07
 1  1  7  1  0.5872E-07
 1  1  7  1  0.5873E-07
 1  1  7  1  0.5860E-07
 1  1  7  1  0.5849E-07
 1  1  7  1  0.5893E-07
 1  1  7  1  0.5885E-07
 1  1  7  1  0.5843E-07
 1  1  8  1  0.6441E-07
 1  1  8  1  0.6394E-07
 1  1  8  1  0.6398E-07
 1  1  8  1  0.6383E-07
 1  1  8  1  0.6374E-07
 1  1  8  1  0.6393E-07
 1  1  8  1  0.6358E-07
 1  1  8  1  0.6382E-07
 1  1  8  1  0.6515E-07
 1  1  8  1  0.6311E-07
 1  1  9  1  0.7072E-07
 1  1  9  1  0.6850E-07
 1  1  9  1  0.6899E-07
 1  1  9  1  0.6860E-07
 1  1  9  1  0.6835E-07
 1  1  9  1  0.6827E-07
 1  1  9  1  0.6815E-07
 1  1  9  1  0.6817E-07
 1  1  9  1  0.6812E-07
 1  1  9  1  0.6819E-07
 1  1  10  1  0.7163E-07
 1  1  10  1  0.7124E-07
 1  1  10  1  0.7256E-07
 1  1  10  1  0.7121E-07
 1  1  10  1  0.7128E-07
 1  1  10  1  0.7141E-07
 1  1  10  1  0.7111E-07
 1  1  10  1  0.7110E-07
 1  1  10  1  0.7099E-07
 1  1  10  1  0.7104E-07
 1  1  11  1  0.6930E-07
 1  1  11  1  0.6684E-07
 1  1  11  1  0.6665E-07
 1  1  11  1  0.6685E-07
 1  1  11  1  0.6670E-07
 1  1  11  1  0.6668E-07
 1  1  11  1  0.6673E-07
 1  1  11  1  0.6672E-07
 1  1  11  1  0.6657E-07
 1  1  11  1  0.6649E-07
 1  1  12  1  0.6097E-07
 1  1  12  1  0.5899E-07
 1  1  12  1  0.5849E-07
 1  1  12  1  0.5854E-07
 1  1  12  1  0.5830E-07
 1  1  12  1  0.6081E-07
 1  1  12  1  0.5892E-07
 1  1  12  1  0.5838E-07
 1  1  12  1  0.5832E-07
 1  1  12  1  0.5866E-07
 1  1  13  1  0.6644E-07
 1  1  13  1  0.6406E-07
 1  1  13  1  0.6415E-07
 1  1  13  1  0.6404E-07
 1  1  13  1  0.6491E-07
 1  1  13  1  0.6424E-07
 1  1  13  1  0.6424E-07
 1  1  13  1  0.6443E-07
 1  1  13  1  0.6426E-07
 1  1  13  1  0.6421E-07
 1  1  14  1  0.6081E-07
 1  1  14  1  0.5799E-07
 1  1  14  1  0.5821E-07
 1  1  14  1  0.5785E-07
 1  1  14  1  0.5806E-07
 1  1  14  1  0.5775E-07
 1  1  14  1  0.5802E-07
 1  1  14  1  0.5777E-07
 1  1  14  1  0.5789E-07
 1  1  14  1  0.5778E-07
 1  1  15  1  0.6625E-07
 1  1  15  1  0.6346E-07
 1  1  15  1  0.6334E-07
 1  1  15  1  0.6354E-07
 1  1  15  1  0.6347E-07
 1  1  15  1  0.6320E-07
 1  1  15  1  0.6345E-07
 1  1  15  1  0.6335E-07
 1  1  15  1  0.6315E-07
 1  1  15  1  0.6322E-07
 1  1  16  1  0.7713E-07
 1  1  16  1  0.7455E-07
 1  1  16  1  0.7520E-07
 1  1  16  1  0.7512E-07
 1  1  16  1  0.7509E-07
 1  1  16  1  0.7502E-07
 1  1  16  1  0.7501E-07
 1  1  16  1  0.7491E-07
 1  1  16  1  0.7484E-07
 1  1  16  1  0.7482E-07
 1  1  17  1  0.9001E-07
 1  1  17  1  0.8726E-07
 1  1  17  1  0.8715E-07
 1  1  17  1  0.8707E-07
 1  1  17  1  0.8706E-07
 1  1  17  1  0.8711E-07
 1  1  17  1  0.8730E-07
 1  1  17  1  0.8739E-07
 1  1  17  1  0.8744E-07
 1  1  17  1  0.8755E-07
 1  1  18  1  0.8897E-07
 1  1  18  1  0.8694E-07
 1  1  18  1  0.8709E-07
 1  1  18  1  0.8703E-07
 1  1  18  1  0.8755E-07
 1  1  18  1  0.8759E-07
 1  1  18  1  0.8763E-07
 1  1  18  1  0.8770E-07
 1  1  18  1  0.8770E-07
 1  1  18  1  0.8766E-07
 1  1  19  1  0.9575E-07
 1  1  19  1  0.9395E-07
 1  1  19  1  0.9397E-07
 1  1  19  1  0.9400E-07
 1  1  19  1  0.9414E-07
 1  1  19  1  0.9368E-07
 1  1  19  1  0.9459E-07
 1  1  19  1  0.9582E-07
 1  1  19  1  0.9585E-07
 1  1  19  1  0.9597E-07
 1  1  20  1  0.8734E-07
 1  1  20  1  0.8639E-07
 1  1  20  1  0.8718E-07
 1  1  20  1  0.8723E-07
 1  1  20  1  0.8715E-07
 1  1  20  1  0.8720E-07
 1  1  20  1  0.8719E-07
 1  1  20  1  0.8718E-07
 1  1  20  1  0.8720E-07
 1  1  20  1  0.8716E-07
