 1  1  3  1  0.1901E-05
 1  1  3  1  0.1063E-05
 1  1  3  1  0.9625E-06
 1  1  3  1  0.9507E-06
 1  1  3  1  0.9772E-06
 1  1  3  1  0.1013E-05
 1  1  3  1  0.1001E-05
 1  1  3  1  0.1307E-05
 1  1  3  1  0.1024E-05
 1  1  3  1  0.9890E-06
 1  1  4  1  0.1266E-06
 1  1  4  1  0.1422E-06
 1  1  4  1  0.1334E-06
 1  1  4  1  0.1306E-06
 1  1  4  1  0.1371E-06
 1  1  4  1  0.1311E-06
 1  1  4  1  0.1278E-06
 1  1  4  1  0.1266E-06
 1  1  4  1  0.1266E-06
 1  1  4  1  0.1350E-06
 1  1  5  1  0.8933E-07
 1  1  5  1  0.8265E-07
 1  1  5  1  0.8339E-07
 1  1  5  1  0.8265E-07
 1  1  5  1  0.8326E-07
 1  1  5  1  0.8008E-07
 1  1  5  1  0.8184E-07
 1  1  5  1  0.8268E-07
 1  1  5  1  0.8194E-07
 1  1  5  1  0.8214E-07
 1  1  6  1  0.6338E-07
 1  1  6  1  0.6272E-07
 1  1  6  1  0.6210E-07
 1  1  6  1  0.6216E-07
 1  1  6  1  0.6232E-07
 1  1  6  1  0.6214E-07
 1  1  6  1  0.6140E-07
 1  1  6  1  0.6202E-07
 1  1  6  1  0.6206E-07
 1  1  6  1  0.6166E-07
 1  1  7  1  0.5190E-07
 1  1  7  1  0.5208E-07
 1  1  7  1  0.5128E-07
 1  1  7  1  0.5113E-07
 1  1  7  1  0.5168E-07
 1  1  7  1  0.5111E-07
 1  1  7  1  0.5116E-07
 1  1  7  1  0.5084E-07
 1  1  7  1  0.5096E-07
 1  1  7  1  0.5098E-07
 1  1  8  1  0.4082E-07
 1  1  8  1  0.4095E-07
 1  1  8  1  0.4079E-07
 1  1  8  1  0.4091E-07
 1  1  8  1  0.4098E-07
 1  1  8  1  0.4085E-07
 1  1  8  1  0.4071E-07
 1  1  8  1  0.4049E-07
 1  1  8  1  0.4057E-07
 1  1  8  1  0.4072E-07
 1  1  9  1  0.5180E-07
 1  1  9  1  0.5166E-07
 1  1  9  1  0.5160E-07
 1  1  9  1  0.5162E-07
 1  1  9  1  0.5152E-07
 1  1  9  1  0.5158E-07
 1  1  9  1  0.5161E-07
 1  1  9  1  0.5159E-07
 1  1  9  1  0.5144E-07
 1  1  9  1  0.5145E-07
 1  1  10  1  0.5815E-07
 1  1  10  1  0.5659E-07
 1  1  10  1  0.5644E-07
 1  1  10  1  0.5653E-07
 1  1  10  1  0.5637E-07
 1  1  10  1  0.5642E-07
 1  1  10  1  0.5629E-07
 1  1  10  1  0.5635E-07
 1  1  10  1  0.5621E-07
 1  1  10  1  0.5621E-07
 1  1  11  1  0.5539E-07
 1  1  11  1  0.5414E-07
 1  1  11  1  0.5407E-07
 1  1  11  1  0.5412E-07
 1  1  11  1  0.5412E-07
 1  1  11  1  0.5403E-07
 1  1  11  1  0.5403E-07
 1  1  11  1  0.5430E-07
 1  1  11  1  0.5398E-07
 1  1  11  1  0.5404E-07
 1  1  12  1  0.5004E-07
 1  1  12  1  0.4818E-07
 1  1  12  1  0.4816E-07
 1  1  12  1  0.4815E-07
 1  1  12  1  0.4813E-07
 1  1  12  1  0.4805E-07
 1  1  12  1  0.4815E-07
 1  1  12  1  0.4805E-07
 1  1  12  1  0.4802E-07
 1  1  12  1  0.4795E-07
 1  1  13  1  0.5782E-07
 1  1  13  1  0.5635E-07
 1  1  13  1  0.6016E-07
 1  1  13  1  0.5611E-07
 1  1  13  1  0.5612E-07
 1  1  13  1  0.5615E-07
 1  1  13  1  0.5609E-07
 1  1  13  1  0.5620E-07
 1  1  13  1  0.5611E-07
 1  1  13  1  0.5610E-07
 1  1  14  1  0.5342E-07
 1  1  14  1  0.5209E-07
 1  1  14  1  0.5182E-07
 1  1  14  1  0.5193E-07
 1  1  14  1  0.5187E-07
 1  1  14  1  0.5176E-07
 1  1  14  1  0.5183E-07
 1  1  14  1  0.5174E-07
 1  1  14  1  0.5212E-07
 1  1  14  1  0.5181E-07
 1  1  15  1  0.5628E-07
 1  1  15  1  0.5517E-07
 1  1  15  1  0.5484E-07
 1  1  15  1  0.5473E-07
 1  1  15  1  0.5514E-07
 1  1  15  1  0.5463E-07
 1  1  15  1  0.5488E-07
 1  1  15  1  0.5484E-07
 1  1  15  1  0.5484E-07
 1  1  15  1  0.5474E-07
 1  1  16  1  0.5116E-07
 1  1  16  1  0.4996E-07
 1  1  16  1  0.5013E-07
 1  1  16  1  0.4989E-07
 1  1  16  1  0.4997E-07
 1  1  16  1  0.4992E-07
 1  1  16  1  0.4995E-07
 1  1  16  1  0.5003E-07
 1  1  16  1  0.5010E-07
 1  1  16  1  0.5005E-07
 1  1  17  1  0.7392E-07
 1  1  17  1  0.7274E-07
 1  1  17  1  0.7275E-07
 1  1  17  1  0.7265E-07
 1  1  17  1  0.7264E-07
 1  1  17  1  0.7268E-07
 1  1  17  1  0.7270E-07
 1  1  17  1  0.7263E-07
 1  1  17  1  0.7280E-07
 1  1  17  1  0.7276E-07
 1  1  18  1  0.7402E-07
 1  1  18  1  0.7323E-07
 1  1  18  1  0.7316E-07
 1  1  18  1  0.7312E-07
 1  1  18  1  0.7312E-07
 1  1  18  1  0.7312E-07
 1  1  18  1  0.7339E-07
 1  1  18  1  0.7330E-07
 1  1  18  1  0.7338E-07
 1  1  18  1  0.7335E-07
 1  1  19  1  0.8113E-07
 1  1  19  1  0.8048E-07
 1  1  19  1  0.8047E-07
 1  1  19  1  0.8070E-07
 1  1  19  1  0.8072E-07
 1  1  19  1  0.8067E-07
 1  1  19  1  0.8063E-07
 1  1  19  1  0.8068E-07
 1  1  19  1  0.8065E-07
 1  1  19  1  0.8102E-07
 1  1  20  1  0.7706E-07
 1  1  20  1  0.7663E-07
 1  1  20  1  0.7652E-07
 1  1  20  1  0.7660E-07
 1  1  20  1  0.7650E-07
 1  1  20  1  0.7650E-07
 1  1  20  1  0.7651E-07
 1  1  20  1  0.7650E-07
 1  1  20  1  0.7680E-07
 1  1  20  1  0.7673E-07
