 1  16  3  16  0.1476E-06
 1  16  3  16  0.1421E-06
 1  16  3  16  0.1421E-06
 1  16  3  16  0.1415E-06
 1  16  3  16  0.1399E-06
 1  16  3  16  0.1494E-06
 1  16  3  16  0.1410E-06
 1  16  3  16  0.1408E-06
 1  16  3  16  0.1422E-06
 1  16  3  16  0.1400E-06
 1  16  4  16  0.6533E-07
 1  16  4  16  0.6277E-07
 1  16  4  16  0.6223E-07
 1  16  4  16  0.6226E-07
 1  16  4  16  0.6432E-07
 1  16  4  16  0.6241E-07
 1  16  4  16  0.6236E-07
 1  16  4  16  0.6150E-07
 1  16  4  16  0.6199E-07
 1  16  4  16  0.6167E-07
 1  16  5  16  0.4377E-07
 1  16  5  16  0.4143E-07
 1  16  5  16  0.4207E-07
 1  16  5  16  0.4075E-07
 1  16  5  16  0.4108E-07
 1  16  5  16  0.4154E-07
 1  16  5  16  0.4096E-07
 1  16  5  16  0.4136E-07
 1  16  5  16  0.4111E-07
 1  16  5  16  0.4089E-07
 1  16  6  16  0.2580E-07
 1  16  6  16  0.2461E-07
 1  16  6  16  0.2466E-07
 1  16  6  16  0.2457E-07
 1  16  6  16  0.2450E-07
 1  16  6  16  0.2453E-07
 1  16  6  16  0.2448E-07
 1  16  6  16  0.2432E-07
 1  16  6  16  0.2443E-07
 1  16  6  16  0.2563E-07
 1  16  7  16  0.1768E-07
 1  16  7  16  0.1713E-07
 1  16  7  16  0.1705E-07
 1  16  7  16  0.1777E-07
 1  16  7  16  0.1769E-07
 1  16  7  16  0.1700E-07
 1  16  7  16  0.1694E-07
 1  16  7  16  0.1701E-07
 1  16  7  16  0.1703E-07
 1  16  7  16  0.1699E-07
 1  16  8  16  0.1397E-07
 1  16  8  16  0.1395E-07
 1  16  8  16  0.1326E-07
 1  16  8  16  0.1331E-07
 1  16  8  16  0.1327E-07
 1  16  8  16  0.1324E-07
 1  16  8  16  0.1331E-07
 1  16  8  16  0.1374E-07
 1  16  8  16  0.1327E-07
 1  16  8  16  0.1327E-07
 1  16  9  16  0.1186E-07
 1  16  9  16  0.1117E-07
 1  16  9  16  0.1110E-07
 1  16  9  16  0.1107E-07
 1  16  9  16  0.1104E-07
 1  16  9  16  0.1107E-07
 1  16  9  16  0.1103E-07
 1  16  9  16  0.1107E-07
 1  16  9  16  0.1106E-07
 1  16  9  16  0.1105E-07
 1  16  10  16  0.8077E-08
 1  16  10  16  0.7892E-08
 1  16  10  16  0.7908E-08
 1  16  10  16  0.7862E-08
 1  16  10  16  0.7870E-08
 1  16  10  16  0.7862E-08
 1  16  10  16  0.7866E-08
 1  16  10  16  0.7837E-08
 1  16  10  16  0.7848E-08
 1  16  10  16  0.7853E-08
 1  16  11  16  0.7243E-08
 1  16  11  16  0.6892E-08
 1  16  11  16  0.6864E-08
 1  16  11  16  0.6914E-08
 1  16  11  16  0.6883E-08
 1  16  11  16  0.6898E-08
 1  16  11  16  0.7149E-08
 1  16  11  16  0.6921E-08
 1  16  11  16  0.6879E-08
 1  16  11  16  0.6871E-08
 1  16  12  16  0.6635E-08
 1  16  12  16  0.6263E-08
 1  16  12  16  0.6045E-08
 1  16  12  16  0.6029E-08
 1  16  12  16  0.6204E-08
 1  16  12  16  0.6148E-08
 1  16  12  16  0.6225E-08
 1  16  12  16  0.6019E-08
 1  16  12  16  0.6220E-08
 1  16  12  16  0.6146E-08
 1  16  13  16  0.6433E-08
 1  16  13  16  0.6142E-08
 1  16  13  16  0.5950E-08
 1  16  13  16  0.5899E-08
 1  16  13  16  0.5899E-08
 1  16  13  16  0.6076E-08
 1  16  13  16  0.5888E-08
 1  16  13  16  0.5903E-08
 1  16  13  16  0.5903E-08
 1  16  13  16  0.5898E-08
 1  16  14  16  0.6258E-08
 1  16  14  16  0.5922E-08
 1  16  14  16  0.5926E-08
 1  16  14  16  0.5833E-08
 1  16  14  16  0.5849E-08
 1  16  14  16  0.5850E-08
 1  16  14  16  0.5839E-08
 1  16  14  16  0.6133E-08
 1  16  14  16  0.5964E-08
 1  16  14  16  0.5939E-08
 1  16  15  16  0.6891E-08
 1  16  15  16  0.6479E-08
 1  16  15  16  0.6576E-08
 1  16  15  16  0.6509E-08
 1  16  15  16  0.6431E-08
 1  16  15  16  0.6455E-08
 1  16  15  16  0.6454E-08
 1  16  15  16  0.6428E-08
 1  16  15  16  0.6468E-08
 1  16  15  16  0.6447E-08
 1  16  16  16  0.7753E-08
 1  16  16  16  0.7450E-08
 1  16  16  16  0.7465E-08
 1  16  16  16  0.7434E-08
 1  16  16  16  0.7455E-08
 1  16  16  16  0.7445E-08
 1  16  16  16  0.7446E-08
 1  16  16  16  0.7470E-08
 1  16  16  16  0.7442E-08
 1  16  16  16  0.7430E-08
 1  16  17  16  0.8339E-08
 1  16  17  16  0.8012E-08
 1  16  17  16  0.7995E-08
 1  16  17  16  0.8000E-08
 1  16  17  16  0.8034E-08
 1  16  17  16  0.8004E-08
 1  16  17  16  0.8089E-08
 1  16  17  16  0.8017E-08
 1  16  17  16  0.7997E-08
 1  16  17  16  0.8020E-08
 1  16  18  16  0.8179E-08
 1  16  18  16  0.7929E-08
 1  16  18  16  0.7942E-08
 1  16  18  16  0.7944E-08
 1  16  18  16  0.7928E-08
 1  16  18  16  0.7926E-08
 1  16  18  16  0.7931E-08
 1  16  18  16  0.7914E-08
 1  16  18  16  0.7947E-08
 1  16  18  16  0.7922E-08
 1  16  19  16  0.8303E-08
 1  16  19  16  0.8118E-08
 1  16  19  16  0.8111E-08
 1  16  19  16  0.8107E-08
 1  16  19  16  0.8119E-08
 1  16  19  16  0.8162E-08
 1  16  19  16  0.8138E-08
 1  16  19  16  0.8147E-08
 1  16  19  16  0.8134E-08
 1  16  19  16  0.8143E-08
 1  16  20  16  0.7625E-08
 1  16  20  16  0.7459E-08
 1  16  20  16  0.7445E-08
 1  16  20  16  0.7451E-08
 1  16  20  16  0.7452E-08
 1  16  20  16  0.7447E-08
 1  16  20  16  0.7449E-08
 1  16  20  16  0.7448E-08
 1  16  20  16  0.7448E-08
 1  16  20  16  0.7458E-08
