 1  32  3  32  0.4465E-07
 1  32  3  32  0.4240E-07
 1  32  3  32  0.4149E-07
 1  32  3  32  0.4160E-07
 1  32  3  32  0.4210E-07
 1  32  3  32  0.4262E-07
 1  32  3  32  0.4161E-07
 1  32  3  32  0.4250E-07
 1  32  3  32  0.4158E-07
 1  32  3  32  0.4161E-07
 1  32  4  32  0.1861E-07
 1  32  4  32  0.1693E-07
 1  32  4  32  0.1677E-07
 1  32  4  32  0.1687E-07
 1  32  4  32  0.1674E-07
 1  32  4  32  0.1685E-07
 1  32  4  32  0.1676E-07
 1  32  4  32  0.1672E-07
 1  32  4  32  0.1681E-07
 1  32  4  32  0.1687E-07
 1  32  5  32  0.1103E-07
 1  32  5  32  0.1015E-07
 1  32  5  32  0.1024E-07
 1  32  5  32  0.1002E-07
 1  32  5  32  0.1036E-07
 1  32  5  32  0.1007E-07
 1  32  5  32  0.1012E-07
 1  32  5  32  0.1011E-07
 1  32  5  32  0.1005E-07
 1  32  5  32  0.1009E-07
 1  32  6  32  0.6809E-08
 1  32  6  32  0.6369E-08
 1  32  6  32  0.6376E-08
 1  32  6  32  0.6364E-08
 1  32  6  32  0.6323E-08
 1  32  6  32  0.6308E-08
 1  32  6  32  0.6320E-08
 1  32  6  32  0.6311E-08
 1  32  6  32  0.6340E-08
 1  32  6  32  0.6360E-08
 1  32  7  32  0.5012E-08
 1  32  7  32  0.4523E-08
 1  32  7  32  0.4471E-08
 1  32  7  32  0.4467E-08
 1  32  7  32  0.4493E-08
 1  32  7  32  0.4469E-08
 1  32  7  32  0.4501E-08
 1  32  7  32  0.4607E-08
 1  32  7  32  0.4613E-08
 1  32  7  32  0.4477E-08
 1  32  8  32  0.3372E-08
 1  32  8  32  0.3172E-08
 1  32  8  32  0.3234E-08
 1  32  8  32  0.3168E-08
 1  32  8  32  0.3173E-08
 1  32  8  32  0.3187E-08
 1  32  8  32  0.3158E-08
 1  32  8  32  0.3153E-08
 1  32  8  32  0.3167E-08
 1  32  8  32  0.3156E-08
 1  32  9  32  0.3276E-08
 1  32  9  32  0.3066E-08
 1  32  9  32  0.3055E-08
 1  32  9  32  0.3047E-08
 1  32  9  32  0.3034E-08
 1  32  9  32  0.3028E-08
 1  32  9  32  0.3062E-08
 1  32  9  32  0.3040E-08
 1  32  9  32  0.3064E-08
 1  32  9  32  0.3045E-08
 1  32  10  32  0.3443E-08
 1  32  10  32  0.3147E-08
 1  32  10  32  0.3180E-08
 1  32  10  32  0.3156E-08
 1  32  10  32  0.3168E-08
 1  32  10  32  0.3181E-08
 1  32  10  32  0.3165E-08
 1  32  10  32  0.3161E-08
 1  32  10  32  0.3146E-08
 1  32  10  32  0.3150E-08
 1  32  11  32  0.2706E-08
 1  32  11  32  0.2488E-08
 1  32  11  32  0.2489E-08
 1  32  11  32  0.2483E-08
 1  32  11  32  0.2474E-08
 1  32  11  32  0.2489E-08
 1  32  11  32  0.2471E-08
 1  32  11  32  0.2474E-08
 1  32  11  32  0.2479E-08
 1  32  11  32  0.2473E-08
 1  32  12  32  0.2329E-08
 1  32  12  32  0.2133E-08
 1  32  12  32  0.2118E-08
 1  32  12  32  0.2105E-08
 1  32  12  32  0.2105E-08
 1  32  12  32  0.2124E-08
 1  32  12  32  0.2161E-08
 1  32  12  32  0.2157E-08
 1  32  12  32  0.2108E-08
 1  32  12  32  0.2164E-08
 1  32  13  32  0.2509E-08
 1  32  13  32  0.2348E-08
 1  32  13  32  0.2347E-08
 1  32  13  32  0.2336E-08
 1  32  13  32  0.2339E-08
 1  32  13  32  0.2346E-08
 1  32  13  32  0.2339E-08
 1  32  13  32  0.2425E-08
 1  32  13  32  0.2383E-08
 1  32  13  32  0.2354E-08
 1  32  14  32  0.2222E-08
 1  32  14  32  0.2097E-08
 1  32  14  32  0.2166E-08
 1  32  14  32  0.2095E-08
 1  32  14  32  0.2099E-08
 1  32  14  32  0.2092E-08
 1  32  14  32  0.2101E-08
 1  32  14  32  0.2096E-08
 1  32  14  32  0.2106E-08
 1  32  14  32  0.2095E-08
 1  32  15  32  0.2364E-08
 1  32  15  32  0.2224E-08
 1  32  15  32  0.2215E-08
 1  32  15  32  0.2248E-08
 1  32  15  32  0.2222E-08
 1  32  15  32  0.2240E-08
 1  32  15  32  0.2218E-08
 1  32  15  32  0.2180E-08
 1  32  15  32  0.2194E-08
 1  32  15  32  0.2201E-08
 1  32  16  32  0.2215E-08
 1  32  16  32  0.2103E-08
 1  32  16  32  0.2090E-08
 1  32  16  32  0.2077E-08
 1  32  16  32  0.2080E-08
 1  32  16  32  0.2072E-08
 1  32  16  32  0.2081E-08
 1  32  16  32  0.2062E-08
 1  32  16  32  0.2067E-08
 1  32  16  32  0.2073E-08
 1  32  17  32  0.2955E-08
 1  32  17  32  0.2843E-08
 1  32  17  32  0.2843E-08
 1  32  17  32  0.2874E-08
 1  32  17  32  0.2837E-08
 1  32  17  32  0.2876E-08
 1  32  17  32  0.2851E-08
 1  32  17  32  0.2866E-08
 1  32  17  32  0.2840E-08
 1  32  17  32  0.2840E-08
 1  32  18  32  0.2892E-08
 1  32  18  32  0.2785E-08
 1  32  18  32  0.2785E-08
 1  32  18  32  0.2804E-08
 1  32  18  32  0.2786E-08
 1  32  18  32  0.2782E-08
 1  32  18  32  0.2824E-08
 1  32  18  32  0.2795E-08
 1  32  18  32  0.2808E-08
 1  32  18  32  0.2786E-08
 1  32  19  32  0.3289E-08
 1  32  19  32  0.3154E-08
 1  32  19  32  0.3181E-08
 1  32  19  32  0.3174E-08
 1  32  19  32  0.3162E-08
 1  32  19  32  0.3148E-08
 1  32  19  32  0.3182E-08
 1  32  19  32  0.3157E-08
 1  32  19  32  0.3145E-08
 1  32  19  32  0.3156E-08
 1  32  20  32  0.3066E-08
 1  32  20  32  0.3018E-08
 1  32  20  32  0.3020E-08
 1  32  20  32  0.3008E-08
 1  32  20  32  0.3027E-08
 1  32  20  32  0.3000E-08
 1  32  20  32  0.3016E-08
 1  32  20  32  0.3011E-08
 1  32  20  32  0.3006E-08
 1  32  20  32  0.3004E-08
