 1  2  3  2  0.2007E-06
 1  2  3  2  0.2249E-06
 1  2  3  2  0.2194E-06
 1  2  3  2  0.1933E-06
 1  2  3  2  0.1920E-06
 1  2  3  2  0.1968E-06
 1  2  3  2  0.1917E-06
 1  2  3  2  0.1907E-06
 1  2  3  2  0.2105E-06
 1  2  3  2  0.1898E-06
 1  2  4  2  0.9187E-07
 1  2  4  2  0.9185E-07
 1  2  4  2  0.9123E-07
 1  2  4  2  0.9080E-07
 1  2  4  2  0.8961E-07
 1  2  4  2  0.8864E-07
 1  2  4  2  0.8914E-07
 1  2  4  2  0.8933E-07
 1  2  4  2  0.8628E-07
 1  2  4  2  0.8672E-07
 1  2  5  2  0.7009E-07
 1  2  5  2  0.6627E-07
 1  2  5  2  0.6863E-07
 1  2  5  2  0.6640E-07
 1  2  5  2  0.6571E-07
 1  2  5  2  0.6434E-07
 1  2  5  2  0.6747E-07
 1  2  5  2  0.6567E-07
 1  2  5  2  0.6743E-07
 1  2  5  2  0.6577E-07
 1  2  6  2  0.4873E-07
 1  2  6  2  0.4491E-07
 1  2  6  2  0.4427E-07
 1  2  6  2  0.4524E-07
 1  2  6  2  0.4451E-07
 1  2  6  2  0.4374E-07
 1  2  6  2  0.4512E-07
 1  2  6  2  0.4464E-07
 1  2  6  2  0.4641E-07
 1  2  6  2  0.4469E-07
 1  2  7  2  0.3675E-07
 1  2  7  2  0.3590E-07
 1  2  7  2  0.3692E-07
 1  2  7  2  0.3629E-07
 1  2  7  2  0.3601E-07
 1  2  7  2  0.3611E-07
 1  2  7  2  0.3711E-07
 1  2  7  2  0.3607E-07
 1  2  7  2  0.3661E-07
 1  2  7  2  0.3692E-07
 1  2  8  2  0.2641E-07
 1  2  8  2  0.2728E-07
 1  2  8  2  0.2846E-07
 1  2  8  2  0.2808E-07
 1  2  8  2  0.2895E-07
 1  2  8  2  0.2763E-07
 1  2  8  2  0.2814E-07
 1  2  8  2  0.2773E-07
 1  2  8  2  0.2771E-07
 1  2  8  2  0.2852E-07
 1  2  9  2  0.3166E-07
 1  2  9  2  0.3092E-07
 1  2  9  2  0.3138E-07
 1  2  9  2  0.3099E-07
 1  2  9  2  0.3056E-07
 1  2  9  2  0.3068E-07
 1  2  9  2  0.3043E-07
 1  2  9  2  0.3099E-07
 1  2  9  2  0.3099E-07
 1  2  9  2  0.3127E-07
 1  2  10  2  0.3565E-07
 1  2  10  2  0.3325E-07
 1  2  10  2  0.3294E-07
 1  2  10  2  0.3310E-07
 1  2  10  2  0.3317E-07
 1  2  10  2  0.3299E-07
 1  2  10  2  0.3227E-07
 1  2  10  2  0.3270E-07
 1  2  10  2  0.3299E-07
 1  2  10  2  0.3281E-07
 1  2  11  2  0.3177E-07
 1  2  11  2  0.3173E-07
 1  2  11  2  0.3106E-07
 1  2  11  2  0.3151E-07
 1  2  11  2  0.3149E-07
 1  2  11  2  0.3140E-07
 1  2  11  2  0.3119E-07
 1  2  11  2  0.3175E-07
 1  2  11  2  0.3101E-07
 1  2  11  2  0.3171E-07
 1  2  12  2  0.2887E-07
 1  2  12  2  0.2635E-07
 1  2  12  2  0.2634E-07
 1  2  12  2  0.2663E-07
 1  2  12  2  0.2631E-07
 1  2  12  2  0.2643E-07
 1  2  12  2  0.2644E-07
 1  2  12  2  0.2638E-07
 1  2  12  2  0.2639E-07
 1  2  12  2  0.2627E-07
 1  2  13  2  0.3222E-07
 1  2  13  2  0.3050E-07
 1  2  13  2  0.3052E-07
 1  2  13  2  0.3047E-07
 1  2  13  2  0.3039E-07
 1  2  13  2  0.3054E-07
 1  2  13  2  0.3066E-07
 1  2  13  2  0.3047E-07
 1  2  13  2  0.3059E-07
 1  2  13  2  0.3107E-07
 1  2  14  2  0.3168E-07
 1  2  14  2  0.2891E-07
 1  2  14  2  0.3000E-07
 1  2  14  2  0.3025E-07
 1  2  14  2  0.3054E-07
 1  2  14  2  0.3065E-07
 1  2  14  2  0.2921E-07
 1  2  14  2  0.3052E-07
 1  2  14  2  0.3027E-07
 1  2  14  2  0.3034E-07
 1  2  15  2  0.3586E-07
 1  2  15  2  0.3534E-07
 1  2  15  2  0.3466E-07
 1  2  15  2  0.3507E-07
 1  2  15  2  0.3483E-07
 1  2  15  2  0.3528E-07
 1  2  15  2  0.3445E-07
 1  2  15  2  0.3478E-07
 1  2  15  2  0.3464E-07
 1  2  15  2  0.3465E-07
 1  2  16  2  0.3254E-07
 1  2  16  2  0.3175E-07
 1  2  16  2  0.3132E-07
 1  2  16  2  0.3180E-07
 1  2  16  2  0.3114E-07
 1  2  16  2  0.3197E-07
 1  2  16  2  0.3158E-07
 1  2  16  2  0.3151E-07
 1  2  16  2  0.3125E-07
 1  2  16  2  0.3182E-07
 1  2  17  2  0.4473E-07
 1  2  17  2  0.4423E-07
 1  2  17  2  0.4373E-07
 1  2  17  2  0.4364E-07
 1  2  17  2  0.4402E-07
 1  2  17  2  0.4386E-07
 1  2  17  2  0.4383E-07
 1  2  17  2  0.4403E-07
 1  2  17  2  0.4376E-07
 1  2  17  2  0.4379E-07
 1  2  18  2  0.4481E-07
 1  2  18  2  0.4352E-07
 1  2  18  2  0.4416E-07
 1  2  18  2  0.4409E-07
 1  2  18  2  0.4407E-07
 1  2  18  2  0.4387E-07
 1  2  18  2  0.4400E-07
 1  2  18  2  0.4357E-07
 1  2  18  2  0.4428E-07
 1  2  18  2  0.4417E-07
 1  2  19  2  0.4882E-07
 1  2  19  2  0.4813E-07
 1  2  19  2  0.4813E-07
 1  2  19  2  0.4819E-07
 1  2  19  2  0.4833E-07
 1  2  19  2  0.4833E-07
 1  2  19  2  0.4809E-07
 1  2  19  2  0.4823E-07
 1  2  19  2  0.4832E-07
 1  2  19  2  0.4815E-07
 1  2  20  2  0.4566E-07
 1  2  20  2  0.4525E-07
 1  2  20  2  0.4526E-07
 1  2  20  2  0.4528E-07
 1  2  20  2  0.4519E-07
 1  2  20  2  0.4528E-07
 1  2  20  2  0.4530E-07
 1  2  20  2  0.4522E-07
 1  2  20  2  0.4524E-07
 1  2  20  2  0.4534E-07
