 1  8  3  8  0.3477E-06
 1  8  3  8  0.3440E-06
 1  8  3  8  0.3515E-06
 1  8  3  8  0.3160E-06
 1  8  3  8  0.3245E-06
 1  8  3  8  0.3246E-06
 1  8  3  8  0.3308E-06
 1  8  3  8  0.3331E-06
 1  8  3  8  0.3218E-06
 1  8  3  8  0.3240E-06
 1  8  4  8  0.1812E-06
 1  8  4  8  0.1785E-06
 1  8  4  8  0.1785E-06
 1  8  4  8  0.1758E-06
 1  8  4  8  0.1768E-06
 1  8  4  8  0.1763E-06
 1  8  4  8  0.1763E-06
 1  8  4  8  0.1765E-06
 1  8  4  8  0.1895E-06
 1  8  4  8  0.1754E-06
 1  8  5  8  0.9342E-07
 1  8  5  8  0.9215E-07
 1  8  5  8  0.9397E-07
 1  8  5  8  0.9436E-07
 1  8  5  8  0.9389E-07
 1  8  5  8  0.9183E-07
 1  8  5  8  0.9207E-07
 1  8  5  8  0.9072E-07
 1  8  5  8  0.9194E-07
 1  8  5  8  0.9266E-07
 1  8  6  8  0.6592E-07
 1  8  6  8  0.6394E-07
 1  8  6  8  0.6251E-07
 1  8  6  8  0.6220E-07
 1  8  6  8  0.6134E-07
 1  8  6  8  0.6183E-07
 1  8  6  8  0.6134E-07
 1  8  6  8  0.6472E-07
 1  8  6  8  0.6198E-07
 1  8  6  8  0.6137E-07
 1  8  7  8  0.4163E-07
 1  8  7  8  0.4151E-07
 1  8  7  8  0.3798E-07
 1  8  7  8  0.3840E-07
 1  8  7  8  0.3867E-07
 1  8  7  8  0.3831E-07
 1  8  7  8  0.3842E-07
 1  8  7  8  0.3810E-07
 1  8  7  8  0.4029E-07
 1  8  7  8  0.3739E-07
 1  8  8  8  0.3167E-07
 1  8  8  8  0.3036E-07
 1  8  8  8  0.3144E-07
 1  8  8  8  0.3067E-07
 1  8  8  8  0.3101E-07
 1  8  8  8  0.3067E-07
 1  8  8  8  0.3226E-07
 1  8  8  8  0.3161E-07
 1  8  8  8  0.3087E-07
 1  8  8  8  0.3191E-07
 1  8  9  8  0.2557E-07
 1  8  9  8  0.2430E-07
 1  8  9  8  0.2415E-07
 1  8  9  8  0.2442E-07
 1  8  9  8  0.2484E-07
 1  8  9  8  0.2419E-07
 1  8  9  8  0.2432E-07
 1  8  9  8  0.2438E-07
 1  8  9  8  0.2430E-07
 1  8  9  8  0.2443E-07
 1  8  10  8  0.2535E-07
 1  8  10  8  0.2373E-07
 1  8  10  8  0.2317E-07
 1  8  10  8  0.2294E-07
 1  8  10  8  0.2316E-07
 1  8  10  8  0.2304E-07
 1  8  10  8  0.2301E-07
 1  8  10  8  0.2313E-07
 1  8  10  8  0.2340E-07
 1  8  10  8  0.2332E-07
 1  8  11  8  0.1892E-07
 1  8  11  8  0.1775E-07
 1  8  11  8  0.1785E-07
 1  8  11  8  0.1814E-07
 1  8  11  8  0.1779E-07
 1  8  11  8  0.1776E-07
 1  8  11  8  0.1774E-07
 1  8  11  8  0.1804E-07
 1  8  11  8  0.1808E-07
 1  8  11  8  0.1803E-07
 1  8  12  8  0.1910E-07
 1  8  12  8  0.1803E-07
 1  8  12  8  0.1772E-07
 1  8  12  8  0.1759E-07
 1  8  12  8  0.1734E-07
 1  8  12  8  0.1768E-07
 1  8  12  8  0.1769E-07
 1  8  12  8  0.1752E-07
 1  8  12  8  0.1766E-07
 1  8  12  8  0.1758E-07
 1  8  13  8  0.1637E-07
 1  8  13  8  0.1523E-07
 1  8  13  8  0.1523E-07
 1  8  13  8  0.1517E-07
 1  8  13  8  0.1512E-07
 1  8  13  8  0.1513E-07
 1  8  13  8  0.1513E-07
 1  8  13  8  0.1571E-07
 1  8  13  8  0.1543E-07
 1  8  13  8  0.1522E-07
 1  8  14  8  0.1470E-07
 1  8  14  8  0.1376E-07
 1  8  14  8  0.1421E-07
 1  8  14  8  0.1378E-07
 1  8  14  8  0.1378E-07
 1  8  14  8  0.1371E-07
 1  8  14  8  0.1377E-07
 1  8  14  8  0.1371E-07
 1  8  14  8  0.1411E-07
 1  8  14  8  0.1390E-07
 1  8  15  8  0.1918E-07
 1  8  15  8  0.1874E-07
 1  8  15  8  0.1855E-07
 1  8  15  8  0.1840E-07
 1  8  15  8  0.1842E-07
 1  8  15  8  0.1863E-07
 1  8  15  8  0.1862E-07
 1  8  15  8  0.1862E-07
 1  8  15  8  0.1882E-07
 1  8  15  8  0.1887E-07
 1  8  16  8  0.1607E-07
 1  8  16  8  0.1545E-07
 1  8  16  8  0.1555E-07
 1  8  16  8  0.1546E-07
 1  8  16  8  0.1557E-07
 1  8  16  8  0.1549E-07
 1  8  16  8  0.1571E-07
 1  8  16  8  0.1566E-07
 1  8  16  8  0.1558E-07
 1  8  16  8  0.1551E-07
 1  8  17  8  0.1844E-07
 1  8  17  8  0.1797E-07
 1  8  17  8  0.1809E-07
 1  8  17  8  0.1806E-07
 1  8  17  8  0.1800E-07
 1  8  17  8  0.1808E-07
 1  8  17  8  0.1813E-07
 1  8  17  8  0.1799E-07
 1  8  17  8  0.1799E-07
 1  8  17  8  0.1796E-07
 1  8  18  8  0.1616E-07
 1  8  18  8  0.1577E-07
 1  8  18  8  0.1580E-07
 1  8  18  8  0.1636E-07
 1  8  18  8  0.1582E-07
 1  8  18  8  0.1581E-07
 1  8  18  8  0.1587E-07
 1  8  18  8  0.1587E-07
 1  8  18  8  0.1582E-07
 1  8  18  8  0.1583E-07
 1  8  19  8  0.1646E-07
 1  8  19  8  0.1611E-07
 1  8  19  8  0.1612E-07
 1  8  19  8  0.1616E-07
 1  8  19  8  0.1609E-07
 1  8  19  8  0.1615E-07
 1  8  19  8  0.1612E-07
 1  8  19  8  0.1612E-07
 1  8  19  8  0.1615E-07
 1  8  19  8  0.1611E-07
 1  8  20  8  0.1501E-07
 1  8  20  8  0.1477E-07
 1  8  20  8  0.1474E-07
 1  8  20  8  0.1477E-07
 1  8  20  8  0.1473E-07
 1  8  20  8  0.1475E-07
 1  8  20  8  0.1483E-07
 1  8  20  8  0.1481E-07
 1  8  20  8  0.1476E-07
 1  8  20  8  0.1474E-07
