 1  16  3  16  0.3936E-07
 1  16  3  16  0.3448E-07
 1  16  3  16  0.3388E-07
 1  16  3  16  0.3415E-07
 1  16  3  16  0.3353E-07
 1  16  3  16  0.3331E-07
 1  16  3  16  0.3334E-07
 1  16  3  16  0.3363E-07
 1  16  3  16  0.3410E-07
 1  16  3  16  0.3337E-07
 1  16  4  16  0.1652E-07
 1  16  4  16  0.1553E-07
 1  16  4  16  0.1832E-07
 1  16  4  16  0.1551E-07
 1  16  4  16  0.1520E-07
 1  16  4  16  0.1494E-07
 1  16  4  16  0.1495E-07
 1  16  4  16  0.1493E-07
 1  16  4  16  0.1494E-07
 1  16  4  16  0.1500E-07
 1  16  5  16  0.1062E-07
 1  16  5  16  0.1023E-07
 1  16  5  16  0.1222E-07
 1  16  5  16  0.9952E-08
 1  16  5  16  0.9860E-08
 1  16  5  16  0.1167E-07
 1  16  5  16  0.9963E-08
 1  16  5  16  0.9848E-08
 1  16  5  16  0.9898E-08
 1  16  5  16  0.9845E-08
 1  16  6  16  0.7548E-08
 1  16  6  16  0.7000E-08
 1  16  6  16  0.6883E-08
 1  16  6  16  0.6914E-08
 1  16  6  16  0.6882E-08
 1  16  6  16  0.6894E-08
 1  16  6  16  0.6860E-08
 1  16  6  16  0.6860E-08
 1  16  6  16  0.6891E-08
 1  16  6  16  0.6884E-08
 1  16  7  16  0.5632E-08
 1  16  7  16  0.5177E-08
 1  16  7  16  0.5023E-08
 1  16  7  16  0.5016E-08
 1  16  7  16  0.6059E-08
 1  16  7  16  0.5030E-08
 1  16  7  16  0.5095E-08
 1  16  7  16  0.5616E-08
 1  16  7  16  0.5073E-08
 1  16  7  16  0.4994E-08
 1  16  8  16  0.4203E-08
 1  16  8  16  0.4249E-08
 1  16  8  16  0.3845E-08
 1  16  8  16  0.4310E-08
 1  16  8  16  0.3853E-08
 1  16  8  16  0.3825E-08
 1  16  8  16  0.4122E-08
 1  16  8  16  0.3932E-08
 1  16  8  16  0.3823E-08
 1  16  8  16  0.3840E-08
 1  16  9  16  0.4489E-08
 1  16  9  16  0.4251E-08
 1  16  9  16  0.4233E-08
 1  16  9  16  0.4219E-08
 1  16  9  16  0.4198E-08
 1  16  9  16  0.4244E-08
 1  16  9  16  0.4188E-08
 1  16  9  16  0.4206E-08
 1  16  9  16  0.4159E-08
 1  16  9  16  0.4184E-08
 1  16  10  16  0.4650E-08
 1  16  10  16  0.4416E-08
 1  16  10  16  0.4271E-08
 1  16  10  16  0.4421E-08
 1  16  10  16  0.4260E-08
 1  16  10  16  0.4479E-08
 1  16  10  16  0.4315E-08
 1  16  10  16  0.4242E-08
 1  16  10  16  0.4233E-08
 1  16  10  16  0.4450E-08
 1  16  11  16  0.4446E-08
 1  16  11  16  0.4294E-08
 1  16  11  16  0.4124E-08
 1  16  11  16  0.4248E-08
 1  16  11  16  0.4131E-08
 1  16  11  16  0.4238E-08
 1  16  11  16  0.4284E-08
 1  16  11  16  0.4108E-08
 1  16  11  16  0.4239E-08
 1  16  11  16  0.4099E-08
 1  16  12  16  0.4053E-08
 1  16  12  16  0.3707E-08
 1  16  12  16  0.3682E-08
 1  16  12  16  0.3674E-08
 1  16  12  16  0.3797E-08
 1  16  12  16  0.3690E-08
 1  16  12  16  0.3814E-08
 1  16  12  16  0.3765E-08
 1  16  12  16  0.3678E-08
 1  16  12  16  0.3658E-08
 1  16  13  16  0.4642E-08
 1  16  13  16  0.4353E-08
 1  16  13  16  0.4342E-08
 1  16  13  16  0.4280E-08
 1  16  13  16  0.4262E-08
 1  16  13  16  0.4318E-08
 1  16  13  16  0.4387E-08
 1  16  13  16  0.4274E-08
 1  16  13  16  0.4261E-08
 1  16  13  16  0.4347E-08
 1  16  14  16  0.4098E-08
 1  16  14  16  0.3813E-08
 1  16  14  16  0.3809E-08
 1  16  14  16  0.3780E-08
 1  16  14  16  0.3803E-08
 1  16  14  16  0.3827E-08
 1  16  14  16  0.3805E-08
 1  16  14  16  0.3819E-08
 1  16  14  16  0.3803E-08
 1  16  14  16  0.3773E-08
 1  16  15  16  0.4340E-08
 1  16  15  16  0.4149E-08
 1  16  15  16  0.4086E-08
 1  16  15  16  0.4078E-08
 1  16  15  16  0.4085E-08
 1  16  15  16  0.4062E-08
 1  16  15  16  0.4189E-08
 1  16  15  16  0.4170E-08
 1  16  15  16  0.4092E-08
 1  16  15  16  0.4286E-08
 1  16  16  16  0.3956E-08
 1  16  16  16  0.3813E-08
 1  16  16  16  0.3850E-08
 1  16  16  16  0.3851E-08
 1  16  16  16  0.3775E-08
 1  16  16  16  0.3790E-08
 1  16  16  16  0.3783E-08
 1  16  16  16  0.3773E-08
 1  16  16  16  0.3770E-08
 1  16  16  16  0.3777E-08
 1  16  17  16  0.5531E-08
 1  16  17  16  0.5370E-08
 1  16  17  16  0.5315E-08
 1  16  17  16  0.5320E-08
 1  16  17  16  0.5336E-08
 1  16  17  16  0.5329E-08
 1  16  17  16  0.5365E-08
 1  16  17  16  0.5344E-08
 1  16  17  16  0.5329E-08
 1  16  17  16  0.5338E-08
 1  16  18  16  0.5465E-08
 1  16  18  16  0.5344E-08
 1  16  18  16  0.5339E-08
 1  16  18  16  0.5382E-08
 1  16  18  16  0.5340E-08
 1  16  18  16  0.5327E-08
 1  16  18  16  0.5351E-08
 1  16  18  16  0.5341E-08
 1  16  18  16  0.5339E-08
 1  16  18  16  0.5455E-08
 1  16  19  16  0.6089E-08
 1  16  19  16  0.5989E-08
 1  16  19  16  0.6009E-08
 1  16  19  16  0.6017E-08
 1  16  19  16  0.6028E-08
 1  16  19  16  0.6012E-08
 1  16  19  16  0.6008E-08
 1  16  19  16  0.6010E-08
 1  16  19  16  0.6016E-08
 1  16  19  16  0.6013E-08
 1  16  20  16  0.5747E-08
 1  16  20  16  0.5697E-08
 1  16  20  16  0.5688E-08
 1  16  20  16  0.5661E-08
 1  16  20  16  0.5692E-08
 1  16  20  16  0.5655E-08
 1  16  20  16  0.5750E-08
 1  16  20  16  0.5726E-08
 1  16  20  16  0.5723E-08
 1  16  20  16  0.5770E-08
