 2  2  3  4  0.1227E-06
 2  2  3  4  0.1275E-06
 2  2  3  4  0.1208E-06
 2  2  3  4  0.1218E-06
 2  2  3  4  0.1215E-06
 2  2  3  4  0.1255E-06
 2  2  3  4  0.1156E-06
 2  2  3  4  0.1194E-06
 2  2  3  4  0.1181E-06
 2  2  3  4  0.1239E-06
 2  2  4  4  0.5926E-07
 2  2  4  4  0.6099E-07
 2  2  4  4  0.6344E-07
 2  2  4  4  0.5988E-07
 2  2  4  4  0.6042E-07
 2  2  4  4  0.6211E-07
 2  2  4  4  0.6150E-07
 2  2  4  4  0.6073E-07
 2  2  4  4  0.6370E-07
 2  2  4  4  0.6736E-07
 2  2  5  4  0.4836E-07
 2  2  5  4  0.4742E-07
 2  2  5  4  0.4765E-07
 2  2  5  4  0.4845E-07
 2  2  5  4  0.4727E-07
 2  2  5  4  0.4669E-07
 2  2  5  4  0.4754E-07
 2  2  5  4  0.4564E-07
 2  2  5  4  0.4880E-07
 2  2  5  4  0.4543E-07
 2  2  6  4  0.3528E-07
 2  2  6  4  0.3512E-07
 2  2  6  4  0.3615E-07
 2  2  6  4  0.3537E-07
 2  2  6  4  0.3421E-07
 2  2  6  4  0.3476E-07
 2  2  6  4  0.3411E-07
 2  2  6  4  0.3449E-07
 2  2  6  4  0.3465E-07
 2  2  6  4  0.3424E-07
 2  2  7  4  0.2973E-07
 2  2  7  4  0.2921E-07
 2  2  7  4  0.2857E-07
 2  2  7  4  0.2900E-07
 2  2  7  4  0.2996E-07
 2  2  7  4  0.2935E-07
 2  2  7  4  0.2908E-07
 2  2  7  4  0.2936E-07
 2  2  7  4  0.2961E-07
 2  2  7  4  0.2909E-07
 2  2  8  4  0.2287E-07
 2  2  8  4  0.2216E-07
 2  2  8  4  0.2201E-07
 2  2  8  4  0.2211E-07
 2  2  8  4  0.2259E-07
 2  2  8  4  0.2216E-07
 2  2  8  4  0.2265E-07
 2  2  8  4  0.2221E-07
 2  2  8  4  0.2281E-07
 2  2  8  4  0.2237E-07
 2  2  9  4  0.2934E-07
 2  2  9  4  0.3006E-07
 2  2  9  4  0.3005E-07
 2  2  9  4  0.2927E-07
 2  2  9  4  0.2978E-07
 2  2  9  4  0.2899E-07
 2  2  9  4  0.2955E-07
 2  2  9  4  0.2908E-07
 2  2  9  4  0.2968E-07
 2  2  9  4  0.2977E-07
 2  2  10  4  0.3444E-07
 2  2  10  4  0.3163E-07
 2  2  10  4  0.3166E-07
 2  2  10  4  0.3142E-07
 2  2  10  4  0.3195E-07
 2  2  10  4  0.3440E-07
 2  2  10  4  0.3184E-07
 2  2  10  4  0.3187E-07
 2  2  10  4  0.3212E-07
 2  2  10  4  0.3231E-07
 2  2  11  4  0.3174E-07
 2  2  11  4  0.3121E-07
 2  2  11  4  0.3074E-07
 2  2  11  4  0.3067E-07
 2  2  11  4  0.3066E-07
 2  2  11  4  0.3049E-07
 2  2  11  4  0.2997E-07
 2  2  11  4  0.2939E-07
 2  2  11  4  0.2983E-07
 2  2  11  4  0.3040E-07
 2  2  12  4  0.2706E-07
 2  2  12  4  0.2650E-07
 2  2  12  4  0.2638E-07
 2  2  12  4  0.2606E-07
 2  2  12  4  0.2661E-07
 2  2  12  4  0.2660E-07
 2  2  12  4  0.2681E-07
 2  2  12  4  0.2684E-07
 2  2  12  4  0.2692E-07
 2  2  12  4  0.2654E-07
 2  2  13  4  0.3360E-07
 2  2  13  4  0.3177E-07
 2  2  13  4  0.3223E-07
 2  2  13  4  0.3178E-07
 2  2  13  4  0.3165E-07
 2  2  13  4  0.3183E-07
 2  2  13  4  0.3141E-07
 2  2  13  4  0.3136E-07
 2  2  13  4  0.3156E-07
 2  2  13  4  0.3172E-07
 2  2  14  4  0.3245E-07
 2  2  14  4  0.3214E-07
 2  2  14  4  0.3156E-07
 2  2  14  4  0.3273E-07
 2  2  14  4  0.3189E-07
 2  2  14  4  0.3282E-07
 2  2  14  4  0.3203E-07
 2  2  14  4  0.3204E-07
 2  2  14  4  0.3232E-07
 2  2  14  4  0.3238E-07
 2  2  15  4  0.3926E-07
 2  2  15  4  0.3855E-07
 2  2  15  4  0.3867E-07
 2  2  15  4  0.3873E-07
 2  2  15  4  0.3836E-07
 2  2  15  4  0.3851E-07
 2  2  15  4  0.3864E-07
 2  2  15  4  0.3863E-07
 2  2  15  4  0.3865E-07
 2  2  15  4  0.3860E-07
 2  2  16  4  0.3477E-07
 2  2  16  4  0.3445E-07
 2  2  16  4  0.3440E-07
 2  2  16  4  0.3443E-07
 2  2  16  4  0.3432E-07
 2  2  16  4  0.3445E-07
 2  2  16  4  0.3442E-07
 2  2  16  4  0.3457E-07
 2  2  16  4  0.3478E-07
 2  2  16  4  0.3471E-07
 2  2  17  4  0.4645E-07
 2  2  17  4  0.4614E-07
 2  2  17  4  0.4626E-07
 2  2  17  4  0.4648E-07
 2  2  17  4  0.4626E-07
 2  2  17  4  0.4627E-07
 2  2  17  4  0.4634E-07
 2  2  17  4  0.4633E-07
 2  2  17  4  0.4629E-07
 2  2  17  4  0.4617E-07
 2  2  18  4  0.4487E-07
 2  2  18  4  0.4463E-07
 2  2  18  4  0.4457E-07
 2  2  18  4  0.4476E-07
 2  2  18  4  0.4447E-07
 2  2  18  4  0.4461E-07
 2  2  18  4  0.4458E-07
 2  2  18  4  0.4469E-07
 2  2  18  4  0.4457E-07
 2  2  18  4  0.4440E-07
 2  2  19  4  0.4616E-07
 2  2  19  4  0.4626E-07
 2  2  19  4  0.4616E-07
 2  2  19  4  0.4603E-07
 2  2  19  4  0.4609E-07
 2  2  19  4  0.4618E-07
 2  2  19  4  0.4601E-07
 2  2  19  4  0.4624E-07
 2  2  19  4  0.4602E-07
 2  2  19  4  0.4604E-07
 2  2  20  4  0.4339E-07
 2  2  20  4  0.4324E-07
 2  2  20  4  0.4331E-07
 2  2  20  4  0.4336E-07
 2  2  20  4  0.4341E-07
 2  2  20  4  0.4326E-07
 2  2  20  4  0.4336E-07
 2  2  20  4  0.4335E-07
 2  2  20  4  0.4328E-07
 2  2  20  4  0.4333E-07
