 2  8  3  16  0.2255E-06
 2  8  3  16  0.2213E-06
 2  8  3  16  0.2218E-06
 2  8  3  16  0.2166E-06
 2  8  3  16  0.2175E-06
 2  8  3  16  0.2200E-06
 2  8  3  16  0.2143E-06
 2  8  3  16  0.2169E-06
 2  8  3  16  0.2175E-06
 2  8  3  16  0.2170E-06
 2  8  4  16  0.1198E-06
 2  8  4  16  0.1203E-06
 2  8  4  16  0.1190E-06
 2  8  4  16  0.1235E-06
 2  8  4  16  0.1215E-06
 2  8  4  16  0.1195E-06
 2  8  4  16  0.1208E-06
 2  8  4  16  0.1194E-06
 2  8  4  16  0.1200E-06
 2  8  4  16  0.1201E-06
 2  8  5  16  0.6250E-07
 2  8  5  16  0.6044E-07
 2  8  5  16  0.5992E-07
 2  8  5  16  0.6209E-07
 2  8  5  16  0.6267E-07
 2  8  5  16  0.6094E-07
 2  8  5  16  0.6001E-07
 2  8  5  16  0.6029E-07
 2  8  5  16  0.5973E-07
 2  8  5  16  0.5983E-07
 2  8  6  16  0.4518E-07
 2  8  6  16  0.4539E-07
 2  8  6  16  0.4460E-07
 2  8  6  16  0.4492E-07
 2  8  6  16  0.4519E-07
 2  8  6  16  0.4423E-07
 2  8  6  16  0.4470E-07
 2  8  6  16  0.4435E-07
 2  8  6  16  0.4508E-07
 2  8  6  16  0.4486E-07
 2  8  7  16  0.3196E-07
 2  8  7  16  0.3095E-07
 2  8  7  16  0.3093E-07
 2  8  7  16  0.3088E-07
 2  8  7  16  0.3091E-07
 2  8  7  16  0.3078E-07
 2  8  7  16  0.3087E-07
 2  8  7  16  0.3119E-07
 2  8  7  16  0.3095E-07
 2  8  7  16  0.3112E-07
 2  8  8  16  0.2620E-07
 2  8  8  16  0.2558E-07
 2  8  8  16  0.2561E-07
 2  8  8  16  0.2544E-07
 2  8  8  16  0.2536E-07
 2  8  8  16  0.2546E-07
 2  8  8  16  0.2559E-07
 2  8  8  16  0.2546E-07
 2  8  8  16  0.2557E-07
 2  8  8  16  0.2557E-07
 2  8  9  16  0.1876E-07
 2  8  9  16  0.1824E-07
 2  8  9  16  0.1830E-07
 2  8  9  16  0.1807E-07
 2  8  9  16  0.1839E-07
 2  8  9  16  0.1825E-07
 2  8  9  16  0.1800E-07
 2  8  9  16  0.1829E-07
 2  8  9  16  0.1804E-07
 2  8  9  16  0.1791E-07
 2  8  10  16  0.1922E-07
 2  8  10  16  0.1863E-07
 2  8  10  16  0.1881E-07
 2  8  10  16  0.1845E-07
 2  8  10  16  0.1848E-07
 2  8  10  16  0.1871E-07
 2  8  10  16  0.1867E-07
 2  8  10  16  0.1861E-07
 2  8  10  16  0.1857E-07
 2  8  10  16  0.1864E-07
 2  8  11  16  0.1484E-07
 2  8  11  16  0.1427E-07
 2  8  11  16  0.1420E-07
 2  8  11  16  0.1422E-07
 2  8  11  16  0.1426E-07
 2  8  11  16  0.1422E-07
 2  8  11  16  0.1436E-07
 2  8  11  16  0.1423E-07
 2  8  11  16  0.1424E-07
 2  8  11  16  0.1433E-07
 2  8  12  16  0.1427E-07
 2  8  12  16  0.1395E-07
 2  8  12  16  0.1392E-07
 2  8  12  16  0.1406E-07
 2  8  12  16  0.1391E-07
 2  8  12  16  0.1386E-07
 2  8  12  16  0.1382E-07
 2  8  12  16  0.1388E-07
 2  8  12  16  0.1384E-07
 2  8  12  16  0.1383E-07
 2  8  13  16  0.1524E-07
 2  8  13  16  0.1499E-07
 2  8  13  16  0.1496E-07
 2  8  13  16  0.1496E-07
 2  8  13  16  0.1492E-07
 2  8  13  16  0.1496E-07
 2  8  13  16  0.1510E-07
 2  8  13  16  0.1503E-07
 2  8  13  16  0.1502E-07
 2  8  13  16  0.1501E-07
 2  8  14  16  0.1456E-07
 2  8  14  16  0.1424E-07
 2  8  14  16  0.1436E-07
 2  8  14  16  0.1425E-07
 2  8  14  16  0.1427E-07
 2  8  14  16  0.1424E-07
 2  8  14  16  0.1440E-07
 2  8  14  16  0.1432E-07
 2  8  14  16  0.1433E-07
 2  8  14  16  0.1428E-07
 2  8  15  16  0.1487E-07
 2  8  15  16  0.1471E-07
 2  8  15  16  0.1486E-07
 2  8  15  16  0.1487E-07
 2  8  15  16  0.1490E-07
 2  8  15  16  0.1490E-07
 2  8  15  16  0.1488E-07
 2  8  15  16  0.1487E-07
 2  8  15  16  0.1489E-07
 2  8  15  16  0.1484E-07
 2  8  16  16  0.1537E-07
 2  8  16  16  0.1519E-07
 2  8  16  16  0.1525E-07
 2  8  16  16  0.1517E-07
 2  8  16  16  0.1520E-07
 2  8  16  16  0.1520E-07
 2  8  16  16  0.1520E-07
 2  8  16  16  0.1522E-07
 2  8  16  16  0.1516E-07
 2  8  16  16  0.1516E-07
 2  8  17  16  0.1540E-07
 2  8  17  16  0.1524E-07
 2  8  17  16  0.1520E-07
 2  8  17  16  0.1518E-07
 2  8  17  16  0.1517E-07
 2  8  17  16  0.1519E-07
 2  8  17  16  0.1518E-07
 2  8  17  16  0.1524E-07
 2  8  17  16  0.1527E-07
 2  8  17  16  0.1524E-07
 2  8  18  16  0.1463E-07
 2  8  18  16  0.1451E-07
 2  8  18  16  0.1451E-07
 2  8  18  16  0.1451E-07
 2  8  18  16  0.1451E-07
 2  8  18  16  0.1451E-07
 2  8  18  16  0.1457E-07
 2  8  18  16  0.1458E-07
 2  8  18  16  0.1460E-07
 2  8  18  16  0.1457E-07
 2  8  19  16  0.1457E-07
 2  8  19  16  0.1443E-07
 2  8  19  16  0.1443E-07
 2  8  19  16  0.1442E-07
 2  8  19  16  0.1442E-07
 2  8  19  16  0.1444E-07
 2  8  19  16  0.1442E-07
 2  8  19  16  0.1443E-07
 2  8  19  16  0.1442E-07
 2  8  19  16  0.1442E-07
 2  8  20  16  0.1345E-07
 2  8  20  16  0.1337E-07
 2  8  20  16  0.1333E-07
 2  8  20  16  0.1339E-07
 2  8  20  16  0.1342E-07
 2  8  20  16  0.1333E-07
 2  8  20  16  0.1333E-07
 2  8  20  16  0.1334E-07
 2  8  20  16  0.1333E-07
 2  8  20  16  0.1333E-07
