 2  32  3  64  0.2388E-07
 2  32  3  64  0.2205E-07
 2  32  3  64  0.2224E-07
 2  32  3  64  0.2204E-07
 2  32  3  64  0.2231E-07
 2  32  3  64  0.2196E-07
 2  32  3  64  0.2202E-07
 2  32  3  64  0.2188E-07
 2  32  3  64  0.2248E-07
 2  32  3  64  0.2219E-07
 2  32  4  64  0.1050E-07
 2  32  4  64  0.9481E-08
 2  32  4  64  0.9289E-08
 2  32  4  64  0.9309E-08
 2  32  4  64  0.9229E-08
 2  32  4  64  0.9275E-08
 2  32  4  64  0.9298E-08
 2  32  4  64  0.9244E-08
 2  32  4  64  0.9591E-08
 2  32  4  64  0.9410E-08
 2  32  5  64  0.6281E-08
 2  32  5  64  0.6120E-08
 2  32  5  64  0.5910E-08
 2  32  5  64  0.5900E-08
 2  32  5  64  0.6087E-08
 2  32  5  64  0.5967E-08
 2  32  5  64  0.6012E-08
 2  32  5  64  0.5891E-08
 2  32  5  64  0.5905E-08
 2  32  5  64  0.5908E-08
 2  32  6  64  0.4056E-08
 2  32  6  64  0.3871E-08
 2  32  6  64  0.3913E-08
 2  32  6  64  0.3867E-08
 2  32  6  64  0.3838E-08
 2  32  6  64  0.3807E-08
 2  32  6  64  0.3857E-08
 2  32  6  64  0.3831E-08
 2  32  6  64  0.3820E-08
 2  32  6  64  0.4097E-08
 2  32  7  64  0.3135E-08
 2  32  7  64  0.2939E-08
 2  32  7  64  0.2937E-08
 2  32  7  64  0.3026E-08
 2  32  7  64  0.2941E-08
 2  32  7  64  0.2930E-08
 2  32  7  64  0.2941E-08
 2  32  7  64  0.2924E-08
 2  32  7  64  0.2950E-08
 2  32  7  64  0.2925E-08
 2  32  8  64  0.2268E-08
 2  32  8  64  0.2165E-08
 2  32  8  64  0.2170E-08
 2  32  8  64  0.2162E-08
 2  32  8  64  0.2177E-08
 2  32  8  64  0.2166E-08
 2  32  8  64  0.2142E-08
 2  32  8  64  0.2139E-08
 2  32  8  64  0.2149E-08
 2  32  8  64  0.2158E-08
 2  32  9  64  0.2402E-08
 2  32  9  64  0.2281E-08
 2  32  9  64  0.2271E-08
 2  32  9  64  0.2270E-08
 2  32  9  64  0.2271E-08
 2  32  9  64  0.2281E-08
 2  32  9  64  0.2271E-08
 2  32  9  64  0.2276E-08
 2  32  9  64  0.2345E-08
 2  32  9  64  0.2277E-08
 2  32  10  64  0.2375E-08
 2  32  10  64  0.2228E-08
 2  32  10  64  0.2223E-08
 2  32  10  64  0.2255E-08
 2  32  10  64  0.2309E-08
 2  32  10  64  0.2227E-08
 2  32  10  64  0.2230E-08
 2  32  10  64  0.2244E-08
 2  32  10  64  0.2238E-08
 2  32  10  64  0.2232E-08
 2  32  11  64  0.2255E-08
 2  32  11  64  0.2125E-08
 2  32  11  64  0.2122E-08
 2  32  11  64  0.2124E-08
 2  32  11  64  0.2114E-08
 2  32  11  64  0.2146E-08
 2  32  11  64  0.2184E-08
 2  32  11  64  0.2098E-08
 2  32  11  64  0.2130E-08
 2  32  11  64  0.2111E-08
 2  32  12  64  0.2289E-08
 2  32  12  64  0.2193E-08
 2  32  12  64  0.2173E-08
 2  32  12  64  0.2176E-08
 2  32  12  64  0.2178E-08
 2  32  12  64  0.2154E-08
 2  32  12  64  0.2153E-08
 2  32  12  64  0.2156E-08
 2  32  12  64  0.2150E-08
 2  32  12  64  0.2157E-08
 2  32  13  64  0.2279E-08
 2  32  13  64  0.2215E-08
 2  32  13  64  0.2189E-08
 2  32  13  64  0.2183E-08
 2  32  13  64  0.2180E-08
 2  32  13  64  0.2183E-08
 2  32  13  64  0.2206E-08
 2  32  13  64  0.2182E-08
 2  32  13  64  0.2197E-08
 2  32  13  64  0.2189E-08
 2  32  14  64  0.2127E-08
 2  32  14  64  0.2059E-08
 2  32  14  64  0.2059E-08
 2  32  14  64  0.2102E-08
 2  32  14  64  0.2064E-08
 2  32  14  64  0.2065E-08
 2  32  14  64  0.2078E-08
 2  32  14  64  0.2085E-08
 2  32  14  64  0.2078E-08
 2  32  14  64  0.2089E-08
 2  32  15  64  0.2900E-08
 2  32  15  64  0.2849E-08
 2  32  15  64  0.2857E-08
 2  32  15  64  0.2844E-08
 2  32  15  64  0.2867E-08
 2  32  15  64  0.2867E-08
 2  32  15  64  0.2864E-08
 2  32  15  64  0.2857E-08
 2  32  15  64  0.2864E-08
 2  32  15  64  0.2834E-08
 2  32  16  64  0.2464E-08
 2  32  16  64  0.2410E-08
 2  32  16  64  0.2409E-08
 2  32  16  64  0.2398E-08
 2  32  16  64  0.2401E-08
 2  32  16  64  0.2396E-08
 2  32  16  64  0.2401E-08
 2  32  16  64  0.2403E-08
 2  32  16  64  0.2390E-08
 2  32  16  64  0.2397E-08
 2  32  17  64  0.3196E-08
 2  32  17  64  0.3168E-08
 2  32  17  64  0.3159E-08
 2  32  17  64  0.3169E-08
 2  32  17  64  0.3174E-08
 2  32  17  64  0.3159E-08
 2  32  17  64  0.3164E-08
 2  32  17  64  0.3178E-08
 2  32  17  64  0.3166E-08
 2  32  17  64  0.3166E-08
 2  32  18  64  0.3039E-08
 2  32  18  64  0.3003E-08
 2  32  18  64  0.3024E-08
 2  32  18  64  0.3016E-08
 2  32  18  64  0.3013E-08
 2  32  18  64  0.3007E-08
 2  32  18  64  0.3009E-08
 2  32  18  64  0.3002E-08
 2  32  18  64  0.3005E-08
 2  32  18  64  0.3001E-08
 2  32  19  64  0.3238E-08
 2  32  19  64  0.3188E-08
 2  32  19  64  0.3208E-08
 2  32  19  64  0.3195E-08
 2  32  19  64  0.3188E-08
 2  32  19  64  0.3189E-08
 2  32  19  64  0.3185E-08
 2  32  19  64  0.3189E-08
 2  32  19  64  0.3186E-08
 2  32  19  64  0.3185E-08
 2  32  20  64  0.3004E-08
 2  32  20  64  0.2979E-08
 2  32  20  64  0.2973E-08
 2  32  20  64  0.2977E-08
 2  32  20  64  0.2967E-08
 2  32  20  64  0.2969E-08
 2  32  20  64  0.2970E-08
 2  32  20  64  0.2970E-08
 2  32  20  64  0.2967E-08
 2  32  20  64  0.2976E-08
