 2  4  3  8  0.8221E-07
 2  4  3  8  0.9150E-07
 2  4  3  8  0.7318E-07
 2  4  3  8  0.7264E-07
 2  4  3  8  0.6375E-07
 2  4  3  8  0.6698E-07
 2  4  3  8  0.7150E-07
 2  4  3  8  0.6921E-07
 2  4  3  8  0.7631E-07
 2  4  3  8  0.7593E-07
 2  4  4  8  0.3762E-07
 2  4  4  8  0.4169E-07
 2  4  4  8  0.3829E-07
 2  4  4  8  0.3791E-07
 2  4  4  8  0.4270E-07
 2  4  4  8  0.3921E-07
 2  4  4  8  0.3943E-07
 2  4  4  8  0.4197E-07
 2  4  4  8  0.3555E-07
 2  4  4  8  0.3648E-07
 2  4  5  8  0.2940E-07
 2  4  5  8  0.3524E-07
 2  4  5  8  0.2616E-07
 2  4  5  8  0.3258E-07
 2  4  5  8  0.3153E-07
 2  4  5  8  0.3063E-07
 2  4  5  8  0.3295E-07
 2  4  5  8  0.3783E-07
 2  4  5  8  0.3137E-07
 2  4  5  8  0.3000E-07
 2  4  6  8  0.2098E-07
 2  4  6  8  0.2062E-07
 2  4  6  8  0.2431E-07
 2  4  6  8  0.2071E-07
 2  4  6  8  0.2063E-07
 2  4  6  8  0.2070E-07
 2  4  6  8  0.1971E-07
 2  4  6  8  0.2197E-07
 2  4  6  8  0.2081E-07
 2  4  6  8  0.2038E-07
 2  4  7  8  0.2163E-07
 2  4  7  8  0.1619E-07
 2  4  7  8  0.1936E-07
 2  4  7  8  0.1706E-07
 2  4  7  8  0.1678E-07
 2  4  7  8  0.1701E-07
 2  4  7  8  0.1602E-07
 2  4  7  8  0.1794E-07
 2  4  7  8  0.1658E-07
 2  4  7  8  0.1863E-07
 2  4  8  8  0.1433E-07
 2  4  8  8  0.1493E-07
 2  4  8  8  0.1313E-07
 2  4  8  8  0.1350E-07
 2  4  8  8  0.1300E-07
 2  4  8  8  0.1308E-07
 2  4  8  8  0.1308E-07
 2  4  8  8  0.1273E-07
 2  4  8  8  0.1370E-07
 2  4  8  8  0.1371E-07
 2  4  9  8  0.1839E-07
 2  4  9  8  0.1665E-07
 2  4  9  8  0.1556E-07
 2  4  9  8  0.1679E-07
 2  4  9  8  0.1726E-07
 2  4  9  8  0.1633E-07
 2  4  9  8  0.1631E-07
 2  4  9  8  0.1672E-07
 2  4  9  8  0.1767E-07
 2  4  9  8  0.1691E-07
 2  4  10  8  0.1791E-07
 2  4  10  8  0.1810E-07
 2  4  10  8  0.1745E-07
 2  4  10  8  0.1723E-07
 2  4  10  8  0.1771E-07
 2  4  10  8  0.1687E-07
 2  4  10  8  0.1710E-07
 2  4  10  8  0.1730E-07
 2  4  10  8  0.1733E-07
 2  4  10  8  0.1690E-07
 2  4  11  8  0.1790E-07
 2  4  11  8  0.1640E-07
 2  4  11  8  0.1624E-07
 2  4  11  8  0.1644E-07
 2  4  11  8  0.1585E-07
 2  4  11  8  0.1746E-07
 2  4  11  8  0.1727E-07
 2  4  11  8  0.1630E-07
 2  4  11  8  0.1660E-07
 2  4  11  8  0.1660E-07
 2  4  12  8  0.1463E-07
 2  4  12  8  0.1465E-07
 2  4  12  8  0.1408E-07
 2  4  12  8  0.1384E-07
 2  4  12  8  0.1459E-07
 2  4  12  8  0.1423E-07
 2  4  12  8  0.1467E-07
 2  4  12  8  0.1438E-07
 2  4  12  8  0.1426E-07
 2  4  12  8  0.1367E-07
 2  4  13  8  0.2024E-07
 2  4  13  8  0.1980E-07
 2  4  13  8  0.1981E-07
 2  4  13  8  0.1950E-07
 2  4  13  8  0.1949E-07
 2  4  13  8  0.1946E-07
 2  4  13  8  0.1951E-07
 2  4  13  8  0.1946E-07
 2  4  13  8  0.1968E-07
 2  4  13  8  0.1962E-07
 2  4  14  8  0.1847E-07
 2  4  14  8  0.1806E-07
 2  4  14  8  0.1808E-07
 2  4  14  8  0.1794E-07
 2  4  14  8  0.1787E-07
 2  4  14  8  0.1817E-07
 2  4  14  8  0.1793E-07
 2  4  14  8  0.1812E-07
 2  4  14  8  0.1801E-07
 2  4  14  8  0.1788E-07
 2  4  15  8  0.2017E-07
 2  4  15  8  0.1987E-07
 2  4  15  8  0.1992E-07
 2  4  15  8  0.1990E-07
 2  4  15  8  0.1995E-07
 2  4  15  8  0.1991E-07
 2  4  15  8  0.1993E-07
 2  4  15  8  0.1990E-07
 2  4  15  8  0.1986E-07
 2  4  15  8  0.1994E-07
 2  4  16  8  0.1844E-07
 2  4  16  8  0.1828E-07
 2  4  16  8  0.1827E-07
 2  4  16  8  0.1826E-07
 2  4  16  8  0.1822E-07
 2  4  16  8  0.1824E-07
 2  4  16  8  0.1824E-07
 2  4  16  8  0.1818E-07
 2  4  16  8  0.1830E-07
 2  4  16  8  0.1822E-07
 2  4  17  8  0.2401E-07
 2  4  17  8  0.2382E-07
 2  4  17  8  0.2377E-07
 2  4  17  8  0.2379E-07
 2  4  17  8  0.2379E-07
 2  4  17  8  0.2378E-07
 2  4  17  8  0.2384E-07
 2  4  17  8  0.2381E-07
 2  4  17  8  0.2384E-07
 2  4  17  8  0.2376E-07
 2  4  18  8  0.2316E-07
 2  4  18  8  0.2295E-07
 2  4  18  8  0.2291E-07
 2  4  18  8  0.2292E-07
 2  4  18  8  0.2294E-07
 2  4  18  8  0.2290E-07
 2  4  18  8  0.2299E-07
 2  4  18  8  0.2295E-07
 2  4  18  8  0.2300E-07
 2  4  18  8  0.2306E-07
 2  4  19  8  0.2394E-07
 2  4  19  8  0.2388E-07
 2  4  19  8  0.2383E-07
 2  4  19  8  0.2383E-07
 2  4  19  8  0.2382E-07
 2  4  19  8  0.2383E-07
 2  4  19  8  0.2382E-07
 2  4  19  8  0.2382E-07
 2  4  19  8  0.2384E-07
 2  4  19  8  0.2378E-07
 2  4  20  8  0.2237E-07
 2  4  20  8  0.2231E-07
 2  4  20  8  0.2228E-07
 2  4  20  8  0.2230E-07
 2  4  20  8  0.2233E-07
 2  4  20  8  0.2225E-07
 2  4  20  8  0.2229E-07
 2  4  20  8  0.2233E-07
 2  4  20  8  0.2229E-07
 2  4  20  8  0.2230E-07
