 2  64  3  128  0.2553E-07
 2  64  3  128  0.2312E-07
 2  64  3  128  0.2218E-07
 2  64  3  128  0.2205E-07
 2  64  3  128  0.2194E-07
 2  64  3  128  0.2285E-07
 2  64  3  128  0.2248E-07
 2  64  3  128  0.2221E-07
 2  64  3  128  0.2206E-07
 2  64  3  128  0.2213E-07
 2  64  4  128  0.1139E-07
 2  64  4  128  0.1044E-07
 2  64  4  128  0.1027E-07
 2  64  4  128  0.1019E-07
 2  64  4  128  0.1013E-07
 2  64  4  128  0.1027E-07
 2  64  4  128  0.1041E-07
 2  64  4  128  0.1022E-07
 2  64  4  128  0.1047E-07
 2  64  4  128  0.1023E-07
 2  64  5  128  0.6959E-08
 2  64  5  128  0.6340E-08
 2  64  5  128  0.6111E-08
 2  64  5  128  0.6183E-08
 2  64  5  128  0.6292E-08
 2  64  5  128  0.6136E-08
 2  64  5  128  0.6113E-08
 2  64  5  128  0.6184E-08
 2  64  5  128  0.6159E-08
 2  64  5  128  0.6162E-08
 2  64  6  128  0.4565E-08
 2  64  6  128  0.4127E-08
 2  64  6  128  0.4147E-08
 2  64  6  128  0.4128E-08
 2  64  6  128  0.4149E-08
 2  64  6  128  0.4097E-08
 2  64  6  128  0.4097E-08
 2  64  6  128  0.4099E-08
 2  64  6  128  0.4096E-08
 2  64  6  128  0.4165E-08
 2  64  7  128  0.3352E-08
 2  64  7  128  0.3036E-08
 2  64  7  128  0.3019E-08
 2  64  7  128  0.3032E-08
 2  64  7  128  0.3035E-08
 2  64  7  128  0.3007E-08
 2  64  7  128  0.3034E-08
 2  64  7  128  0.3021E-08
 2  64  7  128  0.3029E-08
 2  64  7  128  0.3019E-08
 2  64  8  128  0.3168E-08
 2  64  8  128  0.2910E-08
 2  64  8  128  0.2953E-08
 2  64  8  128  0.2945E-08
 2  64  8  128  0.2931E-08
 2  64  8  128  0.2981E-08
 2  64  8  128  0.2923E-08
 2  64  8  128  0.2964E-08
 2  64  8  128  0.2977E-08
 2  64  8  128  0.2982E-08
 2  64  9  128  0.3173E-08
 2  64  9  128  0.2922E-08
 2  64  9  128  0.2918E-08
 2  64  9  128  0.2907E-08
 2  64  9  128  0.2916E-08
 2  64  9  128  0.2897E-08
 2  64  9  128  0.2904E-08
 2  64  9  128  0.2894E-08
 2  64  9  128  0.2890E-08
 2  64  9  128  0.2916E-08
 2  64  10  128  0.3303E-08
 2  64  10  128  0.3142E-08
 2  64  10  128  0.3158E-08
 2  64  10  128  0.3138E-08
 2  64  10  128  0.3137E-08
 2  64  10  128  0.3141E-08
 2  64  10  128  0.3162E-08
 2  64  10  128  0.3140E-08
 2  64  10  128  0.3140E-08
 2  64  10  128  0.3142E-08
 2  64  11  128  0.3372E-08
 2  64  11  128  0.3185E-08
 2  64  11  128  0.3187E-08
 2  64  11  128  0.3189E-08
 2  64  11  128  0.3194E-08
 2  64  11  128  0.3211E-08
 2  64  11  128  0.3199E-08
 2  64  11  128  0.3188E-08
 2  64  11  128  0.3190E-08
 2  64  11  128  0.3183E-08
 2  64  12  128  0.3020E-08
 2  64  12  128  0.2906E-08
 2  64  12  128  0.2908E-08
 2  64  12  128  0.2905E-08
 2  64  12  128  0.2908E-08
 2  64  12  128  0.2900E-08
 2  64  12  128  0.2908E-08
 2  64  12  128  0.2906E-08
 2  64  12  128  0.2903E-08
 2  64  12  128  0.2899E-08
 2  64  13  128  0.2891E-08
 2  64  13  128  0.2778E-08
 2  64  13  128  0.2776E-08
 2  64  13  128  0.2777E-08
 2  64  13  128  0.2780E-08
 2  64  13  128  0.2774E-08
 2  64  13  128  0.2778E-08
 2  64  13  128  0.2779E-08
 2  64  13  128  0.2778E-08
 2  64  13  128  0.2778E-08
 2  64  14  128  0.2701E-08
 2  64  14  128  0.2568E-08
 2  64  14  128  0.2569E-08
 2  64  14  128  0.2564E-08
 2  64  14  128  0.2571E-08
 2  64  14  128  0.2563E-08
 2  64  14  128  0.2566E-08
 2  64  14  128  0.2563E-08
 2  64  14  128  0.2568E-08
 2  64  14  128  0.2565E-08
 2  64  15  128  0.2791E-08
 2  64  15  128  0.2685E-08
 2  64  15  128  0.2669E-08
 2  64  15  128  0.2676E-08
 2  64  15  128  0.2671E-08
 2  64  15  128  0.2675E-08
 2  64  15  128  0.2676E-08
 2  64  15  128  0.2672E-08
 2  64  15  128  0.2674E-08
 2  64  15  128  0.2678E-08
 2  64  16  128  0.2974E-08
 2  64  16  128  0.2864E-08
 2  64  16  128  0.2875E-08
 2  64  16  128  0.2887E-08
 2  64  16  128  0.2875E-08
 2  64  16  128  0.2877E-08
 2  64  16  128  0.2862E-08
 2  64  16  128  0.2874E-08
 2  64  16  128  0.2872E-08
 2  64  16  128  0.2865E-08
 2  64  17  128  0.2715E-08
 2  64  17  128  0.2605E-08
 2  64  17  128  0.2596E-08
 2  64  17  128  0.2591E-08
 2  64  17  128  0.2593E-08
 2  64  17  128  0.2595E-08
 2  64  17  128  0.2594E-08
 2  64  17  128  0.2591E-08
 2  64  17  128  0.2594E-08
 2  64  17  128  0.2601E-08
 2  64  18  128  0.2511E-08
 2  64  18  128  0.2442E-08
 2  64  18  128  0.2458E-08
 2  64  18  128  0.2465E-08
 2  64  18  128  0.2453E-08
 2  64  18  128  0.2450E-08
 2  64  18  128  0.2448E-08
 2  64  18  128  0.2447E-08
 2  64  18  128  0.2446E-08
 2  64  18  128  0.2454E-08
 2  64  19  128  0.2526E-08
 2  64  19  128  0.2432E-08
 2  64  19  128  0.2440E-08
 2  64  19  128  0.2436E-08
 2  64  19  128  0.2438E-08
 2  64  19  128  0.2441E-08
 2  64  19  128  0.2444E-08
 2  64  19  128  0.2436E-08
 2  64  19  128  0.2433E-08
 2  64  19  128  0.2433E-08
 2  64  20  128  0.2418E-08
 2  64  20  128  0.2360E-08
 2  64  20  128  0.2352E-08
 2  64  20  128  0.2347E-08
 2  64  20  128  0.2376E-08
 2  64  20  128  0.2361E-08
 2  64  20  128  0.2364E-08
 2  64  20  128  0.2350E-08
 2  64  20  128  0.2351E-08
 2  64  20  128  0.2360E-08
