 2  2  3  4  0.3207E-06
 2  2  3  4  0.3168E-06
 2  2  3  4  0.3309E-06
 2  2  3  4  0.3194E-06
 2  2  3  4  0.3189E-06
 2  2  3  4  0.3140E-06
 2  2  3  4  0.3117E-06
 2  2  3  4  0.3167E-06
 2  2  3  4  0.3144E-06
 2  2  3  4  0.3103E-06
 2  2  4  4  0.1639E-06
 2  2  4  4  0.1619E-06
 2  2  4  4  0.1641E-06
 2  2  4  4  0.1637E-06
 2  2  4  4  0.1625E-06
 2  2  4  4  0.1592E-06
 2  2  4  4  0.1601E-06
 2  2  4  4  0.1606E-06
 2  2  4  4  0.1602E-06
 2  2  4  4  0.1594E-06
 2  2  5  4  0.1061E-06
 2  2  5  4  0.1052E-06
 2  2  5  4  0.1058E-06
 2  2  5  4  0.1058E-06
 2  2  5  4  0.1064E-06
 2  2  5  4  0.1072E-06
 2  2  5  4  0.1055E-06
 2  2  5  4  0.1053E-06
 2  2  5  4  0.1050E-06
 2  2  5  4  0.1056E-06
 2  2  6  4  0.7581E-07
 2  2  6  4  0.7624E-07
 2  2  6  4  0.7535E-07
 2  2  6  4  0.7499E-07
 2  2  6  4  0.7574E-07
 2  2  6  4  0.7559E-07
 2  2  6  4  0.7546E-07
 2  2  6  4  0.7520E-07
 2  2  6  4  0.7485E-07
 2  2  6  4  0.7504E-07
 2  2  7  4  0.5642E-07
 2  2  7  4  0.5589E-07
 2  2  7  4  0.5629E-07
 2  2  7  4  0.5547E-07
 2  2  7  4  0.5583E-07
 2  2  7  4  0.5559E-07
 2  2  7  4  0.5607E-07
 2  2  7  4  0.5517E-07
 2  2  7  4  0.5629E-07
 2  2  7  4  0.5543E-07
 2  2  8  4  0.4696E-07
 2  2  8  4  0.4659E-07
 2  2  8  4  0.4562E-07
 2  2  8  4  0.4623E-07
 2  2  8  4  0.4615E-07
 2  2  8  4  0.4553E-07
 2  2  8  4  0.4557E-07
 2  2  8  4  0.4553E-07
 2  2  8  4  0.4574E-07
 2  2  8  4  0.4566E-07
 2  2  9  4  0.4333E-07
 2  2  9  4  0.4211E-07
 2  2  9  4  0.4188E-07
 2  2  9  4  0.4188E-07
 2  2  9  4  0.4150E-07
 2  2  9  4  0.4155E-07
 2  2  9  4  0.4204E-07
 2  2  9  4  0.4183E-07
 2  2  9  4  0.4193E-07
 2  2  9  4  0.4165E-07
 2  2  10  4  0.4372E-07
 2  2  10  4  0.4285E-07
 2  2  10  4  0.4308E-07
 2  2  10  4  0.4249E-07
 2  2  10  4  0.4218E-07
 2  2  10  4  0.4238E-07
 2  2  10  4  0.4244E-07
 2  2  10  4  0.4266E-07
 2  2  10  4  0.4236E-07
 2  2  10  4  0.4239E-07
 2  2  11  4  0.4251E-07
 2  2  11  4  0.4004E-07
 2  2  11  4  0.4048E-07
 2  2  11  4  0.4062E-07
 2  2  11  4  0.3992E-07
 2  2  11  4  0.3967E-07
 2  2  11  4  0.3983E-07
 2  2  11  4  0.4025E-07
 2  2  11  4  0.4012E-07
 2  2  11  4  0.4032E-07
 2  2  12  4  0.4641E-07
 2  2  12  4  0.4509E-07
 2  2  12  4  0.4526E-07
 2  2  12  4  0.4486E-07
 2  2  12  4  0.4474E-07
 2  2  12  4  0.4474E-07
 2  2  12  4  0.4500E-07
 2  2  12  4  0.4492E-07
 2  2  12  4  0.4512E-07
 2  2  12  4  0.4481E-07
 2  2  13  4  0.5224E-07
 2  2  13  4  0.5113E-07
 2  2  13  4  0.5114E-07
 2  2  13  4  0.5107E-07
 2  2  13  4  0.5103E-07
 2  2  13  4  0.5108E-07
 2  2  13  4  0.5111E-07
 2  2  13  4  0.5113E-07
 2  2  13  4  0.5117E-07
 2  2  13  4  0.5109E-07
 2  2  14  4  0.4966E-07
 2  2  14  4  0.4864E-07
 2  2  14  4  0.4856E-07
 2  2  14  4  0.4860E-07
 2  2  14  4  0.4847E-07
 2  2  14  4  0.4845E-07
 2  2  14  4  0.4845E-07
 2  2  14  4  0.4838E-07
 2  2  14  4  0.4846E-07
 2  2  14  4  0.4865E-07
 2  2  15  4  0.5203E-07
 2  2  15  4  0.5127E-07
 2  2  15  4  0.5123E-07
 2  2  15  4  0.5121E-07
 2  2  15  4  0.5122E-07
 2  2  15  4  0.5127E-07
 2  2  15  4  0.5127E-07
 2  2  15  4  0.5141E-07
 2  2  15  4  0.5173E-07
 2  2  15  4  0.5194E-07
 2  2  16  4  0.5280E-07
 2  2  16  4  0.5215E-07
 2  2  16  4  0.5212E-07
 2  2  16  4  0.5208E-07
 2  2  16  4  0.5211E-07
 2  2  16  4  0.5208E-07
 2  2  16  4  0.5212E-07
 2  2  16  4  0.5214E-07
 2  2  16  4  0.5209E-07
 2  2  16  4  0.5214E-07
 2  2  17  4  0.5464E-07
 2  2  17  4  0.5427E-07
 2  2  17  4  0.5415E-07
 2  2  17  4  0.5425E-07
 2  2  17  4  0.5417E-07
 2  2  17  4  0.5422E-07
 2  2  17  4  0.5406E-07
 2  2  17  4  0.5414E-07
 2  2  17  4  0.5420E-07
 2  2  17  4  0.5417E-07
 2  2  18  4  0.5321E-07
 2  2  18  4  0.5274E-07
 2  2  18  4  0.5266E-07
 2  2  18  4  0.5276E-07
 2  2  18  4  0.5279E-07
 2  2  18  4  0.5300E-07
 2  2  18  4  0.5288E-07
 2  2  18  4  0.5293E-07
 2  2  18  4  0.5299E-07
 2  2  18  4  0.5276E-07
 2  2  19  4  0.5335E-07
 2  2  19  4  0.5294E-07
 2  2  19  4  0.5280E-07
 2  2  19  4  0.5310E-07
 2  2  19  4  0.5309E-07
 2  2  19  4  0.5314E-07
 2  2  19  4  0.5313E-07
 2  2  19  4  0.5312E-07
 2  2  19  4  0.5307E-07
 2  2  19  4  0.5312E-07
 2  2  20  4  0.4934E-07
 2  2  20  4  0.4895E-07
 2  2  20  4  0.4897E-07
 2  2  20  4  0.4896E-07
 2  2  20  4  0.4894E-07
 2  2  20  4  0.4892E-07
 2  2  20  4  0.4878E-07
 2  2  20  4  0.4877E-07
 2  2  20  4  0.4875E-07
 2  2  20  4  0.4874E-07
