 4  64  3  256  0.7889E-08
 4  64  3  256  0.7170E-08
 4  64  3  256  0.7180E-08
 4  64  3  256  0.7175E-08
 4  64  3  256  0.7116E-08
 4  64  3  256  0.7172E-08
 4  64  3  256  0.7103E-08
 4  64  3  256  0.7120E-08
 4  64  3  256  0.7068E-08
 4  64  3  256  0.7061E-08
 4  64  4  256  0.4059E-08
 4  64  4  256  0.3746E-08
 4  64  4  256  0.3671E-08
 4  64  4  256  0.3606E-08
 4  64  4  256  0.3693E-08
 4  64  4  256  0.3661E-08
 4  64  4  256  0.3685E-08
 4  64  4  256  0.3648E-08
 4  64  4  256  0.3663E-08
 4  64  4  256  0.3607E-08
 4  64  5  256  0.2401E-08
 4  64  5  256  0.2191E-08
 4  64  5  256  0.2183E-08
 4  64  5  256  0.2187E-08
 4  64  5  256  0.2161E-08
 4  64  5  256  0.2179E-08
 4  64  5  256  0.2179E-08
 4  64  5  256  0.2187E-08
 4  64  5  256  0.2157E-08
 4  64  5  256  0.2174E-08
 4  64  6  256  0.1626E-08
 4  64  6  256  0.1517E-08
 4  64  6  256  0.1507E-08
 4  64  6  256  0.1487E-08
 4  64  6  256  0.1500E-08
 4  64  6  256  0.1508E-08
 4  64  6  256  0.1489E-08
 4  64  6  256  0.1502E-08
 4  64  6  256  0.1498E-08
 4  64  6  256  0.1517E-08
 4  64  7  256  0.1335E-08
 4  64  7  256  0.1235E-08
 4  64  7  256  0.1240E-08
 4  64  7  256  0.1224E-08
 4  64  7  256  0.1231E-08
 4  64  7  256  0.1212E-08
 4  64  7  256  0.1218E-08
 4  64  7  256  0.1229E-08
 4  64  7  256  0.1215E-08
 4  64  7  256  0.1214E-08
 4  64  8  256  0.1097E-08
 4  64  8  256  0.1031E-08
 4  64  8  256  0.1011E-08
 4  64  8  256  0.1008E-08
 4  64  8  256  0.1012E-08
 4  64  8  256  0.1025E-08
 4  64  8  256  0.1024E-08
 4  64  8  256  0.1016E-08
 4  64  8  256  0.1018E-08
 4  64  8  256  0.1009E-08
 4  64  9  256  0.1426E-08
 4  64  9  256  0.1390E-08
 4  64  9  256  0.1363E-08
 4  64  9  256  0.1346E-08
 4  64  9  256  0.1342E-08
 4  64  9  256  0.1351E-08
 4  64  9  256  0.1342E-08
 4  64  9  256  0.1349E-08
 4  64  9  256  0.1349E-08
 4  64  9  256  0.1353E-08
 4  64  10  256  0.1720E-08
 4  64  10  256  0.1675E-08
 4  64  10  256  0.1677E-08
 4  64  10  256  0.1665E-08
 4  64  10  256  0.1669E-08
 4  64  10  256  0.1670E-08
 4  64  10  256  0.1674E-08
 4  64  10  256  0.1663E-08
 4  64  10  256  0.1657E-08
 4  64  10  256  0.1667E-08
 4  64  11  256  0.1794E-08
 4  64  11  256  0.1740E-08
 4  64  11  256  0.1740E-08
 4  64  11  256  0.1742E-08
 4  64  11  256  0.1743E-08
 4  64  11  256  0.1750E-08
 4  64  11  256  0.1740E-08
 4  64  11  256  0.1740E-08
 4  64  11  256  0.1742E-08
 4  64  11  256  0.1733E-08
 4  64  12  256  0.1650E-08
 4  64  12  256  0.1590E-08
 4  64  12  256  0.1584E-08
 4  64  12  256  0.1587E-08
 4  64  12  256  0.1592E-08
 4  64  12  256  0.1593E-08
 4  64  12  256  0.1584E-08
 4  64  12  256  0.1587E-08
 4  64  12  256  0.1594E-08
 4  64  12  256  0.1592E-08
 4  64  13  256  0.1813E-08
 4  64  13  256  0.1776E-08
 4  64  13  256  0.1766E-08
 4  64  13  256  0.1771E-08
 4  64  13  256  0.1767E-08
 4  64  13  256  0.1768E-08
 4  64  13  256  0.1768E-08
 4  64  13  256  0.1770E-08
 4  64  13  256  0.1766E-08
 4  64  13  256  0.1770E-08
 4  64  14  256  0.1678E-08
 4  64  14  256  0.1644E-08
 4  64  14  256  0.1644E-08
 4  64  14  256  0.1641E-08
 4  64  14  256  0.1646E-08
 4  64  14  256  0.1645E-08
 4  64  14  256  0.1643E-08
 4  64  14  256  0.1650E-08
 4  64  14  256  0.1656E-08
 4  64  14  256  0.1652E-08
 4  64  15  256  0.1772E-08
 4  64  15  256  0.1745E-08
 4  64  15  256  0.1747E-08
 4  64  15  256  0.1750E-08
 4  64  15  256  0.1754E-08
 4  64  15  256  0.1749E-08
 4  64  15  256  0.1746E-08
 4  64  15  256  0.1742E-08
 4  64  15  256  0.1742E-08
 4  64  15  256  0.1742E-08
 4  64  16  256  0.1691E-08
 4  64  16  256  0.1682E-08
 4  64  16  256  0.1675E-08
 4  64  16  256  0.1675E-08
 4  64  16  256  0.1683E-08
 4  64  16  256  0.1680E-08
 4  64  16  256  0.1691E-08
 4  64  16  256  0.1674E-08
 4  64  16  256  0.1682E-08
 4  64  16  256  0.1681E-08
 4  64  17  256  0.1962E-08
 4  64  17  256  0.1948E-08
 4  64  17  256  0.1950E-08
 4  64  17  256  0.1938E-08
 4  64  17  256  0.1935E-08
 4  64  17  256  0.1938E-08
 4  64  17  256  0.1937E-08
 4  64  17  256  0.1947E-08
 4  64  17  256  0.1946E-08
 4  64  17  256  0.1936E-08
 4  64  18  256  0.1861E-08
 4  64  18  256  0.1850E-08
 4  64  18  256  0.1852E-08
 4  64  18  256  0.1848E-08
 4  64  18  256  0.1841E-08
 4  64  18  256  0.1842E-08
 4  64  18  256  0.1839E-08
 4  64  18  256  0.1856E-08
 4  64  18  256  0.1841E-08
 4  64  18  256  0.1835E-08
 4  64  19  256  0.1952E-08
 4  64  19  256  0.1935E-08
 4  64  19  256  0.2053E-08
 4  64  19  256  0.1941E-08
 4  64  19  256  0.1940E-08
 4  64  19  256  0.1933E-08
 4  64  19  256  0.1935E-08
 4  64  19  256  0.1941E-08
 4  64  19  256  0.1933E-08
 4  64  19  256  0.1935E-08
 4  64  20  256  0.1857E-08
 4  64  20  256  0.1858E-08
 4  64  20  256  0.1842E-08
 4  64  20  256  0.1841E-08
 4  64  20  256  0.1847E-08
 4  64  20  256  0.1851E-08
 4  64  20  256  0.1837E-08
 4  64  20  256  0.1842E-08
 4  64  20  256  0.1850E-08
 4  64  20  256  0.1846E-08
