 4  1  3  4  0.1042E-06
 4  1  3  4  0.1026E-06
 4  1  3  4  0.1026E-06
 4  1  3  4  0.1017E-06
 4  1  3  4  0.1018E-06
 4  1  3  4  0.1039E-06
 4  1  3  4  0.1024E-06
 4  1  3  4  0.1029E-06
 4  1  3  4  0.1037E-06
 4  1  3  4  0.1016E-06
 4  1  4  4  0.6518E-07
 4  1  4  4  0.6543E-07
 4  1  4  4  0.6535E-07
 4  1  4  4  0.6489E-07
 4  1  4  4  0.6510E-07
 4  1  4  4  0.6493E-07
 4  1  4  4  0.6487E-07
 4  1  4  4  0.6507E-07
 4  1  4  4  0.6497E-07
 4  1  4  4  0.6493E-07
 4  1  5  4  0.5999E-07
 4  1  5  4  0.6018E-07
 4  1  5  4  0.6029E-07
 4  1  5  4  0.5999E-07
 4  1  5  4  0.6039E-07
 4  1  5  4  0.6039E-07
 4  1  5  4  0.6004E-07
 4  1  5  4  0.6031E-07
 4  1  5  4  0.6015E-07
 4  1  5  4  0.6009E-07
 4  1  6  4  0.4709E-07
 4  1  6  4  0.4726E-07
 4  1  6  4  0.4705E-07
 4  1  6  4  0.4701E-07
 4  1  6  4  0.4704E-07
 4  1  6  4  0.4720E-07
 4  1  6  4  0.4726E-07
 4  1  6  4  0.4716E-07
 4  1  6  4  0.4699E-07
 4  1  6  4  0.4693E-07
 4  1  7  4  0.4524E-07
 4  1  7  4  0.4510E-07
 4  1  7  4  0.4504E-07
 4  1  7  4  0.4495E-07
 4  1  7  4  0.4506E-07
 4  1  7  4  0.4489E-07
 4  1  7  4  0.4503E-07
 4  1  7  4  0.4488E-07
 4  1  7  4  0.4491E-07
 4  1  7  4  0.4517E-07
 4  1  8  4  0.3617E-07
 4  1  8  4  0.3606E-07
 4  1  8  4  0.3599E-07
 4  1  8  4  0.3597E-07
 4  1  8  4  0.3598E-07
 4  1  8  4  0.3645E-07
 4  1  8  4  0.3587E-07
 4  1  8  4  0.3584E-07
 4  1  8  4  0.3578E-07
 4  1  8  4  0.3581E-07
 4  1  9  4  0.4860E-07
 4  1  9  4  0.4821E-07
 4  1  9  4  0.4835E-07
 4  1  9  4  0.4801E-07
 4  1  9  4  0.4807E-07
 4  1  9  4  0.4801E-07
 4  1  9  4  0.4805E-07
 4  1  9  4  0.4797E-07
 4  1  9  4  0.4815E-07
 4  1  9  4  0.4810E-07
 4  1  10  4  0.5475E-07
 4  1  10  4  0.5417E-07
 4  1  10  4  0.5416E-07
 4  1  10  4  0.5426E-07
 4  1  10  4  0.5419E-07
 4  1  10  4  0.5417E-07
 4  1  10  4  0.5460E-07
 4  1  10  4  0.5422E-07
 4  1  10  4  0.5422E-07
 4  1  10  4  0.5402E-07
 4  1  11  4  0.5512E-07
 4  1  11  4  0.5404E-07
 4  1  11  4  0.5394E-07
 4  1  11  4  0.5399E-07
 4  1  11  4  0.5385E-07
 4  1  11  4  0.5381E-07
 4  1  11  4  0.5355E-07
 4  1  11  4  0.5350E-07
 4  1  11  4  0.5363E-07
 4  1  11  4  0.5378E-07
 4  1  12  4  0.5454E-07
 4  1  12  4  0.5397E-07
 4  1  12  4  0.5394E-07
 4  1  12  4  0.5423E-07
 4  1  12  4  0.5429E-07
 4  1  12  4  0.5424E-07
 4  1  12  4  0.5422E-07
 4  1  12  4  0.5463E-07
 4  1  12  4  0.5441E-07
 4  1  12  4  0.5443E-07
 4  1  13  4  0.6754E-07
 4  1  13  4  0.6708E-07
 4  1  13  4  0.6706E-07
 4  1  13  4  0.6705E-07
 4  1  13  4  0.6709E-07
 4  1  13  4  0.6705E-07
 4  1  13  4  0.6709E-07
 4  1  13  4  0.6708E-07
 4  1  13  4  0.6721E-07
 4  1  13  4  0.6721E-07
 4  1  14  4  0.6339E-07
 4  1  14  4  0.6313E-07
 4  1  14  4  0.6346E-07
 4  1  14  4  0.6355E-07
 4  1  14  4  0.6356E-07
 4  1  14  4  0.6353E-07
 4  1  14  4  0.6358E-07
 4  1  14  4  0.6357E-07
 4  1  14  4  0.6354E-07
 4  1  14  4  0.6355E-07
 4  1  15  4  0.6858E-07
 4  1  15  4  0.6831E-07
 4  1  15  4  0.6828E-07
 4  1  15  4  0.6828E-07
 4  1  15  4  0.6826E-07
 4  1  15  4  0.6827E-07
 4  1  15  4  0.6827E-07
 4  1  15  4  0.6825E-07
 4  1  15  4  0.6824E-07
 4  1  15  4  0.6828E-07
 4  1  16  4  0.5990E-07
 4  1  16  4  0.5983E-07
 4  1  16  4  0.5977E-07
 4  1  16  4  0.5973E-07
 4  1  16  4  0.5972E-07
 4  1  16  4  0.5975E-07
 4  1  16  4  0.5974E-07
 4  1  16  4  0.5975E-07
 4  1  16  4  0.5975E-07
 4  1  16  4  0.5975E-07
 4  1  17  4  0.8109E-07
 4  1  17  4  0.8110E-07
 4  1  17  4  0.8104E-07
 4  1  17  4  0.8132E-07
 4  1  17  4  0.8141E-07
 4  1  17  4  0.8143E-07
 4  1  17  4  0.8139E-07
 4  1  17  4  0.8142E-07
 4  1  17  4  0.8141E-07
 4  1  17  4  0.8139E-07
 4  1  18  4  0.7952E-07
 4  1  18  4  0.7937E-07
 4  1  18  4  0.7936E-07
 4  1  18  4  0.7940E-07
 4  1  18  4  0.7945E-07
 4  1  18  4  0.7952E-07
 4  1  18  4  0.7949E-07
 4  1  18  4  0.7948E-07
 4  1  18  4  0.7949E-07
 4  1  18  4  0.7948E-07
 4  1  19  4  0.8289E-07
 4  1  19  4  0.8279E-07
 4  1  19  4  0.8317E-07
 4  1  19  4  0.8326E-07
 4  1  19  4  0.8320E-07
 4  1  19  4  0.8311E-07
 4  1  19  4  0.8321E-07
 4  1  19  4  0.8318E-07
 4  1  19  4  0.8362E-07
 4  1  19  4  0.8402E-07
 4  1  20  4  0.7816E-07
 4  1  20  4  0.7804E-07
 4  1  20  4  0.7802E-07
 4  1  20  4  0.7813E-07
 4  1  20  4  0.7841E-07
 4  1  20  4  0.7849E-07
 4  1  20  4  0.7882E-07
 4  1  20  4  0.7878E-07
 4  1  20  4  0.7874E-07
 4  1  20  4  0.7875E-07
