 4  16  3  64  0.1292E-07
 4  16  3  64  0.1261E-07
 4  16  3  64  0.1229E-07
 4  16  3  64  0.1225E-07
 4  16  3  64  0.1216E-07
 4  16  3  64  0.1227E-07
 4  16  3  64  0.1220E-07
 4  16  3  64  0.1222E-07
 4  16  3  64  0.1224E-07
 4  16  3  64  0.1223E-07
 4  16  4  64  0.6941E-08
 4  16  4  64  0.6602E-08
 4  16  4  64  0.6460E-08
 4  16  4  64  0.6443E-08
 4  16  4  64  0.6394E-08
 4  16  4  64  0.6454E-08
 4  16  4  64  0.6405E-08
 4  16  4  64  0.6482E-08
 4  16  4  64  0.6419E-08
 4  16  4  64  0.6428E-08
 4  16  5  64  0.5350E-08
 4  16  5  64  0.5153E-08
 4  16  5  64  0.5070E-08
 4  16  5  64  0.5173E-08
 4  16  5  64  0.5093E-08
 4  16  5  64  0.5084E-08
 4  16  5  64  0.5063E-08
 4  16  5  64  0.5053E-08
 4  16  5  64  0.5059E-08
 4  16  5  64  0.5036E-08
 4  16  6  64  0.4037E-08
 4  16  6  64  0.3801E-08
 4  16  6  64  0.3800E-08
 4  16  6  64  0.3765E-08
 4  16  6  64  0.3991E-08
 4  16  6  64  0.3786E-08
 4  16  6  64  0.3798E-08
 4  16  6  64  0.3768E-08
 4  16  6  64  0.3993E-08
 4  16  6  64  0.3758E-08
 4  16  7  64  0.3602E-08
 4  16  7  64  0.3376E-08
 4  16  7  64  0.3494E-08
 4  16  7  64  0.3437E-08
 4  16  7  64  0.3350E-08
 4  16  7  64  0.3483E-08
 4  16  7  64  0.3470E-08
 4  16  7  64  0.3458E-08
 4  16  7  64  0.3417E-08
 4  16  7  64  0.3359E-08
 4  16  8  64  0.2758E-08
 4  16  8  64  0.2621E-08
 4  16  8  64  0.2627E-08
 4  16  8  64  0.2722E-08
 4  16  8  64  0.2612E-08
 4  16  8  64  0.2613E-08
 4  16  8  64  0.2615E-08
 4  16  8  64  0.2609E-08
 4  16  8  64  0.2779E-08
 4  16  8  64  0.2609E-08
 4  16  9  64  0.3631E-08
 4  16  9  64  0.3361E-08
 4  16  9  64  0.3360E-08
 4  16  9  64  0.3519E-08
 4  16  9  64  0.3342E-08
 4  16  9  64  0.3319E-08
 4  16  9  64  0.3316E-08
 4  16  9  64  0.3311E-08
 4  16  9  64  0.3308E-08
 4  16  9  64  0.3305E-08
 4  16  10  64  0.3813E-08
 4  16  10  64  0.3683E-08
 4  16  10  64  0.3643E-08
 4  16  10  64  0.3642E-08
 4  16  10  64  0.3676E-08
 4  16  10  64  0.3669E-08
 4  16  10  64  0.3685E-08
 4  16  10  64  0.3670E-08
 4  16  10  64  0.3719E-08
 4  16  10  64  0.3696E-08
 4  16  11  64  0.3983E-08
 4  16  11  64  0.3819E-08
 4  16  11  64  0.3822E-08
 4  16  11  64  0.3820E-08
 4  16  11  64  0.3826E-08
 4  16  11  64  0.3841E-08
 4  16  11  64  0.3833E-08
 4  16  11  64  0.3817E-08
 4  16  11  64  0.3815E-08
 4  16  11  64  0.3808E-08
 4  16  12  64  0.4194E-08
 4  16  12  64  0.4077E-08
 4  16  12  64  0.4144E-08
 4  16  12  64  0.4095E-08
 4  16  12  64  0.4143E-08
 4  16  12  64  0.4135E-08
 4  16  12  64  0.4119E-08
 4  16  12  64  0.4100E-08
 4  16  12  64  0.4124E-08
 4  16  12  64  0.4118E-08
 4  16  13  64  0.5026E-08
 4  16  13  64  0.4978E-08
 4  16  13  64  0.4941E-08
 4  16  13  64  0.4939E-08
 4  16  13  64  0.4942E-08
 4  16  13  64  0.4944E-08
 4  16  13  64  0.4950E-08
 4  16  13  64  0.4949E-08
 4  16  13  64  0.4947E-08
 4  16  13  64  0.4937E-08
 4  16  14  64  0.4772E-08
 4  16  14  64  0.4771E-08
 4  16  14  64  0.4764E-08
 4  16  14  64  0.4778E-08
 4  16  14  64  0.4759E-08
 4  16  14  64  0.4761E-08
 4  16  14  64  0.4755E-08
 4  16  14  64  0.4841E-08
 4  16  14  64  0.4933E-08
 4  16  14  64  0.4779E-08
 4  16  15  64  0.5082E-08
 4  16  15  64  0.5025E-08
 4  16  15  64  0.5021E-08
 4  16  15  64  0.5048E-08
 4  16  15  64  0.5108E-08
 4  16  15  64  0.5094E-08
 4  16  15  64  0.5083E-08
 4  16  15  64  0.5082E-08
 4  16  15  64  0.5089E-08
 4  16  15  64  0.5070E-08
 4  16  16  64  0.4502E-08
 4  16  16  64  0.4464E-08
 4  16  16  64  0.4454E-08
 4  16  16  64  0.4454E-08
 4  16  16  64  0.4463E-08
 4  16  16  64  0.4462E-08
 4  16  16  64  0.4454E-08
 4  16  16  64  0.4474E-08
 4  16  16  64  0.4473E-08
 4  16  16  64  0.4466E-08
 4  16  17  64  0.5784E-08
 4  16  17  64  0.5830E-08
 4  16  17  64  0.5805E-08
 4  16  17  64  0.5801E-08
 4  16  17  64  0.5781E-08
 4  16  17  64  0.5783E-08
 4  16  17  64  0.5793E-08
 4  16  17  64  0.5791E-08
 4  16  17  64  0.5790E-08
 4  16  17  64  0.5794E-08
 4  16  18  64  0.5549E-08
 4  16  18  64  0.5549E-08
 4  16  18  64  0.5559E-08
 4  16  18  64  0.5545E-08
 4  16  18  64  0.5546E-08
 4  16  18  64  0.5548E-08
 4  16  18  64  0.5547E-08
 4  16  18  64  0.5550E-08
 4  16  18  64  0.5547E-08
 4  16  18  64  0.5549E-08
 4  16  19  64  0.5783E-08
 4  16  19  64  0.5789E-08
 4  16  19  64  0.5763E-08
 4  16  19  64  0.5766E-08
 4  16  19  64  0.5749E-08
 4  16  19  64  0.5767E-08
 4  16  19  64  0.5750E-08
 4  16  19  64  0.5750E-08
 4  16  19  64  0.5759E-08
 4  16  19  64  0.5750E-08
 4  16  20  64  0.5423E-08
 4  16  20  64  0.5406E-08
 4  16  20  64  0.5402E-08
 4  16  20  64  0.5399E-08
 4  16  20  64  0.5402E-08
 4  16  20  64  0.5404E-08
 4  16  20  64  0.5406E-08
 4  16  20  64  0.5394E-08
 4  16  20  64  0.5402E-08
 4  16  20  64  0.5399E-08
