 4  16  3  64  0.5422E-07
 4  16  3  64  0.5302E-07
 4  16  3  64  0.5253E-07
 4  16  3  64  0.5220E-07
 4  16  3  64  0.5223E-07
 4  16  3  64  0.5213E-07
 4  16  3  64  0.5323E-07
 4  16  3  64  0.5193E-07
 4  16  3  64  0.5115E-07
 4  16  3  64  0.5167E-07
 4  16  4  64  0.2144E-07
 4  16  4  64  0.2090E-07
 4  16  4  64  0.2090E-07
 4  16  4  64  0.2080E-07
 4  16  4  64  0.2071E-07
 4  16  4  64  0.2064E-07
 4  16  4  64  0.2059E-07
 4  16  4  64  0.2073E-07
 4  16  4  64  0.2062E-07
 4  16  4  64  0.2072E-07
 4  16  5  64  0.1365E-07
 4  16  5  64  0.1329E-07
 4  16  5  64  0.1332E-07
 4  16  5  64  0.1333E-07
 4  16  5  64  0.1331E-07
 4  16  5  64  0.1329E-07
 4  16  5  64  0.1334E-07
 4  16  5  64  0.1327E-07
 4  16  5  64  0.1327E-07
 4  16  5  64  0.1328E-07
 4  16  6  64  0.9937E-08
 4  16  6  64  0.9902E-08
 4  16  6  64  0.9651E-08
 4  16  6  64  0.1001E-07
 4  16  6  64  0.9651E-08
 4  16  6  64  0.9856E-08
 4  16  6  64  0.9750E-08
 4  16  6  64  0.9642E-08
 4  16  6  64  0.9644E-08
 4  16  6  64  0.9666E-08
 4  16  7  64  0.7648E-08
 4  16  7  64  0.7360E-08
 4  16  7  64  0.7195E-08
 4  16  7  64  0.7170E-08
 4  16  7  64  0.7341E-08
 4  16  7  64  0.7196E-08
 4  16  7  64  0.7240E-08
 4  16  7  64  0.7232E-08
 4  16  7  64  0.7181E-08
 4  16  7  64  0.7214E-08
 4  16  8  64  0.6629E-08
 4  16  8  64  0.6247E-08
 4  16  8  64  0.6336E-08
 4  16  8  64  0.6382E-08
 4  16  8  64  0.6234E-08
 4  16  8  64  0.6195E-08
 4  16  8  64  0.6305E-08
 4  16  8  64  0.6170E-08
 4  16  8  64  0.6179E-08
 4  16  8  64  0.6348E-08
 4  16  9  64  0.6405E-08
 4  16  9  64  0.6179E-08
 4  16  9  64  0.6155E-08
 4  16  9  64  0.6139E-08
 4  16  9  64  0.6156E-08
 4  16  9  64  0.6155E-08
 4  16  9  64  0.6309E-08
 4  16  9  64  0.6164E-08
 4  16  9  64  0.6206E-08
 4  16  9  64  0.6178E-08
 4  16  10  64  0.7308E-08
 4  16  10  64  0.7141E-08
 4  16  10  64  0.7127E-08
 4  16  10  64  0.7160E-08
 4  16  10  64  0.7151E-08
 4  16  10  64  0.7158E-08
 4  16  10  64  0.7160E-08
 4  16  10  64  0.7138E-08
 4  16  10  64  0.7204E-08
 4  16  10  64  0.7146E-08
 4  16  11  64  0.7731E-08
 4  16  11  64  0.7629E-08
 4  16  11  64  0.7643E-08
 4  16  11  64  0.7630E-08
 4  16  11  64  0.7668E-08
 4  16  11  64  0.7673E-08
 4  16  11  64  0.7660E-08
 4  16  11  64  0.7691E-08
 4  16  11  64  0.7679E-08
 4  16  11  64  0.7665E-08
 4  16  12  64  0.7170E-08
 4  16  12  64  0.7092E-08
 4  16  12  64  0.7084E-08
 4  16  12  64  0.7126E-08
 4  16  12  64  0.7095E-08
 4  16  12  64  0.7094E-08
 4  16  12  64  0.7101E-08
 4  16  12  64  0.7101E-08
 4  16  12  64  0.7123E-08
 4  16  12  64  0.7095E-08
 4  16  13  64  0.7351E-08
 4  16  13  64  0.7308E-08
 4  16  13  64  0.7309E-08
 4  16  13  64  0.7311E-08
 4  16  13  64  0.7313E-08
 4  16  13  64  0.7317E-08
 4  16  13  64  0.7317E-08
 4  16  13  64  0.7319E-08
 4  16  13  64  0.7313E-08
 4  16  13  64  0.7323E-08
 4  16  14  64  0.6650E-08
 4  16  14  64  0.6575E-08
 4  16  14  64  0.6585E-08
 4  16  14  64  0.6581E-08
 4  16  14  64  0.6584E-08
 4  16  14  64  0.6587E-08
 4  16  14  64  0.6569E-08
 4  16  14  64  0.6572E-08
 4  16  14  64  0.6573E-08
 4  16  14  64  0.6568E-08
 4  16  15  64  0.6821E-08
 4  16  15  64  0.6761E-08
 4  16  15  64  0.6750E-08
 4  16  15  64  0.6748E-08
 4  16  15  64  0.6809E-08
 4  16  15  64  0.6818E-08
 4  16  15  64  0.6772E-08
 4  16  15  64  0.6782E-08
 4  16  15  64  0.6767E-08
 4  16  15  64  0.6761E-08
 4  16  16  64  0.7049E-08
 4  16  16  64  0.6964E-08
 4  16  16  64  0.6984E-08
 4  16  16  64  0.6971E-08
 4  16  16  64  0.6967E-08
 4  16  16  64  0.6988E-08
 4  16  16  64  0.6983E-08
 4  16  16  64  0.6988E-08
 4  16  16  64  0.6984E-08
 4  16  16  64  0.6969E-08
 4  16  17  64  0.7165E-08
 4  16  17  64  0.7094E-08
 4  16  17  64  0.7098E-08
 4  16  17  64  0.7107E-08
 4  16  17  64  0.7099E-08
 4  16  17  64  0.7109E-08
 4  16  17  64  0.7108E-08
 4  16  17  64  0.7106E-08
 4  16  17  64  0.7105E-08
 4  16  17  64  0.7104E-08
 4  16  18  64  0.6853E-08
 4  16  18  64  0.6821E-08
 4  16  18  64  0.6833E-08
 4  16  18  64  0.6824E-08
 4  16  18  64  0.6815E-08
 4  16  18  64  0.6810E-08
 4  16  18  64  0.6814E-08
 4  16  18  64  0.6816E-08
 4  16  18  64  0.6818E-08
 4  16  18  64  0.6828E-08
 4  16  19  64  0.6894E-08
 4  16  19  64  0.6859E-08
 4  16  19  64  0.6859E-08
 4  16  19  64  0.6860E-08
 4  16  19  64  0.6866E-08
 4  16  19  64  0.6860E-08
 4  16  19  64  0.6860E-08
 4  16  19  64  0.6859E-08
 4  16  19  64  0.6859E-08
 4  16  19  64  0.6859E-08
 4  16  20  64  0.6439E-08
 4  16  20  64  0.6408E-08
 4  16  20  64  0.6396E-08
 4  16  20  64  0.6395E-08
 4  16  20  64  0.6402E-08
 4  16  20  64  0.6405E-08
 4  16  20  64  0.6409E-08
 4  16  20  64  0.6409E-08
 4  16  20  64  0.6410E-08
 4  16  20  64  0.6407E-08
