 4  8  3  32  0.5282E-07
 4  8  3  32  0.6083E-07
 4  8  3  32  0.5518E-07
 4  8  3  32  0.7687E-07
 4  8  3  32  0.7123E-07
 4  8  3  32  0.4777E-07
 4  8  3  32  0.8296E-07
 4  8  3  32  0.5218E-07
 4  8  3  32  0.5052E-07
 4  8  3  32  0.8095E-07
 4  8  4  32  0.3047E-07
 4  8  4  32  0.3046E-07
 4  8  4  32  0.4023E-07
 4  8  4  32  0.2971E-07
 4  8  4  32  0.2354E-07
 4  8  4  32  0.2512E-07
 4  8  4  32  0.2578E-07
 4  8  4  32  0.2366E-07
 4  8  4  32  0.2944E-07
 4  8  4  32  0.3410E-07
 4  8  5  32  0.2816E-07
 4  8  5  32  0.2919E-07
 4  8  5  32  0.2837E-07
 4  8  5  32  0.2674E-07
 4  8  5  32  0.2770E-07
 4  8  5  32  0.2125E-07
 4  8  5  32  0.2798E-07
 4  8  5  32  0.2433E-07
 4  8  5  32  0.2662E-07
 4  8  5  32  0.2509E-07
 4  8  6  32  0.1557E-07
 4  8  6  32  0.1462E-07
 4  8  6  32  0.1602E-07
 4  8  6  32  0.1800E-07
 4  8  6  32  0.1523E-07
 4  8  6  32  0.1275E-07
 4  8  6  32  0.1553E-07
 4  8  6  32  0.1614E-07
 4  8  6  32  0.1535E-07
 4  8  6  32  0.1317E-07
 4  8  7  32  0.1215E-07
 4  8  7  32  0.1212E-07
 4  8  7  32  0.1123E-07
 4  8  7  32  0.1184E-07
 4  8  7  32  0.1129E-07
 4  8  7  32  0.1244E-07
 4  8  7  32  0.1172E-07
 4  8  7  32  0.1196E-07
 4  8  7  32  0.1207E-07
 4  8  7  32  0.1205E-07
 4  8  8  32  0.1027E-07
 4  8  8  32  0.9135E-08
 4  8  8  32  0.9688E-08
 4  8  8  32  0.9986E-08
 4  8  8  32  0.9135E-08
 4  8  8  32  0.9540E-08
 4  8  8  32  0.9622E-08
 4  8  8  32  0.9649E-08
 4  8  8  32  0.9762E-08
 4  8  8  32  0.9255E-08
 4  8  9  32  0.1118E-07
 4  8  9  32  0.1117E-07
 4  8  9  32  0.1080E-07
 4  8  9  32  0.1092E-07
 4  8  9  32  0.1087E-07
 4  8  9  32  0.1092E-07
 4  8  9  32  0.1064E-07
 4  8  9  32  0.1101E-07
 4  8  9  32  0.1080E-07
 4  8  9  32  0.1093E-07
 4  8  10  32  0.1064E-07
 4  8  10  32  0.1023E-07
 4  8  10  32  0.1007E-07
 4  8  10  32  0.1003E-07
 4  8  10  32  0.1011E-07
 4  8  10  32  0.9968E-08
 4  8  10  32  0.9735E-08
 4  8  10  32  0.9742E-08
 4  8  10  32  0.9941E-08
 4  8  10  32  0.9848E-08
 4  8  11  32  0.1011E-07
 4  8  11  32  0.9902E-08
 4  8  11  32  0.9824E-08
 4  8  11  32  0.9749E-08
 4  8  11  32  0.9799E-08
 4  8  11  32  0.9784E-08
 4  8  11  32  0.9807E-08
 4  8  11  32  0.9832E-08
 4  8  11  32  0.9824E-08
 4  8  11  32  0.9790E-08
 4  8  12  32  0.9511E-08
 4  8  12  32  0.9396E-08
 4  8  12  32  0.9432E-08
 4  8  12  32  0.9387E-08
 4  8  12  32  0.9367E-08
 4  8  12  32  0.9546E-08
 4  8  12  32  0.9618E-08
 4  8  12  32  0.9621E-08
 4  8  12  32  0.9618E-08
 4  8  12  32  0.9618E-08
 4  8  13  32  0.1081E-07
 4  8  13  32  0.1070E-07
 4  8  13  32  0.1073E-07
 4  8  13  32  0.1079E-07
 4  8  13  32  0.1073E-07
 4  8  13  32  0.1074E-07
 4  8  13  32  0.1068E-07
 4  8  13  32  0.1069E-07
 4  8  13  32  0.1070E-07
 4  8  13  32  0.1067E-07
 4  8  14  32  0.1008E-07
 4  8  14  32  0.9954E-08
 4  8  14  32  0.9965E-08
 4  8  14  32  0.1003E-07
 4  8  14  32  0.9948E-08
 4  8  14  32  0.9950E-08
 4  8  14  32  0.1001E-07
 4  8  14  32  0.1010E-07
 4  8  14  32  0.1008E-07
 4  8  14  32  0.1007E-07
 4  8  15  32  0.1056E-07
 4  8  15  32  0.1049E-07
 4  8  15  32  0.1047E-07
 4  8  15  32  0.1048E-07
 4  8  15  32  0.1054E-07
 4  8  15  32  0.1055E-07
 4  8  15  32  0.1072E-07
 4  8  15  32  0.1070E-07
 4  8  15  32  0.1069E-07
 4  8  15  32  0.1068E-07
 4  8  16  32  0.9232E-08
 4  8  16  32  0.9205E-08
 4  8  16  32  0.9281E-08
 4  8  16  32  0.9304E-08
 4  8  16  32  0.9270E-08
 4  8  16  32  0.9280E-08
 4  8  16  32  0.9276E-08
 4  8  16  32  0.9275E-08
 4  8  16  32  0.9268E-08
 4  8  16  32  0.9278E-08
 4  8  17  32  0.1176E-07
 4  8  17  32  0.1170E-07
 4  8  17  32  0.1175E-07
 4  8  17  32  0.1177E-07
 4  8  17  32  0.1178E-07
 4  8  17  32  0.1175E-07
 4  8  17  32  0.1175E-07
 4  8  17  32  0.1174E-07
 4  8  17  32  0.1175E-07
 4  8  17  32  0.1174E-07
 4  8  18  32  0.1125E-07
 4  8  18  32  0.1118E-07
 4  8  18  32  0.1123E-07
 4  8  18  32  0.1129E-07
 4  8  18  32  0.1128E-07
 4  8  18  32  0.1127E-07
 4  8  18  32  0.1128E-07
 4  8  18  32  0.1128E-07
 4  8  18  32  0.1126E-07
 4  8  18  32  0.1125E-07
 4  8  19  32  0.1159E-07
 4  8  19  32  0.1155E-07
 4  8  19  32  0.1157E-07
 4  8  19  32  0.1153E-07
 4  8  19  32  0.1157E-07
 4  8  19  32  0.1154E-07
 4  8  19  32  0.1151E-07
 4  8  19  32  0.1153E-07
 4  8  19  32  0.1152E-07
 4  8  19  32  0.1151E-07
 4  8  20  32  0.1086E-07
 4  8  20  32  0.1083E-07
 4  8  20  32  0.1081E-07
 4  8  20  32  0.1081E-07
 4  8  20  32  0.1081E-07
 4  8  20  32  0.1082E-07
 4  8  20  32  0.1081E-07
 4  8  20  32  0.1081E-07
 4  8  20  32  0.1081E-07
 4  8  20  32  0.1082E-07
