 4  2  3  8  0.7958E-07
 4  2  3  8  0.8051E-07
 4  2  3  8  0.7692E-07
 4  2  3  8  0.7991E-07
 4  2  3  8  0.7830E-07
 4  2  3  8  0.8017E-07
 4  2  3  8  0.7766E-07
 4  2  3  8  0.7721E-07
 4  2  3  8  0.7927E-07
 4  2  3  8  0.8062E-07
 4  2  4  8  0.4558E-07
 4  2  4  8  0.4771E-07
 4  2  4  8  0.4438E-07
 4  2  4  8  0.4566E-07
 4  2  4  8  0.4536E-07
 4  2  4  8  0.4448E-07
 4  2  4  8  0.4312E-07
 4  2  4  8  0.4324E-07
 4  2  4  8  0.4478E-07
 4  2  4  8  0.4361E-07
 4  2  5  8  0.3723E-07
 4  2  5  8  0.3718E-07
 4  2  5  8  0.3755E-07
 4  2  5  8  0.3687E-07
 4  2  5  8  0.3851E-07
 4  2  5  8  0.3842E-07
 4  2  5  8  0.3872E-07
 4  2  5  8  0.3860E-07
 4  2  5  8  0.3828E-07
 4  2  5  8  0.3664E-07
 4  2  6  8  0.2840E-07
 4  2  6  8  0.2774E-07
 4  2  6  8  0.2758E-07
 4  2  6  8  0.2788E-07
 4  2  6  8  0.2810E-07
 4  2  6  8  0.2770E-07
 4  2  6  8  0.2824E-07
 4  2  6  8  0.2796E-07
 4  2  6  8  0.2792E-07
 4  2  6  8  0.2797E-07
 4  2  7  8  0.2625E-07
 4  2  7  8  0.2513E-07
 4  2  7  8  0.2520E-07
 4  2  7  8  0.2535E-07
 4  2  7  8  0.2496E-07
 4  2  7  8  0.2533E-07
 4  2  7  8  0.2516E-07
 4  2  7  8  0.2516E-07
 4  2  7  8  0.2512E-07
 4  2  7  8  0.2496E-07
 4  2  8  8  0.2025E-07
 4  2  8  8  0.1983E-07
 4  2  8  8  0.2026E-07
 4  2  8  8  0.2066E-07
 4  2  8  8  0.2020E-07
 4  2  8  8  0.2021E-07
 4  2  8  8  0.2030E-07
 4  2  8  8  0.2016E-07
 4  2  8  8  0.2019E-07
 4  2  8  8  0.1993E-07
 4  2  9  8  0.2645E-07
 4  2  9  8  0.2581E-07
 4  2  9  8  0.2574E-07
 4  2  9  8  0.2585E-07
 4  2  9  8  0.2566E-07
 4  2  9  8  0.2593E-07
 4  2  9  8  0.2571E-07
 4  2  9  8  0.2590E-07
 4  2  9  8  0.2575E-07
 4  2  9  8  0.2592E-07
 4  2  10  8  0.3126E-07
 4  2  10  8  0.3013E-07
 4  2  10  8  0.3005E-07
 4  2  10  8  0.2996E-07
 4  2  10  8  0.3021E-07
 4  2  10  8  0.3009E-07
 4  2  10  8  0.3064E-07
 4  2  10  8  0.3108E-07
 4  2  10  8  0.3130E-07
 4  2  10  8  0.3184E-07
 4  2  11  8  0.3256E-07
 4  2  11  8  0.3123E-07
 4  2  11  8  0.3043E-07
 4  2  11  8  0.3096E-07
 4  2  11  8  0.3116E-07
 4  2  11  8  0.3055E-07
 4  2  11  8  0.3083E-07
 4  2  11  8  0.3092E-07
 4  2  11  8  0.3104E-07
 4  2  11  8  0.3093E-07
 4  2  12  8  0.3431E-07
 4  2  12  8  0.3348E-07
 4  2  12  8  0.3341E-07
 4  2  12  8  0.3363E-07
 4  2  12  8  0.3365E-07
 4  2  12  8  0.3360E-07
 4  2  12  8  0.3376E-07
 4  2  12  8  0.3335E-07
 4  2  12  8  0.3357E-07
 4  2  12  8  0.3350E-07
 4  2  13  8  0.4004E-07
 4  2  13  8  0.3956E-07
 4  2  13  8  0.3954E-07
 4  2  13  8  0.3959E-07
 4  2  13  8  0.3940E-07
 4  2  13  8  0.3952E-07
 4  2  13  8  0.3948E-07
 4  2  13  8  0.3953E-07
 4  2  13  8  0.3958E-07
 4  2  13  8  0.3946E-07
 4  2  14  8  0.3694E-07
 4  2  14  8  0.3652E-07
 4  2  14  8  0.3669E-07
 4  2  14  8  0.3667E-07
 4  2  14  8  0.3665E-07
 4  2  14  8  0.3663E-07
 4  2  14  8  0.3660E-07
 4  2  14  8  0.3657E-07
 4  2  14  8  0.3670E-07
 4  2  14  8  0.3654E-07
 4  2  15  8  0.3879E-07
 4  2  15  8  0.3883E-07
 4  2  15  8  0.3885E-07
 4  2  15  8  0.3863E-07
 4  2  15  8  0.3870E-07
 4  2  15  8  0.3872E-07
 4  2  15  8  0.3888E-07
 4  2  15  8  0.3885E-07
 4  2  15  8  0.3865E-07
 4  2  15  8  0.3871E-07
 4  2  16  8  0.3378E-07
 4  2  16  8  0.3364E-07
 4  2  16  8  0.3375E-07
 4  2  16  8  0.3360E-07
 4  2  16  8  0.3358E-07
 4  2  16  8  0.3360E-07
 4  2  16  8  0.3379E-07
 4  2  16  8  0.3369E-07
 4  2  16  8  0.3367E-07
 4  2  16  8  0.3363E-07
 4  2  17  8  0.4404E-07
 4  2  17  8  0.4390E-07
 4  2  17  8  0.4389E-07
 4  2  17  8  0.4389E-07
 4  2  17  8  0.4395E-07
 4  2  17  8  0.4396E-07
 4  2  17  8  0.4399E-07
 4  2  17  8  0.4392E-07
 4  2  17  8  0.4425E-07
 4  2  17  8  0.4417E-07
 4  2  18  8  0.4319E-07
 4  2  18  8  0.4314E-07
 4  2  18  8  0.4312E-07
 4  2  18  8  0.4314E-07
 4  2  18  8  0.4313E-07
 4  2  18  8  0.4313E-07
 4  2  18  8  0.4300E-07
 4  2  18  8  0.4296E-07
 4  2  18  8  0.4277E-07
 4  2  18  8  0.4331E-07
 4  2  19  8  0.4429E-07
 4  2  19  8  0.4417E-07
 4  2  19  8  0.4419E-07
 4  2  19  8  0.4438E-07
 4  2  19  8  0.4439E-07
 4  2  19  8  0.4441E-07
 4  2  19  8  0.4440E-07
 4  2  19  8  0.4440E-07
 4  2  19  8  0.4447E-07
 4  2  19  8  0.4440E-07
 4  2  20  8  0.4153E-07
 4  2  20  8  0.4150E-07
 4  2  20  8  0.4149E-07
 4  2  20  8  0.4148E-07
 4  2  20  8  0.4148E-07
 4  2  20  8  0.4149E-07
 4  2  20  8  0.4144E-07
 4  2  20  8  0.4155E-07
 4  2  20  8  0.4159E-07
 4  2  20  8  0.4159E-07
