 4  32  3  128  0.1304E-07
 4  32  3  128  0.1216E-07
 4  32  3  128  0.1253E-07
 4  32  3  128  0.1225E-07
 4  32  3  128  0.1332E-07
 4  32  3  128  0.1229E-07
 4  32  3  128  0.1230E-07
 4  32  3  128  0.1218E-07
 4  32  3  128  0.1213E-07
 4  32  3  128  0.1212E-07
 4  32  4  128  0.5917E-08
 4  32  4  128  0.5496E-08
 4  32  4  128  0.5475E-08
 4  32  4  128  0.5485E-08
 4  32  4  128  0.5481E-08
 4  32  4  128  0.5478E-08
 4  32  4  128  0.5663E-08
 4  32  4  128  0.5562E-08
 4  32  4  128  0.5502E-08
 4  32  4  128  0.5486E-08
 4  32  5  128  0.4022E-08
 4  32  5  128  0.3895E-08
 4  32  5  128  0.3889E-08
 4  32  5  128  0.3819E-08
 4  32  5  128  0.3823E-08
 4  32  5  128  0.3823E-08
 4  32  5  128  0.3813E-08
 4  32  5  128  0.3833E-08
 4  32  5  128  0.3866E-08
 4  32  5  128  0.3819E-08
 4  32  6  128  0.3567E-08
 4  32  6  128  0.3473E-08
 4  32  6  128  0.3472E-08
 4  32  6  128  0.3479E-08
 4  32  6  128  0.3497E-08
 4  32  6  128  0.3472E-08
 4  32  6  128  0.3496E-08
 4  32  6  128  0.3473E-08
 4  32  6  128  0.3469E-08
 4  32  6  128  0.3501E-08
 4  32  7  128  0.2332E-08
 4  32  7  128  0.2230E-08
 4  32  7  128  0.2208E-08
 4  32  7  128  0.2200E-08
 4  32  7  128  0.2207E-08
 4  32  7  128  0.2195E-08
 4  32  7  128  0.2194E-08
 4  32  7  128  0.2201E-08
 4  32  7  128  0.2196E-08
 4  32  7  128  0.2187E-08
 4  32  8  128  0.1675E-08
 4  32  8  128  0.1635E-08
 4  32  8  128  0.1619E-08
 4  32  8  128  0.1622E-08
 4  32  8  128  0.1626E-08
 4  32  8  128  0.1618E-08
 4  32  8  128  0.1617E-08
 4  32  8  128  0.1612E-08
 4  32  8  128  0.1636E-08
 4  32  8  128  0.1633E-08
 4  32  9  128  0.1955E-08
 4  32  9  128  0.1884E-08
 4  32  9  128  0.1879E-08
 4  32  9  128  0.1883E-08
 4  32  9  128  0.1895E-08
 4  32  9  128  0.1887E-08
 4  32  9  128  0.1889E-08
 4  32  9  128  0.1881E-08
 4  32  9  128  0.1879E-08
 4  32  9  128  0.1930E-08
 4  32  10  128  0.2015E-08
 4  32  10  128  0.1964E-08
 4  32  10  128  0.1963E-08
 4  32  10  128  0.1973E-08
 4  32  10  128  0.1977E-08
 4  32  10  128  0.1977E-08
 4  32  10  128  0.1980E-08
 4  32  10  128  0.1975E-08
 4  32  10  128  0.1977E-08
 4  32  10  128  0.1960E-08
 4  32  11  128  0.2138E-08
 4  32  11  128  0.2064E-08
 4  32  11  128  0.2064E-08
 4  32  11  128  0.2054E-08
 4  32  11  128  0.2079E-08
 4  32  11  128  0.2048E-08
 4  32  11  128  0.2052E-08
 4  32  11  128  0.2058E-08
 4  32  11  128  0.2057E-08
 4  32  11  128  0.2071E-08
 4  32  12  128  0.2197E-08
 4  32  12  128  0.2144E-08
 4  32  12  128  0.2173E-08
 4  32  12  128  0.2133E-08
 4  32  12  128  0.2135E-08
 4  32  12  128  0.2151E-08
 4  32  12  128  0.2141E-08
 4  32  12  128  0.2141E-08
 4  32  12  128  0.2120E-08
 4  32  12  128  0.2149E-08
 4  32  13  128  0.2672E-08
 4  32  13  128  0.2625E-08
 4  32  13  128  0.2603E-08
 4  32  13  128  0.2598E-08
 4  32  13  128  0.2609E-08
 4  32  13  128  0.2594E-08
 4  32  13  128  0.2599E-08
 4  32  13  128  0.2597E-08
 4  32  13  128  0.2602E-08
 4  32  13  128  0.2600E-08
 4  32  14  128  0.2562E-08
 4  32  14  128  0.2514E-08
 4  32  14  128  0.2516E-08
 4  32  14  128  0.2511E-08
 4  32  14  128  0.2510E-08
 4  32  14  128  0.2514E-08
 4  32  14  128  0.2518E-08
 4  32  14  128  0.2509E-08
 4  32  14  128  0.2511E-08
 4  32  14  128  0.2514E-08
 4  32  15  128  0.2685E-08
 4  32  15  128  0.2667E-08
 4  32  15  128  0.2664E-08
 4  32  15  128  0.2663E-08
 4  32  15  128  0.2661E-08
 4  32  15  128  0.2661E-08
 4  32  15  128  0.2660E-08
 4  32  15  128  0.2662E-08
 4  32  15  128  0.2659E-08
 4  32  15  128  0.2660E-08
 4  32  16  128  0.2540E-08
 4  32  16  128  0.2514E-08
 4  32  16  128  0.2520E-08
 4  32  16  128  0.2522E-08
 4  32  16  128  0.2513E-08
 4  32  16  128  0.2515E-08
 4  32  16  128  0.2512E-08
 4  32  16  128  0.2514E-08
 4  32  16  128  0.2509E-08
 4  32  16  128  0.2516E-08
 4  32  17  128  0.3141E-08
 4  32  17  128  0.3115E-08
 4  32  17  128  0.3115E-08
 4  32  17  128  0.3128E-08
 4  32  17  128  0.3141E-08
 4  32  17  128  0.3118E-08
 4  32  17  128  0.3111E-08
 4  32  17  128  0.3108E-08
 4  32  17  128  0.3108E-08
 4  32  17  128  0.3107E-08
 4  32  18  128  0.2973E-08
 4  32  18  128  0.2957E-08
 4  32  18  128  0.2949E-08
 4  32  18  128  0.2949E-08
 4  32  18  128  0.2950E-08
 4  32  18  128  0.2950E-08
 4  32  18  128  0.2952E-08
 4  32  18  128  0.2947E-08
 4  32  18  128  0.2944E-08
 4  32  18  128  0.2948E-08
 4  32  19  128  0.3070E-08
 4  32  19  128  0.3045E-08
 4  32  19  128  0.3044E-08
 4  32  19  128  0.3046E-08
 4  32  19  128  0.3044E-08
 4  32  19  128  0.3041E-08
 4  32  19  128  0.3044E-08
 4  32  19  128  0.3043E-08
 4  32  19  128  0.3045E-08
 4  32  19  128  0.3041E-08
 4  32  20  128  0.2923E-08
 4  32  20  128  0.2905E-08
 4  32  20  128  0.2901E-08
 4  32  20  128  0.2902E-08
 4  32  20  128  0.2898E-08
 4  32  20  128  0.2905E-08
 4  32  20  128  0.2899E-08
 4  32  20  128  0.2897E-08
 4  32  20  128  0.2901E-08
 4  32  20  128  0.2897E-08
