 8  8  3  64  0.7267E-07
 8  8  3  64  0.7101E-07
 8  8  3  64  0.7104E-07
 8  8  3  64  0.7153E-07
 8  8  3  64  0.7093E-07
 8  8  3  64  0.7124E-07
 8  8  3  64  0.7140E-07
 8  8  3  64  0.7738E-07
 8  8  3  64  0.7595E-07
 8  8  3  64  0.7579E-07
 8  8  4  64  0.3978E-07
 8  8  4  64  0.3910E-07
 8  8  4  64  0.3822E-07
 8  8  4  64  0.3890E-07
 8  8  4  64  0.3873E-07
 8  8  4  64  0.3886E-07
 8  8  4  64  0.3872E-07
 8  8  4  64  0.3851E-07
 8  8  4  64  0.3877E-07
 8  8  4  64  0.3847E-07
 8  8  5  64  0.2611E-07
 8  8  5  64  0.2585E-07
 8  8  5  64  0.2548E-07
 8  8  5  64  0.2562E-07
 8  8  5  64  0.2562E-07
 8  8  5  64  0.2594E-07
 8  8  5  64  0.2537E-07
 8  8  5  64  0.2529E-07
 8  8  5  64  0.2539E-07
 8  8  5  64  0.2528E-07
 8  8  6  64  0.1944E-07
 8  8  6  64  0.1877E-07
 8  8  6  64  0.1875E-07
 8  8  6  64  0.1844E-07
 8  8  6  64  0.1835E-07
 8  8  6  64  0.1879E-07
 8  8  6  64  0.1854E-07
 8  8  6  64  0.1843E-07
 8  8  6  64  0.1845E-07
 8  8  6  64  0.1909E-07
 8  8  7  64  0.1662E-07
 8  8  7  64  0.1629E-07
 8  8  7  64  0.1632E-07
 8  8  7  64  0.1635E-07
 8  8  7  64  0.1628E-07
 8  8  7  64  0.1629E-07
 8  8  7  64  0.1624E-07
 8  8  7  64  0.1644E-07
 8  8  7  64  0.1638E-07
 8  8  7  64  0.1626E-07
 8  8  8  64  0.1696E-07
 8  8  8  64  0.1670E-07
 8  8  8  64  0.1668E-07
 8  8  8  64  0.1665E-07
 8  8  8  64  0.1663E-07
 8  8  8  64  0.1672E-07
 8  8  8  64  0.1674E-07
 8  8  8  64  0.1673E-07
 8  8  8  64  0.1664E-07
 8  8  8  64  0.1667E-07
 8  8  9  64  0.1551E-07
 8  8  9  64  0.1525E-07
 8  8  9  64  0.1564E-07
 8  8  9  64  0.1546E-07
 8  8  9  64  0.1542E-07
 8  8  9  64  0.1542E-07
 8  8  9  64  0.1545E-07
 8  8  9  64  0.1544E-07
 8  8  9  64  0.1545E-07
 8  8  9  64  0.1545E-07
 8  8  10  64  0.1543E-07
 8  8  10  64  0.1535E-07
 8  8  10  64  0.1535E-07
 8  8  10  64  0.1541E-07
 8  8  10  64  0.1559E-07
 8  8  10  64  0.1558E-07
 8  8  10  64  0.1559E-07
 8  8  10  64  0.1558E-07
 8  8  10  64  0.1557E-07
 8  8  10  64  0.1555E-07
 8  8  11  64  0.1417E-07
 8  8  11  64  0.1408E-07
 8  8  11  64  0.1410E-07
 8  8  11  64  0.1407E-07
 8  8  11  64  0.1409E-07
 8  8  11  64  0.1407E-07
 8  8  11  64  0.1407E-07
 8  8  11  64  0.1409E-07
 8  8  11  64  0.1407E-07
 8  8  11  64  0.1407E-07
 8  8  12  64  0.1289E-07
 8  8  12  64  0.1283E-07
 8  8  12  64  0.1281E-07
 8  8  12  64  0.1280E-07
 8  8  12  64  0.1280E-07
 8  8  12  64  0.1280E-07
 8  8  12  64  0.1282E-07
 8  8  12  64  0.1281E-07
 8  8  12  64  0.1279E-07
 8  8  12  64  0.1281E-07
 8  8  13  64  0.1323E-07
 8  8  13  64  0.1317E-07
 8  8  13  64  0.1318E-07
 8  8  13  64  0.1317E-07
 8  8  13  64  0.1317E-07
 8  8  13  64  0.1316E-07
 8  8  13  64  0.1319E-07
 8  8  13  64  0.1317E-07
 8  8  13  64  0.1317E-07
 8  8  13  64  0.1317E-07
 8  8  14  64  0.1208E-07
 8  8  14  64  0.1201E-07
 8  8  14  64  0.1201E-07
 8  8  14  64  0.1200E-07
 8  8  14  64  0.1201E-07
 8  8  14  64  0.1200E-07
 8  8  14  64  0.1201E-07
 8  8  14  64  0.1200E-07
 8  8  14  64  0.1201E-07
 8  8  14  64  0.1201E-07
 8  8  15  64  0.1223E-07
 8  8  15  64  0.1219E-07
 8  8  15  64  0.1220E-07
 8  8  15  64  0.1219E-07
 8  8  15  64  0.1219E-07
 8  8  15  64  0.1218E-07
 8  8  15  64  0.1218E-07
 8  8  15  64  0.1219E-07
 8  8  15  64  0.1218E-07
 8  8  15  64  0.1218E-07
 8  8  16  64  0.1257E-07
 8  8  16  64  0.1250E-07
 8  8  16  64  0.1250E-07
 8  8  16  64  0.1251E-07
 8  8  16  64  0.1250E-07
 8  8  16  64  0.1249E-07
 8  8  16  64  0.1251E-07
 8  8  16  64  0.1254E-07
 8  8  16  64  0.1257E-07
 8  8  16  64  0.1256E-07
 8  8  17  64  0.1324E-07
 8  8  17  64  0.1321E-07
 8  8  17  64  0.1320E-07
 8  8  17  64  0.1319E-07
 8  8  17  64  0.1320E-07
 8  8  17  64  0.1320E-07
 8  8  17  64  0.1320E-07
 8  8  17  64  0.1320E-07
 8  8  17  64  0.1321E-07
 8  8  17  64  0.1320E-07
 8  8  18  64  0.1291E-07
 8  8  18  64  0.1288E-07
 8  8  18  64  0.1289E-07
 8  8  18  64  0.1286E-07
 8  8  18  64  0.1291E-07
 8  8  18  64  0.1289E-07
 8  8  18  64  0.1288E-07
 8  8  18  64  0.1291E-07
 8  8  18  64  0.1290E-07
 8  8  18  64  0.1292E-07
 8  8  19  64  0.1291E-07
 8  8  19  64  0.1286E-07
 8  8  19  64  0.1287E-07
 8  8  19  64  0.1288E-07
 8  8  19  64  0.1287E-07
 8  8  19  64  0.1287E-07
 8  8  19  64  0.1288E-07
 8  8  19  64  0.1288E-07
 8  8  19  64  0.1288E-07
 8  8  19  64  0.1287E-07
 8  8  20  64  0.1236E-07
 8  8  20  64  0.1231E-07
 8  8  20  64  0.1233E-07
 8  8  20  64  0.1232E-07
 8  8  20  64  0.1235E-07
 8  8  20  64  0.1233E-07
 8  8  20  64  0.1233E-07
 8  8  20  64  0.1235E-07
 8  8  20  64  0.1235E-07
 8  8  20  64  0.1235E-07
