 8  32  3  256  0.1943E-07
 8  32  3  256  0.1834E-07
 8  32  3  256  0.1829E-07
 8  32  3  256  0.1834E-07
 8  32  3  256  0.1836E-07
 8  32  3  256  0.1929E-07
 8  32  3  256  0.1903E-07
 8  32  3  256  0.1827E-07
 8  32  3  256  0.1830E-07
 8  32  3  256  0.1816E-07
 8  32  4  256  0.8154E-08
 8  32  4  256  0.7851E-08
 8  32  4  256  0.7857E-08
 8  32  4  256  0.7801E-08
 8  32  4  256  0.7790E-08
 8  32  4  256  0.7825E-08
 8  32  4  256  0.7800E-08
 8  32  4  256  0.7800E-08
 8  32  4  256  0.7780E-08
 8  32  4  256  0.7782E-08
 8  32  5  256  0.5533E-08
 8  32  5  256  0.5344E-08
 8  32  5  256  0.5314E-08
 8  32  5  256  0.5349E-08
 8  32  5  256  0.5343E-08
 8  32  5  256  0.5347E-08
 8  32  5  256  0.5554E-08
 8  32  5  256  0.5672E-08
 8  32  5  256  0.5492E-08
 8  32  5  256  0.5412E-08
 8  32  6  256  0.4091E-08
 8  32  6  256  0.4048E-08
 8  32  6  256  0.4074E-08
 8  32  6  256  0.4147E-08
 8  32  6  256  0.3976E-08
 8  32  6  256  0.3999E-08
 8  32  6  256  0.3975E-08
 8  32  6  256  0.3973E-08
 8  32  6  256  0.3976E-08
 8  32  6  256  0.3971E-08
 8  32  7  256  0.3590E-08
 8  32  7  256  0.3549E-08
 8  32  7  256  0.3493E-08
 8  32  7  256  0.3462E-08
 8  32  7  256  0.3459E-08
 8  32  7  256  0.3532E-08
 8  32  7  256  0.3469E-08
 8  32  7  256  0.3477E-08
 8  32  7  256  0.3465E-08
 8  32  7  256  0.3441E-08
 8  32  8  256  0.3980E-08
 8  32  8  256  0.3865E-08
 8  32  8  256  0.3857E-08
 8  32  8  256  0.3856E-08
 8  32  8  256  0.3865E-08
 8  32  8  256  0.3882E-08
 8  32  8  256  0.3877E-08
 8  32  8  256  0.3882E-08
 8  32  8  256  0.3861E-08
 8  32  8  256  0.3862E-08
 8  32  9  256  0.4192E-08
 8  32  9  256  0.4132E-08
 8  32  9  256  0.4155E-08
 8  32  9  256  0.4136E-08
 8  32  9  256  0.4137E-08
 8  32  9  256  0.4133E-08
 8  32  9  256  0.4151E-08
 8  32  9  256  0.4130E-08
 8  32  9  256  0.4193E-08
 8  32  9  256  0.4179E-08
 8  32  10  256  0.4082E-08
 8  32  10  256  0.4056E-08
 8  32  10  256  0.4064E-08
 8  32  10  256  0.4073E-08
 8  32  10  256  0.4067E-08
 8  32  10  256  0.4059E-08
 8  32  10  256  0.4056E-08
 8  32  10  256  0.4055E-08
 8  32  10  256  0.4056E-08
 8  32  10  256  0.4059E-08
 8  32  11  256  0.3734E-08
 8  32  11  256  0.3701E-08
 8  32  11  256  0.3700E-08
 8  32  11  256  0.3704E-08
 8  32  11  256  0.3703E-08
 8  32  11  256  0.3710E-08
 8  32  11  256  0.3704E-08
 8  32  11  256  0.3703E-08
 8  32  11  256  0.3705E-08
 8  32  11  256  0.3708E-08
 8  32  12  256  0.3416E-08
 8  32  12  256  0.3378E-08
 8  32  12  256  0.3386E-08
 8  32  12  256  0.3390E-08
 8  32  12  256  0.3372E-08
 8  32  12  256  0.3368E-08
 8  32  12  256  0.3365E-08
 8  32  12  256  0.3405E-08
 8  32  12  256  0.3425E-08
 8  32  12  256  0.3374E-08
 8  32  13  256  0.3503E-08
 8  32  13  256  0.3482E-08
 8  32  13  256  0.3486E-08
 8  32  13  256  0.3480E-08
 8  32  13  256  0.3479E-08
 8  32  13  256  0.3482E-08
 8  32  13  256  0.3480E-08
 8  32  13  256  0.3485E-08
 8  32  13  256  0.3484E-08
 8  32  13  256  0.3482E-08
 8  32  14  256  0.3236E-08
 8  32  14  256  0.3209E-08
 8  32  14  256  0.3216E-08
 8  32  14  256  0.3211E-08
 8  32  14  256  0.3210E-08
 8  32  14  256  0.3210E-08
 8  32  14  256  0.3211E-08
 8  32  14  256  0.3208E-08
 8  32  14  256  0.3211E-08
 8  32  14  256  0.3210E-08
 8  32  15  256  0.3289E-08
 8  32  15  256  0.3261E-08
 8  32  15  256  0.3328E-08
 8  32  15  256  0.3262E-08
 8  32  15  256  0.3264E-08
 8  32  15  256  0.3258E-08
 8  32  15  256  0.3259E-08
 8  32  15  256  0.3259E-08
 8  32  15  256  0.3263E-08
 8  32  15  256  0.3262E-08
 8  32  16  256  0.3572E-08
 8  32  16  256  0.3543E-08
 8  32  16  256  0.3545E-08
 8  32  16  256  0.3545E-08
 8  32  16  256  0.3548E-08
 8  32  16  256  0.3545E-08
 8  32  16  256  0.3542E-08
 8  32  16  256  0.3540E-08
 8  32  16  256  0.3542E-08
 8  32  16  256  0.3545E-08
 8  32  17  256  0.3577E-08
 8  32  17  256  0.3551E-08
 8  32  17  256  0.3549E-08
 8  32  17  256  0.3550E-08
 8  32  17  256  0.3548E-08
 8  32  17  256  0.3549E-08
 8  32  17  256  0.3549E-08
 8  32  17  256  0.3546E-08
 8  32  17  256  0.3548E-08
 8  32  17  256  0.3551E-08
 8  32  18  256  0.3527E-08
 8  32  18  256  0.3508E-08
 8  32  18  256  0.3504E-08
 8  32  18  256  0.3506E-08
 8  32  18  256  0.3506E-08
 8  32  18  256  0.3512E-08
 8  32  18  256  0.3508E-08
 8  32  18  256  0.3503E-08
 8  32  18  256  0.3506E-08
 8  32  18  256  0.3510E-08
 8  32  19  256  0.3506E-08
 8  32  19  256  0.3490E-08
 8  32  19  256  0.3488E-08
 8  32  19  256  0.3491E-08
 8  32  19  256  0.3489E-08
 8  32  19  256  0.3485E-08
 8  32  19  256  0.3488E-08
 8  32  19  256  0.3484E-08
 8  32  19  256  0.3490E-08
 8  32  19  256  0.3486E-08
 8  32  20  256  0.3593E-08
 8  32  20  256  0.3580E-08
 8  32  20  256  0.3581E-08
 8  32  20  256  0.3579E-08
 8  32  20  256  0.3581E-08
 8  32  20  256  0.3578E-08
 8  32  20  256  0.3579E-08
 8  32  20  256  0.3579E-08
 8  32  20  256  0.3582E-08
 8  32  20  256  0.3581E-08
