 8  1  3  8  0.1901E-06
 8  1  3  8  0.1870E-06
 8  1  3  8  0.1871E-06
 8  1  3  8  0.1863E-06
 8  1  3  8  0.1853E-06
 8  1  3  8  0.1867E-06
 8  1  3  8  0.1854E-06
 8  1  3  8  0.1857E-06
 8  1  3  8  0.1849E-06
 8  1  3  8  0.1867E-06
 8  1  4  8  0.1326E-06
 8  1  4  8  0.1294E-06
 8  1  4  8  0.1289E-06
 8  1  4  8  0.1311E-06
 8  1  4  8  0.1296E-06
 8  1  4  8  0.1295E-06
 8  1  4  8  0.1287E-06
 8  1  4  8  0.1312E-06
 8  1  4  8  0.1292E-06
 8  1  4  8  0.1293E-06
 8  1  5  8  0.1049E-06
 8  1  5  8  0.1042E-06
 8  1  5  8  0.1043E-06
 8  1  5  8  0.1040E-06
 8  1  5  8  0.1039E-06
 8  1  5  8  0.1042E-06
 8  1  5  8  0.1037E-06
 8  1  5  8  0.1035E-06
 8  1  5  8  0.1038E-06
 8  1  5  8  0.1035E-06
 8  1  6  8  0.8458E-07
 8  1  6  8  0.8345E-07
 8  1  6  8  0.8351E-07
 8  1  6  8  0.8347E-07
 8  1  6  8  0.8334E-07
 8  1  6  8  0.8344E-07
 8  1  6  8  0.8338E-07
 8  1  6  8  0.8382E-07
 8  1  6  8  0.8360E-07
 8  1  6  8  0.8354E-07
 8  1  7  8  0.7150E-07
 8  1  7  8  0.7056E-07
 8  1  7  8  0.7043E-07
 8  1  7  8  0.7028E-07
 8  1  7  8  0.7052E-07
 8  1  7  8  0.7001E-07
 8  1  7  8  0.7016E-07
 8  1  7  8  0.7000E-07
 8  1  7  8  0.7004E-07
 8  1  7  8  0.7020E-07
 8  1  8  8  0.7405E-07
 8  1  8  8  0.7285E-07
 8  1  8  8  0.7292E-07
 8  1  8  8  0.7288E-07
 8  1  8  8  0.7276E-07
 8  1  8  8  0.7287E-07
 8  1  8  8  0.7271E-07
 8  1  8  8  0.7274E-07
 8  1  8  8  0.7283E-07
 8  1  8  8  0.7284E-07
 8  1  9  8  0.8365E-07
 8  1  9  8  0.8337E-07
 8  1  9  8  0.8350E-07
 8  1  9  8  0.8336E-07
 8  1  9  8  0.8353E-07
 8  1  9  8  0.8330E-07
 8  1  9  8  0.8333E-07
 8  1  9  8  0.8328E-07
 8  1  9  8  0.8331E-07
 8  1  9  8  0.8333E-07
 8  1  10  8  0.9087E-07
 8  1  10  8  0.9111E-07
 8  1  10  8  0.9101E-07
 8  1  10  8  0.9099E-07
 8  1  10  8  0.9092E-07
 8  1  10  8  0.9095E-07
 8  1  10  8  0.9098E-07
 8  1  10  8  0.9100E-07
 8  1  10  8  0.9099E-07
 8  1  10  8  0.9097E-07
 8  1  11  8  0.8758E-07
 8  1  11  8  0.8719E-07
 8  1  11  8  0.8720E-07
 8  1  11  8  0.8723E-07
 8  1  11  8  0.8721E-07
 8  1  11  8  0.8719E-07
 8  1  11  8  0.8718E-07
 8  1  11  8  0.8720E-07
 8  1  11  8  0.8719E-07
 8  1  11  8  0.8723E-07
 8  1  12  8  0.8084E-07
 8  1  12  8  0.8055E-07
 8  1  12  8  0.8047E-07
 8  1  12  8  0.8043E-07
 8  1  12  8  0.8051E-07
 8  1  12  8  0.8043E-07
 8  1  12  8  0.8046E-07
 8  1  12  8  0.8048E-07
 8  1  12  8  0.8061E-07
 8  1  12  8  0.8015E-07
 8  1  13  8  0.8688E-07
 8  1  13  8  0.8607E-07
 8  1  13  8  0.8596E-07
 8  1  13  8  0.8595E-07
 8  1  13  8  0.8651E-07
 8  1  13  8  0.8645E-07
 8  1  13  8  0.8645E-07
 8  1  13  8  0.8646E-07
 8  1  13  8  0.8642E-07
 8  1  13  8  0.8639E-07
 8  1  14  8  0.8000E-07
 8  1  14  8  0.7974E-07
 8  1  14  8  0.7976E-07
 8  1  14  8  0.7995E-07
 8  1  14  8  0.7996E-07
 8  1  14  8  0.8003E-07
 8  1  14  8  0.8002E-07
 8  1  14  8  0.8012E-07
 8  1  14  8  0.7992E-07
 8  1  14  8  0.8072E-07
 8  1  15  8  0.8317E-07
 8  1  15  8  0.8327E-07
 8  1  15  8  0.8338E-07
 8  1  15  8  0.8333E-07
 8  1  15  8  0.8345E-07
 8  1  15  8  0.8350E-07
 8  1  15  8  0.8346E-07
 8  1  15  8  0.8343E-07
 8  1  15  8  0.8344E-07
 8  1  15  8  0.8347E-07
 8  1  16  8  0.8598E-07
 8  1  16  8  0.8584E-07
 8  1  16  8  0.8598E-07
 8  1  16  8  0.8626E-07
 8  1  16  8  0.8631E-07
 8  1  16  8  0.8634E-07
 8  1  16  8  0.8633E-07
 8  1  16  8  0.8632E-07
 8  1  16  8  0.8624E-07
 8  1  16  8  0.8629E-07
 8  1  17  8  0.9423E-07
 8  1  17  8  0.9383E-07
 8  1  17  8  0.9376E-07
 8  1  17  8  0.9375E-07
 8  1  17  8  0.9375E-07
 8  1  17  8  0.9432E-07
 8  1  17  8  0.9451E-07
 8  1  17  8  0.9441E-07
 8  1  17  8  0.9402E-07
 8  1  17  8  0.9401E-07
 8  1  18  8  0.9276E-07
 8  1  18  8  0.9257E-07
 8  1  18  8  0.9300E-07
 8  1  18  8  0.9320E-07
 8  1  18  8  0.9281E-07
 8  1  18  8  0.9314E-07
 8  1  18  8  0.9343E-07
 8  1  18  8  0.9342E-07
 8  1  18  8  0.9297E-07
 8  1  18  8  0.9282E-07
 8  1  19  8  0.9402E-07
 8  1  19  8  0.9385E-07
 8  1  19  8  0.9381E-07
 8  1  19  8  0.9385E-07
 8  1  19  8  0.9337E-07
 8  1  19  8  0.9353E-07
 8  1  19  8  0.9350E-07
 8  1  19  8  0.9352E-07
 8  1  19  8  0.9349E-07
 8  1  19  8  0.9360E-07
 8  1  20  8  0.9001E-07
 8  1  20  8  0.8979E-07
 8  1  20  8  0.8999E-07
 8  1  20  8  0.9026E-07
 8  1  20  8  0.9025E-07
 8  1  20  8  0.8974E-07
 8  1  20  8  0.8976E-07
 8  1  20  8  0.8975E-07
 8  1  20  8  0.8995E-07
 8  1  20  8  0.8975E-07
