 8  1  3  8  0.8809E-07
 8  1  3  8  0.8814E-07
 8  1  3  8  0.8844E-07
 8  1  3  8  0.8881E-07
 8  1  3  8  0.8823E-07
 8  1  3  8  0.8841E-07
 8  1  3  8  0.8750E-07
 8  1  3  8  0.8946E-07
 8  1  3  8  0.8832E-07
 8  1  3  8  0.8838E-07
 8  1  4  8  0.5978E-07
 8  1  4  8  0.5993E-07
 8  1  4  8  0.5956E-07
 8  1  4  8  0.5970E-07
 8  1  4  8  0.5951E-07
 8  1  4  8  0.5962E-07
 8  1  4  8  0.5947E-07
 8  1  4  8  0.5964E-07
 8  1  4  8  0.5974E-07
 8  1  4  8  0.5969E-07
 8  1  5  8  0.5694E-07
 8  1  5  8  0.5716E-07
 8  1  5  8  0.5720E-07
 8  1  5  8  0.5711E-07
 8  1  5  8  0.5744E-07
 8  1  5  8  0.5716E-07
 8  1  5  8  0.5717E-07
 8  1  5  8  0.5703E-07
 8  1  5  8  0.5740E-07
 8  1  5  8  0.5743E-07
 8  1  6  8  0.4527E-07
 8  1  6  8  0.4516E-07
 8  1  6  8  0.4526E-07
 8  1  6  8  0.4511E-07
 8  1  6  8  0.4507E-07
 8  1  6  8  0.4512E-07
 8  1  6  8  0.4514E-07
 8  1  6  8  0.4503E-07
 8  1  6  8  0.4503E-07
 8  1  6  8  0.4526E-07
 8  1  7  8  0.4386E-07
 8  1  7  8  0.4487E-07
 8  1  7  8  0.4386E-07
 8  1  7  8  0.4377E-07
 8  1  7  8  0.4362E-07
 8  1  7  8  0.4365E-07
 8  1  7  8  0.4367E-07
 8  1  7  8  0.4373E-07
 8  1  7  8  0.4368E-07
 8  1  7  8  0.4366E-07
 8  1  8  8  0.3602E-07
 8  1  8  8  0.3533E-07
 8  1  8  8  0.3521E-07
 8  1  8  8  0.3515E-07
 8  1  8  8  0.3518E-07
 8  1  8  8  0.3512E-07
 8  1  8  8  0.3512E-07
 8  1  8  8  0.3539E-07
 8  1  8  8  0.3519E-07
 8  1  8  8  0.3529E-07
 8  1  9  8  0.4915E-07
 8  1  9  8  0.4859E-07
 8  1  9  8  0.4852E-07
 8  1  9  8  0.4850E-07
 8  1  9  8  0.4844E-07
 8  1  9  8  0.4837E-07
 8  1  9  8  0.4852E-07
 8  1  9  8  0.4834E-07
 8  1  9  8  0.4836E-07
 8  1  9  8  0.4836E-07
 8  1  10  8  0.6497E-07
 8  1  10  8  0.6446E-07
 8  1  10  8  0.6449E-07
 8  1  10  8  0.6445E-07
 8  1  10  8  0.6443E-07
 8  1  10  8  0.6444E-07
 8  1  10  8  0.6441E-07
 8  1  10  8  0.6444E-07
 8  1  10  8  0.6500E-07
 8  1  10  8  0.6522E-07
 8  1  11  8  0.6507E-07
 8  1  11  8  0.6477E-07
 8  1  11  8  0.6481E-07
 8  1  11  8  0.6472E-07
 8  1  11  8  0.6496E-07
 8  1  11  8  0.6484E-07
 8  1  11  8  0.6483E-07
 8  1  11  8  0.6497E-07
 8  1  11  8  0.6533E-07
 8  1  11  8  0.6646E-07
 8  1  12  8  0.6034E-07
 8  1  12  8  0.5999E-07
 8  1  12  8  0.6015E-07
 8  1  12  8  0.6023E-07
 8  1  12  8  0.6052E-07
 8  1  12  8  0.6050E-07
 8  1  12  8  0.6047E-07
 8  1  12  8  0.6056E-07
 8  1  12  8  0.6047E-07
 8  1  12  8  0.6055E-07
 8  1  13  8  0.6914E-07
 8  1  13  8  0.6882E-07
 8  1  13  8  0.6879E-07
 8  1  13  8  0.6889E-07
 8  1  13  8  0.6912E-07
 8  1  13  8  0.6925E-07
 8  1  13  8  0.6923E-07
 8  1  13  8  0.6894E-07
 8  1  13  8  0.6887E-07
 8  1  13  8  0.6918E-07
 8  1  14  8  0.6411E-07
 8  1  14  8  0.6392E-07
 8  1  14  8  0.6404E-07
 8  1  14  8  0.6396E-07
 8  1  14  8  0.6395E-07
 8  1  14  8  0.6403E-07
 8  1  14  8  0.6441E-07
 8  1  14  8  0.6443E-07
 8  1  14  8  0.6437E-07
 8  1  14  8  0.6439E-07
 8  1  15  8  0.6805E-07
 8  1  15  8  0.6790E-07
 8  1  15  8  0.6790E-07
 8  1  15  8  0.6789E-07
 8  1  15  8  0.6791E-07
 8  1  15  8  0.6790E-07
 8  1  15  8  0.6792E-07
 8  1  15  8  0.6818E-07
 8  1  15  8  0.6827E-07
 8  1  15  8  0.6827E-07
 8  1  16  8  0.5999E-07
 8  1  16  8  0.5989E-07
 8  1  16  8  0.5977E-07
 8  1  16  8  0.5976E-07
 8  1  16  8  0.5977E-07
 8  1  16  8  0.5978E-07
 8  1  16  8  0.5977E-07
 8  1  16  8  0.5979E-07
 8  1  16  8  0.6025E-07
 8  1  16  8  0.6047E-07
 8  1  17  8  0.8075E-07
 8  1  17  8  0.8061E-07
 8  1  17  8  0.8056E-07
 8  1  17  8  0.8076E-07
 8  1  17  8  0.8130E-07
 8  1  17  8  0.8128E-07
 8  1  17  8  0.8116E-07
 8  1  17  8  0.8103E-07
 8  1  17  8  0.8105E-07
 8  1  17  8  0.8153E-07
 8  1  18  8  0.7907E-07
 8  1  18  8  0.7894E-07
 8  1  18  8  0.7892E-07
 8  1  18  8  0.7894E-07
 8  1  18  8  0.7888E-07
 8  1  18  8  0.7900E-07
 8  1  18  8  0.7903E-07
 8  1  18  8  0.7901E-07
 8  1  18  8  0.7905E-07
 8  1  18  8  0.7906E-07
 8  1  19  8  0.8265E-07
 8  1  19  8  0.8274E-07
 8  1  19  8  0.8277E-07
 8  1  19  8  0.8274E-07
 8  1  19  8  0.8280E-07
 8  1  19  8  0.8277E-07
 8  1  19  8  0.8274E-07
 8  1  19  8  0.8277E-07
 8  1  19  8  0.8277E-07
 8  1  19  8  0.8273E-07
 8  1  20  8  0.7819E-07
 8  1  20  8  0.7808E-07
 8  1  20  8  0.7808E-07
 8  1  20  8  0.7805E-07
 8  1  20  8  0.7810E-07
 8  1  20  8  0.7806E-07
 8  1  20  8  0.7806E-07
 8  1  20  8  0.7804E-07
 8  1  20  8  0.7796E-07
 8  1  20  8  0.7795E-07
