 8  16  3  128  0.8975E-08
 8  16  3  128  0.8593E-08
 8  16  3  128  0.9230E-08
 8  16  3  128  0.8457E-08
 8  16  3  128  0.8401E-08
 8  16  3  128  0.8383E-08
 8  16  3  128  0.8284E-08
 8  16  3  128  0.8358E-08
 8  16  3  128  0.8402E-08
 8  16  3  128  0.8309E-08
 8  16  4  128  0.5203E-08
 8  16  4  128  0.5451E-08
 8  16  4  128  0.4908E-08
 8  16  4  128  0.4918E-08
 8  16  4  128  0.5331E-08
 8  16  4  128  0.5202E-08
 8  16  4  128  0.4908E-08
 8  16  4  128  0.4881E-08
 8  16  4  128  0.4876E-08
 8  16  4  128  0.4964E-08
 8  16  5  128  0.4527E-08
 8  16  5  128  0.4244E-08
 8  16  5  128  0.4254E-08
 8  16  5  128  0.4222E-08
 8  16  5  128  0.4224E-08
 8  16  5  128  0.4460E-08
 8  16  5  128  0.4218E-08
 8  16  5  128  0.4247E-08
 8  16  5  128  0.4213E-08
 8  16  5  128  0.4206E-08
 8  16  6  128  0.3497E-08
 8  16  6  128  0.3281E-08
 8  16  6  128  0.3275E-08
 8  16  6  128  0.3267E-08
 8  16  6  128  0.3249E-08
 8  16  6  128  0.3254E-08
 8  16  6  128  0.3254E-08
 8  16  6  128  0.3271E-08
 8  16  6  128  0.3441E-08
 8  16  6  128  0.3256E-08
 8  16  7  128  0.3186E-08
 8  16  7  128  0.3138E-08
 8  16  7  128  0.3122E-08
 8  16  7  128  0.3115E-08
 8  16  7  128  0.3046E-08
 8  16  7  128  0.3111E-08
 8  16  7  128  0.3032E-08
 8  16  7  128  0.3188E-08
 8  16  7  128  0.3034E-08
 8  16  7  128  0.3026E-08
 8  16  8  128  0.2642E-08
 8  16  8  128  0.2487E-08
 8  16  8  128  0.2461E-08
 8  16  8  128  0.2462E-08
 8  16  8  128  0.2435E-08
 8  16  8  128  0.2442E-08
 8  16  8  128  0.2439E-08
 8  16  8  128  0.2461E-08
 8  16  8  128  0.2442E-08
 8  16  8  128  0.2431E-08
 8  16  9  128  0.3585E-08
 8  16  9  128  0.3483E-08
 8  16  9  128  0.3645E-08
 8  16  9  128  0.3512E-08
 8  16  9  128  0.3510E-08
 8  16  9  128  0.3567E-08
 8  16  9  128  0.3528E-08
 8  16  9  128  0.3567E-08
 8  16  9  128  0.3504E-08
 8  16  9  128  0.3558E-08
 8  16  10  128  0.4763E-08
 8  16  10  128  0.4725E-08
 8  16  10  128  0.4706E-08
 8  16  10  128  0.4743E-08
 8  16  10  128  0.4707E-08
 8  16  10  128  0.4701E-08
 8  16  10  128  0.4699E-08
 8  16  10  128  0.4760E-08
 8  16  10  128  0.4753E-08
 8  16  10  128  0.4784E-08
 8  16  11  128  0.4818E-08
 8  16  11  128  0.4792E-08
 8  16  11  128  0.4781E-08
 8  16  11  128  0.4781E-08
 8  16  11  128  0.4767E-08
 8  16  11  128  0.4766E-08
 8  16  11  128  0.4814E-08
 8  16  11  128  0.4840E-08
 8  16  11  128  0.4857E-08
 8  16  11  128  0.4823E-08
 8  16  12  128  0.4517E-08
 8  16  12  128  0.4459E-08
 8  16  12  128  0.4498E-08
 8  16  12  128  0.4487E-08
 8  16  12  128  0.4475E-08
 8  16  12  128  0.4475E-08
 8  16  12  128  0.4468E-08
 8  16  12  128  0.4474E-08
 8  16  12  128  0.4472E-08
 8  16  12  128  0.4471E-08
 8  16  13  128  0.4959E-08
 8  16  13  128  0.4936E-08
 8  16  13  128  0.4946E-08
 8  16  13  128  0.4943E-08
 8  16  13  128  0.4938E-08
 8  16  13  128  0.4934E-08
 8  16  13  128  0.4938E-08
 8  16  13  128  0.4936E-08
 8  16  13  128  0.4935E-08
 8  16  13  128  0.4949E-08
 8  16  14  128  0.4605E-08
 8  16  14  128  0.4564E-08
 8  16  14  128  0.4569E-08
 8  16  14  128  0.4582E-08
 8  16  14  128  0.4576E-08
 8  16  14  128  0.4577E-08
 8  16  14  128  0.4574E-08
 8  16  14  128  0.4572E-08
 8  16  14  128  0.4573E-08
 8  16  14  128  0.4572E-08
 8  16  15  128  0.4807E-08
 8  16  15  128  0.4790E-08
 8  16  15  128  0.4786E-08
 8  16  15  128  0.4776E-08
 8  16  15  128  0.4772E-08
 8  16  15  128  0.4782E-08
 8  16  15  128  0.4776E-08
 8  16  15  128  0.4798E-08
 8  16  15  128  0.4779E-08
 8  16  15  128  0.4780E-08
 8  16  16  128  0.4376E-08
 8  16  16  128  0.4345E-08
 8  16  16  128  0.4357E-08
 8  16  16  128  0.4348E-08
 8  16  16  128  0.4358E-08
 8  16  16  128  0.4353E-08
 8  16  16  128  0.4362E-08
 8  16  16  128  0.4362E-08
 8  16  16  128  0.4362E-08
 8  16  16  128  0.4357E-08
 8  16  17  128  0.5569E-08
 8  16  17  128  0.5544E-08
 8  16  17  128  0.5554E-08
 8  16  17  128  0.5553E-08
 8  16  17  128  0.5551E-08
 8  16  17  128  0.5545E-08
 8  16  17  128  0.5553E-08
 8  16  17  128  0.5545E-08
 8  16  17  128  0.5545E-08
 8  16  17  128  0.5548E-08
 8  16  18  128  0.5386E-08
 8  16  18  128  0.5358E-08
 8  16  18  128  0.5357E-08
 8  16  18  128  0.5357E-08
 8  16  18  128  0.5359E-08
 8  16  18  128  0.5354E-08
 8  16  18  128  0.5351E-08
 8  16  18  128  0.5349E-08
 8  16  18  128  0.5356E-08
 8  16  18  128  0.5349E-08
 8  16  19  128  0.5610E-08
 8  16  19  128  0.5581E-08
 8  16  19  128  0.5577E-08
 8  16  19  128  0.5570E-08
 8  16  19  128  0.5579E-08
 8  16  19  128  0.5575E-08
 8  16  19  128  0.5579E-08
 8  16  19  128  0.5578E-08
 8  16  19  128  0.5575E-08
 8  16  19  128  0.5581E-08
 8  16  20  128  0.5286E-08
 8  16  20  128  0.5257E-08
 8  16  20  128  0.5259E-08
 8  16  20  128  0.5258E-08
 8  16  20  128  0.5255E-08
 8  16  20  128  0.5257E-08
 8  16  20  128  0.5256E-08
 8  16  20  128  0.5254E-08
 8  16  20  128  0.5260E-08
 8  16  20  128  0.5254E-08
