 8  32  3  256  0.7932E-08
 8  32  3  256  0.7340E-08
 8  32  3  256  0.7313E-08
 8  32  3  256  0.7365E-08
 8  32  3  256  0.7329E-08
 8  32  3  256  0.7448E-08
 8  32  3  256  0.7319E-08
 8  32  3  256  0.7577E-08
 8  32  3  256  0.7553E-08
 8  32  3  256  0.7430E-08
 8  32  4  256  0.3848E-08
 8  32  4  256  0.3641E-08
 8  32  4  256  0.3625E-08
 8  32  4  256  0.3623E-08
 8  32  4  256  0.3621E-08
 8  32  4  256  0.3635E-08
 8  32  4  256  0.3666E-08
 8  32  4  256  0.3632E-08
 8  32  4  256  0.3634E-08
 8  32  4  256  0.3660E-08
 8  32  5  256  0.2891E-08
 8  32  5  256  0.2781E-08
 8  32  5  256  0.2777E-08
 8  32  5  256  0.2792E-08
 8  32  5  256  0.2865E-08
 8  32  5  256  0.2773E-08
 8  32  5  256  0.2761E-08
 8  32  5  256  0.2783E-08
 8  32  5  256  0.2765E-08
 8  32  5  256  0.2763E-08
 8  32  6  256  0.2092E-08
 8  32  6  256  0.2022E-08
 8  32  6  256  0.2033E-08
 8  32  6  256  0.2007E-08
 8  32  6  256  0.2008E-08
 8  32  6  256  0.2001E-08
 8  32  6  256  0.1997E-08
 8  32  6  256  0.2001E-08
 8  32  6  256  0.2022E-08
 8  32  6  256  0.1998E-08
 8  32  7  256  0.1864E-08
 8  32  7  256  0.1781E-08
 8  32  7  256  0.1819E-08
 8  32  7  256  0.1791E-08
 8  32  7  256  0.1771E-08
 8  32  7  256  0.1771E-08
 8  32  7  256  0.1797E-08
 8  32  7  256  0.1773E-08
 8  32  7  256  0.1755E-08
 8  32  7  256  0.1787E-08
 8  32  8  256  0.1535E-08
 8  32  8  256  0.1464E-08
 8  32  8  256  0.1458E-08
 8  32  8  256  0.1433E-08
 8  32  8  256  0.1439E-08
 8  32  8  256  0.1438E-08
 8  32  8  256  0.1476E-08
 8  32  8  256  0.1442E-08
 8  32  8  256  0.1466E-08
 8  32  8  256  0.1443E-08
 8  32  9  256  0.1891E-08
 8  32  9  256  0.1882E-08
 8  32  9  256  0.1861E-08
 8  32  9  256  0.1902E-08
 8  32  9  256  0.1861E-08
 8  32  9  256  0.1841E-08
 8  32  9  256  0.1899E-08
 8  32  9  256  0.1844E-08
 8  32  9  256  0.1855E-08
 8  32  9  256  0.1869E-08
 8  32  10  256  0.2505E-08
 8  32  10  256  0.2500E-08
 8  32  10  256  0.2478E-08
 8  32  10  256  0.2478E-08
 8  32  10  256  0.2479E-08
 8  32  10  256  0.2484E-08
 8  32  10  256  0.2490E-08
 8  32  10  256  0.2506E-08
 8  32  10  256  0.2478E-08
 8  32  10  256  0.2479E-08
 8  32  11  256  0.2558E-08
 8  32  11  256  0.2534E-08
 8  32  11  256  0.2548E-08
 8  32  11  256  0.2547E-08
 8  32  11  256  0.2537E-08
 8  32  11  256  0.2536E-08
 8  32  11  256  0.2551E-08
 8  32  11  256  0.2550E-08
 8  32  11  256  0.2548E-08
 8  32  11  256  0.2545E-08
 8  32  12  256  0.2364E-08
 8  32  12  256  0.2338E-08
 8  32  12  256  0.2342E-08
 8  32  12  256  0.2335E-08
 8  32  12  256  0.2334E-08
 8  32  12  256  0.2339E-08
 8  32  12  256  0.2334E-08
 8  32  12  256  0.2338E-08
 8  32  12  256  0.2366E-08
 8  32  12  256  0.2365E-08
 8  32  13  256  0.2616E-08
 8  32  13  256  0.2591E-08
 8  32  13  256  0.2605E-08
 8  32  13  256  0.2594E-08
 8  32  13  256  0.2589E-08
 8  32  13  256  0.2587E-08
 8  32  13  256  0.2587E-08
 8  32  13  256  0.2586E-08
 8  32  13  256  0.2585E-08
 8  32  13  256  0.2588E-08
 8  32  14  256  0.2425E-08
 8  32  14  256  0.2414E-08
 8  32  14  256  0.2398E-08
 8  32  14  256  0.2401E-08
 8  32  14  256  0.2400E-08
 8  32  14  256  0.2398E-08
 8  32  14  256  0.2401E-08
 8  32  14  256  0.2403E-08
 8  32  14  256  0.2399E-08
 8  32  14  256  0.2399E-08
 8  32  15  256  0.2561E-08
 8  32  15  256  0.2548E-08
 8  32  15  256  0.2545E-08
 8  32  15  256  0.2545E-08
 8  32  15  256  0.2545E-08
 8  32  15  256  0.2544E-08
 8  32  15  256  0.2543E-08
 8  32  15  256  0.2543E-08
 8  32  15  256  0.2542E-08
 8  32  15  256  0.2546E-08
 8  32  16  256  0.2445E-08
 8  32  16  256  0.2446E-08
 8  32  16  256  0.2437E-08
 8  32  16  256  0.2439E-08
 8  32  16  256  0.2436E-08
 8  32  16  256  0.2435E-08
 8  32  16  256  0.2440E-08
 8  32  16  256  0.2441E-08
 8  32  16  256  0.2437E-08
 8  32  16  256  0.2430E-08
 8  32  17  256  0.2939E-08
 8  32  17  256  0.2927E-08
 8  32  17  256  0.2956E-08
 8  32  17  256  0.2939E-08
 8  32  17  256  0.2917E-08
 8  32  17  256  0.2909E-08
 8  32  17  256  0.2930E-08
 8  32  17  256  0.2929E-08
 8  32  17  256  0.2912E-08
 8  32  17  256  0.2910E-08
 8  32  18  256  0.2892E-08
 8  32  18  256  0.2875E-08
 8  32  18  256  0.2876E-08
 8  32  18  256  0.2874E-08
 8  32  18  256  0.2870E-08
 8  32  18  256  0.2873E-08
 8  32  18  256  0.2874E-08
 8  32  18  256  0.2874E-08
 8  32  18  256  0.2873E-08
 8  32  18  256  0.2874E-08
 8  32  19  256  0.2958E-08
 8  32  19  256  0.2936E-08
 8  32  19  256  0.2940E-08
 8  32  19  256  0.2936E-08
 8  32  19  256  0.2937E-08
 8  32  19  256  0.2936E-08
 8  32  19  256  0.2940E-08
 8  32  19  256  0.2938E-08
 8  32  19  256  0.2937E-08
 8  32  19  256  0.2937E-08
 8  32  20  256  0.2847E-08
 8  32  20  256  0.2833E-08
 8  32  20  256  0.2836E-08
 8  32  20  256  0.2834E-08
 8  32  20  256  0.2836E-08
 8  32  20  256  0.2838E-08
 8  32  20  256  0.2834E-08
 8  32  20  256  0.2838E-08
 8  32  20  256  0.2832E-08
 8  32  20  256  0.2833E-08
