 8  64  3  512  0.4815E-08
 8  64  3  512  0.4216E-08
 8  64  3  512  0.4307E-08
 8  64  3  512  0.4244E-08
 8  64  3  512  0.4216E-08
 8  64  3  512  0.4279E-08
 8  64  3  512  0.4183E-08
 8  64  3  512  0.4180E-08
 8  64  3  512  0.4224E-08
 8  64  3  512  0.4140E-08
 8  64  4  512  0.2374E-08
 8  64  4  512  0.2162E-08
 8  64  4  512  0.2124E-08
 8  64  4  512  0.2127E-08
 8  64  4  512  0.2116E-08
 8  64  4  512  0.2101E-08
 8  64  4  512  0.2125E-08
 8  64  4  512  0.2118E-08
 8  64  4  512  0.2116E-08
 8  64  4  512  0.2108E-08
 8  64  5  512  0.2002E-08
 8  64  5  512  0.1890E-08
 8  64  5  512  0.2104E-08
 8  64  5  512  0.1878E-08
 8  64  5  512  0.1880E-08
 8  64  5  512  0.1886E-08
 8  64  5  512  0.1871E-08
 8  64  5  512  0.1886E-08
 8  64  5  512  0.1882E-08
 8  64  5  512  0.1869E-08
 8  64  6  512  0.1283E-08
 8  64  6  512  0.1180E-08
 8  64  6  512  0.1195E-08
 8  64  6  512  0.1188E-08
 8  64  6  512  0.1192E-08
 8  64  6  512  0.1192E-08
 8  64  6  512  0.1187E-08
 8  64  6  512  0.1185E-08
 8  64  6  512  0.1194E-08
 8  64  6  512  0.1164E-08
 8  64  7  512  0.1365E-08
 8  64  7  512  0.1277E-08
 8  64  7  512  0.1271E-08
 8  64  7  512  0.1285E-08
 8  64  7  512  0.1283E-08
 8  64  7  512  0.1286E-08
 8  64  7  512  0.1285E-08
 8  64  7  512  0.1505E-08
 8  64  7  512  0.1547E-08
 8  64  7  512  0.1546E-08
 8  64  8  512  0.1376E-08
 8  64  8  512  0.1346E-08
 8  64  8  512  0.1335E-08
 8  64  8  512  0.1333E-08
 8  64  8  512  0.1318E-08
 8  64  8  512  0.1326E-08
 8  64  8  512  0.1332E-08
 8  64  8  512  0.1336E-08
 8  64  8  512  0.1326E-08
 8  64  8  512  0.1315E-08
 8  64  9  512  0.1642E-08
 8  64  9  512  0.1605E-08
 8  64  9  512  0.1601E-08
 8  64  9  512  0.1597E-08
 8  64  9  512  0.1600E-08
 8  64  9  512  0.1611E-08
 8  64  9  512  0.1599E-08
 8  64  9  512  0.1600E-08
 8  64  9  512  0.1602E-08
 8  64  9  512  0.1601E-08
 8  64  10  512  0.1718E-08
 8  64  10  512  0.1697E-08
 8  64  10  512  0.1682E-08
 8  64  10  512  0.1689E-08
 8  64  10  512  0.1686E-08
 8  64  10  512  0.1680E-08
 8  64  10  512  0.1685E-08
 8  64  10  512  0.1685E-08
 8  64  10  512  0.1689E-08
 8  64  10  512  0.1682E-08
 8  64  11  512  0.1648E-08
 8  64  11  512  0.1643E-08
 8  64  11  512  0.1637E-08
 8  64  11  512  0.1639E-08
 8  64  11  512  0.1631E-08
 8  64  11  512  0.1627E-08
 8  64  11  512  0.1625E-08
 8  64  11  512  0.1624E-08
 8  64  11  512  0.1623E-08
 8  64  11  512  0.1624E-08
 8  64  12  512  0.1548E-08
 8  64  12  512  0.1519E-08
 8  64  12  512  0.1507E-08
 8  64  12  512  0.1513E-08
 8  64  12  512  0.1511E-08
 8  64  12  512  0.1509E-08
 8  64  12  512  0.1509E-08
 8  64  12  512  0.1522E-08
 8  64  12  512  0.1518E-08
 8  64  12  512  0.1526E-08
 8  64  13  512  0.1668E-08
 8  64  13  512  0.1652E-08
 8  64  13  512  0.1649E-08
 8  64  13  512  0.1655E-08
 8  64  13  512  0.1653E-08
 8  64  13  512  0.1652E-08
 8  64  13  512  0.1645E-08
 8  64  13  512  0.1642E-08
 8  64  13  512  0.1645E-08
 8  64  13  512  0.1650E-08
 8  64  14  512  0.1553E-08
 8  64  14  512  0.1534E-08
 8  64  14  512  0.1519E-08
 8  64  14  512  0.1520E-08
 8  64  14  512  0.1520E-08
 8  64  14  512  0.1519E-08
 8  64  14  512  0.1528E-08
 8  64  14  512  0.1534E-08
 8  64  14  512  0.1523E-08
 8  64  14  512  0.1519E-08
 8  64  15  512  0.1663E-08
 8  64  15  512  0.1650E-08
 8  64  15  512  0.1645E-08
 8  64  15  512  0.1646E-08
 8  64  15  512  0.1642E-08
 8  64  15  512  0.1652E-08
 8  64  15  512  0.1652E-08
 8  64  15  512  0.1647E-08
 8  64  15  512  0.1644E-08
 8  64  15  512  0.1646E-08
 8  64  16  512  0.1649E-08
 8  64  16  512  0.1522E-08
 8  64  16  512  0.1516E-08
 8  64  16  512  0.1526E-08
 8  64  16  512  0.1520E-08
 8  64  16  512  0.1517E-08
 8  64  16  512  0.1519E-08
 8  64  16  512  0.1523E-08
 8  64  16  512  0.1525E-08
 8  64  16  512  0.1517E-08
 8  64  17  512  0.1844E-08
 8  64  17  512  0.1843E-08
 8  64  17  512  0.1824E-08
 8  64  17  512  0.1822E-08
 8  64  17  512  0.1832E-08
 8  64  17  512  0.1823E-08
 8  64  17  512  0.1822E-08
 8  64  17  512  0.1830E-08
 8  64  17  512  0.1827E-08
 8  64  17  512  0.1823E-08
 8  64  18  512  0.1791E-08
 8  64  18  512  0.1770E-08
 8  64  18  512  0.1775E-08
 8  64  18  512  0.1775E-08
 8  64  18  512  0.1773E-08
 8  64  18  512  0.1777E-08
 8  64  18  512  0.1775E-08
 8  64  18  512  0.1773E-08
 8  64  18  512  0.1772E-08
 8  64  18  512  0.1770E-08
 8  64  19  512  0.1843E-08
 8  64  19  512  0.1827E-08
 8  64  19  512  0.1828E-08
 8  64  19  512  0.1828E-08
 8  64  19  512  0.1830E-08
 8  64  19  512  0.1827E-08
 8  64  19  512  0.1827E-08
 8  64  19  512  0.1828E-08
 8  64  19  512  0.1827E-08
 8  64  19  512  0.1831E-08
 8  64  20  512  0.1807E-08
 8  64  20  512  0.1781E-08
 8  64  20  512  0.1789E-08
 8  64  20  512  0.1786E-08
 8  64  20  512  0.1785E-08
 8  64  20  512  0.1787E-08
 8  64  20  512  0.1817E-08
 8  64  20  512  0.1844E-08
 8  64  20  512  0.1784E-08
 8  64  20  512  0.1789E-08
