 8  4  3  32  0.3976E-07
 8  4  3  32  0.3533E-07
 8  4  3  32  0.3937E-07
 8  4  3  32  0.3629E-07
 8  4  3  32  0.4345E-07
 8  4  3  32  0.3917E-07
 8  4  3  32  0.3539E-07
 8  4  3  32  0.3601E-07
 8  4  3  32  0.3372E-07
 8  4  3  32  0.3358E-07
 8  4  4  32  0.2353E-07
 8  4  4  32  0.2257E-07
 8  4  4  32  0.2113E-07
 8  4  4  32  0.2011E-07
 8  4  4  32  0.1956E-07
 8  4  4  32  0.2062E-07
 8  4  4  32  0.2213E-07
 8  4  4  32  0.2047E-07
 8  4  4  32  0.2094E-07
 8  4  4  32  0.2049E-07
 8  4  5  32  0.2110E-07
 8  4  5  32  0.2045E-07
 8  4  5  32  0.1842E-07
 8  4  5  32  0.1916E-07
 8  4  5  32  0.2033E-07
 8  4  5  32  0.2097E-07
 8  4  5  32  0.2062E-07
 8  4  5  32  0.1975E-07
 8  4  5  32  0.1876E-07
 8  4  5  32  0.1990E-07
 8  4  6  32  0.1492E-07
 8  4  6  32  0.1497E-07
 8  4  6  32  0.1482E-07
 8  4  6  32  0.1617E-07
 8  4  6  32  0.1512E-07
 8  4  6  32  0.1486E-07
 8  4  6  32  0.1450E-07
 8  4  6  32  0.1478E-07
 8  4  6  32  0.1542E-07
 8  4  6  32  0.1590E-07
 8  4  7  32  0.1495E-07
 8  4  7  32  0.1431E-07
 8  4  7  32  0.1400E-07
 8  4  7  32  0.1387E-07
 8  4  7  32  0.1378E-07
 8  4  7  32  0.1394E-07
 8  4  7  32  0.1455E-07
 8  4  7  32  0.1371E-07
 8  4  7  32  0.1424E-07
 8  4  7  32  0.1453E-07
 8  4  8  32  0.1331E-07
 8  4  8  32  0.1159E-07
 8  4  8  32  0.1130E-07
 8  4  8  32  0.1100E-07
 8  4  8  32  0.1104E-07
 8  4  8  32  0.1132E-07
 8  4  8  32  0.1086E-07
 8  4  8  32  0.1147E-07
 8  4  8  32  0.1115E-07
 8  4  8  32  0.1142E-07
 8  4  9  32  0.1682E-07
 8  4  9  32  0.1642E-07
 8  4  9  32  0.1650E-07
 8  4  9  32  0.1649E-07
 8  4  9  32  0.1652E-07
 8  4  9  32  0.1645E-07
 8  4  9  32  0.1652E-07
 8  4  9  32  0.1658E-07
 8  4  9  32  0.1640E-07
 8  4  9  32  0.1658E-07
 8  4  10  32  0.1987E-07
 8  4  10  32  0.1969E-07
 8  4  10  32  0.1972E-07
 8  4  10  32  0.1968E-07
 8  4  10  32  0.1976E-07
 8  4  10  32  0.1982E-07
 8  4  10  32  0.1972E-07
 8  4  10  32  0.1976E-07
 8  4  10  32  0.1978E-07
 8  4  10  32  0.1980E-07
 8  4  11  32  0.1967E-07
 8  4  11  32  0.1957E-07
 8  4  11  32  0.1956E-07
 8  4  11  32  0.1956E-07
 8  4  11  32  0.1955E-07
 8  4  11  32  0.1956E-07
 8  4  11  32  0.1951E-07
 8  4  11  32  0.1954E-07
 8  4  11  32  0.1954E-07
 8  4  11  32  0.1952E-07
 8  4  12  32  0.1799E-07
 8  4  12  32  0.1786E-07
 8  4  12  32  0.1784E-07
 8  4  12  32  0.1781E-07
 8  4  12  32  0.1786E-07
 8  4  12  32  0.1783E-07
 8  4  12  32  0.1782E-07
 8  4  12  32  0.1784E-07
 8  4  12  32  0.1787E-07
 8  4  12  32  0.1782E-07
 8  4  13  32  0.1972E-07
 8  4  13  32  0.1963E-07
 8  4  13  32  0.1961E-07
 8  4  13  32  0.1954E-07
 8  4  13  32  0.1953E-07
 8  4  13  32  0.1955E-07
 8  4  13  32  0.1958E-07
 8  4  13  32  0.1953E-07
 8  4  13  32  0.1954E-07
 8  4  13  32  0.1955E-07
 8  4  14  32  0.1799E-07
 8  4  14  32  0.1792E-07
 8  4  14  32  0.1797E-07
 8  4  14  32  0.1793E-07
 8  4  14  32  0.1795E-07
 8  4  14  32  0.1795E-07
 8  4  14  32  0.1793E-07
 8  4  14  32  0.1795E-07
 8  4  14  32  0.1795E-07
 8  4  14  32  0.1793E-07
 8  4  15  32  0.1875E-07
 8  4  15  32  0.1870E-07
 8  4  15  32  0.1869E-07
 8  4  15  32  0.1870E-07
 8  4  15  32  0.1869E-07
 8  4  15  32  0.1873E-07
 8  4  15  32  0.1873E-07
 8  4  15  32  0.1873E-07
 8  4  15  32  0.1871E-07
 8  4  15  32  0.1870E-07
 8  4  16  32  0.1650E-07
 8  4  16  32  0.1645E-07
 8  4  16  32  0.1646E-07
 8  4  16  32  0.1643E-07
 8  4  16  32  0.1648E-07
 8  4  16  32  0.1650E-07
 8  4  16  32  0.1650E-07
 8  4  16  32  0.1648E-07
 8  4  16  32  0.1647E-07
 8  4  16  32  0.1649E-07
 8  4  17  32  0.2164E-07
 8  4  17  32  0.2163E-07
 8  4  17  32  0.2163E-07
 8  4  17  32  0.2161E-07
 8  4  17  32  0.2163E-07
 8  4  17  32  0.2163E-07
 8  4  17  32  0.2168E-07
 8  4  17  32  0.2169E-07
 8  4  17  32  0.2167E-07
 8  4  17  32  0.2167E-07
 8  4  18  32  0.2098E-07
 8  4  18  32  0.2093E-07
 8  4  18  32  0.2083E-07
 8  4  18  32  0.2083E-07
 8  4  18  32  0.2083E-07
 8  4  18  32  0.2083E-07
 8  4  18  32  0.2082E-07
 8  4  18  32  0.2082E-07
 8  4  18  32  0.2082E-07
 8  4  18  32  0.2082E-07
 8  4  19  32  0.2184E-07
 8  4  19  32  0.2179E-07
 8  4  19  32  0.2180E-07
 8  4  19  32  0.2179E-07
 8  4  19  32  0.2179E-07
 8  4  19  32  0.2180E-07
 8  4  19  32  0.2177E-07
 8  4  19  32  0.2181E-07
 8  4  19  32  0.2180E-07
 8  4  19  32  0.2179E-07
 8  4  20  32  0.2065E-07
 8  4  20  32  0.2063E-07
 8  4  20  32  0.2063E-07
 8  4  20  32  0.2064E-07
 8  4  20  32  0.2061E-07
 8  4  20  32  0.2060E-07
 8  4  20  32  0.2068E-07
 8  4  20  32  0.2068E-07
 8  4  20  32  0.2068E-07
 8  4  20  32  0.2068E-07
