 8  8  3  64  0.5368E-07
 8  8  3  64  0.4008E-07
 8  8  3  64  0.4249E-07
 8  8  3  64  0.4057E-07
 8  8  3  64  0.4442E-07
 8  8  3  64  0.4235E-07
 8  8  3  64  0.3613E-07
 8  8  3  64  0.5084E-07
 8  8  3  64  0.2759E-07
 8  8  3  64  0.4847E-07
 8  8  4  64  0.2393E-07
 8  8  4  64  0.2024E-07
 8  8  4  64  0.1692E-07
 8  8  4  64  0.1625E-07
 8  8  4  64  0.2118E-07
 8  8  4  64  0.2621E-07
 8  8  4  64  0.1834E-07
 8  8  4  64  0.1808E-07
 8  8  4  64  0.1883E-07
 8  8  4  64  0.2367E-07
 8  8  5  64  0.2057E-07
 8  8  5  64  0.1924E-07
 8  8  5  64  0.1892E-07
 8  8  5  64  0.1854E-07
 8  8  5  64  0.2065E-07
 8  8  5  64  0.1757E-07
 8  8  5  64  0.1949E-07
 8  8  5  64  0.1718E-07
 8  8  5  64  0.1938E-07
 8  8  5  64  0.2017E-07
 8  8  6  64  0.1179E-07
 8  8  6  64  0.1183E-07
 8  8  6  64  0.1055E-07
 8  8  6  64  0.1028E-07
 8  8  6  64  0.1116E-07
 8  8  6  64  0.1060E-07
 8  8  6  64  0.1146E-07
 8  8  6  64  0.1059E-07
 8  8  6  64  0.1022E-07
 8  8  6  64  0.1174E-07
 8  8  7  64  0.1023E-07
 8  8  7  64  0.9686E-08
 8  8  7  64  0.9901E-08
 8  8  7  64  0.9644E-08
 8  8  7  64  0.1008E-07
 8  8  7  64  0.9862E-08
 8  8  7  64  0.9795E-08
 8  8  7  64  0.9771E-08
 8  8  7  64  0.9635E-08
 8  8  7  64  0.1024E-07
 8  8  8  64  0.8137E-08
 8  8  8  64  0.7787E-08
 8  8  8  64  0.7757E-08
 8  8  8  64  0.7813E-08
 8  8  8  64  0.7664E-08
 8  8  8  64  0.7756E-08
 8  8  8  64  0.7553E-08
 8  8  8  64  0.7705E-08
 8  8  8  64  0.7810E-08
 8  8  8  64  0.7708E-08
 8  8  9  64  0.9134E-08
 8  8  9  64  0.8918E-08
 8  8  9  64  0.8900E-08
 8  8  9  64  0.8911E-08
 8  8  9  64  0.8902E-08
 8  8  9  64  0.8905E-08
 8  8  9  64  0.8922E-08
 8  8  9  64  0.8924E-08
 8  8  9  64  0.9030E-08
 8  8  9  64  0.8962E-08
 8  8  10  64  0.1054E-07
 8  8  10  64  0.1038E-07
 8  8  10  64  0.1040E-07
 8  8  10  64  0.1039E-07
 8  8  10  64  0.1038E-07
 8  8  10  64  0.1040E-07
 8  8  10  64  0.1039E-07
 8  8  10  64  0.1042E-07
 8  8  10  64  0.1040E-07
 8  8  10  64  0.1038E-07
 8  8  11  64  0.1043E-07
 8  8  11  64  0.1029E-07
 8  8  11  64  0.1041E-07
 8  8  11  64  0.1043E-07
 8  8  11  64  0.1044E-07
 8  8  11  64  0.1045E-07
 8  8  11  64  0.1044E-07
 8  8  11  64  0.1042E-07
 8  8  11  64  0.1043E-07
 8  8  11  64  0.1043E-07
 8  8  12  64  0.9400E-08
 8  8  12  64  0.9308E-08
 8  8  12  64  0.9295E-08
 8  8  12  64  0.9340E-08
 8  8  12  64  0.9370E-08
 8  8  12  64  0.9414E-08
 8  8  12  64  0.9438E-08
 8  8  12  64  0.9425E-08
 8  8  12  64  0.9453E-08
 8  8  12  64  0.9434E-08
 8  8  13  64  0.1023E-07
 8  8  13  64  0.1027E-07
 8  8  13  64  0.1027E-07
 8  8  13  64  0.1027E-07
 8  8  13  64  0.1031E-07
 8  8  13  64  0.1037E-07
 8  8  13  64  0.1044E-07
 8  8  13  64  0.1049E-07
 8  8  13  64  0.1046E-07
 8  8  13  64  0.1045E-07
 8  8  14  64  0.9296E-08
 8  8  14  64  0.9309E-08
 8  8  14  64  0.9276E-08
 8  8  14  64  0.9248E-08
 8  8  14  64  0.9228E-08
 8  8  14  64  0.9235E-08
 8  8  14  64  0.9270E-08
 8  8  14  64  0.9272E-08
 8  8  14  64  0.9385E-08
 8  8  14  64  0.9412E-08
 8  8  15  64  0.9707E-08
 8  8  15  64  0.9686E-08
 8  8  15  64  0.9639E-08
 8  8  15  64  0.9637E-08
 8  8  15  64  0.9615E-08
 8  8  15  64  0.9645E-08
 8  8  15  64  0.9670E-08
 8  8  15  64  0.9670E-08
 8  8  15  64  0.9650E-08
 8  8  15  64  0.9627E-08
 8  8  16  64  0.8546E-08
 8  8  16  64  0.8531E-08
 8  8  16  64  0.8530E-08
 8  8  16  64  0.8551E-08
 8  8  16  64  0.8574E-08
 8  8  16  64  0.8552E-08
 8  8  16  64  0.8555E-08
 8  8  16  64  0.8556E-08
 8  8  16  64  0.8555E-08
 8  8  16  64  0.8603E-08
 8  8  17  64  0.1106E-07
 8  8  17  64  0.1106E-07
 8  8  17  64  0.1106E-07
 8  8  17  64  0.1105E-07
 8  8  17  64  0.1106E-07
 8  8  17  64  0.1106E-07
 8  8  17  64  0.1107E-07
 8  8  17  64  0.1106E-07
 8  8  17  64  0.1107E-07
 8  8  17  64  0.1108E-07
 8  8  18  64  0.1069E-07
 8  8  18  64  0.1067E-07
 8  8  18  64  0.1067E-07
 8  8  18  64  0.1067E-07
 8  8  18  64  0.1066E-07
 8  8  18  64  0.1067E-07
 8  8  18  64  0.1067E-07
 8  8  18  64  0.1067E-07
 8  8  18  64  0.1068E-07
 8  8  18  64  0.1067E-07
 8  8  19  64  0.1117E-07
 8  8  19  64  0.1110E-07
 8  8  19  64  0.1111E-07
 8  8  19  64  0.1110E-07
 8  8  19  64  0.1111E-07
 8  8  19  64  0.1114E-07
 8  8  19  64  0.1110E-07
 8  8  19  64  0.1110E-07
 8  8  19  64  0.1113E-07
 8  8  19  64  0.1109E-07
 8  8  20  64  0.1040E-07
 8  8  20  64  0.1035E-07
 8  8  20  64  0.1036E-07
 8  8  20  64  0.1036E-07
 8  8  20  64  0.1035E-07
 8  8  20  64  0.1036E-07
 8  8  20  64  0.1036E-07
 8  8  20  64  0.1037E-07
 8  8  20  64  0.1035E-07
 8  8  20  64  0.1035E-07
