 16  8  3  128  0.5724E-07
 16  8  3  128  0.5676E-07
 16  8  3  128  0.5670E-07
 16  8  3  128  0.5860E-07
 16  8  3  128  0.5396E-07
 16  8  3  128  0.5665E-07
 16  8  3  128  0.5799E-07
 16  8  3  128  0.5824E-07
 16  8  3  128  0.5807E-07
 16  8  3  128  0.5798E-07
 16  8  4  128  0.3312E-07
 16  8  4  128  0.3297E-07
 16  8  4  128  0.3277E-07
 16  8  4  128  0.3308E-07
 16  8  4  128  0.3246E-07
 16  8  4  128  0.3244E-07
 16  8  4  128  0.3254E-07
 16  8  4  128  0.3236E-07
 16  8  4  128  0.3266E-07
 16  8  4  128  0.3247E-07
 16  8  5  128  0.2337E-07
 16  8  5  128  0.2306E-07
 16  8  5  128  0.2300E-07
 16  8  5  128  0.2290E-07
 16  8  5  128  0.2294E-07
 16  8  5  128  0.2278E-07
 16  8  5  128  0.2286E-07
 16  8  5  128  0.2284E-07
 16  8  5  128  0.2291E-07
 16  8  5  128  0.2283E-07
 16  8  6  128  0.1693E-07
 16  8  6  128  0.1676E-07
 16  8  6  128  0.1676E-07
 16  8  6  128  0.1672E-07
 16  8  6  128  0.1673E-07
 16  8  6  128  0.1678E-07
 16  8  6  128  0.1681E-07
 16  8  6  128  0.1679E-07
 16  8  6  128  0.1675E-07
 16  8  6  128  0.1673E-07
 16  8  7  128  0.1636E-07
 16  8  7  128  0.1639E-07
 16  8  7  128  0.1640E-07
 16  8  7  128  0.1629E-07
 16  8  7  128  0.1636E-07
 16  8  7  128  0.1638E-07
 16  8  7  128  0.1628E-07
 16  8  7  128  0.1628E-07
 16  8  7  128  0.1625E-07
 16  8  7  128  0.1628E-07
 16  8  8  128  0.1464E-07
 16  8  8  128  0.1462E-07
 16  8  8  128  0.1464E-07
 16  8  8  128  0.1462E-07
 16  8  8  128  0.1462E-07
 16  8  8  128  0.1464E-07
 16  8  8  128  0.1459E-07
 16  8  8  128  0.1462E-07
 16  8  8  128  0.1461E-07
 16  8  8  128  0.1459E-07
 16  8  9  128  0.1402E-07
 16  8  9  128  0.1395E-07
 16  8  9  128  0.1395E-07
 16  8  9  128  0.1398E-07
 16  8  9  128  0.1394E-07
 16  8  9  128  0.1396E-07
 16  8  9  128  0.1395E-07
 16  8  9  128  0.1394E-07
 16  8  9  128  0.1395E-07
 16  8  9  128  0.1395E-07
 16  8  10  128  0.1409E-07
 16  8  10  128  0.1409E-07
 16  8  10  128  0.1405E-07
 16  8  10  128  0.1405E-07
 16  8  10  128  0.1402E-07
 16  8  10  128  0.1402E-07
 16  8  10  128  0.1402E-07
 16  8  10  128  0.1401E-07
 16  8  10  128  0.1409E-07
 16  8  10  128  0.1409E-07
 16  8  11  128  0.1305E-07
 16  8  11  128  0.1308E-07
 16  8  11  128  0.1308E-07
 16  8  11  128  0.1308E-07
 16  8  11  128  0.1308E-07
 16  8  11  128  0.1308E-07
 16  8  11  128  0.1307E-07
 16  8  11  128  0.1307E-07
 16  8  11  128  0.1309E-07
 16  8  11  128  0.1309E-07
 16  8  12  128  0.1189E-07
 16  8  12  128  0.1184E-07
 16  8  12  128  0.1183E-07
 16  8  12  128  0.1181E-07
 16  8  12  128  0.1181E-07
 16  8  12  128  0.1182E-07
 16  8  12  128  0.1185E-07
 16  8  12  128  0.1185E-07
 16  8  12  128  0.1184E-07
 16  8  12  128  0.1184E-07
 16  8  13  128  0.1242E-07
 16  8  13  128  0.1238E-07
 16  8  13  128  0.1239E-07
 16  8  13  128  0.1237E-07
 16  8  13  128  0.1236E-07
 16  8  13  128  0.1237E-07
 16  8  13  128  0.1238E-07
 16  8  13  128  0.1238E-07
 16  8  13  128  0.1237E-07
 16  8  13  128  0.1237E-07
 16  8  14  128  0.1147E-07
 16  8  14  128  0.1144E-07
 16  8  14  128  0.1144E-07
 16  8  14  128  0.1144E-07
 16  8  14  128  0.1144E-07
 16  8  14  128  0.1144E-07
 16  8  14  128  0.1144E-07
 16  8  14  128  0.1144E-07
 16  8  14  128  0.1144E-07
 16  8  14  128  0.1144E-07
 16  8  15  128  0.1179E-07
 16  8  15  128  0.1174E-07
 16  8  15  128  0.1174E-07
 16  8  15  128  0.1176E-07
 16  8  15  128  0.1174E-07
 16  8  15  128  0.1176E-07
 16  8  15  128  0.1175E-07
 16  8  15  128  0.1175E-07
 16  8  15  128  0.1176E-07
 16  8  15  128  0.1175E-07
 16  8  16  128  0.1203E-07
 16  8  16  128  0.1200E-07
 16  8  16  128  0.1198E-07
 16  8  16  128  0.1199E-07
 16  8  16  128  0.1200E-07
 16  8  16  128  0.1199E-07
 16  8  16  128  0.1199E-07
 16  8  16  128  0.1200E-07
 16  8  16  128  0.1201E-07
 16  8  16  128  0.1201E-07
 16  8  17  128  0.1293E-07
 16  8  17  128  0.1288E-07
 16  8  17  128  0.1289E-07
 16  8  17  128  0.1289E-07
 16  8  17  128  0.1288E-07
 16  8  17  128  0.1291E-07
 16  8  17  128  0.1289E-07
 16  8  17  128  0.1289E-07
 16  8  17  128  0.1290E-07
 16  8  17  128  0.1290E-07
 16  8  18  128  0.1280E-07
 16  8  18  128  0.1279E-07
 16  8  18  128  0.1278E-07
 16  8  18  128  0.1279E-07
 16  8  18  128  0.1278E-07
 16  8  18  128  0.1278E-07
 16  8  18  128  0.1278E-07
 16  8  18  128  0.1278E-07
 16  8  18  128  0.1279E-07
 16  8  18  128  0.1278E-07
 16  8  19  128  0.1272E-07
 16  8  19  128  0.1271E-07
 16  8  19  128  0.1270E-07
 16  8  19  128  0.1269E-07
 16  8  19  128  0.1269E-07
 16  8  19  128  0.1271E-07
 16  8  19  128  0.1271E-07
 16  8  19  128  0.1269E-07
 16  8  19  128  0.1269E-07
 16  8  19  128  0.1272E-07
 16  8  20  128  0.1235E-07
 16  8  20  128  0.1233E-07
 16  8  20  128  0.1234E-07
 16  8  20  128  0.1235E-07
 16  8  20  128  0.1234E-07
 16  8  20  128  0.1233E-07
 16  8  20  128  0.1234E-07
 16  8  20  128  0.1234E-07
 16  8  20  128  0.1233E-07
 16  8  20  128  0.1233E-07
