 16  8  3  128  0.3614E-07
 16  8  3  128  0.2861E-07
 16  8  3  128  0.3151E-07
 16  8  3  128  0.3050E-07
 16  8  3  128  0.3116E-07
 16  8  3  128  0.2945E-07
 16  8  3  128  0.3363E-07
 16  8  3  128  0.3156E-07
 16  8  3  128  0.2778E-07
 16  8  3  128  0.2966E-07
 16  8  4  128  0.1837E-07
 16  8  4  128  0.1667E-07
 16  8  4  128  0.1797E-07
 16  8  4  128  0.1720E-07
 16  8  4  128  0.1791E-07
 16  8  4  128  0.1417E-07
 16  8  4  128  0.1574E-07
 16  8  4  128  0.1623E-07
 16  8  4  128  0.1557E-07
 16  8  4  128  0.1824E-07
 16  8  5  128  0.1378E-07
 16  8  5  128  0.1413E-07
 16  8  5  128  0.1391E-07
 16  8  5  128  0.1332E-07
 16  8  5  128  0.1365E-07
 16  8  5  128  0.1319E-07
 16  8  5  128  0.1387E-07
 16  8  5  128  0.1302E-07
 16  8  5  128  0.1271E-07
 16  8  5  128  0.1421E-07
 16  8  6  128  0.9547E-08
 16  8  6  128  0.9015E-08
 16  8  6  128  0.9158E-08
 16  8  6  128  0.9519E-08
 16  8  6  128  0.9461E-08
 16  8  6  128  0.9249E-08
 16  8  6  128  0.9172E-08
 16  8  6  128  0.9290E-08
 16  8  6  128  0.9002E-08
 16  8  6  128  0.9216E-08
 16  8  7  128  0.8459E-08
 16  8  7  128  0.8279E-08
 16  8  7  128  0.8267E-08
 16  8  7  128  0.8267E-08
 16  8  7  128  0.8286E-08
 16  8  7  128  0.8280E-08
 16  8  7  128  0.8277E-08
 16  8  7  128  0.8267E-08
 16  8  7  128  0.8238E-08
 16  8  7  128  0.8244E-08
 16  8  8  128  0.7888E-08
 16  8  8  128  0.7835E-08
 16  8  8  128  0.7907E-08
 16  8  8  128  0.7886E-08
 16  8  8  128  0.7867E-08
 16  8  8  128  0.7836E-08
 16  8  8  128  0.7858E-08
 16  8  8  128  0.7868E-08
 16  8  8  128  0.7860E-08
 16  8  8  128  0.7849E-08
 16  8  9  128  0.9471E-08
 16  8  9  128  0.9405E-08
 16  8  9  128  0.9463E-08
 16  8  9  128  0.9480E-08
 16  8  9  128  0.9473E-08
 16  8  9  128  0.9460E-08
 16  8  9  128  0.9489E-08
 16  8  9  128  0.9558E-08
 16  8  9  128  0.9544E-08
 16  8  9  128  0.9522E-08
 16  8  10  128  0.1004E-07
 16  8  10  128  0.1001E-07
 16  8  10  128  0.1012E-07
 16  8  10  128  0.1018E-07
 16  8  10  128  0.1022E-07
 16  8  10  128  0.1023E-07
 16  8  10  128  0.1020E-07
 16  8  10  128  0.1020E-07
 16  8  10  128  0.1019E-07
 16  8  10  128  0.1020E-07
 16  8  11  128  0.9657E-08
 16  8  11  128  0.9599E-08
 16  8  11  128  0.9616E-08
 16  8  11  128  0.9627E-08
 16  8  11  128  0.9666E-08
 16  8  11  128  0.9663E-08
 16  8  11  128  0.9658E-08
 16  8  11  128  0.9665E-08
 16  8  11  128  0.9656E-08
 16  8  11  128  0.9674E-08
 16  8  12  128  0.8747E-08
 16  8  12  128  0.8680E-08
 16  8  12  128  0.8694E-08
 16  8  12  128  0.8689E-08
 16  8  12  128  0.8692E-08
 16  8  12  128  0.8690E-08
 16  8  12  128  0.8687E-08
 16  8  12  128  0.8702E-08
 16  8  12  128  0.8704E-08
 16  8  12  128  0.8698E-08
 16  8  13  128  0.9605E-08
 16  8  13  128  0.9515E-08
 16  8  13  128  0.9515E-08
 16  8  13  128  0.9527E-08
 16  8  13  128  0.9526E-08
 16  8  13  128  0.9509E-08
 16  8  13  128  0.9514E-08
 16  8  13  128  0.9532E-08
 16  8  13  128  0.9547E-08
 16  8  13  128  0.9531E-08
 16  8  14  128  0.8782E-08
 16  8  14  128  0.8735E-08
 16  8  14  128  0.8740E-08
 16  8  14  128  0.8744E-08
 16  8  14  128  0.8738E-08
 16  8  14  128  0.8745E-08
 16  8  14  128  0.8745E-08
 16  8  14  128  0.8736E-08
 16  8  14  128  0.8737E-08
 16  8  14  128  0.8746E-08
 16  8  15  128  0.9223E-08
 16  8  15  128  0.9204E-08
 16  8  15  128  0.9172E-08
 16  8  15  128  0.9186E-08
 16  8  15  128  0.9201E-08
 16  8  15  128  0.9182E-08
 16  8  15  128  0.9179E-08
 16  8  15  128  0.9219E-08
 16  8  15  128  0.9173E-08
 16  8  15  128  0.9177E-08
 16  8  16  128  0.8099E-08
 16  8  16  128  0.8073E-08
 16  8  16  128  0.8090E-08
 16  8  16  128  0.8098E-08
 16  8  16  128  0.8085E-08
 16  8  16  128  0.8093E-08
 16  8  16  128  0.8085E-08
 16  8  16  128  0.8091E-08
 16  8  16  128  0.8084E-08
 16  8  16  128  0.8085E-08
 16  8  17  128  0.1067E-07
 16  8  17  128  0.1066E-07
 16  8  17  128  0.1065E-07
 16  8  17  128  0.1065E-07
 16  8  17  128  0.1065E-07
 16  8  17  128  0.1064E-07
 16  8  17  128  0.1065E-07
 16  8  17  128  0.1065E-07
 16  8  17  128  0.1066E-07
 16  8  17  128  0.1065E-07
 16  8  18  128  0.1036E-07
 16  8  18  128  0.1033E-07
 16  8  18  128  0.1033E-07
 16  8  18  128  0.1033E-07
 16  8  18  128  0.1034E-07
 16  8  18  128  0.1033E-07
 16  8  18  128  0.1034E-07
 16  8  18  128  0.1034E-07
 16  8  18  128  0.1033E-07
 16  8  18  128  0.1034E-07
 16  8  19  128  0.1085E-07
 16  8  19  128  0.1082E-07
 16  8  19  128  0.1083E-07
 16  8  19  128  0.1083E-07
 16  8  19  128  0.1082E-07
 16  8  19  128  0.1083E-07
 16  8  19  128  0.1084E-07
 16  8  19  128  0.1082E-07
 16  8  19  128  0.1083E-07
 16  8  19  128  0.1084E-07
 16  8  20  128  0.1011E-07
 16  8  20  128  0.1007E-07
 16  8  20  128  0.1007E-07
 16  8  20  128  0.1007E-07
 16  8  20  128  0.1007E-07
 16  8  20  128  0.1007E-07
 16  8  20  128  0.1007E-07
 16  8  20  128  0.1008E-07
 16  8  20  128  0.1007E-07
 16  8  20  128  0.1007E-07
