 16  2  3  32  0.4968E-07
 16  2  3  32  0.4949E-07
 16  2  3  32  0.4966E-07
 16  2  3  32  0.5039E-07
 16  2  3  32  0.5036E-07
 16  2  3  32  0.4900E-07
 16  2  3  32  0.4902E-07
 16  2  3  32  0.4874E-07
 16  2  3  32  0.4885E-07
 16  2  3  32  0.4905E-07
 16  2  4  32  0.3529E-07
 16  2  4  32  0.3410E-07
 16  2  4  32  0.3395E-07
 16  2  4  32  0.3298E-07
 16  2  4  32  0.3438E-07
 16  2  4  32  0.3433E-07
 16  2  4  32  0.3490E-07
 16  2  4  32  0.3685E-07
 16  2  4  32  0.3546E-07
 16  2  4  32  0.3615E-07
 16  2  5  32  0.3033E-07
 16  2  5  32  0.2970E-07
 16  2  5  32  0.2963E-07
 16  2  5  32  0.2959E-07
 16  2  5  32  0.2950E-07
 16  2  5  32  0.2926E-07
 16  2  5  32  0.2968E-07
 16  2  5  32  0.2977E-07
 16  2  5  32  0.2963E-07
 16  2  5  32  0.2997E-07
 16  2  6  32  0.2431E-07
 16  2  6  32  0.2400E-07
 16  2  6  32  0.2342E-07
 16  2  6  32  0.2383E-07
 16  2  6  32  0.2344E-07
 16  2  6  32  0.2359E-07
 16  2  6  32  0.2330E-07
 16  2  6  32  0.2367E-07
 16  2  6  32  0.2346E-07
 16  2  6  32  0.2348E-07
 16  2  7  32  0.2756E-07
 16  2  7  32  0.2746E-07
 16  2  7  32  0.2618E-07
 16  2  7  32  0.2722E-07
 16  2  7  32  0.2624E-07
 16  2  7  32  0.2621E-07
 16  2  7  32  0.2716E-07
 16  2  7  32  0.2514E-07
 16  2  7  32  0.2538E-07
 16  2  7  32  0.2585E-07
 16  2  8  32  0.2737E-07
 16  2  8  32  0.2730E-07
 16  2  8  32  0.2716E-07
 16  2  8  32  0.2718E-07
 16  2  8  32  0.2721E-07
 16  2  8  32  0.2733E-07
 16  2  8  32  0.2724E-07
 16  2  8  32  0.2715E-07
 16  2  8  32  0.2728E-07
 16  2  8  32  0.2716E-07
 16  2  9  32  0.3454E-07
 16  2  9  32  0.3483E-07
 16  2  9  32  0.3477E-07
 16  2  9  32  0.3479E-07
 16  2  9  32  0.3477E-07
 16  2  9  32  0.3478E-07
 16  2  9  32  0.3475E-07
 16  2  9  32  0.3478E-07
 16  2  9  32  0.3488E-07
 16  2  9  32  0.3479E-07
 16  2  10  32  0.3730E-07
 16  2  10  32  0.3726E-07
 16  2  10  32  0.3719E-07
 16  2  10  32  0.3724E-07
 16  2  10  32  0.3724E-07
 16  2  10  32  0.3721E-07
 16  2  10  32  0.3724E-07
 16  2  10  32  0.3727E-07
 16  2  10  32  0.3720E-07
 16  2  10  32  0.3725E-07
 16  2  11  32  0.3631E-07
 16  2  11  32  0.3624E-07
 16  2  11  32  0.3634E-07
 16  2  11  32  0.3626E-07
 16  2  11  32  0.3618E-07
 16  2  11  32  0.3618E-07
 16  2  11  32  0.3620E-07
 16  2  11  32  0.3614E-07
 16  2  11  32  0.3615E-07
 16  2  11  32  0.3620E-07
 16  2  12  32  0.3305E-07
 16  2  12  32  0.3297E-07
 16  2  12  32  0.3301E-07
 16  2  12  32  0.3292E-07
 16  2  12  32  0.3297E-07
 16  2  12  32  0.3300E-07
 16  2  12  32  0.3297E-07
 16  2  12  32  0.3292E-07
 16  2  12  32  0.3297E-07
 16  2  12  32  0.3292E-07
 16  2  13  32  0.3626E-07
 16  2  13  32  0.3619E-07
 16  2  13  32  0.3636E-07
 16  2  13  32  0.3642E-07
 16  2  13  32  0.3656E-07
 16  2  13  32  0.3653E-07
 16  2  13  32  0.3648E-07
 16  2  13  32  0.3657E-07
 16  2  13  32  0.3652E-07
 16  2  13  32  0.3652E-07
 16  2  14  32  0.3352E-07
 16  2  14  32  0.3345E-07
 16  2  14  32  0.3343E-07
 16  2  14  32  0.3339E-07
 16  2  14  32  0.3338E-07
 16  2  14  32  0.3337E-07
 16  2  14  32  0.3342E-07
 16  2  14  32  0.3337E-07
 16  2  14  32  0.3337E-07
 16  2  14  32  0.3336E-07
 16  2  15  32  0.3523E-07
 16  2  15  32  0.3515E-07
 16  2  15  32  0.3513E-07
 16  2  15  32  0.3510E-07
 16  2  15  32  0.3525E-07
 16  2  15  32  0.3525E-07
 16  2  15  32  0.3526E-07
 16  2  15  32  0.3523E-07
 16  2  15  32  0.3530E-07
 16  2  15  32  0.3530E-07
 16  2  16  32  0.3092E-07
 16  2  16  32  0.3091E-07
 16  2  16  32  0.3091E-07
 16  2  16  32  0.3089E-07
 16  2  16  32  0.3089E-07
 16  2  16  32  0.3089E-07
 16  2  16  32  0.3091E-07
 16  2  16  32  0.3089E-07
 16  2  16  32  0.3089E-07
 16  2  16  32  0.3091E-07
 16  2  17  32  0.4139E-07
 16  2  17  32  0.4140E-07
 16  2  17  32  0.4143E-07
 16  2  17  32  0.4141E-07
 16  2  17  32  0.4141E-07
 16  2  17  32  0.4142E-07
 16  2  17  32  0.4143E-07
 16  2  17  32  0.4150E-07
 16  2  17  32  0.4149E-07
 16  2  17  32  0.4140E-07
 16  2  18  32  0.4036E-07
 16  2  18  32  0.4028E-07
 16  2  18  32  0.4032E-07
 16  2  18  32  0.4032E-07
 16  2  18  32  0.4034E-07
 16  2  18  32  0.4036E-07
 16  2  18  32  0.4039E-07
 16  2  18  32  0.4026E-07
 16  2  18  32  0.4028E-07
 16  2  18  32  0.4025E-07
 16  2  19  32  0.4212E-07
 16  2  19  32  0.4213E-07
 16  2  19  32  0.4212E-07
 16  2  19  32  0.4201E-07
 16  2  19  32  0.4209E-07
 16  2  19  32  0.4207E-07
 16  2  19  32  0.4212E-07
 16  2  19  32  0.4212E-07
 16  2  19  32  0.4207E-07
 16  2  19  32  0.4209E-07
 16  2  20  32  0.3949E-07
 16  2  20  32  0.3953E-07
 16  2  20  32  0.3960E-07
 16  2  20  32  0.3959E-07
 16  2  20  32  0.3955E-07
 16  2  20  32  0.3954E-07
 16  2  20  32  0.3958E-07
 16  2  20  32  0.3959E-07
 16  2  20  32  0.3952E-07
 16  2  20  32  0.3958E-07
