 16  4  3  64  0.3228E-07
 16  4  3  64  0.2933E-07
 16  4  3  64  0.2899E-07
 16  4  3  64  0.2889E-07
 16  4  3  64  0.2743E-07
 16  4  3  64  0.2983E-07
 16  4  3  64  0.2935E-07
 16  4  3  64  0.3163E-07
 16  4  3  64  0.3326E-07
 16  4  3  64  0.3008E-07
 16  4  4  64  0.1838E-07
 16  4  4  64  0.1855E-07
 16  4  4  64  0.1745E-07
 16  4  4  64  0.1762E-07
 16  4  4  64  0.1809E-07
 16  4  4  64  0.1917E-07
 16  4  4  64  0.1815E-07
 16  4  4  64  0.1876E-07
 16  4  4  64  0.1806E-07
 16  4  4  64  0.1927E-07
 16  4  5  64  0.1909E-07
 16  4  5  64  0.1817E-07
 16  4  5  64  0.1865E-07
 16  4  5  64  0.1875E-07
 16  4  5  64  0.1880E-07
 16  4  5  64  0.1807E-07
 16  4  5  64  0.1780E-07
 16  4  5  64  0.1826E-07
 16  4  5  64  0.1831E-07
 16  4  5  64  0.1830E-07
 16  4  6  64  0.1430E-07
 16  4  6  64  0.1430E-07
 16  4  6  64  0.1325E-07
 16  4  6  64  0.1396E-07
 16  4  6  64  0.1311E-07
 16  4  6  64  0.1395E-07
 16  4  6  64  0.1367E-07
 16  4  6  64  0.1317E-07
 16  4  6  64  0.1376E-07
 16  4  6  64  0.1393E-07
 16  4  7  64  0.1553E-07
 16  4  7  64  0.1498E-07
 16  4  7  64  0.1497E-07
 16  4  7  64  0.1497E-07
 16  4  7  64  0.1492E-07
 16  4  7  64  0.1509E-07
 16  4  7  64  0.1480E-07
 16  4  7  64  0.1469E-07
 16  4  7  64  0.1500E-07
 16  4  7  64  0.1472E-07
 16  4  8  64  0.1475E-07
 16  4  8  64  0.1461E-07
 16  4  8  64  0.1466E-07
 16  4  8  64  0.1457E-07
 16  4  8  64  0.1483E-07
 16  4  8  64  0.1454E-07
 16  4  8  64  0.1459E-07
 16  4  8  64  0.1461E-07
 16  4  8  64  0.1466E-07
 16  4  8  64  0.1459E-07
 16  4  9  64  0.1807E-07
 16  4  9  64  0.1796E-07
 16  4  9  64  0.1799E-07
 16  4  9  64  0.1801E-07
 16  4  9  64  0.1799E-07
 16  4  9  64  0.1795E-07
 16  4  9  64  0.1799E-07
 16  4  9  64  0.1801E-07
 16  4  9  64  0.1797E-07
 16  4  9  64  0.1798E-07
 16  4  10  64  0.1939E-07
 16  4  10  64  0.1930E-07
 16  4  10  64  0.1928E-07
 16  4  10  64  0.1932E-07
 16  4  10  64  0.1930E-07
 16  4  10  64  0.1927E-07
 16  4  10  64  0.1930E-07
 16  4  10  64  0.1935E-07
 16  4  10  64  0.1933E-07
 16  4  10  64  0.1935E-07
 16  4  11  64  0.1874E-07
 16  4  11  64  0.1867E-07
 16  4  11  64  0.1867E-07
 16  4  11  64  0.1866E-07
 16  4  11  64  0.1867E-07
 16  4  11  64  0.1863E-07
 16  4  11  64  0.1860E-07
 16  4  11  64  0.1861E-07
 16  4  11  64  0.1861E-07
 16  4  11  64  0.1864E-07
 16  4  12  64  0.1695E-07
 16  4  12  64  0.1693E-07
 16  4  12  64  0.1689E-07
 16  4  12  64  0.1692E-07
 16  4  12  64  0.1692E-07
 16  4  12  64  0.1687E-07
 16  4  12  64  0.1689E-07
 16  4  12  64  0.1690E-07
 16  4  12  64  0.1690E-07
 16  4  12  64  0.1688E-07
 16  4  13  64  0.1851E-07
 16  4  13  64  0.1846E-07
 16  4  13  64  0.1847E-07
 16  4  13  64  0.1847E-07
 16  4  13  64  0.1847E-07
 16  4  13  64  0.1848E-07
 16  4  13  64  0.1853E-07
 16  4  13  64  0.1852E-07
 16  4  13  64  0.1850E-07
 16  4  13  64  0.1850E-07
 16  4  14  64  0.1706E-07
 16  4  14  64  0.1703E-07
 16  4  14  64  0.1701E-07
 16  4  14  64  0.1700E-07
 16  4  14  64  0.1698E-07
 16  4  14  64  0.1698E-07
 16  4  14  64  0.1700E-07
 16  4  14  64  0.1706E-07
 16  4  14  64  0.1704E-07
 16  4  14  64  0.1705E-07
 16  4  15  64  0.1805E-07
 16  4  15  64  0.1797E-07
 16  4  15  64  0.1796E-07
 16  4  15  64  0.1798E-07
 16  4  15  64  0.1799E-07
 16  4  15  64  0.1799E-07
 16  4  15  64  0.1799E-07
 16  4  15  64  0.1801E-07
 16  4  15  64  0.1798E-07
 16  4  15  64  0.1798E-07
 16  4  16  64  0.1577E-07
 16  4  16  64  0.1569E-07
 16  4  16  64  0.1569E-07
 16  4  16  64  0.1572E-07
 16  4  16  64  0.1574E-07
 16  4  16  64  0.1574E-07
 16  4  16  64  0.1575E-07
 16  4  16  64  0.1577E-07
 16  4  16  64  0.1577E-07
 16  4  16  64  0.1577E-07
 16  4  17  64  0.2095E-07
 16  4  17  64  0.2093E-07
 16  4  17  64  0.2091E-07
 16  4  17  64  0.2093E-07
 16  4  17  64  0.2101E-07
 16  4  17  64  0.2099E-07
 16  4  17  64  0.2097E-07
 16  4  17  64  0.2099E-07
 16  4  17  64  0.2094E-07
 16  4  17  64  0.2096E-07
 16  4  18  64  0.2045E-07
 16  4  18  64  0.2047E-07
 16  4  18  64  0.2047E-07
 16  4  18  64  0.2047E-07
 16  4  18  64  0.2047E-07
 16  4  18  64  0.2047E-07
 16  4  18  64  0.2047E-07
 16  4  18  64  0.2047E-07
 16  4  18  64  0.2048E-07
 16  4  18  64  0.2048E-07
 16  4  19  64  0.2132E-07
 16  4  19  64  0.2129E-07
 16  4  19  64  0.2128E-07
 16  4  19  64  0.2128E-07
 16  4  19  64  0.2127E-07
 16  4  19  64  0.2128E-07
 16  4  19  64  0.2129E-07
 16  4  19  64  0.2129E-07
 16  4  19  64  0.2128E-07
 16  4  19  64  0.2129E-07
 16  4  20  64  0.1995E-07
 16  4  20  64  0.1989E-07
 16  4  20  64  0.1990E-07
 16  4  20  64  0.1992E-07
 16  4  20  64  0.1993E-07
 16  4  20  64  0.1994E-07
 16  4  20  64  0.1993E-07
 16  4  20  64  0.1994E-07
 16  4  20  64  0.1994E-07
 16  4  20  64  0.1994E-07
