 16  32  3  512  0.5253E-08
 16  32  3  512  0.5097E-08
 16  32  3  512  0.4924E-08
 16  32  3  512  0.5054E-08
 16  32  3  512  0.4946E-08
 16  32  3  512  0.4924E-08
 16  32  3  512  0.4921E-08
 16  32  3  512  0.5033E-08
 16  32  3  512  0.4908E-08
 16  32  3  512  0.5074E-08
 16  32  4  512  0.2819E-08
 16  32  4  512  0.2673E-08
 16  32  4  512  0.2728E-08
 16  32  4  512  0.2669E-08
 16  32  4  512  0.2742E-08
 16  32  4  512  0.2676E-08
 16  32  4  512  0.2667E-08
 16  32  4  512  0.2761E-08
 16  32  4  512  0.2677E-08
 16  32  4  512  0.2670E-08
 16  32  5  512  0.2319E-08
 16  32  5  512  0.2264E-08
 16  32  5  512  0.2309E-08
 16  32  5  512  0.2299E-08
 16  32  5  512  0.2331E-08
 16  32  5  512  0.2293E-08
 16  32  5  512  0.2265E-08
 16  32  5  512  0.2267E-08
 16  32  5  512  0.2240E-08
 16  32  5  512  0.2239E-08
 16  32  6  512  0.1789E-08
 16  32  6  512  0.1754E-08
 16  32  6  512  0.1706E-08
 16  32  6  512  0.1720E-08
 16  32  6  512  0.1708E-08
 16  32  6  512  0.1696E-08
 16  32  6  512  0.1713E-08
 16  32  6  512  0.1711E-08
 16  32  6  512  0.1710E-08
 16  32  6  512  0.1708E-08
 16  32  7  512  0.1750E-08
 16  32  7  512  0.1700E-08
 16  32  7  512  0.1713E-08
 16  32  7  512  0.1710E-08
 16  32  7  512  0.1756E-08
 16  32  7  512  0.1747E-08
 16  32  7  512  0.1763E-08
 16  32  7  512  0.1766E-08
 16  32  7  512  0.1738E-08
 16  32  7  512  0.1757E-08
 16  32  8  512  0.1855E-08
 16  32  8  512  0.1821E-08
 16  32  8  512  0.1820E-08
 16  32  8  512  0.1827E-08
 16  32  8  512  0.1824E-08
 16  32  8  512  0.1834E-08
 16  32  8  512  0.1810E-08
 16  32  8  512  0.1817E-08
 16  32  8  512  0.1814E-08
 16  32  8  512  0.1821E-08
 16  32  9  512  0.2354E-08
 16  32  9  512  0.2342E-08
 16  32  9  512  0.2339E-08
 16  32  9  512  0.2352E-08
 16  32  9  512  0.2356E-08
 16  32  9  512  0.2341E-08
 16  32  9  512  0.2337E-08
 16  32  9  512  0.2333E-08
 16  32  9  512  0.2342E-08
 16  32  9  512  0.2359E-08
 16  32  10  512  0.2727E-08
 16  32  10  512  0.2708E-08
 16  32  10  512  0.2711E-08
 16  32  10  512  0.2693E-08
 16  32  10  512  0.2702E-08
 16  32  10  512  0.2695E-08
 16  32  10  512  0.2693E-08
 16  32  10  512  0.2687E-08
 16  32  10  512  0.2704E-08
 16  32  10  512  0.2710E-08
 16  32  11  512  0.2495E-08
 16  32  11  512  0.2489E-08
 16  32  11  512  0.2482E-08
 16  32  11  512  0.2482E-08
 16  32  11  512  0.2482E-08
 16  32  11  512  0.2485E-08
 16  32  11  512  0.2481E-08
 16  32  11  512  0.2480E-08
 16  32  11  512  0.2481E-08
 16  32  11  512  0.2480E-08
 16  32  12  512  0.2335E-08
 16  32  12  512  0.2277E-08
 16  32  12  512  0.2284E-08
 16  32  12  512  0.2273E-08
 16  32  12  512  0.2279E-08
 16  32  12  512  0.2274E-08
 16  32  12  512  0.2277E-08
 16  32  12  512  0.2274E-08
 16  32  12  512  0.2281E-08
 16  32  12  512  0.2279E-08
 16  32  13  512  0.2539E-08
 16  32  13  512  0.2532E-08
 16  32  13  512  0.2525E-08
 16  32  13  512  0.2525E-08
 16  32  13  512  0.2524E-08
 16  32  13  512  0.2529E-08
 16  32  13  512  0.2524E-08
 16  32  13  512  0.2522E-08
 16  32  13  512  0.2523E-08
 16  32  13  512  0.2520E-08
 16  32  14  512  0.2322E-08
 16  32  14  512  0.2307E-08
 16  32  14  512  0.2298E-08
 16  32  14  512  0.2296E-08
 16  32  14  512  0.2296E-08
 16  32  14  512  0.2300E-08
 16  32  14  512  0.2298E-08
 16  32  14  512  0.2297E-08
 16  32  14  512  0.2299E-08
 16  32  14  512  0.2298E-08
 16  32  15  512  0.2482E-08
 16  32  15  512  0.2462E-08
 16  32  15  512  0.2461E-08
 16  32  15  512  0.2462E-08
 16  32  15  512  0.2465E-08
 16  32  15  512  0.2460E-08
 16  32  15  512  0.2462E-08
 16  32  15  512  0.2463E-08
 16  32  15  512  0.2460E-08
 16  32  15  512  0.2461E-08
 16  32  16  512  0.2344E-08
 16  32  16  512  0.2340E-08
 16  32  16  512  0.2334E-08
 16  32  16  512  0.2339E-08
 16  32  16  512  0.2335E-08
 16  32  16  512  0.2341E-08
 16  32  16  512  0.2455E-08
 16  32  16  512  0.2336E-08
 16  32  16  512  0.2339E-08
 16  32  16  512  0.2336E-08
 16  32  17  512  0.2830E-08
 16  32  17  512  0.2824E-08
 16  32  17  512  0.2824E-08
 16  32  17  512  0.2823E-08
 16  32  17  512  0.2824E-08
 16  32  17  512  0.2826E-08
 16  32  17  512  0.2822E-08
 16  32  17  512  0.2825E-08
 16  32  17  512  0.2826E-08
 16  32  17  512  0.2825E-08
 16  32  18  512  0.2854E-08
 16  32  18  512  0.2838E-08
 16  32  18  512  0.2840E-08
 16  32  18  512  0.2841E-08
 16  32  18  512  0.2841E-08
 16  32  18  512  0.2837E-08
 16  32  18  512  0.2837E-08
 16  32  18  512  0.2838E-08
 16  32  18  512  0.2840E-08
 16  32  18  512  0.2836E-08
 16  32  19  512  0.2888E-08
 16  32  19  512  0.2880E-08
 16  32  19  512  0.2880E-08
 16  32  19  512  0.2882E-08
 16  32  19  512  0.2881E-08
 16  32  19  512  0.2882E-08
 16  32  19  512  0.2880E-08
 16  32  19  512  0.2881E-08
 16  32  19  512  0.2880E-08
 16  32  19  512  0.2881E-08
 16  32  20  512  0.2790E-08
 16  32  20  512  0.2774E-08
 16  32  20  512  0.2772E-08
 16  32  20  512  0.2774E-08
 16  32  20  512  0.2803E-08
 16  32  20  512  0.2774E-08
 16  32  20  512  0.2775E-08
 16  32  20  512  0.2779E-08
 16  32  20  512  0.2777E-08
 16  32  20  512  0.2775E-08
