 16  2  3  32  0.1282E-06
 16  2  3  32  0.1244E-06
 16  2  3  32  0.1248E-06
 16  2  3  32  0.1252E-06
 16  2  3  32  0.1246E-06
 16  2  3  32  0.1243E-06
 16  2  3  32  0.1259E-06
 16  2  3  32  0.1241E-06
 16  2  3  32  0.1238E-06
 16  2  3  32  0.1257E-06
 16  2  4  32  0.7743E-07
 16  2  4  32  0.7555E-07
 16  2  4  32  0.7572E-07
 16  2  4  32  0.7770E-07
 16  2  4  32  0.7733E-07
 16  2  4  32  0.7687E-07
 16  2  4  32  0.7772E-07
 16  2  4  32  0.7514E-07
 16  2  4  32  0.7438E-07
 16  2  4  32  0.7469E-07
 16  2  5  32  0.6128E-07
 16  2  5  32  0.5959E-07
 16  2  5  32  0.5944E-07
 16  2  5  32  0.5962E-07
 16  2  5  32  0.5894E-07
 16  2  5  32  0.5902E-07
 16  2  5  32  0.5903E-07
 16  2  5  32  0.5889E-07
 16  2  5  32  0.5901E-07
 16  2  5  32  0.5914E-07
 16  2  6  32  0.5603E-07
 16  2  6  32  0.5558E-07
 16  2  6  32  0.5543E-07
 16  2  6  32  0.5551E-07
 16  2  6  32  0.5579E-07
 16  2  6  32  0.5547E-07
 16  2  6  32  0.5557E-07
 16  2  6  32  0.5569E-07
 16  2  6  32  0.5531E-07
 16  2  6  32  0.5530E-07
 16  2  7  32  0.5693E-07
 16  2  7  32  0.5674E-07
 16  2  7  32  0.5668E-07
 16  2  7  32  0.5670E-07
 16  2  7  32  0.5672E-07
 16  2  7  32  0.5668E-07
 16  2  7  32  0.5671E-07
 16  2  7  32  0.5675E-07
 16  2  7  32  0.5670E-07
 16  2  7  32  0.5667E-07
 16  2  8  32  0.5223E-07
 16  2  8  32  0.5203E-07
 16  2  8  32  0.5194E-07
 16  2  8  32  0.5198E-07
 16  2  8  32  0.5200E-07
 16  2  8  32  0.5199E-07
 16  2  8  32  0.5199E-07
 16  2  8  32  0.5199E-07
 16  2  8  32  0.5201E-07
 16  2  8  32  0.5204E-07
 16  2  9  32  0.5079E-07
 16  2  9  32  0.5066E-07
 16  2  9  32  0.5071E-07
 16  2  9  32  0.5079E-07
 16  2  9  32  0.5073E-07
 16  2  9  32  0.5075E-07
 16  2  9  32  0.5089E-07
 16  2  9  32  0.5088E-07
 16  2  9  32  0.5090E-07
 16  2  9  32  0.5094E-07
 16  2  10  32  0.5165E-07
 16  2  10  32  0.5141E-07
 16  2  10  32  0.5142E-07
 16  2  10  32  0.5146E-07
 16  2  10  32  0.5175E-07
 16  2  10  32  0.5157E-07
 16  2  10  32  0.5195E-07
 16  2  10  32  0.5179E-07
 16  2  10  32  0.5182E-07
 16  2  10  32  0.5179E-07
 16  2  11  32  0.4829E-07
 16  2  11  32  0.4824E-07
 16  2  11  32  0.4828E-07
 16  2  11  32  0.4828E-07
 16  2  11  32  0.4826E-07
 16  2  11  32  0.4831E-07
 16  2  11  32  0.4830E-07
 16  2  11  32  0.4833E-07
 16  2  11  32  0.4838E-07
 16  2  11  32  0.4835E-07
 16  2  12  32  0.4408E-07
 16  2  12  32  0.4421E-07
 16  2  12  32  0.4424E-07
 16  2  12  32  0.4438E-07
 16  2  12  32  0.4418E-07
 16  2  12  32  0.4419E-07
 16  2  12  32  0.4415E-07
 16  2  12  32  0.4422E-07
 16  2  12  32  0.4434E-07
 16  2  12  32  0.4405E-07
 16  2  13  32  0.4607E-07
 16  2  13  32  0.4607E-07
 16  2  13  32  0.4615E-07
 16  2  13  32  0.4604E-07
 16  2  13  32  0.4600E-07
 16  2  13  32  0.4599E-07
 16  2  13  32  0.4601E-07
 16  2  13  32  0.4613E-07
 16  2  13  32  0.4607E-07
 16  2  13  32  0.4609E-07
 16  2  14  32  0.4311E-07
 16  2  14  32  0.4304E-07
 16  2  14  32  0.4294E-07
 16  2  14  32  0.4292E-07
 16  2  14  32  0.4296E-07
 16  2  14  32  0.4297E-07
 16  2  14  32  0.4291E-07
 16  2  14  32  0.4291E-07
 16  2  14  32  0.4289E-07
 16  2  14  32  0.4287E-07
 16  2  15  32  0.4508E-07
 16  2  15  32  0.4493E-07
 16  2  15  32  0.4497E-07
 16  2  15  32  0.4504E-07
 16  2  15  32  0.4513E-07
 16  2  15  32  0.4509E-07
 16  2  15  32  0.4518E-07
 16  2  15  32  0.4513E-07
 16  2  15  32  0.4510E-07
 16  2  15  32  0.4512E-07
 16  2  16  32  0.4603E-07
 16  2  16  32  0.4592E-07
 16  2  16  32  0.4598E-07
 16  2  16  32  0.4602E-07
 16  2  16  32  0.4602E-07
 16  2  16  32  0.4600E-07
 16  2  16  32  0.4594E-07
 16  2  16  32  0.4599E-07
 16  2  16  32  0.4612E-07
 16  2  16  32  0.4604E-07
 16  2  17  32  0.4946E-07
 16  2  17  32  0.4940E-07
 16  2  17  32  0.4944E-07
 16  2  17  32  0.4948E-07
 16  2  17  32  0.4952E-07
 16  2  17  32  0.4954E-07
 16  2  17  32  0.4945E-07
 16  2  17  32  0.4944E-07
 16  2  17  32  0.4951E-07
 16  2  17  32  0.4953E-07
 16  2  18  32  0.4922E-07
 16  2  18  32  0.4917E-07
 16  2  18  32  0.4923E-07
 16  2  18  32  0.4942E-07
 16  2  18  32  0.4934E-07
 16  2  18  32  0.4909E-07
 16  2  18  32  0.4919E-07
 16  2  18  32  0.4927E-07
 16  2  18  32  0.4924E-07
 16  2  18  32  0.4925E-07
 16  2  19  32  0.4885E-07
 16  2  19  32  0.4875E-07
 16  2  19  32  0.4888E-07
 16  2  19  32  0.4894E-07
 16  2  19  32  0.4896E-07
 16  2  19  32  0.4892E-07
 16  2  19  32  0.4893E-07
 16  2  19  32  0.4893E-07
 16  2  19  32  0.4892E-07
 16  2  19  32  0.4887E-07
 16  2  20  32  0.4773E-07
 16  2  20  32  0.4778E-07
 16  2  20  32  0.4776E-07
 16  2  20  32  0.4798E-07
 16  2  20  32  0.4784E-07
 16  2  20  32  0.4792E-07
 16  2  20  32  0.4800E-07
 16  2  20  32  0.4803E-07
 16  2  20  32  0.4782E-07
 16  2  20  32  0.4786E-07
