 16  1  3  16  0.8249E-07
 16  1  3  16  0.8282E-07
 16  1  3  16  0.8362E-07
 16  1  3  16  0.8356E-07
 16  1  3  16  0.8413E-07
 16  1  3  16  0.8218E-07
 16  1  3  16  0.8302E-07
 16  1  3  16  0.8370E-07
 16  1  3  16  0.8392E-07
 16  1  3  16  0.8367E-07
 16  1  4  16  0.5711E-07
 16  1  4  16  0.5719E-07
 16  1  4  16  0.5702E-07
 16  1  4  16  0.5729E-07
 16  1  4  16  0.5710E-07
 16  1  4  16  0.5712E-07
 16  1  4  16  0.5695E-07
 16  1  4  16  0.5687E-07
 16  1  4  16  0.5771E-07
 16  1  4  16  0.5683E-07
 16  1  5  16  0.5633E-07
 16  1  5  16  0.5591E-07
 16  1  5  16  0.5563E-07
 16  1  5  16  0.5557E-07
 16  1  5  16  0.5559E-07
 16  1  5  16  0.5574E-07
 16  1  5  16  0.5601E-07
 16  1  5  16  0.5551E-07
 16  1  5  16  0.5558E-07
 16  1  5  16  0.5537E-07
 16  1  6  16  0.4433E-07
 16  1  6  16  0.4397E-07
 16  1  6  16  0.4409E-07
 16  1  6  16  0.4405E-07
 16  1  6  16  0.4425E-07
 16  1  6  16  0.4407E-07
 16  1  6  16  0.4414E-07
 16  1  6  16  0.4407E-07
 16  1  6  16  0.4404E-07
 16  1  6  16  0.4423E-07
 16  1  7  16  0.4407E-07
 16  1  7  16  0.4357E-07
 16  1  7  16  0.4368E-07
 16  1  7  16  0.4348E-07
 16  1  7  16  0.4338E-07
 16  1  7  16  0.4348E-07
 16  1  7  16  0.4351E-07
 16  1  7  16  0.4350E-07
 16  1  7  16  0.4363E-07
 16  1  7  16  0.4350E-07
 16  1  8  16  0.4425E-07
 16  1  8  16  0.4405E-07
 16  1  8  16  0.4410E-07
 16  1  8  16  0.4409E-07
 16  1  8  16  0.4408E-07
 16  1  8  16  0.4410E-07
 16  1  8  16  0.4416E-07
 16  1  8  16  0.4416E-07
 16  1  8  16  0.4411E-07
 16  1  8  16  0.4411E-07
 16  1  9  16  0.5925E-07
 16  1  9  16  0.5917E-07
 16  1  9  16  0.5918E-07
 16  1  9  16  0.5910E-07
 16  1  9  16  0.5915E-07
 16  1  9  16  0.5911E-07
 16  1  9  16  0.5913E-07
 16  1  9  16  0.5928E-07
 16  1  9  16  0.6134E-07
 16  1  9  16  0.6191E-07
 16  1  10  16  0.6773E-07
 16  1  10  16  0.6760E-07
 16  1  10  16  0.6759E-07
 16  1  10  16  0.6762E-07
 16  1  10  16  0.6755E-07
 16  1  10  16  0.6754E-07
 16  1  10  16  0.6755E-07
 16  1  10  16  0.6753E-07
 16  1  10  16  0.6752E-07
 16  1  10  16  0.6750E-07
 16  1  11  16  0.6660E-07
 16  1  11  16  0.6646E-07
 16  1  11  16  0.6662E-07
 16  1  11  16  0.6655E-07
 16  1  11  16  0.6655E-07
 16  1  11  16  0.6654E-07
 16  1  11  16  0.6657E-07
 16  1  11  16  0.6652E-07
 16  1  11  16  0.6654E-07
 16  1  11  16  0.6658E-07
 16  1  12  16  0.6104E-07
 16  1  12  16  0.6089E-07
 16  1  12  16  0.6097E-07
 16  1  12  16  0.6097E-07
 16  1  12  16  0.6089E-07
 16  1  12  16  0.6103E-07
 16  1  12  16  0.6112E-07
 16  1  12  16  0.6103E-07
 16  1  12  16  0.6094E-07
 16  1  12  16  0.6089E-07
 16  1  13  16  0.6828E-07
 16  1  13  16  0.6812E-07
 16  1  13  16  0.6830E-07
 16  1  13  16  0.6827E-07
 16  1  13  16  0.6825E-07
 16  1  13  16  0.6822E-07
 16  1  13  16  0.6865E-07
 16  1  13  16  0.6893E-07
 16  1  13  16  0.6892E-07
 16  1  13  16  0.6895E-07
 16  1  14  16  0.6367E-07
 16  1  14  16  0.6359E-07
 16  1  14  16  0.6358E-07
 16  1  14  16  0.6358E-07
 16  1  14  16  0.6361E-07
 16  1  14  16  0.6358E-07
 16  1  14  16  0.6356E-07
 16  1  14  16  0.6356E-07
 16  1  14  16  0.6360E-07
 16  1  14  16  0.6357E-07
 16  1  15  16  0.6750E-07
 16  1  15  16  0.6740E-07
 16  1  15  16  0.6742E-07
 16  1  15  16  0.6765E-07
 16  1  15  16  0.6756E-07
 16  1  15  16  0.6750E-07
 16  1  15  16  0.6754E-07
 16  1  15  16  0.6771E-07
 16  1  15  16  0.6763E-07
 16  1  15  16  0.6761E-07
 16  1  16  16  0.5963E-07
 16  1  16  16  0.5971E-07
 16  1  16  16  0.5953E-07
 16  1  16  16  0.5943E-07
 16  1  16  16  0.5944E-07
 16  1  16  16  0.5967E-07
 16  1  16  16  0.5966E-07
 16  1  16  16  0.5956E-07
 16  1  16  16  0.5948E-07
 16  1  16  16  0.5947E-07
 16  1  17  16  0.8041E-07
 16  1  17  16  0.8064E-07
 16  1  17  16  0.8062E-07
 16  1  17  16  0.8095E-07
 16  1  17  16  0.8095E-07
 16  1  17  16  0.8095E-07
 16  1  17  16  0.8095E-07
 16  1  17  16  0.8096E-07
 16  1  17  16  0.8094E-07
 16  1  17  16  0.8093E-07
 16  1  18  16  0.7866E-07
 16  1  18  16  0.7852E-07
 16  1  18  16  0.7848E-07
 16  1  18  16  0.7847E-07
 16  1  18  16  0.7843E-07
 16  1  18  16  0.7854E-07
 16  1  18  16  0.7850E-07
 16  1  18  16  0.7850E-07
 16  1  18  16  0.7848E-07
 16  1  18  16  0.7865E-07
 16  1  19  16  0.8212E-07
 16  1  19  16  0.8200E-07
 16  1  19  16  0.8203E-07
 16  1  19  16  0.8206E-07
 16  1  19  16  0.8211E-07
 16  1  19  16  0.8207E-07
 16  1  19  16  0.8206E-07
 16  1  19  16  0.8203E-07
 16  1  19  16  0.8208E-07
 16  1  19  16  0.8209E-07
 16  1  20  16  0.7744E-07
 16  1  20  16  0.7748E-07
 16  1  20  16  0.7748E-07
 16  1  20  16  0.7749E-07
 16  1  20  16  0.7747E-07
 16  1  20  16  0.7749E-07
 16  1  20  16  0.7748E-07
 16  1  20  16  0.7749E-07
 16  1  20  16  0.7751E-07
 16  1  20  16  0.7750E-07
