61196.output:case scalar:  16384  1    1     16384************      1  21  1.08154E-02  1.51488E+06  5.15018E-04  5.15018E-04
61197.output:case scalar:  16384  1    2     32768************      2  30  1.47783E-02  2.21731E+06  4.92610E-04  2.46305E-04
61198.output:case scalar:  16384  1    4     65536************      4  32  1.60010E-02  4.09575E+06  5.00031E-04  1.25008E-04
61199.output:case scalar:  16384  1    8    131072************      8  33  2.06263E-02  6.35460E+06  6.25040E-04  7.81299E-05
61200.output:case scalar:  16384  1   16    262144************     16  33  1.74077E-02  1.50591E+07  5.27505E-04  3.29690E-05
61201.output:case scalar:  16384  1   32    524288************     32  33  2.24791E-02  2.33234E+07  6.81184E-04  2.12870E-05
61202.output:case scalar:  16384  1   64   1048576************     64  33  2.02217E-02  5.18540E+07  6.12779E-04  9.57467E-06
61203.output:case scalar:  16384  1  128   2097152************    128  33  2.82714E-02  7.41794E+07  8.56708E-04  6.69303E-06
61204.output:case scalar:  16384  2    1     16384************      8  26  1.19963E-02  1.09260E+07  4.61398E-04  5.76748E-05
61205.output:case scalar:  16384  2    2     32768************     16  27  1.28674E-02  2.03728E+07  4.76569E-04  2.97856E-05
61206.output:case scalar:  16384  2    4     65536************     32  26  1.40696E-02  3.72638E+07  5.41140E-04  1.69106E-05
61207.output:case scalar:  16384  2    8    131072************     64  27  1.55237E-02  6.75469E+07  5.74951E-04  8.98361E-06
61208.output:case scalar:  16384  2   16    262144************    128  26  1.72431E-02  1.21623E+08  6.63195E-04  5.18121E-06
61209.output:case scalar:  16384  2   32    524288************    256  26  1.91564E-02  2.18951E+08  7.36784E-04  2.87806E-06
61210.output:case scalar:  16384  2   64   1048576************    512  25  2.53754E-02  3.30581E+08  1.01501E-03  1.98245E-06
61211.output:case scalar:  16384  2  128   2097152************   1024  25  3.67616E-02  4.56379E+08  1.47046E-03  1.43600E-06
61212.output:case scalar:  16384  3    1     16384************     27  14  9.50567E-03  4.65373E+07  6.78976E-04  2.51473E-05
61213.output:case scalar:  16384  3    2     32768************     54  20  1.36543E-02  6.47954E+07  6.82716E-04  1.26429E-05
61214.output:case scalar:  16384  3    4     65536************    108  22  1.17923E-02  1.50054E+08  5.36012E-04  4.96307E-06
61215.output:case scalar:  16384  3    8    131072************    216  21  1.35593E-02  2.60997E+08  6.45683E-04  2.98927E-06
61216.output:case scalar:  16384  3   16    262144************    432  21  2.06247E-02  3.43175E+08  9.82129E-04  2.27345E-06
61217.output:case scalar:  16384  3   32    524288************    864  22  2.44504E-02  5.78959E+08  1.11138E-03  1.28632E-06
61218.output:case scalar:  16384  3   64   1048576************   1728  21  2.73987E-02  1.03332E+09  1.30470E-03  7.55034E-07
61219.output:case scalar:  16384  3  128   2097152************   3456  21  3.90790E-02  1.44894E+09  1.86091E-03  5.38457E-07
61221.output:case scalar:  16384  4    1     16384************     64  19  1.19863E-02  8.74810E+07  6.30860E-04  9.85718E-06
61222.output:case scalar:  16384  4    2     32768************    128  20  1.62194E-02  1.29299E+08  8.10969E-04  6.33569E-06
61223.output:case scalar:  16384  4    4     65536************    256  20  1.10900E-02  3.78205E+08  5.54502E-04  2.16602E-06
61224.output:case scalar:  16384  4    8    131072************    512  20  1.80677E-02  4.64288E+08  9.03384E-04  1.76442E-06
61225.output:case scalar:  16384  4   16    262144************   1024  20  2.05170E-02  8.17725E+08  1.02585E-03  1.00180E-06
61226.output:case scalar:  16384  4   32    524288************   2048  20  2.62500E-02  1.27826E+09  1.31250E-03  6.40870E-07
61227.output:case scalar:  16384  4   64   1048576************   4096  20  3.38016E-02  1.98537E+09  1.69008E-03  4.12618E-07
61228.output:case scalar:  16384  4  128   2097152************   8192  20  5.12470E-02  2.61903E+09  2.56235E-03  3.12787E-07
61229.output:case scalar:  16384  5    1     16384************    125  11  7.59633E-03  2.69604E+08  6.90576E-04  5.52461E-06
61230.output:case scalar:  16384  5    2     32768************    250  17  1.50150E-02  2.72794E+08  8.83233E-04  3.53293E-06
61231.output:case scalar:  16384  5    4     65536************    500  19  1.57420E-02  5.20392E+08  8.28525E-04  1.65705E-06
61232.output:case scalar:  16384  5    8    131072************   1000  19  1.89790E-02  8.63270E+08  9.98894E-04  9.98894E-07
61233.output:case scalar:  16384  5   16    262144************   2000  19  2.16906E-02  1.51070E+09  1.14161E-03  5.70805E-07
61234.output:case scalar:  16384  5   32    524288************   4000  19  2.95073E-02  2.22101E+09  1.55302E-03  3.88254E-07
61235.output:case scalar:  16384  5   64   1048576************   8000  19  3.93757E-02  3.32875E+09  2.07241E-03  2.59051E-07
61241.output:case scalar:  16384  6    1     16384************    216  18  1.60007E-02  2.21175E+08  8.88926E-04  4.11540E-06
61242.output:case scalar:  16384  6    2     32768************    432  19  1.33860E-02  5.28753E+08  7.04527E-04  1.63085E-06
61243.output:case scalar:  16384  6    4     65536************    864  18  1.81450E-02  7.80147E+08  1.00806E-03  1.16673E-06
61244.output:case scalar:  16384  6    8    131072************   1728  19  2.76384E-02  1.02436E+09  1.45465E-03  8.41812E-07
61245.output:case scalar:  16384  6   16    262144************   3456  19  3.15310E-02  1.79579E+09  1.65953E-03  4.80187E-07
61246.output:case scalar:  16384  6   32    524288************   6912  18  3.41420E-02  3.31692E+09  1.89678E-03  2.74418E-07
61247.output:case scalar:  16384  6   64   1048576************  13824  18  5.29510E-02  4.27739E+09  2.94172E-03  2.12798E-07
61248.output:case scalar:  16384  6  128   2097152************  27648  19  8.71970E-02  5.19496E+09  4.58932E-03  1.65991E-07
61249.output:case scalar:  16384  7    1     16384************    343  10  8.04464E-03  6.98566E+08  8.04464E-04  2.34538E-06
61250.output:case scalar:  16384  7    2     32768************    686  17  1.56793E-02  7.16833E+08  9.22311E-04  1.34448E-06
61251.output:case scalar:  16384  7    4     65536************   1372  17  2.46997E-02  9.10086E+08  1.45292E-03  1.05898E-06
61252.output:case scalar:  16384  7    8    131072************   2744  18  2.48930E-02  1.80603E+09  1.38295E-03  5.03989E-07
61253.output:case scalar:  16384  7   16    262144************   5488  18  2.99873E-02  2.99845E+09  1.66596E-03  3.03565E-07
61254.output:case scalar:  16384  7   32    524288************  10976  18  4.31453E-02  4.16802E+09  2.39696E-03  2.18382E-07
61255.output:case scalar:  16384  7   64   1048576************  21952  18  6.26656E-02  5.73938E+09  3.48142E-03  1.58593E-07
61256.output:case scalar:  16384  7  128   2097152************  43904  18  1.03849E-01  6.92660E+09  5.76941E-03  1.31410E-07
61257.output:case scalar:  16384  8    1     16384************    512  15  1.18857E-02  7.05772E+08  7.92381E-04  1.54762E-06
61258.output:case scalar:  16384  8    2     32768************   1024  16  1.50526E-02  1.11457E+09  9.40790E-04  9.18740E-07
61259.output:case scalar:  16384  8    4     65536************   2048  18  2.09737E-02  1.59984E+09  1.16520E-03  5.68948E-07
61260.output:case scalar:  16384  8    8    131072************   4096  18  2.59830E-02  2.58280E+09  1.44350E-03  3.52417E-07
61261.output:case scalar:  16384  8   16    262144************   8192  18  3.62357E-02  3.70402E+09  2.01309E-03  2.45739E-07
61262.output:case scalar:  16384  8   32    524288************  16384  18  5.45303E-02  4.92268E+09  3.02946E-03  1.84904E-07
61263.output:case scalar:  16384  8   64   1048576************  32768  18  9.10870E-02  5.89404E+09  5.06039E-03  1.54431E-07
61264.output:case scalar:  16384  8  128   2097152************  65536  17  1.60228E-01  6.70134E+09  9.42517E-03  1.43817E-07
61267.output:case scalar:  16384  9    1     16384************    729  10  8.68932E-03  1.37455E+09  8.68932E-04  1.19195E-06
61268.output:case scalar:  16384  9    2     32768************   1458  16  1.63910E-02  1.45738E+09  1.02443E-03  7.02630E-07
61269.output:case scalar:  16384  9    4     65536************   2916  17  2.17097E-02  2.20067E+09  1.27704E-03  4.37942E-07
61270.output:case scalar:  16384  9    8    131072************   5832  17  2.99106E-02  3.19456E+09  1.75945E-03  3.01689E-07
61271.output:case scalar:  16384  9   16    262144************  11664  17  4.07777E-02  4.68646E+09  2.39869E-03  2.05649E-07
61272.output:case scalar:  16384  9   32    524288************  23328  17  6.19770E-02  6.16690E+09  3.64571E-03  1.56280E-07
61273.output:case scalar:  16384  9   64   1048576************  46656  18  1.24200E-01  6.15468E+09  6.90000E-03  1.47891E-07
61274.output:case scalar:  16384  9  128   2097152************  93312  17  2.02505E-01  7.54957E+09  1.19120E-02  1.27658E-07
61275.output:case scalar:  16384 10    1     16384************   1000  15  1.48770E-02  1.10130E+09  9.91800E-04  9.91800E-07
61276.output:case scalar:  16384 10    2     32768************   2000  17  2.12956E-02  1.53872E+09  1.25268E-03  6.26342E-07
61277.output:case scalar:  16384 10    4     65536************   4000  18  2.84340E-02  2.30485E+09  1.57966E-03  3.94916E-07
61278.output:case scalar:  16384 10    8    131072************   8000  18  3.39166E-02  3.86453E+09  1.88426E-03  2.35532E-07
61279.output:case scalar:  16384 10   16    262144************  16000  17  5.13387E-02  5.10617E+09  3.01992E-03  1.88745E-07
61280.output:case scalar:  16384 10   32    524288************  32000  17  7.58607E-02  6.91120E+09  4.46239E-03  1.39450E-07
61281.output:case scalar:  16384 10   64   1048576************  64000  17  1.33828E-01  7.83527E+09  7.87222E-03  1.23003E-07
61282.output:case scalar:  16384 10  128   2097152************ 128000  17  2.72282E-01  7.70213E+09  1.60166E-02  1.25130E-07
