61196.output:case vector:  16384  1    1     16384************      1  21  4.04533E-03  4.05010E+06  1.92635E-04  1.92635E-04
61197.output:case vector:  16384  1    2     32768************      2  30  5.39867E-03  6.06964E+06  1.79956E-04  8.99778E-05
61198.output:case vector:  16384  1    4     65536************      4  32  5.99766E-03  1.09269E+07  1.87427E-04  4.68567E-05
61199.output:case vector:  16384  1    8    131072************      8  33  8.61033E-03  1.52226E+07  2.60919E-04  3.26149E-05
61200.output:case vector:  16384  1   16    262144************     16  33  7.87226E-03  3.32997E+07  2.38553E-04  1.49096E-05
61201.output:case vector:  16384  1   32    524288************     32  33  1.01016E-02  5.19013E+07  3.06110E-04  9.56594E-06
61202.output:case vector:  16384  1   64   1048576************     64  33  1.20333E-02  8.71395E+07  3.64646E-04  5.69759E-06
61203.output:case vector:  16384  1  128   2097152************    128  33  1.79946E-02  1.16543E+08  5.45292E-04  4.26010E-06
61204.output:case vector:  16384  2    1     16384************      8  26  5.06767E-03  2.58644E+07  1.94910E-04  2.43638E-05
61205.output:case vector:  16384  2    2     32768************     16  27  5.29766E-03  4.94830E+07  1.96210E-04  1.22631E-05
61206.output:case vector:  16384  2    4     65536************     32  26  6.15040E-03  8.52445E+07  2.36554E-04  7.39231E-06
61207.output:case vector:  16384  2    8    131072************     64  27  7.32398E-03  1.43170E+08  2.71259E-04  4.23841E-06
61208.output:case vector:  16384  2   16    262144************    128  26  9.13596E-03  2.29549E+08  3.51383E-04  2.74518E-06
61209.output:case vector:  16384  2   32    524288************    256  26  1.09963E-02  3.81427E+08  4.22936E-04  1.65209E-06
61210.output:case vector:  16384  2   64   1048576************    512  25  1.42303E-02  5.89488E+08  5.69213E-04  1.11174E-06
61211.output:case vector:  16384  2  128   2097152************   1024  25  2.13320E-02  7.86480E+08  8.53281E-04  8.33282E-07
61212.output:case vector:  16384  3    1     16384************     27  14  4.19593E-03  1.05428E+08  2.99709E-04  1.11003E-05
61213.output:case vector:  16384  3    2     32768************     54  20  5.87996E-03  1.50466E+08  2.93998E-04  5.44441E-06
61214.output:case vector:  16384  3    4     65536************    108  22  6.24235E-03  2.83462E+08  2.83743E-04  2.62725E-06
61215.output:case vector:  16384  3    8    131072************    216  21  7.12164E-03  4.96928E+08  3.39126E-04  1.57003E-06
61216.output:case vector:  16384  3   16    262144************    432  21  1.00664E-02  7.03124E+08  4.79350E-04  1.10961E-06
61217.output:case vector:  16384  3   32    524288************    864  22  1.28376E-02  1.10268E+09  5.83529E-04  6.75381E-07
61218.output:case vector:  16384  3   64   1048576************   1728  21  1.75747E-02  1.61093E+09  8.36891E-04  4.84312E-07
61219.output:case vector:  16384  3  128   2097152************   3456  21  2.48750E-02  2.27631E+09  1.18452E-03  3.42744E-07
61221.output:case vector:  16384  4    1     16384************     64  19  5.74931E-03  1.82383E+08  3.02595E-04  4.72805E-06
61222.output:case vector:  16384  4    2     32768************    128  20  6.84635E-03  3.06317E+08  3.42317E-04  2.67435E-06
61223.output:case vector:  16384  4    4     65536************    256  20  6.21700E-03  6.74650E+08  3.10850E-04  1.21426E-06
61224.output:case vector:  16384  4    8    131072************    512  20  8.68265E-03  9.66135E+08  4.34132E-04  8.47915E-07
61225.output:case vector:  16384  4   16    262144************   1024  20  1.01647E-02  1.65054E+09  5.08233E-04  4.96321E-07
61226.output:case vector:  16384  4   32    524288************   2048  20  1.57184E-02  2.13473E+09  7.85919E-04  3.83750E-07
61227.output:case vector:  16384  4   64   1048576************   4096  20  2.06587E-02  3.24846E+09  1.03293E-03  2.52181E-07
61228.output:case vector:  16384  4  128   2097152************   8192  20  3.57880E-02  3.75036E+09  1.78940E-03  2.18432E-07
61229.output:case vector:  16384  5    1     16384************    125  11  3.76097E-03  5.44540E+08  3.41907E-04  2.73525E-06
61230.output:case vector:  16384  5    2     32768************    250  17  6.29067E-03  6.51123E+08  3.70040E-04  1.48016E-06
61231.output:case vector:  16384  5    4     65536************    500  19  7.74566E-03  1.05762E+09  4.07666E-04  8.15333E-07
61232.output:case vector:  16384  5    8    131072************   1000  19  9.43605E-03  1.73632E+09  4.96634E-04  4.96634E-07
61233.output:case vector:  16384  5   16    262144************   2000  19  1.19953E-02  2.73173E+09  6.31332E-04  3.15666E-07
61234.output:case vector:  16384  5   32    524288************   4000  19  1.70933E-02  3.83401E+09  8.99650E-04  2.24912E-07
61235.output:case vector:  16384  5   64   1048576************   8000  19  2.80443E-02  4.67375E+09  1.47602E-03  1.84502E-07
61241.output:case vector:  16384  6    1     16384************    216  18  6.67103E-03  5.30494E+08  3.70613E-04  1.71580E-06
61242.output:case vector:  16384  6    2     32768************    432  19  6.71935E-03  1.05336E+09  3.53650E-04  8.18634E-07
61243.output:case vector:  16384  6    4     65536************    864  18  8.90573E-03  1.58951E+09  4.94763E-04  5.72642E-07
61244.output:case vector:  16384  6    8    131072************   1728  19  1.38556E-02  2.04333E+09  7.29243E-04  4.22016E-07
61245.output:case vector:  16384  6   16    262144************   3456  19  1.45296E-02  3.89708E+09  7.64717E-04  2.21272E-07
61246.output:case vector:  16384  6   32    524288************   6912  18  2.19897E-02  5.14997E+09  1.22165E-03  1.76743E-07
61247.output:case vector:  16384  6   64   1048576************  13824  18  3.90227E-02  5.80412E+09  2.16793E-03  1.56823E-07
61248.output:case vector:  16384  6  128   2097152************  27648  19  7.48830E-02  6.04924E+09  3.94121E-03  1.42550E-07
61249.output:case vector:  16384  7    1     16384************    343  10  3.76097E-03  1.49422E+09  3.76097E-04  1.09649E-06
61250.output:case vector:  16384  7    2     32768************    686  17  7.64863E-03  1.46947E+09  4.49919E-04  6.55859E-07
61251.output:case vector:  16384  7    4     65536************   1372  17  1.18616E-02  1.89509E+09  6.97744E-04  5.08560E-07
61252.output:case vector:  16384  7    8    131072************   2744  18  1.31183E-02  3.42709E+09  7.28797E-04  2.65597E-07
61253.output:case vector:  16384  7   16    262144************   5488  18  1.79227E-02  5.01684E+09  9.95707E-04  1.81433E-07
61254.output:case vector:  16384  7   32    524288************  10976  18  2.86463E-02  6.27762E+09  1.59146E-03  1.44995E-07
61255.output:case vector:  16384  7   64   1048576************  21952  18  5.14627E-02  6.98879E+09  2.85904E-03  1.30240E-07
61256.output:case vector:  16384  7  128   2097152************  43904  18  9.32186E-02  7.71652E+09  5.17881E-03  1.17958E-07
61257.output:case vector:  16384  8    1     16384************    512  15  6.21033E-03  1.35075E+09  4.14022E-04  8.08636E-07
61258.output:case vector:  16384  8    2     32768************   1024  16  7.58704E-03  2.21130E+09  4.74190E-04  4.63076E-07
61259.output:case vector:  16384  8    4     65536************   2048  18  1.21573E-02  2.76003E+09  6.75405E-04  3.29787E-07
61260.output:case vector:  16384  8    8    131072************   4096  18  1.64417E-02  4.08163E+09  9.13426E-04  2.23004E-07
61261.output:case vector:  16384  8   16    262144************   8192  18  2.37560E-02  5.64984E+09  1.31978E-03  1.61106E-07
61262.output:case vector:  16384  8   32    524288************  16384  18  4.10184E-02  6.54427E+09  2.27880E-03  1.39087E-07
61263.output:case vector:  16384  8   64   1048576************  32768  18  8.09926E-02  6.62864E+09  4.49959E-03  1.37317E-07
61264.output:case vector:  16384  8  128   2097152************  65536  17  1.53286E-01  7.00483E+09  9.01682E-03  1.37586E-07
61267.output:case vector:  16384  9    1     16384************    729  10  4.50969E-03  2.64851E+09  4.50969E-04  6.18613E-07
61268.output:case vector:  16384  9    2     32768************   1458  16  8.92035E-03  2.67791E+09  5.57522E-04  3.82388E-07
61269.output:case vector:  16384  9    4     65536************   2916  17  1.21824E-02  3.92170E+09  7.16611E-04  2.45752E-07
61270.output:case vector:  16384  9    8    131072************   5832  17  1.86380E-02  5.12671E+09  1.09635E-03  1.87989E-07
61271.output:case vector:  16384  9   16    262144************  11664  17  2.94240E-02  6.49479E+09  1.73083E-03  1.48390E-07
61272.output:case vector:  16384  9   32    524288************  23328  17  5.13550E-02  7.44243E+09  3.02088E-03  1.29496E-07
61273.output:case vector:  16384  9   64   1048576************  46656  18  1.12917E-01  6.76970E+09  6.27315E-03  1.34455E-07
61274.output:case vector:  16384  9  128   2097152************  93312  17  2.04901E-01  7.46128E+09  1.20530E-02  1.29169E-07
61275.output:case vector:  16384 10    1     16384************   1000  15  7.24300E-03  2.26205E+09  4.82866E-04  4.82866E-07
61276.output:case vector:  16384 10    2     32768************   2000  17  1.02990E-02  3.18168E+09  6.05822E-04  3.02911E-07
61277.output:case vector:  16384 10    4     65536************   4000  18  1.59517E-02  4.10840E+09  8.86206E-04  2.21552E-07
61278.output:case vector:  16384 10    8    131072************   8000  18  2.26627E-02  5.78360E+09  1.25904E-03  1.57380E-07
61279.output:case vector:  16384 10   16    262144************  16000  17  3.86007E-02  6.79118E+09  2.27063E-03  1.41914E-07
61280.output:case vector:  16384 10   32    524288************  32000  17  6.86376E-02  7.63849E+09  4.03751E-03  1.26172E-07
61281.output:case vector:  16384 10   64   1048576************  64000  17  1.31069E-01  8.00016E+09  7.70996E-03  1.20468E-07
61282.output:case vector:  16384 10  128   2097152************ 128000  17  2.66146E-01  7.87969E+09  1.56557E-02  1.22310E-07
