 1  512  3  512  0.1997E-07
 1  512  3  512  0.2009E-07
 1  512  3  512  0.2020E-07
 1  512  3  512  0.2014E-07
 1  512  3  512  0.2005E-07
 1  512  4  512  0.8503E-08
 1  512  4  512  0.8445E-08
 1  512  4  512  0.8437E-08
 1  512  4  512  0.8351E-08
 1  512  4  512  0.8445E-08
 1  512  5  512  0.4705E-08
 1  512  5  512  0.4749E-08
 1  512  5  512  0.4779E-08
 1  512  5  512  0.4834E-08
 1  512  5  512  0.4830E-08
 1  512  6  512  0.2792E-08
 1  512  6  512  0.2741E-08
 1  512  6  512  0.2724E-08
 1  512  6  512  0.2721E-08
 1  512  6  512  0.2730E-08
 1  512  7  512  0.1838E-08
 1  512  7  512  0.1836E-08
 1  512  7  512  0.1838E-08
 1  512  7  512  0.1796E-08
 1  512  7  512  0.1832E-08
 1  512  8  512  0.1292E-08
 1  512  8  512  0.1285E-08
 1  512  8  512  0.1288E-08
 1  512  8  512  0.1302E-08
 1  512  8  512  0.1310E-08
 1  512  9  512  0.1004E-08
 1  512  9  512  0.1002E-08
 1  512  9  512  0.1011E-08
 1  512  9  512  0.1013E-08
 1  512  9  512  0.9933E-09
 1  512  10  512  0.8579E-09
 1  512  10  512  0.8666E-09
 1  512  10  512  0.8535E-09
 1  512  10  512  0.8567E-09
 1  512  10  512  0.8571E-09
 1  512  11  512  0.7822E-09
 1  512  11  512  0.7857E-09
 1  512  11  512  0.7785E-09
 1  512  11  512  0.7860E-09
 1  512  11  512  0.7806E-09
 1  512  12  512  0.7307E-09
 1  512  12  512  0.7296E-09
 1  512  12  512  0.7369E-09
 1  512  12  512  0.7337E-09
 1  512  12  512  0.7211E-09
 1  512  13  512  0.7076E-09
 1  512  13  512  0.7113E-09
 1  512  13  512  0.7103E-09
 1  512  13  512  0.7123E-09
 1  512  13  512  0.7080E-09
 1  512  14  512  0.6399E-09
 1  512  14  512  0.6428E-09
 1  512  14  512  0.6535E-09
 1  512  14  512  0.7000E-09
 1  512  14  512  0.6923E-09
 1  512  15  512  0.6414E-09
 1  512  15  512  0.6384E-09
 1  512  15  512  0.6482E-09
 1  512  15  512  0.6478E-09
 1  512  15  512  0.6051E-09
 1  512  16  512  0.5416E-09
 1  512  16  512  0.5216E-09
 1  512  16  512  0.5257E-09
 1  512  16  512  0.5525E-09
 1  512  16  512  0.5650E-09
 1  512  17  512  0.5448E-09
 1  512  17  512  0.5499E-09
 1  512  17  512  0.5502E-09
 1  512  17  512  0.5180E-09
 1  512  17  512  0.5044E-09
 1  512  18  512  0.4959E-09
 1  512  18  512  0.4788E-09
 1  512  18  512  0.5016E-09
 1  512  18  512  0.4965E-09
 1  512  18  512  0.4622E-09
 1  512  19  512  0.4409E-09
 1  512  19  512  0.4571E-09
 1  512  19  512  0.4716E-09
 1  512  19  512  0.4604E-09
 1  512  19  512  0.4621E-09
 1  512  20  512  0.4320E-09
 1  512  20  512  0.4355E-09
 1  512  20  512  0.4362E-09
 1  512  20  512  0.4331E-09
 1  512  20  512  0.4075E-09
