 1  16384  3  16384  0.2279E-08
 1  16384  3  16384  0.2133E-08
 1  16384  3  16384  0.2292E-08
 1  16384  3  16384  0.2089E-08
 1  16384  3  16384  0.2248E-08
 1  16384  4  16384  0.6959E-09
 1  16384  4  16384  0.7708E-09
 1  16384  4  16384  0.8249E-09
 1  16384  4  16384  0.7717E-09
 1  16384  4  16384  0.6947E-09
 1  16384  5  16384  0.4564E-09
 1  16384  5  16384  0.4445E-09
 1  16384  5  16384  0.4432E-09
 1  16384  5  16384  0.4392E-09
 1  16384  5  16384  0.4473E-09
 1  16384  6  16384  0.2338E-09
 1  16384  6  16384  0.2251E-09
 1  16384  6  16384  0.2139E-09
 1  16384  6  16384  0.2225E-09
 1  16384  6  16384  0.2329E-09
 1  16384  7  16384  0.1662E-09
 1  16384  7  16384  0.1606E-09
 1  16384  7  16384  0.1722E-09
 1  16384  7  16384  0.1686E-09
 1  16384  7  16384  0.1582E-09
 1  16384  8  16384  0.1055E-09
 1  16384  8  16384  0.1078E-09
 1  16384  8  16384  0.1110E-09
 1  16384  8  16384  0.1130E-09
 1  16384  8  16384  0.1039E-09
 1  16384  9  16384  0.7948E-10
 1  16384  9  16384  0.8485E-10
 1  16384  9  16384  0.8567E-10
 1  16384  9  16384  0.7843E-10
 1  16384  9  16384  0.8244E-10
 1  16384  10  16384  0.6141E-10
 1  16384  10  16384  0.6254E-10
 1  16384  10  16384  0.6432E-10
 1  16384  10  16384  0.6327E-10
 1  16384  10  16384  0.6153E-10
 1  16384  11  16384  0.5471E-10
 1  16384  11  16384  0.5656E-10
 1  16384  11  16384  0.5662E-10
 1  16384  11  16384  0.5438E-10
 1  16384  11  16384  0.5641E-10
 1  16384  12  16384  0.4767E-10
 1  16384  12  16384  0.4732E-10
 1  16384  12  16384  0.4842E-10
 1  16384  12  16384  0.4811E-10
 1  16384  12  16384  0.4683E-10
 1  16384  13  16384  0.4066E-10
 1  16384  13  16384  0.4139E-10
 1  16384  13  16384  0.4028E-10
 1  16384  13  16384  0.4114E-10
 1  16384  13  16384  0.4147E-10
 1  16384  14  16384  0.3418E-10
 1  16384  14  16384  0.3576E-10
 1  16384  14  16384  0.3370E-10
 1  16384  14  16384  0.3577E-10
 1  16384  14  16384  0.3398E-10
 1  16384  15  16384  0.3051E-10
 1  16384  15  16384  0.2913E-10
 1  16384  15  16384  0.3045E-10
 1  16384  15  16384  0.2886E-10
 1  16384  15  16384  0.2982E-10
 1  16384  16  16384  0.2737E-10
 1  16384  16  16384  0.2719E-10
 1  16384  16  16384  0.2696E-10
 1  16384  16  16384  0.2765E-10
 1  16384  16  16384  0.2691E-10
 1  16384  17  16384  0.2491E-10
 1  16384  17  16384  0.2434E-10
 1  16384  17  16384  0.2499E-10
 1  16384  17  16384  0.2441E-10
 1  16384  17  16384  0.2478E-10
 1  16384  18  16384  0.2207E-10
 1  16384  18  16384  0.2181E-10
 1  16384  18  16384  0.2234E-10
 1  16384  18  16384  0.2179E-10
 1  16384  18  16384  0.2212E-10
 1  16384  20  16384  0.1803E-10
 1  16384  20  16384  0.1799E-10
 1  16384  20  16384  0.1838E-10
 1  16384  20  16384  0.1819E-10
 1  16384  20  16384  0.1797E-10
