 1  16  3  16  0.1136E-06
 1  16  3  16  0.1131E-06
 1  16  3  16  0.1123E-06
 1  16  3  16  0.1120E-06
 1  16  3  16  0.1121E-06
 1  16  4  16  0.5316E-07
 1  16  4  16  0.5340E-07
 1  16  4  16  0.5355E-07
 1  16  4  16  0.5318E-07
 1  16  4  16  0.5359E-07
 1  16  5  16  0.2813E-07
 1  16  5  16  0.2803E-07
 1  16  5  16  0.2840E-07
 1  16  5  16  0.2799E-07
 1  16  5  16  0.2799E-07
 1  16  6  16  0.2080E-07
 1  16  6  16  0.2083E-07
 1  16  6  16  0.2083E-07
 1  16  6  16  0.2079E-07
 1  16  6  16  0.2108E-07
 1  16  7  16  0.1221E-07
 1  16  7  16  0.1231E-07
 1  16  7  16  0.1217E-07
 1  16  7  16  0.1210E-07
 1  16  7  16  0.1210E-07
 1  16  8  16  0.1216E-07
 1  16  8  16  0.1202E-07
 1  16  8  16  0.1198E-07
 1  16  8  16  0.1217E-07
 1  16  8  16  0.1198E-07
 1  16  9  16  0.8186E-08
 1  16  9  16  0.8199E-08
 1  16  9  16  0.8114E-08
 1  16  9  16  0.8158E-08
 1  16  9  16  0.8108E-08
 1  16  10  16  0.7758E-08
 1  16  10  16  0.7760E-08
 1  16  10  16  0.7741E-08
 1  16  10  16  0.7801E-08
 1  16  10  16  0.7774E-08
 1  16  11  16  0.7843E-08
 1  16  11  16  0.7833E-08
 1  16  11  16  0.7857E-08
 1  16  11  16  0.7816E-08
 1  16  11  16  0.7809E-08
 1  16  12  16  0.7676E-08
 1  16  12  16  0.7703E-08
 1  16  12  16  0.7701E-08
 1  16  12  16  0.7693E-08
 1  16  12  16  0.7663E-08
 1  16  13  16  0.8598E-08
 1  16  13  16  0.8614E-08
 1  16  13  16  0.8611E-08
 1  16  13  16  0.8604E-08
 1  16  13  16  0.8594E-08
 1  16  14  16  0.8365E-08
 1  16  14  16  0.8372E-08
 1  16  14  16  0.8367E-08
 1  16  14  16  0.8358E-08
 1  16  14  16  0.8362E-08
 1  16  15  16  0.8461E-08
 1  16  15  16  0.8459E-08
 1  16  15  16  0.8458E-08
 1  16  15  16  0.8472E-08
 1  16  15  16  0.8460E-08
 1  16  16  16  0.7865E-08
 1  16  16  16  0.7886E-08
 1  16  16  16  0.7860E-08
 1  16  16  16  0.7865E-08
 1  16  16  16  0.7856E-08
 1  16  17  16  0.8479E-08
 1  16  17  16  0.8464E-08
 1  16  17  16  0.8457E-08
 1  16  17  16  0.8456E-08
 1  16  17  16  0.8467E-08
 1  16  18  16  0.8021E-08
 1  16  18  16  0.8014E-08
 1  16  18  16  0.8020E-08
 1  16  18  16  0.8024E-08
 1  16  18  16  0.8015E-08
 1  16  19  16  0.7971E-08
 1  16  19  16  0.7975E-08
 1  16  19  16  0.7976E-08
 1  16  19  16  0.7979E-08
 1  16  19  16  0.7971E-08
 1  16  20  16  0.7591E-08
 1  16  20  16  0.7591E-08
 1  16  20  16  0.7592E-08
 1  16  20  16  0.7586E-08
 1  16  20  16  0.7584E-08
