 1  8  3  8  0.1696E-06
 1  8  3  8  0.1680E-06
 1  8  3  8  0.1679E-06
 1  8  3  8  0.1668E-06
 1  8  3  8  0.1679E-06
 1  8  4  8  0.7971E-07
 1  8  4  8  0.7970E-07
 1  8  4  8  0.7969E-07
 1  8  4  8  0.7975E-07
 1  8  4  8  0.7949E-07
 1  8  5  8  0.5569E-07
 1  8  5  8  0.5569E-07
 1  8  5  8  0.5560E-07
 1  8  5  8  0.5550E-07
 1  8  5  8  0.5580E-07
 1  8  6  8  0.3460E-07
 1  8  6  8  0.3472E-07
 1  8  6  8  0.3492E-07
 1  8  6  8  0.3452E-07
 1  8  6  8  0.3467E-07
 1  8  7  8  0.2458E-07
 1  8  7  8  0.2454E-07
 1  8  7  8  0.2445E-07
 1  8  7  8  0.2451E-07
 1  8  7  8  0.2448E-07
 1  8  8  8  0.1978E-07
 1  8  8  8  0.1976E-07
 1  8  8  8  0.1965E-07
 1  8  8  8  0.1969E-07
 1  8  8  8  0.1962E-07
 1  8  9  8  0.1519E-07
 1  8  9  8  0.1511E-07
 1  8  9  8  0.1510E-07
 1  8  9  8  0.1517E-07
 1  8  9  8  0.1506E-07
 1  8  10  8  0.1650E-07
 1  8  10  8  0.1662E-07
 1  8  10  8  0.1645E-07
 1  8  10  8  0.1646E-07
 1  8  10  8  0.1669E-07
 1  8  11  8  0.1436E-07
 1  8  11  8  0.1433E-07
 1  8  11  8  0.1432E-07
 1  8  11  8  0.1439E-07
 1  8  11  8  0.1438E-07
 1  8  12  8  0.1492E-07
 1  8  12  8  0.1496E-07
 1  8  12  8  0.1490E-07
 1  8  12  8  0.1491E-07
 1  8  12  8  0.1489E-07
 1  8  13  8  0.1613E-07
 1  8  13  8  0.1607E-07
 1  8  13  8  0.1609E-07
 1  8  13  8  0.1611E-07
 1  8  13  8  0.1607E-07
 1  8  14  8  0.1564E-07
 1  8  14  8  0.1563E-07
 1  8  14  8  0.1561E-07
 1  8  14  8  0.1562E-07
 1  8  14  8  0.1566E-07
 1  8  15  8  0.1586E-07
 1  8  15  8  0.1588E-07
 1  8  15  8  0.1586E-07
 1  8  15  8  0.1588E-07
 1  8  15  8  0.1592E-07
 1  8  16  8  0.1491E-07
 1  8  16  8  0.1491E-07
 1  8  16  8  0.1493E-07
 1  8  16  8  0.1493E-07
 1  8  16  8  0.1491E-07
 1  8  17  8  0.1618E-07
 1  8  17  8  0.1617E-07
 1  8  17  8  0.1618E-07
 1  8  17  8  0.1614E-07
 1  8  17  8  0.1618E-07
 1  8  18  8  0.1537E-07
 1  8  18  8  0.1540E-07
 1  8  18  8  0.1539E-07
 1  8  18  8  0.1539E-07
 1  8  18  8  0.1537E-07
 1  8  19  8  0.1535E-07
 1  8  19  8  0.1535E-07
 1  8  19  8  0.1536E-07
 1  8  19  8  0.1537E-07
 1  8  19  8  0.1534E-07
 1  8  20  8  0.1455E-07
 1  8  20  8  0.1459E-07
 1  8  20  8  0.1456E-07
 1  8  20  8  0.1456E-07
 1  8  20  8  0.1456E-07
