 1  4096  3  4096  0.4636E-08
 1  4096  3  4096  0.4774E-08
 1  4096  3  4096  0.4844E-08
 1  4096  3  4096  0.4865E-08
 1  4096  3  4096  0.4619E-08
 1  4096  4  4096  0.2234E-08
 1  4096  4  4096  0.2029E-08
 1  4096  4  4096  0.1981E-08
 1  4096  4  4096  0.2108E-08
 1  4096  4  4096  0.2130E-08
 1  4096  5  4096  0.1139E-08
 1  4096  5  4096  0.1135E-08
 1  4096  5  4096  0.1176E-08
 1  4096  5  4096  0.1189E-08
 1  4096  5  4096  0.1094E-08
 1  4096  6  4096  0.6638E-09
 1  4096  6  4096  0.6412E-09
 1  4096  6  4096  0.6590E-09
 1  4096  6  4096  0.6548E-09
 1  4096  6  4096  0.6879E-09
 1  4096  7  4096  0.4219E-09
 1  4096  7  4096  0.4373E-09
 1  4096  7  4096  0.4436E-09
 1  4096  7  4096  0.4281E-09
 1  4096  7  4096  0.4278E-09
 1  4096  8  4096  0.3468E-09
 1  4096  8  4096  0.3327E-09
 1  4096  8  4096  0.3394E-09
 1  4096  8  4096  0.3323E-09
 1  4096  8  4096  0.3527E-09
 1  4096  9  4096  0.2523E-09
 1  4096  9  4096  0.2435E-09
 1  4096  9  4096  0.2405E-09
 1  4096  9  4096  0.2428E-09
 1  4096  9  4096  0.2499E-09
 1  4096  10  4096  0.2018E-09
 1  4096  10  4096  0.1987E-09
 1  4096  10  4096  0.1962E-09
 1  4096  10  4096  0.1989E-09
 1  4096  10  4096  0.2010E-09
 1  4096  11  4096  0.1714E-09
 1  4096  11  4096  0.1749E-09
 1  4096  11  4096  0.1741E-09
 1  4096  11  4096  0.1722E-09
 1  4096  11  4096  0.1762E-09
 1  4096  12  4096  0.1494E-09
 1  4096  12  4096  0.1505E-09
 1  4096  12  4096  0.1493E-09
 1  4096  12  4096  0.1505E-09
 1  4096  12  4096  0.1500E-09
 1  4096  13  4096  0.1331E-09
 1  4096  13  4096  0.1353E-09
 1  4096  13  4096  0.1335E-09
 1  4096  13  4096  0.1333E-09
 1  4096  13  4096  0.1344E-09
 1  4096  14  4096  0.1179E-09
 1  4096  14  4096  0.1177E-09
 1  4096  14  4096  0.1169E-09
 1  4096  14  4096  0.1171E-09
 1  4096  14  4096  0.1158E-09
 1  4096  15  4096  0.1030E-09
 1  4096  15  4096  0.1039E-09
 1  4096  15  4096  0.1038E-09
 1  4096  15  4096  0.1035E-09
 1  4096  15  4096  0.1036E-09
 1  4096  16  4096  0.9280E-10
 1  4096  16  4096  0.9262E-10
 1  4096  16  4096  0.9229E-10
 1  4096  16  4096  0.9284E-10
 1  4096  16  4096  0.9215E-10
 1  4096  17  4096  0.8543E-10
 1  4096  17  4096  0.8581E-10
 1  4096  17  4096  0.8550E-10
 1  4096  17  4096  0.8557E-10
 1  4096  17  4096  0.8580E-10
 1  4096  18  4096  0.7680E-10
 1  4096  18  4096  0.7675E-10
 1  4096  18  4096  0.7714E-10
 1  4096  18  4096  0.7653E-10
 1  4096  18  4096  0.7664E-10
 1  4096  19  4096  0.6992E-10
 1  4096  19  4096  0.7039E-10
 1  4096  19  4096  0.7039E-10
 1  4096  19  4096  0.7053E-10
 1  4096  19  4096  0.7134E-10
 1  4096  20  4096  0.6464E-10
 1  4096  20  4096  0.6461E-10
 1  4096  20  4096  0.6446E-10
 1  4096  20  4096  0.6521E-10
 1  4096  20  4096  0.6456E-10
