 1  1024  3  1024  0.1239E-07
 1  1024  3  1024  0.1241E-07
 1  1024  3  1024  0.1232E-07
 1  1024  3  1024  0.1217E-07
 1  1024  3  1024  0.1222E-07
 1  1024  4  1024  0.5183E-08
 1  1024  4  1024  0.5142E-08
 1  1024  4  1024  0.5134E-08
 1  1024  4  1024  0.5244E-08
 1  1024  4  1024  0.5173E-08
 1  1024  5  1024  0.2918E-08
 1  1024  5  1024  0.2863E-08
 1  1024  5  1024  0.3154E-08
 1  1024  5  1024  0.2971E-08
 1  1024  5  1024  0.2882E-08
 1  1024  6  1024  0.1705E-08
 1  1024  6  1024  0.1872E-08
 1  1024  6  1024  0.1851E-08
 1  1024  6  1024  0.1847E-08
 1  1024  6  1024  0.1857E-08
 1  1024  7  1024  0.1066E-08
 1  1024  7  1024  0.1069E-08
 1  1024  7  1024  0.1067E-08
 1  1024  7  1024  0.1081E-08
 1  1024  7  1024  0.1093E-08
 1  1024  8  1024  0.7818E-09
 1  1024  8  1024  0.7737E-09
 1  1024  8  1024  0.7718E-09
 1  1024  8  1024  0.8005E-09
 1  1024  8  1024  0.8244E-09
 1  1024  9  1024  0.6212E-09
 1  1024  9  1024  0.6029E-09
 1  1024  9  1024  0.6116E-09
 1  1024  9  1024  0.6081E-09
 1  1024  9  1024  0.5997E-09
 1  1024  10  1024  0.5145E-09
 1  1024  10  1024  0.5059E-09
 1  1024  10  1024  0.5108E-09
 1  1024  10  1024  0.5029E-09
 1  1024  10  1024  0.5054E-09
 1  1024  11  1024  0.4782E-09
 1  1024  11  1024  0.4657E-09
 1  1024  11  1024  0.4666E-09
 1  1024  11  1024  0.4599E-09
 1  1024  11  1024  0.4700E-09
 1  1024  12  1024  0.4201E-09
 1  1024  12  1024  0.4220E-09
 1  1024  12  1024  0.4215E-09
 1  1024  12  1024  0.4212E-09
 1  1024  12  1024  0.4224E-09
 1  1024  13  1024  0.4020E-09
 1  1024  13  1024  0.3950E-09
 1  1024  13  1024  0.4038E-09
 1  1024  13  1024  0.4053E-09
 1  1024  13  1024  0.3982E-09
 1  1024  14  1024  0.3557E-09
 1  1024  14  1024  0.3603E-09
 1  1024  14  1024  0.3562E-09
 1  1024  14  1024  0.3586E-09
 1  1024  14  1024  0.3591E-09
 1  1024  15  1024  0.3227E-09
 1  1024  15  1024  0.3263E-09
 1  1024  15  1024  0.3243E-09
 1  1024  15  1024  0.3230E-09
 1  1024  15  1024  0.3230E-09
 1  1024  16  1024  0.3061E-09
 1  1024  16  1024  0.3069E-09
 1  1024  16  1024  0.3067E-09
 1  1024  16  1024  0.3068E-09
 1  1024  16  1024  0.3067E-09
 1  1024  17  1024  0.2894E-09
 1  1024  17  1024  0.2907E-09
 1  1024  17  1024  0.2895E-09
 1  1024  17  1024  0.2888E-09
 1  1024  17  1024  0.2892E-09
 1  1024  18  1024  0.2622E-09
 1  1024  18  1024  0.2647E-09
 1  1024  18  1024  0.2640E-09
 1  1024  18  1024  0.2634E-09
 1  1024  18  1024  0.2632E-09
 1  1024  19  1024  0.2483E-09
 1  1024  19  1024  0.2452E-09
 1  1024  19  1024  0.2462E-09
 1  1024  19  1024  0.2460E-09
 1  1024  19  1024  0.2457E-09
 1  1024  20  1024  0.1888E-09
 1  1024  20  1024  0.1879E-09
 1  1024  20  1024  0.1899E-09
 1  1024  20  1024  0.2305E-09
 1  1024  20  1024  0.2289E-09
