 1  2048  3  2048  0.7229E-08
 1  2048  3  2048  0.7156E-08
 1  2048  3  2048  0.7464E-08
 1  2048  3  2048  0.7702E-08
 1  2048  3  2048  0.7703E-08
 1  2048  4  2048  0.3203E-08
 1  2048  4  2048  0.3246E-08
 1  2048  4  2048  0.3149E-08
 1  2048  4  2048  0.3147E-08
 1  2048  4  2048  0.3145E-08
 1  2048  5  2048  0.1768E-08
 1  2048  5  2048  0.1696E-08
 1  2048  5  2048  0.1871E-08
 1  2048  5  2048  0.1899E-08
 1  2048  5  2048  0.1915E-08
 1  2048  6  2048  0.1118E-08
 1  2048  6  2048  0.1057E-08
 1  2048  6  2048  0.1060E-08
 1  2048  6  2048  0.9987E-09
 1  2048  6  2048  0.1007E-08
 1  2048  7  2048  0.7127E-09
 1  2048  7  2048  0.6771E-09
 1  2048  7  2048  0.7009E-09
 1  2048  7  2048  0.6848E-09
 1  2048  7  2048  0.6373E-09
 1  2048  8  2048  0.5426E-09
 1  2048  8  2048  0.5649E-09
 1  2048  8  2048  0.5473E-09
 1  2048  8  2048  0.5425E-09
 1  2048  8  2048  0.5443E-09
 1  2048  9  2048  0.4249E-09
 1  2048  9  2048  0.4194E-09
 1  2048  9  2048  0.4198E-09
 1  2048  9  2048  0.4163E-09
 1  2048  9  2048  0.4127E-09
 1  2048  10  2048  0.3539E-09
 1  2048  10  2048  0.3438E-09
 1  2048  10  2048  0.3421E-09
 1  2048  10  2048  0.3442E-09
 1  2048  10  2048  0.3513E-09
 1  2048  11  2048  0.3027E-09
 1  2048  11  2048  0.3023E-09
 1  2048  11  2048  0.3089E-09
 1  2048  11  2048  0.3097E-09
 1  2048  11  2048  0.3009E-09
 1  2048  12  2048  0.2652E-09
 1  2048  12  2048  0.2632E-09
 1  2048  12  2048  0.2664E-09
 1  2048  12  2048  0.2683E-09
 1  2048  12  2048  0.2657E-09
 1  2048  13  2048  0.2431E-09
 1  2048  13  2048  0.2406E-09
 1  2048  13  2048  0.2395E-09
 1  2048  13  2048  0.2420E-09
 1  2048  13  2048  0.2420E-09
 1  2048  15  2048  0.1912E-09
 1  2048  15  2048  0.1883E-09
 1  2048  15  2048  0.1884E-09
 1  2048  15  2048  0.1899E-09
 1  2048  15  2048  0.1890E-09
 1  2048  16  2048  0.1688E-09
 1  2048  16  2048  0.1698E-09
 1  2048  16  2048  0.1696E-09
 1  2048  16  2048  0.1689E-09
 1  2048  16  2048  0.1704E-09
 1  2048  17  2048  0.1585E-09
 1  2048  17  2048  0.1589E-09
 1  2048  17  2048  0.1589E-09
 1  2048  17  2048  0.1583E-09
 1  2048  17  2048  0.1576E-09
 1  2048  18  2048  0.1436E-09
 1  2048  18  2048  0.1433E-09
 1  2048  18  2048  0.1426E-09
 1  2048  18  2048  0.1431E-09
 1  2048  18  2048  0.1427E-09
 1  2048  19  2048  0.1325E-09
 1  2048  19  2048  0.1314E-09
 1  2048  19  2048  0.1325E-09
 1  2048  19  2048  0.1310E-09
 1  2048  19  2048  0.1320E-09
 1  2048  20  2048  0.1221E-09
 1  2048  20  2048  0.1233E-09
 1  2048  20  2048  0.1223E-09
 1  2048  20  2048  0.1222E-09
 1  2048  20  2048  0.1224E-09
