 2  128  3  256  0.2710E-07
 2  128  3  256  0.2715E-07
 2  128  3  256  0.2742E-07
 2  128  3  256  0.2675E-07
 2  128  3  256  0.2754E-07
 2  128  4  256  0.1172E-07
 2  128  4  256  0.1184E-07
 2  128  4  256  0.1170E-07
 2  128  4  256  0.1166E-07
 2  128  4  256  0.1169E-07
 2  128  5  256  0.6371E-08
 2  128  5  256  0.6342E-08
 2  128  5  256  0.6336E-08
 2  128  5  256  0.6361E-08
 2  128  5  256  0.6328E-08
 2  128  6  256  0.4024E-08
 2  128  6  256  0.4015E-08
 2  128  6  256  0.3982E-08
 2  128  6  256  0.3971E-08
 2  128  6  256  0.3987E-08
 2  128  7  256  0.2811E-08
 2  128  7  256  0.2827E-08
 2  128  7  256  0.2811E-08
 2  128  7  256  0.2799E-08
 2  128  7  256  0.2822E-08
 2  128  8  256  0.2311E-08
 2  128  8  256  0.2331E-08
 2  128  8  256  0.2305E-08
 2  128  8  256  0.2314E-08
 2  128  8  256  0.2302E-08
 2  128  9  256  0.2105E-08
 2  128  9  256  0.2092E-08
 2  128  9  256  0.2094E-08
 2  128  9  256  0.2093E-08
 2  128  9  256  0.2092E-08
 2  128  10  256  0.2038E-08
 2  128  10  256  0.2041E-08
 2  128  10  256  0.2032E-08
 2  128  10  256  0.2036E-08
 2  128  10  256  0.2018E-08
 2  128  11  256  0.1956E-08
 2  128  11  256  0.1951E-08
 2  128  11  256  0.1947E-08
 2  128  11  256  0.1957E-08
 2  128  11  256  0.1961E-08
 2  128  12  256  0.1716E-08
 2  128  12  256  0.1721E-08
 2  128  12  256  0.1722E-08
 2  128  12  256  0.1715E-08
 2  128  12  256  0.1711E-08
 2  128  13  256  0.1594E-08
 2  128  13  256  0.1596E-08
 2  128  13  256  0.1599E-08
 2  128  13  256  0.1599E-08
 2  128  13  256  0.1593E-08
 2  128  14  256  0.1431E-08
 2  128  14  256  0.1435E-08
 2  128  14  256  0.1437E-08
 2  128  14  256  0.1432E-08
 2  128  14  256  0.1433E-08
 2  128  15  256  0.1430E-08
 2  128  15  256  0.1397E-08
 2  128  15  256  0.1458E-08
 2  128  15  256  0.1451E-08
 2  128  15  256  0.1449E-08
 2  128  16  256  0.1307E-08
 2  128  16  256  0.1341E-08
 2  128  16  256  0.1328E-08
 2  128  16  256  0.1332E-08
 2  128  16  256  0.1330E-08
 2  128  17  256  0.1379E-08
 2  128  17  256  0.1323E-08
 2  128  17  256  0.1309E-08
 2  128  17  256  0.1371E-08
 2  128  17  256  0.1379E-08
 2  128  18  256  0.1279E-08
 2  128  18  256  0.1270E-08
 2  128  18  256  0.1284E-08
 2  128  18  256  0.1250E-08
 2  128  18  256  0.1245E-08
 2  128  19  256  0.1238E-08
 2  128  19  256  0.1263E-08
 2  128  19  256  0.1245E-08
 2  128  19  256  0.1262E-08
 2  128  19  256  0.1255E-08
 2  128  20  256  0.1223E-08
 2  128  20  256  0.1216E-08
 2  128  20  256  0.1228E-08
 2  128  20  256  0.1177E-08
 2  128  20  256  0.1207E-08
