 2  2  3  4  0.2801E-06
 2  2  3  4  0.2802E-06
 2  2  3  4  0.2803E-06
 2  2  3  4  0.2782E-06
 2  2  3  4  0.2773E-06
 2  2  4  4  0.1489E-06
 2  2  4  4  0.1507E-06
 2  2  4  4  0.1486E-06
 2  2  4  4  0.1491E-06
 2  2  4  4  0.1501E-06
 2  2  5  4  0.9581E-07
 2  2  5  4  0.9559E-07
 2  2  5  4  0.9569E-07
 2  2  5  4  0.9547E-07
 2  2  5  4  0.9561E-07
 2  2  6  4  0.6543E-07
 2  2  6  4  0.6566E-07
 2  2  6  4  0.6544E-07
 2  2  6  4  0.6552E-07
 2  2  6  4  0.6551E-07
 2  2  7  4  0.5186E-07
 2  2  7  4  0.5159E-07
 2  2  7  4  0.5164E-07
 2  2  7  4  0.5162E-07
 2  2  7  4  0.5182E-07
 2  2  8  4  0.4395E-07
 2  2  8  4  0.4437E-07
 2  2  8  4  0.4384E-07
 2  2  8  4  0.4379E-07
 2  2  8  4  0.4376E-07
 2  2  9  4  0.4330E-07
 2  2  9  4  0.4341E-07
 2  2  9  4  0.4316E-07
 2  2  9  4  0.4330E-07
 2  2  9  4  0.4321E-07
 2  2  10  4  0.5183E-07
 2  2  10  4  0.5170E-07
 2  2  10  4  0.5173E-07
 2  2  10  4  0.5184E-07
 2  2  10  4  0.5174E-07
 2  2  11  4  0.5542E-07
 2  2  11  4  0.5534E-07
 2  2  11  4  0.5540E-07
 2  2  11  4  0.5544E-07
 2  2  11  4  0.5530E-07
 2  2  12  4  0.5226E-07
 2  2  12  4  0.5212E-07
 2  2  12  4  0.5221E-07
 2  2  12  4  0.5222E-07
 2  2  12  4  0.5215E-07
 2  2  13  4  0.5266E-07
 2  2  13  4  0.5267E-07
 2  2  13  4  0.5269E-07
 2  2  13  4  0.5273E-07
 2  2  13  4  0.5261E-07
 2  2  14  4  0.4922E-07
 2  2  14  4  0.4918E-07
 2  2  14  4  0.4922E-07
 2  2  14  4  0.4925E-07
 2  2  14  4  0.4917E-07
 2  2  15  4  0.5015E-07
 2  2  15  4  0.5018E-07
 2  2  15  4  0.5013E-07
 2  2  15  4  0.5014E-07
 2  2  15  4  0.5008E-07
 2  2  16  4  0.4872E-07
 2  2  16  4  0.4871E-07
 2  2  16  4  0.4882E-07
 2  2  16  4  0.4875E-07
 2  2  16  4  0.4873E-07
 2  2  17  4  0.5420E-07
 2  2  17  4  0.5429E-07
 2  2  17  4  0.5421E-07
 2  2  17  4  0.5418E-07
 2  2  17  4  0.5433E-07
 2  2  18  4  0.5268E-07
 2  2  18  4  0.5270E-07
 2  2  18  4  0.5267E-07
 2  2  18  4  0.5267E-07
 2  2  18  4  0.5268E-07
 2  2  19  4  0.5401E-07
 2  2  19  4  0.5405E-07
 2  2  19  4  0.5402E-07
 2  2  19  4  0.5403E-07
 2  2  19  4  0.5404E-07
 2  2  20  4  0.5271E-07
 2  2  20  4  0.5264E-07
 2  2  20  4  0.5269E-07
 2  2  20  4  0.5265E-07
 2  2  20  4  0.5268E-07
