 2  4096  3  8192  0.2231E-08
 2  4096  3  8192  0.2284E-08
 2  4096  3  8192  0.2335E-08
 2  4096  3  8192  0.2331E-08
 2  4096  3  8192  0.2387E-08
 2  4096  4  8192  0.1108E-08
 2  4096  4  8192  0.1104E-08
 2  4096  4  8192  0.1147E-08
 2  4096  4  8192  0.1148E-08
 2  4096  4  8192  0.1127E-08
 2  4096  5  8192  0.6021E-09
 2  4096  5  8192  0.6048E-09
 2  4096  5  8192  0.6027E-09
 2  4096  5  8192  0.5981E-09
 2  4096  5  8192  0.5884E-09
 2  4096  6  8192  0.3598E-09
 2  4096  6  8192  0.3645E-09
 2  4096  6  8192  0.3986E-09
 2  4096  6  8192  0.3926E-09
 2  4096  6  8192  0.3906E-09
 2  4096  7  8192  0.2459E-09
 2  4096  7  8192  0.2514E-09
 2  4096  7  8192  0.2585E-09
 2  4096  7  8192  0.2598E-09
 2  4096  7  8192  0.2500E-09
 2  4096  8  8192  0.1954E-09
 2  4096  8  8192  0.2051E-09
 2  4096  8  8192  0.1996E-09
 2  4096  8  8192  0.1981E-09
 2  4096  8  8192  0.1982E-09
 2  4096  9  8192  0.1635E-09
 2  4096  9  8192  0.1655E-09
 2  4096  9  8192  0.1709E-09
 2  4096  9  8192  0.1655E-09
 2  4096  9  8192  0.1631E-09
 2  4096  10  8192  0.1418E-09
 2  4096  10  8192  0.1415E-09
 2  4096  10  8192  0.1408E-09
 2  4096  10  8192  0.1421E-09
 2  4096  10  8192  0.1410E-09
 2  4096  11  8192  0.1219E-09
 2  4096  11  8192  0.1229E-09
 2  4096  11  8192  0.1218E-09
 2  4096  11  8192  0.1207E-09
 2  4096  11  8192  0.1225E-09
 2  4096  12  8192  0.1023E-09
 2  4096  12  8192  0.1027E-09
 2  4096  12  8192  0.1020E-09
 2  4096  12  8192  0.1023E-09
 2  4096  12  8192  0.1022E-09
 2  4096  13  8192  0.8951E-10
 2  4096  13  8192  0.8899E-10
 2  4096  13  8192  0.8857E-10
 2  4096  13  8192  0.8858E-10
 2  4096  13  8192  0.8834E-10
 2  4096  14  8192  0.7587E-10
 2  4096  14  8192  0.7606E-10
 2  4096  14  8192  0.7565E-10
 2  4096  14  8192  0.7643E-10
 2  4096  14  8192  0.7598E-10
 2  4096  15  8192  0.6834E-10
 2  4096  15  8192  0.6834E-10
 2  4096  15  8192  0.6852E-10
 2  4096  15  8192  0.6849E-10
 2  4096  15  8192  0.6816E-10
 2  4096  16  8192  0.6135E-10
 2  4096  16  8192  0.6165E-10
 2  4096  16  8192  0.6142E-10
 2  4096  16  8192  0.6164E-10
 2  4096  16  8192  0.6123E-10
 2  4096  17  8192  0.5822E-10
 2  4096  17  8192  0.5823E-10
 2  4096  17  8192  0.5875E-10
 2  4096  17  8192  0.5879E-10
 2  4096  17  8192  0.5884E-10
 2  4096  18  8192  0.5367E-10
 2  4096  18  8192  0.5371E-10
 2  4096  18  8192  0.5400E-10
 2  4096  18  8192  0.5397E-10
 2  4096  18  8192  0.5381E-10
 2  4096  19  8192  0.5133E-10
 2  4096  19  8192  0.5134E-10
 2  4096  19  8192  0.5119E-10
 2  4096  19  8192  0.5140E-10
 2  4096  19  8192  0.5124E-10
 2  4096  20  8192  0.4816E-10
 2  4096  20  8192  0.4817E-10
 2  4096  20  8192  0.4798E-10
 2  4096  20  8192  0.4851E-10
 2  4096  20  8192  0.4854E-10
