 2  8  3  16  0.1140E-06
 2  8  3  16  0.1124E-06
 2  8  3  16  0.1139E-06
 2  8  3  16  0.1126E-06
 2  8  3  16  0.1120E-06
 2  8  4  16  0.5620E-07
 2  8  4  16  0.5623E-07
 2  8  4  16  0.5609E-07
 2  8  4  16  0.5609E-07
 2  8  4  16  0.5611E-07
 2  8  5  16  0.3591E-07
 2  8  5  16  0.3589E-07
 2  8  5  16  0.3597E-07
 2  8  5  16  0.3588E-07
 2  8  5  16  0.3584E-07
 2  8  6  16  0.2064E-07
 2  8  6  16  0.2061E-07
 2  8  6  16  0.2061E-07
 2  8  6  16  0.2059E-07
 2  8  6  16  0.2056E-07
 2  8  7  16  0.1921E-07
 2  8  7  16  0.1917E-07
 2  8  7  16  0.1920E-07
 2  8  7  16  0.1923E-07
 2  8  7  16  0.1920E-07
 2  8  8  16  0.1714E-07
 2  8  8  16  0.1710E-07
 2  8  8  16  0.1726E-07
 2  8  8  16  0.1713E-07
 2  8  8  16  0.1705E-07
 2  8  9  16  0.1435E-07
 2  8  9  16  0.1436E-07
 2  8  9  16  0.1438E-07
 2  8  9  16  0.1433E-07
 2  8  9  16  0.1437E-07
 2  8  10  16  0.1531E-07
 2  8  10  16  0.1534E-07
 2  8  10  16  0.1532E-07
 2  8  10  16  0.1527E-07
 2  8  10  16  0.1531E-07
 2  8  11  16  0.1639E-07
 2  8  11  16  0.1640E-07
 2  8  11  16  0.1640E-07
 2  8  11  16  0.1642E-07
 2  8  11  16  0.1640E-07
 2  8  12  16  0.1516E-07
 2  8  12  16  0.1509E-07
 2  8  12  16  0.1511E-07
 2  8  12  16  0.1511E-07
 2  8  12  16  0.1513E-07
 2  8  13  16  0.1495E-07
 2  8  13  16  0.1497E-07
 2  8  13  16  0.1497E-07
 2  8  13  16  0.1495E-07
 2  8  13  16  0.1497E-07
 2  8  14  16  0.1383E-07
 2  8  14  16  0.1382E-07
 2  8  14  16  0.1383E-07
 2  8  14  16  0.1381E-07
 2  8  14  16  0.1382E-07
 2  8  15  16  0.1395E-07
 2  8  15  16  0.1395E-07
 2  8  15  16  0.1394E-07
 2  8  15  16  0.1399E-07
 2  8  15  16  0.1394E-07
 2  8  16  16  0.1337E-07
 2  8  16  16  0.1340E-07
 2  8  16  16  0.1338E-07
 2  8  16  16  0.1337E-07
 2  8  16  16  0.1340E-07
 2  8  17  16  0.1466E-07
 2  8  17  16  0.1465E-07
 2  8  17  16  0.1465E-07
 2  8  17  16  0.1466E-07
 2  8  17  16  0.1465E-07
 2  8  18  16  0.1422E-07
 2  8  18  16  0.1421E-07
 2  8  18  16  0.1422E-07
 2  8  18  16  0.1422E-07
 2  8  18  16  0.1422E-07
 2  8  19  16  0.1440E-07
 2  8  19  16  0.1440E-07
 2  8  19  16  0.1441E-07
 2  8  19  16  0.1441E-07
 2  8  19  16  0.1440E-07
 2  8  20  16  0.1380E-07
 2  8  20  16  0.1379E-07
 2  8  20  16  0.1379E-07
 2  8  20  16  0.1379E-07
 2  8  20  16  0.1379E-07
