 4  256  3  1024  0.9096E-08
 4  256  3  1024  0.8859E-08
 4  256  3  1024  0.8864E-08
 4  256  3  1024  0.8953E-08
 4  256  3  1024  0.8936E-08
 4  256  4  1024  0.3954E-08
 4  256  4  1024  0.3971E-08
 4  256  4  1024  0.3948E-08
 4  256  4  1024  0.3963E-08
 4  256  4  1024  0.3971E-08
 4  256  5  1024  0.2293E-08
 4  256  5  1024  0.2280E-08
 4  256  5  1024  0.2248E-08
 4  256  5  1024  0.2264E-08
 4  256  5  1024  0.2263E-08
 4  256  6  1024  0.1571E-08
 4  256  6  1024  0.1587E-08
 4  256  6  1024  0.1577E-08
 4  256  6  1024  0.1577E-08
 4  256  6  1024  0.1591E-08
 4  256  7  1024  0.1294E-08
 4  256  7  1024  0.1315E-08
 4  256  7  1024  0.1336E-08
 4  256  7  1024  0.1300E-08
 4  256  7  1024  0.1288E-08
 4  256  8  1024  0.1211E-08
 4  256  8  1024  0.1201E-08
 4  256  8  1024  0.1199E-08
 4  256  8  1024  0.1200E-08
 4  256  8  1024  0.1192E-08
 4  256  9  1024  0.1072E-08
 4  256  9  1024  0.1072E-08
 4  256  9  1024  0.1073E-08
 4  256  9  1024  0.1074E-08
 4  256  9  1024  0.1074E-08
 4  256  10  1024  0.9422E-09
 4  256  10  1024  0.9478E-09
 4  256  10  1024  0.9497E-09
 4  256  10  1024  0.9399E-09
 4  256  10  1024  0.9520E-09
 4  256  11  1024  0.8269E-09
 4  256  11  1024  0.8313E-09
 4  256  11  1024  0.8287E-09
 4  256  11  1024  0.8285E-09
 4  256  11  1024  0.8329E-09
 4  256  12  1024  0.7383E-09
 4  256  12  1024  0.7365E-09
 4  256  12  1024  0.7354E-09
 4  256  12  1024  0.7355E-09
 4  256  12  1024  0.7374E-09
 4  256  13  1024  0.7025E-09
 4  256  13  1024  0.7045E-09
 4  256  13  1024  0.7074E-09
 4  256  13  1024  0.7119E-09
 4  256  13  1024  0.7108E-09
 4  256  14  1024  0.6461E-09
 4  256  14  1024  0.6453E-09
 4  256  14  1024  0.6532E-09
 4  256  14  1024  0.6231E-09
 4  256  14  1024  0.6195E-09
 4  256  15  1024  0.5880E-09
 4  256  15  1024  0.5901E-09
 4  256  15  1024  0.6118E-09
 4  256  15  1024  0.6065E-09
 4  256  15  1024  0.6153E-09
 4  256  16  1024  0.6105E-09
 4  256  16  1024  0.6100E-09
 4  256  16  1024  0.6124E-09
 4  256  16  1024  0.6204E-09
 4  256  16  1024  0.5925E-09
 4  256  17  1024  0.6035E-09
 4  256  17  1024  0.6233E-09
 4  256  17  1024  0.6194E-09
 4  256  17  1024  0.6118E-09
 4  256  17  1024  0.6080E-09
 4  256  18  1024  0.5898E-09
 4  256  18  1024  0.5944E-09
 4  256  18  1024  0.5852E-09
 4  256  18  1024  0.5960E-09
 4  256  18  1024  0.5936E-09
 4  256  19  1024  0.5907E-09
 4  256  19  1024  0.5780E-09
 4  256  19  1024  0.5873E-09
 4  256  19  1024  0.5891E-09
 4  256  19  1024  0.5875E-09
 4  256  20  1024  0.5663E-09
 4  256  20  1024  0.5745E-09
 4  256  20  1024  0.5701E-09
 4  256  20  1024  0.5681E-09
 4  256  20  1024  0.5688E-09
