 4  1024  3  4096  0.3282E-08
 4  1024  3  4096  0.3276E-08
 4  1024  3  4096  0.3247E-08
 4  1024  3  4096  0.3237E-08
 4  1024  3  4096  0.3281E-08
 4  1024  4  4096  0.1441E-08
 4  1024  4  4096  0.1428E-08
 4  1024  4  4096  0.1552E-08
 4  1024  4  4096  0.1469E-08
 4  1024  4  4096  0.1480E-08
 4  1024  5  4096  0.8581E-09
 4  1024  5  4096  0.8535E-09
 4  1024  5  4096  0.8403E-09
 4  1024  5  4096  0.8303E-09
 4  1024  5  4096  0.8308E-09
 4  1024  6  4096  0.6196E-09
 4  1024  6  4096  0.6255E-09
 4  1024  6  4096  0.6189E-09
 4  1024  6  4096  0.6112E-09
 4  1024  6  4096  0.6084E-09
 4  1024  7  4096  0.4709E-09
 4  1024  7  4096  0.5127E-09
 4  1024  7  4096  0.4915E-09
 4  1024  7  4096  0.4902E-09
 4  1024  7  4096  0.4887E-09
 4  1024  8  4096  0.4556E-09
 4  1024  8  4096  0.4572E-09
 4  1024  8  4096  0.4581E-09
 4  1024  8  4096  0.4640E-09
 4  1024  8  4096  0.4450E-09
 4  1024  9  4096  0.3655E-09
 4  1024  9  4096  0.3710E-09
 4  1024  9  4096  0.3635E-09
 4  1024  9  4096  0.3656E-09
 4  1024  9  4096  0.3705E-09
 4  1024  10  4096  0.3067E-09
 4  1024  10  4096  0.3053E-09
 4  1024  10  4096  0.3055E-09
 4  1024  10  4096  0.3048E-09
 4  1024  10  4096  0.3036E-09
 4  1024  11  4096  0.2661E-09
 4  1024  11  4096  0.2652E-09
 4  1024  11  4096  0.2671E-09
 4  1024  11  4096  0.2665E-09
 4  1024  11  4096  0.2669E-09
 4  1024  12  4096  0.2341E-09
 4  1024  12  4096  0.2339E-09
 4  1024  12  4096  0.2334E-09
 4  1024  12  4096  0.2338E-09
 4  1024  12  4096  0.2334E-09
 4  1024  13  4096  0.2082E-09
 4  1024  13  4096  0.2080E-09
 4  1024  13  4096  0.2081E-09
 4  1024  13  4096  0.2087E-09
 4  1024  13  4096  0.2082E-09
 4  1024  14  4096  0.1846E-09
 4  1024  14  4096  0.1847E-09
 4  1024  14  4096  0.1849E-09
 4  1024  14  4096  0.1856E-09
 4  1024  14  4096  0.1860E-09
 4  1024  15  4096  0.1745E-09
 4  1024  15  4096  0.1751E-09
 4  1024  15  4096  0.1743E-09
 4  1024  15  4096  0.1740E-09
 4  1024  15  4096  0.1742E-09
 4  1024  16  4096  0.1710E-09
 4  1024  16  4096  0.1721E-09
 4  1024  16  4096  0.1708E-09
 4  1024  16  4096  0.1712E-09
 4  1024  16  4096  0.1715E-09
 4  1024  17  4096  0.1668E-09
 4  1024  17  4096  0.1676E-09
 4  1024  17  4096  0.1677E-09
 4  1024  17  4096  0.1676E-09
 4  1024  17  4096  0.1681E-09
 4  1024  18  4096  0.1583E-09
 4  1024  18  4096  0.1584E-09
 4  1024  18  4096  0.1580E-09
 4  1024  18  4096  0.1575E-09
 4  1024  18  4096  0.1581E-09
 4  1024  20  4096  0.1546E-09
 4  1024  20  4096  0.1552E-09
 4  1024  20  4096  0.1548E-09
 4  1024  20  4096  0.1554E-09
 4  1024  20  4096  0.1532E-09
