 4  4096  3  16384  0.1324E-08
 4  4096  3  16384  0.1319E-08
 4  4096  3  16384  0.1351E-08
 4  4096  3  16384  0.1337E-08
 4  4096  3  16384  0.1312E-08
 4  4096  4  16384  0.6299E-09
 4  4096  4  16384  0.6440E-09
 4  4096  4  16384  0.6307E-09
 4  4096  4  16384  0.5738E-09
 4  4096  4  16384  0.6012E-09
 4  4096  6  16384  0.2599E-09
 4  4096  6  16384  0.2490E-09
 4  4096  6  16384  0.2537E-09
 4  4096  6  16384  0.2468E-09
 4  4096  6  16384  0.2425E-09
 4  4096  7  16384  0.1882E-09
 4  4096  7  16384  0.1947E-09
 4  4096  7  16384  0.1855E-09
 4  4096  7  16384  0.1750E-09
 4  4096  7  16384  0.1770E-09
 4  4096  8  16384  0.1399E-09
 4  4096  8  16384  0.1422E-09
 4  4096  8  16384  0.1379E-09
 4  4096  8  16384  0.1402E-09
 4  4096  8  16384  0.1398E-09
 4  4096  9  16384  0.1139E-09
 4  4096  9  16384  0.1155E-09
 4  4096  9  16384  0.1158E-09
 4  4096  9  16384  0.1139E-09
 4  4096  9  16384  0.1161E-09
 4  4096  10  16384  0.9571E-10
 4  4096  10  16384  0.9481E-10
 4  4096  10  16384  0.9490E-10
 4  4096  10  16384  0.9448E-10
 4  4096  10  16384  0.9487E-10
 4  4096  11  16384  0.7968E-10
 4  4096  11  16384  0.7876E-10
 4  4096  11  16384  0.7936E-10
 4  4096  11  16384  0.7943E-10
 4  4096  11  16384  0.7917E-10
 4  4096  12  16384  0.6748E-10
 4  4096  12  16384  0.6720E-10
 4  4096  12  16384  0.6710E-10
 4  4096  12  16384  0.6782E-10
 4  4096  12  16384  0.6725E-10
 4  4096  13  16384  0.5951E-10
 4  4096  13  16384  0.5934E-10
 4  4096  13  16384  0.5912E-10
 4  4096  13  16384  0.5932E-10
 4  4096  13  16384  0.5915E-10
 4  4096  14  16384  0.5209E-10
 4  4096  14  16384  0.5244E-10
 4  4096  14  16384  0.5199E-10
 4  4096  14  16384  0.5228E-10
 4  4096  14  16384  0.5248E-10
 4  4096  15  16384  0.4891E-10
 4  4096  15  16384  0.4854E-10
 4  4096  15  16384  0.4883E-10
 4  4096  15  16384  0.4891E-10
 4  4096  15  16384  0.4859E-10
 4  4096  16  16384  0.4642E-10
 4  4096  16  16384  0.4636E-10
 4  4096  16  16384  0.4627E-10
 4  4096  16  16384  0.4622E-10
 4  4096  16  16384  0.4648E-10
 4  4096  17  16384  0.4499E-10
 4  4096  17  16384  0.4516E-10
 4  4096  17  16384  0.4508E-10
 4  4096  17  16384  0.4503E-10
 4  4096  17  16384  0.4537E-10
 4  4096  18  16384  0.4257E-10
 4  4096  18  16384  0.4253E-10
 4  4096  18  16384  0.4247E-10
 4  4096  18  16384  0.4235E-10
 4  4096  18  16384  0.4279E-10
 4  4096  19  16384  0.4136E-10
 4  4096  19  16384  0.4138E-10
 4  4096  19  16384  0.4155E-10
 4  4096  19  16384  0.4143E-10
 4  4096  19  16384  0.4162E-10
 4  4096  20  16384  0.4078E-10
 4  4096  20  16384  0.4078E-10
 4  4096  20  16384  0.4044E-10
 4  4096  20  16384  0.4088E-10
 4  4096  20  16384  0.4071E-10
