 4  1  3  4  0.1919E-06
 4  1  3  4  0.1906E-06
 4  1  3  4  0.1913E-06
 4  1  3  4  0.1912E-06
 4  1  3  4  0.1914E-06
 4  1  4  4  0.1258E-06
 4  1  4  4  0.1262E-06
 4  1  4  4  0.1277E-06
 4  1  4  4  0.1278E-06
 4  1  4  4  0.1268E-06
 4  1  5  4  0.9891E-07
 4  1  5  4  0.9905E-07
 4  1  5  4  0.9915E-07
 4  1  5  4  0.9909E-07
 4  1  5  4  0.9884E-07
 4  1  6  4  0.7606E-07
 4  1  6  4  0.7618E-07
 4  1  6  4  0.7615E-07
 4  1  6  4  0.7605E-07
 4  1  6  4  0.7614E-07
 4  1  7  4  0.6740E-07
 4  1  7  4  0.6734E-07
 4  1  7  4  0.6741E-07
 4  1  7  4  0.6713E-07
 4  1  7  4  0.6734E-07
 4  1  8  4  0.6374E-07
 4  1  8  4  0.6377E-07
 4  1  8  4  0.6374E-07
 4  1  8  4  0.6358E-07
 4  1  8  4  0.6360E-07
 4  1  9  4  0.5980E-07
 4  1  9  4  0.5974E-07
 4  1  9  4  0.5995E-07
 4  1  9  4  0.5969E-07
 4  1  9  4  0.5963E-07
 4  1  10  4  0.6335E-07
 4  1  10  4  0.6321E-07
 4  1  10  4  0.6323E-07
 4  1  10  4  0.6338E-07
 4  1  10  4  0.6306E-07
 4  1  11  4  0.7269E-07
 4  1  11  4  0.7278E-07
 4  1  11  4  0.7239E-07
 4  1  11  4  0.7245E-07
 4  1  11  4  0.7238E-07
 4  1  12  4  0.7035E-07
 4  1  12  4  0.7042E-07
 4  1  12  4  0.7030E-07
 4  1  12  4  0.7034E-07
 4  1  12  4  0.7035E-07
 4  1  13  4  0.7505E-07
 4  1  13  4  0.7507E-07
 4  1  13  4  0.7505E-07
 4  1  13  4  0.7500E-07
 4  1  13  4  0.7501E-07
 4  1  14  4  0.7186E-07
 4  1  14  4  0.7190E-07
 4  1  14  4  0.7193E-07
 4  1  14  4  0.7187E-07
 4  1  14  4  0.7186E-07
 4  1  15  4  0.7541E-07
 4  1  15  4  0.7545E-07
 4  1  15  4  0.7560E-07
 4  1  15  4  0.7538E-07
 4  1  15  4  0.7542E-07
 4  1  16  4  0.7270E-07
 4  1  16  4  0.7277E-07
 4  1  16  4  0.7281E-07
 4  1  16  4  0.7271E-07
 4  1  16  4  0.7272E-07
 4  1  17  4  0.8556E-07
 4  1  17  4  0.8557E-07
 4  1  17  4  0.8557E-07
 4  1  17  4  0.8550E-07
 4  1  17  4  0.8556E-07
 4  1  18  4  0.8334E-07
 4  1  18  4  0.8333E-07
 4  1  18  4  0.8331E-07
 4  1  18  4  0.8333E-07
 4  1  18  4  0.8330E-07
 4  1  19  4  0.8512E-07
 4  1  19  4  0.8518E-07
 4  1  19  4  0.8506E-07
 4  1  19  4  0.8510E-07
 4  1  19  4  0.8506E-07
 4  1  20  4  0.8039E-07
 4  1  20  4  0.8045E-07
 4  1  20  4  0.8042E-07
 4  1  20  4  0.8042E-07
 4  1  20  4  0.8038E-07
