 4  32  3  128  0.1881E-07
 4  32  3  128  0.1864E-07
 4  32  3  128  0.1887E-07
 4  32  3  128  0.1872E-07
 4  32  3  128  0.1873E-07
 4  32  4  128  0.9326E-08
 4  32  4  128  0.9295E-08
 4  32  4  128  0.9387E-08
 4  32  4  128  0.9316E-08
 4  32  4  128  0.9303E-08
 4  32  5  128  0.6126E-08
 4  32  5  128  0.6152E-08
 4  32  5  128  0.6167E-08
 4  32  5  128  0.6125E-08
 4  32  5  128  0.6172E-08
 4  32  6  128  0.4567E-08
 4  32  6  128  0.4567E-08
 4  32  6  128  0.4527E-08
 4  32  6  128  0.4531E-08
 4  32  6  128  0.4520E-08
 4  32  7  128  0.4151E-08
 4  32  7  128  0.4129E-08
 4  32  7  128  0.4122E-08
 4  32  7  128  0.4145E-08
 4  32  7  128  0.4111E-08
 4  32  8  128  0.4523E-08
 4  32  8  128  0.4511E-08
 4  32  8  128  0.4507E-08
 4  32  8  128  0.4510E-08
 4  32  8  128  0.4524E-08
 4  32  9  128  0.4625E-08
 4  32  9  128  0.4631E-08
 4  32  9  128  0.4622E-08
 4  32  9  128  0.4625E-08
 4  32  9  128  0.4625E-08
 4  32  10  128  0.4323E-08
 4  32  10  128  0.4342E-08
 4  32  10  128  0.4328E-08
 4  32  10  128  0.4334E-08
 4  32  10  128  0.4318E-08
 4  32  11  128  0.4111E-08
 4  32  11  128  0.4114E-08
 4  32  11  128  0.4111E-08
 4  32  11  128  0.4113E-08
 4  32  11  128  0.4116E-08
 4  32  12  128  0.3696E-08
 4  32  12  128  0.3696E-08
 4  32  12  128  0.3696E-08
 4  32  12  128  0.3690E-08
 4  32  12  128  0.3702E-08
 4  32  13  128  0.3648E-08
 4  32  13  128  0.3649E-08
 4  32  13  128  0.3646E-08
 4  32  13  128  0.3651E-08
 4  32  13  128  0.3653E-08
 4  32  14  128  0.3416E-08
 4  32  14  128  0.3417E-08
 4  32  14  128  0.3421E-08
 4  32  14  128  0.3418E-08
 4  32  14  128  0.3419E-08
 4  32  15  128  0.3476E-08
 4  32  15  128  0.3480E-08
 4  32  15  128  0.3472E-08
 4  32  15  128  0.3477E-08
 4  32  15  128  0.3479E-08
 4  32  16  128  0.3514E-08
 4  32  16  128  0.3520E-08
 4  32  16  128  0.3518E-08
 4  32  16  128  0.3520E-08
 4  32  16  128  0.3519E-08
 4  32  17  128  0.3767E-08
 4  32  17  128  0.3767E-08
 4  32  17  128  0.3768E-08
 4  32  17  128  0.3767E-08
 4  32  17  128  0.3766E-08
 4  32  18  128  0.3730E-08
 4  32  18  128  0.3725E-08
 4  32  18  128  0.3728E-08
 4  32  18  128  0.3728E-08
 4  32  18  128  0.3725E-08
 4  32  19  128  0.3809E-08
 4  32  19  128  0.3773E-08
 4  32  19  128  0.3776E-08
 4  32  19  128  0.3774E-08
 4  32  19  128  0.3773E-08
 4  32  20  128  0.3749E-08
 4  32  20  128  0.3750E-08
 4  32  20  128  0.3749E-08
 4  32  20  128  0.3750E-08
 4  32  20  128  0.3751E-08
