 4  128  3  512  0.1926E-07
 4  128  3  512  0.1608E-07
 4  128  3  512  0.1724E-07
 4  128  3  512  0.2086E-07
 4  128  3  512  0.1716E-07
 4  128  4  512  0.6763E-08
 4  128  4  512  0.6659E-08
 4  128  4  512  0.6612E-08
 4  128  4  512  0.6691E-08
 4  128  4  512  0.6832E-08
 4  128  5  512  0.3803E-08
 4  128  5  512  0.3837E-08
 4  128  5  512  0.3854E-08
 4  128  5  512  0.3806E-08
 4  128  5  512  0.3808E-08
 4  128  6  512  0.2612E-08
 4  128  6  512  0.2617E-08
 4  128  6  512  0.2624E-08
 4  128  6  512  0.2643E-08
 4  128  6  512  0.2643E-08
 4  128  7  512  0.2229E-08
 4  128  7  512  0.2249E-08
 4  128  7  512  0.2217E-08
 4  128  7  512  0.2239E-08
 4  128  7  512  0.2224E-08
 4  128  8  512  0.2041E-08
 4  128  8  512  0.2043E-08
 4  128  8  512  0.2053E-08
 4  128  8  512  0.2054E-08
 4  128  8  512  0.2041E-08
 4  128  9  512  0.1914E-08
 4  128  9  512  0.1929E-08
 4  128  9  512  0.1919E-08
 4  128  9  512  0.1923E-08
 4  128  9  512  0.1923E-08
 4  128  10  512  0.1703E-08
 4  128  10  512  0.1700E-08
 4  128  10  512  0.1701E-08
 4  128  10  512  0.1704E-08
 4  128  10  512  0.1702E-08
 4  128  11  512  0.1523E-08
 4  128  11  512  0.1519E-08
 4  128  11  512  0.1520E-08
 4  128  11  512  0.1527E-08
 4  128  11  512  0.1521E-08
 4  128  12  512  0.1351E-08
 4  128  12  512  0.1347E-08
 4  128  12  512  0.1345E-08
 4  128  12  512  0.1352E-08
 4  128  12  512  0.1346E-08
 4  128  13  512  0.1266E-08
 4  128  13  512  0.1266E-08
 4  128  13  512  0.1268E-08
 4  128  13  512  0.1266E-08
 4  128  13  512  0.1267E-08
 4  128  14  512  0.1163E-08
 4  128  14  512  0.1159E-08
 4  128  14  512  0.1162E-08
 4  128  14  512  0.1156E-08
 4  128  14  512  0.1163E-08
 4  128  15  512  0.1196E-08
 4  128  15  512  0.1187E-08
 4  128  15  512  0.1167E-08
 4  128  15  512  0.1188E-08
 4  128  15  512  0.1160E-08
 4  128  16  512  0.1131E-08
 4  128  16  512  0.1186E-08
 4  128  16  512  0.1187E-08
 4  128  16  512  0.1182E-08
 4  128  16  512  0.1201E-08
 4  128  17  512  0.1188E-08
 4  128  17  512  0.1164E-08
 4  128  17  512  0.1181E-08
 4  128  17  512  0.1190E-08
 4  128  17  512  0.1187E-08
 4  128  18  512  0.1118E-08
 4  128  18  512  0.1154E-08
 4  128  18  512  0.1152E-08
 4  128  18  512  0.1149E-08
 4  128  18  512  0.1120E-08
 4  128  19  512  0.1116E-08
 4  128  19  512  0.1135E-08
 4  128  19  512  0.1136E-08
 4  128  19  512  0.1125E-08
 4  128  19  512  0.1137E-08
 4  128  20  512  0.1107E-08
 4  128  20  512  0.1102E-08
 4  128  20  512  0.1103E-08
 4  128  20  512  0.1101E-08
 4  128  20  512  0.1098E-08
