 8  8  3  64  0.4681E-07
 8  8  3  64  0.4695E-07
 8  8  3  64  0.4676E-07
 8  8  3  64  0.4664E-07
 8  8  3  64  0.4688E-07
 8  8  4  64  0.2660E-07
 8  8  4  64  0.2644E-07
 8  8  4  64  0.2663E-07
 8  8  4  64  0.2636E-07
 8  8  4  64  0.2640E-07
 8  8  5  64  0.1826E-07
 8  8  5  64  0.1820E-07
 8  8  5  64  0.1825E-07
 8  8  5  64  0.1824E-07
 8  8  5  64  0.1823E-07
 8  8  6  64  0.1674E-07
 8  8  6  64  0.1673E-07
 8  8  6  64  0.1675E-07
 8  8  6  64  0.1672E-07
 8  8  6  64  0.1676E-07
 8  8  7  64  0.1672E-07
 8  8  7  64  0.1671E-07
 8  8  7  64  0.1672E-07
 8  8  7  64  0.1674E-07
 8  8  7  64  0.1672E-07
 8  8  8  64  0.1550E-07
 8  8  8  64  0.1548E-07
 8  8  8  64  0.1551E-07
 8  8  8  64  0.1546E-07
 8  8  8  64  0.1548E-07
 8  8  9  64  0.1431E-07
 8  8  9  64  0.1430E-07
 8  8  9  64  0.1432E-07
 8  8  9  64  0.1429E-07
 8  8  9  64  0.1430E-07
 8  8  10  64  0.1392E-07
 8  8  10  64  0.1394E-07
 8  8  10  64  0.1394E-07
 8  8  10  64  0.1395E-07
 8  8  10  64  0.1394E-07
 8  8  11  64  0.1369E-07
 8  8  11  64  0.1368E-07
 8  8  11  64  0.1368E-07
 8  8  11  64  0.1368E-07
 8  8  11  64  0.1369E-07
 8  8  12  64  0.1270E-07
 8  8  12  64  0.1270E-07
 8  8  12  64  0.1271E-07
 8  8  12  64  0.1269E-07
 8  8  12  64  0.1270E-07
 8  8  13  64  0.1281E-07
 8  8  13  64  0.1283E-07
 8  8  13  64  0.1283E-07
 8  8  13  64  0.1282E-07
 8  8  13  64  0.1282E-07
 8  8  14  64  0.1253E-07
 8  8  14  64  0.1253E-07
 8  8  14  64  0.1253E-07
 8  8  14  64  0.1253E-07
 8  8  14  64  0.1253E-07
 8  8  15  64  0.1277E-07
 8  8  15  64  0.1277E-07
 8  8  15  64  0.1277E-07
 8  8  15  64  0.1278E-07
 8  8  15  64  0.1277E-07
 8  8  16  64  0.1320E-07
 8  8  16  64  0.1321E-07
 8  8  16  64  0.1320E-07
 8  8  16  64  0.1321E-07
 8  8  16  64  0.1321E-07
 8  8  17  64  0.1431E-07
 8  8  17  64  0.1431E-07
 8  8  17  64  0.1431E-07
 8  8  17  64  0.1432E-07
 8  8  17  64  0.1431E-07
 8  8  18  64  0.1402E-07
 8  8  18  64  0.1401E-07
 8  8  18  64  0.1401E-07
 8  8  18  64  0.1401E-07
 8  8  18  64  0.1402E-07
 8  8  19  64  0.1444E-07
 8  8  19  64  0.1445E-07
 8  8  19  64  0.1444E-07
 8  8  19  64  0.1444E-07
 8  8  19  64  0.1444E-07
 8  8  20  64  0.1445E-07
 8  8  20  64  0.1445E-07
 8  8  20  64  0.1445E-07
 8  8  20  64  0.1445E-07
 8  8  20  64  0.1445E-07
