 8  4  3  32  0.8265E-07
 8  4  3  32  0.8188E-07
 8  4  3  32  0.8172E-07
 8  4  3  32  0.8193E-07
 8  4  3  32  0.8166E-07
 8  4  4  32  0.4543E-07
 8  4  4  32  0.4530E-07
 8  4  4  32  0.4558E-07
 8  4  4  32  0.4592E-07
 8  4  4  32  0.4541E-07
 8  4  5  32  0.3362E-07
 8  4  5  32  0.3377E-07
 8  4  5  32  0.3365E-07
 8  4  5  32  0.3367E-07
 8  4  5  32  0.3368E-07
 8  4  6  32  0.3244E-07
 8  4  6  32  0.3246E-07
 8  4  6  32  0.3235E-07
 8  4  6  32  0.3244E-07
 8  4  6  32  0.3251E-07
 8  4  7  32  0.3046E-07
 8  4  7  32  0.3045E-07
 8  4  7  32  0.3052E-07
 8  4  7  32  0.3048E-07
 8  4  7  32  0.3051E-07
 8  4  8  32  0.2879E-07
 8  4  8  32  0.2882E-07
 8  4  8  32  0.2877E-07
 8  4  8  32  0.2880E-07
 8  4  8  32  0.2877E-07
 8  4  9  32  0.2697E-07
 8  4  9  32  0.2700E-07
 8  4  9  32  0.2696E-07
 8  4  9  32  0.2700E-07
 8  4  9  32  0.2696E-07
 8  4  10  32  0.2658E-07
 8  4  10  32  0.2660E-07
 8  4  10  32  0.2658E-07
 8  4  10  32  0.2660E-07
 8  4  10  32  0.2659E-07
 8  4  11  32  0.2626E-07
 8  4  11  32  0.2627E-07
 8  4  11  32  0.2626E-07
 8  4  11  32  0.2625E-07
 8  4  11  32  0.2628E-07
 8  4  12  32  0.2440E-07
 8  4  12  32  0.2442E-07
 8  4  12  32  0.2443E-07
 8  4  12  32  0.2440E-07
 8  4  12  32  0.2443E-07
 8  4  13  32  0.2497E-07
 8  4  13  32  0.2496E-07
 8  4  13  32  0.2496E-07
 8  4  13  32  0.2495E-07
 8  4  13  32  0.2498E-07
 8  4  14  32  0.2424E-07
 8  4  14  32  0.2424E-07
 8  4  14  32  0.2423E-07
 8  4  14  32  0.2423E-07
 8  4  14  32  0.2424E-07
 8  4  15  32  0.2482E-07
 8  4  15  32  0.2481E-07
 8  4  15  32  0.2481E-07
 8  4  15  32  0.2480E-07
 8  4  15  32  0.2484E-07
 8  4  16  32  0.2561E-07
 8  4  16  32  0.2559E-07
 8  4  16  32  0.2560E-07
 8  4  16  32  0.2559E-07
 8  4  16  32  0.2561E-07
 8  4  17  32  0.2780E-07
 8  4  17  32  0.2782E-07
 8  4  17  32  0.2782E-07
 8  4  17  32  0.2782E-07
 8  4  17  32  0.2782E-07
 8  4  18  32  0.2770E-07
 8  4  18  32  0.2770E-07
 8  4  18  32  0.2771E-07
 8  4  18  32  0.2772E-07
 8  4  18  32  0.2770E-07
 8  4  19  32  0.2844E-07
 8  4  19  32  0.2845E-07
 8  4  19  32  0.2844E-07
 8  4  19  32  0.2845E-07
 8  4  19  32  0.2844E-07
 8  4  20  32  0.2787E-07
 8  4  20  32  0.2788E-07
 8  4  20  32  0.2788E-07
 8  4  20  32  0.2787E-07
 8  4  20  32  0.2787E-07
