 8  512  3  4096  0.2922E-08
 8  512  3  4096  0.2908E-08
 8  512  3  4096  0.2948E-08
 8  512  3  4096  0.2969E-08
 8  512  3  4096  0.2941E-08
 8  512  4  4096  0.1398E-08
 8  512  4  4096  0.1403E-08
 8  512  4  4096  0.1388E-08
 8  512  4  4096  0.1391E-08
 8  512  4  4096  0.1378E-08
 8  512  5  4096  0.9588E-09
 8  512  5  4096  0.9559E-09
 8  512  5  4096  0.9404E-09
 8  512  5  4096  0.9408E-09
 8  512  5  4096  0.9412E-09
 8  512  6  4096  0.7696E-09
 8  512  6  4096  0.7738E-09
 8  512  6  4096  0.7713E-09
 8  512  6  4096  0.7724E-09
 8  512  6  4096  0.7803E-09
 8  512  7  4096  0.6527E-09
 8  512  7  4096  0.6614E-09
 8  512  7  4096  0.6588E-09
 8  512  7  4096  0.6559E-09
 8  512  7  4096  0.6516E-09
 8  512  8  4096  0.5280E-09
 8  512  8  4096  0.5260E-09
 8  512  8  4096  0.5284E-09
 8  512  8  4096  0.5243E-09
 8  512  8  4096  0.5249E-09
 8  512  9  4096  0.4428E-09
 8  512  9  4096  0.4419E-09
 8  512  9  4096  0.4455E-09
 8  512  9  4096  0.4424E-09
 8  512  9  4096  0.4456E-09
 8  512  10  4096  0.3933E-09
 8  512  10  4096  0.3936E-09
 8  512  10  4096  0.3936E-09
 8  512  10  4096  0.3922E-09
 8  512  10  4096  0.3937E-09
 8  512  11  4096  0.3564E-09
 8  512  11  4096  0.3568E-09
 8  512  11  4096  0.3552E-09
 8  512  11  4096  0.3558E-09
 8  512  11  4096  0.3571E-09
 8  512  12  4096  0.3111E-09
 8  512  12  4096  0.3133E-09
 8  512  12  4096  0.3101E-09
 8  512  12  4096  0.3108E-09
 8  512  12  4096  0.3106E-09
 8  512  13  4096  0.2982E-09
 8  512  13  4096  0.2981E-09
 8  512  13  4096  0.2985E-09
 8  512  13  4096  0.2987E-09
 8  512  13  4096  0.2985E-09
 8  512  14  4096  0.2779E-09
 8  512  14  4096  0.2855E-09
 8  512  14  4096  0.2856E-09
 8  512  14  4096  0.2877E-09
 8  512  14  4096  0.2885E-09
 8  512  15  4096  0.2749E-09
 8  512  15  4096  0.2759E-09
 8  512  15  4096  0.2698E-09
 8  512  15  4096  0.2786E-09
 8  512  15  4096  0.2736E-09
 8  512  16  4096  0.2811E-09
 8  512  16  4096  0.2833E-09
 8  512  16  4096  0.2839E-09
 8  512  16  4096  0.2820E-09
 8  512  16  4096  0.2834E-09
 8  512  17  4096  0.2879E-09
 8  512  17  4096  0.2877E-09
 8  512  17  4096  0.2905E-09
 8  512  17  4096  0.2853E-09
 8  512  17  4096  0.2911E-09
 8  512  18  4096  0.2083E-09
 8  512  18  4096  0.2070E-09
 8  512  18  4096  0.2056E-09
 8  512  18  4096  0.2068E-09
 8  512  18  4096  0.2082E-09
 8  512  19  4096  0.2788E-09
 8  512  19  4096  0.2761E-09
 8  512  19  4096  0.2761E-09
 8  512  19  4096  0.2786E-09
 8  512  19  4096  0.2784E-09
 8  512  20  4096  0.2697E-09
 8  512  20  4096  0.2693E-09
 8  512  20  4096  0.2674E-09
 8  512  20  4096  0.2703E-09
 8  512  20  4096  0.2688E-09
