 8  4096  3  32768  0.8333E-09
 8  4096  3  32768  0.7712E-09
 8  4096  3  32768  0.7580E-09
 8  4096  3  32768  0.7834E-09
 8  4096  3  32768  0.8117E-09
 8  4096  4  32768  0.3910E-09
 8  4096  4  32768  0.3972E-09
 8  4096  4  32768  0.3905E-09
 8  4096  4  32768  0.3961E-09
 8  4096  4  32768  0.3959E-09
 8  4096  5  32768  0.2616E-09
 8  4096  5  32768  0.2561E-09
 8  4096  5  32768  0.2614E-09
 8  4096  5  32768  0.2579E-09
 8  4096  5  32768  0.2547E-09
 8  4096  6  32768  0.1967E-09
 8  4096  6  32768  0.1951E-09
 8  4096  6  32768  0.1961E-09
 8  4096  6  32768  0.1846E-09
 8  4096  6  32768  0.1947E-09
 8  4096  7  32768  0.1433E-09
 8  4096  7  32768  0.1397E-09
 8  4096  7  32768  0.1426E-09
 8  4096  7  32768  0.1433E-09
 8  4096  7  32768  0.1371E-09
 8  4096  8  32768  0.1076E-09
 8  4096  8  32768  0.1090E-09
 8  4096  8  32768  0.1080E-09
 8  4096  8  32768  0.1079E-09
 8  4096  8  32768  0.1088E-09
 8  4096  9  32768  0.8481E-10
 8  4096  9  32768  0.8485E-10
 8  4096  9  32768  0.8755E-10
 8  4096  9  32768  0.8472E-10
 8  4096  9  32768  0.8486E-10
 8  4096  10  32768  0.7019E-10
 8  4096  10  32768  0.7057E-10
 8  4096  10  32768  0.7045E-10
 8  4096  10  32768  0.7016E-10
 8  4096  10  32768  0.7050E-10
 8  4096  11  32768  0.6111E-10
 8  4096  11  32768  0.6103E-10
 8  4096  11  32768  0.6093E-10
 8  4096  11  32768  0.6077E-10
 8  4096  11  32768  0.6092E-10
 8  4096  12  32768  0.5187E-10
 8  4096  12  32768  0.5191E-10
 8  4096  12  32768  0.5156E-10
 8  4096  12  32768  0.5181E-10
 8  4096  12  32768  0.5204E-10
 8  4096  13  32768  0.4707E-10
 8  4096  13  32768  0.4720E-10
 8  4096  13  32768  0.4706E-10
 8  4096  13  32768  0.4706E-10
 8  4096  13  32768  0.4736E-10
 8  4096  14  32768  0.4349E-10
 8  4096  14  32768  0.4325E-10
 8  4096  14  32768  0.4359E-10
 8  4096  14  32768  0.4338E-10
 8  4096  14  32768  0.4346E-10
 8  4096  15  32768  0.4075E-10
 8  4096  15  32768  0.4079E-10
 8  4096  15  32768  0.4060E-10
 8  4096  15  32768  0.4085E-10
 8  4096  15  32768  0.4077E-10
 8  4096  16  32768  0.4122E-10
 8  4096  16  32768  0.4108E-10
 8  4096  16  32768  0.4116E-10
 8  4096  16  32768  0.4102E-10
 8  4096  16  32768  0.4103E-10
 8  4096  17  32768  0.4100E-10
 8  4096  17  32768  0.4098E-10
 8  4096  17  32768  0.4081E-10
 8  4096  17  32768  0.4081E-10
 8  4096  17  32768  0.4082E-10
 8  4096  18  32768  0.3867E-10
 8  4096  18  32768  0.3867E-10
 8  4096  18  32768  0.3867E-10
 8  4096  18  32768  0.3864E-10
 8  4096  18  32768  0.3865E-10
 8  4096  19  32768  0.3987E-10
 8  4096  19  32768  0.3991E-10
 8  4096  19  32768  0.3990E-10
 8  4096  19  32768  0.3988E-10
 8  4096  19  32768  0.3998E-10
 8  4096  20  32768  0.3814E-10
 8  4096  20  32768  0.3816E-10
 8  4096  20  32768  0.3814E-10
 8  4096  20  32768  0.3819E-10
 8  4096  20  32768  0.3814E-10
