 8  256  3  2048  0.4900E-08
 8  256  3  2048  0.4890E-08
 8  256  3  2048  0.4886E-08
 8  256  3  2048  0.4906E-08
 8  256  3  2048  0.4900E-08
 8  256  4  2048  0.2333E-08
 8  256  4  2048  0.2407E-08
 8  256  4  2048  0.2337E-08
 8  256  4  2048  0.2323E-08
 8  256  4  2048  0.2321E-08
 8  256  5  2048  0.1539E-08
 8  256  5  2048  0.1565E-08
 8  256  5  2048  0.1574E-08
 8  256  5  2048  0.1560E-08
 8  256  5  2048  0.1553E-08
 8  256  6  2048  0.1312E-08
 8  256  6  2048  0.1302E-08
 8  256  6  2048  0.1310E-08
 8  256  6  2048  0.1309E-08
 8  256  6  2048  0.1307E-08
 8  256  7  2048  0.1139E-08
 8  256  7  2048  0.1153E-08
 8  256  7  2048  0.1141E-08
 8  256  7  2048  0.1135E-08
 8  256  7  2048  0.1141E-08
 8  256  8  2048  0.9531E-09
 8  256  8  2048  0.9535E-09
 8  256  8  2048  0.9589E-09
 8  256  8  2048  0.9528E-09
 8  256  8  2048  0.9499E-09
 8  256  9  2048  0.8154E-09
 8  256  9  2048  0.8168E-09
 8  256  9  2048  0.8152E-09
 8  256  9  2048  0.8171E-09
 8  256  9  2048  0.8203E-09
 8  256  10  2048  0.7320E-09
 8  256  10  2048  0.7250E-09
 8  256  10  2048  0.7247E-09
 8  256  10  2048  0.7235E-09
 8  256  10  2048  0.7240E-09
 8  256  11  2048  0.6629E-09
 8  256  11  2048  0.6606E-09
 8  256  11  2048  0.6635E-09
 8  256  11  2048  0.6670E-09
 8  256  11  2048  0.6626E-09
 8  256  12  2048  0.5897E-09
 8  256  12  2048  0.5876E-09
 8  256  12  2048  0.5882E-09
 8  256  12  2048  0.5889E-09
 8  256  12  2048  0.5889E-09
 8  256  13  2048  0.5660E-09
 8  256  13  2048  0.5658E-09
 8  256  13  2048  0.5637E-09
 8  256  13  2048  0.5647E-09
 8  256  13  2048  0.5651E-09
 8  256  14  2048  0.5440E-09
 8  256  14  2048  0.5367E-09
 8  256  14  2048  0.5476E-09
 8  256  14  2048  0.5513E-09
 8  256  14  2048  0.5460E-09
 8  256  15  2048  0.5353E-09
 8  256  15  2048  0.5290E-09
 8  256  15  2048  0.5259E-09
 8  256  15  2048  0.5320E-09
 8  256  15  2048  0.5276E-09
 8  256  16  2048  0.5434E-09
 8  256  16  2048  0.5466E-09
 8  256  16  2048  0.5474E-09
 8  256  16  2048  0.5423E-09
 8  256  16  2048  0.5499E-09
 8  256  17  2048  0.5666E-09
 8  256  17  2048  0.5537E-09
 8  256  17  2048  0.5609E-09
 8  256  17  2048  0.5545E-09
 8  256  17  2048  0.5591E-09
 8  256  18  2048  0.5378E-09
 8  256  18  2048  0.5363E-09
 8  256  18  2048  0.5394E-09
 8  256  18  2048  0.5354E-09
 8  256  18  2048  0.5400E-09
 8  256  19  2048  0.5464E-09
 8  256  19  2048  0.5403E-09
 8  256  19  2048  0.5439E-09
 8  256  19  2048  0.5408E-09
 8  256  19  2048  0.5462E-09
 8  256  20  2048  0.5253E-09
 8  256  20  2048  0.5282E-09
 8  256  20  2048  0.5239E-09
 8  256  20  2048  0.5298E-09
 8  256  20  2048  0.5255E-09
