 8  16  3  128  0.2693E-07
 8  16  3  128  0.2694E-07
 8  16  3  128  0.2691E-07
 8  16  3  128  0.2685E-07
 8  16  3  128  0.2697E-07
 8  16  4  128  0.1274E-07
 8  16  4  128  0.1275E-07
 8  16  4  128  0.1274E-07
 8  16  4  128  0.1272E-07
 8  16  4  128  0.1270E-07
 8  16  6  128  0.8974E-08
 8  16  6  128  0.8942E-08
 8  16  6  128  0.8954E-08
 8  16  6  128  0.8957E-08
 8  16  6  128  0.8977E-08
 8  16  7  128  0.8892E-08
 8  16  7  128  0.8881E-08
 8  16  7  128  0.8921E-08
 8  16  7  128  0.8881E-08
 8  16  7  128  0.8894E-08
 8  16  8  128  0.8161E-08
 8  16  8  128  0.8156E-08
 8  16  8  128  0.8156E-08
 8  16  8  128  0.8187E-08
 8  16  8  128  0.8184E-08
 8  16  9  128  0.7506E-08
 8  16  9  128  0.7512E-08
 8  16  9  128  0.7502E-08
 8  16  9  128  0.7516E-08
 8  16  9  128  0.7502E-08
 8  16  10  128  0.7244E-08
 8  16  10  128  0.7252E-08
 8  16  10  128  0.7243E-08
 8  16  10  128  0.7241E-08
 8  16  10  128  0.7254E-08
 8  16  11  128  0.7100E-08
 8  16  11  128  0.7095E-08
 8  16  11  128  0.7110E-08
 8  16  11  128  0.7092E-08
 8  16  11  128  0.7095E-08
 8  16  12  128  0.6526E-08
 8  16  12  128  0.6526E-08
 8  16  12  128  0.6525E-08
 8  16  12  128  0.6539E-08
 8  16  12  128  0.6525E-08
 8  16  13  128  0.6620E-08
 8  16  13  128  0.6617E-08
 8  16  13  128  0.6619E-08
 8  16  13  128  0.6619E-08
 8  16  13  128  0.6617E-08
 8  16  14  128  0.6460E-08
 8  16  14  128  0.6457E-08
 8  16  14  128  0.6466E-08
 8  16  14  128  0.6463E-08
 8  16  14  128  0.6460E-08
 8  16  15  128  0.6573E-08
 8  16  15  128  0.6570E-08
 8  16  15  128  0.6575E-08
 8  16  15  128  0.6574E-08
 8  16  15  128  0.6571E-08
 8  16  16  128  0.6770E-08
 8  16  16  128  0.6771E-08
 8  16  16  128  0.6772E-08
 8  16  16  128  0.6773E-08
 8  16  16  128  0.6773E-08
 8  16  17  128  0.7284E-08
 8  16  17  128  0.7284E-08
 8  16  17  128  0.7284E-08
 8  16  17  128  0.7286E-08
 8  16  17  128  0.7290E-08
 8  16  18  128  0.7129E-08
 8  16  18  128  0.7131E-08
 8  16  18  128  0.7131E-08
 8  16  18  128  0.7128E-08
 8  16  18  128  0.7130E-08
 8  16  19  128  0.7355E-08
 8  16  19  128  0.7353E-08
 8  16  19  128  0.7351E-08
 8  16  19  128  0.7351E-08
 8  16  19  128  0.7352E-08
 8  16  20  128  0.7374E-08
 8  16  20  128  0.7375E-08
 8  16  20  128  0.7375E-08
 8  16  20  128  0.7377E-08
 8  16  20  128  0.7377E-08
