 8  1  3  8  0.1710E-06
 8  1  3  8  0.1725E-06
 8  1  3  8  0.1753E-06
 8  1  3  8  0.1706E-06
 8  1  3  8  0.1708E-06
 8  1  4  8  0.1198E-06
 8  1  4  8  0.1201E-06
 8  1  4  8  0.1172E-06
 8  1  4  8  0.1191E-06
 8  1  4  8  0.1186E-06
 8  1  5  8  0.9258E-07
 8  1  5  8  0.9248E-07
 8  1  5  8  0.9276E-07
 8  1  5  8  0.9261E-07
 8  1  5  8  0.9249E-07
 8  1  6  8  0.7346E-07
 8  1  6  8  0.7328E-07
 8  1  6  8  0.7337E-07
 8  1  6  8  0.7350E-07
 8  1  6  8  0.7352E-07
 8  1  7  8  0.6750E-07
 8  1  7  8  0.6718E-07
 8  1  7  8  0.6718E-07
 8  1  7  8  0.6719E-07
 8  1  7  8  0.6748E-07
 8  1  8  8  0.6718E-07
 8  1  8  8  0.6727E-07
 8  1  8  8  0.6693E-07
 8  1  8  8  0.6717E-07
 8  1  8  8  0.6716E-07
 8  1  9  8  0.7344E-07
 8  1  9  8  0.7342E-07
 8  1  9  8  0.7360E-07
 8  1  9  8  0.7349E-07
 8  1  9  8  0.7336E-07
 8  1  10  8  0.7850E-07
 8  1  10  8  0.7843E-07
 8  1  10  8  0.7848E-07
 8  1  10  8  0.7858E-07
 8  1  10  8  0.7851E-07
 8  1  11  8  0.8007E-07
 8  1  11  8  0.8012E-07
 8  1  11  8  0.8022E-07
 8  1  11  8  0.8005E-07
 8  1  11  8  0.8006E-07
 8  1  12  8  0.7454E-07
 8  1  12  8  0.7447E-07
 8  1  12  8  0.7446E-07
 8  1  12  8  0.7460E-07
 8  1  12  8  0.7447E-07
 8  1  13  8  0.7681E-07
 8  1  13  8  0.7680E-07
 8  1  13  8  0.7682E-07
 8  1  13  8  0.7684E-07
 8  1  13  8  0.7682E-07
 8  1  14  8  0.7483E-07
 8  1  14  8  0.7482E-07
 8  1  14  8  0.7476E-07
 8  1  14  8  0.7483E-07
 8  1  14  8  0.7479E-07
 8  1  15  8  0.7643E-07
 8  1  15  8  0.7645E-07
 8  1  15  8  0.7637E-07
 8  1  15  8  0.7639E-07
 8  1  15  8  0.7642E-07
 8  1  16  8  0.7511E-07
 8  1  16  8  0.7530E-07
 8  1  16  8  0.7513E-07
 8  1  16  8  0.7516E-07
 8  1  16  8  0.7510E-07
 8  1  17  8  0.8663E-07
 8  1  17  8  0.8659E-07
 8  1  17  8  0.8660E-07
 8  1  17  8  0.8660E-07
 8  1  17  8  0.8660E-07
 8  1  18  8  0.8451E-07
 8  1  18  8  0.8447E-07
 8  1  18  8  0.8451E-07
 8  1  18  8  0.8450E-07
 8  1  18  8  0.8448E-07
 8  1  19  8  0.8630E-07
 8  1  19  8  0.8632E-07
 8  1  19  8  0.8629E-07
 8  1  19  8  0.8630E-07
 8  1  19  8  0.8630E-07
 8  1  20  8  0.8171E-07
 8  1  20  8  0.8173E-07
 8  1  20  8  0.8172E-07
 8  1  20  8  0.8175E-07
 8  1  20  8  0.8174E-07
