 8  2  3  16  0.1423E-06
 8  2  3  16  0.1412E-06
 8  2  3  16  0.1406E-06
 8  2  3  16  0.1413E-06
 8  2  3  16  0.1410E-06
 8  2  4  16  0.8062E-07
 8  2  4  16  0.7999E-07
 8  2  4  16  0.7964E-07
 8  2  4  16  0.8057E-07
 8  2  4  16  0.7978E-07
 8  2  5  16  0.6014E-07
 8  2  5  16  0.6003E-07
 8  2  5  16  0.6035E-07
 8  2  5  16  0.6009E-07
 8  2  5  16  0.6000E-07
 8  2  6  16  0.5367E-07
 8  2  6  16  0.5393E-07
 8  2  6  16  0.5348E-07
 8  2  6  16  0.5358E-07
 8  2  6  16  0.5355E-07
 8  2  7  16  0.5645E-07
 8  2  7  16  0.5646E-07
 8  2  7  16  0.5642E-07
 8  2  7  16  0.5644E-07
 8  2  7  16  0.5647E-07
 8  2  8  16  0.5414E-07
 8  2  8  16  0.5419E-07
 8  2  8  16  0.5405E-07
 8  2  8  16  0.5412E-07
 8  2  8  16  0.5406E-07
 8  2  9  16  0.5129E-07
 8  2  9  16  0.5128E-07
 8  2  9  16  0.5124E-07
 8  2  9  16  0.5122E-07
 8  2  9  16  0.5121E-07
 8  2  10  16  0.5091E-07
 8  2  10  16  0.5093E-07
 8  2  10  16  0.5090E-07
 8  2  10  16  0.5093E-07
 8  2  10  16  0.5089E-07
 8  2  11  16  0.5072E-07
 8  2  11  16  0.5070E-07
 8  2  11  16  0.5070E-07
 8  2  11  16  0.5077E-07
 8  2  11  16  0.5070E-07
 8  2  12  16  0.4694E-07
 8  2  12  16  0.4689E-07
 8  2  12  16  0.4690E-07
 8  2  12  16  0.4691E-07
 8  2  12  16  0.4693E-07
 8  2  13  16  0.4797E-07
 8  2  13  16  0.4798E-07
 8  2  13  16  0.4801E-07
 8  2  13  16  0.4800E-07
 8  2  13  16  0.4796E-07
 8  2  14  16  0.4712E-07
 8  2  14  16  0.4708E-07
 8  2  14  16  0.4714E-07
 8  2  14  16  0.4711E-07
 8  2  14  16  0.4708E-07
 8  2  15  16  0.4869E-07
 8  2  15  16  0.4862E-07
 8  2  15  16  0.4869E-07
 8  2  15  16  0.4866E-07
 8  2  15  16  0.4864E-07
 8  2  16  16  0.5050E-07
 8  2  16  16  0.5049E-07
 8  2  16  16  0.5052E-07
 8  2  16  16  0.5049E-07
 8  2  16  16  0.5049E-07
 8  2  17  16  0.5429E-07
 8  2  17  16  0.5431E-07
 8  2  17  16  0.5430E-07
 8  2  17  16  0.5430E-07
 8  2  17  16  0.5429E-07
 8  2  18  16  0.5380E-07
 8  2  18  16  0.5381E-07
 8  2  18  16  0.5381E-07
 8  2  18  16  0.5380E-07
 8  2  18  16  0.5381E-07
 8  2  19  16  0.5489E-07
 8  2  19  16  0.5491E-07
 8  2  19  16  0.5491E-07
 8  2  19  16  0.5490E-07
 8  2  19  16  0.5491E-07
 8  2  20  16  0.5493E-07
 8  2  20  16  0.5493E-07
 8  2  20  16  0.5496E-07
 8  2  20  16  0.5494E-07
 8  2  20  16  0.5524E-07
