 8  2048  3  16384  0.1050E-08
 8  2048  3  16384  0.1033E-08
 8  2048  3  16384  0.1044E-08
 8  2048  3  16384  0.1091E-08
 8  2048  3  16384  0.1038E-08
 8  2048  4  16384  0.6015E-09
 8  2048  4  16384  0.5787E-09
 8  2048  4  16384  0.5636E-09
 8  2048  4  16384  0.5693E-09
 8  2048  4  16384  0.5789E-09
 8  2048  5  16384  0.4260E-09
 8  2048  5  16384  0.4130E-09
 8  2048  5  16384  0.3721E-09
 8  2048  5  16384  0.4210E-09
 8  2048  5  16384  0.4205E-09
 8  2048  6  16384  0.3177E-09
 8  2048  6  16384  0.3159E-09
 8  2048  6  16384  0.3174E-09
 8  2048  6  16384  0.3011E-09
 8  2048  6  16384  0.2883E-09
 8  2048  7  16384  0.1442E-09
 8  2048  7  16384  0.1483E-09
 8  2048  7  16384  0.1624E-09
 8  2048  7  16384  0.1552E-09
 8  2048  7  16384  0.1564E-09
 8  2048  8  16384  0.1754E-09
 8  2048  8  16384  0.1822E-09
 8  2048  8  16384  0.1827E-09
 8  2048  8  16384  0.1857E-09
 8  2048  8  16384  0.1783E-09
 8  2048  9  16384  0.1404E-09
 8  2048  9  16384  0.1397E-09
 8  2048  9  16384  0.1420E-09
 8  2048  9  16384  0.1409E-09
 8  2048  9  16384  0.1412E-09
 8  2048  10  16384  0.1186E-09
 8  2048  10  16384  0.1177E-09
 8  2048  10  16384  0.1186E-09
 8  2048  10  16384  0.1185E-09
 8  2048  10  16384  0.1200E-09
 8  2048  11  16384  0.1034E-09
 8  2048  11  16384  0.1026E-09
 8  2048  11  16384  0.1030E-09
 8  2048  11  16384  0.1035E-09
 8  2048  11  16384  0.1034E-09
 8  2048  12  16384  0.9092E-10
 8  2048  12  16384  0.9097E-10
 8  2048  12  16384  0.9022E-10
 8  2048  12  16384  0.9005E-10
 8  2048  12  16384  0.9026E-10
 8  2048  13  16384  0.8418E-10
 8  2048  13  16384  0.8465E-10
 8  2048  13  16384  0.8453E-10
 8  2048  13  16384  0.8461E-10
 8  2048  13  16384  0.8438E-10
 8  2048  14  16384  0.7747E-10
 8  2048  14  16384  0.7780E-10
 8  2048  14  16384  0.7752E-10
 8  2048  14  16384  0.7718E-10
 8  2048  14  16384  0.7716E-10
 8  2048  15  16384  0.7493E-10
 8  2048  15  16384  0.7449E-10
 8  2048  15  16384  0.7452E-10
 8  2048  15  16384  0.7453E-10
 8  2048  15  16384  0.7444E-10
 8  2048  16  16384  0.7326E-10
 8  2048  16  16384  0.7340E-10
 8  2048  16  16384  0.7349E-10
 8  2048  16  16384  0.7325E-10
 8  2048  16  16384  0.7336E-10
 8  2048  17  16384  0.7610E-10
 8  2048  17  16384  0.7650E-10
 8  2048  17  16384  0.7663E-10
 8  2048  17  16384  0.7666E-10
 8  2048  17  16384  0.7614E-10
 8  2048  18  16384  0.7066E-10
 8  2048  18  16384  0.7042E-10
 8  2048  18  16384  0.7034E-10
 8  2048  18  16384  0.7051E-10
 8  2048  18  16384  0.7029E-10
 8  2048  19  16384  0.5437E-10
 8  2048  19  16384  0.5438E-10
 8  2048  19  16384  0.5468E-10
 8  2048  19  16384  0.5462E-10
 8  2048  19  16384  0.5469E-10
 8  2048  20  16384  0.7317E-10
 8  2048  20  16384  0.7294E-10
 8  2048  20  16384  0.7321E-10
 8  2048  20  16384  0.7309E-10
 8  2048  20  16384  0.7361E-10
