 16  1  3  16  0.1779E-06
 16  1  3  16  0.1786E-06
 16  1  3  16  0.1779E-06
 16  1  3  16  0.1777E-06
 16  1  3  16  0.1793E-06
 16  1  4  16  0.1176E-06
 16  1  4  16  0.1153E-06
 16  1  4  16  0.1155E-06
 16  1  4  16  0.1163E-06
 16  1  4  16  0.1158E-06
 16  1  5  16  0.9210E-07
 16  1  5  16  0.9187E-07
 16  1  5  16  0.9290E-07
 16  1  5  16  0.9236E-07
 16  1  5  16  0.9237E-07
 16  1  6  16  0.7568E-07
 16  1  6  16  0.7545E-07
 16  1  6  16  0.7554E-07
 16  1  6  16  0.7553E-07
 16  1  6  16  0.7554E-07
 16  1  7  16  0.7920E-07
 16  1  7  16  0.7934E-07
 16  1  7  16  0.7948E-07
 16  1  7  16  0.7922E-07
 16  1  7  16  0.7948E-07
 16  1  8  16  0.7996E-07
 16  1  8  16  0.8009E-07
 16  1  8  16  0.8015E-07
 16  1  8  16  0.8011E-07
 16  1  8  16  0.8005E-07
 16  1  9  16  0.7929E-07
 16  1  9  16  0.7938E-07
 16  1  9  16  0.7935E-07
 16  1  9  16  0.7928E-07
 16  1  9  16  0.7929E-07
 16  1  10  16  0.8114E-07
 16  1  10  16  0.8122E-07
 16  1  10  16  0.8114E-07
 16  1  10  16  0.8120E-07
 16  1  10  16  0.8122E-07
 16  1  11  16  0.8110E-07
 16  1  11  16  0.8112E-07
 16  1  11  16  0.8109E-07
 16  1  11  16  0.8113E-07
 16  1  11  16  0.8108E-07
 16  1  12  16  0.7532E-07
 16  1  12  16  0.7526E-07
 16  1  12  16  0.7533E-07
 16  1  12  16  0.7534E-07
 16  1  12  16  0.7530E-07
 16  1  13  16  0.7786E-07
 16  1  13  16  0.7786E-07
 16  1  13  16  0.7786E-07
 16  1  13  16  0.7789E-07
 16  1  13  16  0.7783E-07
 16  1  14  16  0.7642E-07
 16  1  14  16  0.7530E-07
 16  1  14  16  0.7531E-07
 16  1  14  16  0.7530E-07
 16  1  14  16  0.7528E-07
 16  1  15  16  0.7776E-07
 16  1  15  16  0.7776E-07
 16  1  15  16  0.7777E-07
 16  1  15  16  0.7769E-07
 16  1  15  16  0.7779E-07
 16  1  16  16  0.7832E-07
 16  1  16  16  0.7835E-07
 16  1  16  16  0.7833E-07
 16  1  16  16  0.7833E-07
 16  1  16  16  0.7834E-07
 16  1  17  16  0.8933E-07
 16  1  17  16  0.8934E-07
 16  1  17  16  0.8933E-07
 16  1  17  16  0.8933E-07
 16  1  17  16  0.8931E-07
 16  1  18  16  0.8584E-07
 16  1  18  16  0.8583E-07
 16  1  18  16  0.8584E-07
 16  1  18  16  0.8584E-07
 16  1  18  16  0.8585E-07
 16  1  19  16  0.8807E-07
 16  1  19  16  0.8807E-07
 16  1  19  16  0.8806E-07
 16  1  19  16  0.8812E-07
 16  1  19  16  0.8806E-07
 16  1  20  16  0.8806E-07
 16  1  20  16  0.8806E-07
 16  1  20  16  0.8808E-07
 16  1  20  16  0.8808E-07
 16  1  20  16  0.8806E-07
