 16  256  3  4096  0.3054E-08
 16  256  3  4096  0.3057E-08
 16  256  3  4096  0.3013E-08
 16  256  3  4096  0.3048E-08
 16  256  3  4096  0.3033E-08
 16  256  4  4096  0.1720E-08
 16  256  4  4096  0.1706E-08
 16  256  4  4096  0.1701E-08
 16  256  4  4096  0.1692E-08
 16  256  4  4096  0.1708E-08
 16  256  5  4096  0.1415E-08
 16  256  5  4096  0.1417E-08
 16  256  5  4096  0.1424E-08
 16  256  5  4096  0.1426E-08
 16  256  5  4096  0.1416E-08
 16  256  6  4096  0.1078E-08
 16  256  6  4096  0.1075E-08
 16  256  6  4096  0.1076E-08
 16  256  6  4096  0.1077E-08
 16  256  6  4096  0.1074E-08
 16  256  7  4096  0.8595E-09
 16  256  7  4096  0.8654E-09
 16  256  7  4096  0.8623E-09
 16  256  7  4096  0.8648E-09
 16  256  7  4096  0.8663E-09
 16  256  8  4096  0.7334E-09
 16  256  8  4096  0.7346E-09
 16  256  8  4096  0.7330E-09
 16  256  8  4096  0.7325E-09
 16  256  8  4096  0.7343E-09
 16  256  9  4096  0.6491E-09
 16  256  9  4096  0.6402E-09
 16  256  9  4096  0.6455E-09
 16  256  9  4096  0.6405E-09
 16  256  9  4096  0.6468E-09
 16  256  10  4096  0.5912E-09
 16  256  10  4096  0.5917E-09
 16  256  10  4096  0.5914E-09
 16  256  10  4096  0.5925E-09
 16  256  10  4096  0.5922E-09
 16  256  11  4096  0.5672E-09
 16  256  11  4096  0.5675E-09
 16  256  11  4096  0.5673E-09
 16  256  11  4096  0.5679E-09
 16  256  11  4096  0.5670E-09
 16  256  12  4096  0.5355E-09
 16  256  12  4096  0.5377E-09
 16  256  12  4096  0.5348E-09
 16  256  12  4096  0.5351E-09
 16  256  12  4096  0.5348E-09
 16  256  13  4096  0.5210E-09
 16  256  13  4096  0.5214E-09
 16  256  13  4096  0.5208E-09
 16  256  13  4096  0.5210E-09
 16  256  13  4096  0.5207E-09
 16  256  14  4096  0.4963E-09
 16  256  14  4096  0.4925E-09
 16  256  14  4096  0.4947E-09
 16  256  14  4096  0.4949E-09
 16  256  14  4096  0.4963E-09
 16  256  15  4096  0.4811E-09
 16  256  15  4096  0.4851E-09
 16  256  15  4096  0.4847E-09
 16  256  15  4096  0.4819E-09
 16  256  15  4096  0.4859E-09
 16  256  16  4096  0.4961E-09
 16  256  16  4096  0.4934E-09
 16  256  16  4096  0.4949E-09
 16  256  16  4096  0.4908E-09
 16  256  16  4096  0.4919E-09
 16  256  17  4096  0.5109E-09
 16  256  17  4096  0.5138E-09
 16  256  17  4096  0.5127E-09
 16  256  17  4096  0.5114E-09
 16  256  17  4096  0.5130E-09
 16  256  18  4096  0.4886E-09
 16  256  18  4096  0.4881E-09
 16  256  18  4096  0.4896E-09
 16  256  18  4096  0.4891E-09
 16  256  18  4096  0.4885E-09
 16  256  19  4096  0.4956E-09
 16  256  19  4096  0.4948E-09
 16  256  19  4096  0.4944E-09
 16  256  19  4096  0.4965E-09
 16  256  19  4096  0.4944E-09
 16  256  20  4096  0.4982E-09
 16  256  20  4096  0.4972E-09
 16  256  20  4096  0.4984E-09
 16  256  20  4096  0.4967E-09
 16  256  20  4096  0.4984E-09
