 16  128  3  2048  0.4788E-08
 16  128  3  2048  0.4821E-08
 16  128  3  2048  0.4854E-08
 16  128  3  2048  0.4819E-08
 16  128  3  2048  0.4788E-08
 16  128  4  2048  0.2833E-08
 16  128  4  2048  0.2831E-08
 16  128  4  2048  0.2821E-08
 16  128  4  2048  0.2861E-08
 16  128  4  2048  0.2848E-08
 16  128  5  2048  0.2429E-08
 16  128  5  2048  0.2423E-08
 16  128  5  2048  0.2427E-08
 16  128  5  2048  0.2451E-08
 16  128  5  2048  0.2459E-08
 16  128  6  2048  0.1858E-08
 16  128  6  2048  0.1911E-08
 16  128  6  2048  0.1860E-08
 16  128  6  2048  0.1871E-08
 16  128  6  2048  0.1862E-08
 16  128  7  2048  0.1541E-08
 16  128  7  2048  0.1540E-08
 16  128  7  2048  0.1547E-08
 16  128  7  2048  0.1546E-08
 16  128  7  2048  0.1541E-08
 16  128  8  2048  0.1347E-08
 16  128  8  2048  0.1349E-08
 16  128  8  2048  0.1362E-08
 16  128  8  2048  0.1345E-08
 16  128  8  2048  0.1345E-08
 16  128  9  2048  0.1175E-08
 16  128  9  2048  0.1178E-08
 16  128  9  2048  0.1177E-08
 16  128  9  2048  0.1179E-08
 16  128  9  2048  0.1175E-08
 16  128  10  2048  0.1116E-08
 16  128  10  2048  0.1116E-08
 16  128  10  2048  0.1116E-08
 16  128  10  2048  0.1114E-08
 16  128  10  2048  0.1116E-08
 16  128  11  2048  0.1075E-08
 16  128  11  2048  0.1070E-08
 16  128  11  2048  0.1069E-08
 16  128  11  2048  0.1069E-08
 16  128  11  2048  0.1070E-08
 16  128  12  2048  0.1024E-08
 16  128  12  2048  0.1024E-08
 16  128  12  2048  0.1024E-08
 16  128  12  2048  0.1024E-08
 16  128  12  2048  0.1025E-08
 16  128  13  2048  0.9999E-09
 16  128  13  2048  0.1000E-08
 16  128  13  2048  0.1000E-08
 16  128  13  2048  0.9994E-09
 16  128  13  2048  0.1000E-08
 16  128  14  2048  0.9422E-09
 16  128  14  2048  0.9414E-09
 16  128  14  2048  0.9416E-09
 16  128  14  2048  0.9417E-09
 16  128  14  2048  0.9419E-09
 16  128  15  2048  0.9434E-09
 16  128  15  2048  0.9381E-09
 16  128  15  2048  0.9373E-09
 16  128  15  2048  0.9398E-09
 16  128  15  2048  0.9356E-09
 16  128  16  2048  0.9616E-09
 16  128  16  2048  0.9630E-09
 16  128  16  2048  0.9574E-09
 16  128  16  2048  0.9604E-09
 16  128  16  2048  0.9630E-09
 16  128  17  2048  0.1005E-08
 16  128  17  2048  0.1000E-08
 16  128  17  2048  0.9999E-09
 16  128  17  2048  0.1002E-08
 16  128  17  2048  0.1002E-08
 16  128  18  2048  0.9583E-09
 16  128  18  2048  0.9562E-09
 16  128  18  2048  0.9551E-09
 16  128  18  2048  0.9591E-09
 16  128  18  2048  0.9561E-09
 16  128  19  2048  0.9761E-09
 16  128  19  2048  0.9746E-09
 16  128  19  2048  0.9794E-09
 16  128  19  2048  0.9759E-09
 16  128  19  2048  0.9780E-09
 16  128  20  2048  0.9800E-09
 16  128  20  2048  0.9824E-09
 16  128  20  2048  0.9795E-09
 16  128  20  2048  0.9817E-09
 16  128  20  2048  0.9786E-09
