 16  8  3  128  0.3632E-07
 16  8  3  128  0.3622E-07
 16  8  3  128  0.3617E-07
 16  8  3  128  0.3627E-07
 16  8  3  128  0.3641E-07
 16  8  4  128  0.2490E-07
 16  8  4  128  0.2495E-07
 16  8  4  128  0.2498E-07
 16  8  4  128  0.2499E-07
 16  8  4  128  0.2489E-07
 16  8  5  128  0.2041E-07
 16  8  5  128  0.2040E-07
 16  8  5  128  0.2043E-07
 16  8  5  128  0.2040E-07
 16  8  5  128  0.2036E-07
 16  8  6  128  0.1706E-07
 16  8  6  128  0.1703E-07
 16  8  6  128  0.1704E-07
 16  8  6  128  0.1707E-07
 16  8  6  128  0.1703E-07
 16  8  7  128  0.1497E-07
 16  8  7  128  0.1498E-07
 16  8  7  128  0.1498E-07
 16  8  7  128  0.1495E-07
 16  8  7  128  0.1496E-07
 16  8  8  128  0.1411E-07
 16  8  8  128  0.1412E-07
 16  8  8  128  0.1414E-07
 16  8  8  128  0.1411E-07
 16  8  8  128  0.1412E-07
 16  8  9  128  0.1328E-07
 16  8  9  128  0.1328E-07
 16  8  9  128  0.1328E-07
 16  8  9  128  0.1328E-07
 16  8  9  128  0.1328E-07
 16  8  10  128  0.1343E-07
 16  8  10  128  0.1344E-07
 16  8  10  128  0.1343E-07
 16  8  10  128  0.1344E-07
 16  8  10  128  0.1344E-07
 16  8  11  128  0.1352E-07
 16  8  11  128  0.1351E-07
 16  8  11  128  0.1352E-07
 16  8  11  128  0.1352E-07
 16  8  11  128  0.1352E-07
 16  8  12  128  0.1286E-07
 16  8  12  128  0.1288E-07
 16  8  12  128  0.1288E-07
 16  8  12  128  0.1289E-07
 16  8  12  128  0.1289E-07
 16  8  13  128  0.1311E-07
 16  8  13  128  0.1310E-07
 16  8  13  128  0.1310E-07
 16  8  13  128  0.1310E-07
 16  8  13  128  0.1310E-07
 16  8  14  128  0.1260E-07
 16  8  14  128  0.1261E-07
 16  8  14  128  0.1260E-07
 16  8  14  128  0.1262E-07
 16  8  14  128  0.1260E-07
 16  8  15  128  0.1280E-07
 16  8  15  128  0.1280E-07
 16  8  15  128  0.1280E-07
 16  8  15  128  0.1280E-07
 16  8  15  128  0.1281E-07
 16  8  16  128  0.1327E-07
 16  8  16  128  0.1327E-07
 16  8  16  128  0.1327E-07
 16  8  16  128  0.1327E-07
 16  8  16  128  0.1327E-07
 16  8  17  128  0.1404E-07
 16  8  17  128  0.1405E-07
 16  8  17  128  0.1405E-07
 16  8  17  128  0.1404E-07
 16  8  17  128  0.1404E-07
 16  8  18  128  0.1385E-07
 16  8  18  128  0.1385E-07
 16  8  18  128  0.1385E-07
 16  8  18  128  0.1385E-07
 16  8  18  128  0.1385E-07
 16  8  19  128  0.1406E-07
 16  8  19  128  0.1406E-07
 16  8  19  128  0.1406E-07
 16  8  19  128  0.1406E-07
 16  8  19  128  0.1405E-07
 16  8  20  128  0.1432E-07
 16  8  20  128  0.1431E-07
 16  8  20  128  0.1431E-07
 16  8  20  128  0.1432E-07
 16  8  20  128  0.1431E-07
