 16  2048  3  32768  0.7118E-09
 16  2048  3  32768  0.7401E-09
 16  2048  3  32768  0.7282E-09
 16  2048  3  32768  0.7029E-09
 16  2048  3  32768  0.6922E-09
 16  2048  4  32768  0.4304E-09
 16  2048  4  32768  0.4275E-09
 16  2048  4  32768  0.4224E-09
 16  2048  4  32768  0.4305E-09
 16  2048  4  32768  0.4279E-09
 16  2048  5  32768  0.3095E-09
 16  2048  5  32768  0.3036E-09
 16  2048  5  32768  0.3077E-09
 16  2048  5  32768  0.3071E-09
 16  2048  5  32768  0.3046E-09
 16  2048  6  32768  0.2185E-09
 16  2048  6  32768  0.2229E-09
 16  2048  6  32768  0.2214E-09
 16  2048  6  32768  0.2225E-09
 16  2048  6  32768  0.2188E-09
 16  2048  7  32768  0.1741E-09
 16  2048  7  32768  0.1704E-09
 16  2048  7  32768  0.1729E-09
 16  2048  7  32768  0.1742E-09
 16  2048  7  32768  0.1640E-09
 16  2048  8  32768  0.1342E-09
 16  2048  8  32768  0.1339E-09
 16  2048  8  32768  0.1327E-09
 16  2048  8  32768  0.1331E-09
 16  2048  8  32768  0.1332E-09
 16  2048  9  32768  0.1099E-09
 16  2048  9  32768  0.1096E-09
 16  2048  9  32768  0.1096E-09
 16  2048  9  32768  0.1094E-09
 16  2048  9  32768  0.1097E-09
 16  2048  10  32768  0.9691E-10
 16  2048  10  32768  0.9646E-10
 16  2048  10  32768  0.9677E-10
 16  2048  10  32768  0.9666E-10
 16  2048  10  32768  0.9589E-10
 16  2048  11  32768  0.8845E-10
 16  2048  11  32768  0.8865E-10
 16  2048  11  32768  0.8862E-10
 16  2048  11  32768  0.8858E-10
 16  2048  11  32768  0.8869E-10
 16  2048  12  32768  0.7601E-10
 16  2048  12  32768  0.7664E-10
 16  2048  12  32768  0.7702E-10
 16  2048  12  32768  0.7679E-10
 16  2048  12  32768  0.7672E-10
 16  2048  13  32768  0.7601E-10
 16  2048  13  32768  0.7589E-10
 16  2048  13  32768  0.7573E-10
 16  2048  13  32768  0.7590E-10
 16  2048  13  32768  0.7554E-10
 16  2048  15  32768  0.6577E-10
 16  2048  15  32768  0.6570E-10
 16  2048  15  32768  0.6584E-10
 16  2048  15  32768  0.6542E-10
 16  2048  15  32768  0.6594E-10
 16  2048  16  32768  0.7106E-10
 16  2048  16  32768  0.7113E-10
 16  2048  16  32768  0.7096E-10
 16  2048  16  32768  0.7096E-10
 16  2048  16  32768  0.7128E-10
 16  2048  17  32768  0.6871E-10
 16  2048  17  32768  0.6835E-10
 16  2048  17  32768  0.6864E-10
 16  2048  17  32768  0.6869E-10
 16  2048  17  32768  0.6832E-10
 16  2048  18  32768  0.6498E-10
 16  2048  18  32768  0.6465E-10
 16  2048  18  32768  0.6500E-10
 16  2048  18  32768  0.6489E-10
 16  2048  18  32768  0.6484E-10
 16  2048  19  32768  0.7198E-10
 16  2048  19  32768  0.7200E-10
 16  2048  19  32768  0.7203E-10
 16  2048  19  32768  0.7191E-10
 16  2048  19  32768  0.7188E-10
 16  2048  20  32768  0.7221E-10
 16  2048  20  32768  0.7222E-10
 16  2048  20  32768  0.7217E-10
 16  2048  20  32768  0.7216E-10
 16  2048  20  32768  0.7217E-10
