 16  64  3  1024  0.8054E-08
 16  64  3  1024  0.8112E-08
 16  64  3  1024  0.7974E-08
 16  64  3  1024  0.8010E-08
 16  64  3  1024  0.8049E-08
 16  64  4  1024  0.4872E-08
 16  64  4  1024  0.4867E-08
 16  64  4  1024  0.4896E-08
 16  64  4  1024  0.4889E-08
 16  64  4  1024  0.4882E-08
 16  64  5  1024  0.4231E-08
 16  64  5  1024  0.4239E-08
 16  64  5  1024  0.4208E-08
 16  64  5  1024  0.4201E-08
 16  64  5  1024  0.4221E-08
 16  64  6  1024  0.3403E-08
 16  64  6  1024  0.3383E-08
 16  64  6  1024  0.3390E-08
 16  64  6  1024  0.3380E-08
 16  64  6  1024  0.3401E-08
 16  64  7  1024  0.2807E-08
 16  64  7  1024  0.2806E-08
 16  64  7  1024  0.2804E-08
 16  64  7  1024  0.2799E-08
 16  64  7  1024  0.2806E-08
 16  64  8  1024  0.2515E-08
 16  64  8  1024  0.2514E-08
 16  64  8  1024  0.2516E-08
 16  64  8  1024  0.2516E-08
 16  64  8  1024  0.2512E-08
 16  64  9  1024  0.2248E-08
 16  64  9  1024  0.2250E-08
 16  64  9  1024  0.2248E-08
 16  64  9  1024  0.2248E-08
 16  64  9  1024  0.2250E-08
 16  64  10  1024  0.2129E-08
 16  64  10  1024  0.2137E-08
 16  64  10  1024  0.2134E-08
 16  64  10  1024  0.2133E-08
 16  64  10  1024  0.2133E-08
 16  64  11  1024  0.2067E-08
 16  64  11  1024  0.2067E-08
 16  64  11  1024  0.2067E-08
 16  64  11  1024  0.2066E-08
 16  64  11  1024  0.2067E-08
 16  64  12  1024  0.1977E-08
 16  64  12  1024  0.1976E-08
 16  64  12  1024  0.1979E-08
 16  64  12  1024  0.1977E-08
 16  64  12  1024  0.1977E-08
 16  64  13  1024  0.1951E-08
 16  64  13  1024  0.1951E-08
 16  64  13  1024  0.1953E-08
 16  64  13  1024  0.1951E-08
 16  64  13  1024  0.1952E-08
 16  64  14  1024  0.1835E-08
 16  64  14  1024  0.1835E-08
 16  64  14  1024  0.1836E-08
 16  64  14  1024  0.1834E-08
 16  64  14  1024  0.1835E-08
 16  64  15  1024  0.1839E-08
 16  64  15  1024  0.1837E-08
 16  64  15  1024  0.1832E-08
 16  64  15  1024  0.1832E-08
 16  64  15  1024  0.1835E-08
 16  64  16  1024  0.1884E-08
 16  64  16  1024  0.1877E-08
 16  64  16  1024  0.1885E-08
 16  64  16  1024  0.1879E-08
 16  64  16  1024  0.1881E-08
 16  64  17  1024  0.1973E-08
 16  64  17  1024  0.1971E-08
 16  64  17  1024  0.1983E-08
 16  64  17  1024  0.1972E-08
 16  64  17  1024  0.1972E-08
 16  64  18  1024  0.1892E-08
 16  64  18  1024  0.1886E-08
 16  64  18  1024  0.1891E-08
 16  64  18  1024  0.1891E-08
 16  64  18  1024  0.1884E-08
 16  64  19  1024  0.1919E-08
 16  64  19  1024  0.1916E-08
 16  64  19  1024  0.1916E-08
 16  64  19  1024  0.1920E-08
 16  64  19  1024  0.1919E-08
 16  64  20  1024  0.1902E-08
 16  64  20  1024  0.1905E-08
 16  64  20  1024  0.1903E-08
 16  64  20  1024  0.1906E-08
 16  64  20  1024  0.1902E-08
