 16  2  3  32  0.1148E-06
 16  2  3  32  0.1150E-06
 16  2  3  32  0.1142E-06
 16  2  3  32  0.1140E-06
 16  2  3  32  0.1145E-06
 16  2  5  32  0.7011E-07
 16  2  5  32  0.7018E-07
 16  2  5  32  0.7042E-07
 16  2  5  32  0.7013E-07
 16  2  5  32  0.7036E-07
 16  2  6  32  0.6030E-07
 16  2  6  32  0.6008E-07
 16  2  6  32  0.6015E-07
 16  2  6  32  0.6719E-07
 16  2  6  32  0.6013E-07
 16  2  7  32  0.5378E-07
 16  2  7  32  0.5386E-07
 16  2  7  32  0.5381E-07
 16  2  7  32  0.5385E-07
 16  2  7  32  0.5379E-07
 16  2  8  32  0.5181E-07
 16  2  8  32  0.5175E-07
 16  2  8  32  0.5182E-07
 16  2  8  32  0.5185E-07
 16  2  8  32  0.5187E-07
 16  2  9  32  0.4950E-07
 16  2  9  32  0.4940E-07
 16  2  9  32  0.4941E-07
 16  2  9  32  0.4944E-07
 16  2  9  32  0.4939E-07
 16  2  10  32  0.5043E-07
 16  2  10  32  0.5040E-07
 16  2  10  32  0.5043E-07
 16  2  10  32  0.5039E-07
 16  2  10  32  0.5043E-07
 16  2  11  32  0.5095E-07
 16  2  11  32  0.5101E-07
 16  2  11  32  0.5100E-07
 16  2  11  32  0.5100E-07
 16  2  11  32  0.5099E-07
 16  2  12  32  0.4976E-07
 16  2  12  32  0.4983E-07
 16  2  12  32  0.4983E-07
 16  2  12  32  0.4979E-07
 16  2  12  32  0.4984E-07
 16  2  13  32  0.4978E-07
 16  2  13  32  0.4979E-07
 16  2  13  32  0.4980E-07
 16  2  13  32  0.4979E-07
 16  2  13  32  0.4980E-07
 16  2  14  32  0.4844E-07
 16  2  14  32  0.4844E-07
 16  2  14  32  0.4844E-07
 16  2  14  32  0.4843E-07
 16  2  14  32  0.4841E-07
 16  2  15  32  0.4899E-07
 16  2  15  32  0.4929E-07
 16  2  15  32  0.4902E-07
 16  2  15  32  0.4903E-07
 16  2  15  32  0.4898E-07
 16  2  16  32  0.5098E-07
 16  2  16  32  0.5121E-07
 16  2  16  32  0.5097E-07
 16  2  16  32  0.5097E-07
 16  2  16  32  0.5095E-07
 16  2  17  32  0.5443E-07
 16  2  17  32  0.5444E-07
 16  2  17  32  0.5442E-07
 16  2  17  32  0.5445E-07
 16  2  17  32  0.5442E-07
 16  2  18  32  0.5359E-07
 16  2  18  32  0.5360E-07
 16  2  18  32  0.5361E-07
 16  2  18  32  0.5362E-07
 16  2  18  32  0.5359E-07
 16  2  19  32  0.5726E-07
 16  2  19  32  0.5727E-07
 16  2  19  32  0.5727E-07
 16  2  19  32  0.5726E-07
 16  2  19  32  0.5728E-07
 16  2  20  32  0.5454E-07
 16  2  20  32  0.5453E-07
 16  2  20  32  0.5454E-07
 16  2  20  32  0.5452E-07
 16  2  20  32  0.5452E-07
