 1  8  3  8  0.1559E-03
 1  8  3  8  0.1018E-03
 1  8  3  8  0.1059E-03
 1  8  3  8  0.1011E-03
 1  8  3  8  0.8988E-04
 1  8  4  8  0.1631E-03
 1  8  4  8  0.1180E-03
 1  8  4  8  0.1130E-03
 1  8  4  8  0.1111E-03
 1  8  4  8  0.9894E-04
 1  8  5  8  0.1860E-03
 1  8  5  8  0.1550E-03
 1  8  5  8  0.1421E-03
 1  8  5  8  0.1912E-03
 1  8  5  8  0.1349E-03
 1  8  6  8  0.2239E-03
 1  8  6  8  0.1361E-03
 1  8  6  8  0.1311E-03
 1  8  6  8  0.1180E-03
 1  8  6  8  0.1130E-03
 1  8  7  8  0.2341E-03
 1  8  7  8  0.2151E-03
 1  8  7  8  0.1681E-03
 1  8  7  8  0.1409E-03
 1  8  7  8  0.1299E-03
 1  8  8  8  0.1891E-03
 1  8  8  8  0.1359E-03
 1  8  8  8  0.1290E-03
 1  8  8  8  0.1240E-03
 1  8  8  8  0.1919E-03
 1  8  9  8  0.2809E-03
 1  8  9  8  0.1791E-03
 1  8  9  8  0.1650E-03
 1  8  9  8  0.1471E-03
 1  8  9  8  0.1402E-03
 1  8  10  8  0.3400E-03
 1  8  10  8  0.2170E-03
 1  8  10  8  0.1919E-03
 1  8  10  8  0.1860E-03
 1  8  10  8  0.2360E-03
 1  8  11  8  0.3810E-03
 1  8  11  8  0.2480E-03
 1  8  11  8  0.2279E-03
 1  8  11  8  0.2179E-03
 1  8  11  8  0.3040E-03
 1  8  12  8  0.3521E-03
 1  8  12  8  0.2599E-03
 1  8  12  8  0.2360E-03
 1  8  12  8  0.2708E-03
 1  8  12  8  0.2401E-03
 1  8  13  8  0.4020E-03
 1  8  13  8  0.3560E-03
 1  8  13  8  0.2980E-03
 1  8  13  8  0.2851E-03
 1  8  13  8  0.3600E-03
 1  8  14  8  0.4652E-03
 1  8  14  8  0.3340E-03
 1  8  14  8  0.3221E-03
 1  8  14  8  0.4361E-03
 1  8  14  8  0.4301E-03
 1  8  15  8  0.5891E-03
 1  8  15  8  0.4442E-03
 1  8  15  8  0.4492E-03
 1  8  15  8  0.4170E-03
 1  8  15  8  0.4499E-03
 1  8  16  8  0.4869E-03
 1  8  16  8  0.4311E-03
 1  8  16  8  0.4442E-03
 1  8  16  8  0.3889E-03
 1  8  16  8  0.4110E-03
 1  8  17  8  0.6571E-03
 1  8  17  8  0.6020E-03
 1  8  17  8  0.5100E-03
 1  8  17  8  0.5209E-03
 1  8  17  8  0.4959E-03
 1  8  18  8  0.7210E-03
 1  8  18  8  0.5970E-03
 1  8  18  8  0.5600E-03
 1  8  18  8  0.5910E-03
 1  8  18  8  0.5751E-03
 1  8  19  8  0.7911E-03
 1  8  19  8  0.8540E-03
 1  8  19  8  0.7689E-03
 1  8  19  8  0.7670E-03
 1  8  19  8  0.7920E-03
 1  8  20  8  0.7930E-03
 1  8  20  8  0.6380E-03
 1  8  20  8  0.5949E-03
 1  8  20  8  0.5870E-03
 1  8  20  8  0.6249E-03
