 1  16  3  16  0.1569E-03
 1  16  3  16  0.1719E-03
 1  16  3  16  0.1390E-03
 1  16  3  16  0.1380E-03
 1  16  3  16  0.1359E-03
 1  16  4  16  0.1659E-03
 1  16  4  16  0.1440E-03
 1  16  4  16  0.1411E-03
 1  16  4  16  0.1640E-03
 1  16  4  16  0.1490E-03
 1  16  5  16  0.2031E-03
 1  16  5  16  0.1659E-03
 1  16  5  16  0.1619E-03
 1  16  5  16  0.1609E-03
 1  16  5  16  0.2210E-03
 1  16  6  16  0.2110E-03
 1  16  6  16  0.1788E-03
 1  16  6  16  0.1731E-03
 1  16  6  16  0.1848E-03
 1  16  6  16  0.1729E-03
 1  16  7  16  0.2291E-03
 1  16  7  16  0.2000E-03
 1  16  7  16  0.1950E-03
 1  16  7  16  0.2360E-03
 1  16  7  16  0.1991E-03
 1  16  8  16  0.2892E-03
 1  16  8  16  0.2458E-03
 1  16  8  16  0.2420E-03
 1  16  8  16  0.2739E-03
 1  16  8  16  0.2460E-03
 1  16  9  16  0.4370E-03
 1  16  9  16  0.4032E-03
 1  16  9  16  0.3281E-03
 1  16  9  16  0.3190E-03
 1  16  9  16  0.4039E-03
 1  16  10  16  0.4301E-03
 1  16  10  16  0.4539E-03
 1  16  10  16  0.3929E-03
 1  16  10  16  0.4170E-03
 1  16  10  16  0.3810E-03
 1  16  11  16  0.5138E-03
 1  16  11  16  0.5219E-03
 1  16  11  16  0.4518E-03
 1  16  11  16  0.4721E-03
 1  16  11  16  0.4439E-03
 1  16  12  16  0.7131E-03
 1  16  12  16  0.6270E-03
 1  16  12  16  0.6921E-03
 1  16  12  16  0.6392E-03
 1  16  12  16  0.6039E-03
 1  16  13  16  0.7041E-03
 1  16  13  16  0.8450E-03
 1  16  13  16  0.8750E-03
 1  16  13  16  0.7980E-03
 1  16  13  16  0.6771E-03
 1  16  14  16  0.8378E-03
 1  16  14  16  0.7281E-03
 1  16  14  16  0.7031E-03
 1  16  14  16  0.1043E-02
 1  16  14  16  0.1019E-02
 1  16  15  16  0.1019E-02
 1  16  15  16  0.9320E-03
 1  16  15  16  0.8931E-03
 1  16  15  16  0.8829E-03
 1  16  15  16  0.8790E-03
 1  16  16  16  0.1556E-02
 1  16  16  16  0.1433E-02
 1  16  16  16  0.1356E-02
 1  16  16  16  0.1363E-02
 1  16  16  16  0.1317E-02
 1  16  17  16  0.1883E-02
 1  16  17  16  0.1765E-02
 1  16  17  16  0.1687E-02
 1  16  17  16  0.1663E-02
 1  16  17  16  0.1701E-02
 1  16  18  16  0.2006E-02
 1  16  18  16  0.1900E-02
 1  16  18  16  0.1879E-02
 1  16  18  16  0.1866E-02
 1  16  18  16  0.1861E-02
 1  16  19  16  0.2499E-02
 1  16  19  16  0.2374E-02
 1  16  19  16  0.2422E-02
 1  16  19  16  0.2332E-02
 1  16  19  16  0.2355E-02
 1  16  20  16  0.2982E-02
 1  16  20  16  0.2928E-02
 1  16  20  16  0.2953E-02
 1  16  20  16  0.2898E-02
 1  16  20  16  0.2956E-02
