 1  32  3  32  0.2391E-03
 1  32  3  32  0.1929E-03
 1  32  3  32  0.2041E-03
 1  32  3  32  0.2010E-03
 1  32  3  32  0.1771E-03
 1  32  4  32  0.2520E-03
 1  32  4  32  0.2489E-03
 1  32  4  32  0.2351E-03
 1  32  4  32  0.2151E-03
 1  32  4  32  0.2170E-03
 1  32  5  32  0.3111E-03
 1  32  5  32  0.2499E-03
 1  32  5  32  0.2131E-03
 1  32  5  32  0.2351E-03
 1  32  5  32  0.2079E-03
 1  32  6  32  0.2809E-03
 1  32  6  32  0.2508E-03
 1  32  6  32  0.2329E-03
 1  32  6  32  0.2451E-03
 1  32  6  32  0.2310E-03
 1  32  7  32  0.2940E-03
 1  32  7  32  0.2689E-03
 1  32  7  32  0.2880E-03
 1  32  7  32  0.2580E-03
 1  32  7  32  0.2639E-03
 1  32  8  32  0.3049E-03
 1  32  8  32  0.3121E-03
 1  32  8  32  0.2770E-03
 1  32  8  32  0.2739E-03
 1  32  8  32  0.2911E-03
 1  32  9  32  0.3731E-03
 1  32  9  32  0.3569E-03
 1  32  9  32  0.3662E-03
 1  32  9  32  0.3562E-03
 1  32  9  32  0.3681E-03
 1  32  10  32  0.4590E-03
 1  32  10  32  0.4661E-03
 1  32  10  32  0.4170E-03
 1  32  10  32  0.4530E-03
 1  32  10  32  0.4151E-03
 1  32  11  32  0.5810E-03
 1  32  11  32  0.5209E-03
 1  32  11  32  0.5291E-03
 1  32  11  32  0.5362E-03
 1  32  11  32  0.5059E-03
 1  32  12  32  0.7300E-03
 1  32  12  32  0.6831E-03
 1  32  12  32  0.6471E-03
 1  32  12  32  0.6881E-03
 1  32  12  32  0.6680E-03
 1  32  13  32  0.8101E-03
 1  32  13  32  0.7529E-03
 1  32  13  32  0.7441E-03
 1  32  13  32  0.7188E-03
 1  32  13  32  0.7141E-03
 1  32  14  32  0.1195E-02
 1  32  14  32  0.9630E-03
 1  32  14  32  0.9000E-03
 1  32  14  32  0.8950E-03
 1  32  14  32  0.8481E-03
 1  32  15  32  0.1107E-02
 1  32  15  32  0.9999E-03
 1  32  15  32  0.9701E-03
 1  32  15  32  0.9542E-03
 1  32  15  32  0.9491E-03
 1  32  16  32  0.1517E-02
 1  32  16  32  0.1367E-02
 1  32  16  32  0.1362E-02
 1  32  16  32  0.1326E-02
 1  32  16  32  0.1310E-02
 1  32  17  32  0.1848E-02
 1  32  17  32  0.1657E-02
 1  32  17  32  0.1644E-02
 1  32  17  32  0.1671E-02
 1  32  17  32  0.1652E-02
 1  32  18  32  0.2137E-02
 1  32  18  32  0.2414E-02
 1  32  18  32  0.2038E-02
 1  32  18  32  0.2017E-02
 1  32  18  32  0.2004E-02
 1  32  19  32  0.2766E-02
 1  32  19  32  0.2557E-02
 1  32  19  32  0.2486E-02
 1  32  19  32  0.2487E-02
 1  32  19  32  0.2551E-02
 1  32  20  32  0.3182E-02
 1  32  20  32  0.3129E-02
 1  32  20  32  0.3124E-02
 1  32  20  32  0.3385E-02
 1  32  20  32  0.3145E-02
