 1  64  3  64  0.1960E-03
 1  64  3  64  0.1240E-03
 1  64  3  64  0.1130E-03
 1  64  3  64  0.1111E-03
 1  64  3  64  0.1171E-03
 1  64  4  64  0.2489E-03
 1  64  4  64  0.1311E-03
 1  64  4  64  0.1199E-03
 1  64  4  64  0.1230E-03
 1  64  4  64  0.1130E-03
 1  64  5  64  0.2851E-03
 1  64  5  64  0.2110E-03
 1  64  5  64  0.2010E-03
 1  64  5  64  0.1960E-03
 1  64  5  64  0.2289E-03
 1  64  6  64  0.3369E-03
 1  64  6  64  0.1628E-03
 1  64  6  64  0.1490E-03
 1  64  6  64  0.1841E-03
 1  64  6  64  0.2429E-03
 1  64  7  64  0.3490E-03
 1  64  7  64  0.1988E-03
 1  64  7  64  0.1879E-03
 1  64  7  64  0.1791E-03
 1  64  7  64  0.2370E-03
 1  64  8  64  0.2482E-03
 1  64  8  64  0.1690E-03
 1  64  8  64  0.1640E-03
 1  64  8  64  0.2000E-03
 1  64  8  64  0.2351E-03
 1  64  9  64  0.3119E-03
 1  64  9  64  0.1979E-03
 1  64  9  64  0.1881E-03
 1  64  9  64  0.2379E-03
 1  64  9  64  0.2241E-03
 1  64  10  64  0.4320E-03
 1  64  10  64  0.2751E-03
 1  64  10  64  0.4401E-03
 1  64  10  64  0.3099E-03
 1  64  10  64  0.4070E-03
 1  64  11  64  0.4830E-03
 1  64  11  64  0.3550E-03
 1  64  11  64  0.4382E-03
 1  64  11  64  0.5081E-03
 1  64  11  64  0.5639E-03
 1  64  12  64  0.4611E-03
 1  64  12  64  0.3951E-03
 1  64  12  64  0.3319E-03
 1  64  12  64  0.3648E-03
 1  64  12  64  0.3822E-03
 1  64  13  64  0.5491E-03
 1  64  13  64  0.6530E-03
 1  64  13  64  0.6680E-03
 1  64  13  64  0.5181E-03
 1  64  13  64  0.5910E-03
 1  64  14  64  0.5460E-03
 1  64  14  64  0.4079E-03
 1  64  14  64  0.4349E-03
 1  64  14  64  0.3929E-03
 1  64  14  64  0.3989E-03
 1  64  15  64  0.7029E-03
 1  64  15  64  0.6330E-03
 1  64  15  64  0.7870E-03
 1  64  15  64  0.8509E-03
 1  64  15  64  0.8740E-03
 1  64  16  64  0.5610E-03
 1  64  16  64  0.6571E-03
 1  64  16  64  0.7088E-03
 1  64  16  64  0.6919E-03
 1  64  16  64  0.6790E-03
 1  64  17  64  0.7799E-03
 1  64  17  64  0.7410E-03
 1  64  17  64  0.7560E-03
 1  64  17  64  0.7811E-03
 1  64  17  64  0.6909E-03
 1  64  18  64  0.7939E-03
 1  64  18  64  0.8631E-03
 1  64  18  64  0.8621E-03
 1  64  18  64  0.8259E-03
 1  64  18  64  0.8450E-03
 1  64  19  64  0.1003E-02
 1  64  19  64  0.9480E-03
 1  64  19  64  0.9420E-03
 1  64  19  64  0.9570E-03
 1  64  19  64  0.9701E-03
 1  64  20  64  0.1568E-02
 1  64  20  64  0.1157E-02
 1  64  20  64  0.9089E-03
 1  64  20  64  0.9592E-03
 1  64  20  64  0.9670E-03
