nelt np nx1 elements time
 1  4  3  4  0.4825E-02
 1  4  3  4  0.4684E-02
 1  4  3  4  0.4667E-02
 1  4  3  4  0.4715E-02
 1  4  3  4  0.4619E-02
 1  4  4  4  0.5217E-02
 1  4  4  4  0.4974E-02
 1  4  4  4  0.4978E-02
 1  4  4  4  0.4865E-02
 1  4  4  4  0.4922E-02
 1  4  5  4  0.5403E-02
 1  4  5  4  0.5172E-02
 1  4  5  4  0.5132E-02
 1  4  5  4  0.5155E-02
 1  4  5  4  0.5034E-02
 1  4  6  4  0.5667E-02
 1  4  6  4  0.5278E-02
 1  4  6  4  0.5182E-02
 1  4  6  4  0.5130E-02
 1  4  6  4  0.5171E-02
 1  4  7  4  0.6037E-02
 1  4  7  4  0.5559E-02
 1  4  7  4  0.5547E-02
 1  4  7  4  0.5566E-02
 1  4  7  4  0.5483E-02
 1  4  8  4  0.6565E-02
 1  4  8  4  0.5954E-02
 1  4  8  4  0.5935E-02
 1  4  8  4  0.5822E-02
 1  4  8  4  0.5988E-02
 1  4  9  4  0.9349E-02
 1  4  9  4  0.8413E-02
 1  4  9  4  0.8418E-02
 1  4  9  4  0.8383E-02
 1  4  9  4  0.8282E-02
 1  4  10  4  0.8676E-02
 1  4  10  4  0.7972E-02
 1  4  10  4  0.7871E-02
 1  4  10  4  0.7738E-02
 1  4  10  4  0.7847E-02
 1  4  11  4  0.9845E-02
 1  4  11  4  0.9003E-02
 1  4  11  4  0.9085E-02
 1  4  11  4  0.9046E-02
 1  4  11  4  0.8902E-02
 1  4  12  4  0.1286E-01
 1  4  12  4  0.1147E-01
 1  4  12  4  0.1170E-01
 1  4  12  4  0.1158E-01
 1  4  12  4  0.1146E-01
 1  4  13  4  0.1511E-01
 1  4  13  4  0.1273E-01
 1  4  13  4  0.1282E-01
 1  4  13  4  0.1266E-01
 1  4  13  4  0.1287E-01
 1  4  14  4  0.1785E-01
 1  4  14  4  0.1670E-01
 1  4  14  4  0.1675E-01
 1  4  14  4  0.1663E-01
 1  4  14  4  0.1668E-01
 1  4  15  4  0.2211E-01
 1  4  15  4  0.2084E-01
 1  4  15  4  0.2064E-01
 1  4  15  4  0.2084E-01
 1  4  15  4  0.2085E-01
 1  4  16  4  0.2497E-01
 1  4  16  4  0.2250E-01
 1  4  16  4  0.2232E-01
 1  4  16  4  0.2250E-01
 1  4  16  4  0.2236E-01
 1  4  17  4  0.3345E-01
 1  4  17  4  0.3227E-01
 1  4  17  4  0.3214E-01
 1  4  17  4  0.3242E-01
 1  4  17  4  0.3233E-01
 1  4  18  4  0.3534E-01
 1  4  18  4  0.3506E-01
 1  4  18  4  0.3506E-01
 1  4  18  4  0.3518E-01
 1  4  18  4  0.3516E-01
 1  4  19  4  0.4547E-01
 1  4  19  4  0.4398E-01
 1  4  19  4  0.4373E-01
 1  4  19  4  0.4372E-01
 1  4  19  4  0.4377E-01
 1  4  20  4  0.4766E-01
 1  4  20  4  0.4660E-01
 1  4  20  4  0.4669E-01
 1  4  20  4  0.4666E-01
 1  4  20  4  0.4659E-01
