 1  8  3  8  0.8607E-04
 1  8  3  8  0.8202E-04
 1  8  3  8  0.7987E-04
 1  8  3  8  0.7987E-04
 1  8  3  8  0.7820E-04
 1  8  4  8  0.1361E-03
 1  8  4  8  0.1321E-03
 1  8  4  8  0.1070E-03
 1  8  4  8  0.1030E-03
 1  8  4  8  0.1121E-03
 1  8  5  8  0.1190E-03
 1  8  5  8  0.1202E-03
 1  8  5  8  0.1149E-03
 1  8  5  8  0.1509E-03
 1  8  5  8  0.1199E-03
 1  8  6  8  0.1140E-03
 1  8  6  8  0.1590E-03
 1  8  6  8  0.1540E-03
 1  8  6  8  0.1309E-03
 1  8  6  8  0.1500E-03
 1  8  7  8  0.1299E-03
 1  8  7  8  0.1240E-03
 1  8  7  8  0.1202E-03
 1  8  7  8  0.1261E-03
 1  8  7  8  0.1330E-03
 1  8  8  8  0.1469E-03
 1  8  8  8  0.1509E-03
 1  8  8  8  0.1490E-03
 1  8  8  8  0.1659E-03
 1  8  8  8  0.1431E-03
 1  8  9  8  0.1719E-03
 1  8  9  8  0.1240E-03
 1  8  9  8  0.1459E-03
 1  8  9  8  0.1259E-03
 1  8  9  8  0.1252E-03
 1  8  10  8  0.2530E-03
 1  8  10  8  0.2010E-03
 1  8  10  8  0.1590E-03
 1  8  10  8  0.1740E-03
 1  8  10  8  0.1688E-03
 1  8  11  8  0.2759E-03
 1  8  11  8  0.3011E-03
 1  8  11  8  0.2880E-03
 1  8  11  8  0.2842E-03
 1  8  11  8  0.2639E-03
 1  8  12  8  0.2229E-03
 1  8  12  8  0.2141E-03
 1  8  12  8  0.2279E-03
 1  8  12  8  0.2251E-03
 1  8  12  8  0.2279E-03
 1  8  13  8  0.3319E-03
 1  8  13  8  0.3490E-03
 1  8  13  8  0.4511E-03
 1  8  13  8  0.3459E-03
 1  8  13  8  0.3500E-03
 1  8  14  8  0.4480E-03
 1  8  14  8  0.3769E-03
 1  8  14  8  0.3960E-03
 1  8  14  8  0.2928E-03
 1  8  14  8  0.3159E-03
 1  8  15  8  0.4199E-03
 1  8  15  8  0.4182E-03
 1  8  15  8  0.3819E-03
 1  8  15  8  0.4060E-03
 1  8  15  8  0.3760E-03
 1  8  16  8  0.3719E-03
 1  8  16  8  0.3541E-03
 1  8  16  8  0.3688E-03
 1  8  16  8  0.3529E-03
 1  8  16  8  0.4141E-03
 1  8  17  8  0.4790E-03
 1  8  17  8  0.4952E-03
 1  8  17  8  0.4549E-03
 1  8  17  8  0.4799E-03
 1  8  17  8  0.4449E-03
 1  8  18  8  0.7131E-03
 1  8  18  8  0.7162E-03
 1  8  18  8  0.7269E-03
 1  8  18  8  0.7150E-03
 1  8  18  8  0.7029E-03
 1  8  19  8  0.7510E-03
 1  8  19  8  0.7169E-03
 1  8  19  8  0.7060E-03
 1  8  19  8  0.7050E-03
 1  8  19  8  0.7172E-03
 1  8  20  8  0.5488E-03
 1  8  20  8  0.5410E-03
 1  8  20  8  0.5660E-03
 1  8  20  8  0.5231E-03
 1  8  20  8  0.5410E-03
