 1  4  3  4  0.9203E-04
 1  4  3  4  0.8988E-04
 1  4  3  4  0.8488E-04
 1  4  3  4  0.7296E-04
 1  4  3  4  0.5293E-04
 1  4  4  4  0.8512E-04
 1  4  4  4  0.8106E-04
 1  4  4  4  0.7892E-04
 1  4  4  4  0.9608E-04
 1  4  4  4  0.7987E-04
 1  4  5  4  0.9489E-04
 1  4  5  4  0.9012E-04
 1  4  5  4  0.8488E-04
 1  4  5  4  0.9012E-04
 1  4  5  4  0.8893E-04
 1  4  6  4  0.9298E-04
 1  4  6  4  0.8202E-04
 1  4  6  4  0.8988E-04
 1  4  6  4  0.8893E-04
 1  4  6  4  0.8893E-04
 1  4  7  4  0.1230E-03
 1  4  7  4  0.1140E-03
 1  4  7  4  0.1402E-03
 1  4  7  4  0.1140E-03
 1  4  7  4  0.1101E-03
 1  4  8  4  0.8678E-04
 1  4  8  4  0.8988E-04
 1  4  8  4  0.8702E-04
 1  4  8  4  0.1101E-03
 1  4  8  4  0.9298E-04
 1  4  9  4  0.1540E-03
 1  4  9  4  0.1221E-03
 1  4  9  4  0.1140E-03
 1  4  9  4  0.1130E-03
 1  4  9  4  0.1121E-03
 1  4  10  4  0.1650E-03
 1  4  10  4  0.1540E-03
 1  4  10  4  0.1509E-03
 1  4  10  4  0.1528E-03
 1  4  10  4  0.1469E-03
 1  4  11  4  0.1960E-03
 1  4  11  4  0.1919E-03
 1  4  11  4  0.1860E-03
 1  4  11  4  0.2089E-03
 1  4  11  4  0.1860E-03
 1  4  12  4  0.1829E-03
 1  4  12  4  0.1521E-03
 1  4  12  4  0.1481E-03
 1  4  12  4  0.1910E-03
 1  4  12  4  0.1440E-03
 1  4  13  4  0.2670E-03
 1  4  13  4  0.2742E-03
 1  4  13  4  0.2248E-03
 1  4  13  4  0.2360E-03
 1  4  13  4  0.1979E-03
 1  4  14  4  0.2952E-03
 1  4  14  4  0.2711E-03
 1  4  14  4  0.2768E-03
 1  4  14  4  0.2620E-03
 1  4  14  4  0.2432E-03
 1  4  15  4  0.4189E-03
 1  4  15  4  0.3741E-03
 1  4  15  4  0.4129E-03
 1  4  15  4  0.3788E-03
 1  4  15  4  0.4101E-03
 1  4  16  4  0.3660E-03
 1  4  16  4  0.3130E-03
 1  4  16  4  0.3049E-03
 1  4  16  4  0.3009E-03
 1  4  16  4  0.2971E-03
 1  4  17  4  0.4940E-03
 1  4  17  4  0.4349E-03
 1  4  17  4  0.4501E-03
 1  4  17  4  0.4771E-03
 1  4  17  4  0.4458E-03
 1  4  18  4  0.5531E-03
 1  4  18  4  0.4740E-03
 1  4  18  4  0.4952E-03
 1  4  18  4  0.4621E-03
 1  4  18  4  0.4630E-03
 1  4  19  4  0.6320E-03
 1  4  19  4  0.6559E-03
 1  4  19  4  0.6561E-03
 1  4  19  4  0.5829E-03
 1  4  19  4  0.6082E-03
 1  4  20  4  0.4900E-03
 1  4  20  4  0.5131E-03
 1  4  20  4  0.4730E-03
 1  4  20  4  0.5000E-03
 1  4  20  4  0.5281E-03
