 1  16  3  16  0.6318E-04
 1  16  3  16  0.5913E-04
 1  16  3  16  0.5698E-04
 1  16  3  16  0.5794E-04
 1  16  3  16  0.5889E-04
 1  16  4  16  0.7892E-04
 1  16  4  16  0.6485E-04
 1  16  4  16  0.6485E-04
 1  16  4  16  0.6294E-04
 1  16  4  16  0.6104E-04
 1  16  5  16  0.1090E-03
 1  16  5  16  0.9894E-04
 1  16  5  16  0.9179E-04
 1  16  5  16  0.1030E-03
 1  16  5  16  0.9680E-04
 1  16  6  16  0.1111E-03
 1  16  6  16  0.1020E-03
 1  16  6  16  0.9513E-04
 1  16  6  16  0.9298E-04
 1  16  6  16  0.9322E-04
 1  16  7  16  0.1109E-03
 1  16  7  16  0.1001E-03
 1  16  7  16  0.9704E-04
 1  16  7  16  0.1011E-03
 1  16  7  16  0.1168E-03
 1  16  8  16  0.1209E-03
 1  16  8  16  0.9394E-04
 1  16  8  16  0.8512E-04
 1  16  8  16  0.8512E-04
 1  16  8  16  0.7892E-04
 1  16  9  16  0.1230E-03
 1  16  9  16  0.1199E-03
 1  16  9  16  0.1090E-03
 1  16  9  16  0.1128E-03
 1  16  9  16  0.1159E-03
 1  16  10  16  0.2711E-03
 1  16  10  16  0.2611E-03
 1  16  10  16  0.3099E-03
 1  16  10  16  0.2551E-03
 1  16  10  16  0.2360E-03
 1  16  11  16  0.3099E-03
 1  16  11  16  0.2689E-03
 1  16  11  16  0.2470E-03
 1  16  11  16  0.2129E-03
 1  16  11  16  0.1922E-03
 1  16  12  16  0.2320E-03
 1  16  12  16  0.2131E-03
 1  16  12  16  0.2360E-03
 1  16  12  16  0.2141E-03
 1  16  12  16  0.1950E-03
 1  16  13  16  0.2880E-03
 1  16  13  16  0.2429E-03
 1  16  13  16  0.2310E-03
 1  16  13  16  0.2239E-03
 1  16  13  16  0.2320E-03
 1  16  14  16  0.2720E-03
 1  16  14  16  0.2661E-03
 1  16  14  16  0.2582E-03
 1  16  14  16  0.2780E-03
 1  16  14  16  0.2542E-03
 1  16  15  16  0.3800E-03
 1  16  15  16  0.3939E-03
 1  16  15  16  0.3550E-03
 1  16  15  16  0.3779E-03
 1  16  15  16  0.3541E-03
 1  16  16  16  0.3400E-03
 1  16  16  16  0.4091E-03
 1  16  16  16  0.3901E-03
 1  16  16  16  0.4039E-03
 1  16  16  16  0.3080E-03
 1  16  17  16  0.5319E-03
 1  16  17  16  0.4699E-03
 1  16  17  16  0.6080E-03
 1  16  17  16  0.4940E-03
 1  16  17  16  0.4580E-03
 1  16  18  16  0.5500E-03
 1  16  18  16  0.4930E-03
 1  16  18  16  0.5200E-03
 1  16  18  16  0.5162E-03
 1  16  18  16  0.4799E-03
 1  16  19  16  0.7541E-03
 1  16  19  16  0.6521E-03
 1  16  19  16  0.6590E-03
 1  16  19  16  0.6151E-03
 1  16  19  16  0.6130E-03
 1  16  20  16  0.5131E-03
 1  16  20  16  0.5188E-03
 1  16  20  16  0.5240E-03
 1  16  20  16  0.4730E-03
 1  16  20  16  0.5090E-03
