 1  8  3  8  0.2048E-03
 1  8  3  8  0.2251E-03
 1  8  3  8  0.2601E-03
 1  8  3  8  0.3130E-03
 1  8  3  8  0.2491E-03
 1  8  4  8  0.3479E-03
 1  8  4  8  0.3378E-03
 1  8  4  8  0.2799E-03
 1  8  4  8  0.3269E-03
 1  8  4  8  0.3369E-03
 1  8  5  8  0.3190E-03
 1  8  5  8  0.3250E-03
 1  8  5  8  0.3071E-03
 1  8  5  8  0.3161E-03
 1  8  5  8  0.3700E-03
 1  8  6  8  0.3889E-03
 1  8  6  8  0.2918E-03
 1  8  6  8  0.3300E-03
 1  8  6  8  0.2830E-03
 1  8  6  8  0.3049E-03
 1  8  7  8  0.4020E-03
 1  8  7  8  0.3140E-03
 1  8  7  8  0.3071E-03
 1  8  7  8  0.3331E-03
 1  8  7  8  0.3152E-03
 1  8  8  8  0.4191E-03
 1  8  8  8  0.3660E-03
 1  8  8  8  0.4201E-03
 1  8  8  8  0.3569E-03
 1  8  8  8  0.3421E-03
 1  8  9  8  0.4191E-03
 1  8  9  8  0.5760E-03
 1  8  9  8  0.5369E-03
 1  8  9  8  0.5469E-03
 1  8  9  8  0.4690E-03
 1  8  10  8  0.5319E-03
 1  8  10  8  0.4778E-03
 1  8  10  8  0.5200E-03
 1  8  10  8  0.4902E-03
 1  8  10  8  0.4971E-03
 1  8  11  8  0.6361E-03
 1  8  11  8  0.5870E-03
 1  8  11  8  0.5882E-03
 1  8  11  8  0.5779E-03
 1  8  11  8  0.5569E-03
 1  8  12  8  0.7410E-03
 1  8  12  8  0.7150E-03
 1  8  12  8  0.7000E-03
 1  8  12  8  0.7081E-03
 1  8  12  8  0.7000E-03
 1  8  13  8  0.8128E-03
 1  8  13  8  0.7849E-03
 1  8  13  8  0.7238E-03
 1  8  13  8  0.7300E-03
 1  8  13  8  0.7601E-03
 1  8  14  8  0.8731E-03
 1  8  14  8  0.8180E-03
 1  8  14  8  0.8278E-03
 1  8  14  8  0.8349E-03
 1  8  14  8  0.8271E-03
 1  8  15  8  0.1083E-02
 1  8  15  8  0.1024E-02
 1  8  15  8  0.9880E-03
 1  8  15  8  0.9751E-03
 1  8  15  8  0.9961E-03
 1  8  16  8  0.1464E-02
 1  8  16  8  0.1400E-02
 1  8  16  8  0.1478E-02
 1  8  16  8  0.1393E-02
 1  8  16  8  0.1384E-02
 1  8  17  8  0.1737E-02
 1  8  17  8  0.1593E-02
 1  8  17  8  0.1608E-02
 1  8  17  8  0.1602E-02
 1  8  17  8  0.1566E-02
 1  8  18  8  0.2079E-02
 1  8  18  8  0.1909E-02
 1  8  18  8  0.1936E-02
 1  8  18  8  0.1917E-02
 1  8  18  8  0.1902E-02
 1  8  19  8  0.2486E-02
 1  8  19  8  0.2374E-02
 1  8  19  8  0.2402E-02
 1  8  19  8  0.2355E-02
 1  8  19  8  0.2399E-02
 1  8  20  8  0.3061E-02
 1  8  20  8  0.3024E-02
 1  8  20  8  0.3045E-02
 1  8  20  8  0.3020E-02
 1  8  20  8  0.3006E-02
