 1  4  3  4  0.1369E-03
 1  4  3  4  0.9203E-04
 1  4  3  4  0.8893E-04
 1  4  3  4  0.1659E-03
 1  4  3  4  0.8893E-04
 1  4  4  4  0.1190E-03
 1  4  4  4  0.7701E-04
 1  4  4  4  0.7200E-04
 1  4  4  4  0.7200E-04
 1  4  4  4  0.7296E-04
 1  4  5  4  0.1218E-03
 1  4  5  4  0.9012E-04
 1  4  5  4  0.7796E-04
 1  4  5  4  0.1011E-03
 1  4  5  4  0.8202E-04
 1  4  6  4  0.1221E-03
 1  4  6  4  0.1400E-03
 1  4  6  4  0.1142E-03
 1  4  6  4  0.1061E-03
 1  4  6  4  0.1049E-03
 1  4  7  4  0.1731E-03
 1  4  7  4  0.1462E-03
 1  4  7  4  0.1590E-03
 1  4  7  4  0.1409E-03
 1  4  7  4  0.1330E-03
 1  4  8  4  0.2110E-03
 1  4  8  4  0.1609E-03
 1  4  8  4  0.1740E-03
 1  4  8  4  0.2029E-03
 1  4  8  4  0.1760E-03
 1  4  9  4  0.2911E-03
 1  4  9  4  0.2232E-03
 1  4  9  4  0.2129E-03
 1  4  9  4  0.2079E-03
 1  4  9  4  0.2439E-03
 1  4  10  4  0.3171E-03
 1  4  10  4  0.3240E-03
 1  4  10  4  0.2871E-03
 1  4  10  4  0.2801E-03
 1  4  10  4  0.2980E-03
 1  4  11  4  0.3910E-03
 1  4  11  4  0.3891E-03
 1  4  11  4  0.3369E-03
 1  4  11  4  0.3562E-03
 1  4  11  4  0.3319E-03
 1  4  12  4  0.5059E-03
 1  4  12  4  0.4969E-03
 1  4  12  4  0.5119E-03
 1  4  12  4  0.4809E-03
 1  4  12  4  0.4938E-03
 1  4  13  4  0.5910E-03
 1  4  13  4  0.5779E-03
 1  4  13  4  0.5260E-03
 1  4  13  4  0.5519E-03
 1  4  13  4  0.5422E-03
 1  4  14  4  0.7071E-03
 1  4  14  4  0.6828E-03
 1  4  14  4  0.6380E-03
 1  4  14  4  0.6380E-03
 1  4  14  4  0.6630E-03
 1  4  15  4  0.8340E-03
 1  4  15  4  0.8159E-03
 1  4  15  4  0.8118E-03
 1  4  15  4  0.7730E-03
 1  4  15  4  0.7780E-03
 1  4  16  4  0.1106E-02
 1  4  16  4  0.1107E-02
 1  4  16  4  0.1097E-02
 1  4  16  4  0.1098E-02
 1  4  16  4  0.1103E-02
 1  4  17  4  0.1390E-02
 1  4  17  4  0.1344E-02
 1  4  17  4  0.1362E-02
 1  4  17  4  0.1307E-02
 1  4  17  4  0.1318E-02
 1  4  18  4  0.1567E-02
 1  4  18  4  0.1514E-02
 1  4  18  4  0.1536E-02
 1  4  18  4  0.1544E-02
 1  4  18  4  0.1503E-02
 1  4  19  4  0.1884E-02
 1  4  19  4  0.1888E-02
 1  4  19  4  0.1880E-02
 1  4  19  4  0.1870E-02
 1  4  19  4  0.1878E-02
 1  4  20  4  0.2342E-02
 1  4  20  4  0.2291E-02
 1  4  20  4  0.2323E-02
 1  4  20  4  0.2301E-02
 1  4  20  4  0.2360E-02
