nelt np nx1 elements time
 1  16  3  16  0.4708E-02
 1  16  3  16  0.4628E-02
 1  16  3  16  0.4565E-02
 1  16  3  16  0.4594E-02
 1  16  3  16  0.4662E-02
 1  16  4  16  0.4916E-02
 1  16  4  16  0.4237E-02
 1  16  4  16  0.4645E-02
 1  16  4  16  0.4458E-02
 1  16  4  16  0.4497E-02
 1  16  5  16  0.4821E-02
 1  16  5  16  0.3538E-02
 1  16  5  16  0.3524E-02
 1  16  5  16  0.3914E-02
 1  16  5  16  0.3872E-02
 1  16  6  16  0.5692E-02
 1  16  6  16  0.4396E-02
 1  16  6  16  0.4282E-02
 1  16  6  16  0.4292E-02
 1  16  6  16  0.4309E-02
 1  16  7  16  0.6484E-02
 1  16  7  16  0.5098E-02
 1  16  7  16  0.5440E-02
 1  16  7  16  0.5463E-02
 1  16  7  16  0.5058E-02
 1  16  8  16  0.6909E-02
 1  16  8  16  0.5569E-02
 1  16  8  16  0.5584E-02
 1  16  8  16  0.5898E-02
 1  16  8  16  0.5506E-02
 1  16  9  16  0.8122E-02
 1  16  9  16  0.7153E-02
 1  16  9  16  0.6978E-02
 1  16  9  16  0.6579E-02
 1  16  9  16  0.6468E-02
 1  16  10  16  0.1027E-01
 1  16  10  16  0.8279E-02
 1  16  10  16  0.8456E-02
 1  16  10  16  0.7503E-02
 1  16  10  16  0.8376E-02
 1  16  11  16  0.1172E-01
 1  16  11  16  0.1086E-01
 1  16  11  16  0.1077E-01
 1  16  11  16  0.1083E-01
 1  16  11  16  0.1091E-01
 1  16  12  16  0.1259E-01
 1  16  12  16  0.1134E-01
 1  16  12  16  0.1126E-01
 1  16  12  16  0.1112E-01
 1  16  12  16  0.1129E-01
 1  16  13  16  0.1494E-01
 1  16  13  16  0.1271E-01
 1  16  13  16  0.1265E-01
 1  16  13  16  0.1253E-01
 1  16  13  16  0.1268E-01
 1  16  14  16  0.1828E-01
 1  16  14  16  0.1652E-01
 1  16  14  16  0.1629E-01
 1  16  14  16  0.1631E-01
 1  16  14  16  0.1631E-01
 1  16  15  16  0.2108E-01
 1  16  15  16  0.1916E-01
 1  16  15  16  0.1899E-01
 1  16  15  16  0.1900E-01
 1  16  15  16  0.1898E-01
 1  16  16  16  0.2524E-01
 1  16  16  16  0.2396E-01
 1  16  16  16  0.2421E-01
 1  16  16  16  0.2413E-01
 1  16  16  16  0.2358E-01
 1  16  17  16  0.3430E-01
 1  16  17  16  0.3363E-01
 1  16  17  16  0.3339E-01
 1  16  17  16  0.3262E-01
 1  16  17  16  0.3332E-01
 1  16  18  16  0.3794E-01
 1  16  18  16  0.3781E-01
 1  16  18  16  0.3741E-01
 1  16  18  16  0.3687E-01
 1  16  18  16  0.3685E-01
 1  16  19  16  0.4969E-01
 1  16  19  16  0.4745E-01
 1  16  19  16  0.4836E-01
 1  16  19  16  0.4953E-01
 1  16  19  16  0.4863E-01
 1  16  20  16  0.5097E-01
 1  16  20  16  0.5063E-01
 1  16  20  16  0.5084E-01
 1  16  20  16  0.5063E-01
 1  16  20  16  0.5047E-01
