 1  8  3  8  0.1051E-03
 1  8  3  8  0.7200E-04
 1  8  3  8  0.6890E-04
 1  8  3  8  0.6700E-04
 1  8  3  8  0.7391E-04
 1  8  4  8  0.1462E-03
 1  8  4  8  0.1130E-03
 1  8  4  8  0.1070E-03
 1  8  4  8  0.1190E-03
 1  8  4  8  0.1171E-03
 1  8  5  8  0.1700E-03
 1  8  5  8  0.1619E-03
 1  8  5  8  0.1540E-03
 1  8  5  8  0.1540E-03
 1  8  5  8  0.1519E-03
 1  8  6  8  0.2460E-03
 1  8  6  8  0.2022E-03
 1  8  6  8  0.1981E-03
 1  8  6  8  0.1631E-03
 1  8  6  8  0.1590E-03
 1  8  7  8  0.2000E-03
 1  8  7  8  0.1669E-03
 1  8  7  8  0.1700E-03
 1  8  7  8  0.1609E-03
 1  8  7  8  0.1550E-03
 1  8  8  8  0.3061E-03
 1  8  8  8  0.2220E-03
 1  8  8  8  0.2129E-03
 1  8  8  8  0.1988E-03
 1  8  8  8  0.1981E-03
 1  8  9  8  0.3209E-03
 1  8  9  8  0.2599E-03
 1  8  9  8  0.2449E-03
 1  8  9  8  0.2739E-03
 1  8  9  8  0.2451E-03
 1  8  10  8  0.3510E-03
 1  8  10  8  0.3860E-03
 1  8  10  8  0.3560E-03
 1  8  10  8  0.4201E-03
 1  8  10  8  0.3302E-03
 1  8  11  8  0.4120E-03
 1  8  11  8  0.4230E-03
 1  8  11  8  0.4070E-03
 1  8  11  8  0.4170E-03
 1  8  11  8  0.3650E-03
 1  8  12  8  0.5751E-03
 1  8  12  8  0.5589E-03
 1  8  12  8  0.5062E-03
 1  8  12  8  0.5491E-03
 1  8  12  8  0.5031E-03
 1  8  13  8  0.7801E-03
 1  8  13  8  0.6661E-03
 1  8  13  8  0.5960E-03
 1  8  13  8  0.5901E-03
 1  8  13  8  0.6120E-03
 1  8  14  8  0.6721E-03
 1  8  14  8  0.6471E-03
 1  8  14  8  0.6630E-03
 1  8  14  8  0.6461E-03
 1  8  14  8  0.6270E-03
 1  8  15  8  0.8180E-03
 1  8  15  8  0.7930E-03
 1  8  15  8  0.7730E-03
 1  8  15  8  0.7739E-03
 1  8  15  8  0.7930E-03
 1  8  16  8  0.1204E-02
 1  8  16  8  0.1125E-02
 1  8  16  8  0.1129E-02
 1  8  16  8  0.1131E-02
 1  8  16  8  0.1099E-02
 1  8  17  8  0.1355E-02
 1  8  17  8  0.1349E-02
 1  8  17  8  0.1349E-02
 1  8  17  8  0.1322E-02
 1  8  17  8  0.1359E-02
 1  8  18  8  0.1715E-02
 1  8  18  8  0.1622E-02
 1  8  18  8  0.1599E-02
 1  8  18  8  0.1567E-02
 1  8  18  8  0.1552E-02
 1  8  19  8  0.1943E-02
 1  8  19  8  0.1933E-02
 1  8  19  8  0.1943E-02
 1  8  19  8  0.1929E-02
 1  8  19  8  0.1914E-02
 1  8  20  8  0.2583E-02
 1  8  20  8  0.2579E-02
 1  8  20  8  0.2562E-02
 1  8  20  8  0.2595E-02
 1  8  20  8  0.2583E-02
