 1  64  3  64  0.2060E-03
 1  64  3  64  0.1490E-03
 1  64  3  64  0.1502E-03
 1  64  3  64  0.1440E-03
 1  64  3  64  0.1688E-03
 1  64  4  64  0.2210E-03
 1  64  4  64  0.1440E-03
 1  64  4  64  0.1400E-03
 1  64  4  64  0.1400E-03
 1  64  4  64  0.1888E-03
 1  64  5  64  0.2880E-03
 1  64  5  64  0.2131E-03
 1  64  5  64  0.2260E-03
 1  64  5  64  0.2320E-03
 1  64  5  64  0.2220E-03
 1  64  6  64  0.2909E-03
 1  64  6  64  0.2780E-03
 1  64  6  64  0.2611E-03
 1  64  6  64  0.2921E-03
 1  64  6  64  0.2799E-03
 1  64  7  64  0.3130E-03
 1  64  7  64  0.3059E-03
 1  64  7  64  0.2542E-03
 1  64  7  64  0.2561E-03
 1  64  7  64  0.3371E-03
 1  64  8  64  0.5488E-03
 1  64  8  64  0.4520E-03
 1  64  8  64  0.5159E-03
 1  64  8  64  0.4690E-03
 1  64  8  64  0.4420E-03
 1  64  9  64  0.5059E-03
 1  64  9  64  0.4852E-03
 1  64  9  64  0.4320E-03
 1  64  9  64  0.4690E-03
 1  64  9  64  0.4261E-03
 1  64  10  64  0.6640E-03
 1  64  10  64  0.6731E-03
 1  64  10  64  0.6750E-03
 1  64  10  64  0.6711E-03
 1  64  10  64  0.6199E-03
 1  64  11  64  0.7839E-03
 1  64  11  64  0.7210E-03
 1  64  11  64  0.8979E-03
 1  64  11  64  0.7539E-03
 1  64  11  64  0.8869E-03
 1  64  12  64  0.9432E-03
 1  64  12  64  0.9608E-03
 1  64  12  64  0.9699E-03
 1  64  12  64  0.9620E-03
 1  64  12  64  0.9501E-03
 1  64  13  64  0.1055E-02
 1  64  13  64  0.1070E-02
 1  64  13  64  0.1078E-02
 1  64  13  64  0.1061E-02
 1  64  13  64  0.1130E-02
 1  64  14  64  0.9880E-03
 1  64  14  64  0.9370E-03
 1  64  14  64  0.1035E-02
 1  64  14  64  0.1071E-02
 1  64  14  64  0.9520E-03
 1  64  15  64  0.1123E-02
 1  64  15  64  0.1252E-02
 1  64  15  64  0.1132E-02
 1  64  15  64  0.1136E-02
 1  64  15  64  0.1380E-02
 1  64  16  64  0.1790E-02
 1  64  16  64  0.1861E-02
 1  64  16  64  0.1888E-02
 1  64  16  64  0.1785E-02
 1  64  16  64  0.1784E-02
 1  64  17  64  0.1758E-02
 1  64  17  64  0.1767E-02
 1  64  17  64  0.1788E-02
 1  64  17  64  0.1972E-02
 1  64  17  64  0.1760E-02
 1  64  18  64  0.2088E-02
 1  64  18  64  0.2207E-02
 1  64  18  64  0.2066E-02
 1  64  18  64  0.2101E-02
 1  64  18  64  0.2098E-02
 1  64  19  64  0.2621E-02
 1  64  19  64  0.2550E-02
 1  64  19  64  0.2558E-02
 1  64  19  64  0.2777E-02
 1  64  19  64  0.2607E-02
 1  64  20  64  0.3138E-02
 1  64  20  64  0.3643E-02
 1  64  20  64  0.3215E-02
 1  64  20  64  0.3260E-02
 1  64  20  64  0.3505E-02
