 1  2  3  2  0.1581E-03
 1  2  3  2  0.9894E-04
 1  2  3  2  0.9298E-04
 1  2  3  2  0.5388E-04
 1  2  3  2  0.6700E-04
 1  2  4  2  0.1380E-03
 1  2  4  2  0.9298E-04
 1  2  4  2  0.8702E-04
 1  2  4  2  0.4482E-04
 1  2  4  2  0.1009E-03
 1  2  5  2  0.1271E-03
 1  2  5  2  0.1080E-03
 1  2  5  2  0.9418E-04
 1  2  5  2  0.8321E-04
 1  2  5  2  0.8607E-04
 1  2  6  2  0.1869E-03
 1  2  6  2  0.1168E-03
 1  2  6  2  0.1109E-03
 1  2  6  2  0.1020E-03
 1  2  6  2  0.1252E-03
 1  2  7  2  0.2000E-03
 1  2  7  2  0.1318E-03
 1  2  7  2  0.1180E-03
 1  2  7  2  0.1380E-03
 1  2  7  2  0.1352E-03
 1  2  8  2  0.1690E-03
 1  2  8  2  0.1020E-03
 1  2  8  2  0.1040E-03
 1  2  8  2  0.1001E-03
 1  2  8  2  0.9108E-04
 1  2  9  2  0.2170E-03
 1  2  9  2  0.1419E-03
 1  2  9  2  0.1290E-03
 1  2  9  2  0.1221E-03
 1  2  9  2  0.1249E-03
 1  2  10  2  0.2441E-03
 1  2  10  2  0.1881E-03
 1  2  10  2  0.1850E-03
 1  2  10  2  0.1450E-03
 1  2  10  2  0.1481E-03
 1  2  11  2  0.2968E-03
 1  2  11  2  0.2649E-03
 1  2  11  2  0.1929E-03
 1  2  11  2  0.2110E-03
 1  2  11  2  0.2000E-03
 1  2  12  2  0.2558E-03
 1  2  12  2  0.1709E-03
 1  2  12  2  0.1860E-03
 1  2  12  2  0.2110E-03
 1  2  12  2  0.1771E-03
 1  2  13  2  0.3581E-03
 1  2  13  2  0.2570E-03
 1  2  13  2  0.2160E-03
 1  2  13  2  0.2050E-03
 1  2  13  2  0.2229E-03
 1  2  14  2  0.3650E-03
 1  2  14  2  0.2749E-03
 1  2  14  2  0.3061E-03
 1  2  14  2  0.2658E-03
 1  2  14  2  0.2520E-03
 1  2  15  2  0.5300E-03
 1  2  15  2  0.4041E-03
 1  2  15  2  0.4201E-03
 1  2  15  2  0.3860E-03
 1  2  15  2  0.4189E-03
 1  2  16  2  0.3850E-03
 1  2  16  2  0.3660E-03
 1  2  16  2  0.3190E-03
 1  2  16  2  0.3209E-03
 1  2  16  2  0.3231E-03
 1  2  17  2  0.5271E-03
 1  2  17  2  0.4950E-03
 1  2  17  2  0.4649E-03
 1  2  17  2  0.4740E-03
 1  2  17  2  0.4649E-03
 1  2  18  2  0.6559E-03
 1  2  18  2  0.5908E-03
 1  2  18  2  0.5381E-03
 1  2  18  2  0.5670E-03
 1  2  18  2  0.5171E-03
 1  2  19  2  0.7470E-03
 1  2  19  2  0.6709E-03
 1  2  19  2  0.6928E-03
 1  2  19  2  0.6990E-03
 1  2  19  2  0.6909E-03
 1  2  20  2  0.6301E-03
 1  2  20  2  0.5620E-03
 1  2  20  2  0.5469E-03
 1  2  20  2  0.5212E-03
 1  2  20  2  0.5140E-03
