 1  16  3  16  0.1700E-03
 1  16  3  16  0.9203E-04
 1  16  3  16  0.9203E-04
 1  16  3  16  0.7486E-04
 1  16  3  16  0.8011E-04
 1  16  4  16  0.1581E-03
 1  16  4  16  0.9108E-04
 1  16  4  16  0.8512E-04
 1  16  4  16  0.7606E-04
 1  16  4  16  0.7796E-04
 1  16  5  16  0.1869E-03
 1  16  5  16  0.1059E-03
 1  16  5  16  0.1180E-03
 1  16  5  16  0.1080E-03
 1  16  5  16  0.9108E-04
 1  16  6  16  0.2038E-03
 1  16  6  16  0.9394E-04
 1  16  6  16  0.1140E-03
 1  16  6  16  0.9394E-04
 1  16  6  16  0.9513E-04
 1  16  7  16  0.2410E-03
 1  16  7  16  0.1540E-03
 1  16  7  16  0.1318E-03
 1  16  7  16  0.1631E-03
 1  16  7  16  0.1929E-03
 1  16  8  16  0.2639E-03
 1  16  8  16  0.3259E-03
 1  16  8  16  0.1831E-03
 1  16  8  16  0.1631E-03
 1  16  8  16  0.1581E-03
 1  16  9  16  0.2670E-03
 1  16  9  16  0.1700E-03
 1  16  9  16  0.2010E-03
 1  16  9  16  0.1531E-03
 1  16  9  16  0.1450E-03
 1  16  10  16  0.3581E-03
 1  16  10  16  0.2110E-03
 1  16  10  16  0.1950E-03
 1  16  10  16  0.1850E-03
 1  16  10  16  0.2520E-03
 1  16  11  16  0.4032E-03
 1  16  11  16  0.2451E-03
 1  16  11  16  0.2179E-03
 1  16  11  16  0.3350E-03
 1  16  11  16  0.3231E-03
 1  16  12  16  0.3018E-03
 1  16  12  16  0.3018E-03
 1  16  12  16  0.2618E-03
 1  16  12  16  0.2520E-03
 1  16  12  16  0.2749E-03
 1  16  13  16  0.4542E-03
 1  16  13  16  0.2971E-03
 1  16  13  16  0.3200E-03
 1  16  13  16  0.2820E-03
 1  16  13  16  0.2742E-03
 1  16  14  16  0.4840E-03
 1  16  14  16  0.3269E-03
 1  16  14  16  0.3140E-03
 1  16  14  16  0.3419E-03
 1  16  14  16  0.3061E-03
 1  16  15  16  0.5829E-03
 1  16  15  16  0.4189E-03
 1  16  15  16  0.4389E-03
 1  16  15  16  0.4051E-03
 1  16  15  16  0.4299E-03
 1  16  16  16  0.4961E-03
 1  16  16  16  0.3872E-03
 1  16  16  16  0.4649E-03
 1  16  16  16  0.4580E-03
 1  16  16  16  0.4709E-03
 1  16  17  16  0.6618E-03
 1  16  17  16  0.7081E-03
 1  16  17  16  0.7000E-03
 1  16  17  16  0.6280E-03
 1  16  17  16  0.5212E-03
 1  16  18  16  0.7112E-03
 1  16  18  16  0.5600E-03
 1  16  18  16  0.5970E-03
 1  16  18  16  0.5791E-03
 1  16  18  16  0.5491E-03
 1  16  19  16  0.8490E-03
 1  16  19  16  0.6919E-03
 1  16  19  16  0.9339E-03
 1  16  19  16  0.9530E-03
 1  16  19  16  0.9160E-03
 1  16  20  16  0.8981E-03
 1  16  20  16  0.5920E-03
 1  16  20  16  0.5410E-03
 1  16  20  16  0.5431E-03
 1  16  20  16  0.5848E-03
