 1  2  3  2  0.3982E-04
 1  2  3  2  0.5198E-04
 1  2  3  2  0.5102E-04
 1  2  3  2  0.6604E-04
 1  2  3  2  0.8893E-04
 1  2  4  2  0.5913E-04
 1  2  4  2  0.3099E-04
 1  2  4  2  0.3099E-04
 1  2  4  2  0.3004E-04
 1  2  4  2  0.4911E-04
 1  2  5  2  0.8392E-04
 1  2  5  2  0.7486E-04
 1  2  5  2  0.7892E-04
 1  2  5  2  0.7796E-04
 1  2  5  2  0.7582E-04
 1  2  6  2  0.1040E-03
 1  2  6  2  0.9203E-04
 1  2  6  2  0.8798E-04
 1  2  6  2  0.8798E-04
 1  2  6  2  0.8607E-04
 1  2  7  2  0.1299E-03
 1  2  7  2  0.8702E-04
 1  2  7  2  0.1011E-03
 1  2  7  2  0.1001E-03
 1  2  7  2  0.9894E-04
 1  2  8  2  0.7987E-04
 1  2  8  2  0.8392E-04
 1  2  8  2  0.8202E-04
 1  2  8  2  0.8106E-04
 1  2  8  2  0.8106E-04
 1  2  9  2  0.1101E-03
 1  2  9  2  0.1130E-03
 1  2  9  2  0.1059E-03
 1  2  9  2  0.1049E-03
 1  2  9  2  0.1049E-03
 1  2  10  2  0.1490E-03
 1  2  10  2  0.1402E-03
 1  2  10  2  0.9990E-04
 1  2  10  2  0.1011E-03
 1  2  10  2  0.9704E-04
 1  2  11  2  0.1690E-03
 1  2  11  2  0.1750E-03
 1  2  11  2  0.1681E-03
 1  2  11  2  0.1769E-03
 1  2  11  2  0.1900E-03
 1  2  12  2  0.1521E-03
 1  2  12  2  0.1380E-03
 1  2  12  2  0.1762E-03
 1  2  12  2  0.1340E-03
 1  2  12  2  0.1299E-03
 1  2  13  2  0.2232E-03
 1  2  13  2  0.2170E-03
 1  2  13  2  0.2420E-03
 1  2  13  2  0.1848E-03
 1  2  13  2  0.1812E-03
 1  2  14  2  0.2570E-03
 1  2  14  2  0.2210E-03
 1  2  14  2  0.2480E-03
 1  2  14  2  0.2329E-03
 1  2  14  2  0.2301E-03
 1  2  15  2  0.3841E-03
 1  2  15  2  0.3650E-03
 1  2  15  2  0.3500E-03
 1  2  15  2  0.3362E-03
 1  2  15  2  0.3660E-03
 1  2  16  2  0.2980E-03
 1  2  16  2  0.2949E-03
 1  2  16  2  0.2818E-03
 1  2  16  2  0.2711E-03
 1  2  16  2  0.2952E-03
 1  2  17  2  0.4690E-03
 1  2  17  2  0.4041E-03
 1  2  17  2  0.4461E-03
 1  2  17  2  0.4120E-03
 1  2  17  2  0.4392E-03
 1  2  18  2  0.5231E-03
 1  2  18  2  0.5400E-03
 1  2  18  2  0.4990E-03
 1  2  18  2  0.5069E-03
 1  2  18  2  0.4919E-03
 1  2  19  2  0.6390E-03
 1  2  19  2  0.6392E-03
 1  2  19  2  0.5982E-03
 1  2  19  2  0.5960E-03
 1  2  19  2  0.5999E-03
 1  2  20  2  0.5021E-03
 1  2  20  2  0.4900E-03
 1  2  20  2  0.4551E-03
 1  2  20  2  0.4830E-03
 1  2  20  2  0.4520E-03
