nelt np nx1 elements time
 1  8  3  8  0.5559E-02
 1  8  3  8  0.5616E-02
 1  8  3  8  0.5764E-02
 1  8  3  8  0.5341E-02
 1  8  3  8  0.5648E-02
 1  8  4  8  0.5882E-02
 1  8  4  8  0.5930E-02
 1  8  4  8  0.5375E-02
 1  8  4  8  0.5813E-02
 1  8  4  8  0.5610E-02
 1  8  5  8  0.7140E-02
 1  8  5  8  0.6669E-02
 1  8  5  8  0.6566E-02
 1  8  5  8  0.6401E-02
 1  8  5  8  0.5690E-02
 1  8  6  8  0.7403E-02
 1  8  6  8  0.6688E-02
 1  8  6  8  0.6582E-02
 1  8  6  8  0.6342E-02
 1  8  6  8  0.6391E-02
 1  8  7  8  0.6076E-02
 1  8  7  8  0.5469E-02
 1  8  7  8  0.5453E-02
 1  8  7  8  0.7012E-02
 1  8  7  8  0.5534E-02
 1  8  8  8  0.7057E-02
 1  8  8  8  0.6252E-02
 1  8  8  8  0.6118E-02
 1  8  8  8  0.6100E-02
 1  8  8  8  0.6175E-02
 1  8  9  8  0.1007E-01
 1  8  9  8  0.7760E-02
 1  8  9  8  0.7784E-02
 1  8  9  8  0.8697E-02
 1  8  9  8  0.8548E-02
 1  8  10  8  0.8539E-02
 1  8  10  8  0.7728E-02
 1  8  10  8  0.7595E-02
 1  8  10  8  0.7730E-02
 1  8  10  8  0.7772E-02
 1  8  11  8  0.1164E-01
 1  8  11  8  0.1168E-01
 1  8  11  8  0.1145E-01
 1  8  11  8  0.1217E-01
 1  8  11  8  0.1267E-01
 1  8  12  8  0.1486E-01
 1  8  12  8  0.1359E-01
 1  8  12  8  0.1403E-01
 1  8  12  8  0.1336E-01
 1  8  12  8  0.1350E-01
 1  8  13  8  0.1929E-01
 1  8  13  8  0.1721E-01
 1  8  13  8  0.1541E-01
 1  8  13  8  0.1606E-01
 1  8  13  8  0.1482E-01
 1  8  14  8  0.2219E-01
 1  8  14  8  0.2066E-01
 1  8  14  8  0.1973E-01
 1  8  14  8  0.1923E-01
 1  8  14  8  0.1989E-01
 1  8  15  8  0.2478E-01
 1  8  15  8  0.2378E-01
 1  8  15  8  0.2392E-01
 1  8  15  8  0.2200E-01
 1  8  15  8  0.2245E-01
 1  8  16  8  0.2778E-01
 1  8  16  8  0.2524E-01
 1  8  16  8  0.2573E-01
 1  8  16  8  0.2593E-01
 1  8  16  8  0.2570E-01
 1  8  17  8  0.3735E-01
 1  8  17  8  0.3516E-01
 1  8  17  8  0.3583E-01
 1  8  17  8  0.3508E-01
 1  8  17  8  0.3462E-01
 1  8  18  8  0.4085E-01
 1  8  18  8  0.3932E-01
 1  8  18  8  0.4009E-01
 1  8  18  8  0.3983E-01
 1  8  18  8  0.3914E-01
 1  8  19  8  0.4622E-01
 1  8  19  8  0.4548E-01
 1  8  19  8  0.4561E-01
 1  8  19  8  0.4384E-01
 1  8  19  8  0.4375E-01
 1  8  20  8  0.5113E-01
 1  8  20  8  0.5031E-01
 1  8  20  8  0.5096E-01
 1  8  20  8  0.5092E-01
 1  8  20  8  0.5107E-01
