 1  64  3  64  0.1180E-03
 1  64  3  64  0.1121E-03
 1  64  3  64  0.1092E-03
 1  64  3  64  0.1070E-03
 1  64  3  64  0.1018E-03
 1  64  4  64  0.1600E-03
 1  64  4  64  0.1280E-03
 1  64  4  64  0.1192E-03
 1  64  4  64  0.9608E-04
 1  64  4  64  0.9108E-04
 1  64  5  64  0.1249E-03
 1  64  5  64  0.1080E-03
 1  64  5  64  0.1090E-03
 1  64  5  64  0.1080E-03
 1  64  5  64  0.1729E-03
 1  64  6  64  0.1521E-03
 1  64  6  64  0.1240E-03
 1  64  6  64  0.1290E-03
 1  64  6  64  0.1309E-03
 1  64  6  64  0.1919E-03
 1  64  7  64  0.1719E-03
 1  64  7  64  0.1738E-03
 1  64  7  64  0.1578E-03
 1  64  7  64  0.1929E-03
 1  64  7  64  0.1709E-03
 1  64  8  64  0.1950E-03
 1  64  8  64  0.1900E-03
 1  64  8  64  0.1819E-03
 1  64  8  64  0.1760E-03
 1  64  8  64  0.1240E-03
 1  64  9  64  0.2069E-03
 1  64  9  64  0.2391E-03
 1  64  9  64  0.1822E-03
 1  64  9  64  0.1941E-03
 1  64  9  64  0.1891E-03
 1  64  10  64  0.2911E-03
 1  64  10  64  0.2589E-03
 1  64  10  64  0.3600E-03
 1  64  10  64  0.2949E-03
 1  64  10  64  0.3221E-03
 1  64  11  64  0.4339E-03
 1  64  11  64  0.3290E-03
 1  64  11  64  0.3140E-03
 1  64  11  64  0.4079E-03
 1  64  11  64  0.3619E-03
 1  64  12  64  0.2930E-03
 1  64  12  64  0.2789E-03
 1  64  12  64  0.2718E-03
 1  64  12  64  0.3109E-03
 1  64  12  64  0.2749E-03
 1  64  13  64  0.4809E-03
 1  64  13  64  0.5231E-03
 1  64  13  64  0.5510E-03
 1  64  13  64  0.4621E-03
 1  64  13  64  0.4170E-03
 1  64  14  64  0.3510E-03
 1  64  14  64  0.3481E-03
 1  64  14  64  0.3779E-03
 1  64  14  64  0.3450E-03
 1  64  14  64  0.3948E-03
 1  64  15  64  0.7901E-03
 1  64  15  64  0.6342E-03
 1  64  15  64  0.5829E-03
 1  64  15  64  0.6740E-03
 1  64  15  64  0.6199E-03
 1  64  16  64  0.6719E-03
 1  64  16  64  0.5419E-03
 1  64  16  64  0.4780E-03
 1  64  16  64  0.5150E-03
 1  64  16  64  0.5510E-03
 1  64  17  64  0.7110E-03
 1  64  17  64  0.7250E-03
 1  64  17  64  0.7231E-03
 1  64  17  64  0.7250E-03
 1  64  17  64  0.6802E-03
 1  64  18  64  0.7439E-03
 1  64  18  64  0.7830E-03
 1  64  18  64  0.8039E-03
 1  64  18  64  0.7939E-03
 1  64  18  64  0.7350E-03
 1  64  19  64  0.8869E-03
 1  64  19  64  0.8879E-03
 1  64  19  64  0.9019E-03
 1  64  19  64  0.8929E-03
 1  64  19  64  0.8910E-03
 1  64  20  64  0.8860E-03
 1  64  20  64  0.7992E-03
 1  64  20  64  0.7970E-03
 1  64  20  64  0.7970E-03
 1  64  20  64  0.7889E-03
