 1  64  3  64  0.2680E-03
 1  64  3  64  0.2370E-03
 1  64  3  64  0.2952E-03
 1  64  3  64  0.2999E-03
 1  64  3  64  0.2410E-03
 1  64  4  64  0.3490E-03
 1  64  4  64  0.2618E-03
 1  64  4  64  0.3712E-03
 1  64  4  64  0.3419E-03
 1  64  4  64  0.2980E-03
 1  64  5  64  0.3729E-03
 1  64  5  64  0.2801E-03
 1  64  5  64  0.2809E-03
 1  64  5  64  0.2739E-03
 1  64  5  64  0.2670E-03
 1  64  6  64  0.4160E-03
 1  64  6  64  0.3610E-03
 1  64  6  64  0.3350E-03
 1  64  6  64  0.3371E-03
 1  64  6  64  0.3428E-03
 1  64  7  64  0.3760E-03
 1  64  7  64  0.5019E-03
 1  64  7  64  0.5231E-03
 1  64  7  64  0.3700E-03
 1  64  7  64  0.3760E-03
 1  64  8  64  0.5741E-03
 1  64  8  64  0.4768E-03
 1  64  8  64  0.6161E-03
 1  64  8  64  0.5541E-03
 1  64  8  64  0.5312E-03
 1  64  9  64  0.6030E-03
 1  64  9  64  0.5469E-03
 1  64  9  64  0.4911E-03
 1  64  9  64  0.6289E-03
 1  64  9  64  0.5269E-03
 1  64  10  64  0.7811E-03
 1  64  10  64  0.8500E-03
 1  64  10  64  0.7651E-03
 1  64  10  64  0.7529E-03
 1  64  10  64  0.7071E-03
 1  64  11  64  0.1049E-02
 1  64  11  64  0.8230E-03
 1  64  11  64  0.8259E-03
 1  64  11  64  0.8869E-03
 1  64  11  64  0.8490E-03
 1  64  12  64  0.1155E-02
 1  64  12  64  0.1141E-02
 1  64  12  64  0.1099E-02
 1  64  12  64  0.1091E-02
 1  64  12  64  0.1082E-02
 1  64  13  64  0.1552E-02
 1  64  13  64  0.1327E-02
 1  64  13  64  0.1378E-02
 1  64  13  64  0.1308E-02
 1  64  13  64  0.1427E-02
 1  64  14  64  0.1535E-02
 1  64  14  64  0.1421E-02
 1  64  14  64  0.1358E-02
 1  64  14  64  0.1414E-02
 1  64  14  64  0.1441E-02
 1  64  15  64  0.1671E-02
 1  64  15  64  0.1661E-02
 1  64  15  64  0.1809E-02
 1  64  15  64  0.1753E-02
 1  64  15  64  0.1737E-02
 1  64  16  64  0.2086E-02
 1  64  16  64  0.2053E-02
 1  64  16  64  0.2147E-02
 1  64  16  64  0.2016E-02
 1  64  16  64  0.2040E-02
 1  64  17  64  0.2601E-02
 1  64  17  64  0.2492E-02
 1  64  17  64  0.2420E-02
 1  64  17  64  0.2520E-02
 1  64  17  64  0.2636E-02
 1  64  18  64  0.2951E-02
 1  64  18  64  0.2771E-02
 1  64  18  64  0.2798E-02
 1  64  18  64  0.2801E-02
 1  64  18  64  0.2719E-02
 1  64  19  64  0.3266E-02
 1  64  19  64  0.3349E-02
 1  64  19  64  0.3217E-02
 1  64  19  64  0.3453E-02
 1  64  19  64  0.3228E-02
 1  64  20  64  0.3957E-02
 1  64  20  64  0.4135E-02
 1  64  20  64  0.3957E-02
 1  64  20  64  0.4006E-02
 1  64  20  64  0.4038E-02
