 1  4  3  4  0.2840E-03
 1  4  3  4  0.2761E-03
 1  4  3  4  0.3040E-03
 1  4  3  4  0.2680E-03
 1  4  3  4  0.2310E-03
 1  4  4  4  0.2940E-03
 1  4  4  4  0.1979E-03
 1  4  4  4  0.1812E-03
 1  4  4  4  0.1171E-03
 1  4  4  4  0.1171E-03
 1  4  5  4  0.2720E-03
 1  4  5  4  0.1700E-03
 1  4  5  4  0.1411E-03
 1  4  5  4  0.2642E-03
 1  4  5  4  0.2751E-03
 1  4  6  4  0.2861E-03
 1  4  6  4  0.2830E-03
 1  4  6  4  0.1931E-03
 1  4  6  4  0.2251E-03
 1  4  6  4  0.2401E-03
 1  4  7  4  0.2818E-03
 1  4  7  4  0.2818E-03
 1  4  7  4  0.2899E-03
 1  4  7  4  0.2081E-03
 1  4  7  4  0.2289E-03
 1  4  8  4  0.3591E-03
 1  4  8  4  0.3459E-03
 1  4  8  4  0.3271E-03
 1  4  8  4  0.2518E-03
 1  4  8  4  0.3550E-03
 1  4  9  4  0.3889E-03
 1  4  9  4  0.3810E-03
 1  4  9  4  0.3619E-03
 1  4  9  4  0.3068E-03
 1  4  9  4  0.3588E-03
 1  4  10  4  0.4361E-03
 1  4  10  4  0.4399E-03
 1  4  10  4  0.4151E-03
 1  4  10  4  0.4079E-03
 1  4  10  4  0.4110E-03
 1  4  11  4  0.5360E-03
 1  4  11  4  0.4749E-03
 1  4  11  4  0.5109E-03
 1  4  11  4  0.4869E-03
 1  4  11  4  0.5090E-03
 1  4  12  4  0.6480E-03
 1  4  12  4  0.6380E-03
 1  4  12  4  0.6449E-03
 1  4  12  4  0.6330E-03
 1  4  12  4  0.6199E-03
 1  4  13  4  0.7119E-03
 1  4  13  4  0.6809E-03
 1  4  13  4  0.6800E-03
 1  4  13  4  0.6540E-03
 1  4  13  4  0.6411E-03
 1  4  14  4  0.8690E-03
 1  4  14  4  0.7958E-03
 1  4  14  4  0.7732E-03
 1  4  14  4  0.7861E-03
 1  4  14  4  0.7319E-03
 1  4  15  4  0.9861E-03
 1  4  15  4  0.9601E-03
 1  4  15  4  0.9542E-03
 1  4  15  4  0.9232E-03
 1  4  15  4  0.9351E-03
 1  4  16  4  0.1413E-02
 1  4  16  4  0.1297E-02
 1  4  16  4  0.1430E-02
 1  4  16  4  0.1275E-02
 1  4  16  4  0.1260E-02
 1  4  17  4  0.1658E-02
 1  4  17  4  0.1604E-02
 1  4  17  4  0.1597E-02
 1  4  17  4  0.1517E-02
 1  4  17  4  0.1561E-02
 1  4  18  4  0.1906E-02
 1  4  18  4  0.1813E-02
 1  4  18  4  0.1793E-02
 1  4  18  4  0.1783E-02
 1  4  18  4  0.1749E-02
 1  4  19  4  0.2382E-02
 1  4  19  4  0.2271E-02
 1  4  19  4  0.2267E-02
 1  4  19  4  0.2222E-02
 1  4  19  4  0.2260E-02
 1  4  20  4  0.2858E-02
 1  4  20  4  0.2818E-02
 1  4  20  4  0.2800E-02
 1  4  20  4  0.2793E-02
 1  4  20  4  0.2731E-02
