 1  16  3  16  0.1051E-03
 1  16  3  16  0.7296E-04
 1  16  3  16  0.6700E-04
 1  16  3  16  0.6509E-04
 1  16  3  16  0.6485E-04
 1  16  4  16  0.1142E-03
 1  16  4  16  0.8416E-04
 1  16  4  16  0.7796E-04
 1  16  4  16  0.8202E-04
 1  16  4  16  0.7892E-04
 1  16  5  16  0.2589E-03
 1  16  5  16  0.1469E-03
 1  16  5  16  0.1419E-03
 1  16  5  16  0.1321E-03
 1  16  5  16  0.1340E-03
 1  16  6  16  0.3901E-03
 1  16  6  16  0.1712E-03
 1  16  6  16  0.2370E-03
 1  16  6  16  0.1440E-03
 1  16  6  16  0.1462E-03
 1  16  7  16  0.2010E-03
 1  16  7  16  0.1500E-03
 1  16  7  16  0.1431E-03
 1  16  7  16  0.1390E-03
 1  16  7  16  0.1771E-03
 1  16  8  16  0.2439E-03
 1  16  8  16  0.2408E-03
 1  16  8  16  0.2041E-03
 1  16  8  16  0.1910E-03
 1  16  8  16  0.1841E-03
 1  16  9  16  0.3080E-03
 1  16  9  16  0.2871E-03
 1  16  9  16  0.2530E-03
 1  16  9  16  0.2441E-03
 1  16  9  16  0.3390E-03
 1  16  10  16  0.4032E-03
 1  16  10  16  0.3760E-03
 1  16  10  16  0.3760E-03
 1  16  10  16  0.3538E-03
 1  16  10  16  0.4330E-03
 1  16  11  16  0.4790E-03
 1  16  11  16  0.5119E-03
 1  16  11  16  0.4191E-03
 1  16  11  16  0.4690E-03
 1  16  11  16  0.4449E-03
 1  16  12  16  0.6480E-03
 1  16  12  16  0.6559E-03
 1  16  12  16  0.6070E-03
 1  16  12  16  0.6239E-03
 1  16  12  16  0.6280E-03
 1  16  13  16  0.7341E-03
 1  16  13  16  0.6359E-03
 1  16  13  16  0.6671E-03
 1  16  13  16  0.6459E-03
 1  16  13  16  0.6320E-03
 1  16  14  16  0.7150E-03
 1  16  14  16  0.6330E-03
 1  16  14  16  0.6392E-03
 1  16  14  16  0.6490E-03
 1  16  14  16  0.6320E-03
 1  16  15  16  0.8481E-03
 1  16  15  16  0.8180E-03
 1  16  15  16  0.7989E-03
 1  16  15  16  0.7911E-03
 1  16  15  16  0.7930E-03
 1  16  16  16  0.1360E-02
 1  16  16  16  0.1310E-02
 1  16  16  16  0.1347E-02
 1  16  16  16  0.1291E-02
 1  16  16  16  0.1286E-02
 1  16  17  16  0.1579E-02
 1  16  17  16  0.1631E-02
 1  16  17  16  0.1571E-02
 1  16  17  16  0.1588E-02
 1  16  17  16  0.1588E-02
 1  16  18  16  0.1599E-02
 1  16  18  16  0.1648E-02
 1  16  18  16  0.1585E-02
 1  16  18  16  0.1617E-02
 1  16  18  16  0.1611E-02
 1  16  19  16  0.1954E-02
 1  16  19  16  0.2224E-02
 1  16  19  16  0.1991E-02
 1  16  19  16  0.1988E-02
 1  16  19  16  0.1981E-02
 1  16  20  16  0.2426E-02
 1  16  20  16  0.3005E-02
 1  16  20  16  0.2430E-02
 1  16  20  16  0.2472E-02
 1  16  20  16  0.2411E-02
