nelt np nx1 elements time
 1  64  3  64  0.6334E-02
 1  64  3  64  0.5915E-02
 1  64  3  64  0.5700E-02
 1  64  3  64  0.5770E-02
 1  64  3  64  0.5885E-02
 1  64  4  64  0.6584E-02
 1  64  4  64  0.6224E-02
 1  64  4  64  0.6356E-02
 1  64  4  64  0.5997E-02
 1  64  4  64  0.6006E-02
 1  64  5  64  0.7113E-02
 1  64  5  64  0.7005E-02
 1  64  5  64  0.6377E-02
 1  64  5  64  0.6615E-02
 1  64  5  64  0.6771E-02
 1  64  6  64  0.8036E-02
 1  64  6  64  0.7473E-02
 1  64  6  64  0.9929E-02
 1  64  6  64  0.9615E-02
 1  64  6  64  0.9691E-02
 1  64  7  64  0.1153E-01
 1  64  7  64  0.1050E-01
 1  64  7  64  0.1079E-01
 1  64  7  64  0.1109E-01
 1  64  7  64  0.1052E-01
 1  64  8  64  0.1325E-01
 1  64  8  64  0.1291E-01
 1  64  8  64  0.1257E-01
 1  64  8  64  0.1292E-01
 1  64  8  64  0.1284E-01
 1  64  9  64  0.1665E-01
 1  64  9  64  0.1598E-01
 1  64  9  64  0.1618E-01
 1  64  9  64  0.1607E-01
 1  64  9  64  0.1600E-01
 1  64  10  64  0.1988E-01
 1  64  10  64  0.1876E-01
 1  64  10  64  0.1906E-01
 1  64  10  64  0.1906E-01
 1  64  10  64  0.1891E-01
 1  64  11  64  0.2325E-01
 1  64  11  64  0.2284E-01
 1  64  11  64  0.2191E-01
 1  64  11  64  0.2161E-01
 1  64  11  64  0.2427E-01
 1  64  12  64  0.2833E-01
 1  64  12  64  0.2801E-01
 1  64  12  64  0.2797E-01
 1  64  12  64  0.2813E-01
 1  64  12  64  0.2795E-01
 1  64  13  64  0.3219E-01
 1  64  13  64  0.3123E-01
 1  64  13  64  0.3137E-01
 1  64  13  64  0.3167E-01
 1  64  13  64  0.3168E-01
 1  64  14  64  0.3797E-01
 1  64  14  64  0.3685E-01
 1  64  14  64  0.3499E-01
 1  64  14  64  0.3221E-01
 1  64  14  64  0.3265E-01
 1  64  15  64  0.4111E-01
 1  64  15  64  0.4029E-01
 1  64  15  64  0.4059E-01
 1  64  15  64  0.4035E-01
 1  64  15  64  0.4081E-01
 1  64  16  64  0.4691E-01
 1  64  16  64  0.4486E-01
 1  64  16  64  0.4546E-01
 1  64  16  64  0.4534E-01
 1  64  16  64  0.4569E-01
 1  64  17  64  0.5163E-01
 1  64  17  64  0.5116E-01
 1  64  17  64  0.5156E-01
 1  64  17  64  0.5128E-01
 1  64  17  64  0.5095E-01
 1  64  18  64  0.5852E-01
 1  64  18  64  0.5829E-01
 1  64  18  64  0.5821E-01
 1  64  18  64  0.5839E-01
 1  64  18  64  0.5862E-01
 1  64  19  64  0.6947E-01
 1  64  19  64  0.7052E-01
 1  64  19  64  0.7107E-01
 1  64  19  64  0.7037E-01
 1  64  19  64  0.7045E-01
 1  64  20  64  0.8017E-01
 1  64  20  64  0.8040E-01
 1  64  20  64  0.7998E-01
 1  64  20  64  0.8039E-01
 1  64  20  64  0.8004E-01
