 1  32  3  32  0.1688E-03
 1  32  3  32  0.8893E-04
 1  32  3  32  0.9704E-04
 1  32  3  32  0.9012E-04
 1  32  3  32  0.8893E-04
 1  32  4  32  0.1879E-03
 1  32  4  32  0.1149E-03
 1  32  4  32  0.1330E-03
 1  32  4  32  0.1609E-03
 1  32  4  32  0.2730E-03
 1  32  5  32  0.2410E-03
 1  32  5  32  0.1171E-03
 1  32  5  32  0.1900E-03
 1  32  5  32  0.1140E-03
 1  32  5  32  0.1030E-03
 1  32  6  32  0.2348E-03
 1  32  6  32  0.1740E-03
 1  32  6  32  0.2179E-03
 1  32  6  32  0.1652E-03
 1  32  6  32  0.1690E-03
 1  32  7  32  0.2620E-03
 1  32  7  32  0.2220E-03
 1  32  7  32  0.1509E-03
 1  32  7  32  0.1960E-03
 1  32  7  32  0.1531E-03
 1  32  8  32  0.1941E-03
 1  32  8  32  0.1209E-03
 1  32  8  32  0.1171E-03
 1  32  8  32  0.1390E-03
 1  32  8  32  0.1140E-03
 1  32  9  32  0.2599E-03
 1  32  9  32  0.1531E-03
 1  32  9  32  0.2990E-03
 1  32  9  32  0.2751E-03
 1  32  9  32  0.2069E-03
 1  32  10  32  0.3250E-03
 1  32  10  32  0.2131E-03
 1  32  10  32  0.2182E-03
 1  32  10  32  0.2010E-03
 1  32  10  32  0.1900E-03
 1  32  11  32  0.3681E-03
 1  32  11  32  0.2561E-03
 1  32  11  32  0.3572E-03
 1  32  11  32  0.3309E-03
 1  32  11  32  0.3669E-03
 1  32  12  32  0.3221E-03
 1  32  12  32  0.2341E-03
 1  32  12  32  0.2601E-03
 1  32  12  32  0.2661E-03
 1  32  12  32  0.2460E-03
 1  32  13  32  0.4859E-03
 1  32  13  32  0.3061E-03
 1  32  13  32  0.3011E-03
 1  32  13  32  0.2851E-03
 1  32  13  32  0.2711E-03
 1  32  14  32  0.4511E-03
 1  32  14  32  0.3881E-03
 1  32  14  32  0.3312E-03
 1  32  14  32  0.3490E-03
 1  32  14  32  0.3200E-03
 1  32  15  32  0.5438E-03
 1  32  15  32  0.4511E-03
 1  32  15  32  0.3970E-03
 1  32  15  32  0.4880E-03
 1  32  15  32  0.3951E-03
 1  32  16  32  0.5140E-03
 1  32  16  32  0.3471E-03
 1  32  16  32  0.3681E-03
 1  32  16  32  0.3250E-03
 1  32  16  32  0.3221E-03
 1  32  17  32  0.6449E-03
 1  32  17  32  0.4940E-03
 1  32  17  32  0.5121E-03
 1  32  17  32  0.4730E-03
 1  32  17  32  0.4990E-03
 1  32  18  32  0.7560E-03
 1  32  18  32  0.6752E-03
 1  32  18  32  0.7799E-03
 1  32  18  32  0.7889E-03
 1  32  18  32  0.7570E-03
 1  32  19  32  0.8380E-03
 1  32  19  32  0.7322E-03
 1  32  19  32  0.6680E-03
 1  32  19  32  0.9232E-03
 1  32  19  32  0.8659E-03
 1  32  20  32  0.1100E-02
 1  32  20  32  0.7062E-03
 1  32  20  32  0.5410E-03
 1  32  20  32  0.6790E-03
 1  32  20  32  0.7732E-03
