 1  1  3  1  0.2885E-04
 1  1  3  1  0.2694E-04
 1  1  3  1  0.2599E-04
 1  1  3  1  0.2623E-04
 1  1  3  1  0.2599E-04
 1  1  4  1  0.6986E-04
 1  1  4  1  0.6390E-04
 1  1  4  1  0.6795E-04
 1  1  4  1  0.6509E-04
 1  1  4  1  0.6700E-04
 1  1  5  1  0.4983E-04
 1  1  5  1  0.4482E-04
 1  1  5  1  0.6390E-04
 1  1  5  1  0.4506E-04
 1  1  5  1  0.4506E-04
 1  1  6  1  0.1040E-03
 1  1  6  1  0.9704E-04
 1  1  6  1  0.9823E-04
 1  1  6  1  0.9704E-04
 1  1  6  1  0.9584E-04
 1  1  7  1  0.7200E-04
 1  1  7  1  0.6700E-04
 1  1  7  1  0.6509E-04
 1  1  7  1  0.6509E-04
 1  1  7  1  0.6485E-04
 1  1  8  1  0.1481E-03
 1  1  8  1  0.1431E-03
 1  1  8  1  0.1550E-03
 1  1  8  1  0.1440E-03
 1  1  8  1  0.1440E-03
 1  1  9  1  0.2069E-03
 1  1  9  1  0.1841E-03
 1  1  9  1  0.1791E-03
 1  1  9  1  0.1769E-03
 1  1  9  1  0.1769E-03
 1  1  10  1  0.2260E-03
 1  1  10  1  0.2251E-03
 1  1  10  1  0.2570E-03
 1  1  10  1  0.2260E-03
 1  1  10  1  0.2201E-03
 1  1  11  1  0.3011E-03
 1  1  11  1  0.2890E-03
 1  1  11  1  0.3109E-03
 1  1  11  1  0.2940E-03
 1  1  11  1  0.2801E-03
 1  1  12  1  0.4501E-03
 1  1  12  1  0.4051E-03
 1  1  12  1  0.4311E-03
 1  1  12  1  0.3998E-03
 1  1  12  1  0.4201E-03
 1  1  13  1  0.4630E-03
 1  1  13  1  0.4821E-03
 1  1  13  1  0.4449E-03
 1  1  13  1  0.4640E-03
 1  1  13  1  0.4399E-03
 1  1  14  1  0.5541E-03
 1  1  14  1  0.5720E-03
 1  1  14  1  0.5639E-03
 1  1  14  1  0.5310E-03
 1  1  14  1  0.5529E-03
 1  1  15  1  0.7000E-03
 1  1  15  1  0.6251E-03
 1  1  15  1  0.6680E-03
 1  1  15  1  0.6678E-03
 1  1  15  1  0.6609E-03
 1  1  16  1  0.1024E-02
 1  1  16  1  0.1017E-02
 1  1  16  1  0.9851E-03
 1  1  16  1  0.1006E-02
 1  1  16  1  0.1004E-02
 1  1  17  1  0.1234E-02
 1  1  17  1  0.1251E-02
 1  1  17  1  0.1228E-02
 1  1  17  1  0.1207E-02
 1  1  17  1  0.1243E-02
 1  1  18  1  0.1503E-02
 1  1  18  1  0.1434E-02
 1  1  18  1  0.1458E-02
 1  1  18  1  0.1491E-02
 1  1  18  1  0.1446E-02
 1  1  19  1  0.1832E-02
 1  1  19  1  0.1822E-02
 1  1  19  1  0.1813E-02
 1  1  19  1  0.1811E-02
 1  1  19  1  0.1805E-02
 1  1  20  1  0.2366E-02
 1  1  20  1  0.2292E-02
 1  1  20  1  0.2326E-02
 1  1  20  1  0.2300E-02
 1  1  20  1  0.2289E-02
