 1  1  3  1  0.8321E-04
 1  1  3  1  0.5507E-04
 1  1  3  1  0.4697E-04
 1  1  3  1  0.4411E-04
 1  1  3  1  0.4292E-04
 1  1  4  1  0.9513E-04
 1  1  4  1  0.6008E-04
 1  1  4  1  0.6008E-04
 1  1  4  1  0.5603E-04
 1  1  4  1  0.5507E-04
 1  1  5  1  0.1090E-03
 1  1  5  1  0.5293E-04
 1  1  5  1  0.5984E-04
 1  1  5  1  0.5007E-04
 1  1  5  1  0.5102E-04
 1  1  6  1  0.1249E-03
 1  1  6  1  0.8512E-04
 1  1  6  1  0.9084E-04
 1  1  6  1  0.8106E-04
 1  1  6  1  0.7892E-04
 1  1  7  1  0.1550E-03
 1  1  7  1  0.9108E-04
 1  1  7  1  0.7796E-04
 1  1  7  1  0.7415E-04
 1  1  7  1  0.1011E-03
 1  1  8  1  0.1318E-03
 1  1  8  1  0.7820E-04
 1  1  8  1  0.7200E-04
 1  1  8  1  0.8893E-04
 1  1  8  1  0.6509E-04
 1  1  9  1  0.1650E-03
 1  1  9  1  0.1140E-03
 1  1  9  1  0.1111E-03
 1  1  9  1  0.1040E-03
 1  1  9  1  0.1321E-03
 1  1  10  1  0.2460E-03
 1  1  10  1  0.1650E-03
 1  1  10  1  0.1600E-03
 1  1  10  1  0.1409E-03
 1  1  10  1  0.1369E-03
 1  1  11  1  0.2811E-03
 1  1  11  1  0.2089E-03
 1  1  11  1  0.1891E-03
 1  1  11  1  0.1731E-03
 1  1  11  1  0.1969E-03
 1  1  12  1  0.1991E-03
 1  1  12  1  0.1678E-03
 1  1  12  1  0.1729E-03
 1  1  12  1  0.1521E-03
 1  1  12  1  0.1431E-03
 1  1  13  1  0.3119E-03
 1  1  13  1  0.2420E-03
 1  1  13  1  0.2029E-03
 1  1  13  1  0.2401E-03
 1  1  13  1  0.2079E-03
 1  1  14  1  0.3660E-03
 1  1  14  1  0.3040E-03
 1  1  14  1  0.2589E-03
 1  1  14  1  0.3002E-03
 1  1  14  1  0.2520E-03
 1  1  15  1  0.3960E-03
 1  1  15  1  0.3300E-03
 1  1  15  1  0.3159E-03
 1  1  15  1  0.2971E-03
 1  1  15  1  0.3240E-03
 1  1  16  1  0.3009E-03
 1  1  16  1  0.3049E-03
 1  1  16  1  0.2999E-03
 1  1  16  1  0.2902E-03
 1  1  16  1  0.2711E-03
 1  1  17  1  0.4370E-03
 1  1  17  1  0.4559E-03
 1  1  17  1  0.4120E-03
 1  1  17  1  0.4151E-03
 1  1  17  1  0.3960E-03
 1  1  18  1  0.5679E-03
 1  1  18  1  0.5360E-03
 1  1  18  1  0.5500E-03
 1  1  18  1  0.5109E-03
 1  1  18  1  0.4950E-03
 1  1  19  1  0.6630E-03
 1  1  19  1  0.5841E-03
 1  1  19  1  0.6070E-03
 1  1  19  1  0.6011E-03
 1  1  19  1  0.5631E-03
 1  1  20  1  0.5441E-03
 1  1  20  1  0.4501E-03
 1  1  20  1  0.4702E-03
 1  1  20  1  0.4349E-03
 1  1  20  1  0.4630E-03
