 1  32  3  32  0.7486E-04
 1  32  3  32  0.6819E-04
 1  32  3  32  0.6986E-04
 1  32  3  32  0.9894E-04
 1  32  3  32  0.1230E-03
 1  32  4  32  0.1190E-03
 1  32  4  32  0.1080E-03
 1  32  4  32  0.1030E-03
 1  32  4  32  0.1111E-03
 1  32  4  32  0.1040E-03
 1  32  5  32  0.9203E-04
 1  32  5  32  0.1090E-03
 1  32  5  32  0.1040E-03
 1  32  5  32  0.9990E-04
 1  32  5  32  0.9608E-04
 1  32  6  32  0.1400E-03
 1  32  6  32  0.1371E-03
 1  32  6  32  0.9990E-04
 1  32  6  32  0.1061E-03
 1  32  6  32  0.9513E-04
 1  32  7  32  0.1240E-03
 1  32  7  32  0.1240E-03
 1  32  7  32  0.1180E-03
 1  32  7  32  0.1149E-03
 1  32  7  32  0.1140E-03
 1  32  8  32  0.9823E-04
 1  32  8  32  0.8798E-04
 1  32  8  32  0.8512E-04
 1  32  8  32  0.8392E-04
 1  32  8  32  0.8392E-04
 1  32  9  32  0.2060E-03
 1  32  9  32  0.1760E-03
 1  32  9  32  0.1719E-03
 1  32  9  32  0.1340E-03
 1  32  9  32  0.1521E-03
 1  32  10  32  0.1779E-03
 1  32  10  32  0.1659E-03
 1  32  10  32  0.1681E-03
 1  32  10  32  0.1659E-03
 1  32  10  32  0.1631E-03
 1  32  11  32  0.2880E-03
 1  32  11  32  0.2069E-03
 1  32  11  32  0.2460E-03
 1  32  11  32  0.2050E-03
 1  32  11  32  0.2010E-03
 1  32  12  32  0.1819E-03
 1  32  12  32  0.2060E-03
 1  32  12  32  0.1659E-03
 1  32  12  32  0.1669E-03
 1  32  12  32  0.1650E-03
 1  32  13  32  0.2840E-03
 1  32  13  32  0.2539E-03
 1  32  13  32  0.2439E-03
 1  32  13  32  0.2730E-03
 1  32  13  32  0.2410E-03
 1  32  14  32  0.3128E-03
 1  32  14  32  0.3130E-03
 1  32  14  32  0.2842E-03
 1  32  14  32  0.2811E-03
 1  32  14  32  0.4330E-03
 1  32  15  32  0.4249E-03
 1  32  15  32  0.3631E-03
 1  32  15  32  0.3829E-03
 1  32  15  32  0.3521E-03
 1  32  15  32  0.3738E-03
 1  32  16  32  0.3960E-03
 1  32  16  32  0.3839E-03
 1  32  16  32  0.4120E-03
 1  32  16  32  0.3741E-03
 1  32  16  32  0.3741E-03
 1  32  17  32  0.4680E-03
 1  32  17  32  0.4749E-03
 1  32  17  32  0.4241E-03
 1  32  17  32  0.5550E-03
 1  32  17  32  0.5839E-03
 1  32  18  32  0.5772E-03
 1  32  18  32  0.5410E-03
 1  32  18  32  0.5050E-03
 1  32  18  32  0.5260E-03
 1  32  18  32  0.5329E-03
 1  32  19  32  0.6990E-03
 1  32  19  32  0.6571E-03
 1  32  19  32  0.6521E-03
 1  32  19  32  0.6149E-03
 1  32  19  32  0.6368E-03
 1  32  20  32  0.7381E-03
 1  32  20  32  0.4959E-03
 1  32  20  32  0.5231E-03
 1  32  20  32  0.4818E-03
 1  32  20  32  0.4799E-03
