 2  16  3  32  0.9608E-04
 2  16  3  32  0.8488E-04
 2  16  3  32  0.8392E-04
 2  16  3  32  0.8297E-04
 2  16  3  32  0.8106E-04
 2  16  4  32  0.7105E-04
 2  16  4  32  0.9108E-04
 2  16  4  32  0.7510E-04
 2  16  4  32  0.6604E-04
 2  16  4  32  0.6199E-04
 2  16  5  32  0.1190E-03
 2  16  5  32  0.1080E-03
 2  16  5  32  0.1330E-03
 2  16  5  32  0.9704E-04
 2  16  5  32  0.1040E-03
 2  16  6  32  0.1621E-03
 2  16  6  32  0.1509E-03
 2  16  6  32  0.1440E-03
 2  16  6  32  0.1609E-03
 2  16  6  32  0.1471E-03
 2  16  7  32  0.2291E-03
 2  16  7  32  0.2170E-03
 2  16  7  32  0.2410E-03
 2  16  7  32  0.1571E-03
 2  16  7  32  0.1478E-03
 2  16  8  32  0.1171E-03
 2  16  8  32  0.1061E-03
 2  16  8  32  0.1011E-03
 2  16  8  32  0.1490E-03
 2  16  8  32  0.1040E-03
 2  16  9  32  0.1669E-03
 2  16  9  32  0.1519E-03
 2  16  9  32  0.1419E-03
 2  16  9  32  0.1361E-03
 2  16  9  32  0.1659E-03
 2  16  10  32  0.3221E-03
 2  16  10  32  0.2611E-03
 2  16  10  32  0.2201E-03
 2  16  10  32  0.2141E-03
 2  16  10  32  0.2439E-03
 2  16  11  32  0.3490E-03
 2  16  11  32  0.3581E-03
 2  16  11  32  0.3259E-03
 2  16  11  32  0.3541E-03
 2  16  11  32  0.3269E-03
 2  16  12  32  0.3178E-03
 2  16  12  32  0.3421E-03
 2  16  12  32  0.3068E-03
 2  16  12  32  0.2999E-03
 2  16  12  32  0.2260E-03
 2  16  13  32  0.4661E-03
 2  16  13  32  0.4289E-03
 2  16  13  32  0.4501E-03
 2  16  13  32  0.4160E-03
 2  16  13  32  0.4449E-03
 2  16  14  32  0.6130E-03
 2  16  14  32  0.6649E-03
 2  16  14  32  0.6330E-03
 2  16  14  32  0.4811E-03
 2  16  14  32  0.4852E-03
 2  16  15  32  0.6859E-03
 2  16  15  32  0.6521E-03
 2  16  15  32  0.6852E-03
 2  16  15  32  0.6881E-03
 2  16  15  32  0.6781E-03
 2  16  16  32  0.4990E-03
 2  16  16  32  0.5381E-03
 2  16  16  32  0.4921E-03
 2  16  16  32  0.5269E-03
 2  16  16  32  0.5269E-03
 2  16  17  32  0.8490E-03
 2  16  17  32  0.8261E-03
 2  16  17  32  0.8371E-03
 2  16  17  32  0.8321E-03
 2  16  17  32  0.8352E-03
 2  16  18  32  0.1029E-02
 2  16  18  32  0.9720E-03
 2  16  18  32  0.9842E-03
 2  16  18  32  0.9921E-03
 2  16  18  32  0.1318E-02
 2  16  19  32  0.1223E-02
 2  16  19  32  0.1242E-02
 2  16  19  32  0.1206E-02
 2  16  19  32  0.1211E-02
 2  16  19  32  0.1242E-02
 2  16  20  32  0.9410E-03
 2  16  20  32  0.1073E-02
 2  16  20  32  0.9401E-03
 2  16  20  32  0.8841E-03
 2  16  20  32  0.9580E-03
