 2  32  3  64  0.1860E-03
 2  32  3  64  0.1020E-03
 2  32  3  64  0.1280E-03
 2  32  3  64  0.1330E-03
 2  32  3  64  0.1140E-03
 2  32  4  64  0.1779E-03
 2  32  4  64  0.1130E-03
 2  32  4  64  0.1340E-03
 2  32  4  64  0.1380E-03
 2  32  4  64  0.1199E-03
 2  32  5  64  0.2749E-03
 2  32  5  64  0.1369E-03
 2  32  5  64  0.1471E-03
 2  32  5  64  0.1400E-03
 2  32  5  64  0.1321E-03
 2  32  6  64  0.2851E-03
 2  32  6  64  0.1750E-03
 2  32  6  64  0.1609E-03
 2  32  6  64  0.1559E-03
 2  32  6  64  0.1450E-03
 2  32  7  64  0.3431E-03
 2  32  7  64  0.2201E-03
 2  32  7  64  0.1910E-03
 2  32  7  64  0.1812E-03
 2  32  7  64  0.2100E-03
 2  32  8  64  0.3159E-03
 2  32  8  64  0.1781E-03
 2  32  8  64  0.1738E-03
 2  32  8  64  0.1531E-03
 2  32  8  64  0.1559E-03
 2  32  9  64  0.3960E-03
 2  32  9  64  0.4430E-03
 2  32  9  64  0.3710E-03
 2  32  9  64  0.3972E-03
 2  32  9  64  0.2730E-03
 2  32  10  64  0.4520E-03
 2  32  10  64  0.3941E-03
 2  32  10  64  0.4239E-03
 2  32  10  64  0.4230E-03
 2  32  10  64  0.4232E-03
 2  32  11  64  0.5381E-03
 2  32  11  64  0.4530E-03
 2  32  11  64  0.4001E-03
 2  32  11  64  0.5319E-03
 2  32  11  64  0.5651E-03
 2  32  12  64  0.5350E-03
 2  32  12  64  0.4101E-03
 2  32  12  64  0.3870E-03
 2  32  12  64  0.3650E-03
 2  32  12  64  0.4041E-03
 2  32  13  64  0.6931E-03
 2  32  13  64  0.5569E-03
 2  32  13  64  0.4890E-03
 2  32  13  64  0.5250E-03
 2  32  13  64  0.4871E-03
 2  32  14  64  0.6409E-03
 2  32  14  64  0.5710E-03
 2  32  14  64  0.5701E-03
 2  32  14  64  0.5429E-03
 2  32  14  64  0.5631E-03
 2  32  15  64  0.9022E-03
 2  32  15  64  0.7470E-03
 2  32  15  64  0.9902E-03
 2  32  15  64  0.1016E-02
 2  32  15  64  0.7710E-03
 2  32  16  64  0.7319E-03
 2  32  16  64  0.6161E-03
 2  32  16  64  0.5541E-03
 2  32  16  64  0.5991E-03
 2  32  16  64  0.5560E-03
 2  32  17  64  0.1052E-02
 2  32  17  64  0.9270E-03
 2  32  17  64  0.9210E-03
 2  32  17  64  0.9289E-03
 2  32  17  64  0.9098E-03
 2  32  18  64  0.1219E-02
 2  32  18  64  0.1092E-02
 2  32  18  64  0.1074E-02
 2  32  18  64  0.1127E-02
 2  32  18  64  0.1074E-02
 2  32  19  64  0.1455E-02
 2  32  19  64  0.1309E-02
 2  32  19  64  0.1295E-02
 2  32  19  64  0.1350E-02
 2  32  19  64  0.1315E-02
 2  32  20  64  0.1322E-02
 2  32  20  64  0.1266E-02
 2  32  20  64  0.1021E-02
 2  32  20  64  0.1031E-02
 2  32  20  64  0.1025E-02
