 2  1  3  2  0.9894E-04
 2  1  3  2  0.6413E-04
 2  1  3  2  0.6580E-04
 2  1  3  2  0.6390E-04
 2  1  3  2  0.6390E-04
 2  1  4  2  0.1009E-03
 2  1  4  2  0.6604E-04
 2  1  4  2  0.6580E-04
 2  1  4  2  0.6104E-04
 2  1  4  2  0.5889E-04
 2  1  5  2  0.1349E-03
 2  1  5  2  0.9513E-04
 2  1  5  2  0.9203E-04
 2  1  5  2  0.8392E-04
 2  1  5  2  0.1109E-03
 2  1  6  2  0.1462E-03
 2  1  6  2  0.9489E-04
 2  1  6  2  0.8702E-04
 2  1  6  2  0.7987E-04
 2  1  6  2  0.7987E-04
 2  1  7  2  0.2360E-03
 2  1  7  2  0.1791E-03
 2  1  7  2  0.1581E-03
 2  1  7  2  0.1471E-03
 2  1  7  2  0.1750E-03
 2  1  8  2  0.1490E-03
 2  1  8  2  0.9108E-04
 2  1  8  2  0.9489E-04
 2  1  8  2  0.8297E-04
 2  1  8  2  0.7915E-04
 2  1  9  2  0.2110E-03
 2  1  9  2  0.1750E-03
 2  1  9  2  0.2141E-03
 2  1  9  2  0.1590E-03
 2  1  9  2  0.1519E-03
 2  1  10  2  0.3109E-03
 2  1  10  2  0.2668E-03
 2  1  10  2  0.2160E-03
 2  1  10  2  0.2079E-03
 2  1  10  2  0.2320E-03
 2  1  11  2  0.3469E-03
 2  1  11  2  0.4079E-03
 2  1  11  2  0.3290E-03
 2  1  11  2  0.3040E-03
 2  1  11  2  0.3419E-03
 2  1  12  2  0.3171E-03
 2  1  12  2  0.2630E-03
 2  1  12  2  0.2310E-03
 2  1  12  2  0.2248E-03
 2  1  12  2  0.2470E-03
 2  1  13  2  0.3941E-03
 2  1  13  2  0.4520E-03
 2  1  13  2  0.3691E-03
 2  1  13  2  0.3951E-03
 2  1  13  2  0.3622E-03
 2  1  14  2  0.5291E-03
 2  1  14  2  0.5050E-03
 2  1  14  2  0.4959E-03
 2  1  14  2  0.4621E-03
 2  1  14  2  0.4909E-03
 2  1  15  2  0.6871E-03
 2  1  15  2  0.6211E-03
 2  1  15  2  0.6409E-03
 2  1  15  2  0.6399E-03
 2  1  15  2  0.5999E-03
 2  1  16  2  0.4959E-03
 2  1  16  2  0.4959E-03
 2  1  16  2  0.5159E-03
 2  1  16  2  0.4818E-03
 2  1  16  2  0.5090E-03
 2  1  17  2  0.7830E-03
 2  1  17  2  0.8171E-03
 2  1  17  2  0.8168E-03
 2  1  17  2  0.8130E-03
 2  1  17  2  0.7651E-03
 2  1  18  2  0.9582E-03
 2  1  18  2  0.9391E-03
 2  1  18  2  0.9339E-03
 2  1  18  2  0.9260E-03
 2  1  18  2  0.9229E-03
 2  1  19  2  0.1169E-02
 2  1  19  2  0.1241E-02
 2  1  19  2  0.1197E-02
 2  1  19  2  0.1198E-02
 2  1  19  2  0.1197E-02
 2  1  20  2  0.8450E-03
 2  1  20  2  0.8860E-03
 2  1  20  2  0.9172E-03
 2  1  20  2  0.9100E-03
 2  1  20  2  0.9131E-03
