 2  16  3  32  0.1760E-03
 2  16  3  32  0.1078E-03
 2  16  3  32  0.1040E-03
 2  16  3  32  0.1020E-03
 2  16  3  32  0.9990E-04
 2  16  4  32  0.1562E-03
 2  16  4  32  0.1121E-03
 2  16  4  32  0.1059E-03
 2  16  4  32  0.1280E-03
 2  16  4  32  0.1070E-03
 2  16  5  32  0.3099E-03
 2  16  5  32  0.2379E-03
 2  16  5  32  0.2990E-03
 2  16  5  32  0.3240E-03
 2  16  5  32  0.2549E-03
 2  16  6  32  0.2668E-03
 2  16  6  32  0.2370E-03
 2  16  6  32  0.2000E-03
 2  16  6  32  0.1800E-03
 2  16  6  32  0.1719E-03
 2  16  7  32  0.3049E-03
 2  16  7  32  0.3140E-03
 2  16  7  32  0.2460E-03
 2  16  7  32  0.2391E-03
 2  16  7  32  0.2592E-03
 2  16  8  32  0.4010E-03
 2  16  8  32  0.3920E-03
 2  16  8  32  0.3388E-03
 2  16  8  32  0.3669E-03
 2  16  8  32  0.3350E-03
 2  16  9  32  0.4010E-03
 2  16  9  32  0.3512E-03
 2  16  9  32  0.3490E-03
 2  16  9  32  0.3331E-03
 2  16  9  32  0.4430E-03
 2  16  10  32  0.5360E-03
 2  16  10  32  0.5362E-03
 2  16  10  32  0.4842E-03
 2  16  10  32  0.4821E-03
 2  16  10  32  0.4950E-03
 2  16  11  32  0.8810E-03
 2  16  11  32  0.8540E-03
 2  16  11  32  0.8371E-03
 2  16  11  32  0.8352E-03
 2  16  11  32  0.8249E-03
 2  16  12  32  0.9372E-03
 2  16  12  32  0.9151E-03
 2  16  12  32  0.8981E-03
 2  16  12  32  0.8922E-03
 2  16  12  32  0.8800E-03
 2  16  13  32  0.1302E-02
 2  16  13  32  0.1298E-02
 2  16  13  32  0.1274E-02
 2  16  13  32  0.1277E-02
 2  16  13  32  0.1559E-02
 2  16  14  32  0.1257E-02
 2  16  14  32  0.1243E-02
 2  16  14  32  0.1246E-02
 2  16  14  32  0.1244E-02
 2  16  14  32  0.1230E-02
 2  16  15  32  0.1521E-02
 2  16  15  32  0.1545E-02
 2  16  15  32  0.1566E-02
 2  16  15  32  0.1515E-02
 2  16  15  32  0.1540E-02
 2  16  16  32  0.2080E-02
 2  16  16  32  0.2106E-02
 2  16  16  32  0.2095E-02
 2  16  16  32  0.2076E-02
 2  16  16  32  0.2094E-02
 2  16  17  32  0.2528E-02
 2  16  17  32  0.2504E-02
 2  16  17  32  0.2577E-02
 2  16  17  32  0.2519E-02
 2  16  17  32  0.2507E-02
 2  16  18  32  0.3020E-02
 2  16  18  32  0.3056E-02
 2  16  18  32  0.3078E-02
 2  16  18  32  0.3049E-02
 2  16  18  32  0.3035E-02
 2  16  19  32  0.3778E-02
 2  16  19  32  0.3669E-02
 2  16  19  32  0.3669E-02
 2  16  19  32  0.4238E-02
 2  16  19  32  0.3645E-02
 2  16  20  32  0.4809E-02
 2  16  20  32  0.4682E-02
 2  16  20  32  0.5193E-02
 2  16  20  32  0.4623E-02
 2  16  20  32  0.4623E-02
