 2  64  3  128  0.7987E-04
 2  64  3  128  0.8702E-04
 2  64  3  128  0.1221E-03
 2  64  3  128  0.9394E-04
 2  64  3  128  0.1030E-03
 2  64  4  128  0.9418E-04
 2  64  4  128  0.9203E-04
 2  64  4  128  0.9298E-04
 2  64  4  128  0.9394E-04
 2  64  4  128  0.8702E-04
 2  64  5  128  0.1569E-03
 2  64  5  128  0.1819E-03
 2  64  5  128  0.1299E-03
 2  64  5  128  0.1061E-03
 2  64  5  128  0.1040E-03
 2  64  6  128  0.1841E-03
 2  64  6  128  0.1490E-03
 2  64  6  128  0.2029E-03
 2  64  6  128  0.1831E-03
 2  64  6  128  0.1781E-03
 2  64  7  128  0.2310E-03
 2  64  7  128  0.2799E-03
 2  64  7  128  0.2251E-03
 2  64  7  128  0.2341E-03
 2  64  7  128  0.3390E-03
 2  64  8  128  0.2182E-03
 2  64  8  128  0.1791E-03
 2  64  8  128  0.2460E-03
 2  64  8  128  0.1760E-03
 2  64  8  128  0.1650E-03
 2  64  9  128  0.3989E-03
 2  64  9  128  0.3421E-03
 2  64  9  128  0.3300E-03
 2  64  9  128  0.2520E-03
 2  64  9  128  0.2301E-03
 2  64  10  128  0.3660E-03
 2  64  10  128  0.3819E-03
 2  64  10  128  0.3369E-03
 2  64  10  128  0.3340E-03
 2  64  10  128  0.3951E-03
 2  64  11  128  0.5589E-03
 2  64  11  128  0.6731E-03
 2  64  11  128  0.6020E-03
 2  64  11  128  0.5739E-03
 2  64  11  128  0.5341E-03
 2  64  12  128  0.3860E-03
 2  64  12  128  0.4001E-03
 2  64  12  128  0.3710E-03
 2  64  12  128  0.3951E-03
 2  64  12  128  0.3581E-03
 2  64  13  128  0.7081E-03
 2  64  13  128  0.6111E-03
 2  64  13  128  0.6509E-03
 2  64  13  128  0.6762E-03
 2  64  13  128  0.6719E-03
 2  64  14  128  0.6890E-03
 2  64  14  128  0.7272E-03
 2  64  14  128  0.7179E-03
 2  64  14  128  0.7281E-03
 2  64  14  128  0.7250E-03
 2  64  15  128  0.9489E-03
 2  64  15  128  0.1106E-02
 2  64  15  128  0.1309E-02
 2  64  15  128  0.1278E-02
 2  64  15  128  0.1105E-02
 2  64  16  128  0.9210E-03
 2  64  16  128  0.9820E-03
 2  64  16  128  0.7532E-03
 2  64  16  128  0.7339E-03
 2  64  16  128  0.9031E-03
 2  64  17  128  0.1211E-02
 2  64  17  128  0.1112E-02
 2  64  17  128  0.1303E-02
 2  64  17  128  0.1363E-02
 2  64  17  128  0.1541E-02
 2  64  18  128  0.1291E-02
 2  64  18  128  0.1241E-02
 2  64  18  128  0.1607E-02
 2  64  18  128  0.1283E-02
 2  64  18  128  0.1240E-02
 2  64  19  128  0.1823E-02
 2  64  19  128  0.1615E-02
 2  64  19  128  0.2065E-02
 2  64  19  128  0.1650E-02
 2  64  19  128  0.1795E-02
 2  64  20  128  0.1344E-02
 2  64  20  128  0.1441E-02
 2  64  20  128  0.1365E-02
 2  64  20  128  0.1706E-02
 2  64  20  128  0.1449E-02
