 2  1  3  2  0.4101E-04
 2  1  3  2  0.3719E-04
 2  1  3  2  0.3910E-04
 2  1  3  2  0.3791E-04
 2  1  3  2  0.3910E-04
 2  1  4  2  0.3815E-04
 2  1  4  2  0.3004E-04
 2  1  4  2  0.2980E-04
 2  1  4  2  0.5603E-04
 2  1  4  2  0.3195E-04
 2  1  5  2  0.6795E-04
 2  1  5  2  0.6104E-04
 2  1  5  2  0.5507E-04
 2  1  5  2  0.5484E-04
 2  1  5  2  0.5507E-04
 2  1  6  2  0.6509E-04
 2  1  6  2  0.5698E-04
 2  1  6  2  0.5507E-04
 2  1  6  2  0.5507E-04
 2  1  6  2  0.5388E-04
 2  1  7  2  0.1380E-03
 2  1  7  2  0.1240E-03
 2  1  7  2  0.1202E-03
 2  1  7  2  0.1218E-03
 2  1  7  2  0.1209E-03
 2  1  8  2  0.6819E-04
 2  1  8  2  0.5984E-04
 2  1  8  2  0.5817E-04
 2  1  8  2  0.5603E-04
 2  1  8  2  0.8082E-04
 2  1  9  2  0.1459E-03
 2  1  9  2  0.1309E-03
 2  1  9  2  0.1340E-03
 2  1  9  2  0.1252E-03
 2  1  9  2  0.1221E-03
 2  1  10  2  0.2348E-03
 2  1  10  2  0.1950E-03
 2  1  10  2  0.1862E-03
 2  1  10  2  0.2260E-03
 2  1  10  2  0.1781E-03
 2  1  11  2  0.3119E-03
 2  1  11  2  0.2809E-03
 2  1  11  2  0.3119E-03
 2  1  11  2  0.2711E-03
 2  1  11  2  0.2642E-03
 2  1  12  2  0.2222E-03
 2  1  12  2  0.1960E-03
 2  1  12  2  0.2120E-03
 2  1  12  2  0.1941E-03
 2  1  12  2  0.1812E-03
 2  1  13  2  0.3369E-03
 2  1  13  2  0.3819E-03
 2  1  13  2  0.3209E-03
 2  1  13  2  0.3459E-03
 2  1  13  2  0.3221E-03
 2  1  14  2  0.4590E-03
 2  1  14  2  0.4530E-03
 2  1  14  2  0.4182E-03
 2  1  14  2  0.4289E-03
 2  1  14  2  0.4120E-03
 2  1  15  2  0.6030E-03
 2  1  15  2  0.5960E-03
 2  1  15  2  0.5510E-03
 2  1  15  2  0.5772E-03
 2  1  15  2  0.5860E-03
 2  1  16  2  0.4230E-03
 2  1  16  2  0.4668E-03
 2  1  16  2  0.4122E-03
 2  1  16  2  0.4179E-03
 2  1  16  2  0.4549E-03
 2  1  17  2  0.7119E-03
 2  1  17  2  0.7560E-03
 2  1  17  2  0.7288E-03
 2  1  17  2  0.7410E-03
 2  1  17  2  0.7501E-03
 2  1  18  2  0.8731E-03
 2  1  18  2  0.8590E-03
 2  1  18  2  0.8569E-03
 2  1  18  2  0.8550E-03
 2  1  18  2  0.8578E-03
 2  1  19  2  0.1190E-02
 2  1  19  2  0.1126E-02
 2  1  19  2  0.1132E-02
 2  1  19  2  0.1124E-02
 2  1  19  2  0.1157E-02
 2  1  20  2  0.8590E-03
 2  1  20  2  0.8352E-03
 2  1  20  2  0.8321E-03
 2  1  20  2  0.8318E-03
 2  1  20  2  0.8390E-03
