 2  4  3  8  0.8607E-04
 2  4  3  8  0.4601E-04
 2  4  3  8  0.8202E-04
 2  4  3  8  0.4482E-04
 2  4  3  8  0.8798E-04
 2  4  4  8  0.9298E-04
 2  4  4  8  0.8392E-04
 2  4  4  8  0.8202E-04
 2  4  4  8  0.7987E-04
 2  4  4  8  0.8106E-04
 2  4  5  8  0.1061E-03
 2  4  5  8  0.1168E-03
 2  4  5  8  0.9203E-04
 2  4  5  8  0.8297E-04
 2  4  5  8  0.8202E-04
 2  4  6  8  0.1218E-03
 2  4  6  8  0.1140E-03
 2  4  6  8  0.1171E-03
 2  4  6  8  0.1130E-03
 2  4  6  8  0.1249E-03
 2  4  7  8  0.1650E-03
 2  4  7  8  0.1831E-03
 2  4  7  8  0.1559E-03
 2  4  7  8  0.1488E-03
 2  4  7  8  0.1490E-03
 2  4  8  8  0.1118E-03
 2  4  8  8  0.1121E-03
 2  4  8  8  0.1099E-03
 2  4  8  8  0.1049E-03
 2  4  8  8  0.1211E-03
 2  4  9  8  0.1650E-03
 2  4  9  8  0.1540E-03
 2  4  9  8  0.1750E-03
 2  4  9  8  0.1619E-03
 2  4  9  8  0.1578E-03
 2  4  10  8  0.2959E-03
 2  4  10  8  0.2580E-03
 2  4  10  8  0.2780E-03
 2  4  10  8  0.2580E-03
 2  4  10  8  0.2859E-03
 2  4  11  8  0.3500E-03
 2  4  11  8  0.3269E-03
 2  4  11  8  0.3519E-03
 2  4  11  8  0.3219E-03
 2  4  11  8  0.3259E-03
 2  4  12  8  0.2980E-03
 2  4  12  8  0.2499E-03
 2  4  12  8  0.2441E-03
 2  4  12  8  0.2670E-03
 2  4  12  8  0.2229E-03
 2  4  13  8  0.4349E-03
 2  4  13  8  0.4649E-03
 2  4  13  8  0.3920E-03
 2  4  13  8  0.4370E-03
 2  4  13  8  0.3848E-03
 2  4  14  8  0.4830E-03
 2  4  14  8  0.4871E-03
 2  4  14  8  0.4909E-03
 2  4  14  8  0.5140E-03
 2  4  14  8  0.4790E-03
 2  4  15  8  0.7660E-03
 2  4  15  8  0.7031E-03
 2  4  15  8  0.7269E-03
 2  4  15  8  0.7191E-03
 2  4  15  8  0.7081E-03
 2  4  16  8  0.5870E-03
 2  4  16  8  0.6409E-03
 2  4  16  8  0.5379E-03
 2  4  16  8  0.5639E-03
 2  4  16  8  0.6511E-03
 2  4  17  8  0.8230E-03
 2  4  17  8  0.8171E-03
 2  4  17  8  0.8190E-03
 2  4  17  8  0.8202E-03
 2  4  17  8  0.8268E-03
 2  4  18  8  0.1035E-02
 2  4  18  8  0.1025E-02
 2  4  18  8  0.1033E-02
 2  4  18  8  0.1010E-02
 2  4  18  8  0.1002E-02
 2  4  19  8  0.1226E-02
 2  4  19  8  0.1215E-02
 2  4  19  8  0.1217E-02
 2  4  19  8  0.1193E-02
 2  4  19  8  0.1202E-02
 2  4  20  8  0.9310E-03
 2  4  20  8  0.9220E-03
 2  4  20  8  0.9270E-03
 2  4  20  8  0.9239E-03
 2  4  20  8  0.9348E-03
