 2  32  3  64  0.1540E-03
 2  32  3  64  0.1140E-03
 2  32  3  64  0.1130E-03
 2  32  3  64  0.1140E-03
 2  32  3  64  0.1099E-03
 2  32  4  64  0.1750E-03
 2  32  4  64  0.1569E-03
 2  32  4  64  0.1440E-03
 2  32  4  64  0.1419E-03
 2  32  4  64  0.1390E-03
 2  32  5  64  0.2880E-03
 2  32  5  64  0.1662E-03
 2  32  5  64  0.1709E-03
 2  32  5  64  0.1640E-03
 2  32  5  64  0.1931E-03
 2  32  6  64  0.2902E-03
 2  32  6  64  0.2830E-03
 2  32  6  64  0.2759E-03
 2  32  6  64  0.2410E-03
 2  32  6  64  0.2520E-03
 2  32  7  64  0.4330E-03
 2  32  7  64  0.4001E-03
 2  32  7  64  0.3710E-03
 2  32  7  64  0.3440E-03
 2  32  7  64  0.3061E-03
 2  32  8  64  0.5441E-03
 2  32  8  64  0.5062E-03
 2  32  8  64  0.4251E-03
 2  32  8  64  0.4492E-03
 2  32  8  64  0.4151E-03
 2  32  9  64  0.5960E-03
 2  32  9  64  0.5560E-03
 2  32  9  64  0.6039E-03
 2  32  9  64  0.5670E-03
 2  32  9  64  0.5350E-03
 2  32  10  64  0.7648E-03
 2  32  10  64  0.7150E-03
 2  32  10  64  0.6731E-03
 2  32  10  64  0.7441E-03
 2  32  10  64  0.6959E-03
 2  32  11  64  0.9880E-03
 2  32  11  64  0.9251E-03
 2  32  11  64  0.9549E-03
 2  32  11  64  0.8950E-03
 2  32  11  64  0.8938E-03
 2  32  12  64  0.1251E-02
 2  32  12  64  0.1322E-02
 2  32  12  64  0.1218E-02
 2  32  12  64  0.1221E-02
 2  32  12  64  0.1253E-02
 2  32  13  64  0.1420E-02
 2  32  13  64  0.1463E-02
 2  32  13  64  0.1427E-02
 2  32  13  64  0.1452E-02
 2  32  13  64  0.1400E-02
 2  32  14  64  0.1319E-02
 2  32  14  64  0.1590E-02
 2  32  14  64  0.1331E-02
 2  32  14  64  0.1325E-02
 2  32  14  64  0.1305E-02
 2  32  15  64  0.1591E-02
 2  32  15  64  0.1937E-02
 2  32  15  64  0.1627E-02
 2  32  15  64  0.1665E-02
 2  32  15  64  0.1594E-02
 2  32  16  64  0.2222E-02
 2  32  16  64  0.2257E-02
 2  32  16  64  0.2304E-02
 2  32  16  64  0.2270E-02
 2  32  16  64  0.2263E-02
 2  32  17  64  0.2721E-02
 2  32  17  64  0.2658E-02
 2  32  17  64  0.2621E-02
 2  32  17  64  0.3155E-02
 2  32  17  64  0.2604E-02
 2  32  18  64  0.3173E-02
 2  32  18  64  0.3145E-02
 2  32  18  64  0.3148E-02
 2  32  18  64  0.3225E-02
 2  32  18  64  0.3147E-02
 2  32  19  64  0.3837E-02
 2  32  19  64  0.3900E-02
 2  32  19  64  0.3905E-02
 2  32  19  64  0.3840E-02
 2  32  19  64  0.3831E-02
 2  32  20  64  0.4804E-02
 2  32  20  64  0.4779E-02
 2  32  20  64  0.4780E-02
 2  32  20  64  0.4801E-02
 2  32  20  64  0.5414E-02
