nelt np nx1 elements time
 2  4  3  8  0.5012E-02
 2  4  3  8  0.4805E-02
 2  4  3  8  0.4832E-02
 2  4  3  8  0.4787E-02
 2  4  3  8  0.4763E-02
 2  4  4  8  0.5432E-02
 2  4  4  8  0.5028E-02
 2  4  4  8  0.5011E-02
 2  4  4  8  0.4977E-02
 2  4  4  8  0.4984E-02
 2  4  5  8  0.5981E-02
 2  4  5  8  0.5533E-02
 2  4  5  8  0.5539E-02
 2  4  5  8  0.5585E-02
 2  4  5  8  0.5525E-02
 2  4  6  8  0.6096E-02
 2  4  6  8  0.5720E-02
 2  4  6  8  0.5706E-02
 2  4  6  8  0.5707E-02
 2  4  6  8  0.5704E-02
 2  4  7  8  0.7285E-02
 2  4  7  8  0.6555E-02
 2  4  7  8  0.6411E-02
 2  4  7  8  0.6416E-02
 2  4  7  8  0.6439E-02
 2  4  8  8  0.8402E-02
 2  4  8  8  0.7507E-02
 2  4  8  8  0.7496E-02
 2  4  8  8  0.7470E-02
 2  4  8  8  0.7458E-02
 2  4  9  8  0.1019E-01
 2  4  9  8  0.9129E-02
 2  4  9  8  0.9124E-02
 2  4  9  8  0.9048E-02
 2  4  9  8  0.8930E-02
 2  4  10  8  0.1291E-01
 2  4  10  8  0.1166E-01
 2  4  10  8  0.1188E-01
 2  4  10  8  0.1171E-01
 2  4  10  8  0.1169E-01
 2  4  11  8  0.1680E-01
 2  4  11  8  0.1530E-01
 2  4  11  8  0.1509E-01
 2  4  11  8  0.1517E-01
 2  4  11  8  0.1520E-01
 2  4  12  8  0.2048E-01
 2  4  12  8  0.1917E-01
 2  4  12  8  0.1928E-01
 2  4  12  8  0.1940E-01
 2  4  12  8  0.1911E-01
 2  4  13  8  0.2598E-01
 2  4  13  8  0.2448E-01
 2  4  13  8  0.2384E-01
 2  4  13  8  0.2393E-01
 2  4  13  8  0.2435E-01
 2  4  14  8  0.3200E-01
 2  4  14  8  0.3069E-01
 2  4  14  8  0.3059E-01
 2  4  14  8  0.3069E-01
 2  4  14  8  0.3072E-01
 2  4  15  8  0.3816E-01
 2  4  15  8  0.3674E-01
 2  4  15  8  0.3653E-01
 2  4  15  8  0.3638E-01
 2  4  15  8  0.3642E-01
 2  4  16  8  0.4588E-01
 2  4  16  8  0.4333E-01
 2  4  16  8  0.4317E-01
 2  4  16  8  0.4309E-01
 2  4  16  8  0.4308E-01
 2  4  17  8  0.5804E-01
 2  4  17  8  0.5669E-01
 2  4  17  8  0.5679E-01
 2  4  17  8  0.5666E-01
 2  4  17  8  0.5665E-01
 2  4  18  8  0.6459E-01
 2  4  18  8  0.6355E-01
 2  4  18  8  0.6396E-01
 2  4  18  8  0.6378E-01
 2  4  18  8  0.6374E-01
 2  4  19  8  0.7653E-01
 2  4  19  8  0.7478E-01
 2  4  19  8  0.7477E-01
 2  4  19  8  0.7462E-01
 2  4  19  8  0.7507E-01
 2  4  20  8  0.8526E-01
 2  4  20  8  0.8370E-01
 2  4  20  8  0.8350E-01
 2  4  20  8  0.8377E-01
 2  4  20  8  0.8372E-01
