 2  32  3  64  0.1009E-03
 2  32  3  64  0.9990E-04
 2  32  3  64  0.9799E-04
 2  32  3  64  0.8893E-04
 2  32  3  64  0.9108E-04
 2  32  4  64  0.1240E-03
 2  32  4  64  0.1042E-03
 2  32  4  64  0.9418E-04
 2  32  4  64  0.9418E-04
 2  32  4  64  0.8988E-04
 2  32  5  64  0.1090E-03
 2  32  5  64  0.1049E-03
 2  32  5  64  0.9799E-04
 2  32  5  64  0.9799E-04
 2  32  5  64  0.9418E-04
 2  32  6  64  0.1299E-03
 2  32  6  64  0.1259E-03
 2  32  6  64  0.1221E-03
 2  32  6  64  0.2520E-03
 2  32  6  64  0.1628E-03
 2  32  7  64  0.1709E-03
 2  32  7  64  0.1650E-03
 2  32  7  64  0.1528E-03
 2  32  7  64  0.1540E-03
 2  32  7  64  0.2019E-03
 2  32  8  64  0.1650E-03
 2  32  8  64  0.1218E-03
 2  32  8  64  0.1180E-03
 2  32  8  64  0.1180E-03
 2  32  8  64  0.1159E-03
 2  32  9  64  0.2291E-03
 2  32  9  64  0.3891E-03
 2  32  9  64  0.3231E-03
 2  32  9  64  0.3512E-03
 2  32  9  64  0.2270E-03
 2  32  10  64  0.3209E-03
 2  32  10  64  0.2670E-03
 2  32  10  64  0.2549E-03
 2  32  10  64  0.2742E-03
 2  32  10  64  0.2508E-03
 2  32  11  64  0.5190E-03
 2  32  11  64  0.5400E-03
 2  32  11  64  0.3631E-03
 2  32  11  64  0.3800E-03
 2  32  11  64  0.3459E-03
 2  32  12  64  0.3440E-03
 2  32  12  64  0.3610E-03
 2  32  12  64  0.3190E-03
 2  32  12  64  0.3140E-03
 2  32  12  64  0.3140E-03
 2  32  13  64  0.5889E-03
 2  32  13  64  0.6180E-03
 2  32  13  64  0.5820E-03
 2  32  13  64  0.6208E-03
 2  32  13  64  0.4990E-03
 2  32  14  64  0.5190E-03
 2  32  14  64  0.4890E-03
 2  32  14  64  0.5071E-03
 2  32  14  64  0.4630E-03
 2  32  14  64  0.5040E-03
 2  32  15  64  0.7670E-03
 2  32  15  64  0.7360E-03
 2  32  15  64  0.7281E-03
 2  32  15  64  0.7200E-03
 2  32  15  64  0.6790E-03
 2  32  16  64  0.5291E-03
 2  32  16  64  0.5710E-03
 2  32  16  64  0.5100E-03
 2  32  16  64  0.5059E-03
 2  32  16  64  0.5679E-03
 2  32  17  64  0.8981E-03
 2  32  17  64  0.8681E-03
 2  32  17  64  0.8821E-03
 2  32  17  64  0.8872E-03
 2  32  17  64  0.8740E-03
 2  32  18  64  0.1062E-02
 2  32  18  64  0.1025E-02
 2  32  18  64  0.9971E-03
 2  32  18  64  0.1031E-02
 2  32  18  64  0.9980E-03
 2  32  19  64  0.1264E-02
 2  32  19  64  0.1311E-02
 2  32  19  64  0.1233E-02
 2  32  19  64  0.1239E-02
 2  32  19  64  0.1230E-02
 2  32  20  64  0.1275E-02
 2  32  20  64  0.1266E-02
 2  32  20  64  0.1075E-02
 2  32  20  64  0.9780E-03
 2  32  20  64  0.9589E-03
