 2  8  3  16  0.1659E-03
 2  8  3  16  0.1462E-03
 2  8  3  16  0.1240E-03
 2  8  3  16  0.1500E-03
 2  8  3  16  0.1431E-03
 2  8  4  16  0.1960E-03
 2  8  4  16  0.1690E-03
 2  8  4  16  0.1569E-03
 2  8  4  16  0.1662E-03
 2  8  4  16  0.1261E-03
 2  8  5  16  0.2151E-03
 2  8  5  16  0.1779E-03
 2  8  5  16  0.2148E-03
 2  8  5  16  0.1891E-03
 2  8  5  16  0.1829E-03
 2  8  6  16  0.2789E-03
 2  8  6  16  0.2470E-03
 2  8  6  16  0.2160E-03
 2  8  6  16  0.1960E-03
 2  8  6  16  0.1910E-03
 2  8  7  16  0.2968E-03
 2  8  7  16  0.3009E-03
 2  8  7  16  0.2840E-03
 2  8  7  16  0.3002E-03
 2  8  7  16  0.2890E-03
 2  8  8  16  0.3781E-03
 2  8  8  16  0.3328E-03
 2  8  8  16  0.3319E-03
 2  8  8  16  0.3209E-03
 2  8  8  16  0.3421E-03
 2  8  9  16  0.4909E-03
 2  8  9  16  0.4308E-03
 2  8  9  16  0.4470E-03
 2  8  9  16  0.4160E-03
 2  8  9  16  0.4351E-03
 2  8  10  16  0.6549E-03
 2  8  10  16  0.6270E-03
 2  8  10  16  0.5760E-03
 2  8  10  16  0.7060E-03
 2  8  10  16  0.7479E-03
 2  8  11  16  0.6700E-03
 2  8  11  16  0.6649E-03
 2  8  11  16  0.6580E-03
 2  8  11  16  0.6409E-03
 2  8  11  16  0.6208E-03
 2  8  12  16  0.1038E-02
 2  8  12  16  0.1022E-02
 2  8  12  16  0.1007E-02
 2  8  12  16  0.1009E-02
 2  8  12  16  0.1016E-02
 2  8  13  16  0.1190E-02
 2  8  13  16  0.1160E-02
 2  8  13  16  0.1139E-02
 2  8  13  16  0.1150E-02
 2  8  13  16  0.1155E-02
 2  8  14  16  0.1229E-02
 2  8  14  16  0.1226E-02
 2  8  14  16  0.1199E-02
 2  8  14  16  0.1213E-02
 2  8  14  16  0.1184E-02
 2  8  15  16  0.1544E-02
 2  8  15  16  0.1478E-02
 2  8  15  16  0.1825E-02
 2  8  15  16  0.1506E-02
 2  8  15  16  0.1499E-02
 2  8  16  16  0.2057E-02
 2  8  16  16  0.2030E-02
 2  8  16  16  0.2035E-02
 2  8  16  16  0.2022E-02
 2  8  16  16  0.2009E-02
 2  8  17  16  0.2439E-02
 2  8  17  16  0.2514E-02
 2  8  17  16  0.2450E-02
 2  8  17  16  0.2508E-02
 2  8  17  16  0.2543E-02
 2  8  18  16  0.2966E-02
 2  8  18  16  0.3047E-02
 2  8  18  16  0.3006E-02
 2  8  18  16  0.2941E-02
 2  8  18  16  0.2931E-02
 2  8  19  16  0.3555E-02
 2  8  19  16  0.3621E-02
 2  8  19  16  0.3624E-02
 2  8  19  16  0.3592E-02
 2  8  19  16  0.3563E-02
 2  8  20  16  0.4613E-02
 2  8  20  16  0.4555E-02
 2  8  20  16  0.4555E-02
 2  8  20  16  0.4551E-02
 2  8  20  16  0.4501E-02
