 2  8  3  16  0.2770E-03
 2  8  3  16  0.2861E-03
 2  8  3  16  0.2651E-03
 2  8  3  16  0.2818E-03
 2  8  3  16  0.3030E-03
 2  8  4  16  0.3090E-03
 2  8  4  16  0.2820E-03
 2  8  4  16  0.2820E-03
 2  8  4  16  0.3021E-03
 2  8  4  16  0.2949E-03
 2  8  5  16  0.3841E-03
 2  8  5  16  0.3340E-03
 2  8  5  16  0.3080E-03
 2  8  5  16  0.3290E-03
 2  8  5  16  0.3231E-03
 2  8  6  16  0.4001E-03
 2  8  6  16  0.3290E-03
 2  8  6  16  0.3490E-03
 2  8  6  16  0.3719E-03
 2  8  6  16  0.3400E-03
 2  8  7  16  0.4301E-03
 2  8  7  16  0.4320E-03
 2  8  7  16  0.4239E-03
 2  8  7  16  0.4070E-03
 2  8  7  16  0.3970E-03
 2  8  8  16  0.5119E-03
 2  8  8  16  0.4969E-03
 2  8  8  16  0.4730E-03
 2  8  8  16  0.5901E-03
 2  8  8  16  0.6120E-03
 2  8  9  16  0.6111E-03
 2  8  9  16  0.5951E-03
 2  8  9  16  0.5951E-03
 2  8  9  16  0.5701E-03
 2  8  9  16  0.5441E-03
 2  8  10  16  0.9689E-03
 2  8  10  16  0.7460E-03
 2  8  10  16  0.7510E-03
 2  8  10  16  0.6919E-03
 2  8  10  16  0.6919E-03
 2  8  11  16  0.9048E-03
 2  8  11  16  0.8430E-03
 2  8  11  16  0.8149E-03
 2  8  11  16  0.8240E-03
 2  8  11  16  0.8192E-03
 2  8  12  16  0.1263E-02
 2  8  12  16  0.1438E-02
 2  8  12  16  0.1289E-02
 2  8  12  16  0.1200E-02
 2  8  12  16  0.1156E-02
 2  8  13  16  0.1475E-02
 2  8  13  16  0.1349E-02
 2  8  13  16  0.1376E-02
 2  8  13  16  0.1326E-02
 2  8  13  16  0.1333E-02
 2  8  14  16  0.1672E-02
 2  8  14  16  0.1496E-02
 2  8  14  16  0.1501E-02
 2  8  14  16  0.1467E-02
 2  8  14  16  0.1520E-02
 2  8  15  16  0.2087E-02
 2  8  15  16  0.2019E-02
 2  8  15  16  0.1971E-02
 2  8  15  16  0.1988E-02
 2  8  15  16  0.1968E-02
 2  8  16  16  0.2595E-02
 2  8  16  16  0.2568E-02
 2  8  16  16  0.2545E-02
 2  8  16  16  0.2779E-02
 2  8  16  16  0.2552E-02
 2  8  17  16  0.3154E-02
 2  8  17  16  0.3118E-02
 2  8  17  16  0.3103E-02
 2  8  17  16  0.3181E-02
 2  8  17  16  0.3140E-02
 2  8  18  16  0.3615E-02
 2  8  18  16  0.3556E-02
 2  8  18  16  0.3571E-02
 2  8  18  16  0.3586E-02
 2  8  18  16  0.3594E-02
 2  8  19  16  0.4427E-02
 2  8  19  16  0.4372E-02
 2  8  19  16  0.4408E-02
 2  8  19  16  0.4364E-02
 2  8  19  16  0.4349E-02
 2  8  20  16  0.5430E-02
 2  8  20  16  0.5462E-02
 2  8  20  16  0.5420E-02
 2  8  20  16  0.5459E-02
 2  8  20  16  0.5449E-02
