 2  2  3  4  0.1018E-03
 2  2  3  4  0.5722E-04
 2  2  3  4  0.7200E-04
 2  2  3  4  0.7105E-04
 2  2  3  4  0.7105E-04
 2  2  4  4  0.1011E-03
 2  2  4  4  0.6890E-04
 2  2  4  4  0.7606E-04
 2  2  4  4  0.7296E-04
 2  2  4  4  0.7296E-04
 2  2  5  4  0.9394E-04
 2  2  5  4  0.8583E-04
 2  2  5  4  0.8488E-04
 2  2  5  4  0.8488E-04
 2  2  5  4  0.8512E-04
 2  2  6  4  0.1070E-03
 2  2  6  4  0.1109E-03
 2  2  6  4  0.1161E-03
 2  2  6  4  0.1140E-03
 2  2  6  4  0.1111E-03
 2  2  7  4  0.1528E-03
 2  2  7  4  0.1450E-03
 2  2  7  4  0.1459E-03
 2  2  7  4  0.1431E-03
 2  2  7  4  0.1390E-03
 2  2  8  4  0.1042E-03
 2  2  8  4  0.8702E-04
 2  2  8  4  0.9298E-04
 2  2  8  4  0.9012E-04
 2  2  8  4  0.8988E-04
 2  2  9  4  0.1550E-03
 2  2  9  4  0.1519E-03
 2  2  9  4  0.1471E-03
 2  2  9  4  0.1471E-03
 2  2  9  4  0.1719E-03
 2  2  10  4  0.2179E-03
 2  2  10  4  0.2220E-03
 2  2  10  4  0.2041E-03
 2  2  10  4  0.1988E-03
 2  2  10  4  0.2158E-03
 2  2  11  4  0.3378E-03
 2  2  11  4  0.3080E-03
 2  2  11  4  0.3071E-03
 2  2  11  4  0.3128E-03
 2  2  11  4  0.2680E-03
 2  2  12  4  0.2391E-03
 2  2  12  4  0.2551E-03
 2  2  12  4  0.2341E-03
 2  2  12  4  0.1938E-03
 2  2  12  4  0.2389E-03
 2  2  13  4  0.4108E-03
 2  2  13  4  0.3910E-03
 2  2  13  4  0.3588E-03
 2  2  13  4  0.3870E-03
 2  2  13  4  0.3541E-03
 2  2  14  4  0.4828E-03
 2  2  14  4  0.4790E-03
 2  2  14  4  0.4420E-03
 2  2  14  4  0.4640E-03
 2  2  14  4  0.4339E-03
 2  2  15  4  0.7050E-03
 2  2  15  4  0.6931E-03
 2  2  15  4  0.6578E-03
 2  2  15  4  0.6511E-03
 2  2  15  4  0.6781E-03
 2  2  16  4  0.4859E-03
 2  2  16  4  0.5159E-03
 2  2  16  4  0.4630E-03
 2  2  16  4  0.5040E-03
 2  2  16  4  0.5271E-03
 2  2  17  4  0.7741E-03
 2  2  17  4  0.7961E-03
 2  2  17  4  0.7920E-03
 2  2  17  4  0.7961E-03
 2  2  17  4  0.7949E-03
 2  2  18  4  0.9842E-03
 2  2  18  4  0.9661E-03
 2  2  18  4  0.9620E-03
 2  2  18  4  0.9661E-03
 2  2  18  4  0.9580E-03
 2  2  19  4  0.1186E-02
 2  2  19  4  0.1229E-02
 2  2  19  4  0.1177E-02
 2  2  19  4  0.1177E-02
 2  2  19  4  0.1226E-02
 2  2  20  4  0.9010E-03
 2  2  20  4  0.8919E-03
 2  2  20  4  0.8919E-03
 2  2  20  4  0.8900E-03
 2  2  20  4  0.8719E-03
