 2  64  3  128  0.2360E-03
 2  64  3  128  0.1340E-03
 2  64  3  128  0.1080E-03
 2  64  3  128  0.1030E-03
 2  64  3  128  0.1061E-03
 2  64  4  128  0.2251E-03
 2  64  4  128  0.1619E-03
 2  64  4  128  0.1290E-03
 2  64  4  128  0.1199E-03
 2  64  4  128  0.1051E-03
 2  64  5  128  0.2990E-03
 2  64  5  128  0.1678E-03
 2  64  5  128  0.2060E-03
 2  64  5  128  0.1960E-03
 2  64  5  128  0.1819E-03
 2  64  6  128  0.2871E-03
 2  64  6  128  0.1981E-03
 2  64  6  128  0.1779E-03
 2  64  6  128  0.2241E-03
 2  64  6  128  0.2170E-03
 2  64  7  128  0.4120E-03
 2  64  7  128  0.2739E-03
 2  64  7  128  0.2632E-03
 2  64  7  128  0.3021E-03
 2  64  7  128  0.2809E-03
 2  64  8  128  0.3240E-03
 2  64  8  128  0.2811E-03
 2  64  8  128  0.2780E-03
 2  64  8  128  0.2730E-03
 2  64  8  128  0.3469E-03
 2  64  9  128  0.4389E-03
 2  64  9  128  0.2759E-03
 2  64  9  128  0.2770E-03
 2  64  9  128  0.4141E-03
 2  64  9  128  0.4179E-03
 2  64  10  128  0.4458E-03
 2  64  10  128  0.4570E-03
 2  64  10  128  0.5291E-03
 2  64  10  128  0.6049E-03
 2  64  10  128  0.5789E-03
 2  64  11  128  0.5980E-03
 2  64  11  128  0.6840E-03
 2  64  11  128  0.7479E-03
 2  64  11  128  0.6828E-03
 2  64  11  128  0.7560E-03
 2  64  12  128  0.4740E-03
 2  64  12  128  0.4990E-03
 2  64  12  128  0.5679E-03
 2  64  12  128  0.6139E-03
 2  64  12  128  0.7141E-03
 2  64  13  128  0.7739E-03
 2  64  13  128  0.6630E-03
 2  64  13  128  0.7451E-03
 2  64  13  128  0.7920E-03
 2  64  13  128  0.8171E-03
 2  64  14  128  0.8171E-03
 2  64  14  128  0.7958E-03
 2  64  14  128  0.8049E-03
 2  64  14  128  0.7780E-03
 2  64  14  128  0.7529E-03
 2  64  15  128  0.1041E-02
 2  64  15  128  0.1011E-02
 2  64  15  128  0.1016E-02
 2  64  15  128  0.1002E-02
 2  64  15  128  0.1036E-02
 2  64  16  128  0.8152E-03
 2  64  16  128  0.7851E-03
 2  64  16  128  0.8700E-03
 2  64  16  128  0.9820E-03
 2  64  16  128  0.8039E-03
 2  64  17  128  0.1220E-02
 2  64  17  128  0.1216E-02
 2  64  17  128  0.1332E-02
 2  64  17  128  0.1371E-02
 2  64  17  128  0.1302E-02
 2  64  18  128  0.1471E-02
 2  64  18  128  0.1702E-02
 2  64  18  128  0.1433E-02
 2  64  18  128  0.1337E-02
 2  64  18  128  0.1354E-02
 2  64  19  128  0.1530E-02
 2  64  19  128  0.1878E-02
 2  64  19  128  0.1669E-02
 2  64  19  128  0.2183E-02
 2  64  19  128  0.1982E-02
 2  64  20  128  0.2763E-02
 2  64  20  128  0.1394E-02
 2  64  20  128  0.1702E-02
 2  64  20  128  0.1792E-02
 2  64  20  128  0.1590E-02
