 2  64  3  128  0.2079E-03
 2  64  3  128  0.1550E-03
 2  64  3  128  0.1531E-03
 2  64  3  128  0.2370E-03
 2  64  3  128  0.1452E-03
 2  64  4  128  0.2239E-03
 2  64  4  128  0.1941E-03
 2  64  4  128  0.1681E-03
 2  64  4  128  0.1628E-03
 2  64  4  128  0.1578E-03
 2  64  5  128  0.3209E-03
 2  64  5  128  0.2549E-03
 2  64  5  128  0.2549E-03
 2  64  5  128  0.2799E-03
 2  64  5  128  0.2289E-03
 2  64  6  128  0.3769E-03
 2  64  6  128  0.3331E-03
 2  64  6  128  0.2789E-03
 2  64  6  128  0.2820E-03
 2  64  6  128  0.2809E-03
 2  64  7  128  0.5369E-03
 2  64  7  128  0.3991E-03
 2  64  7  128  0.4370E-03
 2  64  7  128  0.3941E-03
 2  64  7  128  0.4270E-03
 2  64  8  128  0.7739E-03
 2  64  8  128  0.7460E-03
 2  64  8  128  0.7310E-03
 2  64  8  128  0.7341E-03
 2  64  8  128  0.6759E-03
 2  64  9  128  0.6371E-03
 2  64  9  128  0.5798E-03
 2  64  9  128  0.5250E-03
 2  64  9  128  0.5250E-03
 2  64  9  128  0.5620E-03
 2  64  10  128  0.7370E-03
 2  64  10  128  0.7701E-03
 2  64  10  128  0.7472E-03
 2  64  10  128  0.6971E-03
 2  64  10  128  0.9341E-03
 2  64  11  128  0.1039E-02
 2  64  11  128  0.1016E-02
 2  64  11  128  0.1067E-02
 2  64  11  128  0.1010E-02
 2  64  11  128  0.1135E-02
 2  64  12  128  0.1163E-02
 2  64  12  128  0.1169E-02
 2  64  12  128  0.1312E-02
 2  64  12  128  0.1193E-02
 2  64  12  128  0.1409E-02
 2  64  13  128  0.1805E-02
 2  64  13  128  0.1704E-02
 2  64  13  128  0.1825E-02
 2  64  13  128  0.1751E-02
 2  64  13  128  0.1885E-02
 2  64  14  128  0.1537E-02
 2  64  14  128  0.1803E-02
 2  64  14  128  0.1621E-02
 2  64  14  128  0.1601E-02
 2  64  14  128  0.1522E-02
 2  64  15  128  0.1971E-02
 2  64  15  128  0.1946E-02
 2  64  15  128  0.1937E-02
 2  64  15  128  0.1959E-02
 2  64  15  128  0.2220E-02
 2  64  16  128  0.2898E-02
 2  64  16  128  0.2986E-02
 2  64  16  128  0.3291E-02
 2  64  16  128  0.3110E-02
 2  64  16  128  0.3026E-02
 2  64  17  128  0.3274E-02
 2  64  17  128  0.3334E-02
 2  64  17  128  0.3215E-02
 2  64  17  128  0.3738E-02
 2  64  17  128  0.3532E-02
 2  64  18  128  0.3862E-02
 2  64  18  128  0.4120E-02
 2  64  18  128  0.3820E-02
 2  64  18  128  0.3885E-02
 2  64  18  128  0.3864E-02
 2  64  19  128  0.4712E-02
 2  64  19  128  0.4668E-02
 2  64  19  128  0.4781E-02
 2  64  19  128  0.4765E-02
 2  64  19  128  0.4876E-02
 2  64  20  128  0.5882E-02
 2  64  20  128  0.6051E-02
 2  64  20  128  0.5853E-02
 2  64  20  128  0.5881E-02
 2  64  20  128  0.5911E-02
