nelt np nx1 elements time
 2  2  3  4  0.3526E-02
 2  2  3  4  0.3574E-02
 2  2  3  4  0.3388E-02
 2  2  3  4  0.3504E-02
 2  2  3  4  0.3355E-02
 2  2  4  4  0.4151E-02
 2  2  4  4  0.3871E-02
 2  2  4  4  0.4299E-02
 2  2  4  4  0.4657E-02
 2  2  4  4  0.4540E-02
 2  2  5  4  0.5348E-02
 2  2  5  4  0.5055E-02
 2  2  5  4  0.5201E-02
 2  2  5  4  0.5118E-02
 2  2  5  4  0.5057E-02
 2  2  6  4  0.5491E-02
 2  2  6  4  0.5322E-02
 2  2  6  4  0.5219E-02
 2  2  6  4  0.5425E-02
 2  2  6  4  0.5409E-02
 2  2  7  4  0.6439E-02
 2  2  7  4  0.6039E-02
 2  2  7  4  0.5944E-02
 2  2  7  4  0.5951E-02
 2  2  7  4  0.5725E-02
 2  2  8  4  0.7067E-02
 2  2  8  4  0.6222E-02
 2  2  8  4  0.6239E-02
 2  2  8  4  0.6437E-02
 2  2  8  4  0.6470E-02
 2  2  9  4  0.9703E-02
 2  2  9  4  0.9008E-02
 2  2  9  4  0.9035E-02
 2  2  9  4  0.9110E-02
 2  2  9  4  0.8946E-02
 2  2  10  4  0.1125E-01
 2  2  10  4  0.1007E-01
 2  2  10  4  0.1005E-01
 2  2  10  4  0.1021E-01
 2  2  10  4  0.1009E-01
 2  2  11  4  0.1466E-01
 2  2  11  4  0.1372E-01
 2  2  11  4  0.1375E-01
 2  2  11  4  0.1367E-01
 2  2  11  4  0.1387E-01
 2  2  12  4  0.1947E-01
 2  2  12  4  0.1791E-01
 2  2  12  4  0.1782E-01
 2  2  12  4  0.1751E-01
 2  2  12  4  0.1808E-01
 2  2  13  4  0.2454E-01
 2  2  13  4  0.2327E-01
 2  2  13  4  0.2324E-01
 2  2  13  4  0.2317E-01
 2  2  13  4  0.2322E-01
 2  2  14  4  0.2865E-01
 2  2  14  4  0.2774E-01
 2  2  14  4  0.2784E-01
 2  2  14  4  0.2785E-01
 2  2  14  4  0.2956E-01
 2  2  15  4  0.3538E-01
 2  2  15  4  0.3310E-01
 2  2  15  4  0.3282E-01
 2  2  15  4  0.3274E-01
 2  2  15  4  0.3310E-01
 2  2  16  4  0.4099E-01
 2  2  16  4  0.3899E-01
 2  2  16  4  0.3873E-01
 2  2  16  4  0.3872E-01
 2  2  16  4  0.3883E-01
 2  2  17  4  0.5485E-01
 2  2  17  4  0.5383E-01
 2  2  17  4  0.5356E-01
 2  2  17  4  0.5382E-01
 2  2  17  4  0.5380E-01
 2  2  18  4  0.6176E-01
 2  2  18  4  0.6050E-01
 2  2  18  4  0.6034E-01
 2  2  18  4  0.6241E-01
 2  2  18  4  0.6290E-01
 2  2  19  4  0.7518E-01
 2  2  19  4  0.7314E-01
 2  2  19  4  0.7469E-01
 2  2  19  4  0.7537E-01
 2  2  19  4  0.7379E-01
 2  2  20  4  0.8302E-01
 2  2  20  4  0.8112E-01
 2  2  20  4  0.8120E-01
 2  2  20  4  0.8129E-01
 2  2  20  4  0.8113E-01
