 2  1  3  2  0.7010E-04
 2  1  3  2  0.7105E-04
 2  1  3  2  0.6795E-04
 2  1  3  2  0.8702E-04
 2  1  3  2  0.7010E-04
 2  1  4  2  0.9108E-04
 2  1  4  2  0.1111E-03
 2  1  4  2  0.8988E-04
 2  1  4  2  0.8893E-04
 2  1  4  2  0.8893E-04
 2  1  5  2  0.1190E-03
 2  1  5  2  0.1149E-03
 2  1  5  2  0.1149E-03
 2  1  5  2  0.1411E-03
 2  1  5  2  0.1090E-03
 2  1  6  2  0.8893E-04
 2  1  6  2  0.8297E-04
 2  1  6  2  0.1051E-03
 2  1  6  2  0.8202E-04
 2  1  6  2  0.8082E-04
 2  1  7  2  0.1788E-03
 2  1  7  2  0.1659E-03
 2  1  7  2  0.1619E-03
 2  1  7  2  0.1619E-03
 2  1  7  2  0.1881E-03
 2  1  8  2  0.2339E-03
 2  1  8  2  0.2549E-03
 2  1  8  2  0.2329E-03
 2  1  8  2  0.2201E-03
 2  1  8  2  0.2241E-03
 2  1  9  2  0.2940E-03
 2  1  9  2  0.2809E-03
 2  1  9  2  0.3169E-03
 2  1  9  2  0.2809E-03
 2  1  9  2  0.2792E-03
 2  1  10  2  0.4220E-03
 2  1  10  2  0.4032E-03
 2  1  10  2  0.4201E-03
 2  1  10  2  0.3979E-03
 2  1  10  2  0.4148E-03
 2  1  11  2  0.5758E-03
 2  1  11  2  0.5870E-03
 2  1  11  2  0.5982E-03
 2  1  11  2  0.5589E-03
 2  1  11  2  0.5810E-03
 2  1  12  2  0.8140E-03
 2  1  12  2  0.8099E-03
 2  1  12  2  0.8280E-03
 2  1  12  2  0.8101E-03
 2  1  12  2  0.8280E-03
 2  1  13  2  0.9780E-03
 2  1  13  2  0.9551E-03
 2  1  13  2  0.9410E-03
 2  1  13  2  0.9329E-03
 2  1  13  2  0.9239E-03
 2  1  14  2  0.1139E-02
 2  1  14  2  0.1164E-02
 2  1  14  2  0.1142E-02
 2  1  14  2  0.1124E-02
 2  1  14  2  0.1116E-02
 2  1  15  2  0.1439E-02
 2  1  15  2  0.1456E-02
 2  1  15  2  0.1420E-02
 2  1  15  2  0.1459E-02
 2  1  15  2  0.1400E-02
 2  1  16  2  0.2083E-02
 2  1  16  2  0.2071E-02
 2  1  16  2  0.2050E-02
 2  1  16  2  0.2041E-02
 2  1  16  2  0.2023E-02
 2  1  17  2  0.2534E-02
 2  1  17  2  0.2559E-02
 2  1  17  2  0.2496E-02
 2  1  17  2  0.2516E-02
 2  1  17  2  0.2566E-02
 2  1  18  2  0.2864E-02
 2  1  18  2  0.2855E-02
 2  1  18  2  0.2849E-02
 2  1  18  2  0.2850E-02
 2  1  18  2  0.2852E-02
 2  1  19  2  0.3718E-02
 2  1  19  2  0.3664E-02
 2  1  19  2  0.3724E-02
 2  1  19  2  0.3695E-02
 2  1  19  2  0.3695E-02
 2  1  20  2  0.4761E-02
 2  1  20  2  0.4762E-02
 2  1  20  2  0.4675E-02
 2  1  20  2  0.4697E-02
 2  1  20  2  0.4749E-02
