 2  2  3  4  0.1550E-03
 2  2  3  4  0.9990E-04
 2  2  3  4  0.9894E-04
 2  2  3  4  0.7486E-04
 2  2  3  4  0.7510E-04
 2  2  4  4  0.1061E-03
 2  2  4  4  0.8202E-04
 2  2  4  4  0.1030E-03
 2  2  4  4  0.8106E-04
 2  2  4  4  0.7892E-04
 2  2  5  4  0.1521E-03
 2  2  5  4  0.9799E-04
 2  2  5  4  0.1099E-03
 2  2  5  4  0.9108E-04
 2  2  5  4  0.9394E-04
 2  2  6  4  0.1681E-03
 2  2  6  4  0.1450E-03
 2  2  6  4  0.1390E-03
 2  2  6  4  0.1411E-03
 2  2  6  4  0.1209E-03
 2  2  7  4  0.1910E-03
 2  2  7  4  0.2079E-03
 2  2  7  4  0.1788E-03
 2  2  7  4  0.1528E-03
 2  2  7  4  0.1490E-03
 2  2  8  4  0.2780E-03
 2  2  8  4  0.2511E-03
 2  2  8  4  0.2499E-03
 2  2  8  4  0.2499E-03
 2  2  8  4  0.2420E-03
 2  2  9  4  0.3450E-03
 2  2  9  4  0.3150E-03
 2  2  9  4  0.3462E-03
 2  2  9  4  0.3099E-03
 2  2  9  4  0.3009E-03
 2  2  10  4  0.4849E-03
 2  2  10  4  0.4659E-03
 2  2  10  4  0.4091E-03
 2  2  10  4  0.4489E-03
 2  2  10  4  0.4380E-03
 2  2  11  4  0.6211E-03
 2  2  11  4  0.5488E-03
 2  2  11  4  0.6070E-03
 2  2  11  4  0.6132E-03
 2  2  11  4  0.5341E-03
 2  2  12  4  0.8240E-03
 2  2  12  4  0.7980E-03
 2  2  12  4  0.8090E-03
 2  2  12  4  0.8340E-03
 2  2  12  4  0.8121E-03
 2  2  13  4  0.9389E-03
 2  2  13  4  0.9420E-03
 2  2  13  4  0.9131E-03
 2  2  13  4  0.9191E-03
 2  2  13  4  0.9310E-03
 2  2  14  4  0.1134E-02
 2  2  14  4  0.1133E-02
 2  2  14  4  0.1131E-02
 2  2  14  4  0.1103E-02
 2  2  14  4  0.1120E-02
 2  2  15  4  0.1424E-02
 2  2  15  4  0.1355E-02
 2  2  15  4  0.1420E-02
 2  2  15  4  0.1376E-02
 2  2  15  4  0.1393E-02
 2  2  16  4  0.1906E-02
 2  2  16  4  0.1941E-02
 2  2  16  4  0.1928E-02
 2  2  16  4  0.1928E-02
 2  2  16  4  0.1917E-02
 2  2  17  4  0.2359E-02
 2  2  17  4  0.2321E-02
 2  2  17  4  0.2345E-02
 2  2  17  4  0.2311E-02
 2  2  17  4  0.2362E-02
 2  2  18  4  0.2844E-02
 2  2  18  4  0.2871E-02
 2  2  18  4  0.2853E-02
 2  2  18  4  0.2814E-02
 2  2  18  4  0.2825E-02
 2  2  19  4  0.3469E-02
 2  2  19  4  0.3473E-02
 2  2  19  4  0.3405E-02
 2  2  19  4  0.3522E-02
 2  2  19  4  0.3512E-02
 2  2  20  4  0.4362E-02
 2  2  20  4  0.4389E-02
 2  2  20  4  0.4340E-02
 2  2  20  4  0.4321E-02
 2  2  20  4  0.4352E-02
