nelt np nx1 elements time
 2  16  3  32  0.5327E-02
 2  16  3  32  0.4686E-02
 2  16  3  32  0.4693E-02
 2  16  3  32  0.4964E-02
 2  16  3  32  0.4603E-02
 2  16  4  32  0.3886E-02
 2  16  4  32  0.3705E-02
 2  16  4  32  0.3691E-02
 2  16  4  32  0.3641E-02
 2  16  4  32  0.3693E-02
 2  16  5  32  0.4770E-02
 2  16  5  32  0.4327E-02
 2  16  5  32  0.4276E-02
 2  16  5  32  0.4268E-02
 2  16  5  32  0.4269E-02
 2  16  6  32  0.5577E-02
 2  16  6  32  0.6576E-02
 2  16  6  32  0.5213E-02
 2  16  6  32  0.5849E-02
 2  16  6  32  0.5997E-02
 2  16  7  32  0.8427E-02
 2  16  7  32  0.7230E-02
 2  16  7  32  0.7158E-02
 2  16  7  32  0.7225E-02
 2  16  7  32  0.7262E-02
 2  16  8  32  0.9176E-02
 2  16  8  32  0.8219E-02
 2  16  8  32  0.7704E-02
 2  16  8  32  0.8041E-02
 2  16  8  32  0.7885E-02
 2  16  9  32  0.1171E-01
 2  16  9  32  0.1177E-01
 2  16  9  32  0.1168E-01
 2  16  9  32  0.1234E-01
 2  16  9  32  0.1213E-01
 2  16  10  32  0.1398E-01
 2  16  10  32  0.1385E-01
 2  16  10  32  0.1249E-01
 2  16  10  32  0.1500E-01
 2  16  10  32  0.1262E-01
 2  16  11  32  0.1812E-01
 2  16  11  32  0.1678E-01
 2  16  11  32  0.1676E-01
 2  16  11  32  0.1670E-01
 2  16  11  32  0.1666E-01
 2  16  12  32  0.2062E-01
 2  16  12  32  0.1922E-01
 2  16  12  32  0.1912E-01
 2  16  12  32  0.1893E-01
 2  16  12  32  0.1907E-01
 2  16  13  32  0.2632E-01
 2  16  13  32  0.2419E-01
 2  16  13  32  0.2408E-01
 2  16  13  32  0.2394E-01
 2  16  13  32  0.2405E-01
 2  16  14  32  0.2969E-01
 2  16  14  32  0.2844E-01
 2  16  14  32  0.2834E-01
 2  16  14  32  0.2830E-01
 2  16  14  32  0.2833E-01
 2  16  15  32  0.3789E-01
 2  16  15  32  0.3676E-01
 2  16  15  32  0.3666E-01
 2  16  15  32  0.3690E-01
 2  16  15  32  0.3672E-01
 2  16  16  32  0.4358E-01
 2  16  16  32  0.4152E-01
 2  16  16  32  0.4211E-01
 2  16  16  32  0.4152E-01
 2  16  16  32  0.4150E-01
 2  16  17  32  0.5888E-01
 2  16  17  32  0.5695E-01
 2  16  17  32  0.5822E-01
 2  16  17  32  0.5750E-01
 2  16  17  32  0.5787E-01
 2  16  18  32  0.6603E-01
 2  16  18  32  0.6439E-01
 2  16  18  32  0.6489E-01
 2  16  18  32  0.6522E-01
 2  16  18  32  0.6394E-01
 2  16  19  32  0.8014E-01
 2  16  19  32  0.7865E-01
 2  16  19  32  0.7679E-01
 2  16  19  32  0.7659E-01
 2  16  19  32  0.7650E-01
 2  16  20  32  0.9040E-01
 2  16  20  32  0.8691E-01
 2  16  20  32  0.8656E-01
 2  16  20  32  0.8585E-01
 2  16  20  32  0.8846E-01
