 2  2  3  4  0.1202E-03
 2  2  3  4  0.7510E-04
 2  2  3  4  0.7606E-04
 2  2  3  4  0.7701E-04
 2  2  3  4  0.7606E-04
 2  2  4  4  0.1812E-03
 2  2  4  4  0.1850E-03
 2  2  4  4  0.2060E-03
 2  2  4  4  0.1678E-03
 2  2  4  4  0.1690E-03
 2  2  5  4  0.2000E-03
 2  2  5  4  0.2172E-03
 2  2  5  4  0.2050E-03
 2  2  5  4  0.2050E-03
 2  2  5  4  0.2050E-03
 2  2  6  4  0.2480E-03
 2  2  6  4  0.2110E-03
 2  2  6  4  0.2120E-03
 2  2  6  4  0.2081E-03
 2  2  6  4  0.2232E-03
 2  2  7  4  0.3080E-03
 2  2  7  4  0.2160E-03
 2  2  7  4  0.2270E-03
 2  2  7  4  0.2441E-03
 2  2  7  4  0.2391E-03
 2  2  8  4  0.3440E-03
 2  2  8  4  0.3281E-03
 2  2  8  4  0.3231E-03
 2  2  8  4  0.3700E-03
 2  2  8  4  0.3009E-03
 2  2  9  4  0.4389E-03
 2  2  9  4  0.3901E-03
 2  2  9  4  0.4120E-03
 2  2  9  4  0.3860E-03
 2  2  9  4  0.4039E-03
 2  2  10  4  0.6120E-03
 2  2  10  4  0.5219E-03
 2  2  10  4  0.5510E-03
 2  2  10  4  0.5469E-03
 2  2  10  4  0.5078E-03
 2  2  11  4  0.7598E-03
 2  2  11  4  0.7231E-03
 2  2  11  4  0.7560E-03
 2  2  11  4  0.7629E-03
 2  2  11  4  0.6931E-03
 2  2  12  4  0.1041E-02
 2  2  12  4  0.1016E-02
 2  2  12  4  0.9460E-03
 2  2  12  4  0.9351E-03
 2  2  12  4  0.9911E-03
 2  2  13  4  0.1179E-02
 2  2  13  4  0.1127E-02
 2  2  13  4  0.1097E-02
 2  2  13  4  0.1102E-02
 2  2  13  4  0.1114E-02
 2  2  14  4  0.1431E-02
 2  2  14  4  0.1329E-02
 2  2  14  4  0.1364E-02
 2  2  14  4  0.1328E-02
 2  2  14  4  0.1316E-02
 2  2  15  4  0.1829E-02
 2  2  15  4  0.1728E-02
 2  2  15  4  0.1708E-02
 2  2  15  4  0.1745E-02
 2  2  15  4  0.1754E-02
 2  2  16  4  0.2364E-02
 2  2  16  4  0.2380E-02
 2  2  16  4  0.2330E-02
 2  2  16  4  0.2331E-02
 2  2  16  4  0.2305E-02
 2  2  17  4  0.2909E-02
 2  2  17  4  0.2838E-02
 2  2  17  4  0.2866E-02
 2  2  17  4  0.2835E-02
 2  2  17  4  0.2825E-02
 2  2  18  4  0.3328E-02
 2  2  18  4  0.3342E-02
 2  2  18  4  0.3296E-02
 2  2  18  4  0.3284E-02
 2  2  18  4  0.3335E-02
 2  2  19  4  0.4170E-02
 2  2  19  4  0.4093E-02
 2  2  19  4  0.4111E-02
 2  2  19  4  0.4183E-02
 2  2  19  4  0.4139E-02
 2  2  20  4  0.5044E-02
 2  2  20  4  0.5040E-02
 2  2  20  4  0.5024E-02
 2  2  20  4  0.5039E-02
 2  2  20  4  0.4991E-02
