 2  16  3  32  0.2182E-03
 2  16  3  32  0.1888E-03
 2  16  3  32  0.1850E-03
 2  16  3  32  0.1841E-03
 2  16  3  32  0.1819E-03
 2  16  4  32  0.1891E-03
 2  16  4  32  0.1669E-03
 2  16  4  32  0.1650E-03
 2  16  4  32  0.1731E-03
 2  16  4  32  0.1650E-03
 2  16  5  32  0.2370E-03
 2  16  5  32  0.2091E-03
 2  16  5  32  0.1981E-03
 2  16  5  32  0.1969E-03
 2  16  5  32  0.2160E-03
 2  16  6  32  0.2830E-03
 2  16  6  32  0.2310E-03
 2  16  6  32  0.2251E-03
 2  16  6  32  0.2220E-03
 2  16  6  32  0.2549E-03
 2  16  7  32  0.3140E-03
 2  16  7  32  0.2770E-03
 2  16  7  32  0.2830E-03
 2  16  7  32  0.2730E-03
 2  16  7  32  0.2708E-03
 2  16  8  32  0.4182E-03
 2  16  8  32  0.3989E-03
 2  16  8  32  0.3870E-03
 2  16  8  32  0.4032E-03
 2  16  8  32  0.3700E-03
 2  16  9  32  0.6249E-03
 2  16  9  32  0.5751E-03
 2  16  9  32  0.4530E-03
 2  16  9  32  0.4201E-03
 2  16  9  32  0.4420E-03
 2  16  10  32  0.5939E-03
 2  16  10  32  0.5791E-03
 2  16  10  32  0.5579E-03
 2  16  10  32  0.5381E-03
 2  16  10  32  0.5600E-03
 2  16  11  32  0.9289E-03
 2  16  11  32  0.8600E-03
 2  16  11  32  0.8509E-03
 2  16  11  32  0.8240E-03
 2  16  11  32  0.7861E-03
 2  16  12  32  0.1106E-02
 2  16  12  32  0.1021E-02
 2  16  12  32  0.9899E-03
 2  16  12  32  0.9871E-03
 2  16  12  32  0.9818E-03
 2  16  13  32  0.1632E-02
 2  16  13  32  0.1389E-02
 2  16  13  32  0.1478E-02
 2  16  13  32  0.1328E-02
 2  16  13  32  0.1550E-02
 2  16  14  32  0.1549E-02
 2  16  14  32  0.1492E-02
 2  16  14  32  0.1429E-02
 2  16  14  32  0.1460E-02
 2  16  14  32  0.1411E-02
 2  16  15  32  0.2033E-02
 2  16  15  32  0.1942E-02
 2  16  15  32  0.1948E-02
 2  16  15  32  0.1947E-02
 2  16  15  32  0.1939E-02
 2  16  16  32  0.2570E-02
 2  16  16  32  0.2542E-02
 2  16  16  32  0.2569E-02
 2  16  16  32  0.2573E-02
 2  16  16  32  0.2521E-02
 2  16  17  32  0.3209E-02
 2  16  17  32  0.3143E-02
 2  16  17  32  0.3125E-02
 2  16  17  32  0.3115E-02
 2  16  17  32  0.3087E-02
 2  16  18  32  0.3613E-02
 2  16  18  32  0.3518E-02
 2  16  18  32  0.3545E-02
 2  16  18  32  0.3679E-02
 2  16  18  32  0.3572E-02
 2  16  19  32  0.4406E-02
 2  16  19  32  0.4417E-02
 2  16  19  32  0.4337E-02
 2  16  19  32  0.4343E-02
 2  16  19  32  0.4373E-02
 2  16  20  32  0.5466E-02
 2  16  20  32  0.5454E-02
 2  16  20  32  0.5386E-02
 2  16  20  32  0.5517E-02
 2  16  20  32  0.5830E-02
