 2  64  3  128  0.3262E-03
 2  64  3  128  0.2470E-03
 2  64  3  128  0.2480E-03
 2  64  3  128  0.2651E-03
 2  64  3  128  0.2511E-03
 2  64  4  128  0.3400E-03
 2  64  4  128  0.2761E-03
 2  64  4  128  0.2749E-03
 2  64  4  128  0.2789E-03
 2  64  4  128  0.2780E-03
 2  64  5  128  0.3479E-03
 2  64  5  128  0.3731E-03
 2  64  5  128  0.3169E-03
 2  64  5  128  0.3378E-03
 2  64  5  128  0.3090E-03
 2  64  6  128  0.4499E-03
 2  64  6  128  0.3870E-03
 2  64  6  128  0.4010E-03
 2  64  6  128  0.3610E-03
 2  64  6  128  0.3760E-03
 2  64  7  128  0.5000E-03
 2  64  7  128  0.5651E-03
 2  64  7  128  0.5689E-03
 2  64  7  128  0.4599E-03
 2  64  7  128  0.4742E-03
 2  64  8  128  0.8149E-03
 2  64  8  128  0.8650E-03
 2  64  8  128  0.8302E-03
 2  64  8  128  0.8099E-03
 2  64  8  128  0.7720E-03
 2  64  9  128  0.7939E-03
 2  64  9  128  0.7360E-03
 2  64  9  128  0.6959E-03
 2  64  9  128  0.9160E-03
 2  64  9  128  0.7679E-03
 2  64  10  128  0.1022E-02
 2  64  10  128  0.9861E-03
 2  64  10  128  0.1066E-02
 2  64  10  128  0.1025E-02
 2  64  10  128  0.9582E-03
 2  64  11  128  0.1558E-02
 2  64  11  128  0.1323E-02
 2  64  11  128  0.1381E-02
 2  64  11  128  0.1384E-02
 2  64  11  128  0.1350E-02
 2  64  12  128  0.1681E-02
 2  64  12  128  0.1743E-02
 2  64  12  128  0.1730E-02
 2  64  12  128  0.1733E-02
 2  64  12  128  0.1686E-02
 2  64  13  128  0.2242E-02
 2  64  13  128  0.2287E-02
 2  64  13  128  0.2360E-02
 2  64  13  128  0.2249E-02
 2  64  13  128  0.2357E-02
 2  64  14  128  0.2243E-02
 2  64  14  128  0.2281E-02
 2  64  14  128  0.2315E-02
 2  64  14  128  0.2217E-02
 2  64  14  128  0.2235E-02
 2  64  15  128  0.2792E-02
 2  64  15  128  0.2896E-02
 2  64  15  128  0.2928E-02
 2  64  15  128  0.2724E-02
 2  64  15  128  0.2726E-02
 2  64  16  128  0.3462E-02
 2  64  16  128  0.3454E-02
 2  64  16  128  0.3495E-02
 2  64  16  128  0.3290E-02
 2  64  16  128  0.3429E-02
 2  64  17  128  0.4123E-02
 2  64  17  128  0.4557E-02
 2  64  17  128  0.4189E-02
 2  64  17  128  0.4515E-02
 2  64  17  128  0.4130E-02
 2  64  18  128  0.4811E-02
 2  64  18  128  0.4767E-02
 2  64  18  128  0.4770E-02
 2  64  18  128  0.4832E-02
 2  64  18  128  0.5081E-02
 2  64  19  128  0.5922E-02
 2  64  19  128  0.6075E-02
 2  64  19  128  0.6124E-02
 2  64  19  128  0.5913E-02
 2  64  19  128  0.6158E-02
 2  64  20  128  0.7122E-02
 2  64  20  128  0.7088E-02
 2  64  20  128  0.7114E-02
 2  64  20  128  0.6808E-02
 2  64  20  128  0.6771E-02
