 2  8  3  16  0.1540E-03
 2  8  3  16  0.1411E-03
 2  8  3  16  0.1218E-03
 2  8  3  16  0.1051E-03
 2  8  3  16  0.1009E-03
 2  8  4  16  0.1640E-03
 2  8  4  16  0.1180E-03
 2  8  4  16  0.1218E-03
 2  8  4  16  0.1099E-03
 2  8  4  16  0.1509E-03
 2  8  5  16  0.1941E-03
 2  8  5  16  0.1619E-03
 2  8  5  16  0.1431E-03
 2  8  5  16  0.1628E-03
 2  8  5  16  0.1519E-03
 2  8  6  16  0.2801E-03
 2  8  6  16  0.1631E-03
 2  8  6  16  0.1531E-03
 2  8  6  16  0.1400E-03
 2  8  6  16  0.1462E-03
 2  8  7  16  0.3161E-03
 2  8  7  16  0.2189E-03
 2  8  7  16  0.2029E-03
 2  8  7  16  0.1829E-03
 2  8  7  16  0.2649E-03
 2  8  8  16  0.2270E-03
 2  8  8  16  0.1669E-03
 2  8  8  16  0.1590E-03
 2  8  8  16  0.1671E-03
 2  8  8  16  0.1380E-03
 2  8  9  16  0.3259E-03
 2  8  9  16  0.3040E-03
 2  8  9  16  0.2999E-03
 2  8  9  16  0.2902E-03
 2  8  9  16  0.3331E-03
 2  8  10  16  0.3910E-03
 2  8  10  16  0.3459E-03
 2  8  10  16  0.2911E-03
 2  8  10  16  0.2751E-03
 2  8  10  16  0.3130E-03
 2  8  11  16  0.5281E-03
 2  8  11  16  0.3722E-03
 2  8  11  16  0.3891E-03
 2  8  11  16  0.3481E-03
 2  8  11  16  0.3600E-03
 2  8  12  16  0.3850E-03
 2  8  12  16  0.3259E-03
 2  8  12  16  0.3130E-03
 2  8  12  16  0.2971E-03
 2  8  12  16  0.3171E-03
 2  8  13  16  0.6170E-03
 2  8  13  16  0.4911E-03
 2  8  13  16  0.5040E-03
 2  8  13  16  0.4530E-03
 2  8  13  16  0.4580E-03
 2  8  14  16  0.6180E-03
 2  8  14  16  0.5729E-03
 2  8  14  16  0.5221E-03
 2  8  14  16  0.6602E-03
 2  8  14  16  0.6919E-03
 2  8  15  16  0.8571E-03
 2  8  15  16  0.8240E-03
 2  8  15  16  0.7639E-03
 2  8  15  16  0.1107E-02
 2  8  15  16  0.1071E-02
 2  8  16  16  0.6309E-03
 2  8  16  16  0.7181E-03
 2  8  16  16  0.7222E-03
 2  8  16  16  0.6940E-03
 2  8  16  16  0.5569E-03
 2  8  17  16  0.9699E-03
 2  8  17  16  0.8690E-03
 2  8  17  16  0.8790E-03
 2  8  17  16  0.8941E-03
 2  8  17  16  0.8831E-03
 2  8  18  16  0.1133E-02
 2  8  18  16  0.1039E-02
 2  8  18  16  0.1031E-02
 2  8  18  16  0.1032E-02
 2  8  18  16  0.1029E-02
 2  8  19  16  0.1346E-02
 2  8  19  16  0.1255E-02
 2  8  19  16  0.1294E-02
 2  8  19  16  0.1252E-02
 2  8  19  16  0.1259E-02
 2  8  20  16  0.1119E-02
 2  8  20  16  0.1022E-02
 2  8  20  16  0.9699E-03
 2  8  20  16  0.9701E-03
 2  8  20  16  0.9649E-03
