 4  2  3  8  0.1640E-03
 4  2  3  8  0.1180E-03
 4  2  3  8  0.1459E-03
 4  2  3  8  0.1011E-03
 4  2  3  8  0.1001E-03
 4  2  4  8  0.1359E-03
 4  2  4  8  0.1221E-03
 4  2  4  8  0.1149E-03
 4  2  4  8  0.9990E-04
 4  2  4  8  0.9918E-04
 4  2  5  8  0.2069E-03
 4  2  5  8  0.1659E-03
 4  2  5  8  0.1299E-03
 4  2  5  8  0.1159E-03
 4  2  5  8  0.1199E-03
 4  2  6  8  0.2971E-03
 4  2  6  8  0.1860E-03
 4  2  6  8  0.1810E-03
 4  2  6  8  0.1681E-03
 4  2  6  8  0.1731E-03
 4  2  7  8  0.3381E-03
 4  2  7  8  0.3121E-03
 4  2  7  8  0.2501E-03
 4  2  7  8  0.2370E-03
 4  2  7  8  0.2799E-03
 4  2  8  8  0.2360E-03
 4  2  8  8  0.1481E-03
 4  2  8  8  0.1569E-03
 4  2  8  8  0.1812E-03
 4  2  8  8  0.1528E-03
 4  2  9  8  0.3719E-03
 4  2  9  8  0.3011E-03
 4  2  9  8  0.2739E-03
 4  2  9  8  0.2539E-03
 4  2  9  8  0.2811E-03
 4  2  10  8  0.5441E-03
 4  2  10  8  0.4520E-03
 4  2  10  8  0.4270E-03
 4  2  10  8  0.4251E-03
 4  2  10  8  0.4210E-03
 4  2  11  8  0.7141E-03
 4  2  11  8  0.6380E-03
 4  2  11  8  0.5839E-03
 4  2  11  8  0.6239E-03
 4  2  11  8  0.6161E-03
 4  2  12  8  0.5128E-03
 4  2  12  8  0.5178E-03
 4  2  12  8  0.4718E-03
 4  2  12  8  0.5031E-03
 4  2  12  8  0.4690E-03
 4  2  13  8  0.8121E-03
 4  2  13  8  0.7370E-03
 4  2  13  8  0.7780E-03
 4  2  13  8  0.7799E-03
 4  2  13  8  0.7679E-03
 4  2  14  8  0.9949E-03
 4  2  14  8  0.9792E-03
 4  2  14  8  0.9651E-03
 4  2  14  8  0.9658E-03
 4  2  14  8  0.9642E-03
 4  2  15  8  0.1336E-02
 4  2  15  8  0.1306E-02
 4  2  15  8  0.1302E-02
 4  2  15  8  0.1341E-02
 4  2  15  8  0.1298E-02
 4  2  16  8  0.9859E-03
 4  2  16  8  0.9611E-03
 4  2  16  8  0.9391E-03
 4  2  16  8  0.9389E-03
 4  2  16  8  0.9382E-03
 4  2  17  8  0.1583E-02
 4  2  17  8  0.1571E-02
 4  2  17  8  0.1516E-02
 4  2  17  8  0.1554E-02
 4  2  17  8  0.1513E-02
 4  2  18  8  0.1904E-02
 4  2  18  8  0.1887E-02
 4  2  18  8  0.1878E-02
 4  2  18  8  0.1874E-02
 4  2  18  8  0.1890E-02
 4  2  19  8  0.2303E-02
 4  2  19  8  0.2328E-02
 4  2  19  8  0.2296E-02
 4  2  19  8  0.2298E-02
 4  2  19  8  0.2311E-02
 4  2  20  8  0.1796E-02
 4  2  20  8  0.1758E-02
 4  2  20  8  0.1751E-02
 4  2  20  8  0.1712E-02
 4  2  20  8  0.1722E-02
