 4  64  3  256  0.2410E-03
 4  64  3  256  0.2041E-03
 4  64  3  256  0.2911E-03
 4  64  3  256  0.2320E-03
 4  64  3  256  0.2069E-03
 4  64  4  256  0.2561E-03
 4  64  4  256  0.1431E-03
 4  64  4  256  0.1509E-03
 4  64  4  256  0.2279E-03
 4  64  4  256  0.1988E-03
 4  64  5  256  0.4098E-03
 4  64  5  256  0.2069E-03
 4  64  5  256  0.2799E-03
 4  64  5  256  0.3121E-03
 4  64  5  256  0.2918E-03
 4  64  6  256  0.4029E-03
 4  64  6  256  0.4470E-03
 4  64  6  256  0.4210E-03
 4  64  6  256  0.4551E-03
 4  64  6  256  0.3231E-03
 4  64  7  256  0.5040E-03
 4  64  7  256  0.2930E-03
 4  64  7  256  0.2990E-03
 4  64  7  256  0.3560E-03
 4  64  7  256  0.3901E-03
 4  64  8  256  0.4649E-03
 4  64  8  256  0.3030E-03
 4  64  8  256  0.3018E-03
 4  64  8  256  0.4110E-03
 4  64  8  256  0.4210E-03
 4  64  9  256  0.5751E-03
 4  64  9  256  0.4370E-03
 4  64  9  256  0.5391E-03
 4  64  9  256  0.6180E-03
 4  64  9  256  0.6361E-03
 4  64  10  256  0.6881E-03
 4  64  10  256  0.8960E-03
 4  64  10  256  0.9091E-03
 4  64  10  256  0.7250E-03
 4  64  10  256  0.7279E-03
 4  64  11  256  0.9191E-03
 4  64  11  256  0.1060E-02
 4  64  11  256  0.9892E-03
 4  64  11  256  0.9811E-03
 4  64  11  256  0.1135E-02
 4  64  12  256  0.7632E-03
 4  64  12  256  0.9019E-03
 4  64  12  256  0.9339E-03
 4  64  12  256  0.7710E-03
 4  64  12  256  0.7660E-03
 4  64  13  256  0.1298E-02
 4  64  13  256  0.1296E-02
 4  64  13  256  0.1504E-02
 4  64  13  256  0.1518E-02
 4  64  13  256  0.1426E-02
 4  64  14  256  0.1341E-02
 4  64  14  256  0.1514E-02
 4  64  14  256  0.1577E-02
 4  64  14  256  0.1362E-02
 4  64  14  256  0.1360E-02
 4  64  15  256  0.1725E-02
 4  64  15  256  0.1766E-02
 4  64  15  256  0.1848E-02
 4  64  15  256  0.1829E-02
 4  64  15  256  0.2146E-02
 4  64  16  256  0.1611E-02
 4  64  16  256  0.1482E-02
 4  64  16  256  0.1635E-02
 4  64  16  256  0.1564E-02
 4  64  16  256  0.1571E-02
 4  64  17  256  0.2398E-02
 4  64  17  256  0.2520E-02
 4  64  17  256  0.2399E-02
 4  64  17  256  0.2207E-02
 4  64  17  256  0.2317E-02
 4  64  18  256  0.2638E-02
 4  64  18  256  0.2366E-02
 4  64  18  256  0.2476E-02
 4  64  18  256  0.2362E-02
 4  64  18  256  0.2395E-02
 4  64  19  256  0.3186E-02
 4  64  19  256  0.3475E-02
 4  64  19  256  0.2967E-02
 4  64  19  256  0.3016E-02
 4  64  19  256  0.2975E-02
 4  64  20  256  0.3483E-02
 4  64  20  256  0.2681E-02
 4  64  20  256  0.2908E-02
 4  64  20  256  0.2570E-02
 4  64  20  256  0.2510E-02
