 4  2  3  8  0.1030E-03
 4  2  3  8  0.8893E-04
 4  2  3  8  0.8488E-04
 4  2  3  8  0.8392E-04
 4  2  3  8  0.1061E-03
 4  2  4  8  0.1130E-03
 4  2  4  8  0.4792E-04
 4  2  4  8  0.6294E-04
 4  2  4  8  0.6199E-04
 4  2  4  8  0.7796E-04
 4  2  5  8  0.1171E-03
 4  2  5  8  0.1090E-03
 4  2  5  8  0.1340E-03
 4  2  5  8  0.1099E-03
 4  2  5  8  0.1101E-03
 4  2  6  8  0.1860E-03
 4  2  6  8  0.1462E-03
 4  2  6  8  0.1540E-03
 4  2  6  8  0.1550E-03
 4  2  6  8  0.1490E-03
 4  2  7  8  0.2470E-03
 4  2  7  8  0.2232E-03
 4  2  7  8  0.2091E-03
 4  2  7  8  0.2131E-03
 4  2  7  8  0.2069E-03
 4  2  8  8  0.1361E-03
 4  2  8  8  0.1230E-03
 4  2  8  8  0.1180E-03
 4  2  8  8  0.1340E-03
 4  2  8  8  0.1190E-03
 4  2  9  8  0.2389E-03
 4  2  9  8  0.2639E-03
 4  2  9  8  0.2730E-03
 4  2  9  8  0.2291E-03
 4  2  9  8  0.2232E-03
 4  2  10  8  0.4921E-03
 4  2  10  8  0.4852E-03
 4  2  10  8  0.4349E-03
 4  2  10  8  0.4568E-03
 4  2  10  8  0.4170E-03
 4  2  11  8  0.5419E-03
 4  2  11  8  0.5879E-03
 4  2  11  8  0.5400E-03
 4  2  11  8  0.5369E-03
 4  2  11  8  0.5829E-03
 4  2  12  8  0.4611E-03
 4  2  12  8  0.4151E-03
 4  2  12  8  0.4141E-03
 4  2  12  8  0.4139E-03
 4  2  12  8  0.4351E-03
 4  2  13  8  0.7310E-03
 4  2  13  8  0.7310E-03
 4  2  13  8  0.6959E-03
 4  2  13  8  0.7241E-03
 4  2  13  8  0.7260E-03
 4  2  14  8  0.9420E-03
 4  2  14  8  0.8981E-03
 4  2  14  8  0.9129E-03
 4  2  14  8  0.8969E-03
 4  2  14  8  0.8941E-03
 4  2  15  8  0.1264E-02
 4  2  15  8  0.1286E-02
 4  2  15  8  0.1271E-02
 4  2  15  8  0.1256E-02
 4  2  15  8  0.1264E-02
 4  2  16  8  0.9000E-03
 4  2  16  8  0.8919E-03
 4  2  16  8  0.8910E-03
 4  2  16  8  0.8881E-03
 4  2  16  8  0.8912E-03
 4  2  17  8  0.1507E-02
 4  2  17  8  0.1520E-02
 4  2  17  8  0.1470E-02
 4  2  17  8  0.1499E-02
 4  2  17  8  0.1467E-02
 4  2  18  8  0.1855E-02
 4  2  18  8  0.1839E-02
 4  2  18  8  0.1840E-02
 4  2  18  8  0.1844E-02
 4  2  18  8  0.1815E-02
 4  2  19  8  0.2310E-02
 4  2  19  8  0.2307E-02
 4  2  19  8  0.2273E-02
 4  2  19  8  0.2265E-02
 4  2  19  8  0.2273E-02
 4  2  20  8  0.1694E-02
 4  2  20  8  0.1719E-02
 4  2  20  8  0.1714E-02
 4  2  20  8  0.1663E-02
 4  2  20  8  0.1673E-02
