 4  4  3  16  0.1349E-03
 4  4  3  16  0.9704E-04
 4  4  3  16  0.9513E-04
 4  4  3  16  0.9203E-04
 4  4  3  16  0.9108E-04
 4  4  4  16  0.8893E-04
 4  4  4  16  0.9203E-04
 4  4  4  16  0.8893E-04
 4  4  4  16  0.8702E-04
 4  4  4  16  0.8488E-04
 4  4  5  16  0.1259E-03
 4  4  5  16  0.1421E-03
 4  4  5  16  0.1209E-03
 4  4  5  16  0.1152E-03
 4  4  5  16  0.1130E-03
 4  4  6  16  0.1740E-03
 4  4  6  16  0.1819E-03
 4  4  6  16  0.1571E-03
 4  4  6  16  0.1519E-03
 4  4  6  16  0.1481E-03
 4  4  7  16  0.2351E-03
 4  4  7  16  0.2308E-03
 4  4  7  16  0.2420E-03
 4  4  7  16  0.2272E-03
 4  4  7  16  0.2241E-03
 4  4  8  16  0.1631E-03
 4  4  8  16  0.1440E-03
 4  4  8  16  0.1369E-03
 4  4  8  16  0.1640E-03
 4  4  8  16  0.1369E-03
 4  4  9  16  0.2980E-03
 4  4  9  16  0.2279E-03
 4  4  9  16  0.2820E-03
 4  4  9  16  0.2491E-03
 4  4  9  16  0.2451E-03
 4  4  10  16  0.3960E-03
 4  4  10  16  0.3660E-03
 4  4  10  16  0.3881E-03
 4  4  10  16  0.3510E-03
 4  4  10  16  0.4299E-03
 4  4  11  16  0.5970E-03
 4  4  11  16  0.5710E-03
 4  4  11  16  0.5879E-03
 4  4  11  16  0.5600E-03
 4  4  11  16  0.5779E-03
 4  4  12  16  0.4680E-03
 4  4  12  16  0.5171E-03
 4  4  12  16  0.5100E-03
 4  4  12  16  0.4730E-03
 4  4  12  16  0.4909E-03
 4  4  13  16  0.7601E-03
 4  4  13  16  0.7579E-03
 4  4  13  16  0.7529E-03
 4  4  13  16  0.7591E-03
 4  4  13  16  0.7529E-03
 4  4  14  16  0.9420E-03
 4  4  14  16  0.9189E-03
 4  4  14  16  0.9122E-03
 4  4  14  16  0.9279E-03
 4  4  14  16  0.9310E-03
 4  4  15  16  0.1290E-02
 4  4  15  16  0.1313E-02
 4  4  15  16  0.1277E-02
 4  4  15  16  0.1271E-02
 4  4  15  16  0.1278E-02
 4  4  16  16  0.8862E-03
 4  4  16  16  0.8831E-03
 4  4  16  16  0.9060E-03
 4  4  16  16  0.8981E-03
 4  4  16  16  0.8872E-03
 4  4  17  16  0.1573E-02
 4  4  17  16  0.1548E-02
 4  4  17  16  0.1553E-02
 4  4  17  16  0.1594E-02
 4  4  17  16  0.1520E-02
 4  4  18  16  0.1834E-02
 4  4  18  16  0.1852E-02
 4  4  18  16  0.1841E-02
 4  4  18  16  0.1864E-02
 4  4  18  16  0.1846E-02
 4  4  19  16  0.2338E-02
 4  4  19  16  0.2260E-02
 4  4  19  16  0.2274E-02
 4  4  19  16  0.2305E-02
 4  4  19  16  0.2272E-02
 4  4  20  16  0.1676E-02
 4  4  20  16  0.1701E-02
 4  4  20  16  0.1742E-02
 4  4  20  16  0.1725E-02
 4  4  20  16  0.1731E-02
