 4  64  3  256  0.1500E-03
 4  64  3  256  0.2019E-03
 4  64  3  256  0.1550E-03
 4  64  3  256  0.1509E-03
 4  64  3  256  0.1171E-03
 4  64  4  256  0.1469E-03
 4  64  4  256  0.1500E-03
 4  64  4  256  0.1810E-03
 4  64  4  256  0.1531E-03
 4  64  4  256  0.1440E-03
 4  64  5  256  0.2189E-03
 4  64  5  256  0.2508E-03
 4  64  5  256  0.2871E-03
 4  64  5  256  0.2620E-03
 4  64  5  256  0.2480E-03
 4  64  6  256  0.2990E-03
 4  64  6  256  0.2501E-03
 4  64  6  256  0.2561E-03
 4  64  6  256  0.2720E-03
 4  64  6  256  0.2460E-03
 4  64  7  256  0.3841E-03
 4  64  7  256  0.2980E-03
 4  64  7  256  0.2801E-03
 4  64  7  256  0.3111E-03
 4  64  7  256  0.2789E-03
 4  64  8  256  0.4189E-03
 4  64  8  256  0.3610E-03
 4  64  8  256  0.3598E-03
 4  64  8  256  0.3021E-03
 4  64  8  256  0.3130E-03
 4  64  9  256  0.6180E-03
 4  64  9  256  0.4089E-03
 4  64  9  256  0.3932E-03
 4  64  9  256  0.4330E-03
 4  64  9  256  0.3960E-03
 4  64  10  256  0.6351E-03
 4  64  10  256  0.5648E-03
 4  64  10  256  0.6700E-03
 4  64  10  256  0.6180E-03
 4  64  10  256  0.6132E-03
 4  64  11  256  0.8290E-03
 4  64  11  256  0.7560E-03
 4  64  11  256  0.7470E-03
 4  64  11  256  0.9210E-03
 4  64  11  256  0.1064E-02
 4  64  12  256  0.6990E-03
 4  64  12  256  0.6709E-03
 4  64  12  256  0.6249E-03
 4  64  12  256  0.7041E-03
 4  64  12  256  0.6850E-03
 4  64  13  256  0.1313E-02
 4  64  13  256  0.1352E-02
 4  64  13  256  0.1260E-02
 4  64  13  256  0.1484E-02
 4  64  13  256  0.1306E-02
 4  64  14  256  0.1241E-02
 4  64  14  256  0.1306E-02
 4  64  14  256  0.1481E-02
 4  64  14  256  0.1342E-02
 4  64  14  256  0.1254E-02
 4  64  15  256  0.1717E-02
 4  64  15  256  0.1831E-02
 4  64  15  256  0.1994E-02
 4  64  15  256  0.1735E-02
 4  64  15  256  0.2181E-02
 4  64  16  256  0.1496E-02
 4  64  16  256  0.1441E-02
 4  64  16  256  0.1545E-02
 4  64  16  256  0.1633E-02
 4  64  16  256  0.1546E-02
 4  64  17  256  0.2361E-02
 4  64  17  256  0.2265E-02
 4  64  17  256  0.2279E-02
 4  64  17  256  0.2472E-02
 4  64  17  256  0.2139E-02
 4  64  18  256  0.2618E-02
 4  64  18  256  0.2295E-02
 4  64  18  256  0.2320E-02
 4  64  18  256  0.2287E-02
 4  64  18  256  0.2541E-02
 4  64  19  256  0.3434E-02
 4  64  19  256  0.2917E-02
 4  64  19  256  0.3115E-02
 4  64  19  256  0.3199E-02
 4  64  19  256  0.2899E-02
 4  64  20  256  0.2371E-02
 4  64  20  256  0.2592E-02
 4  64  20  256  0.2484E-02
 4  64  20  256  0.2795E-02
 4  64  20  256  0.2674E-02
