 4  16  3  64  0.1740E-03
 4  16  3  64  0.1361E-03
 4  16  3  64  0.1059E-03
 4  16  3  64  0.1569E-03
 4  16  3  64  0.1068E-03
 4  16  4  64  0.2110E-03
 4  16  4  64  0.1371E-03
 4  16  4  64  0.1068E-03
 4  16  4  64  0.1070E-03
 4  16  4  64  0.1011E-03
 4  16  5  64  0.2520E-03
 4  16  5  64  0.2141E-03
 4  16  5  64  0.1521E-03
 4  16  5  64  0.1380E-03
 4  16  5  64  0.1302E-03
 4  16  6  64  0.3130E-03
 4  16  6  64  0.2120E-03
 4  16  6  64  0.2272E-03
 4  16  6  64  0.1922E-03
 4  16  6  64  0.1850E-03
 4  16  7  64  0.3989E-03
 4  16  7  64  0.3960E-03
 4  16  7  64  0.3619E-03
 4  16  7  64  0.4148E-03
 4  16  7  64  0.3920E-03
 4  16  8  64  0.3269E-03
 4  16  8  64  0.1850E-03
 4  16  8  64  0.1822E-03
 4  16  8  64  0.1650E-03
 4  16  8  64  0.1590E-03
 4  16  9  64  0.4489E-03
 4  16  9  64  0.3829E-03
 4  16  9  64  0.3428E-03
 4  16  9  64  0.3321E-03
 4  16  9  64  0.3519E-03
 4  16  10  64  0.6311E-03
 4  16  10  64  0.4900E-03
 4  16  10  64  0.5200E-03
 4  16  10  64  0.4671E-03
 4  16  10  64  0.4959E-03
 4  16  11  64  0.7770E-03
 4  16  11  64  0.6151E-03
 4  16  11  64  0.6371E-03
 4  16  11  64  0.6371E-03
 4  16  11  64  0.5991E-03
 4  16  12  64  0.6521E-03
 4  16  12  64  0.5569E-03
 4  16  12  64  0.6080E-03
 4  16  12  64  0.5331E-03
 4  16  12  64  0.5381E-03
 4  16  13  64  0.9391E-03
 4  16  13  64  0.8919E-03
 4  16  13  64  0.8838E-03
 4  16  13  64  0.8788E-03
 4  16  13  64  0.8979E-03
 4  16  14  64  0.1080E-02
 4  16  14  64  0.9952E-03
 4  16  14  64  0.9830E-03
 4  16  14  64  0.9840E-03
 4  16  14  64  0.9921E-03
 4  16  15  64  0.1434E-02
 4  16  15  64  0.1372E-02
 4  16  15  64  0.1334E-02
 4  16  15  64  0.1350E-02
 4  16  15  64  0.1770E-02
 4  16  16  64  0.1129E-02
 4  16  16  64  0.9880E-03
 4  16  16  64  0.1002E-02
 4  16  16  64  0.9670E-03
 4  16  16  64  0.9811E-03
 4  16  17  64  0.1741E-02
 4  16  17  64  0.1645E-02
 4  16  17  64  0.1570E-02
 4  16  17  64  0.1549E-02
 4  16  17  64  0.1645E-02
 4  16  18  64  0.2047E-02
 4  16  18  64  0.1913E-02
 4  16  18  64  0.1928E-02
 4  16  18  64  0.1929E-02
 4  16  18  64  0.1916E-02
 4  16  19  64  0.2504E-02
 4  16  19  64  0.3193E-02
 4  16  19  64  0.2385E-02
 4  16  19  64  0.2454E-02
 4  16  19  64  0.2368E-02
 4  16  20  64  0.2276E-02
 4  16  20  64  0.1810E-02
 4  16  20  64  0.1994E-02
 4  16  20  64  0.1968E-02
 4  16  20  64  0.1767E-02
