 4  16  3  64  0.8798E-04
 4  16  3  64  0.8512E-04
 4  16  3  64  0.1240E-03
 4  16  3  64  0.1180E-03
 4  16  3  64  0.1030E-03
 4  16  4  64  0.8202E-04
 4  16  4  64  0.7582E-04
 4  16  4  64  0.1121E-03
 4  16  4  64  0.1588E-03
 4  16  4  64  0.1009E-03
 4  16  5  64  0.1180E-03
 4  16  5  64  0.1330E-03
 4  16  5  64  0.1211E-03
 4  16  5  64  0.1130E-03
 4  16  5  64  0.1051E-03
 4  16  6  64  0.1650E-03
 4  16  6  64  0.1519E-03
 4  16  6  64  0.1571E-03
 4  16  6  64  0.1521E-03
 4  16  6  64  0.1502E-03
 4  16  7  64  0.3839E-03
 4  16  7  64  0.2499E-03
 4  16  7  64  0.2298E-03
 4  16  7  64  0.2482E-03
 4  16  7  64  0.2260E-03
 4  16  8  64  0.2151E-03
 4  16  8  64  0.1912E-03
 4  16  8  64  0.1819E-03
 4  16  8  64  0.2151E-03
 4  16  8  64  0.1900E-03
 4  16  9  64  0.3061E-03
 4  16  9  64  0.2820E-03
 4  16  9  64  0.2789E-03
 4  16  9  64  0.2689E-03
 4  16  9  64  0.2959E-03
 4  16  10  64  0.4442E-03
 4  16  10  64  0.4492E-03
 4  16  10  64  0.4070E-03
 4  16  10  64  0.5710E-03
 4  16  10  64  0.6061E-03
 4  16  11  64  0.6731E-03
 4  16  11  64  0.5910E-03
 4  16  11  64  0.5510E-03
 4  16  11  64  0.5751E-03
 4  16  11  64  0.5751E-03
 4  16  12  64  0.5710E-03
 4  16  12  64  0.4840E-03
 4  16  12  64  0.5519E-03
 4  16  12  64  0.5100E-03
 4  16  12  64  0.4618E-03
 4  16  13  64  0.8361E-03
 4  16  13  64  0.8268E-03
 4  16  13  64  0.8180E-03
 4  16  13  64  0.8240E-03
 4  16  13  64  0.8252E-03
 4  16  14  64  0.1004E-02
 4  16  14  64  0.9289E-03
 4  16  14  64  0.9339E-03
 4  16  14  64  0.9100E-03
 4  16  14  64  0.9241E-03
 4  16  15  64  0.1607E-02
 4  16  15  64  0.1321E-02
 4  16  15  64  0.1338E-02
 4  16  15  64  0.1290E-02
 4  16  15  64  0.1335E-02
 4  16  16  64  0.1105E-02
 4  16  16  64  0.1140E-02
 4  16  16  64  0.1140E-02
 4  16  16  64  0.9499E-03
 4  16  16  64  0.9220E-03
 4  16  17  64  0.1533E-02
 4  16  17  64  0.1501E-02
 4  16  17  64  0.1579E-02
 4  16  17  64  0.1512E-02
 4  16  17  64  0.1512E-02
 4  16  18  64  0.1883E-02
 4  16  18  64  0.1867E-02
 4  16  18  64  0.1858E-02
 4  16  18  64  0.1868E-02
 4  16  18  64  0.1859E-02
 4  16  19  64  0.2324E-02
 4  16  19  64  0.2308E-02
 4  16  19  64  0.2315E-02
 4  16  19  64  0.2310E-02
 4  16  19  64  0.2306E-02
 4  16  20  64  0.1746E-02
 4  16  20  64  0.1741E-02
 4  16  20  64  0.1767E-02
 4  16  20  64  0.1762E-02
 4  16  20  64  0.1777E-02
