nelt np nx1 elements time
 4  64  3  256  0.8989E-02
 4  64  3  256  0.8147E-02
 4  64  3  256  0.8434E-02
 4  64  3  256  0.8085E-02
 4  64  3  256  0.8628E-02
 4  64  4  256  0.1040E-01
 4  64  4  256  0.1022E-01
 4  64  4  256  0.1020E-01
 4  64  4  256  0.1037E-01
 4  64  4  256  0.1035E-01
 4  64  5  256  0.1084E-01
 4  64  5  256  0.1153E-01
 4  64  5  256  0.1091E-01
 4  64  5  256  0.1118E-01
 4  64  5  256  0.1101E-01
 4  64  6  256  0.1373E-01
 4  64  6  256  0.1345E-01
 4  64  6  256  0.1336E-01
 4  64  6  256  0.1346E-01
 4  64  6  256  0.1342E-01
 4  64  7  256  0.2223E-01
 4  64  7  256  0.2114E-01
 4  64  7  256  0.2081E-01
 4  64  7  256  0.2106E-01
 4  64  7  256  0.2098E-01
 4  64  8  256  0.2179E-01
 4  64  8  256  0.2140E-01
 4  64  8  256  0.2106E-01
 4  64  8  256  0.2425E-01
 4  64  8  256  0.2421E-01
 4  64  9  256  0.3390E-01
 4  64  9  256  0.3247E-01
 4  64  9  256  0.3271E-01
 4  64  9  256  0.3266E-01
 4  64  9  256  0.3258E-01
 4  64  10  256  0.3896E-01
 4  64  10  256  0.3792E-01
 4  64  10  256  0.3777E-01
 4  64  10  256  0.3866E-01
 4  64  10  256  0.3799E-01
 4  64  11  256  0.5161E-01
 4  64  11  256  0.5215E-01
 4  64  11  256  0.5269E-01
 4  64  11  256  0.5203E-01
 4  64  11  256  0.5220E-01
 4  64  12  256  0.6290E-01
 4  64  12  256  0.6248E-01
 4  64  12  256  0.6277E-01
 4  64  12  256  0.6279E-01
 4  64  12  256  0.6254E-01
 4  64  13  256  0.7305E-01
 4  64  13  256  0.7196E-01
 4  64  13  256  0.7112E-01
 4  64  13  256  0.7124E-01
 4  64  13  256  0.7116E-01
 4  64  14  256  0.7644E-01
 4  64  14  256  0.7758E-01
 4  64  14  256  0.8241E-01
 4  64  14  256  0.8271E-01
 4  64  14  256  0.8313E-01
 4  64  15  256  0.1035E+00
 4  64  15  256  0.9945E-01
 4  64  15  256  0.9814E-01
 4  64  15  256  0.9717E-01
 4  64  15  256  0.9885E-01
 4  64  16  256  0.1209E+00
 4  64  16  256  0.1189E+00
 4  64  16  256  0.1133E+00
 4  64  16  256  0.1130E+00
 4  64  16  256  0.1152E+00
 4  64  17  256  0.1528E+00
 4  64  17  256  0.1506E+00
 4  64  17  256  0.1503E+00
 4  64  17  256  0.1497E+00
 4  64  17  256  0.1508E+00
 4  64  18  256  0.1736E+00
 4  64  18  256  0.1733E+00
 4  64  18  256  0.1907E+00
 4  64  18  256  0.1874E+00
 4  64  18  256  0.1675E+00
 4  64  19  256  0.2207E+00
 4  64  19  256  0.2106E+00
 4  64  19  256  0.2106E+00
 4  64  19  256  0.2111E+00
 4  64  19  256  0.2131E+00
 4  64  20  256  0.2630E+00
 4  64  20  256  0.2532E+00
 4  64  20  256  0.2532E+00
 4  64  20  256  0.2546E+00
 4  64  20  256  0.2553E+00
