 4  4  3  16  0.1199E-03
 4  4  3  16  0.8988E-04
 4  4  3  16  0.1230E-03
 4  4  3  16  0.1690E-03
 4  4  3  16  0.1121E-03
 4  4  4  16  0.1712E-03
 4  4  4  16  0.1469E-03
 4  4  4  16  0.1318E-03
 4  4  4  16  0.1402E-03
 4  4  4  16  0.1268E-03
 4  4  5  16  0.2041E-03
 4  4  5  16  0.2198E-03
 4  4  5  16  0.1750E-03
 4  4  5  16  0.1709E-03
 4  4  5  16  0.1888E-03
 4  4  6  16  0.3099E-03
 4  4  6  16  0.2441E-03
 4  4  6  16  0.2391E-03
 4  4  6  16  0.2570E-03
 4  4  6  16  0.2420E-03
 4  4  7  16  0.3769E-03
 4  4  7  16  0.3371E-03
 4  4  7  16  0.3328E-03
 4  4  7  16  0.3340E-03
 4  4  7  16  0.3231E-03
 4  4  8  16  0.5200E-03
 4  4  8  16  0.5019E-03
 4  4  8  16  0.5100E-03
 4  4  8  16  0.4668E-03
 4  4  8  16  0.4959E-03
 4  4  9  16  0.6590E-03
 4  4  9  16  0.6318E-03
 4  4  9  16  0.5920E-03
 4  4  9  16  0.6082E-03
 4  4  9  16  0.6161E-03
 4  4  10  16  0.1031E-02
 4  4  10  16  0.9589E-03
 4  4  10  16  0.9880E-03
 4  4  10  16  0.9398E-03
 4  4  10  16  0.9410E-03
 4  4  11  16  0.1251E-02
 4  4  11  16  0.1278E-02
 4  4  11  16  0.1201E-02
 4  4  11  16  0.1189E-02
 4  4  11  16  0.1228E-02
 4  4  12  16  0.1742E-02
 4  4  12  16  0.1689E-02
 4  4  12  16  0.1730E-02
 4  4  12  16  0.1743E-02
 4  4  12  16  0.1701E-02
 4  4  13  16  0.1942E-02
 4  4  13  16  0.1937E-02
 4  4  13  16  0.1937E-02
 4  4  13  16  0.1933E-02
 4  4  13  16  0.1935E-02
 4  4  14  16  0.2353E-02
 4  4  14  16  0.2379E-02
 4  4  14  16  0.2311E-02
 4  4  14  16  0.2359E-02
 4  4  14  16  0.2328E-02
 4  4  15  16  0.2785E-02
 4  4  15  16  0.2784E-02
 4  4  15  16  0.2769E-02
 4  4  15  16  0.2730E-02
 4  4  15  16  0.2706E-02
 4  4  16  16  0.3737E-02
 4  4  16  16  0.3829E-02
 4  4  16  16  0.3762E-02
 4  4  16  16  0.3742E-02
 4  4  16  16  0.3784E-02
 4  4  17  16  0.4796E-02
 4  4  17  16  0.4840E-02
 4  4  17  16  0.4813E-02
 4  4  17  16  0.4836E-02
 4  4  17  16  0.4812E-02
 4  4  18  16  0.5604E-02
 4  4  18  16  0.5571E-02
 4  4  18  16  0.5693E-02
 4  4  18  16  0.5517E-02
 4  4  18  16  0.5540E-02
 4  4  19  16  0.6901E-02
 4  4  19  16  0.6846E-02
 4  4  19  16  0.6833E-02
 4  4  19  16  0.6879E-02
 4  4  19  16  0.6871E-02
 4  4  20  16  0.8845E-02
 4  4  20  16  0.8770E-02
 4  4  20  16  0.8692E-02
 4  4  20  16  0.8710E-02
 4  4  20  16  0.8677E-02
