 4  32  3  128  0.1631E-03
 4  32  3  128  0.1271E-03
 4  32  3  128  0.1252E-03
 4  32  3  128  0.1409E-03
 4  32  3  128  0.1311E-03
 4  32  4  128  0.2320E-03
 4  32  4  128  0.2120E-03
 4  32  4  128  0.1819E-03
 4  32  4  128  0.1731E-03
 4  32  4  128  0.1731E-03
 4  32  5  128  0.3531E-03
 4  32  5  128  0.2861E-03
 4  32  5  128  0.2511E-03
 4  32  5  128  0.2420E-03
 4  32  5  128  0.2592E-03
 4  32  6  128  0.3798E-03
 4  32  6  128  0.3102E-03
 4  32  6  128  0.3710E-03
 4  32  6  128  0.3040E-03
 4  32  6  128  0.3231E-03
 4  32  7  128  0.5310E-03
 4  32  7  128  0.4761E-03
 4  32  7  128  0.4990E-03
 4  32  7  128  0.4711E-03
 4  32  7  128  0.4878E-03
 4  32  8  128  0.5519E-03
 4  32  8  128  0.5369E-03
 4  32  8  128  0.4790E-03
 4  32  8  128  0.5748E-03
 4  32  8  128  0.5538E-03
 4  32  9  128  0.6809E-03
 4  32  9  128  0.7279E-03
 4  32  9  128  0.7682E-03
 4  32  9  128  0.8409E-03
 4  32  9  128  0.7079E-03
 4  32  10  128  0.9961E-03
 4  32  10  128  0.1124E-02
 4  32  10  128  0.9921E-03
 4  32  10  128  0.9661E-03
 4  32  10  128  0.9711E-03
 4  32  11  128  0.1308E-02
 4  32  11  128  0.1299E-02
 4  32  11  128  0.1441E-02
 4  32  11  128  0.1269E-02
 4  32  11  128  0.1437E-02
 4  32  12  128  0.1811E-02
 4  32  12  128  0.1800E-02
 4  32  12  128  0.1804E-02
 4  32  12  128  0.1737E-02
 4  32  12  128  0.1742E-02
 4  32  13  128  0.2107E-02
 4  32  13  128  0.2024E-02
 4  32  13  128  0.2031E-02
 4  32  13  128  0.2007E-02
 4  32  13  128  0.2009E-02
 4  32  14  128  0.2373E-02
 4  32  14  128  0.2523E-02
 4  32  14  128  0.2405E-02
 4  32  14  128  0.2424E-02
 4  32  14  128  0.2462E-02
 4  32  15  128  0.2907E-02
 4  32  15  128  0.3016E-02
 4  32  15  128  0.2984E-02
 4  32  15  128  0.3165E-02
 4  32  15  128  0.3449E-02
 4  32  16  128  0.4460E-02
 4  32  16  128  0.4103E-02
 4  32  16  128  0.4191E-02
 4  32  16  128  0.4228E-02
 4  32  16  128  0.4315E-02
 4  32  17  128  0.4951E-02
 4  32  17  128  0.4966E-02
 4  32  17  128  0.4964E-02
 4  32  17  128  0.4991E-02
 4  32  17  128  0.5082E-02
 4  32  18  128  0.6418E-02
 4  32  18  128  0.5981E-02
 4  32  18  128  0.6044E-02
 4  32  18  128  0.6430E-02
 4  32  18  128  0.5945E-02
 4  32  19  128  0.7350E-02
 4  32  19  128  0.8016E-02
 4  32  19  128  0.7286E-02
 4  32  19  128  0.7493E-02
 4  32  19  128  0.7578E-02
 4  32  20  128  0.9231E-02
 4  32  20  128  0.9666E-02
 4  32  20  128  0.9243E-02
 4  32  20  128  0.9352E-02
 4  32  20  128  0.9725E-02
