nelt np nx1 elements time
 4  1  3  4  0.3470E-02
 4  1  3  4  0.3369E-02
 4  1  3  4  0.3385E-02
 4  1  3  4  0.3366E-02
 4  1  3  4  0.3389E-02
 4  1  4  4  0.3774E-02
 4  1  4  4  0.3693E-02
 4  1  4  4  0.3645E-02
 4  1  4  4  0.3615E-02
 4  1  4  4  0.3622E-02
 4  1  5  4  0.4886E-02
 4  1  5  4  0.4571E-02
 4  1  5  4  0.4573E-02
 4  1  5  4  0.4587E-02
 4  1  5  4  0.4567E-02
 4  1  6  4  0.5676E-02
 4  1  6  4  0.5294E-02
 4  1  6  4  0.5299E-02
 4  1  6  4  0.5297E-02
 4  1  6  4  0.5286E-02
 4  1  7  4  0.6996E-02
 4  1  7  4  0.6507E-02
 4  1  7  4  0.6499E-02
 4  1  7  4  0.6429E-02
 4  1  7  4  0.6442E-02
 4  1  8  4  0.9093E-02
 4  1  8  4  0.8462E-02
 4  1  8  4  0.8439E-02
 4  1  8  4  0.8445E-02
 4  1  8  4  0.8384E-02
 4  1  9  4  0.1492E-01
 4  1  9  4  0.1368E-01
 4  1  9  4  0.1370E-01
 4  1  9  4  0.1363E-01
 4  1  9  4  0.1360E-01
 4  1  10  4  0.1924E-01
 4  1  10  4  0.1781E-01
 4  1  10  4  0.1767E-01
 4  1  10  4  0.1777E-01
 4  1  10  4  0.1780E-01
 4  1  11  4  0.2585E-01
 4  1  11  4  0.2481E-01
 4  1  11  4  0.2476E-01
 4  1  11  4  0.2486E-01
 4  1  11  4  0.2483E-01
 4  1  12  4  0.3104E-01
 4  1  12  4  0.3044E-01
 4  1  12  4  0.3080E-01
 4  1  12  4  0.3092E-01
 4  1  12  4  0.3097E-01
 4  1  13  4  0.3896E-01
 4  1  13  4  0.3787E-01
 4  1  13  4  0.3780E-01
 4  1  13  4  0.3778E-01
 4  1  13  4  0.3775E-01
 4  1  14  4  0.4612E-01
 4  1  14  4  0.4493E-01
 4  1  14  4  0.4481E-01
 4  1  14  4  0.4485E-01
 4  1  14  4  0.4485E-01
 4  1  15  4  0.5666E-01
 4  1  15  4  0.5510E-01
 4  1  15  4  0.5508E-01
 4  1  15  4  0.5506E-01
 4  1  15  4  0.5508E-01
 4  1  16  4  0.6578E-01
 4  1  16  4  0.6268E-01
 4  1  16  4  0.6418E-01
 4  1  16  4  0.6400E-01
 4  1  16  4  0.6393E-01
 4  1  17  4  0.9384E-01
 4  1  17  4  0.9134E-01
 4  1  17  4  0.9106E-01
 4  1  17  4  0.9157E-01
 4  1  17  4  0.9118E-01
 4  1  18  4  0.1064E+00
 4  1  18  4  0.1039E+00
 4  1  18  4  0.1039E+00
 4  1  18  4  0.1042E+00
 4  1  18  4  0.1042E+00
 4  1  19  4  0.1337E+00
 4  1  19  4  0.1296E+00
 4  1  19  4  0.1305E+00
 4  1  19  4  0.1299E+00
 4  1  19  4  0.1296E+00
 4  1  20  4  0.1525E+00
 4  1  20  4  0.1484E+00
 4  1  20  4  0.1484E+00
 4  1  20  4  0.1481E+00
 4  1  20  4  0.1481E+00
