 4  1  3  4  0.1121E-03
 4  1  3  4  0.8392E-04
 4  1  3  4  0.1140E-03
 4  1  3  4  0.8297E-04
 4  1  3  4  0.7796E-04
 4  1  4  4  0.1299E-03
 4  1  4  4  0.7486E-04
 4  1  4  4  0.7701E-04
 4  1  4  4  0.6890E-04
 4  1  4  4  0.7677E-04
 4  1  5  4  0.2050E-03
 4  1  5  4  0.1171E-03
 4  1  5  4  0.1180E-03
 4  1  5  4  0.1180E-03
 4  1  5  4  0.1130E-03
 4  1  6  4  0.1941E-03
 4  1  6  4  0.1750E-03
 4  1  6  4  0.1700E-03
 4  1  6  4  0.1860E-03
 4  1  6  4  0.1628E-03
 4  1  7  4  0.2759E-03
 4  1  7  4  0.2670E-03
 4  1  7  4  0.2699E-03
 4  1  7  4  0.2239E-03
 4  1  7  4  0.2151E-03
 4  1  8  4  0.1829E-03
 4  1  8  4  0.1268E-03
 4  1  8  4  0.1340E-03
 4  1  8  4  0.1180E-03
 4  1  8  4  0.1249E-03
 4  1  9  4  0.2990E-03
 4  1  9  4  0.3071E-03
 4  1  9  4  0.2992E-03
 4  1  9  4  0.2689E-03
 4  1  9  4  0.2520E-03
 4  1  10  4  0.4711E-03
 4  1  10  4  0.4292E-03
 4  1  10  4  0.4179E-03
 4  1  10  4  0.3839E-03
 4  1  10  4  0.3891E-03
 4  1  11  4  0.5651E-03
 4  1  11  4  0.6318E-03
 4  1  11  4  0.5820E-03
 4  1  11  4  0.5441E-03
 4  1  11  4  0.5660E-03
 4  1  12  4  0.4120E-03
 4  1  12  4  0.4981E-03
 4  1  12  4  0.4420E-03
 4  1  12  4  0.4580E-03
 4  1  12  4  0.4251E-03
 4  1  13  4  0.6981E-03
 4  1  13  4  0.6380E-03
 4  1  13  4  0.6640E-03
 4  1  13  4  0.6618E-03
 4  1  13  4  0.6270E-03
 4  1  14  4  0.8900E-03
 4  1  14  4  0.9398E-03
 4  1  14  4  0.9131E-03
 4  1  14  4  0.9239E-03
 4  1  14  4  0.9301E-03
 4  1  15  4  0.1212E-02
 4  1  15  4  0.1276E-02
 4  1  15  4  0.1257E-02
 4  1  15  4  0.1286E-02
 4  1  15  4  0.1264E-02
 4  1  16  4  0.8249E-03
 4  1  16  4  0.8969E-03
 4  1  16  4  0.8659E-03
 4  1  16  4  0.8879E-03
 4  1  16  4  0.8790E-03
 4  1  17  4  0.1439E-02
 4  1  17  4  0.1461E-02
 4  1  17  4  0.1489E-02
 4  1  17  4  0.1448E-02
 4  1  17  4  0.1485E-02
 4  1  18  4  0.1733E-02
 4  1  18  4  0.1820E-02
 4  1  18  4  0.1816E-02
 4  1  18  4  0.1795E-02
 4  1  18  4  0.1819E-02
 4  1  19  4  0.2191E-02
 4  1  19  4  0.2235E-02
 4  1  19  4  0.2281E-02
 4  1  19  4  0.2240E-02
 4  1  19  4  0.2229E-02
 4  1  20  4  0.1641E-02
 4  1  20  4  0.1634E-02
 4  1  20  4  0.1588E-02
 4  1  20  4  0.1593E-02
 4  1  20  4  0.1615E-02
