 4  4  3  16  0.2000E-03
 4  4  3  16  0.2348E-03
 4  4  3  16  0.2580E-03
 4  4  3  16  0.1309E-03
 4  4  3  16  0.1330E-03
 4  4  4  16  0.3002E-03
 4  4  4  16  0.3228E-03
 4  4  4  16  0.2968E-03
 4  4  4  16  0.2952E-03
 4  4  4  16  0.2720E-03
 4  4  5  16  0.3641E-03
 4  4  5  16  0.3490E-03
 4  4  5  16  0.2880E-03
 4  4  5  16  0.3390E-03
 4  4  5  16  0.3650E-03
 4  4  6  16  0.3970E-03
 4  4  6  16  0.4101E-03
 4  4  6  16  0.3791E-03
 4  4  6  16  0.3898E-03
 4  4  6  16  0.3839E-03
 4  4  7  16  0.5219E-03
 4  4  7  16  0.4039E-03
 4  4  7  16  0.4780E-03
 4  4  7  16  0.4740E-03
 4  4  7  16  0.4859E-03
 4  4  8  16  0.6649E-03
 4  4  8  16  0.6380E-03
 4  4  8  16  0.6671E-03
 4  4  8  16  0.6440E-03
 4  4  8  16  0.6199E-03
 4  4  9  16  0.8671E-03
 4  4  9  16  0.7749E-03
 4  4  9  16  0.7679E-03
 4  4  9  16  0.7749E-03
 4  4  9  16  0.7660E-03
 4  4  10  16  0.1209E-02
 4  4  10  16  0.1113E-02
 4  4  10  16  0.1082E-02
 4  4  10  16  0.1083E-02
 4  4  10  16  0.1067E-02
 4  4  11  16  0.1552E-02
 4  4  11  16  0.1544E-02
 4  4  11  16  0.1517E-02
 4  4  11  16  0.1467E-02
 4  4  11  16  0.1515E-02
 4  4  12  16  0.2259E-02
 4  4  12  16  0.2423E-02
 4  4  12  16  0.2202E-02
 4  4  12  16  0.2213E-02
 4  4  12  16  0.2201E-02
 4  4  13  16  0.2515E-02
 4  4  13  16  0.2425E-02
 4  4  13  16  0.2445E-02
 4  4  13  16  0.2452E-02
 4  4  13  16  0.2461E-02
 4  4  14  16  0.2915E-02
 4  4  14  16  0.2857E-02
 4  4  14  16  0.2866E-02
 4  4  14  16  0.2880E-02
 4  4  14  16  0.2877E-02
 4  4  15  16  0.3559E-02
 4  4  15  16  0.3515E-02
 4  4  15  16  0.3471E-02
 4  4  15  16  0.3509E-02
 4  4  15  16  0.3540E-02
 4  4  16  16  0.4622E-02
 4  4  16  16  0.4619E-02
 4  4  16  16  0.4591E-02
 4  4  16  16  0.4596E-02
 4  4  16  16  0.4584E-02
 4  4  17  16  0.5830E-02
 4  4  17  16  0.5795E-02
 4  4  17  16  0.5823E-02
 4  4  17  16  0.5829E-02
 4  4  17  16  0.5810E-02
 4  4  18  16  0.6416E-02
 4  4  18  16  0.6527E-02
 4  4  18  16  0.6433E-02
 4  4  18  16  0.6511E-02
 4  4  18  16  0.6433E-02
 4  4  19  16  0.8128E-02
 4  4  19  16  0.8097E-02
 4  4  19  16  0.8114E-02
 4  4  19  16  0.7997E-02
 4  4  19  16  0.8053E-02
 4  4  20  16  0.1021E-01
 4  4  20  16  0.1016E-01
 4  4  20  16  0.1015E-01
 4  4  20  16  0.1010E-01
 4  4  20  16  0.1016E-01
