 4  8  3  32  0.1509E-03
 4  8  3  32  0.1321E-03
 4  8  3  32  0.1161E-03
 4  8  3  32  0.1070E-03
 4  8  3  32  0.1180E-03
 4  8  4  32  0.2339E-03
 4  8  4  32  0.2120E-03
 4  8  4  32  0.2220E-03
 4  8  4  32  0.2151E-03
 4  8  4  32  0.2151E-03
 4  8  5  32  0.2601E-03
 4  8  5  32  0.2151E-03
 4  8  5  32  0.2260E-03
 4  8  5  32  0.2189E-03
 4  8  5  32  0.2432E-03
 4  8  6  32  0.4079E-03
 4  8  6  32  0.3259E-03
 4  8  6  32  0.3300E-03
 4  8  6  32  0.3090E-03
 4  8  6  32  0.3040E-03
 4  8  7  32  0.4630E-03
 4  8  7  32  0.3979E-03
 4  8  7  32  0.4232E-03
 4  8  7  32  0.4101E-03
 4  8  7  32  0.4301E-03
 4  8  8  32  0.6740E-03
 4  8  8  32  0.5920E-03
 4  8  8  32  0.5898E-03
 4  8  8  32  0.5510E-03
 4  8  8  32  0.5801E-03
 4  8  9  32  0.8001E-03
 4  8  9  32  0.7591E-03
 4  8  9  32  0.7169E-03
 4  8  9  32  0.7310E-03
 4  8  9  32  0.8709E-03
 4  8  10  32  0.1104E-02
 4  8  10  32  0.1091E-02
 4  8  10  32  0.1068E-02
 4  8  10  32  0.1071E-02
 4  8  10  32  0.1055E-02
 4  8  11  32  0.1232E-02
 4  8  11  32  0.1263E-02
 4  8  11  32  0.1202E-02
 4  8  11  32  0.1233E-02
 4  8  11  32  0.1236E-02
 4  8  12  32  0.1706E-02
 4  8  12  32  0.1650E-02
 4  8  12  32  0.1659E-02
 4  8  12  32  0.1682E-02
 4  8  12  32  0.1706E-02
 4  8  13  32  0.1909E-02
 4  8  13  32  0.1895E-02
 4  8  13  32  0.1902E-02
 4  8  13  32  0.1884E-02
 4  8  13  32  0.1896E-02
 4  8  14  32  0.2340E-02
 4  8  14  32  0.2271E-02
 4  8  14  32  0.2273E-02
 4  8  14  32  0.2313E-02
 4  8  14  32  0.2257E-02
 4  8  15  32  0.2842E-02
 4  8  15  32  0.2853E-02
 4  8  15  32  0.2775E-02
 4  8  15  32  0.2767E-02
 4  8  15  32  0.2827E-02
 4  8  16  32  0.3868E-02
 4  8  16  32  0.3827E-02
 4  8  16  32  0.4214E-02
 4  8  16  32  0.3815E-02
 4  8  16  32  0.3790E-02
 4  8  17  32  0.4710E-02
 4  8  17  32  0.4721E-02
 4  8  17  32  0.5255E-02
 4  8  17  32  0.4689E-02
 4  8  17  32  0.4660E-02
 4  8  18  32  0.5675E-02
 4  8  18  32  0.5657E-02
 4  8  18  32  0.5635E-02
 4  8  18  32  0.5676E-02
 4  8  18  32  0.5643E-02
 4  8  19  32  0.7088E-02
 4  8  19  32  0.7046E-02
 4  8  19  32  0.6992E-02
 4  8  19  32  0.6979E-02
 4  8  19  32  0.6979E-02
 4  8  20  32  0.9056E-02
 4  8  20  32  0.8976E-02
 4  8  20  32  0.8879E-02
 4  8  20  32  0.8858E-02
 4  8  20  32  0.8828E-02
