 4  32  3  128  0.1862E-03
 4  32  3  128  0.1628E-03
 4  32  3  128  0.1211E-03
 4  32  3  128  0.1101E-03
 4  32  3  128  0.1059E-03
 4  32  4  128  0.2120E-03
 4  32  4  128  0.1240E-03
 4  32  4  128  0.1760E-03
 4  32  4  128  0.1390E-03
 4  32  4  128  0.1340E-03
 4  32  5  128  0.2542E-03
 4  32  5  128  0.1700E-03
 4  32  5  128  0.1490E-03
 4  32  5  128  0.1431E-03
 4  32  5  128  0.1769E-03
 4  32  6  128  0.3719E-03
 4  32  6  128  0.2289E-03
 4  32  6  128  0.2079E-03
 4  32  6  128  0.1979E-03
 4  32  6  128  0.3459E-03
 4  32  7  128  0.4480E-03
 4  32  7  128  0.3610E-03
 4  32  7  128  0.3560E-03
 4  32  7  128  0.3200E-03
 4  32  7  128  0.3090E-03
 4  32  8  128  0.3521E-03
 4  32  8  128  0.1650E-03
 4  32  8  128  0.1562E-03
 4  32  8  128  0.1571E-03
 4  32  8  128  0.1769E-03
 4  32  9  128  0.4928E-03
 4  32  9  128  0.2971E-03
 4  32  9  128  0.2759E-03
 4  32  9  128  0.3068E-03
 4  32  9  128  0.2620E-03
 4  32  10  128  0.6151E-03
 4  32  10  128  0.4230E-03
 4  32  10  128  0.4051E-03
 4  32  10  128  0.4270E-03
 4  32  10  128  0.3920E-03
 4  32  11  128  0.7939E-03
 4  32  11  128  0.6309E-03
 4  32  11  128  0.5841E-03
 4  32  11  128  0.7858E-03
 4  32  11  128  0.8631E-03
 4  32  12  128  0.6540E-03
 4  32  12  128  0.4711E-03
 4  32  12  128  0.5000E-03
 4  32  12  128  0.4580E-03
 4  32  12  128  0.4919E-03
 4  32  13  128  0.9592E-03
 4  32  13  128  0.9470E-03
 4  32  13  128  0.9291E-03
 4  32  13  128  0.9160E-03
 4  32  13  128  0.8121E-03
 4  32  14  128  0.1172E-02
 4  32  14  128  0.1015E-02
 4  32  14  128  0.9849E-03
 4  32  14  128  0.9799E-03
 4  32  14  128  0.1009E-02
 4  32  15  128  0.1513E-02
 4  32  15  128  0.1431E-02
 4  32  15  128  0.1375E-02
 4  32  15  128  0.1370E-02
 4  32  15  128  0.1449E-02
 4  32  16  128  0.1029E-02
 4  32  16  128  0.1013E-02
 4  32  16  128  0.1016E-02
 4  32  16  128  0.9921E-03
 4  32  16  128  0.1001E-02
 4  32  17  128  0.2042E-02
 4  32  17  128  0.1861E-02
 4  32  17  128  0.1672E-02
 4  32  17  128  0.1610E-02
 4  32  17  128  0.1618E-02
 4  32  18  128  0.2158E-02
 4  32  18  128  0.2020E-02
 4  32  18  128  0.2050E-02
 4  32  18  128  0.2249E-02
 4  32  18  128  0.1983E-02
 4  32  19  128  0.3001E-02
 4  32  19  128  0.2492E-02
 4  32  19  128  0.2462E-02
 4  32  19  128  0.2492E-02
 4  32  19  128  0.2424E-02
 4  32  20  128  0.2325E-02
 4  32  20  128  0.1988E-02
 4  32  20  128  0.1879E-02
 4  32  20  128  0.1881E-02
 4  32  20  128  0.2356E-02
