 4  8  3  32  0.1011E-03
 4  8  3  32  0.1030E-03
 4  8  3  32  0.9799E-04
 4  8  3  32  0.9608E-04
 4  8  3  32  0.9418E-04
 4  8  4  32  0.9894E-04
 4  8  4  32  0.9298E-04
 4  8  4  32  0.9203E-04
 4  8  4  32  0.9108E-04
 4  8  4  32  0.1378E-03
 4  8  5  32  0.1478E-03
 4  8  5  32  0.1371E-03
 4  8  5  32  0.1321E-03
 4  8  5  32  0.1540E-03
 4  8  5  32  0.1380E-03
 4  8  6  32  0.3021E-03
 4  8  6  32  0.2780E-03
 4  8  6  32  0.2439E-03
 4  8  6  32  0.2160E-03
 4  8  6  32  0.2081E-03
 4  8  7  32  0.2699E-03
 4  8  7  32  0.2639E-03
 4  8  7  32  0.2789E-03
 4  8  7  32  0.2570E-03
 4  8  7  32  0.2520E-03
 4  8  8  32  0.1781E-03
 4  8  8  32  0.1709E-03
 4  8  8  32  0.1640E-03
 4  8  8  32  0.1590E-03
 4  8  8  32  0.1559E-03
 4  8  9  32  0.3171E-03
 4  8  9  32  0.2911E-03
 4  8  9  32  0.2861E-03
 4  8  9  32  0.3109E-03
 4  8  9  32  0.2859E-03
 4  8  10  32  0.6018E-03
 4  8  10  32  0.5851E-03
 4  8  10  32  0.5879E-03
 4  8  10  32  0.4778E-03
 4  8  10  32  0.4349E-03
 4  8  11  32  0.5898E-03
 4  8  11  32  0.5929E-03
 4  8  11  32  0.5748E-03
 4  8  11  32  0.5500E-03
 4  8  11  32  0.5748E-03
 4  8  12  32  0.4821E-03
 4  8  12  32  0.4230E-03
 4  8  12  32  0.4590E-03
 4  8  12  32  0.4339E-03
 4  8  12  32  0.4530E-03
 4  8  13  32  0.7260E-03
 4  8  13  32  0.7451E-03
 4  8  13  32  0.7560E-03
 4  8  13  32  0.7679E-03
 4  8  13  32  0.7439E-03
 4  8  14  32  0.9429E-03
 4  8  14  32  0.9041E-03
 4  8  14  32  0.9451E-03
 4  8  14  32  0.9239E-03
 4  8  14  32  0.9220E-03
 4  8  15  32  0.1337E-02
 4  8  15  32  0.1311E-02
 4  8  15  32  0.1323E-02
 4  8  15  32  0.1302E-02
 4  8  15  32  0.1341E-02
 4  8  16  32  0.9391E-03
 4  8  16  32  0.9220E-03
 4  8  16  32  0.9220E-03
 4  8  16  32  0.9091E-03
 4  8  16  32  0.9201E-03
 4  8  17  32  0.1541E-02
 4  8  17  32  0.1541E-02
 4  8  17  32  0.1496E-02
 4  8  17  32  0.1548E-02
 4  8  17  32  0.1516E-02
 4  8  18  32  0.1855E-02
 4  8  18  32  0.1868E-02
 4  8  18  32  0.1841E-02
 4  8  18  32  0.1861E-02
 4  8  18  32  0.1854E-02
 4  8  19  32  0.2323E-02
 4  8  19  32  0.2369E-02
 4  8  19  32  0.2332E-02
 4  8  19  32  0.2369E-02
 4  8  19  32  0.2302E-02
 4  8  20  32  0.1827E-02
 4  8  20  32  0.1899E-02
 4  8  20  32  0.1834E-02
 4  8  20  32  0.1810E-02
 4  8  20  32  0.1817E-02
