 4  2  3  8  0.1271E-03
 4  2  3  8  0.8798E-04
 4  2  3  8  0.8011E-04
 4  2  3  8  0.7915E-04
 4  2  3  8  0.7796E-04
 4  2  4  8  0.1612E-03
 4  2  4  8  0.1750E-03
 4  2  4  8  0.1040E-03
 4  2  4  8  0.1361E-03
 4  2  4  8  0.1171E-03
 4  2  5  8  0.1769E-03
 4  2  5  8  0.1512E-03
 4  2  5  8  0.1419E-03
 4  2  5  8  0.1471E-03
 4  2  5  8  0.1409E-03
 4  2  6  8  0.2699E-03
 4  2  6  8  0.2298E-03
 4  2  6  8  0.2191E-03
 4  2  6  8  0.2370E-03
 4  2  6  8  0.2201E-03
 4  2  7  8  0.3240E-03
 4  2  7  8  0.3412E-03
 4  2  7  8  0.2830E-03
 4  2  7  8  0.2871E-03
 4  2  7  8  0.2959E-03
 4  2  8  8  0.4709E-03
 4  2  8  8  0.4539E-03
 4  2  8  8  0.4420E-03
 4  2  8  8  0.4389E-03
 4  2  8  8  0.4320E-03
 4  2  9  8  0.6180E-03
 4  2  9  8  0.5920E-03
 4  2  9  8  0.5670E-03
 4  2  9  8  0.5851E-03
 4  2  9  8  0.5708E-03
 4  2  10  8  0.9248E-03
 4  2  10  8  0.9398E-03
 4  2  10  8  0.9429E-03
 4  2  10  8  0.9069E-03
 4  2  10  8  0.9019E-03
 4  2  11  8  0.1139E-02
 4  2  11  8  0.1144E-02
 4  2  11  8  0.1134E-02
 4  2  11  8  0.1130E-02
 4  2  11  8  0.1113E-02
 4  2  12  8  0.1627E-02
 4  2  12  8  0.1571E-02
 4  2  12  8  0.1623E-02
 4  2  12  8  0.1633E-02
 4  2  12  8  0.1561E-02
 4  2  13  8  0.1807E-02
 4  2  13  8  0.1799E-02
 4  2  13  8  0.1804E-02
 4  2  13  8  0.1812E-02
 4  2  13  8  0.1801E-02
 4  2  14  8  0.2170E-02
 4  2  14  8  0.2221E-02
 4  2  14  8  0.2164E-02
 4  2  14  8  0.2161E-02
 4  2  14  8  0.2239E-02
 4  2  15  8  0.2710E-02
 4  2  15  8  0.2668E-02
 4  2  15  8  0.2631E-02
 4  2  15  8  0.2678E-02
 4  2  15  8  0.2661E-02
 4  2  16  8  0.3703E-02
 4  2  16  8  0.3696E-02
 4  2  16  8  0.3712E-02
 4  2  16  8  0.3660E-02
 4  2  16  8  0.3689E-02
 4  2  17  8  0.4548E-02
 4  2  17  8  0.4561E-02
 4  2  17  8  0.4586E-02
 4  2  17  8  0.4533E-02
 4  2  17  8  0.4557E-02
 4  2  18  8  0.5497E-02
 4  2  18  8  0.5545E-02
 4  2  18  8  0.5451E-02
 4  2  18  8  0.5469E-02
 4  2  18  8  0.5488E-02
 4  2  19  8  0.6828E-02
 4  2  19  8  0.6785E-02
 4  2  19  8  0.6768E-02
 4  2  19  8  0.6780E-02
 4  2  19  8  0.6702E-02
 4  2  20  8  0.8689E-02
 4  2  20  8  0.8645E-02
 4  2  20  8  0.8588E-02
 4  2  20  8  0.8601E-02
 4  2  20  8  0.8537E-02
