 8  1  3  8  0.1209E-03
 8  1  3  8  0.1049E-03
 8  1  3  8  0.1080E-03
 8  1  3  8  0.1030E-03
 8  1  3  8  0.1042E-03
 8  1  4  8  0.1950E-03
 8  1  4  8  0.1609E-03
 8  1  4  8  0.1571E-03
 8  1  4  8  0.1791E-03
 8  1  4  8  0.1650E-03
 8  1  5  8  0.2580E-03
 8  1  5  8  0.2379E-03
 8  1  5  8  0.2298E-03
 8  1  5  8  0.2699E-03
 8  1  5  8  0.2291E-03
 8  1  6  8  0.2990E-03
 8  1  6  8  0.2840E-03
 8  1  6  8  0.2809E-03
 8  1  6  8  0.2730E-03
 8  1  6  8  0.2949E-03
 8  1  7  8  0.5121E-03
 8  1  7  8  0.4930E-03
 8  1  7  8  0.5100E-03
 8  1  7  8  0.4790E-03
 8  1  7  8  0.5069E-03
 8  1  8  8  0.7782E-03
 8  1  8  8  0.7880E-03
 8  1  8  8  0.7970E-03
 8  1  8  8  0.7939E-03
 8  1  8  8  0.7491E-03
 8  1  9  8  0.1027E-02
 8  1  9  8  0.1045E-02
 8  1  9  8  0.1043E-02
 8  1  9  8  0.1085E-02
 8  1  9  8  0.1044E-02
 8  1  10  8  0.1599E-02
 8  1  10  8  0.1617E-02
 8  1  10  8  0.1564E-02
 8  1  10  8  0.1613E-02
 8  1  10  8  0.1614E-02
 8  1  11  8  0.1990E-02
 8  1  11  8  0.1988E-02
 8  1  11  8  0.1987E-02
 8  1  11  8  0.1983E-02
 8  1  11  8  0.2015E-02
 8  1  12  8  0.2919E-02
 8  1  12  8  0.2970E-02
 8  1  12  8  0.2983E-02
 8  1  12  8  0.2981E-02
 8  1  12  8  0.2993E-02
 8  1  13  8  0.3294E-02
 8  1  13  8  0.3380E-02
 8  1  13  8  0.3320E-02
 8  1  13  8  0.3357E-02
 8  1  13  8  0.3321E-02
 8  1  14  8  0.4082E-02
 8  1  14  8  0.4061E-02
 8  1  14  8  0.4105E-02
 8  1  14  8  0.4086E-02
 8  1  14  8  0.4088E-02
 8  1  15  8  0.5041E-02
 8  1  15  8  0.5045E-02
 8  1  15  8  0.5042E-02
 8  1  15  8  0.5014E-02
 8  1  15  8  0.5012E-02
 8  1  16  8  0.7006E-02
 8  1  16  8  0.7038E-02
 8  1  16  8  0.7034E-02
 8  1  16  8  0.7042E-02
 8  1  16  8  0.7009E-02
 8  1  17  8  0.8515E-02
 8  1  17  8  0.8553E-02
 8  1  17  8  0.8498E-02
 8  1  17  8  0.8526E-02
 8  1  17  8  0.8568E-02
 8  1  18  8  0.1049E-01
 8  1  18  8  0.1040E-01
 8  1  18  8  0.1047E-01
 8  1  18  8  0.1046E-01
 8  1  18  8  0.1047E-01
 8  1  19  8  0.1281E-01
 8  1  19  8  0.1280E-01
 8  1  19  8  0.1280E-01
 8  1  19  8  0.1281E-01
 8  1  19  8  0.1281E-01
 8  1  20  8  0.1673E-01
 8  1  20  8  0.1659E-01
 8  1  20  8  0.1654E-01
 8  1  20  8  0.1653E-01
 8  1  20  8  0.1650E-01
