 8  64  3  512  0.3109E-03
 8  64  3  512  0.2248E-03
 8  64  3  512  0.2160E-03
 8  64  3  512  0.2429E-03
 8  64  3  512  0.2151E-03
 8  64  4  512  0.4401E-03
 8  64  4  512  0.3619E-03
 8  64  4  512  0.4010E-03
 8  64  4  512  0.3510E-03
 8  64  4  512  0.3750E-03
 8  64  5  512  0.5901E-03
 8  64  5  512  0.6208E-03
 8  64  5  512  0.6249E-03
 8  64  5  512  0.5190E-03
 8  64  5  512  0.5651E-03
 8  64  6  512  0.8340E-03
 8  64  6  512  0.8221E-03
 8  64  6  512  0.7720E-03
 8  64  6  512  0.7992E-03
 8  64  6  512  0.8049E-03
 8  64  7  512  0.8469E-03
 8  64  7  512  0.8509E-03
 8  64  7  512  0.9010E-03
 8  64  7  512  0.8810E-03
 8  64  7  512  0.8559E-03
 8  64  8  512  0.1428E-02
 8  64  8  512  0.1437E-02
 8  64  8  512  0.1607E-02
 8  64  8  512  0.1424E-02
 8  64  8  512  0.1706E-02
 8  64  9  512  0.1536E-02
 8  64  9  512  0.1636E-02
 8  64  9  512  0.1793E-02
 8  64  9  512  0.1660E-02
 8  64  9  512  0.1555E-02
 8  64  10  512  0.2287E-02
 8  64  10  512  0.2205E-02
 8  64  10  512  0.2201E-02
 8  64  10  512  0.2298E-02
 8  64  10  512  0.2758E-02
 8  64  11  512  0.2881E-02
 8  64  11  512  0.2869E-02
 8  64  11  512  0.2875E-02
 8  64  11  512  0.2851E-02
 8  64  11  512  0.2865E-02
 8  64  12  512  0.3830E-02
 8  64  12  512  0.3799E-02
 8  64  12  512  0.4048E-02
 8  64  12  512  0.3775E-02
 8  64  12  512  0.3768E-02
 8  64  13  512  0.4561E-02
 8  64  13  512  0.4531E-02
 8  64  13  512  0.4483E-02
 8  64  13  512  0.4682E-02
 8  64  13  512  0.4542E-02
 8  64  14  512  0.5621E-02
 8  64  14  512  0.5757E-02
 8  64  14  512  0.5799E-02
 8  64  14  512  0.5649E-02
 8  64  14  512  0.5641E-02
 8  64  15  512  0.6994E-02
 8  64  15  512  0.7004E-02
 8  64  15  512  0.7047E-02
 8  64  15  512  0.7069E-02
 8  64  15  512  0.6967E-02
 8  64  16  512  0.1004E-01
 8  64  16  512  0.1034E-01
 8  64  16  512  0.1008E-01
 8  64  16  512  0.1017E-01
 8  64  16  512  0.1017E-01
 8  64  17  512  0.1211E-01
 8  64  17  512  0.1237E-01
 8  64  17  512  0.1212E-01
 8  64  17  512  0.1216E-01
 8  64  17  512  0.1208E-01
 8  64  18  512  0.1474E-01
 8  64  18  512  0.1483E-01
 8  64  18  512  0.1480E-01
 8  64  18  512  0.1482E-01
 8  64  18  512  0.1479E-01
 8  64  19  512  0.1847E-01
 8  64  19  512  0.1846E-01
 8  64  19  512  0.1838E-01
 8  64  19  512  0.1832E-01
 8  64  19  512  0.1838E-01
 8  64  20  512  0.2268E-01
 8  64  20  512  0.2287E-01
 8  64  20  512  0.2277E-01
 8  64  20  512  0.2277E-01
 8  64  20  512  0.2267E-01
