 8  8  3  64  0.3431E-03
 8  8  3  64  0.3469E-03
 8  8  3  64  0.3841E-03
 8  8  3  64  0.3250E-03
 8  8  3  64  0.3631E-03
 8  8  4  64  0.4690E-03
 8  8  4  64  0.4518E-03
 8  8  4  64  0.4499E-03
 8  8  4  64  0.4001E-03
 8  8  4  64  0.4070E-03
 8  8  5  64  0.6411E-03
 8  8  5  64  0.5739E-03
 8  8  5  64  0.4630E-03
 8  8  5  64  0.4802E-03
 8  8  5  64  0.4461E-03
 8  8  6  64  0.7110E-03
 8  8  6  64  0.6330E-03
 8  8  6  64  0.5951E-03
 8  8  6  64  0.5820E-03
 8  8  6  64  0.5870E-03
 8  8  7  64  0.9100E-03
 8  8  7  64  0.8452E-03
 8  8  7  64  0.8221E-03
 8  8  7  64  0.8221E-03
 8  8  7  64  0.8140E-03
 8  8  8  64  0.1270E-02
 8  8  8  64  0.1569E-02
 8  8  8  64  0.1409E-02
 8  8  8  64  0.1250E-02
 8  8  8  64  0.1236E-02
 8  8  9  64  0.1713E-02
 8  8  9  64  0.1621E-02
 8  8  9  64  0.1589E-02
 8  8  9  64  0.1605E-02
 8  8  9  64  0.1587E-02
 8  8  10  64  0.2492E-02
 8  8  10  64  0.2373E-02
 8  8  10  64  0.2337E-02
 8  8  10  64  0.2356E-02
 8  8  10  64  0.2349E-02
 8  8  11  64  0.3028E-02
 8  8  11  64  0.2985E-02
 8  8  11  64  0.3002E-02
 8  8  11  64  0.3008E-02
 8  8  11  64  0.2984E-02
 8  8  12  64  0.4150E-02
 8  8  12  64  0.4153E-02
 8  8  12  64  0.4137E-02
 8  8  12  64  0.4109E-02
 8  8  12  64  0.4154E-02
 8  8  13  64  0.4753E-02
 8  8  13  64  0.4595E-02
 8  8  13  64  0.4673E-02
 8  8  13  64  0.4636E-02
 8  8  13  64  0.4677E-02
 8  8  14  64  0.5505E-02
 8  8  14  64  0.5444E-02
 8  8  14  64  0.5515E-02
 8  8  14  64  0.5439E-02
 8  8  14  64  0.5480E-02
 8  8  15  64  0.6813E-02
 8  8  15  64  0.6735E-02
 8  8  15  64  0.6733E-02
 8  8  15  64  0.6780E-02
 8  8  15  64  0.6882E-02
 8  8  16  64  0.9068E-02
 8  8  16  64  0.9046E-02
 8  8  16  64  0.8998E-02
 8  8  16  64  0.8981E-02
 8  8  16  64  0.8971E-02
 8  8  17  64  0.1116E-01
 8  8  17  64  0.1119E-01
 8  8  17  64  0.1110E-01
 8  8  17  64  0.1111E-01
 8  8  17  64  0.1111E-01
 8  8  18  64  0.1289E-01
 8  8  18  64  0.1283E-01
 8  8  18  64  0.1282E-01
 8  8  18  64  0.1281E-01
 8  8  18  64  0.1284E-01
 8  8  19  64  0.1589E-01
 8  8  19  64  0.1726E-01
 8  8  19  64  0.1589E-01
 8  8  19  64  0.1595E-01
 8  8  19  64  0.1590E-01
 8  8  20  64  0.2004E-01
 8  8  20  64  0.2010E-01
 8  8  20  64  0.2068E-01
 8  8  20  64  0.2017E-01
 8  8  20  64  0.2012E-01
