 8  2  3  16  0.1700E-03
 8  2  3  16  0.1230E-03
 8  2  3  16  0.1140E-03
 8  2  3  16  0.8798E-04
 8  2  3  16  0.9012E-04
 8  2  4  16  0.1981E-03
 8  2  4  16  0.1171E-03
 8  2  4  16  0.1080E-03
 8  2  4  16  0.1001E-03
 8  2  4  16  0.1030E-03
 8  2  5  16  0.2940E-03
 8  2  5  16  0.1729E-03
 8  2  5  16  0.1690E-03
 8  2  5  16  0.1690E-03
 8  2  5  16  0.1950E-03
 8  2  6  16  0.3481E-03
 8  2  6  16  0.2592E-03
 8  2  6  16  0.2980E-03
 8  2  6  16  0.2730E-03
 8  2  6  16  0.2360E-03
 8  2  7  16  0.5271E-03
 8  2  7  16  0.4270E-03
 8  2  7  16  0.4079E-03
 8  2  7  16  0.3889E-03
 8  2  7  16  0.3729E-03
 8  2  8  16  0.3071E-03
 8  2  8  16  0.2439E-03
 8  2  8  16  0.2470E-03
 8  2  8  16  0.2291E-03
 8  2  8  16  0.2201E-03
 8  2  9  16  0.5629E-03
 8  2  9  16  0.5450E-03
 8  2  9  16  0.5231E-03
 8  2  9  16  0.4778E-03
 8  2  9  16  0.5260E-03
 8  2  10  16  0.8659E-03
 8  2  10  16  0.8061E-03
 8  2  10  16  0.7951E-03
 8  2  10  16  0.7708E-03
 8  2  10  16  0.7992E-03
 8  2  11  16  0.1162E-02
 8  2  11  16  0.1135E-02
 8  2  11  16  0.1125E-02
 8  2  11  16  0.1151E-02
 8  2  11  16  0.1124E-02
 8  2  12  16  0.8750E-03
 8  2  12  16  0.8519E-03
 8  2  12  16  0.8430E-03
 8  2  12  16  0.8411E-03
 8  2  12  16  0.8450E-03
 8  2  13  16  0.1407E-02
 8  2  13  16  0.1352E-02
 8  2  13  16  0.1404E-02
 8  2  13  16  0.1342E-02
 8  2  13  16  0.1348E-02
 8  2  14  16  0.1769E-02
 8  2  14  16  0.1745E-02
 8  2  14  16  0.1717E-02
 8  2  14  16  0.1712E-02
 8  2  14  16  0.1730E-02
 8  2  15  16  0.2500E-02
 8  2  15  16  0.2450E-02
 8  2  15  16  0.2465E-02
 8  2  15  16  0.2435E-02
 8  2  15  16  0.2474E-02
 8  2  16  16  0.1736E-02
 8  2  16  16  0.1730E-02
 8  2  16  16  0.1683E-02
 8  2  16  16  0.1703E-02
 8  2  16  16  0.1728E-02
 8  2  17  16  0.2974E-02
 8  2  17  16  0.2931E-02
 8  2  17  16  0.2931E-02
 8  2  17  16  0.2907E-02
 8  2  17  16  0.2901E-02
 8  2  18  16  0.3555E-02
 8  2  18  16  0.3555E-02
 8  2  18  16  0.3556E-02
 8  2  18  16  0.3525E-02
 8  2  18  16  0.3547E-02
 8  2  19  16  0.4469E-02
 8  2  19  16  0.4432E-02
 8  2  19  16  0.4452E-02
 8  2  19  16  0.4415E-02
 8  2  19  16  0.4453E-02
 8  2  20  16  0.3401E-02
 8  2  20  16  0.3347E-02
 8  2  20  16  0.3307E-02
 8  2  20  16  0.3288E-02
 8  2  20  16  0.3313E-02
