 8  32  3  256  0.2270E-03
 8  32  3  256  0.2129E-03
 8  32  3  256  0.1800E-03
 8  32  3  256  0.1690E-03
 8  32  3  256  0.1678E-03
 8  32  4  256  0.3779E-03
 8  32  4  256  0.3660E-03
 8  32  4  256  0.2928E-03
 8  32  4  256  0.2711E-03
 8  32  4  256  0.2761E-03
 8  32  5  256  0.4430E-03
 8  32  5  256  0.4261E-03
 8  32  5  256  0.4032E-03
 8  32  5  256  0.4048E-03
 8  32  5  256  0.3850E-03
 8  32  6  256  0.6299E-03
 8  32  6  256  0.6599E-03
 8  32  6  256  0.7088E-03
 8  32  6  256  0.6821E-03
 8  32  6  256  0.5910E-03
 8  32  7  256  0.8149E-03
 8  32  7  256  0.9952E-03
 8  32  7  256  0.9911E-03
 8  32  7  256  0.8330E-03
 8  32  7  256  0.7582E-03
 8  32  8  256  0.1456E-02
 8  32  8  256  0.1376E-02
 8  32  8  256  0.1279E-02
 8  32  8  256  0.1336E-02
 8  32  8  256  0.1265E-02
 8  32  9  256  0.1334E-02
 8  32  9  256  0.1283E-02
 8  32  9  256  0.1321E-02
 8  32  9  256  0.1266E-02
 8  32  9  256  0.1277E-02
 8  32  10  256  0.1943E-02
 8  32  10  256  0.2019E-02
 8  32  10  256  0.1921E-02
 8  32  10  256  0.1953E-02
 8  32  10  256  0.1906E-02
 8  32  11  256  0.2411E-02
 8  32  11  256  0.2421E-02
 8  32  11  256  0.2507E-02
 8  32  11  256  0.2375E-02
 8  32  11  256  0.2843E-02
 8  32  12  256  0.3395E-02
 8  32  12  256  0.3347E-02
 8  32  12  256  0.3413E-02
 8  32  12  256  0.3321E-02
 8  32  12  256  0.3389E-02
 8  32  13  256  0.3832E-02
 8  32  13  256  0.4366E-02
 8  32  13  256  0.3807E-02
 8  32  13  256  0.3823E-02
 8  32  13  256  0.3800E-02
 8  32  14  256  0.4635E-02
 8  32  14  256  0.4635E-02
 8  32  14  256  0.4694E-02
 8  32  14  256  0.4795E-02
 8  32  14  256  0.4663E-02
 8  32  15  256  0.5737E-02
 8  32  15  256  0.6127E-02
 8  32  15  256  0.5723E-02
 8  32  15  256  0.6166E-02
 8  32  15  256  0.5775E-02
 8  32  16  256  0.8118E-02
 8  32  16  256  0.8186E-02
 8  32  16  256  0.8681E-02
 8  32  16  256  0.8108E-02
 8  32  16  256  0.8397E-02
 8  32  17  256  0.9842E-02
 8  32  17  256  0.1020E-01
 8  32  17  256  0.9718E-02
 8  32  17  256  0.1017E-01
 8  32  17  256  0.9667E-02
 8  32  18  256  0.1252E-01
 8  32  18  256  0.1211E-01
 8  32  18  256  0.1256E-01
 8  32  18  256  0.1213E-01
 8  32  18  256  0.1242E-01
 8  32  19  256  0.1452E-01
 8  32  19  256  0.1445E-01
 8  32  19  256  0.1444E-01
 8  32  19  256  0.1440E-01
 8  32  19  256  0.1452E-01
 8  32  20  256  0.1843E-01
 8  32  20  256  0.1824E-01
 8  32  20  256  0.1826E-01
 8  32  20  256  0.1827E-01
 8  32  20  256  0.1822E-01
