 8  4  3  32  0.1888E-03
 8  4  3  32  0.1590E-03
 8  4  3  32  0.1371E-03
 8  4  3  32  0.1299E-03
 8  4  3  32  0.1621E-03
 8  4  4  32  0.1950E-03
 8  4  4  32  0.1369E-03
 8  4  4  32  0.1340E-03
 8  4  4  32  0.1218E-03
 8  4  4  32  0.1199E-03
 8  4  5  32  0.2658E-03
 8  4  5  32  0.2120E-03
 8  4  5  32  0.2050E-03
 8  4  5  32  0.1969E-03
 8  4  5  32  0.1590E-03
 8  4  6  32  0.3641E-03
 8  4  6  32  0.3262E-03
 8  4  6  32  0.2739E-03
 8  4  6  32  0.2701E-03
 8  4  6  32  0.2840E-03
 8  4  7  32  0.5128E-03
 8  4  7  32  0.4530E-03
 8  4  7  32  0.4129E-03
 8  4  7  32  0.4148E-03
 8  4  7  32  0.4170E-03
 8  4  8  32  0.3431E-03
 8  4  8  32  0.2720E-03
 8  4  8  32  0.2840E-03
 8  4  8  32  0.2599E-03
 8  4  8  32  0.2301E-03
 8  4  9  32  0.6371E-03
 8  4  9  32  0.5419E-03
 8  4  9  32  0.5469E-03
 8  4  9  32  0.4940E-03
 8  4  9  32  0.5281E-03
 8  4  10  32  0.8969E-03
 8  4  10  32  0.8240E-03
 8  4  10  32  0.8159E-03
 8  4  10  32  0.8152E-03
 8  4  10  32  0.7908E-03
 8  4  11  32  0.1260E-02
 8  4  11  32  0.1165E-02
 8  4  11  32  0.1162E-02
 8  4  11  32  0.1159E-02
 8  4  11  32  0.1156E-02
 8  4  12  32  0.8969E-03
 8  4  12  32  0.8571E-03
 8  4  12  32  0.8061E-03
 8  4  12  32  0.8421E-03
 8  4  12  32  0.8461E-03
 8  4  13  32  0.1483E-02
 8  4  13  32  0.1430E-02
 8  4  13  32  0.1450E-02
 8  4  13  32  0.1395E-02
 8  4  13  32  0.1446E-02
 8  4  14  32  0.1799E-02
 8  4  14  32  0.1773E-02
 8  4  14  32  0.1772E-02
 8  4  14  32  0.1724E-02
 8  4  14  32  0.1746E-02
 8  4  15  32  0.2499E-02
 8  4  15  32  0.2512E-02
 8  4  15  32  0.2450E-02
 8  4  15  32  0.2489E-02
 8  4  15  32  0.2447E-02
 8  4  16  32  0.1760E-02
 8  4  16  32  0.1728E-02
 8  4  16  32  0.1733E-02
 8  4  16  32  0.1757E-02
 8  4  16  32  0.1741E-02
 8  4  17  32  0.3033E-02
 8  4  17  32  0.2958E-02
 8  4  17  32  0.2958E-02
 8  4  17  32  0.2944E-02
 8  4  17  32  0.2926E-02
 8  4  18  32  0.3622E-02
 8  4  18  32  0.3593E-02
 8  4  18  32  0.3562E-02
 8  4  18  32  0.3549E-02
 8  4  18  32  0.3595E-02
 8  4  19  32  0.4519E-02
 8  4  19  32  0.4587E-02
 8  4  19  32  0.4460E-02
 8  4  19  32  0.4489E-02
 8  4  19  32  0.4459E-02
 8  4  20  32  0.3412E-02
 8  4  20  32  0.3373E-02
 8  4  20  32  0.3358E-02
 8  4  20  32  0.3384E-02
 8  4  20  32  0.3339E-02
