 8  16  3  128  0.1740E-03
 8  16  3  128  0.1400E-03
 8  16  3  128  0.1299E-03
 8  16  3  128  0.1259E-03
 8  16  3  128  0.1249E-03
 8  16  4  128  0.2792E-03
 8  16  4  128  0.2921E-03
 8  16  4  128  0.2570E-03
 8  16  4  128  0.2480E-03
 8  16  4  128  0.2530E-03
 8  16  5  128  0.4120E-03
 8  16  5  128  0.4220E-03
 8  16  5  128  0.3140E-03
 8  16  5  128  0.2942E-03
 8  16  5  128  0.3371E-03
 8  16  6  128  0.5579E-03
 8  16  6  128  0.5209E-03
 8  16  6  128  0.6380E-03
 8  16  6  128  0.6800E-03
 8  16  6  128  0.6270E-03
 8  16  7  128  0.7589E-03
 8  16  7  128  0.7551E-03
 8  16  7  128  0.7601E-03
 8  16  7  128  0.7310E-03
 8  16  7  128  0.6809E-03
 8  16  8  128  0.9630E-03
 8  16  8  128  0.9589E-03
 8  16  8  128  0.9499E-03
 8  16  8  128  0.9360E-03
 8  16  8  128  0.9379E-03
 8  16  9  128  0.1232E-02
 8  16  9  128  0.1266E-02
 8  16  9  128  0.1232E-02
 8  16  9  128  0.1214E-02
 8  16  9  128  0.1215E-02
 8  16  10  128  0.1788E-02
 8  16  10  128  0.1835E-02
 8  16  10  128  0.1816E-02
 8  16  10  128  0.1821E-02
 8  16  10  128  0.1807E-02
 8  16  11  128  0.2375E-02
 8  16  11  128  0.2295E-02
 8  16  11  128  0.2364E-02
 8  16  11  128  0.2312E-02
 8  16  11  128  0.2306E-02
 8  16  12  128  0.3297E-02
 8  16  12  128  0.3245E-02
 8  16  12  128  0.3322E-02
 8  16  12  128  0.3269E-02
 8  16  12  128  0.3809E-02
 8  16  13  128  0.3706E-02
 8  16  13  128  0.3713E-02
 8  16  13  128  0.3737E-02
 8  16  13  128  0.3727E-02
 8  16  13  128  0.3663E-02
 8  16  14  128  0.4498E-02
 8  16  14  128  0.4513E-02
 8  16  14  128  0.4947E-02
 8  16  14  128  0.4570E-02
 8  16  14  128  0.4490E-02
 8  16  15  128  0.5554E-02
 8  16  15  128  0.5512E-02
 8  16  15  128  0.5521E-02
 8  16  15  128  0.5555E-02
 8  16  15  128  0.5494E-02
 8  16  16  128  0.7689E-02
 8  16  16  128  0.7687E-02
 8  16  16  128  0.7651E-02
 8  16  16  128  0.7706E-02
 8  16  16  128  0.7693E-02
 8  16  17  128  0.9556E-02
 8  16  17  128  0.9438E-02
 8  16  17  128  0.9462E-02
 8  16  17  128  0.1005E-01
 8  16  17  128  0.9467E-02
 8  16  18  128  0.1150E-01
 8  16  18  128  0.1134E-01
 8  16  18  128  0.1141E-01
 8  16  18  128  0.1121E-01
 8  16  18  128  0.1130E-01
 8  16  19  128  0.1393E-01
 8  16  19  128  0.1401E-01
 8  16  19  128  0.1406E-01
 8  16  19  128  0.1389E-01
 8  16  19  128  0.1386E-01
 8  16  20  128  0.1795E-01
 8  16  20  128  0.1788E-01
 8  16  20  128  0.1768E-01
 8  16  20  128  0.1764E-01
 8  16  20  128  0.1769E-01
