 8  16  3  128  0.1130E-03
 8  16  3  128  0.1061E-03
 8  16  3  128  0.9680E-04
 8  16  3  128  0.9513E-04
 8  16  3  128  0.1130E-03
 8  16  4  128  0.1259E-03
 8  16  4  128  0.1121E-03
 8  16  4  128  0.1411E-03
 8  16  4  128  0.1161E-03
 8  16  4  128  0.1130E-03
 8  16  5  128  0.1709E-03
 8  16  5  128  0.1569E-03
 8  16  5  128  0.1459E-03
 8  16  5  128  0.1440E-03
 8  16  5  128  0.1860E-03
 8  16  6  128  0.3190E-03
 8  16  6  128  0.2851E-03
 8  16  6  128  0.2761E-03
 8  16  6  128  0.3059E-03
 8  16  6  128  0.2742E-03
 8  16  7  128  0.5291E-03
 8  16  7  128  0.4630E-03
 8  16  7  128  0.4292E-03
 8  16  7  128  0.4470E-03
 8  16  7  128  0.4151E-03
 8  16  8  128  0.2918E-03
 8  16  8  128  0.2551E-03
 8  16  8  128  0.2410E-03
 8  16  8  128  0.2642E-03
 8  16  8  128  0.2451E-03
 8  16  9  128  0.6859E-03
 8  16  9  128  0.4749E-03
 8  16  9  128  0.4890E-03
 8  16  9  128  0.4570E-03
 8  16  9  128  0.4590E-03
 8  16  10  128  0.8090E-03
 8  16  10  128  0.9511E-03
 8  16  10  128  0.1005E-02
 8  16  10  128  0.8619E-03
 8  16  10  128  0.7219E-03
 8  16  11  128  0.1121E-02
 8  16  11  128  0.1102E-02
 8  16  11  128  0.1448E-02
 8  16  11  128  0.1090E-02
 8  16  11  128  0.1072E-02
 8  16  12  128  0.1032E-02
 8  16  12  128  0.1034E-02
 8  16  12  128  0.8211E-03
 8  16  12  128  0.8409E-03
 8  16  12  128  0.7761E-03
 8  16  13  128  0.1361E-02
 8  16  13  128  0.1396E-02
 8  16  13  128  0.1353E-02
 8  16  13  128  0.1415E-02
 8  16  13  128  0.1351E-02
 8  16  14  128  0.2326E-02
 8  16  14  128  0.2141E-02
 8  16  14  128  0.1731E-02
 8  16  14  128  0.1766E-02
 8  16  14  128  0.1764E-02
 8  16  15  128  0.2513E-02
 8  16  15  128  0.2460E-02
 8  16  15  128  0.2456E-02
 8  16  15  128  0.3052E-02
 8  16  15  128  0.2512E-02
 8  16  16  128  0.1795E-02
 8  16  16  128  0.1793E-02
 8  16  16  128  0.1786E-02
 8  16  16  128  0.1817E-02
 8  16  16  128  0.1803E-02
 8  16  17  128  0.3037E-02
 8  16  17  128  0.3153E-02
 8  16  17  128  0.3414E-02
 8  16  17  128  0.3020E-02
 8  16  17  128  0.3006E-02
 8  16  18  128  0.3636E-02
 8  16  18  128  0.3652E-02
 8  16  18  128  0.3718E-02
 8  16  18  128  0.3691E-02
 8  16  18  128  0.3715E-02
 8  16  19  128  0.4577E-02
 8  16  19  128  0.4611E-02
 8  16  19  128  0.4716E-02
 8  16  19  128  0.4663E-02
 8  16  19  128  0.4684E-02
 8  16  20  128  0.3535E-02
 8  16  20  128  0.3539E-02
 8  16  20  128  0.3598E-02
 8  16  20  128  0.3559E-02
 8  16  20  128  0.3538E-02
