 8  2  3  16  0.1569E-03
 8  2  3  16  0.1619E-03
 8  2  3  16  0.1180E-03
 8  2  3  16  0.1180E-03
 8  2  3  16  0.1161E-03
 8  2  4  16  0.2010E-03
 8  2  4  16  0.2019E-03
 8  2  4  16  0.1712E-03
 8  2  4  16  0.1659E-03
 8  2  4  16  0.1662E-03
 8  2  5  16  0.2952E-03
 8  2  5  16  0.2649E-03
 8  2  5  16  0.2761E-03
 8  2  5  16  0.2599E-03
 8  2  5  16  0.2370E-03
 8  2  6  16  0.3989E-03
 8  2  6  16  0.3991E-03
 8  2  6  16  0.3719E-03
 8  2  6  16  0.3891E-03
 8  2  6  16  0.3419E-03
 8  2  7  16  0.5410E-03
 8  2  7  16  0.5710E-03
 8  2  7  16  0.5050E-03
 8  2  7  16  0.5181E-03
 8  2  7  16  0.5360E-03
 8  2  8  16  0.8371E-03
 8  2  8  16  0.8161E-03
 8  2  8  16  0.8249E-03
 8  2  8  16  0.8399E-03
 8  2  8  16  0.8399E-03
 8  2  9  16  0.1171E-02
 8  2  9  16  0.1103E-02
 8  2  9  16  0.1128E-02
 8  2  9  16  0.1117E-02
 8  2  9  16  0.1143E-02
 8  2  10  16  0.1649E-02
 8  2  10  16  0.1703E-02
 8  2  10  16  0.1663E-02
 8  2  10  16  0.1707E-02
 8  2  10  16  0.1696E-02
 8  2  11  16  0.2135E-02
 8  2  11  16  0.2163E-02
 8  2  11  16  0.2171E-02
 8  2  11  16  0.2147E-02
 8  2  11  16  0.2184E-02
 8  2  12  16  0.3063E-02
 8  2  12  16  0.3082E-02
 8  2  12  16  0.3054E-02
 8  2  12  16  0.3103E-02
 8  2  12  16  0.3044E-02
 8  2  13  16  0.3412E-02
 8  2  13  16  0.3500E-02
 8  2  13  16  0.3455E-02
 8  2  13  16  0.3419E-02
 8  2  13  16  0.3457E-02
 8  2  14  16  0.4252E-02
 8  2  14  16  0.4166E-02
 8  2  14  16  0.4158E-02
 8  2  14  16  0.4159E-02
 8  2  14  16  0.4165E-02
 8  2  15  16  0.5160E-02
 8  2  15  16  0.5159E-02
 8  2  15  16  0.5154E-02
 8  2  15  16  0.5168E-02
 8  2  15  16  0.5168E-02
 8  2  16  16  0.7184E-02
 8  2  16  16  0.7189E-02
 8  2  16  16  0.7142E-02
 8  2  16  16  0.7201E-02
 8  2  16  16  0.7196E-02
 8  2  17  16  0.8953E-02
 8  2  17  16  0.8976E-02
 8  2  17  16  0.8931E-02
 8  2  17  16  0.8914E-02
 8  2  17  16  0.8922E-02
 8  2  18  16  0.1084E-01
 8  2  18  16  0.1079E-01
 8  2  18  16  0.1079E-01
 8  2  18  16  0.1074E-01
 8  2  18  16  0.1073E-01
 8  2  19  16  0.1329E-01
 8  2  19  16  0.1322E-01
 8  2  19  16  0.1318E-01
 8  2  19  16  0.1318E-01
 8  2  19  16  0.1317E-01
 8  2  20  16  0.1715E-01
 8  2  20  16  0.1691E-01
 8  2  20  16  0.1692E-01
 8  2  20  16  0.1681E-01
 8  2  20  16  0.1688E-01
