 8  4  3  32  0.2539E-03
 8  4  3  32  0.2642E-03
 8  4  3  32  0.2348E-03
 8  4  3  32  0.2558E-03
 8  4  3  32  0.2179E-03
 8  4  4  32  0.3860E-03
 8  4  4  32  0.2961E-03
 8  4  4  32  0.3779E-03
 8  4  4  32  0.3130E-03
 8  4  4  32  0.3710E-03
 8  4  5  32  0.4311E-03
 8  4  5  32  0.4239E-03
 8  4  5  32  0.3791E-03
 8  4  5  32  0.4630E-03
 8  4  5  32  0.4108E-03
 8  4  6  32  0.5150E-03
 8  4  6  32  0.5140E-03
 8  4  6  32  0.5219E-03
 8  4  6  32  0.5159E-03
 8  4  6  32  0.5388E-03
 8  4  7  32  0.7381E-03
 8  4  7  32  0.6468E-03
 8  4  7  32  0.7472E-03
 8  4  7  32  0.7021E-03
 8  4  7  32  0.6800E-03
 8  4  8  32  0.1160E-02
 8  4  8  32  0.1089E-02
 8  4  8  32  0.1085E-02
 8  4  8  32  0.1055E-02
 8  4  8  32  0.1070E-02
 8  4  9  32  0.1628E-02
 8  4  9  32  0.1551E-02
 8  4  9  32  0.1502E-02
 8  4  9  32  0.1563E-02
 8  4  9  32  0.1558E-02
 8  4  10  32  0.2212E-02
 8  4  10  32  0.2118E-02
 8  4  10  32  0.2136E-02
 8  4  10  32  0.2157E-02
 8  4  10  32  0.2122E-02
 8  4  11  32  0.2933E-02
 8  4  11  32  0.2893E-02
 8  4  11  32  0.2908E-02
 8  4  11  32  0.2922E-02
 8  4  11  32  0.2885E-02
 8  4  12  32  0.4007E-02
 8  4  12  32  0.3973E-02
 8  4  12  32  0.3929E-02
 8  4  12  32  0.3949E-02
 8  4  12  32  0.3941E-02
 8  4  13  32  0.4629E-02
 8  4  13  32  0.4553E-02
 8  4  13  32  0.4487E-02
 8  4  13  32  0.4539E-02
 8  4  13  32  0.4560E-02
 8  4  14  32  0.5246E-02
 8  4  14  32  0.5224E-02
 8  4  14  32  0.5240E-02
 8  4  14  32  0.5223E-02
 8  4  14  32  0.5261E-02
 8  4  15  32  0.6559E-02
 8  4  15  32  0.6543E-02
 8  4  15  32  0.6638E-02
 8  4  15  32  0.6624E-02
 8  4  15  32  0.6531E-02
 8  4  16  32  0.8763E-02
 8  4  16  32  0.8761E-02
 8  4  16  32  0.8743E-02
 8  4  16  32  0.8787E-02
 8  4  16  32  0.8732E-02
 8  4  17  32  0.1092E-01
 8  4  17  32  0.1088E-01
 8  4  17  32  0.1087E-01
 8  4  17  32  0.1085E-01
 8  4  17  32  0.1086E-01
 8  4  18  32  0.1246E-01
 8  4  18  32  0.1266E-01
 8  4  18  32  0.1258E-01
 8  4  18  32  0.1246E-01
 8  4  18  32  0.1254E-01
 8  4  19  32  0.1565E-01
 8  4  19  32  0.1554E-01
 8  4  19  32  0.1565E-01
 8  4  19  32  0.1568E-01
 8  4  19  32  0.1555E-01
 8  4  20  32  0.1964E-01
 8  4  20  32  0.1973E-01
 8  4  20  32  0.1967E-01
 8  4  20  32  0.1970E-01
 8  4  20  32  0.1973E-01
