 8  8  3  64  0.1988E-03
 8  8  3  64  0.1731E-03
 8  8  3  64  0.1571E-03
 8  8  3  64  0.1390E-03
 8  8  3  64  0.1330E-03
 8  8  4  64  0.2601E-03
 8  8  4  64  0.1462E-03
 8  8  4  64  0.1361E-03
 8  8  4  64  0.1299E-03
 8  8  4  64  0.1211E-03
 8  8  5  64  0.2930E-03
 8  8  5  64  0.2191E-03
 8  8  5  64  0.2329E-03
 8  8  5  64  0.2022E-03
 8  8  5  64  0.1879E-03
 8  8  6  64  0.3889E-03
 8  8  6  64  0.3121E-03
 8  8  6  64  0.3011E-03
 8  8  6  64  0.3018E-03
 8  8  6  64  0.3221E-03
 8  8  7  64  0.5360E-03
 8  8  7  64  0.5660E-03
 8  8  7  64  0.5100E-03
 8  8  7  64  0.5169E-03
 8  8  7  64  0.4880E-03
 8  8  8  64  0.3841E-03
 8  8  8  64  0.3171E-03
 8  8  8  64  0.2921E-03
 8  8  8  64  0.2789E-03
 8  8  8  64  0.2842E-03
 8  8  9  64  0.6289E-03
 8  8  9  64  0.5929E-03
 8  8  9  64  0.5269E-03
 8  8  9  64  0.5720E-03
 8  8  9  64  0.5419E-03
 8  8  10  64  0.9568E-03
 8  8  10  64  0.9329E-03
 8  8  10  64  0.9260E-03
 8  8  10  64  0.9089E-03
 8  8  10  64  0.9010E-03
 8  8  11  64  0.1250E-02
 8  8  11  64  0.1166E-02
 8  8  11  64  0.1199E-02
 8  8  11  64  0.1152E-02
 8  8  11  64  0.1153E-02
 8  8  12  64  0.9329E-03
 8  8  12  64  0.8850E-03
 8  8  12  64  0.8779E-03
 8  8  12  64  0.8309E-03
 8  8  12  64  0.8719E-03
 8  8  13  64  0.1513E-02
 8  8  13  64  0.1396E-02
 8  8  13  64  0.1452E-02
 8  8  13  64  0.1396E-02
 8  8  13  64  0.1381E-02
 8  8  14  64  0.1895E-02
 8  8  14  64  0.1809E-02
 8  8  14  64  0.1797E-02
 8  8  14  64  0.1744E-02
 8  8  14  64  0.1788E-02
 8  8  15  64  0.2625E-02
 8  8  15  64  0.2623E-02
 8  8  15  64  0.2535E-02
 8  8  15  64  0.2588E-02
 8  8  15  64  0.2547E-02
 8  8  16  64  0.1756E-02
 8  8  16  64  0.1801E-02
 8  8  16  64  0.1793E-02
 8  8  16  64  0.1810E-02
 8  8  16  64  0.1820E-02
 8  8  17  64  0.3138E-02
 8  8  17  64  0.3014E-02
 8  8  17  64  0.2992E-02
 8  8  17  64  0.2992E-02
 8  8  17  64  0.2989E-02
 8  8  18  64  0.3685E-02
 8  8  18  64  0.4751E-02
 8  8  18  64  0.3675E-02
 8  8  18  64  0.3643E-02
 8  8  18  64  0.3629E-02
 8  8  19  64  0.4641E-02
 8  8  19  64  0.4562E-02
 8  8  19  64  0.4558E-02
 8  8  19  64  0.4531E-02
 8  8  19  64  0.4539E-02
 8  8  20  64  0.3630E-02
 8  8  20  64  0.3468E-02
 8  8  20  64  0.3476E-02
 8  8  20  64  0.3440E-02
 8  8  20  64  0.3453E-02
