nelt np nx1 elements time
 8  16  3  128  0.5250E-02
 8  16  3  128  0.5414E-02
 8  16  3  128  0.5232E-02
 8  16  3  128  0.5356E-02
 8  16  3  128  0.5338E-02
 8  16  4  128  0.6245E-02
 8  16  4  128  0.5796E-02
 8  16  4  128  0.5786E-02
 8  16  4  128  0.5702E-02
 8  16  4  128  0.5710E-02
 8  16  5  128  0.9183E-02
 8  16  5  128  0.8038E-02
 8  16  5  128  0.8042E-02
 8  16  5  128  0.8097E-02
 8  16  5  128  0.7382E-02
 8  16  6  128  0.1052E-01
 8  16  6  128  0.9119E-02
 8  16  6  128  0.9001E-02
 8  16  6  128  0.8956E-02
 8  16  6  128  0.9054E-02
 8  16  7  128  0.1663E-01
 8  16  7  128  0.1450E-01
 8  16  7  128  0.1451E-01
 8  16  7  128  0.1540E-01
 8  16  7  128  0.1517E-01
 8  16  8  128  0.2168E-01
 8  16  8  128  0.1988E-01
 8  16  8  128  0.1979E-01
 8  16  8  128  0.1976E-01
 8  16  8  128  0.1973E-01
 8  16  9  128  0.3273E-01
 8  16  9  128  0.3143E-01
 8  16  9  128  0.3161E-01
 8  16  9  128  0.3173E-01
 8  16  9  128  0.3049E-01
 8  16  10  128  0.4207E-01
 8  16  10  128  0.4135E-01
 8  16  10  128  0.3915E-01
 8  16  10  128  0.3927E-01
 8  16  10  128  0.3920E-01
 8  16  11  128  0.5461E-01
 8  16  11  128  0.5431E-01
 8  16  11  128  0.5171E-01
 8  16  11  128  0.5187E-01
 8  16  11  128  0.5171E-01
 8  16  12  128  0.6570E-01
 8  16  12  128  0.6200E-01
 8  16  12  128  0.6235E-01
 8  16  12  128  0.6244E-01
 8  16  12  128  0.6235E-01
 8  16  13  128  0.8295E-01
 8  16  13  128  0.8198E-01
 8  16  13  128  0.8101E-01
 8  16  13  128  0.7954E-01
 8  16  13  128  0.7928E-01
 8  16  14  128  0.9938E-01
 8  16  14  128  0.9510E-01
 8  16  14  128  0.9481E-01
 8  16  14  128  0.9596E-01
 8  16  14  128  0.9581E-01
 8  16  15  128  0.1201E+00
 8  16  15  128  0.1155E+00
 8  16  15  128  0.1156E+00
 8  16  15  128  0.1152E+00
 8  16  15  128  0.1155E+00
 8  16  16  128  0.1408E+00
 8  16  16  128  0.1347E+00
 8  16  16  128  0.1346E+00
 8  16  16  128  0.1342E+00
 8  16  16  128  0.1351E+00
 8  16  17  128  0.2021E+00
 8  16  17  128  0.1956E+00
 8  16  17  128  0.1956E+00
 8  16  17  128  0.1955E+00
 8  16  17  128  0.1959E+00
 8  16  18  128  0.2296E+00
 8  16  18  128  0.2240E+00
 8  16  18  128  0.2232E+00
 8  16  18  128  0.2231E+00
 8  16  18  128  0.2229E+00
 8  16  19  128  0.2894E+00
 8  16  19  128  0.2790E+00
 8  16  19  128  0.2802E+00
 8  16  19  128  0.2801E+00
 8  16  19  128  0.2808E+00
 8  16  20  128  0.3375E+00
 8  16  20  128  0.3263E+00
 8  16  20  128  0.3277E+00
 8  16  20  128  0.3257E+00
 8  16  20  128  0.3267E+00
