 8  1  3  8  0.9108E-04
 8  1  3  8  0.8917E-04
 8  1  3  8  0.8512E-04
 8  1  3  8  0.1080E-03
 8  1  3  8  0.8392E-04
 8  1  4  8  0.6700E-04
 8  1  4  8  0.5698E-04
 8  1  4  8  0.5507E-04
 8  1  4  8  0.5412E-04
 8  1  4  8  0.5984E-04
 8  1  5  8  0.1519E-03
 8  1  5  8  0.1400E-03
 8  1  5  8  0.1340E-03
 8  1  5  8  0.1352E-03
 8  1  5  8  0.1340E-03
 8  1  6  8  0.1910E-03
 8  1  6  8  0.1750E-03
 8  1  6  8  0.1700E-03
 8  1  6  8  0.2000E-03
 8  1  6  8  0.1709E-03
 8  1  7  8  0.3939E-03
 8  1  7  8  0.3848E-03
 8  1  7  8  0.3541E-03
 8  1  7  8  0.3650E-03
 8  1  7  8  0.3459E-03
 8  1  8  8  0.1960E-03
 8  1  8  8  0.1712E-03
 8  1  8  8  0.2048E-03
 8  1  8  8  0.1640E-03
 8  1  8  8  0.1581E-03
 8  1  9  8  0.5000E-03
 8  1  9  8  0.4210E-03
 8  1  9  8  0.4489E-03
 8  1  9  8  0.4032E-03
 8  1  9  8  0.4311E-03
 8  1  10  8  0.7501E-03
 8  1  10  8  0.7200E-03
 8  1  10  8  0.7141E-03
 8  1  10  8  0.6680E-03
 8  1  10  8  0.7031E-03
 8  1  11  8  0.9949E-03
 8  1  11  8  0.9761E-03
 8  1  11  8  0.9770E-03
 8  1  11  8  0.9701E-03
 8  1  11  8  0.9730E-03
 8  1  12  8  0.7520E-03
 8  1  12  8  0.7401E-03
 8  1  12  8  0.7420E-03
 8  1  12  8  0.6979E-03
 8  1  12  8  0.6959E-03
 8  1  13  8  0.1226E-02
 8  1  13  8  0.1305E-02
 8  1  13  8  0.1227E-02
 8  1  13  8  0.1221E-02
 8  1  13  8  0.1289E-02
 8  1  14  8  0.1676E-02
 8  1  14  8  0.1617E-02
 8  1  14  8  0.1617E-02
 8  1  14  8  0.1632E-02
 8  1  14  8  0.1679E-02
 8  1  15  8  0.2298E-02
 8  1  15  8  0.2346E-02
 8  1  15  8  0.2304E-02
 8  1  15  8  0.2355E-02
 8  1  15  8  0.2302E-02
 8  1  16  8  0.1589E-02
 8  1  16  8  0.1637E-02
 8  1  16  8  0.1560E-02
 8  1  16  8  0.1599E-02
 8  1  16  8  0.1618E-02
 8  1  17  8  0.2805E-02
 8  1  17  8  0.2763E-02
 8  1  17  8  0.2745E-02
 8  1  17  8  0.2766E-02
 8  1  17  8  0.2889E-02
 8  1  18  8  0.3599E-02
 8  1  18  8  0.3352E-02
 8  1  18  8  0.3359E-02
 8  1  18  8  0.3353E-02
 8  1  18  8  0.3366E-02
 8  1  19  8  0.4266E-02
 8  1  19  8  0.4311E-02
 8  1  19  8  0.4278E-02
 8  1  19  8  0.4251E-02
 8  1  19  8  0.4282E-02
 8  1  20  8  0.3182E-02
 8  1  20  8  0.3184E-02
 8  1  20  8  0.3182E-02
 8  1  20  8  0.3168E-02
 8  1  20  8  0.3179E-02
