 8  4  3  32  0.2000E-03
 8  4  3  32  0.1731E-03
 8  4  3  32  0.1428E-03
 8  4  3  32  0.1218E-03
 8  4  3  32  0.1349E-03
 8  4  4  32  0.2620E-03
 8  4  4  32  0.2248E-03
 8  4  4  32  0.2141E-03
 8  4  4  32  0.2050E-03
 8  4  4  32  0.2291E-03
 8  4  5  32  0.3140E-03
 8  4  5  32  0.2840E-03
 8  4  5  32  0.2499E-03
 8  4  5  32  0.2599E-03
 8  4  5  32  0.2689E-03
 8  4  6  32  0.4861E-03
 8  4  6  32  0.4191E-03
 8  4  6  32  0.4342E-03
 8  4  6  32  0.3970E-03
 8  4  6  32  0.4339E-03
 8  4  7  32  0.6149E-03
 8  4  7  32  0.5991E-03
 8  4  7  32  0.5560E-03
 8  4  7  32  0.5541E-03
 8  4  7  32  0.5839E-03
 8  4  8  32  0.9489E-03
 8  4  8  32  0.9112E-03
 8  4  8  32  0.8821E-03
 8  4  8  32  0.9019E-03
 8  4  8  32  0.8998E-03
 8  4  9  32  0.1242E-02
 8  4  9  32  0.1203E-02
 8  4  9  32  0.1261E-02
 8  4  9  32  0.1197E-02
 8  4  9  32  0.1200E-02
 8  4  10  32  0.1751E-02
 8  4  10  32  0.1728E-02
 8  4  10  32  0.1691E-02
 8  4  10  32  0.1710E-02
 8  4  10  32  0.1729E-02
 8  4  11  32  0.2279E-02
 8  4  11  32  0.2270E-02
 8  4  11  32  0.2288E-02
 8  4  11  32  0.2281E-02
 8  4  11  32  0.2314E-02
 8  4  12  32  0.3125E-02
 8  4  12  32  0.3113E-02
 8  4  12  32  0.3143E-02
 8  4  12  32  0.3152E-02
 8  4  12  32  0.3118E-02
 8  4  13  32  0.3687E-02
 8  4  13  32  0.3673E-02
 8  4  13  32  0.3661E-02
 8  4  13  32  0.3596E-02
 8  4  13  32  0.3615E-02
 8  4  14  32  0.4300E-02
 8  4  14  32  0.4270E-02
 8  4  14  32  0.4296E-02
 8  4  14  32  0.4274E-02
 8  4  14  32  0.4307E-02
 8  4  15  32  0.5283E-02
 8  4  15  32  0.5313E-02
 8  4  15  32  0.5316E-02
 8  4  15  32  0.5301E-02
 8  4  15  32  0.5313E-02
 8  4  16  32  0.7311E-02
 8  4  16  32  0.7275E-02
 8  4  16  32  0.7261E-02
 8  4  16  32  0.7305E-02
 8  4  16  32  0.7262E-02
 8  4  17  32  0.9087E-02
 8  4  17  32  0.9035E-02
 8  4  17  32  0.9011E-02
 8  4  17  32  0.9019E-02
 8  4  17  32  0.8993E-02
 8  4  18  32  0.1098E-01
 8  4  18  32  0.1090E-01
 8  4  18  32  0.1082E-01
 8  4  18  32  0.1078E-01
 8  4  18  32  0.1085E-01
 8  4  19  32  0.1347E-01
 8  4  19  32  0.1335E-01
 8  4  19  32  0.1331E-01
 8  4  19  32  0.1333E-01
 8  4  19  32  0.1342E-01
 8  4  20  32  0.1734E-01
 8  4  20  32  0.1708E-01
 8  4  20  32  0.1700E-01
 8  4  20  32  0.1700E-01
 8  4  20  32  0.1699E-01
