 8  4  3  32  0.1221E-03
 8  4  3  32  0.1180E-03
 8  4  3  32  0.1140E-03
 8  4  3  32  0.1121E-03
 8  4  3  32  0.1121E-03
 8  4  4  32  0.1500E-03
 8  4  4  32  0.1011E-03
 8  4  4  32  0.1020E-03
 8  4  4  32  0.9894E-04
 8  4  4  32  0.9799E-04
 8  4  5  32  0.1719E-03
 8  4  5  32  0.1540E-03
 8  4  5  32  0.1700E-03
 8  4  5  32  0.1521E-03
 8  4  5  32  0.1409E-03
 8  4  6  32  0.2730E-03
 8  4  6  32  0.2310E-03
 8  4  6  32  0.2630E-03
 8  4  6  32  0.2272E-03
 8  4  6  32  0.2370E-03
 8  4  7  32  0.3989E-03
 8  4  7  32  0.4280E-03
 8  4  7  32  0.3760E-03
 8  4  7  32  0.3941E-03
 8  4  7  32  0.3781E-03
 8  4  8  32  0.2470E-03
 8  4  8  32  0.2611E-03
 8  4  8  32  0.1910E-03
 8  4  8  32  0.2160E-03
 8  4  8  32  0.2260E-03
 8  4  9  32  0.5150E-03
 8  4  9  32  0.4880E-03
 8  4  9  32  0.4690E-03
 8  4  9  32  0.4358E-03
 8  4  9  32  0.5100E-03
 8  4  10  32  0.7529E-03
 8  4  10  32  0.7279E-03
 8  4  10  32  0.7651E-03
 8  4  10  32  0.7489E-03
 8  4  10  32  0.7529E-03
 8  4  11  32  0.1104E-02
 8  4  11  32  0.1093E-02
 8  4  11  32  0.1115E-02
 8  4  11  32  0.1109E-02
 8  4  11  32  0.1144E-02
 8  4  12  32  0.8190E-03
 8  4  12  32  0.7980E-03
 8  4  12  32  0.8121E-03
 8  4  12  32  0.8130E-03
 8  4  12  32  0.8030E-03
 8  4  13  32  0.1364E-02
 8  4  13  32  0.1411E-02
 8  4  13  32  0.1366E-02
 8  4  13  32  0.1414E-02
 8  4  13  32  0.1366E-02
 8  4  14  32  0.1722E-02
 8  4  14  32  0.1722E-02
 8  4  14  32  0.1735E-02
 8  4  14  32  0.1744E-02
 8  4  14  32  0.1692E-02
 8  4  15  32  0.2452E-02
 8  4  15  32  0.2481E-02
 8  4  15  32  0.2415E-02
 8  4  15  32  0.2511E-02
 8  4  15  32  0.2436E-02
 8  4  16  32  0.1746E-02
 8  4  16  32  0.1697E-02
 8  4  16  32  0.1675E-02
 8  4  16  32  0.1716E-02
 8  4  16  32  0.1711E-02
 8  4  17  32  0.2971E-02
 8  4  17  32  0.2932E-02
 8  4  17  32  0.2922E-02
 8  4  17  32  0.2926E-02
 8  4  17  32  0.2919E-02
 8  4  18  32  0.3603E-02
 8  4  18  32  0.3522E-02
 8  4  18  32  0.3561E-02
 8  4  18  32  0.3600E-02
 8  4  18  32  0.3518E-02
 8  4  19  32  0.4490E-02
 8  4  19  32  0.4482E-02
 8  4  19  32  0.4453E-02
 8  4  19  32  0.4512E-02
 8  4  19  32  0.4529E-02
 8  4  20  32  0.3393E-02
 8  4  20  32  0.3370E-02
 8  4  20  32  0.3396E-02
 8  4  20  32  0.3335E-02
 8  4  20  32  0.3373E-02
