 8  1  3  8  0.1502E-03
 8  1  3  8  0.1180E-03
 8  1  3  8  0.1500E-03
 8  1  3  8  0.1149E-03
 8  1  3  8  0.1121E-03
 8  1  4  8  0.1340E-03
 8  1  4  8  0.1271E-03
 8  1  4  8  0.9203E-04
 8  1  4  8  0.8512E-04
 8  1  4  8  0.8082E-04
 8  1  5  8  0.2491E-03
 8  1  5  8  0.1791E-03
 8  1  5  8  0.1738E-03
 8  1  5  8  0.1590E-03
 8  1  5  8  0.1581E-03
 8  1  6  8  0.3281E-03
 8  1  6  8  0.2291E-03
 8  1  6  8  0.2060E-03
 8  1  6  8  0.1979E-03
 8  1  6  8  0.2260E-03
 8  1  7  8  0.4289E-03
 8  1  7  8  0.4458E-03
 8  1  7  8  0.4170E-03
 8  1  7  8  0.3860E-03
 8  1  7  8  0.4129E-03
 8  1  8  8  0.2451E-03
 8  1  8  8  0.2172E-03
 8  1  8  8  0.1991E-03
 8  1  8  8  0.2389E-03
 8  1  8  8  0.2019E-03
 8  1  9  8  0.4771E-03
 8  1  9  8  0.5519E-03
 8  1  9  8  0.4749E-03
 8  1  9  8  0.4880E-03
 8  1  9  8  0.4668E-03
 8  1  10  8  0.7598E-03
 8  1  10  8  0.8030E-03
 8  1  10  8  0.7470E-03
 8  1  10  8  0.7429E-03
 8  1  10  8  0.7570E-03
 8  1  11  8  0.1065E-02
 8  1  11  8  0.1111E-02
 8  1  11  8  0.1102E-02
 8  1  11  8  0.1101E-02
 8  1  11  8  0.1180E-02
 8  1  12  8  0.7579E-03
 8  1  12  8  0.8221E-03
 8  1  12  8  0.7639E-03
 8  1  12  8  0.8011E-03
 8  1  12  8  0.7930E-03
 8  1  13  8  0.1244E-02
 8  1  13  8  0.1342E-02
 8  1  13  8  0.1297E-02
 8  1  13  8  0.1277E-02
 8  1  13  8  0.1342E-02
 8  1  14  8  0.1668E-02
 8  1  14  8  0.1721E-02
 8  1  14  8  0.1681E-02
 8  1  14  8  0.1707E-02
 8  1  14  8  0.1729E-02
 8  1  15  8  0.2308E-02
 8  1  15  8  0.2430E-02
 8  1  15  8  0.2363E-02
 8  1  15  8  0.2389E-02
 8  1  15  8  0.2363E-02
 8  1  16  8  0.1565E-02
 8  1  16  8  0.1663E-02
 8  1  16  8  0.1664E-02
 8  1  16  8  0.1605E-02
 8  1  16  8  0.1636E-02
 8  1  17  8  0.2801E-02
 8  1  17  8  0.2865E-02
 8  1  17  8  0.2860E-02
 8  1  17  8  0.2839E-02
 8  1  17  8  0.2807E-02
 8  1  18  8  0.3417E-02
 8  1  18  8  0.3476E-02
 8  1  18  8  0.3458E-02
 8  1  18  8  0.3483E-02
 8  1  18  8  0.3446E-02
 8  1  19  8  0.4315E-02
 8  1  19  8  0.4291E-02
 8  1  19  8  0.4632E-02
 8  1  19  8  0.4259E-02
 8  1  19  8  0.4318E-02
 8  1  20  8  0.3192E-02
 8  1  20  8  0.3228E-02
 8  1  20  8  0.3193E-02
 8  1  20  8  0.3183E-02
 8  1  20  8  0.3242E-02
