 8  2  3  16  0.1822E-03
 8  2  3  16  0.1400E-03
 8  2  3  16  0.1581E-03
 8  2  3  16  0.1211E-03
 8  2  3  16  0.1221E-03
 8  2  4  16  0.2439E-03
 8  2  4  16  0.2799E-03
 8  2  4  16  0.2601E-03
 8  2  4  16  0.2639E-03
 8  2  4  16  0.2630E-03
 8  2  5  16  0.3750E-03
 8  2  5  16  0.3519E-03
 8  2  5  16  0.3290E-03
 8  2  5  16  0.3581E-03
 8  2  5  16  0.3502E-03
 8  2  6  16  0.4568E-03
 8  2  6  16  0.4029E-03
 8  2  6  16  0.4330E-03
 8  2  6  16  0.4439E-03
 8  2  6  16  0.4430E-03
 8  2  7  16  0.6540E-03
 8  2  7  16  0.6261E-03
 8  2  7  16  0.6239E-03
 8  2  7  16  0.6380E-03
 8  2  7  16  0.6030E-03
 8  2  8  16  0.1098E-02
 8  2  8  16  0.1026E-02
 8  2  8  16  0.1034E-02
 8  2  8  16  0.9909E-03
 8  2  8  16  0.9999E-03
 8  2  9  16  0.1448E-02
 8  2  9  16  0.1386E-02
 8  2  9  16  0.1395E-02
 8  2  9  16  0.1412E-02
 8  2  9  16  0.1386E-02
 8  2  10  16  0.2124E-02
 8  2  10  16  0.2048E-02
 8  2  10  16  0.2040E-02
 8  2  10  16  0.2024E-02
 8  2  10  16  0.2000E-02
 8  2  11  16  0.2772E-02
 8  2  11  16  0.2748E-02
 8  2  11  16  0.2710E-02
 8  2  11  16  0.2673E-02
 8  2  11  16  0.2705E-02
 8  2  12  16  0.3838E-02
 8  2  12  16  0.3824E-02
 8  2  12  16  0.3844E-02
 8  2  12  16  0.3850E-02
 8  2  12  16  0.3793E-02
 8  2  13  16  0.4353E-02
 8  2  13  16  0.4291E-02
 8  2  13  16  0.4293E-02
 8  2  13  16  0.4280E-02
 8  2  13  16  0.4325E-02
 8  2  14  16  0.5113E-02
 8  2  14  16  0.5040E-02
 8  2  14  16  0.5038E-02
 8  2  14  16  0.5076E-02
 8  2  14  16  0.5035E-02
 8  2  15  16  0.6475E-02
 8  2  15  16  0.6341E-02
 8  2  15  16  0.6435E-02
 8  2  15  16  0.6348E-02
 8  2  15  16  0.6436E-02
 8  2  16  16  0.8531E-02
 8  2  16  16  0.8505E-02
 8  2  16  16  0.8538E-02
 8  2  16  16  0.8478E-02
 8  2  16  16  0.8486E-02
 8  2  17  16  0.1080E-01
 8  2  17  16  0.1052E-01
 8  2  17  16  0.1063E-01
 8  2  17  16  0.1068E-01
 8  2  17  16  0.1056E-01
 8  2  18  16  0.1243E-01
 8  2  18  16  0.1228E-01
 8  2  18  16  0.1225E-01
 8  2  18  16  0.1231E-01
 8  2  18  16  0.1223E-01
 8  2  19  16  0.1528E-01
 8  2  19  16  0.1535E-01
 8  2  19  16  0.1530E-01
 8  2  19  16  0.1530E-01
 8  2  19  16  0.1526E-01
 8  2  20  16  0.1958E-01
 8  2  20  16  0.1940E-01
 8  2  20  16  0.1944E-01
 8  2  20  16  0.1944E-01
 8  2  20  16  0.1943E-01
