 8  32  3  256  0.1199E-03
 8  32  3  256  0.1240E-03
 8  32  3  256  0.1130E-03
 8  32  3  256  0.1140E-03
 8  32  3  256  0.1121E-03
 8  32  4  256  0.1221E-03
 8  32  4  256  0.1140E-03
 8  32  4  256  0.1011E-03
 8  32  4  256  0.1349E-03
 8  32  4  256  0.1740E-03
 8  32  5  256  0.2489E-03
 8  32  5  256  0.2410E-03
 8  32  5  256  0.1791E-03
 8  32  5  256  0.1791E-03
 8  32  5  256  0.1678E-03
 8  32  6  256  0.3190E-03
 8  32  6  256  0.2789E-03
 8  32  6  256  0.2592E-03
 8  32  6  256  0.2470E-03
 8  32  6  256  0.2670E-03
 8  32  7  256  0.4530E-03
 8  32  7  256  0.4101E-03
 8  32  7  256  0.4179E-03
 8  32  7  256  0.4010E-03
 8  32  7  256  0.4141E-03
 8  32  8  256  0.2949E-03
 8  32  8  256  0.3090E-03
 8  32  8  256  0.2739E-03
 8  32  8  256  0.2630E-03
 8  32  8  256  0.3130E-03
 8  32  9  256  0.5500E-03
 8  32  9  256  0.4961E-03
 8  32  9  256  0.4492E-03
 8  32  9  256  0.4830E-03
 8  32  9  256  0.4439E-03
 8  32  10  256  0.1025E-02
 8  32  10  256  0.9830E-03
 8  32  10  256  0.7989E-03
 8  32  10  256  0.7880E-03
 8  32  10  256  0.7799E-03
 8  32  11  256  0.1146E-02
 8  32  11  256  0.1125E-02
 8  32  11  256  0.1135E-02
 8  32  11  256  0.1153E-02
 8  32  11  256  0.1110E-02
 8  32  12  256  0.8469E-03
 8  32  12  256  0.8011E-03
 8  32  12  256  0.8030E-03
 8  32  12  256  0.8481E-03
 8  32  12  256  0.8330E-03
 8  32  13  256  0.1425E-02
 8  32  13  256  0.1757E-02
 8  32  13  256  0.1556E-02
 8  32  13  256  0.1432E-02
 8  32  13  256  0.1523E-02
 8  32  14  256  0.1889E-02
 8  32  14  256  0.1843E-02
 8  32  14  256  0.1854E-02
 8  32  14  256  0.1786E-02
 8  32  14  256  0.1773E-02
 8  32  15  256  0.2560E-02
 8  32  15  256  0.2645E-02
 8  32  15  256  0.2675E-02
 8  32  15  256  0.3246E-02
 8  32  15  256  0.2978E-02
 8  32  16  256  0.2014E-02
 8  32  16  256  0.1960E-02
 8  32  16  256  0.2066E-02
 8  32  16  256  0.1972E-02
 8  32  16  256  0.1967E-02
 8  32  17  256  0.3629E-02
 8  32  17  256  0.3266E-02
 8  32  17  256  0.3246E-02
 8  32  17  256  0.3272E-02
 8  32  17  256  0.3213E-02
 8  32  18  256  0.3859E-02
 8  32  18  256  0.3916E-02
 8  32  18  256  0.3982E-02
 8  32  18  256  0.3958E-02
 8  32  18  256  0.3871E-02
 8  32  19  256  0.4897E-02
 8  32  19  256  0.4948E-02
 8  32  19  256  0.5053E-02
 8  32  19  256  0.4968E-02
 8  32  19  256  0.4917E-02
 8  32  20  256  0.4794E-02
 8  32  20  256  0.4054E-02
 8  32  20  256  0.3829E-02
 8  32  20  256  0.3858E-02
 8  32  20  256  0.3889E-02
