 8  64  3  512  0.2599E-03
 8  64  3  512  0.2608E-03
 8  64  3  512  0.2508E-03
 8  64  3  512  0.2582E-03
 8  64  3  512  0.2930E-03
 8  64  4  512  0.2849E-03
 8  64  4  512  0.1781E-03
 8  64  4  512  0.1550E-03
 8  64  4  512  0.2191E-03
 8  64  4  512  0.1910E-03
 8  64  5  512  0.4768E-03
 8  64  5  512  0.2890E-03
 8  64  5  512  0.3512E-03
 8  64  5  512  0.3390E-03
 8  64  5  512  0.3211E-03
 8  64  6  512  0.5672E-03
 8  64  6  512  0.4289E-03
 8  64  6  512  0.5910E-03
 8  64  6  512  0.6461E-03
 8  64  6  512  0.6070E-03
 8  64  7  512  0.7420E-03
 8  64  7  512  0.6552E-03
 8  64  7  512  0.6030E-03
 8  64  7  512  0.5550E-03
 8  64  7  512  0.5062E-03
 8  64  8  512  0.5229E-03
 8  64  8  512  0.4089E-03
 8  64  8  512  0.4811E-03
 8  64  8  512  0.5200E-03
 8  64  8  512  0.4790E-03
 8  64  9  512  0.7629E-03
 8  64  9  512  0.9191E-03
 8  64  9  512  0.7749E-03
 8  64  9  512  0.7820E-03
 8  64  9  512  0.8602E-03
 8  64  10  512  0.1174E-02
 8  64  10  512  0.1185E-02
 8  64  10  512  0.1304E-02
 8  64  10  512  0.1224E-02
 8  64  10  512  0.1126E-02
 8  64  11  512  0.1582E-02
 8  64  11  512  0.1455E-02
 8  64  11  512  0.1770E-02
 8  64  11  512  0.1670E-02
 8  64  11  512  0.1494E-02
 8  64  12  512  0.1345E-02
 8  64  12  512  0.1171E-02
 8  64  12  512  0.1339E-02
 8  64  12  512  0.1313E-02
 8  64  12  512  0.1239E-02
 8  64  13  512  0.2096E-02
 8  64  13  512  0.1873E-02
 8  64  13  512  0.1888E-02
 8  64  13  512  0.1910E-02
 8  64  13  512  0.1893E-02
 8  64  14  512  0.2315E-02
 8  64  14  512  0.2404E-02
 8  64  14  512  0.2612E-02
 8  64  14  512  0.2324E-02
 8  64  14  512  0.2402E-02
 8  64  15  512  0.3764E-02
 8  64  15  512  0.3998E-02
 8  64  15  512  0.3398E-02
 8  64  15  512  0.3263E-02
 8  64  15  512  0.3658E-02
 8  64  16  512  0.3135E-02
 8  64  16  512  0.2967E-02
 8  64  16  512  0.2790E-02
 8  64  16  512  0.2829E-02
 8  64  16  512  0.2859E-02
 8  64  17  512  0.4616E-02
 8  64  17  512  0.4180E-02
 8  64  17  512  0.4173E-02
 8  64  17  512  0.4208E-02
 8  64  17  512  0.4661E-02
 8  64  18  512  0.5286E-02
 8  64  18  512  0.4837E-02
 8  64  18  512  0.4745E-02
 8  64  18  512  0.4787E-02
 8  64  18  512  0.4664E-02
 8  64  19  512  0.6368E-02
 8  64  19  512  0.5951E-02
 8  64  19  512  0.6084E-02
 8  64  19  512  0.6357E-02
 8  64  19  512  0.5858E-02
 8  64  20  512  0.5843E-02
 8  64  20  512  0.5387E-02
 8  64  20  512  0.4897E-02
 8  64  20  512  0.4900E-02
 8  64  20  512  0.4807E-02
