nelt np nx1 elements time
 8  64  3  512  0.9656E-02
 8  64  3  512  0.9379E-02
 8  64  3  512  0.9283E-02
 8  64  3  512  0.9069E-02
 8  64  3  512  0.9246E-02
 8  64  4  512  0.1338E-01
 8  64  4  512  0.1262E-01
 8  64  4  512  0.1296E-01
 8  64  4  512  0.1262E-01
 8  64  4  512  0.1261E-01
 8  64  5  512  0.1665E-01
 8  64  5  512  0.1626E-01
 8  64  5  512  0.1612E-01
 8  64  5  512  0.1641E-01
 8  64  5  512  0.1610E-01
 8  64  6  512  0.2457E-01
 8  64  6  512  0.2369E-01
 8  64  6  512  0.2338E-01
 8  64  6  512  0.2369E-01
 8  64  6  512  0.2348E-01
 8  64  7  512  0.3232E-01
 8  64  7  512  0.2859E-01
 8  64  7  512  0.2956E-01
 8  64  7  512  0.3067E-01
 8  64  7  512  0.3054E-01
 8  64  8  512  0.3718E-01
 8  64  8  512  0.3710E-01
 8  64  8  512  0.3671E-01
 8  64  8  512  0.3794E-01
 8  64  8  512  0.3758E-01
 8  64  9  512  0.5159E-01
 8  64  9  512  0.5044E-01
 8  64  9  512  0.5083E-01
 8  64  9  512  0.5102E-01
 8  64  9  512  0.5102E-01
 8  64  10  512  0.6537E-01
 8  64  10  512  0.6377E-01
 8  64  10  512  0.6385E-01
 8  64  10  512  0.6392E-01
 8  64  10  512  0.6402E-01
 8  64  11  512  0.8321E-01
 8  64  11  512  0.8199E-01
 8  64  11  512  0.8041E-01
 8  64  11  512  0.7673E-01
 8  64  11  512  0.7697E-01
 8  64  12  512  0.1019E+00
 8  64  12  512  0.9802E-01
 8  64  12  512  0.9698E-01
 8  64  12  512  0.9892E-01
 8  64  12  512  0.9885E-01
 8  64  13  512  0.1220E+00
 8  64  13  512  0.1189E+00
 8  64  13  512  0.1182E+00
 8  64  13  512  0.1187E+00
 8  64  13  512  0.1199E+00
 8  64  14  512  0.1451E+00
 8  64  14  512  0.1371E+00
 8  64  14  512  0.1382E+00
 8  64  14  512  0.1362E+00
 8  64  14  512  0.1371E+00
 8  64  15  512  0.1841E+00
 8  64  15  512  0.1724E+00
 8  64  15  512  0.1684E+00
 8  64  15  512  0.1678E+00
 8  64  15  512  0.1695E+00
 8  64  16  512  0.2209E+00
 8  64  16  512  0.2099E+00
 8  64  16  512  0.2104E+00
 8  64  16  512  0.2110E+00
 8  64  16  512  0.2086E+00
 8  64  17  512  0.2898E+00
 8  64  17  512  0.2794E+00
 8  64  17  512  0.2784E+00
 8  64  17  512  0.2796E+00
 8  64  17  512  0.2800E+00
 8  64  18  512  0.3394E+00
 8  64  18  512  0.3220E+00
 8  64  18  512  0.3217E+00
 8  64  18  512  0.3246E+00
 8  64  18  512  0.3245E+00
 8  64  19  512  0.4211E+00
 8  64  19  512  0.4088E+00
 8  64  19  512  0.4091E+00
 8  64  19  512  0.4110E+00
 8  64  19  512  0.4088E+00
 8  64  20  512  0.5119E+00
 8  64  20  512  0.4933E+00
 8  64  20  512  0.4940E+00
 8  64  20  512  0.4925E+00
 8  64  20  512  0.4929E+00
