 8  8  3  64  0.1340E-03
 8  8  3  64  0.1888E-03
 8  8  3  64  0.1810E-03
 8  8  3  64  0.1621E-03
 8  8  3  64  0.1571E-03
 8  8  4  64  0.1211E-03
 8  8  4  64  0.1431E-03
 8  8  4  64  0.1161E-03
 8  8  4  64  0.1011E-03
 8  8  4  64  0.9799E-04
 8  8  5  64  0.1791E-03
 8  8  5  64  0.1671E-03
 8  8  5  64  0.1671E-03
 8  8  5  64  0.1740E-03
 8  8  5  64  0.1709E-03
 8  8  6  64  0.2921E-03
 8  8  6  64  0.2661E-03
 8  8  6  64  0.2899E-03
 8  8  6  64  0.2620E-03
 8  8  6  64  0.2420E-03
 8  8  7  64  0.5240E-03
 8  8  7  64  0.4568E-03
 8  8  7  64  0.4618E-03
 8  8  7  64  0.4790E-03
 8  8  7  64  0.4461E-03
 8  8  8  64  0.2799E-03
 8  8  8  64  0.2480E-03
 8  8  8  64  0.2818E-03
 8  8  8  64  0.2570E-03
 8  8  8  64  0.2370E-03
 8  8  9  64  0.5178E-03
 8  8  9  64  0.5341E-03
 8  8  9  64  0.4790E-03
 8  8  9  64  0.5031E-03
 8  8  9  64  0.5181E-03
 8  8  10  64  0.8872E-03
 8  8  10  64  0.8481E-03
 8  8  10  64  0.8781E-03
 8  8  10  64  0.8390E-03
 8  8  10  64  0.8378E-03
 8  8  11  64  0.1111E-02
 8  8  11  64  0.1118E-02
 8  8  11  64  0.1123E-02
 8  8  11  64  0.1100E-02
 8  8  11  64  0.1090E-02
 8  8  12  64  0.1025E-02
 8  8  12  64  0.1030E-02
 8  8  12  64  0.1047E-02
 8  8  12  64  0.8280E-03
 8  8  12  64  0.8299E-03
 8  8  13  64  0.1367E-02
 8  8  13  64  0.1360E-02
 8  8  13  64  0.1353E-02
 8  8  13  64  0.1356E-02
 8  8  13  64  0.1357E-02
 8  8  14  64  0.2347E-02
 8  8  14  64  0.1801E-02
 8  8  14  64  0.1779E-02
 8  8  14  64  0.1704E-02
 8  8  14  64  0.1737E-02
 8  8  15  64  0.2504E-02
 8  8  15  64  0.2606E-02
 8  8  15  64  0.2534E-02
 8  8  15  64  0.2449E-02
 8  8  15  64  0.2506E-02
 8  8  16  64  0.1781E-02
 8  8  16  64  0.1817E-02
 8  8  16  64  0.1736E-02
 8  8  16  64  0.1719E-02
 8  8  16  64  0.1758E-02
 8  8  17  64  0.3018E-02
 8  8  17  64  0.2983E-02
 8  8  17  64  0.2971E-02
 8  8  17  64  0.2947E-02
 8  8  17  64  0.2980E-02
 8  8  18  64  0.3618E-02
 8  8  18  64  0.3680E-02
 8  8  18  64  0.3654E-02
 8  8  18  64  0.3609E-02
 8  8  18  64  0.3604E-02
 8  8  19  64  0.4585E-02
 8  8  19  64  0.4594E-02
 8  8  19  64  0.4547E-02
 8  8  19  64  0.4578E-02
 8  8  19  64  0.4552E-02
 8  8  20  64  0.3498E-02
 8  8  20  64  0.3446E-02
 8  8  20  64  0.3473E-02
 8  8  20  64  0.3489E-02
 8  8  20  64  0.3427E-02
