 8  64  3  512  0.3440E-03
 8  64  3  512  0.3569E-03
 8  64  3  512  0.3150E-03
 8  64  3  512  0.3209E-03
 8  64  3  512  0.3121E-03
 8  64  4  512  0.4740E-03
 8  64  4  512  0.5279E-03
 8  64  4  512  0.4320E-03
 8  64  4  512  0.4349E-03
 8  64  4  512  0.4191E-03
 8  64  5  512  0.7288E-03
 8  64  5  512  0.6361E-03
 8  64  5  512  0.5870E-03
 8  64  5  512  0.7651E-03
 8  64  5  512  0.7701E-03
 8  64  6  512  0.1005E-02
 8  64  6  512  0.9391E-03
 8  64  6  512  0.9069E-03
 8  64  6  512  0.9050E-03
 8  64  6  512  0.8950E-03
 8  64  7  512  0.1350E-02
 8  64  7  512  0.1214E-02
 8  64  7  512  0.1176E-02
 8  64  7  512  0.1232E-02
 8  64  7  512  0.1192E-02
 8  64  8  512  0.1835E-02
 8  64  8  512  0.1799E-02
 8  64  8  512  0.1821E-02
 8  64  8  512  0.1826E-02
 8  64  8  512  0.1795E-02
 8  64  9  512  0.2307E-02
 8  64  9  512  0.2307E-02
 8  64  9  512  0.2463E-02
 8  64  9  512  0.2263E-02
 8  64  9  512  0.2468E-02
 8  64  10  512  0.3107E-02
 8  64  10  512  0.2956E-02
 8  64  10  512  0.3250E-02
 8  64  10  512  0.3113E-02
 8  64  10  512  0.3038E-02
 8  64  11  512  0.3865E-02
 8  64  11  512  0.3996E-02
 8  64  11  512  0.3909E-02
 8  64  11  512  0.4063E-02
 8  64  11  512  0.4003E-02
 8  64  12  512  0.5106E-02
 8  64  12  512  0.5289E-02
 8  64  12  512  0.5076E-02
 8  64  12  512  0.5125E-02
 8  64  12  512  0.5134E-02
 8  64  13  512  0.6030E-02
 8  64  13  512  0.6137E-02
 8  64  13  512  0.6037E-02
 8  64  13  512  0.5959E-02
 8  64  13  512  0.6007E-02
 8  64  14  512  0.7015E-02
 8  64  14  512  0.7402E-02
 8  64  14  512  0.7018E-02
 8  64  14  512  0.7308E-02
 8  64  14  512  0.7079E-02
 8  64  15  512  0.9065E-02
 8  64  15  512  0.9050E-02
 8  64  15  512  0.9068E-02
 8  64  15  512  0.9128E-02
 8  64  15  512  0.9048E-02
 8  64  16  512  0.1148E-01
 8  64  16  512  0.1145E-01
 8  64  16  512  0.1138E-01
 8  64  16  512  0.1127E-01
 8  64  16  512  0.1127E-01
 8  64  17  512  0.1408E-01
 8  64  17  512  0.1418E-01
 8  64  17  512  0.1406E-01
 8  64  17  512  0.1421E-01
 8  64  17  512  0.1428E-01
 8  64  18  512  0.1664E-01
 8  64  18  512  0.1654E-01
 8  64  18  512  0.1662E-01
 8  64  18  512  0.1661E-01
 8  64  18  512  0.1657E-01
 8  64  19  512  0.2072E-01
 8  64  19  512  0.2085E-01
 8  64  19  512  0.2080E-01
 8  64  19  512  0.2090E-01
 8  64  19  512  0.2085E-01
 8  64  20  512  0.2588E-01
 8  64  20  512  0.2536E-01
 8  64  20  512  0.2544E-01
 8  64  20  512  0.2549E-01
 8  64  20  512  0.2532E-01
