 8  16  3  128  0.2520E-03
 8  16  3  128  0.1991E-03
 8  16  3  128  0.1910E-03
 8  16  3  128  0.1938E-03
 8  16  3  128  0.1941E-03
 8  16  4  128  0.3309E-03
 8  16  4  128  0.2930E-03
 8  16  4  128  0.3309E-03
 8  16  4  128  0.2968E-03
 8  16  4  128  0.2961E-03
 8  16  5  128  0.4210E-03
 8  16  5  128  0.4170E-03
 8  16  5  128  0.3910E-03
 8  16  5  128  0.4022E-03
 8  16  5  128  0.3819E-03
 8  16  6  128  0.5870E-03
 8  16  6  128  0.5960E-03
 8  16  6  128  0.5610E-03
 8  16  6  128  0.5221E-03
 8  16  6  128  0.5522E-03
 8  16  7  128  0.8349E-03
 8  16  7  128  0.7870E-03
 8  16  7  128  0.7720E-03
 8  16  7  128  0.7579E-03
 8  16  7  128  0.7489E-03
 8  16  8  128  0.1202E-02
 8  16  8  128  0.1142E-02
 8  16  8  128  0.1119E-02
 8  16  8  128  0.1158E-02
 8  16  8  128  0.1277E-02
 8  16  9  128  0.1689E-02
 8  16  9  128  0.1530E-02
 8  16  9  128  0.1807E-02
 8  16  9  128  0.1535E-02
 8  16  9  128  0.1482E-02
 8  16  10  128  0.2355E-02
 8  16  10  128  0.2245E-02
 8  16  10  128  0.2251E-02
 8  16  10  128  0.2287E-02
 8  16  10  128  0.2241E-02
 8  16  11  128  0.3062E-02
 8  16  11  128  0.3010E-02
 8  16  11  128  0.3016E-02
 8  16  11  128  0.3001E-02
 8  16  11  128  0.2986E-02
 8  16  12  128  0.4225E-02
 8  16  12  128  0.4188E-02
 8  16  12  128  0.4123E-02
 8  16  12  128  0.4156E-02
 8  16  12  128  0.4212E-02
 8  16  13  128  0.4667E-02
 8  16  13  128  0.4690E-02
 8  16  13  128  0.4853E-02
 8  16  13  128  0.4686E-02
 8  16  13  128  0.4688E-02
 8  16  14  128  0.5529E-02
 8  16  14  128  0.5984E-02
 8  16  14  128  0.5436E-02
 8  16  14  128  0.5532E-02
 8  16  14  128  0.5516E-02
 8  16  15  128  0.6899E-02
 8  16  15  128  0.6874E-02
 8  16  15  128  0.6945E-02
 8  16  15  128  0.6855E-02
 8  16  15  128  0.6908E-02
 8  16  16  128  0.9029E-02
 8  16  16  128  0.9055E-02
 8  16  16  128  0.8995E-02
 8  16  16  128  0.9012E-02
 8  16  16  128  0.9018E-02
 8  16  17  128  0.1156E-01
 8  16  17  128  0.1155E-01
 8  16  17  128  0.1127E-01
 8  16  17  128  0.1124E-01
 8  16  17  128  0.1128E-01
 8  16  18  128  0.1293E-01
 8  16  18  128  0.1294E-01
 8  16  18  128  0.1295E-01
 8  16  18  128  0.1302E-01
 8  16  18  128  0.1294E-01
 8  16  19  128  0.1617E-01
 8  16  19  128  0.1609E-01
 8  16  19  128  0.1611E-01
 8  16  19  128  0.1619E-01
 8  16  19  128  0.1612E-01
 8  16  20  128  0.2024E-01
 8  16  20  128  0.2032E-01
 8  16  20  128  0.2041E-01
 8  16  20  128  0.2023E-01
 8  16  20  128  0.2035E-01
