 8  8  3  64  0.2780E-03
 8  8  3  64  0.2089E-03
 8  8  3  64  0.2060E-03
 8  8  3  64  0.1829E-03
 8  8  3  64  0.1540E-03
 8  8  4  64  0.2530E-03
 8  8  4  64  0.2851E-03
 8  8  4  64  0.2680E-03
 8  8  4  64  0.2351E-03
 8  8  4  64  0.2730E-03
 8  8  5  64  0.4048E-03
 8  8  5  64  0.3390E-03
 8  8  5  64  0.3250E-03
 8  8  5  64  0.4339E-03
 8  8  5  64  0.4070E-03
 8  8  6  64  0.5231E-03
 8  8  6  64  0.4609E-03
 8  8  6  64  0.5841E-03
 8  8  6  64  0.5760E-03
 8  8  6  64  0.5629E-03
 8  8  7  64  0.6421E-03
 8  8  7  64  0.6549E-03
 8  8  7  64  0.6270E-03
 8  8  7  64  0.6390E-03
 8  8  7  64  0.6380E-03
 8  8  8  64  0.1018E-02
 8  8  8  64  0.1010E-02
 8  8  8  64  0.1002E-02
 8  8  8  64  0.9911E-03
 8  8  8  64  0.9918E-03
 8  8  9  64  0.1221E-02
 8  8  9  64  0.1197E-02
 8  8  9  64  0.1531E-02
 8  8  9  64  0.1396E-02
 8  8  9  64  0.1194E-02
 8  8  10  64  0.1967E-02
 8  8  10  64  0.1953E-02
 8  8  10  64  0.1951E-02
 8  8  10  64  0.1947E-02
 8  8  10  64  0.2416E-02
 8  8  11  64  0.2261E-02
 8  8  11  64  0.2262E-02
 8  8  11  64  0.2245E-02
 8  8  11  64  0.2307E-02
 8  8  11  64  0.2248E-02
 8  8  12  64  0.3212E-02
 8  8  12  64  0.3184E-02
 8  8  12  64  0.3208E-02
 8  8  12  64  0.3308E-02
 8  8  12  64  0.3433E-02
 8  8  13  64  0.3646E-02
 8  8  13  64  0.3626E-02
 8  8  13  64  0.3568E-02
 8  8  13  64  0.3642E-02
 8  8  13  64  0.3633E-02
 8  8  14  64  0.4934E-02
 8  8  14  64  0.4475E-02
 8  8  14  64  0.4399E-02
 8  8  14  64  0.4422E-02
 8  8  14  64  0.4443E-02
 8  8  15  64  0.5388E-02
 8  8  15  64  0.5395E-02
 8  8  15  64  0.5385E-02
 8  8  15  64  0.5378E-02
 8  8  15  64  0.5356E-02
 8  8  16  64  0.7483E-02
 8  8  16  64  0.7576E-02
 8  8  16  64  0.7494E-02
 8  8  16  64  0.8298E-02
 8  8  16  64  0.7470E-02
 8  8  17  64  0.9290E-02
 8  8  17  64  0.9277E-02
 8  8  17  64  0.9232E-02
 8  8  17  64  0.9183E-02
 8  8  17  64  0.9178E-02
 8  8  18  64  0.1117E-01
 8  8  18  64  0.1110E-01
 8  8  18  64  0.1110E-01
 8  8  18  64  0.1113E-01
 8  8  18  64  0.1109E-01
 8  8  19  64  0.1376E-01
 8  8  19  64  0.1372E-01
 8  8  19  64  0.1363E-01
 8  8  19  64  0.1358E-01
 8  8  19  64  0.1364E-01
 8  8  20  64  0.1941E-01
 8  8  20  64  0.1758E-01
 8  8  20  64  0.1733E-01
 8  8  20  64  0.1739E-01
 8  8  20  64  0.1735E-01
