 16  16  3  256  0.3419E-03
 16  16  3  256  0.3090E-03
 16  16  3  256  0.2971E-03
 16  16  3  256  0.3271E-03
 16  16  3  256  0.3061E-03
 16  16  4  256  0.5002E-03
 16  16  4  256  0.4709E-03
 16  16  4  256  0.4699E-03
 16  16  4  256  0.4401E-03
 16  16  4  256  0.4611E-03
 16  16  5  256  0.6881E-03
 16  16  5  256  0.6518E-03
 16  16  5  256  0.6270E-03
 16  16  5  256  0.6192E-03
 16  16  5  256  0.7050E-03
 16  16  6  256  0.1074E-02
 16  16  6  256  0.1013E-02
 16  16  6  256  0.9480E-03
 16  16  6  256  0.9480E-03
 16  16  6  256  0.9310E-03
 16  16  7  256  0.1432E-02
 16  16  7  256  0.1292E-02
 16  16  7  256  0.1332E-02
 16  16  7  256  0.1268E-02
 16  16  7  256  0.1267E-02
 16  16  8  256  0.2250E-02
 16  16  8  256  0.2220E-02
 16  16  8  256  0.2199E-02
 16  16  8  256  0.2192E-02
 16  16  8  256  0.2227E-02
 16  16  9  256  0.3002E-02
 16  16  9  256  0.2959E-02
 16  16  9  256  0.2970E-02
 16  16  9  256  0.3508E-02
 16  16  9  256  0.2982E-02
 16  16  10  256  0.4194E-02
 16  16  10  256  0.4215E-02
 16  16  10  256  0.4162E-02
 16  16  10  256  0.4150E-02
 16  16  10  256  0.4126E-02
 16  16  11  256  0.5599E-02
 16  16  11  256  0.5572E-02
 16  16  11  256  0.5582E-02
 16  16  11  256  0.5689E-02
 16  16  11  256  0.5606E-02
 16  16  12  256  0.7720E-02
 16  16  12  256  0.7643E-02
 16  16  12  256  0.7759E-02
 16  16  12  256  0.8634E-02
 16  16  12  256  0.7684E-02
 16  16  13  256  0.8873E-02
 16  16  13  256  0.8861E-02
 16  16  13  256  0.8855E-02
 16  16  13  256  0.8844E-02
 16  16  13  256  0.8802E-02
 16  16  14  256  0.1035E-01
 16  16  14  256  0.1050E-01
 16  16  14  256  0.1036E-01
 16  16  14  256  0.1038E-01
 16  16  14  256  0.1040E-01
 16  16  15  256  0.1313E-01
 16  16  15  256  0.1319E-01
 16  16  15  256  0.1325E-01
 16  16  15  256  0.1358E-01
 16  16  15  256  0.1313E-01
 16  16  16  256  0.1752E-01
 16  16  16  256  0.1761E-01
 16  16  16  256  0.1766E-01
 16  16  16  256  0.1764E-01
 16  16  16  256  0.1744E-01
 16  16  17  256  0.2191E-01
 16  16  17  256  0.2186E-01
 16  16  17  256  0.2184E-01
 16  16  17  256  0.2196E-01
 16  16  17  256  0.2188E-01
 16  16  18  256  0.2529E-01
 16  16  18  256  0.2530E-01
 16  16  18  256  0.2534E-01
 16  16  18  256  0.2529E-01
 16  16  18  256  0.2527E-01
 16  16  19  256  0.3150E-01
 16  16  19  256  0.3231E-01
 16  16  19  256  0.3213E-01
 16  16  19  256  0.3190E-01
 16  16  19  256  0.3207E-01
 16  16  20  256  0.4003E-01
 16  16  20  256  0.4057E-01
 16  16  20  256  0.4010E-01
 16  16  20  256  0.3987E-01
 16  16  20  256  0.3993E-01
