 16  1  3  16  0.2069E-03
 16  1  3  16  0.1788E-03
 16  1  3  16  0.1619E-03
 16  1  3  16  0.1612E-03
 16  1  3  16  0.1631E-03
 16  1  4  16  0.2949E-03
 16  1  4  16  0.2861E-03
 16  1  4  16  0.3171E-03
 16  1  4  16  0.2861E-03
 16  1  4  16  0.2789E-03
 16  1  5  16  0.4380E-03
 16  1  5  16  0.4609E-03
 16  1  5  16  0.4189E-03
 16  1  5  16  0.4220E-03
 16  1  5  16  0.4122E-03
 16  1  6  16  0.6440E-03
 16  1  6  16  0.6759E-03
 16  1  6  16  0.6230E-03
 16  1  6  16  0.6182E-03
 16  1  6  16  0.6411E-03
 16  1  7  16  0.9511E-03
 16  1  7  16  0.9520E-03
 16  1  7  16  0.9580E-03
 16  1  7  16  0.9589E-03
 16  1  7  16  0.9460E-03
 16  1  8  16  0.1437E-02
 16  1  8  16  0.1436E-02
 16  1  8  16  0.1480E-02
 16  1  8  16  0.1443E-02
 16  1  8  16  0.1472E-02
 16  1  9  16  0.2038E-02
 16  1  9  16  0.2057E-02
 16  1  9  16  0.2043E-02
 16  1  9  16  0.2057E-02
 16  1  9  16  0.2068E-02
 16  1  10  16  0.3157E-02
 16  1  10  16  0.3141E-02
 16  1  10  16  0.3126E-02
 16  1  10  16  0.3192E-02
 16  1  10  16  0.3161E-02
 16  1  11  16  0.4010E-02
 16  1  11  16  0.4017E-02
 16  1  11  16  0.3996E-02
 16  1  11  16  0.3983E-02
 16  1  11  16  0.3975E-02
 16  1  12  16  0.5818E-02
 16  1  12  16  0.5837E-02
 16  1  12  16  0.5896E-02
 16  1  12  16  0.5809E-02
 16  1  12  16  0.5790E-02
 16  1  13  16  0.6523E-02
 16  1  13  16  0.6550E-02
 16  1  13  16  0.6761E-02
 16  1  13  16  0.6531E-02
 16  1  13  16  0.6461E-02
 16  1  14  16  0.7982E-02
 16  1  14  16  0.8025E-02
 16  1  14  16  0.8067E-02
 16  1  14  16  0.8039E-02
 16  1  14  16  0.8027E-02
 16  1  15  16  0.9894E-02
 16  1  15  16  0.9916E-02
 16  1  15  16  0.9905E-02
 16  1  15  16  0.9895E-02
 16  1  15  16  0.9951E-02
 16  1  16  16  0.1405E-01
 16  1  16  16  0.1397E-01
 16  1  16  16  0.1403E-01
 16  1  16  16  0.1399E-01
 16  1  16  16  0.1398E-01
 16  1  17  16  0.1717E-01
 16  1  17  16  0.1709E-01
 16  1  17  16  0.1707E-01
 16  1  17  16  0.1709E-01
 16  1  17  16  0.1708E-01
 16  1  18  16  0.2089E-01
 16  1  18  16  0.2094E-01
 16  1  18  16  0.2085E-01
 16  1  18  16  0.2086E-01
 16  1  18  16  0.2085E-01
 16  1  19  16  0.2567E-01
 16  1  19  16  0.2562E-01
 16  1  19  16  0.2566E-01
 16  1  19  16  0.2553E-01
 16  1  19  16  0.2558E-01
 16  1  20  16  0.3317E-01
 16  1  20  16  0.3281E-01
 16  1  20  16  0.3280E-01
 16  1  20  16  0.3308E-01
 16  1  20  16  0.3277E-01
