nelt np nx1 elements time
 16  16  3  256  0.7847E-02
 16  16  3  256  0.6554E-02
 16  16  3  256  0.7075E-02
 16  16  3  256  0.7133E-02
 16  16  3  256  0.6940E-02
 16  16  4  256  0.9719E-02
 16  16  4  256  0.9426E-02
 16  16  4  256  0.8923E-02
 16  16  4  256  0.7627E-02
 16  16  4  256  0.7591E-02
 16  16  5  256  0.1430E-01
 16  16  5  256  0.1185E-01
 16  16  5  256  0.1160E-01
 16  16  5  256  0.1146E-01
 16  16  5  256  0.1157E-01
 16  16  6  256  0.2276E-01
 16  16  6  256  0.2149E-01
 16  16  6  256  0.2084E-01
 16  16  6  256  0.1871E-01
 16  16  6  256  0.1872E-01
 16  16  7  256  0.2723E-01
 16  16  7  256  0.2673E-01
 16  16  7  256  0.2623E-01
 16  16  7  256  0.2629E-01
 16  16  7  256  0.2619E-01
 16  16  8  256  0.3516E-01
 16  16  8  256  0.3379E-01
 16  16  8  256  0.3368E-01
 16  16  8  256  0.3371E-01
 16  16  8  256  0.3378E-01
 16  16  9  256  0.5718E-01
 16  16  9  256  0.5567E-01
 16  16  9  256  0.5507E-01
 16  16  9  256  0.5402E-01
 16  16  9  256  0.5425E-01
 16  16  10  256  0.7400E-01
 16  16  10  256  0.7306E-01
 16  16  10  256  0.7177E-01
 16  16  10  256  0.7114E-01
 16  16  10  256  0.7161E-01
 16  16  11  256  0.9759E-01
 16  16  11  256  0.9454E-01
 16  16  11  256  0.9609E-01
 16  16  11  256  0.9528E-01
 16  16  11  256  0.9660E-01
 16  16  12  256  0.1226E+00
 16  16  12  256  0.1149E+00
 16  16  12  256  0.1148E+00
 16  16  12  256  0.1144E+00
 16  16  12  256  0.1149E+00
 16  16  13  256  0.1546E+00
 16  16  13  256  0.1490E+00
 16  16  13  256  0.1512E+00
 16  16  13  256  0.1529E+00
 16  16  13  256  0.1522E+00
 16  16  14  256  0.1875E+00
 16  16  14  256  0.1815E+00
 16  16  14  256  0.1805E+00
 16  16  14  256  0.1811E+00
 16  16  14  256  0.1809E+00
 16  16  15  256  0.2351E+00
 16  16  15  256  0.2248E+00
 16  16  15  256  0.2250E+00
 16  16  15  256  0.2247E+00
 16  16  15  256  0.2252E+00
 16  16  16  256  0.2768E+00
 16  16  16  256  0.2655E+00
 16  16  16  256  0.2650E+00
 16  16  16  256  0.2653E+00
 16  16  16  256  0.2658E+00
 16  16  17  256  0.3948E+00
 16  16  17  256  0.3842E+00
 16  16  17  256  0.3810E+00
 16  16  17  256  0.3808E+00
 16  16  17  256  0.3807E+00
 16  16  18  256  0.4592E+00
 16  16  18  256  0.4466E+00
 16  16  18  256  0.4464E+00
 16  16  18  256  0.4467E+00
 16  16  18  256  0.4468E+00
 16  16  19  256  0.5723E+00
 16  16  19  256  0.5530E+00
 16  16  19  256  0.5534E+00
 16  16  19  256  0.5523E+00
 16  16  19  256  0.5526E+00
 16  16  20  256  0.6712E+00
 16  16  20  256  0.6489E+00
 16  16  20  256  0.6476E+00
 16  16  20  256  0.6478E+00
 16  16  20  256  0.6474E+00
