 16  1  3  16  0.2060E-03
 16  1  3  16  0.1762E-03
 16  1  3  16  0.1740E-03
 16  1  3  16  0.1740E-03
 16  1  3  16  0.1991E-03
 16  1  4  16  0.3211E-03
 16  1  4  16  0.2990E-03
 16  1  4  16  0.3231E-03
 16  1  4  16  0.3009E-03
 16  1  4  16  0.2971E-03
 16  1  5  16  0.4518E-03
 16  1  5  16  0.4330E-03
 16  1  5  16  0.4411E-03
 16  1  5  16  0.4599E-03
 16  1  5  16  0.4430E-03
 16  1  6  16  0.6981E-03
 16  1  6  16  0.6268E-03
 16  1  6  16  0.6239E-03
 16  1  6  16  0.6430E-03
 16  1  6  16  0.6559E-03
 16  1  7  16  0.1087E-02
 16  1  7  16  0.1067E-02
 16  1  7  16  0.1065E-02
 16  1  7  16  0.1034E-02
 16  1  7  16  0.1026E-02
 16  1  8  16  0.1728E-02
 16  1  8  16  0.1661E-02
 16  1  8  16  0.1663E-02
 16  1  8  16  0.1706E-02
 16  1  8  16  0.1718E-02
 16  1  9  16  0.2416E-02
 16  1  9  16  0.2447E-02
 16  1  9  16  0.2382E-02
 16  1  9  16  0.2441E-02
 16  1  9  16  0.2391E-02
 16  1  10  16  0.3580E-02
 16  1  10  16  0.3520E-02
 16  1  10  16  0.3565E-02
 16  1  10  16  0.3565E-02
 16  1  10  16  0.3518E-02
 16  1  11  16  0.4778E-02
 16  1  11  16  0.4753E-02
 16  1  11  16  0.4753E-02
 16  1  11  16  0.4795E-02
 16  1  11  16  0.4748E-02
 16  1  12  16  0.6917E-02
 16  1  12  16  0.6921E-02
 16  1  12  16  0.6901E-02
 16  1  12  16  0.6884E-02
 16  1  12  16  0.6895E-02
 16  1  13  16  0.7770E-02
 16  1  13  16  0.7752E-02
 16  1  13  16  0.7752E-02
 16  1  13  16  0.7736E-02
 16  1  13  16  0.7760E-02
 16  1  14  16  0.9270E-02
 16  1  14  16  0.9218E-02
 16  1  14  16  0.9322E-02
 16  1  14  16  0.9203E-02
 16  1  14  16  0.9278E-02
 16  1  15  16  0.1180E-01
 16  1  15  16  0.1181E-01
 16  1  15  16  0.1180E-01
 16  1  15  16  0.1181E-01
 16  1  15  16  0.1181E-01
 16  1  16  16  0.1617E-01
 16  1  16  16  0.1611E-01
 16  1  16  16  0.1614E-01
 16  1  16  16  0.1616E-01
 16  1  16  16  0.1621E-01
 16  1  17  16  0.1997E-01
 16  1  17  16  0.1994E-01
 16  1  17  16  0.1994E-01
 16  1  17  16  0.1995E-01
 16  1  17  16  0.1999E-01
 16  1  18  16  0.2361E-01
 16  1  18  16  0.2362E-01
 16  1  18  16  0.2347E-01
 16  1  18  16  0.2352E-01
 16  1  18  16  0.2350E-01
 16  1  19  16  0.2924E-01
 16  1  19  16  0.2927E-01
 16  1  19  16  0.2949E-01
 16  1  19  16  0.2932E-01
 16  1  19  16  0.2941E-01
 16  1  20  16  0.3735E-01
 16  1  20  16  0.3730E-01
 16  1  20  16  0.3732E-01
 16  1  20  16  0.3733E-01
 16  1  20  16  0.3733E-01
