 16  64  3  1024  0.4189E-03
 16  64  3  1024  0.3300E-03
 16  64  3  1024  0.3278E-03
 16  64  3  1024  0.4580E-03
 16  64  3  1024  0.4492E-03
 16  64  4  1024  0.6871E-03
 16  64  4  1024  0.6280E-03
 16  64  4  1024  0.5751E-03
 16  64  4  1024  0.6199E-03
 16  64  4  1024  0.6342E-03
 16  64  5  1024  0.7920E-03
 16  64  5  1024  0.8450E-03
 16  64  5  1024  0.8290E-03
 16  64  5  1024  0.7961E-03
 16  64  5  1024  0.8049E-03
 16  64  6  1024  0.9911E-03
 16  64  6  1024  0.9871E-03
 16  64  6  1024  0.1001E-02
 16  64  6  1024  0.1107E-02
 16  64  6  1024  0.1121E-02
 16  64  7  1024  0.1386E-02
 16  64  7  1024  0.1412E-02
 16  64  7  1024  0.1681E-02
 16  64  7  1024  0.1409E-02
 16  64  7  1024  0.1446E-02
 16  64  8  1024  0.2541E-02
 16  64  8  1024  0.2659E-02
 16  64  8  1024  0.2798E-02
 16  64  8  1024  0.2465E-02
 16  64  8  1024  0.2544E-02
 16  64  9  1024  0.2842E-02
 16  64  9  1024  0.2829E-02
 16  64  9  1024  0.2787E-02
 16  64  9  1024  0.2776E-02
 16  64  9  1024  0.2862E-02
 16  64  10  1024  0.4333E-02
 16  64  10  1024  0.4164E-02
 16  64  10  1024  0.4168E-02
 16  64  10  1024  0.4197E-02
 16  64  10  1024  0.4140E-02
 16  64  11  1024  0.5381E-02
 16  64  11  1024  0.5531E-02
 16  64  11  1024  0.5437E-02
 16  64  11  1024  0.5364E-02
 16  64  11  1024  0.5478E-02
 16  64  12  1024  0.7338E-02
 16  64  12  1024  0.7301E-02
 16  64  12  1024  0.7245E-02
 16  64  12  1024  0.7274E-02
 16  64  12  1024  0.7502E-02
 16  64  13  1024  0.8673E-02
 16  64  13  1024  0.8734E-02
 16  64  13  1024  0.8734E-02
 16  64  13  1024  0.8815E-02
 16  64  13  1024  0.8711E-02
 16  64  14  1024  0.1061E-01
 16  64  14  1024  0.1071E-01
 16  64  14  1024  0.1063E-01
 16  64  14  1024  0.1064E-01
 16  64  14  1024  0.1059E-01
 16  64  15  1024  0.1343E-01
 16  64  15  1024  0.1352E-01
 16  64  15  1024  0.1366E-01
 16  64  15  1024  0.1359E-01
 16  64  15  1024  0.1354E-01
 16  64  16  1024  0.1872E-01
 16  64  16  1024  0.1921E-01
 16  64  16  1024  0.1904E-01
 16  64  16  1024  0.1889E-01
 16  64  16  1024  0.1905E-01
 16  64  17  1024  0.2389E-01
 16  64  17  1024  0.2397E-01
 16  64  17  1024  0.2382E-01
 16  64  17  1024  0.2396E-01
 16  64  17  1024  0.2394E-01
 16  64  18  1024  0.2894E-01
 16  64  18  1024  0.2872E-01
 16  64  18  1024  0.2926E-01
 16  64  18  1024  0.2846E-01
 16  64  18  1024  0.2876E-01
 16  64  19  1024  0.3623E-01
 16  64  19  1024  0.3640E-01
 16  64  19  1024  0.3692E-01
 16  64  19  1024  0.3598E-01
 16  64  19  1024  0.3599E-01
 16  64  20  1024  0.4461E-01
 16  64  20  1024  0.4427E-01
 16  64  20  1024  0.4432E-01
 16  64  20  1024  0.4442E-01
 16  64  20  1024  0.4440E-01
