 16  32  3  512  0.1569E-03
 16  32  3  512  0.1500E-03
 16  32  3  512  0.1671E-03
 16  32  3  512  0.1490E-03
 16  32  3  512  0.1459E-03
 16  32  4  512  0.1800E-03
 16  32  4  512  0.1669E-03
 16  32  4  512  0.1950E-03
 16  32  4  512  0.1681E-03
 16  32  4  512  0.1609E-03
 16  32  5  512  0.3772E-03
 16  32  5  512  0.3240E-03
 16  32  5  512  0.3459E-03
 16  32  5  512  0.3500E-03
 16  32  5  512  0.3011E-03
 16  32  6  512  0.5190E-03
 16  32  6  512  0.4408E-03
 16  32  6  512  0.4671E-03
 16  32  6  512  0.4261E-03
 16  32  6  512  0.4468E-03
 16  32  7  512  0.8209E-03
 16  32  7  512  0.7951E-03
 16  32  7  512  0.7410E-03
 16  32  7  512  0.7429E-03
 16  32  7  512  0.8850E-03
 16  32  8  512  0.4120E-03
 16  32  8  512  0.4189E-03
 16  32  8  512  0.3719E-03
 16  32  8  512  0.3631E-03
 16  32  8  512  0.3669E-03
 16  32  9  512  0.1021E-02
 16  32  9  512  0.9940E-03
 16  32  9  512  0.9630E-03
 16  32  9  512  0.9761E-03
 16  32  9  512  0.9489E-03
 16  32  10  512  0.1460E-02
 16  32  10  512  0.1444E-02
 16  32  10  512  0.1541E-02
 16  32  10  512  0.1482E-02
 16  32  10  512  0.1500E-02
 16  32  11  512  0.2193E-02
 16  32  11  512  0.2212E-02
 16  32  11  512  0.2179E-02
 16  32  11  512  0.2174E-02
 16  32  11  512  0.2171E-02
 16  32  12  512  0.2023E-02
 16  32  12  512  0.1560E-02
 16  32  12  512  0.1624E-02
 16  32  12  512  0.1650E-02
 16  32  12  512  0.1656E-02
 16  32  13  512  0.2807E-02
 16  32  13  512  0.2791E-02
 16  32  13  512  0.2846E-02
 16  32  13  512  0.2834E-02
 16  32  13  512  0.2843E-02
 16  32  14  512  0.4086E-02
 16  32  14  512  0.3621E-02
 16  32  14  512  0.3612E-02
 16  32  14  512  0.3589E-02
 16  32  14  512  0.3973E-02
 16  32  15  512  0.5284E-02
 16  32  15  512  0.5429E-02
 16  32  15  512  0.5272E-02
 16  32  15  512  0.5349E-02
 16  32  15  512  0.5284E-02
 16  32  16  512  0.4017E-02
 16  32  16  512  0.3972E-02
 16  32  16  512  0.4020E-02
 16  32  16  512  0.3990E-02
 16  32  16  512  0.3938E-02
 16  32  17  512  0.6982E-02
 16  32  17  512  0.7410E-02
 16  32  17  512  0.6934E-02
 16  32  17  512  0.7378E-02
 16  32  17  512  0.7337E-02
 16  32  18  512  0.7699E-02
 16  32  18  512  0.7719E-02
 16  32  18  512  0.7719E-02
 16  32  18  512  0.7736E-02
 16  32  18  512  0.7676E-02
 16  32  19  512  0.9757E-02
 16  32  19  512  0.9906E-02
 16  32  19  512  0.9954E-02
 16  32  19  512  0.9928E-02
 16  32  19  512  0.9937E-02
 16  32  20  512  0.7737E-02
 16  32  20  512  0.7891E-02
 16  32  20  512  0.7733E-02
 16  32  20  512  0.7717E-02
 16  32  20  512  0.7737E-02
