 16  32  3  512  0.2959E-03
 16  32  3  512  0.2489E-03
 16  32  3  512  0.2301E-03
 16  32  3  512  0.2279E-03
 16  32  3  512  0.2589E-03
 16  32  4  512  0.5119E-03
 16  32  4  512  0.4530E-03
 16  32  4  512  0.4649E-03
 16  32  4  512  0.4411E-03
 16  32  4  512  0.4621E-03
 16  32  5  512  0.7300E-03
 16  32  5  512  0.7241E-03
 16  32  5  512  0.6990E-03
 16  32  5  512  0.6931E-03
 16  32  5  512  0.6652E-03
 16  32  6  512  0.1089E-02
 16  32  6  512  0.1037E-02
 16  32  6  512  0.1029E-02
 16  32  6  512  0.1020E-02
 16  32  6  512  0.1147E-02
 16  32  7  512  0.1711E-02
 16  32  7  512  0.1561E-02
 16  32  7  512  0.1526E-02
 16  32  7  512  0.1526E-02
 16  32  7  512  0.1575E-02
 16  32  8  512  0.1985E-02
 16  32  8  512  0.1894E-02
 16  32  8  512  0.1890E-02
 16  32  8  512  0.1937E-02
 16  32  8  512  0.1891E-02
 16  32  9  512  0.2521E-02
 16  32  9  512  0.2416E-02
 16  32  9  512  0.2436E-02
 16  32  9  512  0.2484E-02
 16  32  9  512  0.2400E-02
 16  32  10  512  0.3633E-02
 16  32  10  512  0.3645E-02
 16  32  10  512  0.3601E-02
 16  32  10  512  0.3650E-02
 16  32  10  512  0.3632E-02
 16  32  11  512  0.4910E-02
 16  32  11  512  0.4726E-02
 16  32  11  512  0.5011E-02
 16  32  11  512  0.4803E-02
 16  32  11  512  0.4701E-02
 16  32  12  512  0.6529E-02
 16  32  12  512  0.6614E-02
 16  32  12  512  0.6576E-02
 16  32  12  512  0.6884E-02
 16  32  12  512  0.6536E-02
 16  32  13  512  0.7491E-02
 16  32  13  512  0.7581E-02
 16  32  13  512  0.7564E-02
 16  32  13  512  0.7472E-02
 16  32  13  512  0.7536E-02
 16  32  14  512  0.9197E-02
 16  32  14  512  0.9619E-02
 16  32  14  512  0.9321E-02
 16  32  14  512  0.9256E-02
 16  32  14  512  0.9231E-02
 16  32  15  512  0.1134E-01
 16  32  15  512  0.1147E-01
 16  32  15  512  0.1132E-01
 16  32  15  512  0.1137E-01
 16  32  15  512  0.1128E-01
 16  32  16  512  0.1620E-01
 16  32  16  512  0.1634E-01
 16  32  16  512  0.1652E-01
 16  32  16  512  0.1641E-01
 16  32  16  512  0.1604E-01
 16  32  17  512  0.1928E-01
 16  32  17  512  0.1925E-01
 16  32  17  512  0.1957E-01
 16  32  17  512  0.1920E-01
 16  32  17  512  0.1952E-01
 16  32  18  512  0.2335E-01
 16  32  18  512  0.2318E-01
 16  32  18  512  0.2316E-01
 16  32  18  512  0.2318E-01
 16  32  18  512  0.2330E-01
 16  32  19  512  0.2924E-01
 16  32  19  512  0.2864E-01
 16  32  19  512  0.2865E-01
 16  32  19  512  0.2885E-01
 16  32  19  512  0.2860E-01
 16  32  20  512  0.3766E-01
 16  32  20  512  0.3719E-01
 16  32  20  512  0.3719E-01
 16  32  20  512  0.3717E-01
 16  32  20  512  0.3741E-01
