 16  8  3  128  0.3519E-03
 16  8  3  128  0.2298E-03
 16  8  3  128  0.2198E-03
 16  8  3  128  0.2441E-03
 16  8  3  128  0.2179E-03
 16  8  4  128  0.4189E-03
 16  8  4  128  0.4101E-03
 16  8  4  128  0.3760E-03
 16  8  4  128  0.3741E-03
 16  8  4  128  0.4849E-03
 16  8  5  128  0.5479E-03
 16  8  5  128  0.5999E-03
 16  8  5  128  0.5600E-03
 16  8  5  128  0.5469E-03
 16  8  5  128  0.6349E-03
 16  8  6  128  0.8862E-03
 16  8  6  128  0.8299E-03
 16  8  6  128  0.8230E-03
 16  8  6  128  0.8192E-03
 16  8  6  128  0.8481E-03
 16  8  7  128  0.1128E-02
 16  8  7  128  0.1104E-02
 16  8  7  128  0.1079E-02
 16  8  7  128  0.1133E-02
 16  8  7  128  0.1092E-02
 16  8  8  128  0.1748E-02
 16  8  8  128  0.1733E-02
 16  8  8  128  0.1712E-02
 16  8  8  128  0.1659E-02
 16  8  8  128  0.1676E-02
 16  8  9  128  0.2287E-02
 16  8  9  128  0.2259E-02
 16  8  9  128  0.2300E-02
 16  8  9  128  0.2265E-02
 16  8  9  128  0.2331E-02
 16  8  10  128  0.3397E-02
 16  8  10  128  0.3429E-02
 16  8  10  128  0.3374E-02
 16  8  10  128  0.3436E-02
 16  8  10  128  0.3371E-02
 16  8  11  128  0.4378E-02
 16  8  11  128  0.4396E-02
 16  8  11  128  0.4367E-02
 16  8  11  128  0.4389E-02
 16  8  11  128  0.4374E-02
 16  8  12  128  0.6301E-02
 16  8  12  128  0.6212E-02
 16  8  12  128  0.6215E-02
 16  8  12  128  0.6226E-02
 16  8  12  128  0.6148E-02
 16  8  13  128  0.7073E-02
 16  8  13  128  0.7072E-02
 16  8  13  128  0.7056E-02
 16  8  13  128  0.7025E-02
 16  8  13  128  0.7052E-02
 16  8  14  128  0.8627E-02
 16  8  14  128  0.8614E-02
 16  8  14  128  0.8627E-02
 16  8  14  128  0.8718E-02
 16  8  14  128  0.8663E-02
 16  8  15  128  0.1060E-01
 16  8  15  128  0.1066E-01
 16  8  15  128  0.1063E-01
 16  8  15  128  0.1061E-01
 16  8  15  128  0.1058E-01
 16  8  16  128  0.1487E-01
 16  8  16  128  0.1484E-01
 16  8  16  128  0.1544E-01
 16  8  16  128  0.1484E-01
 16  8  16  128  0.1482E-01
 16  8  17  128  0.1831E-01
 16  8  17  128  0.1822E-01
 16  8  17  128  0.1819E-01
 16  8  17  128  0.1813E-01
 16  8  17  128  0.1828E-01
 16  8  18  128  0.2191E-01
 16  8  18  128  0.2182E-01
 16  8  18  128  0.2188E-01
 16  8  18  128  0.2182E-01
 16  8  18  128  0.2183E-01
 16  8  19  128  0.2727E-01
 16  8  19  128  0.2678E-01
 16  8  19  128  0.2694E-01
 16  8  19  128  0.2681E-01
 16  8  19  128  0.2724E-01
 16  8  20  128  0.3494E-01
 16  8  20  128  0.3480E-01
 16  8  20  128  0.3450E-01
 16  8  20  128  0.3440E-01
 16  8  20  128  0.3438E-01
