 16  4  3  64  0.2248E-03
 16  4  3  64  0.2010E-03
 16  4  3  64  0.1609E-03
 16  4  3  64  0.1690E-03
 16  4  3  64  0.1619E-03
 16  4  4  64  0.2379E-03
 16  4  4  64  0.1662E-03
 16  4  4  64  0.2000E-03
 16  4  4  64  0.1371E-03
 16  4  4  64  0.1411E-03
 16  4  5  64  0.4110E-03
 16  4  5  64  0.2868E-03
 16  4  5  64  0.2689E-03
 16  4  5  64  0.2751E-03
 16  4  5  64  0.2549E-03
 16  4  6  64  0.5319E-03
 16  4  6  64  0.4768E-03
 16  4  6  64  0.4549E-03
 16  4  6  64  0.4730E-03
 16  4  6  64  0.4370E-03
 16  4  7  64  0.8690E-03
 16  4  7  64  0.7520E-03
 16  4  7  64  0.7701E-03
 16  4  7  64  0.7050E-03
 16  4  7  64  0.7310E-03
 16  4  8  64  0.4671E-03
 16  4  8  64  0.4711E-03
 16  4  8  64  0.4010E-03
 16  4  8  64  0.4339E-03
 16  4  8  64  0.4170E-03
 16  4  9  64  0.1015E-02
 16  4  9  64  0.9620E-03
 16  4  9  64  0.9620E-03
 16  4  9  64  0.9298E-03
 16  4  9  64  0.9551E-03
 16  4  10  64  0.1555E-02
 16  4  10  64  0.1481E-02
 16  4  10  64  0.1495E-02
 16  4  10  64  0.1460E-02
 16  4  10  64  0.1487E-02
 16  4  11  64  0.2188E-02
 16  4  11  64  0.2152E-02
 16  4  11  64  0.2135E-02
 16  4  11  64  0.2169E-02
 16  4  11  64  0.2153E-02
 16  4  12  64  0.1542E-02
 16  4  12  64  0.1521E-02
 16  4  12  64  0.1557E-02
 16  4  12  64  0.1490E-02
 16  4  12  64  0.1539E-02
 16  4  13  64  0.2672E-02
 16  4  13  64  0.2620E-02
 16  4  13  64  0.2571E-02
 16  4  13  64  0.2599E-02
 16  4  13  64  0.2602E-02
 16  4  14  64  0.3393E-02
 16  4  14  64  0.3350E-02
 16  4  14  64  0.3342E-02
 16  4  14  64  0.3374E-02
 16  4  14  64  0.3393E-02
 16  4  15  64  0.4928E-02
 16  4  15  64  0.4843E-02
 16  4  15  64  0.4855E-02
 16  4  15  64  0.4833E-02
 16  4  15  64  0.4776E-02
 16  4  16  64  0.3451E-02
 16  4  16  64  0.3380E-02
 16  4  16  64  0.3410E-02
 16  4  16  64  0.3367E-02
 16  4  16  64  0.3392E-02
 16  4  17  64  0.5970E-02
 16  4  17  64  0.5901E-02
 16  4  17  64  0.5798E-02
 16  4  17  64  0.5797E-02
 16  4  17  64  0.5783E-02
 16  4  18  64  0.7082E-02
 16  4  18  64  0.6985E-02
 16  4  18  64  0.6984E-02
 16  4  18  64  0.6952E-02
 16  4  18  64  0.6990E-02
 16  4  19  64  0.8875E-02
 16  4  19  64  0.8741E-02
 16  4  19  64  0.8779E-02
 16  4  19  64  0.8817E-02
 16  4  19  64  0.8780E-02
 16  4  20  64  0.6565E-02
 16  4  20  64  0.6549E-02
 16  4  20  64  0.6563E-02
 16  4  20  64  0.6541E-02
 16  4  20  64  0.6536E-02
