nelt np nx1 elements time
 16  32  3  512  0.1114E-01
 16  32  3  512  0.1046E-01
 16  32  3  512  0.9980E-02
 16  32  3  512  0.1075E-01
 16  32  3  512  0.1066E-01
 16  32  4  512  0.1053E-01
 16  32  4  512  0.9453E-02
 16  32  4  512  0.9785E-02
 16  32  4  512  0.9509E-02
 16  32  4  512  0.9745E-02
 16  32  5  512  0.1598E-01
 16  32  5  512  0.1453E-01
 16  32  5  512  0.1504E-01
 16  32  5  512  0.1473E-01
 16  32  5  512  0.1427E-01
 16  32  6  512  0.2685E-01
 16  32  6  512  0.2647E-01
 16  32  6  512  0.2644E-01
 16  32  6  512  0.2671E-01
 16  32  6  512  0.2659E-01
 16  32  7  512  0.2985E-01
 16  32  7  512  0.3165E-01
 16  32  7  512  0.2766E-01
 16  32  7  512  0.2741E-01
 16  32  7  512  0.2760E-01
 16  32  8  512  0.3898E-01
 16  32  8  512  0.3779E-01
 16  32  8  512  0.3806E-01
 16  32  8  512  0.3727E-01
 16  32  8  512  0.3734E-01
 16  32  9  512  0.6061E-01
 16  32  9  512  0.5926E-01
 16  32  9  512  0.6089E-01
 16  32  9  512  0.6090E-01
 16  32  9  512  0.6089E-01
 16  32  10  512  0.7631E-01
 16  32  10  512  0.7454E-01
 16  32  10  512  0.7424E-01
 16  32  10  512  0.7490E-01
 16  32  10  512  0.7518E-01
 16  32  11  512  0.1026E+00
 16  32  11  512  0.1009E+00
 16  32  11  512  0.1008E+00
 16  32  11  512  0.1009E+00
 16  32  11  512  0.1008E+00
 16  32  12  512  0.1304E+00
 16  32  12  512  0.1258E+00
 16  32  12  512  0.1262E+00
 16  32  12  512  0.1267E+00
 16  32  12  512  0.1267E+00
 16  32  13  512  0.1677E+00
 16  32  13  512  0.1612E+00
 16  32  13  512  0.1612E+00
 16  32  13  512  0.1615E+00
 16  32  13  512  0.1610E+00
 16  32  14  512  0.2010E+00
 16  32  14  512  0.1934E+00
 16  32  14  512  0.1930E+00
 16  32  14  512  0.1933E+00
 16  32  14  512  0.1926E+00
 16  32  15  512  0.2506E+00
 16  32  15  512  0.2419E+00
 16  32  15  512  0.2417E+00
 16  32  15  512  0.2426E+00
 16  32  15  512  0.2420E+00
 16  32  16  512  0.3131E+00
 16  32  16  512  0.3008E+00
 16  32  16  512  0.2996E+00
 16  32  16  512  0.3000E+00
 16  32  16  512  0.2998E+00
 16  32  17  512  0.4267E+00
 16  32  17  512  0.4138E+00
 16  32  17  512  0.4145E+00
 16  32  17  512  0.4138E+00
 16  32  17  512  0.4139E+00
 16  32  18  512  0.4874E+00
 16  32  18  512  0.4738E+00
 16  32  18  512  0.4720E+00
 16  32  18  512  0.4734E+00
 16  32  18  512  0.4727E+00
 16  32  19  512  0.6124E+00
 16  32  19  512  0.5935E+00
 16  32  19  512  0.5933E+00
 16  32  19  512  0.5934E+00
 16  32  19  512  0.5930E+00
 16  32  20  512  0.7425E+00
 16  32  20  512  0.7168E+00
 16  32  20  512  0.7156E+00
 16  32  20  512  0.7155E+00
 16  32  20  512  0.7155E+00
