 16  16  3  256  0.2890E-03
 16  16  3  256  0.2589E-03
 16  16  3  256  0.2739E-03
 16  16  3  256  0.2420E-03
 16  16  3  256  0.2449E-03
 16  16  4  256  0.5062E-03
 16  16  4  256  0.4361E-03
 16  16  4  256  0.4120E-03
 16  16  4  256  0.4179E-03
 16  16  4  256  0.4060E-03
 16  16  5  256  0.8450E-03
 16  16  5  256  0.7920E-03
 16  16  5  256  0.6340E-03
 16  16  5  256  0.5951E-03
 16  16  5  256  0.5949E-03
 16  16  6  256  0.9739E-03
 16  16  6  256  0.9720E-03
 16  16  6  256  0.1003E-02
 16  16  6  256  0.9680E-03
 16  16  6  256  0.9480E-03
 16  16  7  256  0.1132E-02
 16  16  7  256  0.1115E-02
 16  16  7  256  0.1118E-02
 16  16  7  256  0.1110E-02
 16  16  7  256  0.1109E-02
 16  16  8  256  0.1783E-02
 16  16  8  256  0.1787E-02
 16  16  8  256  0.1766E-02
 16  16  8  256  0.1718E-02
 16  16  8  256  0.1714E-02
 16  16  9  256  0.2317E-02
 16  16  9  256  0.2377E-02
 16  16  9  256  0.2315E-02
 16  16  9  256  0.2301E-02
 16  16  9  256  0.2331E-02
 16  16  10  256  0.3459E-02
 16  16  10  256  0.3482E-02
 16  16  10  256  0.3511E-02
 16  16  10  256  0.3440E-02
 16  16  10  256  0.3521E-02
 16  16  11  256  0.4525E-02
 16  16  11  256  0.4575E-02
 16  16  11  256  0.4496E-02
 16  16  11  256  0.4518E-02
 16  16  11  256  0.4592E-02
 16  16  12  256  0.6386E-02
 16  16  12  256  0.6420E-02
 16  16  12  256  0.6377E-02
 16  16  12  256  0.6392E-02
 16  16  12  256  0.6442E-02
 16  16  13  256  0.7324E-02
 16  16  13  256  0.7320E-02
 16  16  13  256  0.7356E-02
 16  16  13  256  0.7312E-02
 16  16  13  256  0.7288E-02
 16  16  14  256  0.8931E-02
 16  16  14  256  0.9770E-02
 16  16  14  256  0.8945E-02
 16  16  14  256  0.8932E-02
 16  16  14  256  0.9319E-02
 16  16  15  256  0.1098E-01
 16  16  15  256  0.1189E-01
 16  16  15  256  0.1102E-01
 16  16  15  256  0.1145E-01
 16  16  15  256  0.1096E-01
 16  16  16  256  0.1548E-01
 16  16  16  256  0.1536E-01
 16  16  16  256  0.1535E-01
 16  16  16  256  0.1544E-01
 16  16  16  256  0.1567E-01
 16  16  17  256  0.1873E-01
 16  16  17  256  0.1856E-01
 16  16  17  256  0.1866E-01
 16  16  17  256  0.1853E-01
 16  16  17  256  0.1864E-01
 16  16  18  256  0.2240E-01
 16  16  18  256  0.2223E-01
 16  16  18  256  0.2225E-01
 16  16  18  256  0.2373E-01
 16  16  18  256  0.2256E-01
 16  16  19  256  0.2760E-01
 16  16  19  256  0.2753E-01
 16  16  19  256  0.2746E-01
 16  16  19  256  0.2762E-01
 16  16  19  256  0.2744E-01
 16  16  20  256  0.3566E-01
 16  16  20  256  0.3522E-01
 16  16  20  256  0.3699E-01
 16  16  20  256  0.3661E-01
 16  16  20  256  0.3552E-01
