 16  16  3  256  0.2441E-03
 16  16  3  256  0.2739E-03
 16  16  3  256  0.2248E-03
 16  16  3  256  0.2060E-03
 16  16  3  256  0.2000E-03
 16  16  4  256  0.2649E-03
 16  16  4  256  0.2351E-03
 16  16  4  256  0.2050E-03
 16  16  4  256  0.2041E-03
 16  16  4  256  0.2120E-03
 16  16  5  256  0.4761E-03
 16  16  5  256  0.3130E-03
 16  16  5  256  0.3378E-03
 16  16  5  256  0.2961E-03
 16  16  5  256  0.2899E-03
 16  16  6  256  0.6309E-03
 16  16  6  256  0.4799E-03
 16  16  6  256  0.6342E-03
 16  16  6  256  0.6602E-03
 16  16  6  256  0.4692E-03
 16  16  7  256  0.8738E-03
 16  16  7  256  0.7730E-03
 16  16  7  256  0.7319E-03
 16  16  7  256  0.7629E-03
 16  16  7  256  0.7598E-03
 16  16  8  256  0.5531E-03
 16  16  8  256  0.4299E-03
 16  16  8  256  0.4530E-03
 16  16  8  256  0.4151E-03
 16  16  8  256  0.4559E-03
 16  16  9  256  0.1068E-02
 16  16  9  256  0.9210E-03
 16  16  9  256  0.9232E-03
 16  16  9  256  0.9100E-03
 16  16  9  256  0.9220E-03
 16  16  10  256  0.1634E-02
 16  16  10  256  0.1468E-02
 16  16  10  256  0.1525E-02
 16  16  10  256  0.1464E-02
 16  16  10  256  0.1517E-02
 16  16  11  256  0.2241E-02
 16  16  11  256  0.2829E-02
 16  16  11  256  0.2420E-02
 16  16  11  256  0.2125E-02
 16  16  11  256  0.2107E-02
 16  16  12  256  0.1726E-02
 16  16  12  256  0.1594E-02
 16  16  12  256  0.1516E-02
 16  16  12  256  0.1572E-02
 16  16  12  256  0.1535E-02
 16  16  13  256  0.2817E-02
 16  16  13  256  0.2716E-02
 16  16  13  256  0.2714E-02
 16  16  13  256  0.2705E-02
 16  16  13  256  0.2654E-02
 16  16  14  256  0.3663E-02
 16  16  14  256  0.3402E-02
 16  16  14  256  0.3366E-02
 16  16  14  256  0.3386E-02
 16  16  14  256  0.3371E-02
 16  16  15  256  0.5471E-02
 16  16  15  256  0.4978E-02
 16  16  15  256  0.5454E-02
 16  16  15  256  0.5852E-02
 16  16  15  256  0.4949E-02
 16  16  16  256  0.3862E-02
 16  16  16  256  0.3599E-02
 16  16  16  256  0.3671E-02
 16  16  16  256  0.3713E-02
 16  16  16  256  0.3605E-02
 16  16  17  256  0.6674E-02
 16  16  17  256  0.6426E-02
 16  16  17  256  0.6488E-02
 16  16  17  256  0.6261E-02
 16  16  17  256  0.6456E-02
 16  16  18  256  0.7841E-02
 16  16  18  256  0.7364E-02
 16  16  18  256  0.7210E-02
 16  16  18  256  0.7175E-02
 16  16  18  256  0.7350E-02
 16  16  19  256  0.9258E-02
 16  16  19  256  0.9032E-02
 16  16  19  256  0.9036E-02
 16  16  19  256  0.9022E-02
 16  16  19  256  0.9011E-02
 16  16  20  256  0.7905E-02
 16  16  20  256  0.6809E-02
 16  16  20  256  0.7510E-02
 16  16  20  256  0.7025E-02
 16  16  20  256  0.6935E-02
