 16  64  3  1024  0.5250E-03
 16  64  3  1024  0.4718E-03
 16  64  3  1024  0.4270E-03
 16  64  3  1024  0.4380E-03
 16  64  3  1024  0.4070E-03
 16  64  4  1024  0.7551E-03
 16  64  4  1024  0.6540E-03
 16  64  4  1024  0.7520E-03
 16  64  4  1024  0.6909E-03
 16  64  4  1024  0.6649E-03
 16  64  5  1024  0.1055E-02
 16  64  5  1024  0.1076E-02
 16  64  5  1024  0.1150E-02
 16  64  5  1024  0.1123E-02
 16  64  5  1024  0.9880E-03
 16  64  6  1024  0.1458E-02
 16  64  6  1024  0.1527E-02
 16  64  6  1024  0.1382E-02
 16  64  6  1024  0.1585E-02
 16  64  6  1024  0.1475E-02
 16  64  7  1024  0.2075E-02
 16  64  7  1024  0.2183E-02
 16  64  7  1024  0.1997E-02
 16  64  7  1024  0.2023E-02
 16  64  7  1024  0.2043E-02
 16  64  8  1024  0.3071E-02
 16  64  8  1024  0.2903E-02
 16  64  8  1024  0.2939E-02
 16  64  8  1024  0.2856E-02
 16  64  8  1024  0.2886E-02
 16  64  9  1024  0.3825E-02
 16  64  9  1024  0.3811E-02
 16  64  9  1024  0.3777E-02
 16  64  9  1024  0.3767E-02
 16  64  9  1024  0.3745E-02
 16  64  10  1024  0.5458E-02
 16  64  10  1024  0.5329E-02
 16  64  10  1024  0.5419E-02
 16  64  10  1024  0.5385E-02
 16  64  10  1024  0.5550E-02
 16  64  11  1024  0.7107E-02
 16  64  11  1024  0.7004E-02
 16  64  11  1024  0.6978E-02
 16  64  11  1024  0.7370E-02
 16  64  11  1024  0.7092E-02
 16  64  12  1024  0.9157E-02
 16  64  12  1024  0.9105E-02
 16  64  12  1024  0.9145E-02
 16  64  12  1024  0.9244E-02
 16  64  12  1024  0.9124E-02
 16  64  13  1024  0.1090E-01
 16  64  13  1024  0.1091E-01
 16  64  13  1024  0.1106E-01
 16  64  13  1024  0.1081E-01
 16  64  13  1024  0.1115E-01
 16  64  14  1024  0.1300E-01
 16  64  14  1024  0.1312E-01
 16  64  14  1024  0.1308E-01
 16  64  14  1024  0.1311E-01
 16  64  14  1024  0.1298E-01
 16  64  15  1024  0.1673E-01
 16  64  15  1024  0.1675E-01
 16  64  15  1024  0.1680E-01
 16  64  15  1024  0.1675E-01
 16  64  15  1024  0.1670E-01
 16  64  16  1024  0.2127E-01
 16  64  16  1024  0.2124E-01
 16  64  16  1024  0.2148E-01
 16  64  16  1024  0.2121E-01
 16  64  16  1024  0.2178E-01
 16  64  17  1024  0.2751E-01
 16  64  17  1024  0.2744E-01
 16  64  17  1024  0.2760E-01
 16  64  17  1024  0.2757E-01
 16  64  17  1024  0.2741E-01
 16  64  18  1024  0.3201E-01
 16  64  18  1024  0.3269E-01
 16  64  18  1024  0.3215E-01
 16  64  18  1024  0.3192E-01
 16  64  18  1024  0.3182E-01
 16  64  19  1024  0.4023E-01
 16  64  19  1024  0.4012E-01
 16  64  19  1024  0.4024E-01
 16  64  19  1024  0.4053E-01
 16  64  19  1024  0.4048E-01
 16  64  20  1024  0.4839E-01
 16  64  20  1024  0.4857E-01
 16  64  20  1024  0.4851E-01
 16  64  20  1024  0.4854E-01
 16  64  20  1024  0.4896E-01
