 16  16  3  256  0.2160E-03
 16  16  3  256  0.1810E-03
 16  16  3  256  0.1781E-03
 16  16  3  256  0.1731E-03
 16  16  3  256  0.2000E-03
 16  16  4  256  0.2151E-03
 16  16  4  256  0.1791E-03
 16  16  4  256  0.1512E-03
 16  16  4  256  0.1390E-03
 16  16  4  256  0.1771E-03
 16  16  5  256  0.3090E-03
 16  16  5  256  0.2568E-03
 16  16  5  256  0.2499E-03
 16  16  5  256  0.3409E-03
 16  16  5  256  0.3281E-03
 16  16  6  256  0.4780E-03
 16  16  6  256  0.4239E-03
 16  16  6  256  0.5801E-03
 16  16  6  256  0.6232E-03
 16  16  6  256  0.4249E-03
 16  16  7  256  0.7329E-03
 16  16  7  256  0.7100E-03
 16  16  7  256  0.6740E-03
 16  16  7  256  0.6981E-03
 16  16  7  256  0.7029E-03
 16  16  8  256  0.3800E-03
 16  16  8  256  0.3560E-03
 16  16  8  256  0.3550E-03
 16  16  8  256  0.3481E-03
 16  16  8  256  0.3529E-03
 16  16  9  256  0.9310E-03
 16  16  9  256  0.9110E-03
 16  16  9  256  0.8941E-03
 16  16  9  256  0.8960E-03
 16  16  9  256  0.8891E-03
 16  16  10  256  0.1438E-02
 16  16  10  256  0.1402E-02
 16  16  10  256  0.1490E-02
 16  16  10  256  0.1456E-02
 16  16  10  256  0.1471E-02
 16  16  11  256  0.2132E-02
 16  16  11  256  0.2196E-02
 16  16  11  256  0.2113E-02
 16  16  11  256  0.2114E-02
 16  16  11  256  0.2102E-02
 16  16  12  256  0.1480E-02
 16  16  12  256  0.1532E-02
 16  16  12  256  0.1495E-02
 16  16  12  256  0.1502E-02
 16  16  12  256  0.1544E-02
 16  16  13  256  0.2676E-02
 16  16  13  256  0.2702E-02
 16  16  13  256  0.2710E-02
 16  16  13  256  0.2796E-02
 16  16  13  256  0.2739E-02
 16  16  14  256  0.3391E-02
 16  16  14  256  0.3415E-02
 16  16  14  256  0.3367E-02
 16  16  14  256  0.3976E-02
 16  16  14  256  0.3405E-02
 16  16  15  256  0.4954E-02
 16  16  15  256  0.4936E-02
 16  16  15  256  0.5228E-02
 16  16  15  256  0.5150E-02
 16  16  15  256  0.4976E-02
 16  16  16  256  0.3535E-02
 16  16  16  256  0.3601E-02
 16  16  16  256  0.3599E-02
 16  16  16  256  0.3540E-02
 16  16  16  256  0.3537E-02
 16  16  17  256  0.6304E-02
 16  16  17  256  0.6460E-02
 16  16  17  256  0.6437E-02
 16  16  17  256  0.6329E-02
 16  16  17  256  0.6412E-02
 16  16  18  256  0.7206E-02
 16  16  18  256  0.7211E-02
 16  16  18  256  0.7290E-02
 16  16  18  256  0.7271E-02
 16  16  18  256  0.7201E-02
 16  16  19  256  0.9088E-02
 16  16  19  256  0.9103E-02
 16  16  19  256  0.9098E-02
 16  16  19  256  0.9075E-02
 16  16  19  256  0.9191E-02
 16  16  20  256  0.7063E-02
 16  16  20  256  0.6956E-02
 16  16  20  256  0.7017E-02
 16  16  20  256  0.6992E-02
 16  16  20  256  0.6944E-02
