nelt np nx1 elements time
 16  2  3  32  0.5482E-02
 16  2  3  32  0.4977E-02
 16  2  3  32  0.4816E-02
 16  2  3  32  0.4737E-02
 16  2  3  32  0.4773E-02
 16  2  4  32  0.7950E-02
 16  2  4  32  0.7748E-02
 16  2  4  32  0.7560E-02
 16  2  4  32  0.7555E-02
 16  2  4  32  0.7505E-02
 16  2  5  32  0.1262E-01
 16  2  5  32  0.1098E-01
 16  2  5  32  0.1100E-01
 16  2  5  32  0.1118E-01
 16  2  5  32  0.1104E-01
 16  2  6  32  0.1975E-01
 16  2  6  32  0.1732E-01
 16  2  6  32  0.1722E-01
 16  2  6  32  0.1709E-01
 16  2  6  32  0.1725E-01
 16  2  7  32  0.2554E-01
 16  2  7  32  0.2462E-01
 16  2  7  32  0.2466E-01
 16  2  7  32  0.2475E-01
 16  2  7  32  0.2474E-01
 16  2  8  32  0.3391E-01
 16  2  8  32  0.3250E-01
 16  2  8  32  0.3258E-01
 16  2  8  32  0.3233E-01
 16  2  8  32  0.3250E-01
 16  2  9  32  0.5356E-01
 16  2  9  32  0.5182E-01
 16  2  9  32  0.5184E-01
 16  2  9  32  0.5192E-01
 16  2  9  32  0.5194E-01
 16  2  10  32  0.6969E-01
 16  2  10  32  0.6775E-01
 16  2  10  32  0.6782E-01
 16  2  10  32  0.7040E-01
 16  2  10  32  0.7043E-01
 16  2  11  32  0.9267E-01
 16  2  11  32  0.9020E-01
 16  2  11  32  0.8972E-01
 16  2  11  32  0.8977E-01
 16  2  11  32  0.9001E-01
 16  2  12  32  0.1127E+00
 16  2  12  32  0.1091E+00
 16  2  12  32  0.1090E+00
 16  2  12  32  0.1091E+00
 16  2  12  32  0.1097E+00
 16  2  13  32  0.1508E+00
 16  2  13  32  0.1455E+00
 16  2  13  32  0.1448E+00
 16  2  13  32  0.1429E+00
 16  2  13  32  0.1427E+00
 16  2  14  32  0.1784E+00
 16  2  14  32  0.1724E+00
 16  2  14  32  0.1726E+00
 16  2  14  32  0.1723E+00
 16  2  14  32  0.1733E+00
 16  2  15  32  0.2211E+00
 16  2  15  32  0.2135E+00
 16  2  15  32  0.2135E+00
 16  2  15  32  0.2135E+00
 16  2  15  32  0.2136E+00
 16  2  16  32  0.2593E+00
 16  2  16  32  0.2499E+00
 16  2  16  32  0.2497E+00
 16  2  16  32  0.2499E+00
 16  2  16  32  0.2497E+00
 16  2  17  32  0.3765E+00
 16  2  17  32  0.3655E+00
 16  2  17  32  0.3650E+00
 16  2  17  32  0.3651E+00
 16  2  17  32  0.3650E+00
 16  2  18  32  0.4332E+00
 16  2  18  32  0.4211E+00
 16  2  18  32  0.4218E+00
 16  2  18  32  0.4219E+00
 16  2  18  32  0.4211E+00
 16  2  19  32  0.5464E+00
 16  2  19  32  0.5288E+00
 16  2  19  32  0.5285E+00
 16  2  19  32  0.5269E+00
 16  2  19  32  0.5274E+00
 16  2  20  32  0.6242E+00
 16  2  20  32  0.6041E+00
 16  2  20  32  0.6060E+00
 16  2  20  32  0.6055E+00
 16  2  20  32  0.6046E+00
