 16  1  3  16  0.1721E-03
 16  1  3  16  0.1299E-03
 16  1  3  16  0.1321E-03
 16  1  3  16  0.1290E-03
 16  1  3  16  0.1299E-03
 16  1  4  16  0.1020E-03
 16  1  4  16  0.9489E-04
 16  1  4  16  0.9012E-04
 16  1  4  16  0.1121E-03
 16  1  4  16  0.9704E-04
 16  1  5  16  0.2589E-03
 16  1  5  16  0.2179E-03
 16  1  5  16  0.2141E-03
 16  1  5  16  0.2360E-03
 16  1  5  16  0.2210E-03
 16  1  6  16  0.4010E-03
 16  1  6  16  0.3910E-03
 16  1  6  16  0.3691E-03
 16  1  6  16  0.3998E-03
 16  1  6  16  0.3629E-03
 16  1  7  16  0.7019E-03
 16  1  7  16  0.7010E-03
 16  1  7  16  0.6869E-03
 16  1  7  16  0.6530E-03
 16  1  7  16  0.6790E-03
 16  1  8  16  0.2871E-03
 16  1  8  16  0.3140E-03
 16  1  8  16  0.2708E-03
 16  1  8  16  0.2649E-03
 16  1  8  16  0.2689E-03
 16  1  9  16  0.8581E-03
 16  1  9  16  0.8521E-03
 16  1  9  16  0.8471E-03
 16  1  9  16  0.8430E-03
 16  1  9  16  0.8452E-03
 16  1  10  16  0.1364E-02
 16  1  10  16  0.1348E-02
 16  1  10  16  0.1354E-02
 16  1  10  16  0.1343E-02
 16  1  10  16  0.1345E-02
 16  1  11  16  0.1920E-02
 16  1  11  16  0.1909E-02
 16  1  11  16  0.1903E-02
 16  1  11  16  0.1915E-02
 16  1  11  16  0.1899E-02
 16  1  12  16  0.1433E-02
 16  1  12  16  0.1378E-02
 16  1  12  16  0.1412E-02
 16  1  12  16  0.1365E-02
 16  1  12  16  0.1414E-02
 16  1  13  16  0.2413E-02
 16  1  13  16  0.2422E-02
 16  1  13  16  0.2474E-02
 16  1  13  16  0.2428E-02
 16  1  13  16  0.2456E-02
 16  1  14  16  0.3159E-02
 16  1  14  16  0.3124E-02
 16  1  14  16  0.3115E-02
 16  1  14  16  0.3145E-02
 16  1  14  16  0.3429E-02
 16  1  15  16  0.4590E-02
 16  1  15  16  0.4597E-02
 16  1  15  16  0.4627E-02
 16  1  15  16  0.4612E-02
 16  1  15  16  0.4578E-02
 16  1  16  16  0.3147E-02
 16  1  16  16  0.3105E-02
 16  1  16  16  0.3143E-02
 16  1  16  16  0.3137E-02
 16  1  16  16  0.3112E-02
 16  1  17  16  0.5563E-02
 16  1  17  16  0.5477E-02
 16  1  17  16  0.5497E-02
 16  1  17  16  0.5463E-02
 16  1  17  16  0.5452E-02
 16  1  18  16  0.6770E-02
 16  1  18  16  0.6781E-02
 16  1  18  16  0.6756E-02
 16  1  18  16  0.6755E-02
 16  1  18  16  0.6705E-02
 16  1  19  16  0.8647E-02
 16  1  19  16  0.8664E-02
 16  1  19  16  0.8584E-02
 16  1  19  16  0.8615E-02
 16  1  19  16  0.8627E-02
 16  1  20  16  0.6349E-02
 16  1  20  16  0.6266E-02
 16  1  20  16  0.6326E-02
 16  1  20  16  0.6278E-02
 16  1  20  16  0.6273E-02
