 16  32  3  512  0.3321E-03
 16  32  3  512  0.2980E-03
 16  32  3  512  0.3159E-03
 16  32  3  512  0.2930E-03
 16  32  3  512  0.2921E-03
 16  32  4  512  0.5372E-03
 16  32  4  512  0.5112E-03
 16  32  4  512  0.4821E-03
 16  32  4  512  0.4840E-03
 16  32  4  512  0.5150E-03
 16  32  5  512  0.7858E-03
 16  32  5  512  0.7820E-03
 16  32  5  512  0.7131E-03
 16  32  5  512  0.7329E-03
 16  32  5  512  0.7150E-03
 16  32  6  512  0.1258E-02
 16  32  6  512  0.1039E-02
 16  32  6  512  0.1027E-02
 16  32  6  512  0.9961E-03
 16  32  6  512  0.9949E-03
 16  32  7  512  0.1839E-02
 16  32  7  512  0.1639E-02
 16  32  7  512  0.1619E-02
 16  32  7  512  0.1846E-02
 16  32  7  512  0.2019E-02
 16  32  8  512  0.2476E-02
 16  32  8  512  0.2386E-02
 16  32  8  512  0.2451E-02
 16  32  8  512  0.2398E-02
 16  32  8  512  0.2394E-02
 16  32  9  512  0.3367E-02
 16  32  9  512  0.3209E-02
 16  32  9  512  0.3185E-02
 16  32  9  512  0.3251E-02
 16  32  9  512  0.3196E-02
 16  32  10  512  0.4422E-02
 16  32  10  512  0.4412E-02
 16  32  10  512  0.4450E-02
 16  32  10  512  0.4379E-02
 16  32  10  512  0.4445E-02
 16  32  11  512  0.5923E-02
 16  32  11  512  0.5926E-02
 16  32  11  512  0.5881E-02
 16  32  11  512  0.5843E-02
 16  32  11  512  0.5953E-02
 16  32  12  512  0.8163E-02
 16  32  12  512  0.8254E-02
 16  32  12  512  0.8254E-02
 16  32  12  512  0.8121E-02
 16  32  12  512  0.8259E-02
 16  32  13  512  0.9267E-02
 16  32  13  512  0.9139E-02
 16  32  13  512  0.9396E-02
 16  32  13  512  0.9338E-02
 16  32  13  512  0.9416E-02
 16  32  14  512  0.1103E-01
 16  32  14  512  0.1097E-01
 16  32  14  512  0.1109E-01
 16  32  14  512  0.1118E-01
 16  32  14  512  0.1098E-01
 16  32  15  512  0.1417E-01
 16  32  15  512  0.1403E-01
 16  32  15  512  0.1391E-01
 16  32  15  512  0.1387E-01
 16  32  15  512  0.1390E-01
 16  32  16  512  0.1832E-01
 16  32  16  512  0.1836E-01
 16  32  16  512  0.1818E-01
 16  32  16  512  0.1827E-01
 16  32  16  512  0.1828E-01
 16  32  17  512  0.2275E-01
 16  32  17  512  0.2287E-01
 16  32  17  512  0.2294E-01
 16  32  17  512  0.2291E-01
 16  32  17  512  0.2286E-01
 16  32  18  512  0.2650E-01
 16  32  18  512  0.2656E-01
 16  32  18  512  0.2653E-01
 16  32  18  512  0.2649E-01
 16  32  18  512  0.2655E-01
 16  32  19  512  0.3286E-01
 16  32  19  512  0.3295E-01
 16  32  19  512  0.3362E-01
 16  32  19  512  0.3290E-01
 16  32  19  512  0.3340E-01
 16  32  20  512  0.4181E-01
 16  32  20  512  0.4149E-01
 16  32  20  512  0.4166E-01
 16  32  20  512  0.4160E-01
 16  32  20  512  0.4166E-01
