 16  4  3  64  0.2038E-03
 16  4  3  64  0.2229E-03
 16  4  3  64  0.1969E-03
 16  4  3  64  0.1919E-03
 16  4  3  64  0.1910E-03
 16  4  4  64  0.3569E-03
 16  4  4  64  0.3631E-03
 16  4  4  64  0.3319E-03
 16  4  4  64  0.3262E-03
 16  4  4  64  0.3259E-03
 16  4  5  64  0.5569E-03
 16  4  5  64  0.5531E-03
 16  4  5  64  0.5128E-03
 16  4  5  64  0.5319E-03
 16  4  5  64  0.5012E-03
 16  4  6  64  0.7610E-03
 16  4  6  64  0.6881E-03
 16  4  6  64  0.7071E-03
 16  4  6  64  0.7291E-03
 16  4  6  64  0.6850E-03
 16  4  7  64  0.1085E-02
 16  4  7  64  0.1051E-02
 16  4  7  64  0.1065E-02
 16  4  7  64  0.1071E-02
 16  4  7  64  0.1042E-02
 16  4  8  64  0.1634E-02
 16  4  8  64  0.1622E-02
 16  4  8  64  0.1663E-02
 16  4  8  64  0.1704E-02
 16  4  8  64  0.1659E-02
 16  4  9  64  0.2205E-02
 16  4  9  64  0.2243E-02
 16  4  9  64  0.2213E-02
 16  4  9  64  0.2198E-02
 16  4  9  64  0.2238E-02
 16  4  10  64  0.3345E-02
 16  4  10  64  0.3389E-02
 16  4  10  64  0.3303E-02
 16  4  10  64  0.3352E-02
 16  4  10  64  0.3315E-02
 16  4  11  64  0.4473E-02
 16  4  11  64  0.4419E-02
 16  4  11  64  0.4486E-02
 16  4  11  64  0.4422E-02
 16  4  11  64  0.4508E-02
 16  4  12  64  0.6093E-02
 16  4  12  64  0.6169E-02
 16  4  12  64  0.6078E-02
 16  4  12  64  0.6112E-02
 16  4  12  64  0.6100E-02
 16  4  13  64  0.6989E-02
 16  4  13  64  0.6958E-02
 16  4  13  64  0.6889E-02
 16  4  13  64  0.7044E-02
 16  4  13  64  0.6929E-02
 16  4  14  64  0.8490E-02
 16  4  14  64  0.8493E-02
 16  4  14  64  0.8540E-02
 16  4  14  64  0.8439E-02
 16  4  14  64  0.8465E-02
 16  4  15  64  0.1044E-01
 16  4  15  64  0.1043E-01
 16  4  15  64  0.1049E-01
 16  4  15  64  0.1039E-01
 16  4  15  64  0.1045E-01
 16  4  16  64  0.1464E-01
 16  4  16  64  0.1465E-01
 16  4  16  64  0.1467E-01
 16  4  16  64  0.1473E-01
 16  4  16  64  0.1461E-01
 16  4  17  64  0.1804E-01
 16  4  17  64  0.1804E-01
 16  4  17  64  0.1794E-01
 16  4  17  64  0.1788E-01
 16  4  17  64  0.1792E-01
 16  4  18  64  0.2165E-01
 16  4  18  64  0.2154E-01
 16  4  18  64  0.2197E-01
 16  4  18  64  0.2156E-01
 16  4  18  64  0.2159E-01
 16  4  19  64  0.2656E-01
 16  4  19  64  0.2660E-01
 16  4  19  64  0.2651E-01
 16  4  19  64  0.2643E-01
 16  4  19  64  0.2648E-01
 16  4  20  64  0.3448E-01
 16  4  20  64  0.3396E-01
 16  4  20  64  0.3397E-01
 16  4  20  64  0.3393E-01
 16  4  20  64  0.3393E-01
