 16  32  3  512  0.2651E-03
 16  32  3  512  0.2022E-03
 16  32  3  512  0.2229E-03
 16  32  3  512  0.1819E-03
 16  32  3  512  0.1781E-03
 16  32  4  512  0.3190E-03
 16  32  4  512  0.2038E-03
 16  32  4  512  0.2270E-03
 16  32  4  512  0.2320E-03
 16  32  4  512  0.2010E-03
 16  32  5  512  0.5150E-03
 16  32  5  512  0.3719E-03
 16  32  5  512  0.3750E-03
 16  32  5  512  0.3459E-03
 16  32  5  512  0.3350E-03
 16  32  6  512  0.6170E-03
 16  32  6  512  0.6208E-03
 16  32  6  512  0.6740E-03
 16  32  6  512  0.5701E-03
 16  32  6  512  0.5128E-03
 16  32  7  512  0.9670E-03
 16  32  7  512  0.8669E-03
 16  32  7  512  0.8380E-03
 16  32  7  512  0.8299E-03
 16  32  7  512  0.8471E-03
 16  32  8  512  0.6230E-03
 16  32  8  512  0.4349E-03
 16  32  8  512  0.4780E-03
 16  32  8  512  0.4289E-03
 16  32  8  512  0.4280E-03
 16  32  9  512  0.1147E-02
 16  32  9  512  0.1023E-02
 16  32  9  512  0.1028E-02
 16  32  9  512  0.1115E-02
 16  32  9  512  0.1039E-02
 16  32  10  512  0.1699E-02
 16  32  10  512  0.1498E-02
 16  32  10  512  0.1582E-02
 16  32  10  512  0.1517E-02
 16  32  10  512  0.1588E-02
 16  32  11  512  0.2725E-02
 16  32  11  512  0.2150E-02
 16  32  11  512  0.2414E-02
 16  32  11  512  0.2452E-02
 16  32  11  512  0.2185E-02
 16  32  12  512  0.2010E-02
 16  32  12  512  0.1667E-02
 16  32  12  512  0.1672E-02
 16  32  12  512  0.1614E-02
 16  32  12  512  0.1638E-02
 16  32  13  512  0.3054E-02
 16  32  13  512  0.2886E-02
 16  32  13  512  0.2818E-02
 16  32  13  512  0.2810E-02
 16  32  13  512  0.2821E-02
 16  32  14  512  0.3524E-02
 16  32  14  512  0.3583E-02
 16  32  14  512  0.3601E-02
 16  32  14  512  0.3600E-02
 16  32  14  512  0.3589E-02
 16  32  15  512  0.5603E-02
 16  32  15  512  0.5283E-02
 16  32  15  512  0.5361E-02
 16  32  15  512  0.5339E-02
 16  32  15  512  0.5232E-02
 16  32  16  512  0.4492E-02
 16  32  16  512  0.3987E-02
 16  32  16  512  0.3990E-02
 16  32  16  512  0.3993E-02
 16  32  16  512  0.3959E-02
 16  32  17  512  0.7636E-02
 16  32  17  512  0.7322E-02
 16  32  17  512  0.7341E-02
 16  32  17  512  0.7319E-02
 16  32  17  512  0.7481E-02
 16  32  18  512  0.8034E-02
 16  32  18  512  0.7654E-02
 16  32  18  512  0.7802E-02
 16  32  18  512  0.7700E-02
 16  32  18  512  0.7716E-02
 16  32  19  512  0.1023E-01
 16  32  19  512  0.9679E-02
 16  32  19  512  0.9733E-02
 16  32  19  512  0.9766E-02
 16  32  19  512  0.9775E-02
 16  32  20  512  0.8404E-02
 16  32  20  512  0.7584E-02
 16  32  20  512  0.7658E-02
 16  32  20  512  0.7717E-02
 16  32  20  512  0.7705E-02
