 16  64  3  1024  0.2429E-03
 16  64  3  1024  0.2420E-03
 16  64  3  1024  0.2410E-03
 16  64  3  1024  0.2630E-03
 16  64  3  1024  0.2339E-03
 16  64  4  1024  0.2279E-03
 16  64  4  1024  0.1850E-03
 16  64  4  1024  0.1879E-03
 16  64  4  1024  0.1910E-03
 16  64  4  1024  0.1690E-03
 16  64  5  1024  0.5028E-03
 16  64  5  1024  0.3941E-03
 16  64  5  1024  0.4141E-03
 16  64  5  1024  0.4251E-03
 16  64  5  1024  0.3991E-03
 16  64  6  1024  0.6380E-03
 16  64  6  1024  0.5751E-03
 16  64  6  1024  0.5941E-03
 16  64  6  1024  0.6049E-03
 16  64  6  1024  0.5980E-03
 16  64  7  1024  0.1110E-02
 16  64  7  1024  0.1260E-02
 16  64  7  1024  0.9282E-03
 16  64  7  1024  0.9389E-03
 16  64  7  1024  0.9210E-03
 16  64  8  1024  0.6170E-03
 16  64  8  1024  0.5410E-03
 16  64  8  1024  0.5929E-03
 16  64  8  1024  0.5941E-03
 16  64  8  1024  0.5410E-03
 16  64  9  1024  0.1154E-02
 16  64  9  1024  0.1142E-02
 16  64  9  1024  0.1349E-02
 16  64  9  1024  0.1161E-02
 16  64  9  1024  0.1329E-02
 16  64  10  1024  0.1855E-02
 16  64  10  1024  0.1855E-02
 16  64  10  1024  0.2011E-02
 16  64  10  1024  0.1862E-02
 16  64  10  1024  0.1851E-02
 16  64  11  1024  0.2645E-02
 16  64  11  1024  0.2549E-02
 16  64  11  1024  0.2543E-02
 16  64  11  1024  0.2986E-02
 16  64  11  1024  0.2511E-02
 16  64  12  1024  0.2006E-02
 16  64  12  1024  0.2063E-02
 16  64  12  1024  0.2092E-02
 16  64  12  1024  0.2076E-02
 16  64  12  1024  0.2326E-02
 16  64  13  1024  0.3837E-02
 16  64  13  1024  0.3683E-02
 16  64  13  1024  0.3700E-02
 16  64  13  1024  0.3798E-02
 16  64  13  1024  0.3642E-02
 16  64  14  1024  0.4262E-02
 16  64  14  1024  0.4400E-02
 16  64  14  1024  0.4323E-02
 16  64  14  1024  0.4386E-02
 16  64  14  1024  0.4319E-02
 16  64  15  1024  0.6992E-02
 16  64  15  1024  0.6746E-02
 16  64  15  1024  0.6685E-02
 16  64  15  1024  0.6890E-02
 16  64  15  1024  0.6600E-02
 16  64  16  1024  0.5323E-02
 16  64  16  1024  0.5484E-02
 16  64  16  1024  0.5649E-02
 16  64  16  1024  0.5536E-02
 16  64  16  1024  0.5534E-02
 16  64  17  1024  0.8556E-02
 16  64  17  1024  0.8490E-02
 16  64  17  1024  0.8598E-02
 16  64  17  1024  0.8631E-02
 16  64  17  1024  0.8421E-02
 16  64  18  1024  0.9581E-02
 16  64  18  1024  0.9541E-02
 16  64  18  1024  0.9644E-02
 16  64  18  1024  0.9592E-02
 16  64  18  1024  0.9460E-02
 16  64  19  1024  0.1161E-01
 16  64  19  1024  0.1210E-01
 16  64  19  1024  0.1189E-01
 16  64  19  1024  0.1187E-01
 16  64  19  1024  0.1206E-01
 16  64  20  1024  0.9562E-02
 16  64  20  1024  0.9902E-02
 16  64  20  1024  0.9891E-02
 16  64  20  1024  0.9907E-02
 16  64  20  1024  0.9762E-02
