nelt np nx1 elements time
 16  4  3  64  0.8377E-02
 16  4  3  64  0.8146E-02
 16  4  3  64  0.7953E-02
 16  4  3  64  0.7887E-02
 16  4  3  64  0.8037E-02
 16  4  4  64  0.9035E-02
 16  4  4  64  0.8621E-02
 16  4  4  64  0.8554E-02
 16  4  4  64  0.8612E-02
 16  4  4  64  0.8524E-02
 16  4  5  64  0.1428E-01
 16  4  5  64  0.1220E-01
 16  4  5  64  0.1216E-01
 16  4  5  64  0.1202E-01
 16  4  5  64  0.1224E-01
 16  4  6  64  0.1947E-01
 16  4  6  64  0.1805E-01
 16  4  6  64  0.1780E-01
 16  4  6  64  0.1775E-01
 16  4  6  64  0.1787E-01
 16  4  7  64  0.2798E-01
 16  4  7  64  0.2651E-01
 16  4  7  64  0.2646E-01
 16  4  7  64  0.2609E-01
 16  4  7  64  0.2639E-01
 16  4  8  64  0.3432E-01
 16  4  8  64  0.3367E-01
 16  4  8  64  0.3663E-01
 16  4  8  64  0.3647E-01
 16  4  8  64  0.3656E-01
 16  4  9  64  0.5416E-01
 16  4  9  64  0.5216E-01
 16  4  9  64  0.5197E-01
 16  4  9  64  0.5228E-01
 16  4  9  64  0.5185E-01
 16  4  10  64  0.7354E-01
 16  4  10  64  0.6834E-01
 16  4  10  64  0.6863E-01
 16  4  10  64  0.6857E-01
 16  4  10  64  0.6843E-01
 16  4  11  64  0.9404E-01
 16  4  11  64  0.9123E-01
 16  4  11  64  0.9162E-01
 16  4  11  64  0.9124E-01
 16  4  11  64  0.9141E-01
 16  4  12  64  0.1144E+00
 16  4  12  64  0.1105E+00
 16  4  12  64  0.1105E+00
 16  4  12  64  0.1105E+00
 16  4  12  64  0.1102E+00
 16  4  13  64  0.1500E+00
 16  4  13  64  0.1443E+00
 16  4  13  64  0.1443E+00
 16  4  13  64  0.1444E+00
 16  4  13  64  0.1446E+00
 16  4  14  64  0.1815E+00
 16  4  14  64  0.1752E+00
 16  4  14  64  0.1753E+00
 16  4  14  64  0.1754E+00
 16  4  14  64  0.1755E+00
 16  4  15  64  0.2250E+00
 16  4  15  64  0.2166E+00
 16  4  15  64  0.2162E+00
 16  4  15  64  0.2162E+00
 16  4  15  64  0.2166E+00
 16  4  16  64  0.2624E+00
 16  4  16  64  0.2515E+00
 16  4  16  64  0.2516E+00
 16  4  16  64  0.2515E+00
 16  4  16  64  0.2515E+00
 16  4  17  64  0.3793E+00
 16  4  17  64  0.3676E+00
 16  4  17  64  0.3687E+00
 16  4  17  64  0.3693E+00
 16  4  17  64  0.3673E+00
 16  4  18  64  0.4387E+00
 16  4  18  64  0.4252E+00
 16  4  18  64  0.4253E+00
 16  4  18  64  0.4252E+00
 16  4  18  64  0.4254E+00
 16  4  19  64  0.5486E+00
 16  4  19  64  0.5336E+00
 16  4  19  64  0.5328E+00
 16  4  19  64  0.5334E+00
 16  4  19  64  0.5323E+00
 16  4  20  64  0.6418E+00
 16  4  20  64  0.6224E+00
 16  4  20  64  0.6217E+00
 16  4  20  64  0.6234E+00
 16  4  20  64  0.6223E+00
