 16  2  3  32  0.2160E-03
 16  2  3  32  0.2060E-03
 16  2  3  32  0.1581E-03
 16  2  3  32  0.1550E-03
 16  2  3  32  0.1509E-03
 16  2  4  32  0.2208E-03
 16  2  4  32  0.1328E-03
 16  2  4  32  0.1380E-03
 16  2  4  32  0.1302E-03
 16  2  4  32  0.1500E-03
 16  2  5  32  0.3581E-03
 16  2  5  32  0.2761E-03
 16  2  5  32  0.2689E-03
 16  2  5  32  0.2692E-03
 16  2  5  32  0.2780E-03
 16  2  6  32  0.5291E-03
 16  2  6  32  0.4458E-03
 16  2  6  32  0.4051E-03
 16  2  6  32  0.3989E-03
 16  2  6  32  0.3960E-03
 16  2  7  32  0.8340E-03
 16  2  7  32  0.7710E-03
 16  2  7  32  0.7420E-03
 16  2  7  32  0.7200E-03
 16  2  7  32  0.7429E-03
 16  2  8  32  0.4470E-03
 16  2  8  32  0.4129E-03
 16  2  8  32  0.4079E-03
 16  2  8  32  0.4110E-03
 16  2  8  32  0.4401E-03
 16  2  9  32  0.9859E-03
 16  2  9  32  0.9470E-03
 16  2  9  32  0.9432E-03
 16  2  9  32  0.9470E-03
 16  2  9  32  0.9489E-03
 16  2  10  32  0.1460E-02
 16  2  10  32  0.1485E-02
 16  2  10  32  0.1459E-02
 16  2  10  32  0.1487E-02
 16  2  10  32  0.1463E-02
 16  2  11  32  0.2092E-02
 16  2  11  32  0.2091E-02
 16  2  11  32  0.2093E-02
 16  2  11  32  0.2074E-02
 16  2  11  32  0.2111E-02
 16  2  12  32  0.1554E-02
 16  2  12  32  0.1508E-02
 16  2  12  32  0.1486E-02
 16  2  12  32  0.1482E-02
 16  2  12  32  0.1519E-02
 16  2  13  32  0.2614E-02
 16  2  13  32  0.2566E-02
 16  2  13  32  0.2560E-02
 16  2  13  32  0.2568E-02
 16  2  13  32  0.2520E-02
 16  2  14  32  0.3284E-02
 16  2  14  32  0.3333E-02
 16  2  14  32  0.3305E-02
 16  2  14  32  0.3287E-02
 16  2  14  32  0.3319E-02
 16  2  15  32  0.4787E-02
 16  2  15  32  0.4785E-02
 16  2  15  32  0.4779E-02
 16  2  15  32  0.4923E-02
 16  2  15  32  0.4804E-02
 16  2  16  32  0.3353E-02
 16  2  16  32  0.3342E-02
 16  2  16  32  0.3339E-02
 16  2  16  32  0.3331E-02
 16  2  16  32  0.3314E-02
 16  2  17  32  0.5783E-02
 16  2  17  32  0.5723E-02
 16  2  17  32  0.5704E-02
 16  2  17  32  0.5704E-02
 16  2  17  32  0.5709E-02
 16  2  18  32  0.6949E-02
 16  2  18  32  0.6939E-02
 16  2  18  32  0.6935E-02
 16  2  18  32  0.6944E-02
 16  2  18  32  0.6989E-02
 16  2  19  32  0.8820E-02
 16  2  19  32  0.8754E-02
 16  2  19  32  0.8711E-02
 16  2  19  32  0.8735E-02
 16  2  19  32  0.8775E-02
 16  2  20  32  0.6481E-02
 16  2  20  32  0.6451E-02
 16  2  20  32  0.6510E-02
 16  2  20  32  0.6428E-02
 16  2  20  32  0.6459E-02
