 16  4  3  64  0.1471E-03
 16  4  3  64  0.1600E-03
 16  4  3  64  0.1390E-03
 16  4  3  64  0.1380E-03
 16  4  3  64  0.1371E-03
 16  4  4  64  0.1240E-03
 16  4  4  64  0.1149E-03
 16  4  4  64  0.1118E-03
 16  4  4  64  0.1230E-03
 16  4  4  64  0.1340E-03
 16  4  5  64  0.2720E-03
 16  4  5  64  0.2441E-03
 16  4  5  64  0.2458E-03
 16  4  5  64  0.2420E-03
 16  4  5  64  0.2370E-03
 16  4  6  64  0.4768E-03
 16  4  6  64  0.4048E-03
 16  4  6  64  0.4251E-03
 16  4  6  64  0.3932E-03
 16  4  6  64  0.4170E-03
 16  4  7  64  0.7520E-03
 16  4  7  64  0.7229E-03
 16  4  7  64  0.7150E-03
 16  4  7  64  0.6762E-03
 16  4  7  64  0.6518E-03
 16  4  8  64  0.4301E-03
 16  4  8  64  0.3629E-03
 16  4  8  64  0.4129E-03
 16  4  8  64  0.3350E-03
 16  4  8  64  0.4091E-03
 16  4  9  64  0.9089E-03
 16  4  9  64  0.9139E-03
 16  4  9  64  0.9160E-03
 16  4  9  64  0.9019E-03
 16  4  9  64  0.9120E-03
 16  4  10  64  0.1520E-02
 16  4  10  64  0.1410E-02
 16  4  10  64  0.1470E-02
 16  4  10  64  0.1404E-02
 16  4  10  64  0.1458E-02
 16  4  11  64  0.2122E-02
 16  4  11  64  0.2110E-02
 16  4  11  64  0.2109E-02
 16  4  11  64  0.2105E-02
 16  4  11  64  0.2088E-02
 16  4  12  64  0.1485E-02
 16  4  12  64  0.1461E-02
 16  4  12  64  0.1502E-02
 16  4  12  64  0.1489E-02
 16  4  12  64  0.1476E-02
 16  4  13  64  0.2564E-02
 16  4  13  64  0.2565E-02
 16  4  13  64  0.2616E-02
 16  4  13  64  0.2605E-02
 16  4  13  64  0.2553E-02
 16  4  14  64  0.3346E-02
 16  4  14  64  0.3322E-02
 16  4  14  64  0.3369E-02
 16  4  14  64  0.3337E-02
 16  4  14  64  0.3385E-02
 16  4  15  64  0.4912E-02
 16  4  15  64  0.4850E-02
 16  4  15  64  0.4870E-02
 16  4  15  64  0.4876E-02
 16  4  15  64  0.4862E-02
 16  4  16  64  0.3430E-02
 16  4  16  64  0.3393E-02
 16  4  16  64  0.3403E-02
 16  4  16  64  0.3385E-02
 16  4  16  64  0.3409E-02
 16  4  17  64  0.5822E-02
 16  4  17  64  0.5815E-02
 16  4  17  64  0.5958E-02
 16  4  17  64  0.5818E-02
 16  4  17  64  0.5910E-02
 16  4  18  64  0.7024E-02
 16  4  18  64  0.7028E-02
 16  4  18  64  0.7012E-02
 16  4  18  64  0.7003E-02
 16  4  18  64  0.7030E-02
 16  4  19  64  0.8887E-02
 16  4  19  64  0.8884E-02
 16  4  19  64  0.8853E-02
 16  4  19  64  0.8860E-02
 16  4  19  64  0.8875E-02
 16  4  20  64  0.6623E-02
 16  4  20  64  0.6553E-02
 16  4  20  64  0.6585E-02
 16  4  20  64  0.6632E-02
 16  4  20  64  0.6626E-02
