nelt np nx1 elements time
 16  1  3  16  0.4402E-02
 16  1  3  16  0.4153E-02
 16  1  3  16  0.4335E-02
 16  1  3  16  0.5418E-02
 16  1  3  16  0.5366E-02
 16  1  4  16  0.7079E-02
 16  1  4  16  0.6692E-02
 16  1  4  16  0.6655E-02
 16  1  4  16  0.6654E-02
 16  1  4  16  0.6692E-02
 16  1  5  16  0.1145E-01
 16  1  5  16  0.1007E-01
 16  1  5  16  0.9995E-02
 16  1  5  16  0.1009E-01
 16  1  5  16  0.1002E-01
 16  1  6  16  0.1603E-01
 16  1  6  16  0.1457E-01
 16  1  6  16  0.1385E-01
 16  1  6  16  0.1271E-01
 16  1  6  16  0.1261E-01
 16  1  7  16  0.2481E-01
 16  1  7  16  0.2300E-01
 16  1  7  16  0.2192E-01
 16  1  7  16  0.2190E-01
 16  1  7  16  0.2183E-01
 16  1  8  16  0.2888E-01
 16  1  8  16  0.2783E-01
 16  1  8  16  0.2796E-01
 16  1  8  16  0.2828E-01
 16  1  8  16  0.2864E-01
 16  1  9  16  0.5068E-01
 16  1  9  16  0.4953E-01
 16  1  9  16  0.5263E-01
 16  1  9  16  0.4862E-01
 16  1  9  16  0.4677E-01
 16  1  10  16  0.6635E-01
 16  1  10  16  0.6476E-01
 16  1  10  16  0.6473E-01
 16  1  10  16  0.6474E-01
 16  1  10  16  0.6475E-01
 16  1  11  16  0.8864E-01
 16  1  11  16  0.8395E-01
 16  1  11  16  0.8386E-01
 16  1  11  16  0.8382E-01
 16  1  11  16  0.8386E-01
 16  1  12  16  0.1066E+00
 16  1  12  16  0.1025E+00
 16  1  12  16  0.1023E+00
 16  1  12  16  0.1035E+00
 16  1  12  16  0.1055E+00
 16  1  13  16  0.1410E+00
 16  1  13  16  0.1357E+00
 16  1  13  16  0.1355E+00
 16  1  13  16  0.1356E+00
 16  1  13  16  0.1364E+00
 16  1  14  16  0.1707E+00
 16  1  14  16  0.1645E+00
 16  1  14  16  0.1647E+00
 16  1  14  16  0.1646E+00
 16  1  14  16  0.1646E+00
 16  1  15  16  0.2134E+00
 16  1  15  16  0.2057E+00
 16  1  15  16  0.2050E+00
 16  1  15  16  0.2049E+00
 16  1  15  16  0.2050E+00
 16  1  16  16  0.2507E+00
 16  1  16  16  0.2404E+00
 16  1  16  16  0.2403E+00
 16  1  16  16  0.2394E+00
 16  1  16  16  0.2409E+00
 16  1  17  16  0.3672E+00
 16  1  17  16  0.3550E+00
 16  1  17  16  0.3544E+00
 16  1  17  16  0.3554E+00
 16  1  17  16  0.3553E+00
 16  1  18  16  0.4221E+00
 16  1  18  16  0.4100E+00
 16  1  18  16  0.4100E+00
 16  1  18  16  0.4096E+00
 16  1  18  16  0.4100E+00
 16  1  19  16  0.5313E+00
 16  1  19  16  0.5151E+00
 16  1  19  16  0.5140E+00
 16  1  19  16  0.5145E+00
 16  1  19  16  0.5143E+00
 16  1  20  16  0.6088E+00
 16  1  20  16  0.5898E+00
 16  1  20  16  0.5902E+00
 16  1  20  16  0.5899E+00
 16  1  20  16  0.5897E+00
