       0
       0
     180
     180
     180
     180
     180
     180
     180
     170
     170
     170
     170
     170
     170
     170
     170
     170
     170
     170
     170
     170
     170
     170
     170
     170
     170
     170
     170
     170
     180
     180
     180
     180
     180
     180
     180
     180
     180
     190
     190
     190
     190
     190
     170
     170
     170
     170
     170
     170
     170
     180
     180
     180
     180
     180
     180
     180
     180
     180
     180
     180
     180
     180
     180
     180
     180
     180
     180
     180
     180
     180
     170
     170
     180
     180
     180
     180
     178
     170
     170
     180
     180
     180
     180
     180
     130
     166
     180
     180
     180
     180
     180
      80
     100
     180
     180
     180
     180
     180
      50
      60
     160
     160
     160
     160
     160
     180
     180
     180
     180
     180
     180
     180
     180
     180
     180
     180
     180
     180
     180
     180
     180
     180
     180
     180
     180
     180
     180
     180
     180
     180
     180
     180
     180
     160
     160
     160
     160
     160
     160
     160
     180
     180
     180
     180
     180
     180
     180
     180
     180
     190
     190
     190
     190
     190
     170
     170
     180
     180
     180
     180
     180
     180
     180
     180
     180
     180
     180
     180
     180
     180
     180
     180
     180
     180
     180
     150
     160
     180
     180
     180
     180
     180
     130
     170
     180
     180
     180
     180
     180
     100
     130
     180
     180
     180
     180
     180
      40
      50
     180
     180
     180
     180
     180
     160
     160
     160
     160
     160
     180
     180
     180
     180
     180
     180
     180
     180
     180
     180
     180
     180
     180
     180
     180
     180
     180
     180
     180
     180
     180
     160
     160
     180
     180
     180
     180
     175
     180
     180
     180
     180
     180
     180
     180
     180
     180
     180
     180
     180
     180
     180
     180
     180
     190
     190
     190
     190
     190
     170
     170
     180
     180
     171
     170
     170
     180
     180
     180
     180
     180
     180
     180
     180
     180
     180
     180
     180
     180
     180
     130
     170
     180
     180
     180
     180
     180
     100
     120
     180
     180
     180
     180
     180
      60
      90
     190
     190
     190
     190
     190
      20
      40
     180
     180
     180
     180
     180
     170
     170
     170
     170
     170
     170
     170
     170
     170
     180
     180
     180
     180
     180
     180
     180
     180
     180
     180
     180
     180
     180
     180
     180
     180
     180
     180
     180
     180
     180
     180
     180
     180
     180
     180
     170
     170
     170
     170
     170
     170
     170
     180
     180
     180
     180
     180
     180
     180
     170
     170
     170
     170
     170
     170
     170
     170
     180
     180
     180
     180
     180
     180
     120
     163
     172
     170
     170
     170
     170
     100
     130
     180
     180
     180
     180
     180
      50
      70
     180
     180
     180
     180
     180
      40
      60
     170
     170
     170
     170
     170
      10
      20
     160
     160
     160
     160
     160
     180
     180
     180
     180
     180
     180
     180
     170
     170
     190
     190
     190
     190
     190
     180
     180
     190
     190
     190
     190
     190
     180
     180
     180
     180
     180
     180
     180
     180
     180
     180
     180
     180
     180
     180
     170
     170
     180
     180
     180
     180
     180
     160
     160
     170
     170
     170
     170
     170
     170
     180
     190
     190
     190
     190
     190
     130
     170
     180
     180
     180
     180
     180
     100
     130
     180
     180
     180
     180
     180
      70
     100
     180
     180
     180
     180
     180
      50
      70
     180
     180
     180
     180
     180
      30
      40
     180
     180
     180
     180
     180
     170
     170
     170
     170
     170
      10
      10
      10
      10
      10
      10
      10
      10
      10
      10
