 1  8  3  8  0.3440E-06
 1  8  3  8  0.2049E-06
 1  8  3  8  0.1913E-06
 1  8  3  8  0.1851E-06
 1  8  3  8  0.1821E-06
 1  8  3  8  0.2160E-06
 1  8  3  8  0.2053E-06
 1  8  3  8  0.1884E-06
 1  8  3  8  0.1946E-06
 1  8  3  8  0.1865E-06
 1  8  4  8  0.1451E-06
 1  8  4  8  0.7233E-07
 1  8  4  8  0.8522E-07
 1  8  4  8  0.8584E-07
 1  8  4  8  0.8273E-07
 1  8  4  8  0.8661E-07
 1  8  4  8  0.8397E-07
 1  8  4  8  0.1251E-06
 1  8  4  8  0.1009E-06
 1  8  4  8  0.8863E-07
 1  8  5  8  0.1156E-06
 1  8  5  8  0.7200E-07
 1  8  5  8  0.6763E-07
 1  8  5  8  0.7272E-07
 1  8  5  8  0.6930E-07
 1  8  5  8  0.6898E-07
 1  8  5  8  0.8265E-07
 1  8  5  8  0.7137E-07
 1  8  5  8  0.6763E-07
 1  8  5  8  0.6668E-07
 1  8  6  8  0.7676E-07
 1  8  6  8  0.4342E-07
 1  8  6  8  0.4434E-07
 1  8  6  8  0.4493E-07
 1  8  6  8  0.5381E-07
 1  8  6  8  0.4572E-07
 1  8  6  8  0.4342E-07
 1  8  6  8  0.4383E-07
 1  8  6  8  0.4420E-07
 1  8  6  8  0.4323E-07
 1  8  7  8  0.5115E-07
 1  8  7  8  0.3232E-07
 1  8  7  8  0.3073E-07
 1  8  7  8  0.3365E-07
 1  8  7  8  0.3073E-07
 1  8  7  8  0.3148E-07
 1  8  7  8  0.2954E-07
 1  8  7  8  0.3134E-07
 1  8  7  8  0.2928E-07
 1  8  7  8  0.2879E-07
 1  8  9  8  0.2824E-07
 1  8  9  8  0.1596E-07
 1  8  9  8  0.1526E-07
 1  8  9  8  0.1498E-07
 1  8  9  8  0.1537E-07
 1  8  9  8  0.1487E-07
 1  8  9  8  0.1583E-07
 1  8  9  8  0.1669E-07
 1  8  9  8  0.1406E-07
 1  8  9  8  0.1573E-07
 1  8  10  8  0.3408E-07
 1  8  10  8  0.2429E-07
 1  8  10  8  0.2454E-07
 1  8  10  8  0.2575E-07
 1  8  10  8  0.2480E-07
 1  8  10  8  0.2374E-07
 1  8  10  8  0.2400E-07
 1  8  10  8  0.2370E-07
 1  8  10  8  0.2842E-07
 1  8  10  8  0.2425E-07
 1  8  11  8  0.2414E-07
 1  8  11  8  0.1656E-07
 1  8  11  8  0.1779E-07
 1  8  11  8  0.1615E-07
 1  8  11  8  0.1625E-07
 1  8  11  8  0.1603E-07
 1  8  11  8  0.1600E-07
 1  8  11  8  0.1609E-07
 1  8  11  8  0.1712E-07
 1  8  11  8  0.1606E-07
 1  8  12  8  0.2033E-07
 1  8  12  8  0.1878E-07
 1  8  12  8  0.1970E-07
 1  8  12  8  0.1864E-07
 1  8  12  8  0.1869E-07
 1  8  12  8  0.1881E-07
 1  8  12  8  0.1953E-07
 1  8  12  8  0.1944E-07
 1  8  12  8  0.1874E-07
 1  8  12  8  0.1757E-07
 1  8  13  8  0.2374E-07
 1  8  13  8  0.1747E-07
 1  8  13  8  0.1750E-07
 1  8  13  8  0.1792E-07
 1  8  13  8  0.1733E-07
 1  8  13  8  0.1735E-07
 1  8  13  8  0.1739E-07
 1  8  13  8  0.1820E-07
 1  8  13  8  0.1749E-07
 1  8  13  8  0.1750E-07
 1  8  14  8  0.8819E-08
 1  8  14  8  0.8769E-08
 1  8  14  8  0.8768E-08
 1  8  14  8  0.8757E-08
 1  8  14  8  0.8768E-08
 1  8  14  8  0.8824E-08
 1  8  14  8  0.8773E-08
 1  8  14  8  0.8755E-08
 1  8  14  8  0.8784E-08
 1  8  14  8  0.8785E-08
 1  8  15  8  0.9407E-08
 1  8  15  8  0.9365E-08
 1  8  15  8  0.9357E-08
 1  8  15  8  0.9359E-08
 1  8  15  8  0.9435E-08
 1  8  15  8  0.9347E-08
 1  8  15  8  0.9376E-08
 1  8  15  8  0.9375E-08
 1  8  15  8  0.9404E-08
 1  8  15  8  0.9360E-08
 1  8  16  8  0.9034E-08
 1  8  16  8  0.9051E-08
 1  8  16  8  0.9037E-08
 1  8  16  8  0.9026E-08
 1  8  16  8  0.9061E-08
 1  8  16  8  0.9013E-08
 1  8  16  8  0.9011E-08
 1  8  16  8  0.9020E-08
 1  8  16  8  0.9062E-08
 1  8  16  8  0.9052E-08
 1  8  17  8  0.1772E-07
 1  8  17  8  0.1685E-07
 1  8  17  8  0.1633E-07
 1  8  17  8  0.1717E-07
 1  8  17  8  0.1632E-07
 1  8  17  8  0.1676E-07
 1  8  17  8  0.1770E-07
 1  8  17  8  0.1636E-07
 1  8  17  8  0.1703E-07
 1  8  17  8  0.1637E-07
 1  8  18  8  0.1931E-07
 1  8  18  8  0.1713E-07
 1  8  18  8  0.1700E-07
 1  8  18  8  0.1660E-07
 1  8  18  8  0.1673E-07
 1  8  18  8  0.1691E-07
 1  8  18  8  0.1703E-07
 1  8  18  8  0.1697E-07
 1  8  18  8  0.1652E-07
 1  8  18  8  0.1649E-07
 1  8  19  8  0.1116E-07
 1  8  19  8  0.1115E-07
 1  8  19  8  0.1113E-07
 1  8  19  8  0.1117E-07
 1  8  19  8  0.1113E-07
 1  8  19  8  0.1113E-07
 1  8  19  8  0.1114E-07
 1  8  19  8  0.1115E-07
 1  8  19  8  0.1115E-07
 1  8  19  8  0.1114E-07
 1  8  20  8  0.1083E-07
 1  8  20  8  0.1083E-07
 1  8  20  8  0.1084E-07
 1  8  20  8  0.1081E-07
 1  8  20  8  0.1082E-07
 1  8  20  8  0.1081E-07
 1  8  20  8  0.1082E-07
 1  8  20  8  0.1083E-07
 1  8  20  8  0.1082E-07
 1  8  20  8  0.1084E-07
