 1  16384  3  16384  0.7435E-09
 1  16384  3  16384  0.7543E-09
 1  16384  3  16384  0.7279E-09
 1  16384  3  16384  0.7516E-09
 1  16384  3  16384  0.6950E-09
 1  16384  3  16384  0.6735E-09
 1  16384  3  16384  0.6527E-09
 1  16384  3  16384  0.6276E-09
 1  16384  3  16384  0.6447E-09
 1  16384  3  16384  0.6663E-09
 1  16384  4  16384  0.2665E-09
 1  16384  4  16384  0.2724E-09
 1  16384  4  16384  0.2834E-09
 1  16384  4  16384  0.3034E-09
 1  16384  4  16384  0.3109E-09
 1  16384  4  16384  0.3151E-09
 1  16384  4  16384  0.3055E-09
 1  16384  4  16384  0.2829E-09
 1  16384  4  16384  0.2788E-09
 1  16384  4  16384  0.2765E-09
 1  16384  5  16384  0.1589E-09
 1  16384  5  16384  0.1605E-09
 1  16384  5  16384  0.1640E-09
 1  16384  5  16384  0.1511E-09
 1  16384  5  16384  0.1436E-09
 1  16384  5  16384  0.1481E-09
 1  16384  5  16384  0.1400E-09
 1  16384  5  16384  0.1423E-09
 1  16384  5  16384  0.1482E-09
 1  16384  5  16384  0.1512E-09
 1  16384  6  16384  0.8216E-10
 1  16384  6  16384  0.7905E-10
 1  16384  6  16384  0.7844E-10
 1  16384  6  16384  0.8168E-10
 1  16384  6  16384  0.9069E-10
 1  16384  6  16384  0.9389E-10
 1  16384  6  16384  0.1008E-09
 1  16384  6  16384  0.9771E-10
 1  16384  6  16384  0.9093E-10
 1  16384  6  16384  0.8474E-10
 1  16384  7  16384  0.5352E-10
 1  16384  7  16384  0.5312E-10
 1  16384  7  16384  0.5522E-10
 1  16384  7  16384  0.5606E-10
 1  16384  7  16384  0.6286E-10
 1  16384  7  16384  0.6110E-10
 1  16384  7  16384  0.6452E-10
 1  16384  7  16384  0.6234E-10
 1  16384  7  16384  0.5849E-10
 1  16384  7  16384  0.5820E-10
 1  16384  8  16384  0.4267E-10
 1  16384  8  16384  0.4266E-10
 1  16384  8  16384  0.4392E-10
 1  16384  8  16384  0.4036E-10
 1  16384  8  16384  0.3920E-10
 1  16384  8  16384  0.3867E-10
 1  16384  8  16384  0.3850E-10
 1  16384  8  16384  0.3928E-10
 1  16384  8  16384  0.4019E-10
 1  16384  8  16384  0.4191E-10
 1  16384  10  16384  0.2606E-10
 1  16384  10  16384  0.2473E-10
 1  16384  10  16384  0.2454E-10
 1  16384  10  16384  0.2365E-10
 1  16384  10  16384  0.2439E-10
 1  16384  10  16384  0.2560E-10
 1  16384  10  16384  0.2586E-10
 1  16384  10  16384  0.2645E-10
 1  16384  10  16384  0.2544E-10
 1  16384  10  16384  0.2422E-10
 1  16384  11  16384  0.1933E-10
 1  16384  11  16384  0.2053E-10
 1  16384  11  16384  0.2185E-10
 1  16384  11  16384  0.2299E-10
 1  16384  11  16384  0.2207E-10
 1  16384  11  16384  0.2072E-10
 1  16384  11  16384  0.1964E-10
 1  16384  11  16384  0.1909E-10
 1  16384  11  16384  0.2009E-10
 1  16384  11  16384  0.2202E-10
 1  16384  12  16384  0.1884E-10
 1  16384  12  16384  0.1912E-10
 1  16384  12  16384  0.1958E-10
 1  16384  12  16384  0.1916E-10
 1  16384  12  16384  0.1966E-10
 1  16384  12  16384  0.1893E-10
 1  16384  12  16384  0.1884E-10
 1  16384  12  16384  0.1891E-10
 1  16384  12  16384  0.1928E-10
 1  16384  12  16384  0.1910E-10
 1  16384  13  16384  0.1787E-10
 1  16384  13  16384  0.1714E-10
 1  16384  13  16384  0.1701E-10
 1  16384  13  16384  0.1709E-10
 1  16384  13  16384  0.1750E-10
 1  16384  13  16384  0.1773E-10
 1  16384  13  16384  0.1706E-10
 1  16384  13  16384  0.1719E-10
 1  16384  13  16384  0.1692E-10
 1  16384  13  16384  0.1764E-10
 1  16384  14  16384  0.1513E-10
 1  16384  14  16384  0.1491E-10
 1  16384  14  16384  0.1530E-10
 1  16384  14  16384  0.1535E-10
 1  16384  14  16384  0.1493E-10
 1  16384  14  16384  0.1497E-10
 1  16384  14  16384  0.1482E-10
 1  16384  14  16384  0.1528E-10
 1  16384  14  16384  0.1520E-10
 1  16384  14  16384  0.1477E-10
 1  16384  15  16384  0.1445E-10
 1  16384  15  16384  0.1361E-10
 1  16384  15  16384  0.1316E-10
 1  16384  15  16384  0.1352E-10
 1  16384  15  16384  0.1402E-10
 1  16384  15  16384  0.1377E-10
 1  16384  15  16384  0.1343E-10
 1  16384  15  16384  0.1325E-10
 1  16384  15  16384  0.1402E-10
 1  16384  15  16384  0.1419E-10
 1  16384  16  16384  0.1217E-10
 1  16384  16  16384  0.1183E-10
 1  16384  16  16384  0.1186E-10
 1  16384  16  16384  0.1203E-10
 1  16384  16  16384  0.1195E-10
 1  16384  16  16384  0.1168E-10
 1  16384  16  16384  0.1176E-10
 1  16384  16  16384  0.1209E-10
 1  16384  16  16384  0.1209E-10
 1  16384  16  16384  0.1177E-10
 1  16384  17  16384  0.1167E-10
 1  16384  17  16384  0.1196E-10
 1  16384  17  16384  0.1201E-10
 1  16384  17  16384  0.1169E-10
 1  16384  17  16384  0.1175E-10
 1  16384  17  16384  0.1205E-10
 1  16384  17  16384  0.1169E-10
 1  16384  17  16384  0.1159E-10
 1  16384  17  16384  0.1195E-10
 1  16384  17  16384  0.1205E-10
 1  16384  18  16384  0.1096E-10
 1  16384  18  16384  0.1063E-10
 1  16384  18  16384  0.1054E-10
 1  16384  18  16384  0.1078E-10
 1  16384  18  16384  0.1065E-10
 1  16384  18  16384  0.1050E-10
 1  16384  18  16384  0.1082E-10
 1  16384  18  16384  0.1081E-10
 1  16384  18  16384  0.1045E-10
 1  16384  18  16384  0.1065E-10
 1  16384  20  16384  0.1250E-10
 1  16384  20  16384  0.1239E-10
 1  16384  20  16384  0.1250E-10
 1  16384  20  16384  0.1285E-10
 1  16384  20  16384  0.1280E-10
 1  16384  20  16384  0.1269E-10
 1  16384  20  16384  0.1247E-10
 1  16384  20  16384  0.1251E-10
 1  16384  20  16384  0.1264E-10
 1  16384  20  16384  0.1214E-10
