 1  16384  3  16384  0.3298E-08
 1  16384  3  16384  0.2763E-08
 1  16384  3  16384  0.2791E-08
 1  16384  3  16384  0.2575E-08
 1  16384  3  16384  0.2822E-08
 1  16384  3  16384  0.2770E-08
 1  16384  3  16384  0.2576E-08
 1  16384  3  16384  0.3508E-08
 1  16384  3  16384  0.2540E-08
 1  16384  3  16384  0.2653E-08
 1  16384  5  16384  0.6470E-09
 1  16384  5  16384  0.6061E-09
 1  16384  5  16384  0.5542E-09
 1  16384  5  16384  0.6171E-09
 1  16384  5  16384  0.5911E-09
 1  16384  5  16384  0.5567E-09
 1  16384  5  16384  0.6237E-09
 1  16384  5  16384  0.5706E-09
 1  16384  5  16384  0.5643E-09
 1  16384  5  16384  0.6080E-09
 1  16384  6  16384  0.4383E-09
 1  16384  6  16384  0.3187E-09
 1  16384  6  16384  0.3781E-09
 1  16384  6  16384  0.3362E-09
 1  16384  6  16384  0.3078E-09
 1  16384  6  16384  0.3724E-09
 1  16384  6  16384  0.3340E-09
 1  16384  6  16384  0.3302E-09
 1  16384  6  16384  0.3684E-09
 1  16384  6  16384  0.3138E-09
 1  16384  7  16384  0.2705E-09
 1  16384  7  16384  0.2400E-09
 1  16384  7  16384  0.2179E-09
 1  16384  7  16384  0.2233E-09
 1  16384  7  16384  0.2327E-09
 1  16384  7  16384  0.2110E-09
 1  16384  7  16384  0.2352E-09
 1  16384  7  16384  0.2285E-09
 1  16384  7  16384  0.2165E-09
 1  16384  7  16384  0.2397E-09
 1  16384  8  16384  0.1971E-09
 1  16384  8  16384  0.1528E-09
 1  16384  8  16384  0.1717E-09
 1  16384  8  16384  0.1567E-09
 1  16384  8  16384  0.1618E-09
 1  16384  8  16384  0.1679E-09
 1  16384  8  16384  0.1545E-09
 1  16384  8  16384  0.1714E-09
 1  16384  8  16384  0.1566E-09
 1  16384  8  16384  0.1640E-09
 1  16384  10  16384  0.1129E-09
 1  16384  10  16384  0.9345E-10
 1  16384  10  16384  0.9516E-10
 1  16384  10  16384  0.9597E-10
 1  16384  10  16384  0.9607E-10
 1  16384  10  16384  0.9786E-10
 1  16384  10  16384  0.9457E-10
 1  16384  10  16384  0.9590E-10
 1  16384  10  16384  0.9339E-10
 1  16384  10  16384  0.9870E-10
