 1  16  3  16  0.1012E-06
 1  16  3  16  0.9340E-07
 1  16  3  16  0.9368E-07
 1  16  3  16  0.9354E-07
 1  16  3  16  0.9386E-07
 1  16  3  16  0.9473E-07
 1  16  3  16  0.9294E-07
 1  16  3  16  0.9390E-07
 1  16  3  16  0.9285E-07
 1  16  3  16  0.9320E-07
 1  16  4  16  0.4290E-07
 1  16  4  16  0.4112E-07
 1  16  4  16  0.4053E-07
 1  16  4  16  0.4072E-07
 1  16  4  16  0.4037E-07
 1  16  4  16  0.4059E-07
 1  16  4  16  0.4052E-07
 1  16  4  16  0.4048E-07
 1  16  4  16  0.4064E-07
 1  16  4  16  0.4022E-07
 1  16  5  16  0.2482E-07
 1  16  5  16  0.2413E-07
 1  16  5  16  0.2396E-07
 1  16  5  16  0.2407E-07
 1  16  5  16  0.2388E-07
 1  16  5  16  0.2381E-07
 1  16  5  16  0.2400E-07
 1  16  5  16  0.2375E-07
 1  16  5  16  0.2419E-07
 1  16  5  16  0.2387E-07
 1  16  6  16  0.1545E-07
 1  16  6  16  0.1477E-07
 1  16  6  16  0.1469E-07
 1  16  6  16  0.1476E-07
 1  16  6  16  0.1464E-07
 1  16  6  16  0.1458E-07
 1  16  6  16  0.1493E-07
 1  16  6  16  0.1487E-07
 1  16  6  16  0.1468E-07
 1  16  6  16  0.1460E-07
 1  16  7  16  0.1166E-07
 1  16  7  16  0.1127E-07
 1  16  7  16  0.1131E-07
 1  16  7  16  0.1120E-07
 1  16  7  16  0.1117E-07
 1  16  7  16  0.1116E-07
 1  16  7  16  0.1116E-07
 1  16  7  16  0.1115E-07
 1  16  7  16  0.1121E-07
 1  16  7  16  0.1113E-07
 1  16  8  16  0.8265E-08
 1  16  8  16  0.8100E-08
 1  16  8  16  0.8030E-08
 1  16  8  16  0.7997E-08
 1  16  8  16  0.8000E-08
 1  16  8  16  0.8024E-08
 1  16  8  16  0.7976E-08
 1  16  8  16  0.7972E-08
 1  16  8  16  0.7988E-08
 1  16  8  16  0.7962E-08
 1  16  9  16  0.7602E-08
 1  16  9  16  0.7326E-08
 1  16  9  16  0.7350E-08
 1  16  9  16  0.7317E-08
 1  16  9  16  0.7281E-08
 1  16  9  16  0.7252E-08
 1  16  9  16  0.7274E-08
 1  16  9  16  0.7314E-08
 1  16  9  16  0.7248E-08
 1  16  9  16  0.7299E-08
 1  16  10  16  0.6864E-08
 1  16  10  16  0.6645E-08
 1  16  10  16  0.6612E-08
 1  16  10  16  0.6630E-08
 1  16  10  16  0.6595E-08
 1  16  10  16  0.6585E-08
 1  16  10  16  0.6598E-08
 1  16  10  16  0.6577E-08
 1  16  10  16  0.6545E-08
 1  16  10  16  0.6550E-08
 1  16  11  16  0.6760E-08
 1  16  11  16  0.6531E-08
 1  16  11  16  0.6571E-08
 1  16  11  16  0.6521E-08
 1  16  11  16  0.6541E-08
 1  16  11  16  0.6548E-08
 1  16  11  16  0.6573E-08
 1  16  11  16  0.6527E-08
 1  16  11  16  0.6521E-08
 1  16  11  16  0.6610E-08
 1  16  12  16  0.6513E-08
 1  16  12  16  0.6342E-08
 1  16  12  16  0.6309E-08
 1  16  12  16  0.6340E-08
 1  16  12  16  0.6313E-08
 1  16  12  16  0.6410E-08
 1  16  12  16  0.6325E-08
 1  16  12  16  0.6367E-08
 1  16  12  16  0.6307E-08
 1  16  12  16  0.6331E-08
 1  16  13  16  0.7075E-08
 1  16  13  16  0.6885E-08
 1  16  13  16  0.6859E-08
 1  16  13  16  0.6891E-08
 1  16  13  16  0.6870E-08
 1  16  13  16  0.6864E-08
 1  16  13  16  0.6881E-08
 1  16  13  16  0.6995E-08
 1  16  13  16  0.6857E-08
 1  16  13  16  0.6862E-08
 1  16  14  16  0.6909E-08
 1  16  14  16  0.6814E-08
 1  16  14  16  0.6840E-08
 1  16  14  16  0.6816E-08
 1  16  14  16  0.6838E-08
 1  16  14  16  0.6795E-08
 1  16  14  16  0.6817E-08
 1  16  14  16  0.6817E-08
 1  16  14  16  0.6841E-08
 1  16  14  16  0.6827E-08
 1  16  15  16  0.7318E-08
 1  16  15  16  0.7249E-08
 1  16  15  16  0.7235E-08
 1  16  15  16  0.7252E-08
 1  16  15  16  0.7273E-08
 1  16  15  16  0.7260E-08
 1  16  15  16  0.7265E-08
 1  16  15  16  0.7255E-08
 1  16  15  16  0.7261E-08
 1  16  15  16  0.7278E-08
 1  16  16  16  0.6304E-08
 1  16  16  16  0.6255E-08
 1  16  16  16  0.6243E-08
 1  16  16  16  0.6275E-08
 1  16  16  16  0.6246E-08
 1  16  16  16  0.6251E-08
 1  16  16  16  0.6256E-08
 1  16  16  16  0.6248E-08
 1  16  16  16  0.6243E-08
 1  16  16  16  0.6254E-08
 1  16  17  16  0.7121E-08
 1  16  17  16  0.7070E-08
 1  16  17  16  0.7086E-08
 1  16  17  16  0.7081E-08
 1  16  17  16  0.7086E-08
 1  16  17  16  0.7086E-08
 1  16  17  16  0.7115E-08
 1  16  17  16  0.7110E-08
 1  16  17  16  0.7089E-08
 1  16  17  16  0.7105E-08
 1  16  18  16  0.6940E-08
 1  16  18  16  0.6880E-08
 1  16  18  16  0.6919E-08
 1  16  18  16  0.6900E-08
 1  16  18  16  0.6892E-08
 1  16  18  16  0.6896E-08
 1  16  18  16  0.6884E-08
 1  16  18  16  0.6904E-08
 1  16  18  16  0.6893E-08
 1  16  18  16  0.6902E-08
 1  16  19  16  0.7007E-08
 1  16  19  16  0.6952E-08
 1  16  19  16  0.6978E-08
 1  16  19  16  0.6966E-08
 1  16  19  16  0.6972E-08
 1  16  19  16  0.6970E-08
 1  16  19  16  0.6966E-08
 1  16  19  16  0.6981E-08
 1  16  19  16  0.6983E-08
 1  16  19  16  0.6978E-08
 1  16  20  16  0.6556E-08
 1  16  20  16  0.6518E-08
 1  16  20  16  0.6533E-08
 1  16  20  16  0.6519E-08
 1  16  20  16  0.6530E-08
 1  16  20  16  0.6524E-08
 1  16  20  16  0.6524E-08
 1  16  20  16  0.6532E-08
 1  16  20  16  0.6523E-08
 1  16  20  16  0.6538E-08
