 1  2048  3  2048  0.5478E-08
 1  2048  3  2048  0.5342E-08
 1  2048  3  2048  0.5318E-08
 1  2048  3  2048  0.5211E-08
 1  2048  3  2048  0.5383E-08
 1  2048  3  2048  0.5297E-08
 1  2048  3  2048  0.5394E-08
 1  2048  3  2048  0.5297E-08
 1  2048  3  2048  0.5377E-08
 1  2048  3  2048  0.5351E-08
 1  2048  4  2048  0.2313E-08
 1  2048  4  2048  0.2245E-08
 1  2048  4  2048  0.2260E-08
 1  2048  4  2048  0.2219E-08
 1  2048  4  2048  0.2301E-08
 1  2048  4  2048  0.2238E-08
 1  2048  4  2048  0.2236E-08
 1  2048  4  2048  0.2239E-08
 1  2048  4  2048  0.2209E-08
 1  2048  4  2048  0.2227E-08
 1  2048  5  2048  0.1165E-08
 1  2048  5  2048  0.1168E-08
 1  2048  5  2048  0.1161E-08
 1  2048  5  2048  0.1172E-08
 1  2048  5  2048  0.1193E-08
 1  2048  5  2048  0.1210E-08
 1  2048  5  2048  0.1202E-08
 1  2048  5  2048  0.1218E-08
 1  2048  5  2048  0.1187E-08
 1  2048  5  2048  0.1166E-08
 1  2048  6  2048  0.7098E-09
 1  2048  6  2048  0.7083E-09
 1  2048  6  2048  0.7042E-09
 1  2048  6  2048  0.7290E-09
 1  2048  6  2048  0.7499E-09
 1  2048  6  2048  0.7260E-09
 1  2048  6  2048  0.7226E-09
 1  2048  6  2048  0.7076E-09
 1  2048  6  2048  0.6941E-09
 1  2048  6  2048  0.7020E-09
 1  2048  7  2048  0.4894E-09
 1  2048  7  2048  0.4888E-09
 1  2048  7  2048  0.4892E-09
 1  2048  7  2048  0.4811E-09
 1  2048  7  2048  0.4750E-09
 1  2048  7  2048  0.4712E-09
 1  2048  7  2048  0.4685E-09
 1  2048  7  2048  0.4763E-09
 1  2048  7  2048  0.4773E-09
 1  2048  7  2048  0.4775E-09
 1  2048  8  2048  0.3830E-09
 1  2048  8  2048  0.3902E-09
 1  2048  8  2048  0.3841E-09
 1  2048  8  2048  0.3773E-09
 1  2048  8  2048  0.3819E-09
 1  2048  8  2048  0.3820E-09
 1  2048  8  2048  0.3840E-09
 1  2048  8  2048  0.3819E-09
 1  2048  8  2048  0.3767E-09
 1  2048  8  2048  0.3811E-09
 1  2048  9  2048  0.2961E-09
 1  2048  9  2048  0.3003E-09
 1  2048  9  2048  0.3039E-09
 1  2048  9  2048  0.3034E-09
 1  2048  9  2048  0.3017E-09
 1  2048  9  2048  0.2980E-09
 1  2048  9  2048  0.2949E-09
 1  2048  9  2048  0.2961E-09
 1  2048  9  2048  0.2972E-09
 1  2048  9  2048  0.2985E-09
 1  2048  10  2048  0.2537E-09
 1  2048  10  2048  0.2548E-09
 1  2048  10  2048  0.2546E-09
 1  2048  10  2048  0.2497E-09
 1  2048  10  2048  0.2486E-09
 1  2048  10  2048  0.2462E-09
 1  2048  10  2048  0.2502E-09
 1  2048  10  2048  0.2523E-09
 1  2048  10  2048  0.2559E-09
 1  2048  10  2048  0.2534E-09
 1  2048  11  2048  0.2177E-09
 1  2048  11  2048  0.2191E-09
 1  2048  11  2048  0.2229E-09
 1  2048  11  2048  0.2226E-09
 1  2048  11  2048  0.2159E-09
 1  2048  11  2048  0.2135E-09
 1  2048  11  2048  0.2139E-09
 1  2048  11  2048  0.2193E-09
 1  2048  11  2048  0.2230E-09
 1  2048  11  2048  0.2218E-09
 1  2048  12  2048  0.1777E-09
 1  2048  12  2048  0.1752E-09
 1  2048  12  2048  0.1776E-09
 1  2048  12  2048  0.1814E-09
 1  2048  12  2048  0.1821E-09
 1  2048  12  2048  0.1746E-09
 1  2048  12  2048  0.1743E-09
 1  2048  12  2048  0.1766E-09
 1  2048  12  2048  0.1822E-09
 1  2048  12  2048  0.1825E-09
 1  2048  13  2048  0.1542E-09
 1  2048  13  2048  0.1561E-09
 1  2048  13  2048  0.1572E-09
 1  2048  13  2048  0.1546E-09
 1  2048  13  2048  0.1524E-09
 1  2048  13  2048  0.1548E-09
 1  2048  13  2048  0.1559E-09
 1  2048  13  2048  0.1579E-09
 1  2048  13  2048  0.1533E-09
 1  2048  13  2048  0.1528E-09
 1  2048  14  2048  0.1339E-09
 1  2048  14  2048  0.1333E-09
 1  2048  14  2048  0.1365E-09
 1  2048  14  2048  0.1373E-09
 1  2048  14  2048  0.1331E-09
 1  2048  14  2048  0.1322E-09
 1  2048  14  2048  0.1369E-09
 1  2048  14  2048  0.1374E-09
 1  2048  14  2048  0.1355E-09
 1  2048  14  2048  0.1335E-09
 1  2048  15  2048  0.1233E-09
 1  2048  15  2048  0.1225E-09
 1  2048  15  2048  0.1203E-09
 1  2048  15  2048  0.1189E-09
 1  2048  15  2048  0.1222E-09
 1  2048  15  2048  0.1223E-09
 1  2048  15  2048  0.1201E-09
 1  2048  15  2048  0.1198E-09
 1  2048  15  2048  0.1223E-09
 1  2048  15  2048  0.1227E-09
 1  2048  16  2048  0.1071E-09
 1  2048  16  2048  0.1066E-09
 1  2048  16  2048  0.1076E-09
 1  2048  16  2048  0.1078E-09
 1  2048  16  2048  0.1064E-09
 1  2048  16  2048  0.1061E-09
 1  2048  16  2048  0.1081E-09
 1  2048  16  2048  0.1073E-09
 1  2048  16  2048  0.1068E-09
 1  2048  16  2048  0.1069E-09
 1  2048  17  2048  0.1030E-09
 1  2048  17  2048  0.1050E-09
 1  2048  17  2048  0.1038E-09
 1  2048  17  2048  0.1027E-09
 1  2048  17  2048  0.1050E-09
 1  2048  17  2048  0.1044E-09
 1  2048  17  2048  0.1035E-09
 1  2048  17  2048  0.1053E-09
 1  2048  17  2048  0.1053E-09
 1  2048  17  2048  0.1041E-09
 1  2048  18  2048  0.9482E-10
 1  2048  18  2048  0.9589E-10
 1  2048  18  2048  0.9549E-10
 1  2048  18  2048  0.9466E-10
 1  2048  18  2048  0.9538E-10
 1  2048  18  2048  0.9465E-10
 1  2048  18  2048  0.9425E-10
 1  2048  18  2048  0.9532E-10
 1  2048  18  2048  0.9545E-10
 1  2048  18  2048  0.9466E-10
 1  2048  19  2048  0.9106E-10
 1  2048  19  2048  0.9079E-10
 1  2048  19  2048  0.9160E-10
 1  2048  19  2048  0.9058E-10
 1  2048  19  2048  0.9064E-10
 1  2048  19  2048  0.9068E-10
 1  2048  19  2048  0.8999E-10
 1  2048  19  2048  0.9118E-10
 1  2048  19  2048  0.9004E-10
 1  2048  19  2048  0.9000E-10
 1  2048  20  2048  0.8370E-10
 1  2048  20  2048  0.8335E-10
 1  2048  20  2048  0.8350E-10
 1  2048  20  2048  0.8320E-10
 1  2048  20  2048  0.8288E-10
 1  2048  20  2048  0.8220E-10
 1  2048  20  2048  0.8297E-10
 1  2048  20  2048  0.8234E-10
 1  2048  20  2048  0.8186E-10
 1  2048  20  2048  0.8295E-10
