 1  4  3  4  0.5526E-06
 1  4  3  4  0.2929E-06
 1  4  3  4  0.2193E-06
 1  4  3  4  0.2995E-06
 1  4  3  4  0.2009E-06
 1  4  3  4  0.2745E-06
 1  4  3  4  0.2502E-06
 1  4  3  4  0.2774E-06
 1  4  3  4  0.2745E-06
 1  4  3  4  0.2127E-06
 1  4  4  4  0.2955E-06
 1  4  4  4  0.2449E-06
 1  4  4  4  0.2524E-06
 1  4  4  4  0.2564E-06
 1  4  4  4  0.2331E-06
 1  4  4  4  0.1928E-06
 1  4  4  4  0.2046E-06
 1  4  4  4  0.2316E-06
 1  4  4  4  0.2369E-06
 1  4  4  4  0.2303E-06
 1  4  5  4  0.1661E-06
 1  4  5  4  0.1448E-06
 1  4  5  4  0.1388E-06
 1  4  5  4  0.1680E-06
 1  4  5  4  0.1513E-06
 1  4  5  4  0.1373E-06
 1  4  5  4  0.1440E-06
 1  4  5  4  0.1446E-06
 1  4  5  4  0.1634E-06
 1  4  5  4  0.1446E-06
 1  4  6  4  0.1300E-06
 1  4  6  4  0.9419E-07
 1  4  6  4  0.8840E-07
 1  4  6  4  0.8840E-07
 1  4  6  4  0.8913E-07
 1  4  6  4  0.9143E-07
 1  4  6  4  0.8830E-07
 1  4  6  4  0.8830E-07
 1  4  6  4  0.8757E-07
 1  4  6  4  0.8720E-07
 1  4  7  4  0.7119E-07
 1  4  7  4  0.4547E-07
 1  4  7  4  0.4396E-07
 1  4  7  4  0.4350E-07
 1  4  7  4  0.4223E-07
 1  4  7  4  0.4252E-07
 1  4  7  4  0.4275E-07
 1  4  7  4  0.4443E-07
 1  4  7  4  0.4252E-07
 1  4  7  4  0.4281E-07
 1  4  8  4  0.7454E-07
 1  4  8  4  0.5549E-07
 1  4  8  4  0.5324E-07
 1  4  8  4  0.5258E-07
 1  4  8  4  0.5243E-07
 1  4  8  4  0.5208E-07
 1  4  8  4  0.5223E-07
 1  4  8  4  0.5223E-07
 1  4  8  4  0.6023E-07
 1  4  8  4  0.5402E-07
 1  4  9  4  0.5064E-07
 1  4  9  4  0.4516E-07
 1  4  9  4  0.4652E-07
 1  4  9  4  0.4595E-07
 1  4  9  4  0.4459E-07
 1  4  9  4  0.4505E-07
 1  4  9  4  0.4606E-07
 1  4  9  4  0.4412E-07
 1  4  9  4  0.4505E-07
 1  4  9  4  0.4434E-07
 1  4  10  4  0.4200E-07
 1  4  10  4  0.3676E-07
 1  4  10  4  0.3467E-07
 1  4  10  4  0.3425E-07
 1  4  10  4  0.3525E-07
 1  4  10  4  0.3235E-07
 1  4  10  4  0.3193E-07
 1  4  10  4  0.3209E-07
 1  4  10  4  0.3475E-07
 1  4  10  4  0.3449E-07
 1  4  11  4  0.4733E-07
 1  4  11  4  0.4238E-07
 1  4  11  4  0.4283E-07
 1  4  11  4  0.4251E-07
 1  4  11  4  0.4144E-07
 1  4  11  4  0.4175E-07
 1  4  11  4  0.4177E-07
 1  4  11  4  0.4183E-07
 1  4  11  4  0.4653E-07
 1  4  11  4  0.4245E-07
 1  4  12  4  0.1769E-07
 1  4  12  4  0.1761E-07
 1  4  12  4  0.1761E-07
 1  4  12  4  0.1764E-07
 1  4  12  4  0.1760E-07
 1  4  12  4  0.1758E-07
 1  4  12  4  0.1760E-07
 1  4  12  4  0.1763E-07
 1  4  12  4  0.1768E-07
 1  4  12  4  0.1763E-07
 1  4  13  4  0.1830E-07
 1  4  13  4  0.1827E-07
 1  4  13  4  0.1819E-07
 1  4  13  4  0.1817E-07
 1  4  13  4  0.1820E-07
 1  4  13  4  0.1822E-07
 1  4  13  4  0.1817E-07
 1  4  13  4  0.1820E-07
 1  4  13  4  0.1818E-07
 1  4  13  4  0.1823E-07
 1  4  14  4  0.1753E-07
 1  4  14  4  0.1744E-07
 1  4  14  4  0.1744E-07
 1  4  14  4  0.1747E-07
 1  4  14  4  0.1750E-07
 1  4  14  4  0.1744E-07
 1  4  14  4  0.1746E-07
 1  4  14  4  0.1749E-07
 1  4  14  4  0.1744E-07
 1  4  14  4  0.1745E-07
 1  4  16  4  0.1802E-07
 1  4  16  4  0.1800E-07
 1  4  16  4  0.1798E-07
 1  4  16  4  0.1797E-07
 1  4  16  4  0.1799E-07
 1  4  16  4  0.1800E-07
 1  4  16  4  0.1800E-07
 1  4  16  4  0.1797E-07
 1  4  16  4  0.1798E-07
 1  4  16  4  0.1798E-07
 1  4  17  4  0.2153E-07
 1  4  17  4  0.2145E-07
 1  4  17  4  0.2147E-07
 1  4  17  4  0.2149E-07
 1  4  17  4  0.2147E-07
 1  4  17  4  0.2148E-07
 1  4  17  4  0.2150E-07
 1  4  17  4  0.2144E-07
 1  4  17  4  0.2147E-07
 1  4  17  4  0.2144E-07
 1  4  18  4  0.2103E-07
 1  4  18  4  0.2098E-07
 1  4  18  4  0.2107E-07
 1  4  18  4  0.2101E-07
 1  4  18  4  0.2100E-07
 1  4  18  4  0.2102E-07
 1  4  18  4  0.2101E-07
 1  4  18  4  0.2100E-07
 1  4  18  4  0.2099E-07
 1  4  18  4  0.2100E-07
 1  4  19  4  0.2220E-07
 1  4  19  4  0.2216E-07
 1  4  19  4  0.2218E-07
 1  4  19  4  0.2214E-07
 1  4  19  4  0.2215E-07
 1  4  19  4  0.2222E-07
 1  4  19  4  0.2215E-07
 1  4  19  4  0.2216E-07
 1  4  19  4  0.2216E-07
 1  4  19  4  0.2215E-07
 1  4  20  4  0.2155E-07
 1  4  20  4  0.2151E-07
 1  4  20  4  0.2153E-07
 1  4  20  4  0.2154E-07
 1  4  20  4  0.2153E-07
 1  4  20  4  0.2151E-07
 1  4  20  4  0.2151E-07
 1  4  20  4  0.2150E-07
 1  4  20  4  0.2153E-07
 1  4  20  4  0.2151E-07
