 1  128  3  128  0.7524E-07
 1  128  3  128  0.7154E-07
 1  128  3  128  0.7174E-07
 1  128  3  128  0.7121E-07
 1  128  3  128  0.7114E-07
 1  128  3  128  0.7106E-07
 1  128  3  128  0.7072E-07
 1  128  3  128  0.7118E-07
 1  128  3  128  0.7099E-07
 1  128  3  128  0.7138E-07
 1  128  4  128  0.3271E-07
 1  128  4  128  0.3058E-07
 1  128  4  128  0.3053E-07
 1  128  4  128  0.3096E-07
 1  128  4  128  0.3030E-07
 1  128  4  128  0.3038E-07
 1  128  4  128  0.3041E-07
 1  128  4  128  0.3101E-07
 1  128  4  128  0.3058E-07
 1  128  4  128  0.3038E-07
 1  128  5  128  0.1720E-07
 1  128  5  128  0.1627E-07
 1  128  5  128  0.1627E-07
 1  128  5  128  0.1618E-07
 1  128  5  128  0.1624E-07
 1  128  5  128  0.1608E-07
 1  128  5  128  0.1606E-07
 1  128  5  128  0.1603E-07
 1  128  5  128  0.1619E-07
 1  128  5  128  0.1615E-07
 1  128  6  128  0.1015E-07
 1  128  6  128  0.9796E-08
 1  128  6  128  0.9684E-08
 1  128  6  128  0.9648E-08
 1  128  6  128  0.9616E-08
 1  128  6  128  0.9727E-08
 1  128  6  128  0.9663E-08
 1  128  6  128  0.9611E-08
 1  128  6  128  0.9579E-08
 1  128  6  128  0.9578E-08
 1  128  7  128  0.6875E-08
 1  128  7  128  0.6447E-08
 1  128  7  128  0.6462E-08
 1  128  7  128  0.6386E-08
 1  128  7  128  0.6400E-08
 1  128  7  128  0.6416E-08
 1  128  7  128  0.6392E-08
 1  128  7  128  0.6403E-08
 1  128  7  128  0.6400E-08
 1  128  7  128  0.6370E-08
 1  128  8  128  0.4687E-08
 1  128  8  128  0.4503E-08
 1  128  8  128  0.4512E-08
 1  128  8  128  0.4458E-08
 1  128  8  128  0.4438E-08
 1  128  8  128  0.4481E-08
 1  128  8  128  0.4455E-08
 1  128  8  128  0.4480E-08
 1  128  8  128  0.4509E-08
 1  128  8  128  0.4473E-08
 1  128  9  128  0.3797E-08
 1  128  9  128  0.3550E-08
 1  128  9  128  0.3586E-08
 1  128  9  128  0.3560E-08
 1  128  9  128  0.3532E-08
 1  128  9  128  0.3543E-08
 1  128  9  128  0.3526E-08
 1  128  9  128  0.3555E-08
 1  128  9  128  0.3532E-08
 1  128  9  128  0.3499E-08
 1  128  10  128  0.3136E-08
 1  128  10  128  0.2929E-08
 1  128  10  128  0.2951E-08
 1  128  10  128  0.2923E-08
 1  128  10  128  0.2937E-08
 1  128  10  128  0.2944E-08
 1  128  10  128  0.2959E-08
 1  128  10  128  0.2945E-08
 1  128  10  128  0.2923E-08
 1  128  10  128  0.2944E-08
 1  128  11  128  0.2858E-08
 1  128  11  128  0.2680E-08
 1  128  11  128  0.2703E-08
 1  128  11  128  0.2713E-08
 1  128  11  128  0.2721E-08
 1  128  11  128  0.2740E-08
 1  128  11  128  0.2715E-08
 1  128  11  128  0.2684E-08
 1  128  11  128  0.2704E-08
 1  128  11  128  0.2697E-08
 1  128  12  128  0.2575E-08
 1  128  12  128  0.2446E-08
 1  128  12  128  0.2432E-08
 1  128  12  128  0.2425E-08
 1  128  12  128  0.2431E-08
 1  128  12  128  0.2421E-08
 1  128  12  128  0.2431E-08
 1  128  12  128  0.2443E-08
 1  128  12  128  0.2467E-08
 1  128  12  128  0.2423E-08
 1  128  13  128  0.2493E-08
 1  128  13  128  0.2375E-08
 1  128  13  128  0.2381E-08
 1  128  13  128  0.2397E-08
 1  128  13  128  0.2392E-08
 1  128  13  128  0.2386E-08
 1  128  13  128  0.2379E-08
 1  128  13  128  0.2378E-08
 1  128  13  128  0.2390E-08
 1  128  13  128  0.2385E-08
 1  128  14  128  0.2326E-08
 1  128  14  128  0.2253E-08
 1  128  14  128  0.2243E-08
 1  128  14  128  0.2245E-08
 1  128  14  128  0.2256E-08
 1  128  14  128  0.2250E-08
 1  128  14  128  0.2245E-08
 1  128  14  128  0.2240E-08
 1  128  14  128  0.2246E-08
 1  128  14  128  0.2264E-08
 1  128  15  128  0.2214E-08
 1  128  15  128  0.2158E-08
 1  128  15  128  0.2180E-08
 1  128  15  128  0.2158E-08
 1  128  15  128  0.2150E-08
 1  128  15  128  0.2150E-08
 1  128  15  128  0.2161E-08
 1  128  15  128  0.2155E-08
 1  128  15  128  0.2157E-08
 1  128  15  128  0.2148E-08
 1  128  16  128  0.1737E-08
 1  128  16  128  0.1693E-08
 1  128  16  128  0.1694E-08
 1  128  16  128  0.1703E-08
 1  128  16  128  0.1697E-08
 1  128  16  128  0.1694E-08
 1  128  16  128  0.1703E-08
 1  128  16  128  0.1712E-08
 1  128  16  128  0.1696E-08
 1  128  16  128  0.1697E-08
 1  128  17  128  0.1667E-08
 1  128  17  128  0.1652E-08
 1  128  17  128  0.1646E-08
 1  128  17  128  0.1645E-08
 1  128  17  128  0.1651E-08
 1  128  17  128  0.1646E-08
 1  128  17  128  0.1648E-08
 1  128  17  128  0.1648E-08
 1  128  17  128  0.1645E-08
 1  128  17  128  0.1645E-08
 1  128  18  128  0.1586E-08
 1  128  18  128  0.1552E-08
 1  128  18  128  0.1556E-08
 1  128  18  128  0.1560E-08
 1  128  18  128  0.1550E-08
 1  128  18  128  0.1557E-08
 1  128  18  128  0.1557E-08
 1  128  18  128  0.1553E-08
 1  128  18  128  0.1554E-08
 1  128  18  128  0.1551E-08
 1  128  19  128  0.1512E-08
 1  128  19  128  0.1494E-08
 1  128  19  128  0.1487E-08
 1  128  19  128  0.1493E-08
 1  128  19  128  0.1491E-08
 1  128  19  128  0.1486E-08
 1  128  19  128  0.1496E-08
 1  128  19  128  0.1489E-08
 1  128  19  128  0.1491E-08
 1  128  19  128  0.1496E-08
 1  128  20  128  0.1372E-08
 1  128  20  128  0.1351E-08
 1  128  20  128  0.1354E-08
 1  128  20  128  0.1355E-08
 1  128  20  128  0.1352E-08
 1  128  20  128  0.1372E-08
 1  128  20  128  0.1350E-08
 1  128  20  128  0.1356E-08
 1  128  20  128  0.1350E-08
 1  128  20  128  0.1354E-08
