 1  64  3  64  0.1723E-06
 1  64  3  64  0.6807E-07
 1  64  3  64  0.6692E-07
 1  64  3  64  0.6443E-07
 1  64  3  64  0.7156E-07
 1  64  3  64  0.6655E-07
 1  64  3  64  0.6425E-07
 1  64  3  64  0.6517E-07
 1  64  3  64  0.6848E-07
 1  64  3  64  0.6540E-07
 1  64  4  64  0.1031E-06
 1  64  4  64  0.3498E-07
 1  64  4  64  0.3434E-07
 1  64  4  64  0.3279E-07
 1  64  4  64  0.3556E-07
 1  64  4  64  0.3060E-07
 1  64  4  64  0.3068E-07
 1  64  4  64  0.3011E-07
 1  64  4  64  0.2986E-07
 1  64  4  64  0.2907E-07
 1  64  5  64  0.6513E-07
 1  64  5  64  0.2004E-07
 1  64  5  64  0.2370E-07
 1  64  5  64  0.1817E-07
 1  64  5  64  0.2066E-07
 1  64  5  64  0.1837E-07
 1  64  5  64  0.1734E-07
 1  64  5  64  0.1887E-07
 1  64  5  64  0.1734E-07
 1  64  5  64  0.1675E-07
 1  64  6  64  0.3822E-07
 1  64  6  64  0.1020E-07
 1  64  6  64  0.9790E-08
 1  64  6  64  0.1049E-07
 1  64  6  64  0.1051E-07
 1  64  6  64  0.1039E-07
 1  64  6  64  0.1013E-07
 1  64  6  64  0.9670E-08
 1  64  6  64  0.1042E-07
 1  64  6  64  0.1258E-07
 1  64  7  64  0.1889E-07
 1  64  7  64  0.7534E-08
 1  64  7  64  0.8157E-08
 1  64  7  64  0.6603E-08
 1  64  7  64  0.6969E-08
 1  64  7  64  0.7002E-08
 1  64  7  64  0.7226E-08
 1  64  7  64  0.6984E-08
 1  64  7  64  0.6803E-08
 1  64  7  64  0.6940E-08
 1  64  8  64  0.1456E-07
 1  64  8  64  0.6471E-08
 1  64  8  64  0.5695E-08
 1  64  8  64  0.5687E-08
 1  64  8  64  0.5634E-08
 1  64  8  64  0.5493E-08
 1  64  8  64  0.5535E-08
 1  64  8  64  0.5940E-08
 1  64  8  64  0.5554E-08
 1  64  8  64  0.5442E-08
 1  64  9  64  0.1637E-08
 1  64  9  64  0.1535E-08
 1  64  9  64  0.1545E-08
 1  64  9  64  0.1547E-08
 1  64  9  64  0.1537E-08
 1  64  9  64  0.1554E-08
 1  64  9  64  0.1543E-08
 1  64  9  64  0.1540E-08
 1  64  9  64  0.1546E-08
 1  64  9  64  0.1549E-08
 1  64  10  64  0.1480E-08
 1  64  10  64  0.1403E-08
 1  64  10  64  0.1400E-08
 1  64  10  64  0.1397E-08
 1  64  10  64  0.1397E-08
 1  64  10  64  0.1397E-08
 1  64  10  64  0.1420E-08
 1  64  10  64  0.1399E-08
 1  64  10  64  0.1409E-08
 1  64  10  64  0.1420E-08
 1  64  11  64  0.1467E-08
 1  64  11  64  0.1398E-08
 1  64  11  64  0.1394E-08
 1  64  11  64  0.1384E-08
 1  64  11  64  0.1391E-08
 1  64  11  64  0.1380E-08
 1  64  11  64  0.1395E-08
 1  64  11  64  0.1401E-08
 1  64  11  64  0.1399E-08
 1  64  11  64  0.1387E-08
 1  64  13  64  0.1490E-08
 1  64  13  64  0.1443E-08
 1  64  13  64  0.1442E-08
 1  64  13  64  0.1440E-08
 1  64  13  64  0.1437E-08
 1  64  13  64  0.1441E-08
 1  64  13  64  0.1441E-08
 1  64  13  64  0.1438E-08
 1  64  13  64  0.1446E-08
 1  64  13  64  0.1451E-08
 1  64  14  64  0.1401E-08
 1  64  14  64  0.1364E-08
 1  64  14  64  0.1362E-08
 1  64  14  64  0.1365E-08
 1  64  14  64  0.1371E-08
 1  64  14  64  0.1377E-08
 1  64  14  64  0.1363E-08
 1  64  14  64  0.1365E-08
 1  64  14  64  0.1367E-08
 1  64  14  64  0.1358E-08
 1  64  15  64  0.1488E-08
 1  64  15  64  0.1453E-08
 1  64  15  64  0.1455E-08
 1  64  15  64  0.1452E-08
 1  64  15  64  0.1456E-08
 1  64  15  64  0.1454E-08
 1  64  15  64  0.1454E-08
 1  64  15  64  0.1454E-08
 1  64  15  64  0.1451E-08
 1  64  15  64  0.1451E-08
 1  64  16  64  0.1407E-08
 1  64  16  64  0.1383E-08
 1  64  16  64  0.1385E-08
 1  64  16  64  0.1381E-08
 1  64  16  64  0.1384E-08
 1  64  16  64  0.1386E-08
 1  64  16  64  0.1392E-08
 1  64  16  64  0.1388E-08
 1  64  16  64  0.1387E-08
 1  64  16  64  0.1385E-08
 1  64  17  64  0.1613E-08
 1  64  17  64  0.1591E-08
 1  64  17  64  0.1588E-08
 1  64  17  64  0.1588E-08
 1  64  17  64  0.1587E-08
 1  64  17  64  0.1584E-08
 1  64  17  64  0.1590E-08
 1  64  17  64  0.1589E-08
 1  64  17  64  0.1586E-08
 1  64  17  64  0.1585E-08
 1  64  18  64  0.1571E-08
 1  64  18  64  0.1552E-08
 1  64  18  64  0.1553E-08
 1  64  18  64  0.1553E-08
 1  64  18  64  0.1547E-08
 1  64  18  64  0.1554E-08
 1  64  18  64  0.1550E-08
 1  64  18  64  0.1554E-08
 1  64  18  64  0.1552E-08
 1  64  18  64  0.1552E-08
 1  64  19  64  0.1616E-08
 1  64  19  64  0.1601E-08
 1  64  19  64  0.1599E-08
 1  64  19  64  0.1601E-08
 1  64  19  64  0.1598E-08
 1  64  19  64  0.1602E-08
 1  64  19  64  0.1599E-08
 1  64  19  64  0.1600E-08
 1  64  19  64  0.1602E-08
 1  64  19  64  0.1599E-08
 1  64  20  64  0.1531E-08
 1  64  20  64  0.1523E-08
 1  64  20  64  0.1519E-08
 1  64  20  64  0.1521E-08
 1  64  20  64  0.1521E-08
 1  64  20  64  0.1522E-08
 1  64  20  64  0.1521E-08
 1  64  20  64  0.1522E-08
 1  64  20  64  0.1521E-08
 1  64  20  64  0.1522E-08
