 1  16384  3  16384  0.2413E-08
 1  16384  3  16384  0.1998E-08
 1  16384  3  16384  0.2103E-08
 1  16384  3  16384  0.2189E-08
 1  16384  3  16384  0.1965E-08
 1  16384  3  16384  0.2008E-08
 1  16384  3  16384  0.2174E-08
 1  16384  3  16384  0.2093E-08
 1  16384  3  16384  0.1943E-08
 1  16384  3  16384  0.2077E-08
 1  16384  5  16384  0.4981E-09
 1  16384  5  16384  0.4425E-09
 1  16384  5  16384  0.4201E-09
 1  16384  5  16384  0.4594E-09
 1  16384  5  16384  0.4651E-09
 1  16384  5  16384  0.4228E-09
 1  16384  5  16384  0.4351E-09
 1  16384  5  16384  0.4690E-09
 1  16384  5  16384  0.4516E-09
 1  16384  5  16384  0.4189E-09
 1  16384  6  16384  0.3240E-09
 1  16384  6  16384  0.2579E-09
 1  16384  6  16384  0.2460E-09
 1  16384  6  16384  0.2975E-09
 1  16384  6  16384  0.2686E-09
 1  16384  6  16384  0.2327E-09
 1  16384  6  16384  0.2598E-09
 1  16384  6  16384  0.2880E-09
 1  16384  6  16384  0.2567E-09
 1  16384  6  16384  0.2409E-09
 1  16384  7  16384  0.2101E-09
 1  16384  7  16384  0.1825E-09
 1  16384  7  16384  0.1656E-09
 1  16384  7  16384  0.1760E-09
 1  16384  7  16384  0.1874E-09
 1  16384  7  16384  0.1687E-09
 1  16384  7  16384  0.1718E-09
 1  16384  7  16384  0.1905E-09
 1  16384  7  16384  0.1719E-09
 1  16384  7  16384  0.1648E-09
 1  16384  8  16384  0.1513E-09
 1  16384  8  16384  0.1290E-09
 1  16384  8  16384  0.1219E-09
 1  16384  8  16384  0.1357E-09
 1  16384  8  16384  0.1284E-09
 1  16384  8  16384  0.1208E-09
 1  16384  8  16384  0.1336E-09
 1  16384  8  16384  0.1316E-09
 1  16384  8  16384  0.1244E-09
 1  16384  8  16384  0.1315E-09
