 1  8192  3  8192  0.1718E-08
 1  8192  3  8192  0.1487E-08
 1  8192  3  8192  0.1493E-08
 1  8192  3  8192  0.1422E-08
 1  8192  3  8192  0.1436E-08
 1  8192  3  8192  0.1444E-08
 1  8192  3  8192  0.1498E-08
 1  8192  3  8192  0.1532E-08
 1  8192  3  8192  0.1611E-08
 1  8192  3  8192  0.1646E-08
 1  8192  4  8192  0.6675E-09
 1  8192  4  8192  0.6229E-09
 1  8192  4  8192  0.6392E-09
 1  8192  4  8192  0.6691E-09
 1  8192  4  8192  0.6923E-09
 1  8192  4  8192  0.6948E-09
 1  8192  4  8192  0.6676E-09
 1  8192  4  8192  0.6062E-09
 1  8192  4  8192  0.6211E-09
 1  8192  4  8192  0.5940E-09
 1  8192  5  8192  0.4382E-09
 1  8192  5  8192  0.4247E-09
 1  8192  5  8192  0.3788E-09
 1  8192  5  8192  0.3675E-09
 1  8192  5  8192  0.3427E-09
 1  8192  5  8192  0.3359E-09
 1  8192  5  8192  0.3560E-09
 1  8192  5  8192  0.3754E-09
 1  8192  5  8192  0.3768E-09
 1  8192  5  8192  0.3900E-09
 1  8192  6  8192  0.2573E-09
 1  8192  6  8192  0.2234E-09
 1  8192  6  8192  0.2222E-09
 1  8192  6  8192  0.2073E-09
 1  8192  6  8192  0.2159E-09
 1  8192  6  8192  0.2265E-09
 1  8192  6  8192  0.2353E-09
 1  8192  6  8192  0.2371E-09
 1  8192  6  8192  0.2362E-09
 1  8192  6  8192  0.2222E-09
 1  8192  7  8192  0.1586E-09
 1  8192  7  8192  0.1411E-09
 1  8192  7  8192  0.1458E-09
 1  8192  7  8192  0.1548E-09
 1  8192  7  8192  0.1586E-09
 1  8192  7  8192  0.1584E-09
 1  8192  7  8192  0.1535E-09
 1  8192  7  8192  0.1430E-09
 1  8192  7  8192  0.1425E-09
 1  8192  7  8192  0.1412E-09
 1  8192  8  8192  0.1242E-09
 1  8192  8  8192  0.1079E-09
 1  8192  8  8192  0.1048E-09
 1  8192  8  8192  0.1004E-09
 1  8192  8  8192  0.1037E-09
 1  8192  8  8192  0.1080E-09
 1  8192  8  8192  0.1118E-09
 1  8192  8  8192  0.1111E-09
 1  8192  8  8192  0.1105E-09
 1  8192  8  8192  0.1061E-09
 1  8192  9  8192  0.9027E-10
 1  8192  9  8192  0.8303E-10
 1  8192  9  8192  0.8544E-10
 1  8192  9  8192  0.9020E-10
 1  8192  9  8192  0.9062E-10
 1  8192  9  8192  0.8794E-10
 1  8192  9  8192  0.8558E-10
 1  8192  9  8192  0.8250E-10
 1  8192  9  8192  0.8268E-10
 1  8192  9  8192  0.8626E-10
 1  8192  10  8192  0.7336E-10
 1  8192  10  8192  0.7009E-10
 1  8192  10  8192  0.7308E-10
 1  8192  10  8192  0.7522E-10
 1  8192  10  8192  0.7157E-10
 1  8192  10  8192  0.7005E-10
 1  8192  10  8192  0.6832E-10
 1  8192  10  8192  0.7149E-10
 1  8192  10  8192  0.7417E-10
 1  8192  10  8192  0.7395E-10
 1  8192  11  8192  0.6200E-10
 1  8192  11  8192  0.6102E-10
 1  8192  11  8192  0.6245E-10
 1  8192  11  8192  0.6157E-10
 1  8192  11  8192  0.6034E-10
 1  8192  11  8192  0.5972E-10
 1  8192  11  8192  0.5994E-10
 1  8192  11  8192  0.6211E-10
 1  8192  11  8192  0.6107E-10
 1  8192  11  8192  0.6059E-10
 1  8192  12  8192  0.5148E-10
 1  8192  12  8192  0.4992E-10
 1  8192  12  8192  0.5178E-10
 1  8192  12  8192  0.5066E-10
 1  8192  12  8192  0.4978E-10
 1  8192  12  8192  0.4978E-10
 1  8192  12  8192  0.5063E-10
 1  8192  12  8192  0.5100E-10
 1  8192  12  8192  0.5057E-10
 1  8192  12  8192  0.4989E-10
 1  8192  13  8192  0.4479E-10
 1  8192  13  8192  0.4450E-10
 1  8192  13  8192  0.4393E-10
 1  8192  13  8192  0.4363E-10
 1  8192  13  8192  0.4300E-10
 1  8192  13  8192  0.4428E-10
 1  8192  13  8192  0.4328E-10
 1  8192  13  8192  0.4331E-10
 1  8192  13  8192  0.4330E-10
 1  8192  13  8192  0.4311E-10
 1  8192  14  8192  0.3741E-10
 1  8192  14  8192  0.3797E-10
 1  8192  14  8192  0.3674E-10
 1  8192  14  8192  0.3704E-10
 1  8192  14  8192  0.3688E-10
 1  8192  14  8192  0.3786E-10
 1  8192  14  8192  0.3636E-10
 1  8192  14  8192  0.3692E-10
 1  8192  14  8192  0.3756E-10
 1  8192  14  8192  0.3798E-10
 1  8192  15  8192  0.3424E-10
 1  8192  15  8192  0.3195E-10
 1  8192  15  8192  0.3355E-10
 1  8192  15  8192  0.3413E-10
 1  8192  15  8192  0.3195E-10
 1  8192  15  8192  0.3229E-10
 1  8192  15  8192  0.3387E-10
 1  8192  15  8192  0.3393E-10
 1  8192  15  8192  0.3202E-10
 1  8192  15  8192  0.3263E-10
 1  8192  16  8192  0.2933E-10
 1  8192  16  8192  0.2928E-10
 1  8192  16  8192  0.2976E-10
 1  8192  16  8192  0.2905E-10
 1  8192  16  8192  0.2872E-10
 1  8192  16  8192  0.2986E-10
 1  8192  16  8192  0.2946E-10
 1  8192  16  8192  0.2868E-10
 1  8192  16  8192  0.2979E-10
 1  8192  16  8192  0.3017E-10
 1  8192  17  8192  0.2920E-10
 1  8192  17  8192  0.2821E-10
 1  8192  17  8192  0.2844E-10
 1  8192  17  8192  0.2822E-10
 1  8192  17  8192  0.2803E-10
 1  8192  17  8192  0.2854E-10
 1  8192  17  8192  0.2822E-10
 1  8192  17  8192  0.2791E-10
 1  8192  17  8192  0.2809E-10
 1  8192  17  8192  0.2817E-10
 1  8192  18  8192  0.2549E-10
 1  8192  18  8192  0.2612E-10
 1  8192  18  8192  0.2575E-10
 1  8192  18  8192  0.2492E-10
 1  8192  18  8192  0.2588E-10
 1  8192  18  8192  0.2492E-10
 1  8192  18  8192  0.2525E-10
 1  8192  18  8192  0.2589E-10
 1  8192  18  8192  0.2485E-10
 1  8192  18  8192  0.2562E-10
 1  8192  19  8192  0.2503E-10
 1  8192  19  8192  0.2502E-10
 1  8192  19  8192  0.2490E-10
 1  8192  19  8192  0.2484E-10
 1  8192  19  8192  0.2470E-10
 1  8192  19  8192  0.2470E-10
 1  8192  19  8192  0.2481E-10
 1  8192  19  8192  0.2444E-10
 1  8192  19  8192  0.2489E-10
 1  8192  19  8192  0.2468E-10
 1  8192  20  8192  0.2360E-10
 1  8192  20  8192  0.2363E-10
 1  8192  20  8192  0.2321E-10
 1  8192  20  8192  0.2337E-10
 1  8192  20  8192  0.2317E-10
 1  8192  20  8192  0.2345E-10
 1  8192  20  8192  0.2333E-10
 1  8192  20  8192  0.2318E-10
 1  8192  20  8192  0.2351E-10
 1  8192  20  8192  0.2317E-10
