 1  1  3  1  0.1139E-06
 1  1  3  1  0.1154E-06
 1  1  3  1  0.1117E-06
 1  1  3  1  0.1172E-06
 1  1  3  1  0.1103E-06
 1  1  3  1  0.1147E-06
 1  1  3  1  0.1121E-06
 1  1  3  1  0.1111E-06
 1  1  3  1  0.1123E-06
 1  1  3  1  0.1137E-06
 1  1  4  1  0.3849E-06
 1  1  4  1  0.2707E-06
 1  1  4  1  0.1813E-06
 1  1  4  1  0.1776E-06
 1  1  4  1  0.3589E-06
 1  1  4  1  0.2757E-06
 1  1  4  1  0.2657E-06
 1  1  4  1  0.1726E-06
 1  1  4  1  0.1354E-06
 1  1  4  1  0.2757E-06
 1  1  5  1  0.2689E-06
 1  1  5  1  0.2003E-06
 1  1  5  1  0.1869E-06
 1  1  5  1  0.1545E-06
 1  1  5  1  0.1094E-06
 1  1  5  1  0.1577E-06
 1  1  5  1  0.1761E-06
 1  1  5  1  0.1729E-06
 1  1  5  1  0.1653E-06
 1  1  5  1  0.2104E-06
 1  1  6  1  0.1648E-06
 1  1  6  1  0.1262E-06
 1  1  6  1  0.7395E-07
 1  1  6  1  0.1188E-06
 1  1  6  1  0.1144E-06
 1  1  6  1  0.1188E-06
 1  1  6  1  0.7432E-07
 1  1  6  1  0.7395E-07
 1  1  6  1  0.1130E-06
 1  1  6  1  0.1174E-06
 1  1  7  1  0.1010E-06
 1  1  7  1  0.9917E-07
 1  1  7  1  0.1186E-06
 1  1  7  1  0.1272E-06
 1  1  7  1  0.1633E-06
 1  1  7  1  0.7855E-07
 1  1  7  1  0.1293E-06
 1  1  7  1  0.6719E-07
 1  1  7  1  0.9616E-07
 1  1  7  1  0.6603E-07
 1  1  8  1  0.1245E-06
 1  1  8  1  0.5992E-07
 1  1  8  1  0.9577E-07
 1  1  8  1  0.5728E-07
 1  1  8  1  0.9313E-07
 1  1  8  1  0.5666E-07
 1  1  8  1  0.7482E-07
 1  1  8  1  0.5541E-07
 1  1  8  1  0.9111E-07
 1  1  8  1  0.5526E-07
 1  1  9  1  0.7773E-07
 1  1  9  1  0.7097E-07
 1  1  9  1  0.6726E-07
 1  1  9  1  0.6486E-07
 1  1  9  1  0.6454E-07
 1  1  9  1  0.6356E-07
 1  1  9  1  0.6312E-07
 1  1  9  1  0.6214E-07
 1  1  9  1  0.6258E-07
 1  1  9  1  0.6225E-07
 1  1  10  1  0.1280E-06
 1  1  10  1  0.1147E-06
 1  1  10  1  0.1027E-06
 1  1  10  1  0.1013E-06
 1  1  10  1  0.1016E-06
 1  1  10  1  0.9600E-07
 1  1  10  1  0.1320E-06
 1  1  10  1  0.9894E-07
 1  1  10  1  0.9759E-07
 1  1  10  1  0.9537E-07
 1  1  11  1  0.9995E-07
 1  1  11  1  0.9542E-07
 1  1  11  1  0.9745E-07
 1  1  11  1  0.9392E-07
 1  1  11  1  0.9040E-07
 1  1  11  1  0.8891E-07
 1  1  11  1  0.8712E-07
 1  1  11  1  0.8610E-07
 1  1  11  1  0.9040E-07
 1  1  11  1  0.9165E-07
 1  1  12  1  0.7676E-07
 1  1  12  1  0.7083E-07
 1  1  12  1  0.7060E-07
 1  1  12  1  0.7809E-07
 1  1  12  1  0.7096E-07
 1  1  12  1  0.7000E-07
 1  1  12  1  0.6866E-07
 1  1  12  1  0.6788E-07
 1  1  12  1  0.6945E-07
 1  1  12  1  0.6788E-07
 1  1  13  1  0.7600E-07
 1  1  13  1  0.6978E-07
 1  1  13  1  0.7238E-07
 1  1  13  1  0.7770E-07
 1  1  13  1  0.7477E-07
 1  1  13  1  0.7162E-07
 1  1  13  1  0.7057E-07
 1  1  13  1  0.7010E-07
 1  1  13  1  0.7057E-07
 1  1  13  1  0.6963E-07
 1  1  14  1  0.6853E-07
 1  1  14  1  0.6160E-07
 1  1  14  1  0.6438E-07
 1  1  14  1  0.6925E-07
 1  1  14  1  0.6462E-07
 1  1  14  1  0.6401E-07
 1  1  14  1  0.6366E-07
 1  1  14  1  0.6378E-07
 1  1  14  1  0.6328E-07
 1  1  14  1  0.6670E-07
 1  1  15  1  0.7912E-07
 1  1  15  1  0.7191E-07
 1  1  15  1  0.7149E-07
 1  1  15  1  0.6874E-07
 1  1  15  1  0.7300E-07
 1  1  15  1  0.7486E-07
 1  1  15  1  0.7201E-07
 1  1  15  1  0.7140E-07
 1  1  15  1  0.7220E-07
 1  1  15  1  0.7615E-07
 1  1  16  1  0.8023E-07
 1  1  16  1  0.7674E-07
 1  1  16  1  0.7635E-07
 1  1  16  1  0.7650E-07
 1  1  16  1  0.7666E-07
 1  1  16  1  0.8015E-07
 1  1  16  1  0.7600E-07
 1  1  16  1  0.7658E-07
 1  1  16  1  0.7617E-07
 1  1  16  1  0.7577E-07
 1  1  17  1  0.8719E-07
 1  1  17  1  0.8352E-07
 1  1  17  1  0.8617E-07
 1  1  17  1  0.8290E-07
 1  1  17  1  0.8405E-07
 1  1  17  1  0.8704E-07
 1  1  17  1  0.8997E-07
 1  1  17  1  0.9065E-07
 1  1  17  1  0.8536E-07
 1  1  17  1  0.8399E-07
 1  1  18  1  0.1097E-06
 1  1  18  1  0.9226E-07
 1  1  18  1  0.9619E-07
 1  1  18  1  0.9220E-07
 1  1  18  1  0.9585E-07
 1  1  18  1  0.9230E-07
 1  1  18  1  0.9220E-07
 1  1  18  1  0.9242E-07
 1  1  18  1  0.9236E-07
 1  1  18  1  0.9374E-07
 1  1  19  1  0.9623E-07
 1  1  19  1  0.9618E-07
 1  1  19  1  0.9399E-07
 1  1  19  1  0.9710E-07
 1  1  19  1  0.9399E-07
 1  1  19  1  0.9652E-07
 1  1  19  1  0.9399E-07
 1  1  19  1  0.9510E-07
 1  1  19  1  0.9374E-07
 1  1  19  1  0.9452E-07
 1  1  20  1  0.9817E-07
 1  1  20  1  0.9492E-07
 1  1  20  1  0.9376E-07
 1  1  20  1  0.9505E-07
 1  1  20  1  0.9367E-07
 1  1  20  1  0.9350E-07
 1  1  20  1  0.9842E-07
 1  1  20  1  0.9274E-07
 1  1  20  1  0.9550E-07
 1  1  20  1  0.9475E-07
