 1  1  3  1  0.1431E-06
 1  1  3  1  0.1411E-06
 1  1  3  1  0.1405E-06
 1  1  3  1  0.1419E-06
 1  1  3  1  0.1432E-06
 1  1  3  1  0.1436E-06
 1  1  3  1  0.1462E-06
 1  1  3  1  0.1413E-06
 1  1  3  1  0.1435E-06
 1  1  3  1  0.1517E-06
 1  1  4  1  0.2906E-06
 1  1  4  1  0.2397E-06
 1  1  4  1  0.3862E-06
 1  1  4  1  0.3179E-06
 1  1  4  1  0.1925E-06
 1  1  4  1  0.1565E-06
 1  1  4  1  0.2657E-06
 1  1  4  1  0.2707E-06
 1  1  4  1  0.2707E-06
 1  1  4  1  0.1776E-06
 1  1  5  1  0.2187E-06
 1  1  5  1  0.1520E-06
 1  1  5  1  0.1119E-06
 1  1  5  1  0.1068E-06
 1  1  5  1  0.1252E-06
 1  1  5  1  0.1068E-06
 1  1  5  1  0.1278E-06
 1  1  5  1  0.1761E-06
 1  1  5  1  0.1685E-06
 1  1  5  1  0.1761E-06
 1  1  6  1  0.1450E-06
 1  1  6  1  0.7690E-07
 1  1  6  1  0.8021E-07
 1  1  6  1  0.1174E-06
 1  1  6  1  0.1144E-06
 1  1  6  1  0.1126E-06
 1  1  6  1  0.1141E-06
 1  1  6  1  0.8646E-07
 1  1  6  1  0.1111E-06
 1  1  6  1  0.1174E-06
 1  1  7  1  0.1302E-06
 1  1  7  1  0.1138E-06
 1  1  7  1  0.1117E-06
 1  1  7  1  0.1476E-06
 1  1  7  1  0.1196E-06
 1  1  7  1  0.1177E-06
 1  1  7  1  0.1117E-06
 1  1  7  1  0.1525E-06
 1  1  7  1  0.1147E-06
 1  1  7  1  0.1128E-06
 1  1  8  1  0.1093E-06
 1  1  8  1  0.9437E-07
 1  1  8  1  0.9049E-07
 1  1  8  1  0.8723E-07
 1  1  8  1  0.8723E-07
 1  1  8  1  0.9375E-07
 1  1  8  1  0.8925E-07
 1  1  8  1  0.8848E-07
 1  1  8  1  0.8785E-07
 1  1  8  1  0.8661E-07
 1  1  9  1  0.7315E-07
 1  1  9  1  0.6356E-07
 1  1  9  1  0.6356E-07
 1  1  9  1  0.6268E-07
 1  1  9  1  0.6497E-07
 1  1  9  1  0.6127E-07
 1  1  9  1  0.6040E-07
 1  1  9  1  0.6410E-07
 1  1  9  1  0.6127E-07
 1  1  9  1  0.6127E-07
 1  1  10  1  0.1080E-06
 1  1  10  1  0.9632E-07
 1  1  10  1  0.9267E-07
 1  1  10  1  0.9735E-07
 1  1  10  1  0.9402E-07
 1  1  10  1  0.9600E-07
 1  1  10  1  0.9839E-07
 1  1  10  1  0.9267E-07
 1  1  10  1  0.9203E-07
 1  1  10  1  0.9163E-07
 1  1  11  1  0.9189E-07
 1  1  11  1  0.8712E-07
 1  1  11  1  0.8735E-07
 1  1  11  1  0.8688E-07
 1  1  11  1  0.8616E-07
 1  1  11  1  0.8586E-07
 1  1  11  1  0.8562E-07
 1  1  11  1  0.8640E-07
 1  1  11  1  0.9697E-07
 1  1  11  1  0.8664E-07
 1  1  12  1  0.8794E-07
 1  1  12  1  0.7041E-07
 1  1  12  1  0.6807E-07
 1  1  12  1  0.6733E-07
 1  1  12  1  0.6945E-07
 1  1  12  1  0.6981E-07
 1  1  12  1  0.7198E-07
 1  1  12  1  0.6618E-07
 1  1  12  1  0.7621E-07
 1  1  12  1  0.7023E-07
 1  1  13  1  0.7376E-07
 1  1  13  1  0.7010E-07
 1  1  13  1  0.6826E-07
 1  1  13  1  0.7343E-07
 1  1  13  1  0.7086E-07
 1  1  13  1  0.7054E-07
 1  1  13  1  0.6920E-07
 1  1  13  1  0.6754E-07
 1  1  13  1  0.6811E-07
 1  1  13  1  0.7452E-07
 1  1  14  1  0.6488E-07
 1  1  14  1  0.6462E-07
 1  1  14  1  0.6485E-07
 1  1  14  1  0.6366E-07
 1  1  14  1  0.6340E-07
 1  1  14  1  0.6050E-07
 1  1  14  1  0.6777E-07
 1  1  14  1  0.6485E-07
 1  1  14  1  0.6328E-07
 1  1  14  1  0.6317E-07
 1  1  15  1  0.7495E-07
 1  1  15  1  0.7248E-07
 1  1  15  1  0.7606E-07
 1  1  15  1  0.6833E-07
 1  1  15  1  0.6824E-07
 1  1  15  1  0.7090E-07
 1  1  15  1  0.7655E-07
 1  1  15  1  0.7229E-07
 1  1  15  1  0.7220E-07
 1  1  15  1  0.7288E-07
 1  1  16  1  0.8122E-07
 1  1  16  1  0.7796E-07
 1  1  16  1  0.8203E-07
 1  1  16  1  0.7722E-07
 1  1  16  1  0.7765E-07
 1  1  16  1  0.7763E-07
 1  1  16  1  0.7949E-07
 1  1  16  1  0.7683E-07
 1  1  16  1  0.7714E-07
 1  1  16  1  0.8675E-07
 1  1  17  1  0.8793E-07
 1  1  17  1  0.8740E-07
 1  1  17  1  0.8494E-07
 1  1  17  1  0.8366E-07
 1  1  17  1  0.8454E-07
 1  1  17  1  0.8386E-07
 1  1  17  1  0.8902E-07
 1  1  17  1  0.8392E-07
 1  1  17  1  0.8454E-07
 1  1  17  1  0.8745E-07
 1  1  18  1  0.9750E-07
 1  1  18  1  0.9163E-07
 1  1  18  1  0.9460E-07
 1  1  18  1  0.9190E-07
 1  1  18  1  0.9596E-07
 1  1  18  1  0.9231E-07
 1  1  18  1  0.9614E-07
 1  1  18  1  0.9208E-07
 1  1  18  1  0.9614E-07
 1  1  18  1  0.9219E-07
 1  1  19  1  0.9783E-07
 1  1  19  1  0.9632E-07
 1  1  19  1  0.9408E-07
 1  1  19  1  0.9686E-07
 1  1  19  1  0.9419E-07
 1  1  19  1  0.9758E-07
 1  1  19  1  0.9437E-07
 1  1  19  1  0.9682E-07
 1  1  19  1  0.9443E-07
 1  1  19  1  0.9521E-07
 1  1  20  1  0.9663E-07
 1  1  20  1  0.9441E-07
 1  1  20  1  0.9701E-07
 1  1  20  1  0.9283E-07
 1  1  20  1  0.9650E-07
 1  1  20  1  0.9534E-07
 1  1  20  1  0.9413E-07
 1  1  20  1  0.9792E-07
 1  1  20  1  0.9433E-07
 1  1  20  1  0.9458E-07
