 1  32  3  32  0.3801E-06
 1  32  3  32  0.1110E-06
 1  32  3  32  0.9805E-07
 1  32  3  32  0.8987E-07
 1  32  3  32  0.8876E-07
 1  32  3  32  0.9373E-07
 1  32  3  32  0.8674E-07
 1  32  3  32  0.8711E-07
 1  32  3  32  0.9143E-07
 1  32  3  32  0.9483E-07
 1  32  4  32  0.1104E-06
 1  32  4  32  0.4672E-07
 1  32  4  32  0.4362E-07
 1  32  4  32  0.4540E-07
 1  32  4  32  0.4346E-07
 1  32  4  32  0.4183E-07
 1  32  4  32  0.4443E-07
 1  32  4  32  0.4346E-07
 1  32  4  32  0.4265E-07
 1  32  4  32  0.4284E-07
 1  32  5  32  0.7800E-07
 1  32  5  32  0.2718E-07
 1  32  5  32  0.2442E-07
 1  32  5  32  0.2440E-07
 1  32  5  32  0.2340E-07
 1  32  5  32  0.4049E-07
 1  32  5  32  0.2815E-07
 1  32  5  32  0.2442E-07
 1  32  5  32  0.2384E-07
 1  32  5  32  0.2340E-07
 1  32  6  32  0.4654E-07
 1  32  6  32  0.1640E-07
 1  32  6  32  0.1587E-07
 1  32  6  32  0.1529E-07
 1  32  6  32  0.1587E-07
 1  32  6  32  0.1567E-07
 1  32  6  32  0.1548E-07
 1  32  6  32  0.1534E-07
 1  32  6  32  0.1591E-07
 1  32  6  32  0.1771E-07
 1  32  7  32  0.3902E-07
 1  32  7  32  0.1135E-07
 1  32  7  32  0.1084E-07
 1  32  7  32  0.1221E-07
 1  32  7  32  0.1240E-07
 1  32  7  32  0.1090E-07
 1  32  7  32  0.1041E-07
 1  32  7  32  0.1035E-07
 1  32  7  32  0.1057E-07
 1  32  7  32  0.1078E-07
 1  32  8  32  0.2059E-07
 1  32  8  32  0.9585E-08
 1  32  8  32  0.8668E-08
 1  32  8  32  0.8765E-08
 1  32  8  32  0.8382E-08
 1  32  8  32  0.8440E-08
 1  32  8  32  0.8649E-08
 1  32  8  32  0.8935E-08
 1  32  8  32  0.8746E-08
 1  32  8  32  0.8382E-08
 1  32  9  32  0.1996E-07
 1  32  9  32  0.8432E-08
 1  32  9  32  0.7761E-08
 1  32  9  32  0.7546E-08
 1  32  9  32  0.7331E-08
 1  32  9  32  0.7270E-08
 1  32  9  32  0.8030E-08
 1  32  9  32  0.7645E-08
 1  32  9  32  0.7273E-08
 1  32  9  32  0.7372E-08
 1  32  10  32  0.1850E-07
 1  32  10  32  0.9010E-08
 1  32  10  32  0.7947E-08
 1  32  10  32  0.8886E-08
 1  32  10  32  0.8270E-08
 1  32  10  32  0.8146E-08
 1  32  10  32  0.8009E-08
 1  32  10  32  0.8759E-08
 1  32  10  32  0.7895E-08
 1  32  10  32  0.8176E-08
 1  32  11  32  0.4003E-08
 1  32  11  32  0.3899E-08
 1  32  11  32  0.3893E-08
 1  32  11  32  0.3873E-08
 1  32  11  32  0.3874E-08
 1  32  11  32  0.3909E-08
 1  32  11  32  0.3882E-08
 1  32  11  32  0.3889E-08
 1  32  11  32  0.3901E-08
 1  32  11  32  0.3865E-08
 1  32  12  32  0.3747E-08
 1  32  12  32  0.3735E-08
 1  32  12  32  0.3690E-08
 1  32  12  32  0.3721E-08
 1  32  12  32  0.3697E-08
 1  32  12  32  0.3706E-08
 1  32  12  32  0.3715E-08
 1  32  12  32  0.3716E-08
 1  32  12  32  0.3693E-08
 1  32  12  32  0.3687E-08
 1  32  13  32  0.3672E-08
 1  32  13  32  0.3626E-08
 1  32  13  32  0.3645E-08
 1  32  13  32  0.3630E-08
 1  32  13  32  0.3615E-08
 1  32  13  32  0.3627E-08
 1  32  13  32  0.3634E-08
 1  32  13  32  0.3630E-08
 1  32  13  32  0.3654E-08
 1  32  13  32  0.3649E-08
 1  32  14  32  0.3445E-08
 1  32  14  32  0.3376E-08
 1  32  14  32  0.3375E-08
 1  32  14  32  0.3388E-08
 1  32  14  32  0.3390E-08
 1  32  14  32  0.3394E-08
 1  32  14  32  0.3379E-08
 1  32  14  32  0.3378E-08
 1  32  14  32  0.3395E-08
 1  32  14  32  0.3383E-08
 1  32  15  32  0.3132E-08
 1  32  15  32  0.3069E-08
 1  32  15  32  0.3067E-08
 1  32  15  32  0.3068E-08
 1  32  15  32  0.3067E-08
 1  32  15  32  0.3071E-08
 1  32  15  32  0.3068E-08
 1  32  15  32  0.3075E-08
 1  32  15  32  0.3092E-08
 1  32  15  32  0.3078E-08
 1  32  16  32  0.2897E-08
 1  32  16  32  0.2852E-08
 1  32  16  32  0.2857E-08
 1  32  16  32  0.2848E-08
 1  32  16  32  0.2853E-08
 1  32  16  32  0.2848E-08
 1  32  16  32  0.2855E-08
 1  32  16  32  0.2854E-08
 1  32  16  32  0.2860E-08
 1  32  16  32  0.2851E-08
 1  32  17  32  0.3279E-08
 1  32  17  32  0.3258E-08
 1  32  17  32  0.3256E-08
 1  32  17  32  0.3249E-08
 1  32  17  32  0.3253E-08
 1  32  17  32  0.3256E-08
 1  32  17  32  0.3253E-08
 1  32  17  32  0.3256E-08
 1  32  17  32  0.3256E-08
 1  32  17  32  0.3250E-08
 1  32  17  32  0.3275E-08
 1  32  17  32  0.3243E-08
 1  32  17  32  0.3247E-08
 1  32  17  32  0.3250E-08
 1  32  17  32  0.3250E-08
 1  32  17  32  0.3247E-08
 1  32  17  32  0.3244E-08
 1  32  17  32  0.3449E-08
 1  32  17  32  0.3245E-08
 1  32  17  32  0.3250E-08
 1  32  18  32  0.3178E-08
 1  32  18  32  0.3142E-08
 1  32  18  32  0.3141E-08
 1  32  18  32  0.3142E-08
 1  32  18  32  0.3140E-08
 1  32  18  32  0.3144E-08
 1  32  18  32  0.3146E-08
 1  32  18  32  0.3148E-08
 1  32  18  32  0.3143E-08
 1  32  18  32  0.3142E-08
 1  32  19  32  0.3301E-08
 1  32  19  32  0.3265E-08
 1  32  19  32  0.3268E-08
 1  32  19  32  0.3266E-08
 1  32  19  32  0.3265E-08
 1  32  19  32  0.3263E-08
 1  32  19  32  0.3265E-08
 1  32  19  32  0.3270E-08
 1  32  19  32  0.3269E-08
 1  32  19  32  0.3261E-08
 1  32  20  32  0.3148E-08
 1  32  20  32  0.3136E-08
 1  32  20  32  0.3133E-08
 1  32  20  32  0.3135E-08
 1  32  20  32  0.3135E-08
 1  32  20  32  0.3136E-08
 1  32  20  32  0.3134E-08
 1  32  20  32  0.3134E-08
 1  32  20  32  0.3137E-08
 1  32  20  32  0.3136E-08
