 1  4096  3  4096  0.3187E-08
 1  4096  3  4096  0.3245E-08
 1  4096  3  4096  0.3230E-08
 1  4096  3  4096  0.3110E-08
 1  4096  3  4096  0.3088E-08
 1  4096  3  4096  0.3058E-08
 1  4096  3  4096  0.3062E-08
 1  4096  3  4096  0.3009E-08
 1  4096  3  4096  0.2977E-08
 1  4096  3  4096  0.3122E-08
 1  4096  4  4096  0.1362E-08
 1  4096  4  4096  0.1386E-08
 1  4096  4  4096  0.1335E-08
 1  4096  4  4096  0.1363E-08
 1  4096  4  4096  0.1339E-08
 1  4096  4  4096  0.1318E-08
 1  4096  4  4096  0.1369E-08
 1  4096  4  4096  0.1321E-08
 1  4096  4  4096  0.1326E-08
 1  4096  4  4096  0.1359E-08
 1  4096  5  4096  0.7252E-09
 1  4096  5  4096  0.7358E-09
 1  4096  5  4096  0.7220E-09
 1  4096  5  4096  0.7173E-09
 1  4096  5  4096  0.7258E-09
 1  4096  5  4096  0.7081E-09
 1  4096  5  4096  0.7084E-09
 1  4096  5  4096  0.7000E-09
 1  4096  5  4096  0.6875E-09
 1  4096  5  4096  0.6951E-09
 1  4096  6  4096  0.4329E-09
 1  4096  6  4096  0.4355E-09
 1  4096  6  4096  0.4396E-09
 1  4096  6  4096  0.4385E-09
 1  4096  6  4096  0.4090E-09
 1  4096  6  4096  0.4171E-09
 1  4096  6  4096  0.4085E-09
 1  4096  6  4096  0.4068E-09
 1  4096  6  4096  0.4126E-09
 1  4096  6  4096  0.4225E-09
 1  4096  7  4096  0.2751E-09
 1  4096  7  4096  0.2710E-09
 1  4096  7  4096  0.2858E-09
 1  4096  7  4096  0.2847E-09
 1  4096  7  4096  0.2728E-09
 1  4096  7  4096  0.2793E-09
 1  4096  7  4096  0.2635E-09
 1  4096  7  4096  0.2640E-09
 1  4096  7  4096  0.2706E-09
 1  4096  7  4096  0.2746E-09
 1  4096  8  4096  0.2338E-09
 1  4096  8  4096  0.2172E-09
 1  4096  8  4096  0.2099E-09
 1  4096  8  4096  0.2092E-09
 1  4096  8  4096  0.2144E-09
 1  4096  8  4096  0.2213E-09
 1  4096  8  4096  0.2261E-09
 1  4096  8  4096  0.2224E-09
 1  4096  8  4096  0.2260E-09
 1  4096  8  4096  0.2141E-09
 1  4096  9  4096  0.1740E-09
 1  4096  9  4096  0.1730E-09
 1  4096  9  4096  0.1761E-09
 1  4096  9  4096  0.1775E-09
 1  4096  9  4096  0.1785E-09
 1  4096  9  4096  0.1713E-09
 1  4096  9  4096  0.1761E-09
 1  4096  9  4096  0.1709E-09
 1  4096  9  4096  0.1731E-09
 1  4096  9  4096  0.1804E-09
 1  4096  10  4096  0.1447E-09
 1  4096  10  4096  0.1418E-09
 1  4096  10  4096  0.1422E-09
 1  4096  10  4096  0.1448E-09
 1  4096  10  4096  0.1468E-09
 1  4096  10  4096  0.1469E-09
 1  4096  10  4096  0.1416E-09
 1  4096  10  4096  0.1421E-09
 1  4096  10  4096  0.1425E-09
 1  4096  10  4096  0.1467E-09
 1  4096  11  4096  0.1211E-09
 1  4096  11  4096  0.1232E-09
 1  4096  11  4096  0.1263E-09
 1  4096  11  4096  0.1249E-09
 1  4096  11  4096  0.1217E-09
 1  4096  11  4096  0.1195E-09
 1  4096  11  4096  0.1229E-09
 1  4096  11  4096  0.1285E-09
 1  4096  11  4096  0.1259E-09
 1  4096  11  4096  0.1227E-09
 1  4096  12  4096  0.1046E-09
 1  4096  12  4096  0.1000E-09
 1  4096  12  4096  0.9851E-10
 1  4096  12  4096  0.1013E-09
 1  4096  12  4096  0.1055E-09
 1  4096  12  4096  0.1031E-09
 1  4096  12  4096  0.1004E-09
 1  4096  12  4096  0.9971E-10
 1  4096  12  4096  0.1029E-09
 1  4096  12  4096  0.1033E-09
 1  4096  13  4096  0.8713E-10
 1  4096  13  4096  0.8681E-10
 1  4096  13  4096  0.8920E-10
 1  4096  13  4096  0.8933E-10
 1  4096  13  4096  0.8623E-10
 1  4096  13  4096  0.8537E-10
 1  4096  13  4096  0.8965E-10
 1  4096  13  4096  0.8943E-10
 1  4096  13  4096  0.8715E-10
 1  4096  13  4096  0.8541E-10
 1  4096  14  4096  0.7698E-10
 1  4096  14  4096  0.7509E-10
 1  4096  14  4096  0.7331E-10
 1  4096  14  4096  0.7388E-10
 1  4096  14  4096  0.7563E-10
 1  4096  14  4096  0.7485E-10
 1  4096  14  4096  0.7396E-10
 1  4096  14  4096  0.7459E-10
 1  4096  14  4096  0.7623E-10
 1  4096  14  4096  0.7579E-10
 1  4096  15  4096  0.6731E-10
 1  4096  15  4096  0.6627E-10
 1  4096  15  4096  0.6571E-10
 1  4096  15  4096  0.6585E-10
 1  4096  15  4096  0.6701E-10
 1  4096  15  4096  0.6539E-10
 1  4096  15  4096  0.6604E-10
 1  4096  15  4096  0.6646E-10
 1  4096  15  4096  0.6727E-10
 1  4096  15  4096  0.6557E-10
 1  4096  16  4096  0.5905E-10
 1  4096  16  4096  0.5946E-10
 1  4096  16  4096  0.5875E-10
 1  4096  16  4096  0.5865E-10
 1  4096  16  4096  0.5960E-10
 1  4096  16  4096  0.5795E-10
 1  4096  16  4096  0.5741E-10
 1  4096  16  4096  0.5923E-10
 1  4096  16  4096  0.5832E-10
 1  4096  16  4096  0.5766E-10
 1  4096  17  4096  0.5721E-10
 1  4096  17  4096  0.5543E-10
 1  4096  17  4096  0.5575E-10
 1  4096  17  4096  0.5725E-10
 1  4096  17  4096  0.5594E-10
 1  4096  17  4096  0.5619E-10
 1  4096  17  4096  0.5777E-10
 1  4096  17  4096  0.5597E-10
 1  4096  17  4096  0.5649E-10
 1  4096  17  4096  0.5778E-10
 1  4096  18  4096  0.5165E-10
 1  4096  18  4096  0.5159E-10
 1  4096  18  4096  0.4984E-10
 1  4096  18  4096  0.5200E-10
 1  4096  18  4096  0.5161E-10
 1  4096  18  4096  0.5029E-10
 1  4096  18  4096  0.5231E-10
 1  4096  18  4096  0.5035E-10
 1  4096  18  4096  0.5074E-10
 1  4096  18  4096  0.5222E-10
 1  4096  19  4096  0.4848E-10
 1  4096  19  4096  0.4891E-10
 1  4096  19  4096  0.4780E-10
 1  4096  19  4096  0.4808E-10
 1  4096  19  4096  0.4873E-10
 1  4096  19  4096  0.4813E-10
 1  4096  19  4096  0.4847E-10
 1  4096  19  4096  0.4821E-10
 1  4096  19  4096  0.4774E-10
 1  4096  19  4096  0.4858E-10
 1  4096  20  4096  0.4465E-10
 1  4096  20  4096  0.4380E-10
 1  4096  20  4096  0.4421E-10
 1  4096  20  4096  0.4415E-10
 1  4096  20  4096  0.4365E-10
 1  4096  20  4096  0.4425E-10
 1  4096  20  4096  0.4336E-10
 1  4096  20  4096  0.4424E-10
 1  4096  20  4096  0.4372E-10
 1  4096  20  4096  0.4419E-10
