 1  8192  3  8192  0.1573E-08
 1  8192  3  8192  0.1593E-08
 1  8192  3  8192  0.1573E-08
 1  8192  3  8192  0.1539E-08
 1  8192  3  8192  0.1518E-08
 1  8192  3  8192  0.1427E-08
 1  8192  3  8192  0.1419E-08
 1  8192  3  8192  0.1401E-08
 1  8192  3  8192  0.1410E-08
 1  8192  3  8192  0.1452E-08
 1  8192  4  8192  0.6316E-09
 1  8192  4  8192  0.5944E-09
 1  8192  4  8192  0.5892E-09
 1  8192  4  8192  0.5948E-09
 1  8192  4  8192  0.6092E-09
 1  8192  4  8192  0.6233E-09
 1  8192  4  8192  0.6688E-09
 1  8192  4  8192  0.6565E-09
 1  8192  4  8192  0.6761E-09
 1  8192  4  8192  0.6495E-09
 1  8192  5  8192  0.3452E-09
 1  8192  5  8192  0.3530E-09
 1  8192  5  8192  0.3754E-09
 1  8192  5  8192  0.3531E-09
 1  8192  5  8192  0.3289E-09
 1  8192  5  8192  0.3241E-09
 1  8192  5  8192  0.3128E-09
 1  8192  5  8192  0.3171E-09
 1  8192  5  8192  0.3331E-09
 1  8192  5  8192  0.3453E-09
 1  8192  6  8192  0.2188E-09
 1  8192  6  8192  0.2026E-09
 1  8192  6  8192  0.1887E-09
 1  8192  6  8192  0.1901E-09
 1  8192  6  8192  0.1872E-09
 1  8192  6  8192  0.1985E-09
 1  8192  6  8192  0.2091E-09
 1  8192  6  8192  0.2176E-09
 1  8192  6  8192  0.2128E-09
 1  8192  6  8192  0.2078E-09
 1  8192  7  8192  0.1301E-09
 1  8192  7  8192  0.1297E-09
 1  8192  7  8192  0.1335E-09
 1  8192  7  8192  0.1435E-09
 1  8192  7  8192  0.1475E-09
 1  8192  7  8192  0.1446E-09
 1  8192  7  8192  0.1403E-09
 1  8192  7  8192  0.1311E-09
 1  8192  7  8192  0.1336E-09
 1  8192  7  8192  0.1248E-09
 1  8192  8  8192  0.1003E-09
 1  8192  8  8192  0.9808E-10
 1  8192  8  8192  0.9488E-10
 1  8192  8  8192  0.9549E-10
 1  8192  8  8192  0.1014E-09
 1  8192  8  8192  0.1055E-09
 1  8192  8  8192  0.1047E-09
 1  8192  8  8192  0.1049E-09
 1  8192  8  8192  0.9744E-10
 1  8192  8  8192  0.9523E-10
 1  8192  9  8192  0.8886E-10
 1  8192  9  8192  0.8864E-10
 1  8192  9  8192  0.8353E-10
 1  8192  9  8192  0.8050E-10
 1  8192  9  8192  0.8002E-10
 1  8192  9  8192  0.7822E-10
 1  8192  9  8192  0.8014E-10
 1  8192  9  8192  0.8401E-10
 1  8192  9  8192  0.8777E-10
 1  8192  9  8192  0.8163E-10
 1  8192  10  8192  0.6765E-10
 1  8192  10  8192  0.6579E-10
 1  8192  10  8192  0.6607E-10
 1  8192  10  8192  0.6866E-10
 1  8192  10  8192  0.7053E-10
 1  8192  10  8192  0.6947E-10
 1  8192  10  8192  0.6713E-10
 1  8192  10  8192  0.6502E-10
 1  8192  10  8192  0.6494E-10
 1  8192  10  8192  0.6740E-10
 1  8192  11  8192  0.5900E-10
 1  8192  11  8192  0.6030E-10
 1  8192  11  8192  0.5972E-10
 1  8192  11  8192  0.5930E-10
 1  8192  11  8192  0.5796E-10
 1  8192  11  8192  0.5881E-10
 1  8192  11  8192  0.6016E-10
 1  8192  11  8192  0.6028E-10
 1  8192  11  8192  0.5917E-10
 1  8192  11  8192  0.5835E-10
 1  8192  12  8192  0.4907E-10
 1  8192  12  8192  0.4790E-10
 1  8192  12  8192  0.4696E-10
 1  8192  12  8192  0.4712E-10
 1  8192  12  8192  0.4876E-10
 1  8192  12  8192  0.4838E-10
 1  8192  12  8192  0.4758E-10
 1  8192  12  8192  0.4705E-10
 1  8192  12  8192  0.4762E-10
 1  8192  12  8192  0.4883E-10
 1  8192  13  8192  0.4178E-10
 1  8192  13  8192  0.4135E-10
 1  8192  13  8192  0.4137E-10
 1  8192  13  8192  0.4151E-10
 1  8192  13  8192  0.4060E-10
 1  8192  13  8192  0.4198E-10
 1  8192  13  8192  0.4088E-10
 1  8192  13  8192  0.4106E-10
 1  8192  13  8192  0.4082E-10
 1  8192  13  8192  0.4137E-10
 1  8192  14  8192  0.3605E-10
 1  8192  14  8192  0.3469E-10
 1  8192  14  8192  0.3537E-10
 1  8192  14  8192  0.3562E-10
 1  8192  14  8192  0.3589E-10
 1  8192  14  8192  0.3460E-10
 1  8192  14  8192  0.3502E-10
 1  8192  14  8192  0.3510E-10
 1  8192  14  8192  0.3572E-10
 1  8192  14  8192  0.3454E-10
 1  8192  15  8192  0.3284E-10
 1  8192  15  8192  0.3072E-10
 1  8192  15  8192  0.3016E-10
 1  8192  15  8192  0.3213E-10
 1  8192  15  8192  0.3210E-10
 1  8192  15  8192  0.3098E-10
 1  8192  15  8192  0.3075E-10
 1  8192  15  8192  0.3278E-10
 1  8192  15  8192  0.3169E-10
 1  8192  15  8192  0.3018E-10
 1  8192  16  8192  0.2740E-10
 1  8192  16  8192  0.2824E-10
 1  8192  16  8192  0.2801E-10
 1  8192  16  8192  0.2723E-10
 1  8192  16  8192  0.2753E-10
 1  8192  16  8192  0.2825E-10
 1  8192  16  8192  0.2777E-10
 1  8192  16  8192  0.2737E-10
 1  8192  16  8192  0.2878E-10
 1  8192  16  8192  0.2819E-10
 1  8192  17  8192  0.2676E-10
 1  8192  17  8192  0.2643E-10
 1  8192  17  8192  0.2684E-10
 1  8192  17  8192  0.2703E-10
 1  8192  17  8192  0.2651E-10
 1  8192  17  8192  0.2666E-10
 1  8192  17  8192  0.2680E-10
 1  8192  17  8192  0.2638E-10
 1  8192  17  8192  0.2700E-10
 1  8192  17  8192  0.2705E-10
 1  8192  18  8192  0.2460E-10
 1  8192  18  8192  0.2384E-10
 1  8192  18  8192  0.2372E-10
 1  8192  18  8192  0.2446E-10
 1  8192  18  8192  0.2343E-10
 1  8192  18  8192  0.2386E-10
 1  8192  18  8192  0.2442E-10
 1  8192  18  8192  0.2374E-10
 1  8192  18  8192  0.2416E-10
 1  8192  18  8192  0.2473E-10
 1  8192  19  8192  0.2324E-10
 1  8192  19  8192  0.2305E-10
 1  8192  19  8192  0.2293E-10
 1  8192  19  8192  0.2295E-10
 1  8192  19  8192  0.2271E-10
 1  8192  19  8192  0.2322E-10
 1  8192  19  8192  0.2341E-10
 1  8192  19  8192  0.2340E-10
 1  8192  19  8192  0.2346E-10
 1  8192  19  8192  0.2312E-10
 1  8192  20  8192  0.2098E-10
 1  8192  20  8192  0.2127E-10
 1  8192  20  8192  0.2102E-10
 1  8192  20  8192  0.2124E-10
 1  8192  20  8192  0.2105E-10
 1  8192  20  8192  0.2113E-10
 1  8192  20  8192  0.2165E-10
 1  8192  20  8192  0.2125E-10
 1  8192  20  8192  0.2133E-10
 1  8192  20  8192  0.2115E-10
