 1  64  3  64  0.2047E-06
 1  64  3  64  0.8237E-07
 1  64  3  64  0.7464E-07
 1  64  3  64  0.7524E-07
 1  64  3  64  0.7368E-07
 1  64  3  64  0.7391E-07
 1  64  3  64  0.7598E-07
 1  64  3  64  0.7175E-07
 1  64  3  64  0.7234E-07
 1  64  3  64  0.8007E-07
 1  64  4  64  0.6723E-07
 1  64  4  64  0.4061E-07
 1  64  4  64  0.3467E-07
 1  64  4  64  0.3368E-07
 1  64  4  64  0.3355E-07
 1  64  4  64  0.3198E-07
 1  64  4  64  0.3304E-07
 1  64  4  64  0.3254E-07
 1  64  4  64  0.3646E-07
 1  64  4  64  0.3304E-07
 1  64  5  64  0.5596E-07
 1  64  5  64  0.2021E-07
 1  64  5  64  0.1899E-07
 1  64  5  64  0.1850E-07
 1  64  5  64  0.1920E-07
 1  64  5  64  0.1859E-07
 1  64  5  64  0.2092E-07
 1  64  5  64  0.1966E-07
 1  64  5  64  0.1942E-07
 1  64  5  64  0.1913E-07
 1  64  6  64  0.3402E-07
 1  64  6  64  0.1141E-07
 1  64  6  64  0.1131E-07
 1  64  6  64  0.1116E-07
 1  64  6  64  0.1114E-07
 1  64  6  64  0.1133E-07
 1  64  6  64  0.1227E-07
 1  64  6  64  0.1116E-07
 1  64  6  64  0.1069E-07
 1  64  6  64  0.1112E-07
 1  64  7  64  0.2079E-07
 1  64  7  64  0.8091E-08
 1  64  7  64  0.7791E-08
 1  64  7  64  0.8685E-08
 1  64  7  64  0.7896E-08
 1  64  7  64  0.8410E-08
 1  64  7  64  0.7758E-08
 1  64  7  64  0.8066E-08
 1  64  7  64  0.7621E-08
 1  64  7  64  0.8229E-08
 1  64  8  64  0.1467E-07
 1  64  8  64  0.7019E-08
 1  64  8  64  0.6662E-08
 1  64  8  64  0.6633E-08
 1  64  8  64  0.6296E-08
 1  64  8  64  0.6570E-08
 1  64  8  64  0.6337E-08
 1  64  8  64  0.6012E-08
 1  64  8  64  0.5952E-08
 1  64  8  64  0.5959E-08
 1  64  9  64  0.2510E-08
 1  64  9  64  0.2427E-08
 1  64  9  64  0.2435E-08
 1  64  9  64  0.2400E-08
 1  64  9  64  0.2400E-08
 1  64  9  64  0.2426E-08
 1  64  9  64  0.2400E-08
 1  64  9  64  0.2394E-08
 1  64  9  64  0.2466E-08
 1  64  9  64  0.2403E-08
 1  64  10  64  0.2370E-08
 1  64  10  64  0.2267E-08
 1  64  10  64  0.2279E-08
 1  64  10  64  0.2276E-08
 1  64  10  64  0.2276E-08
 1  64  10  64  0.2273E-08
 1  64  10  64  0.2281E-08
 1  64  10  64  0.2265E-08
 1  64  10  64  0.2266E-08
 1  64  10  64  0.2274E-08
 1  64  11  64  0.2388E-08
 1  64  11  64  0.2313E-08
 1  64  11  64  0.2312E-08
 1  64  11  64  0.2308E-08
 1  64  11  64  0.2320E-08
 1  64  11  64  0.2312E-08
 1  64  11  64  0.2320E-08
 1  64  11  64  0.2320E-08
 1  64  11  64  0.2312E-08
 1  64  11  64  0.2294E-08
 1  64  13  64  0.2178E-08
 1  64  13  64  0.2153E-08
 1  64  13  64  0.2160E-08
 1  64  13  64  0.2156E-08
 1  64  13  64  0.2153E-08
 1  64  13  64  0.2143E-08
 1  64  13  64  0.2152E-08
 1  64  13  64  0.2142E-08
 1  64  13  64  0.2156E-08
 1  64  13  64  0.2163E-08
 1  64  14  64  0.1967E-08
 1  64  14  64  0.1943E-08
 1  64  14  64  0.1943E-08
 1  64  14  64  0.1940E-08
 1  64  14  64  0.1932E-08
 1  64  14  64  0.1937E-08
 1  64  14  64  0.1944E-08
 1  64  14  64  0.1933E-08
 1  64  14  64  0.1936E-08
 1  64  14  64  0.1939E-08
 1  64  15  64  0.1944E-08
 1  64  15  64  0.1940E-08
 1  64  15  64  0.1928E-08
 1  64  15  64  0.1923E-08
 1  64  15  64  0.1920E-08
 1  64  15  64  0.1927E-08
 1  64  15  64  0.1922E-08
 1  64  15  64  0.1934E-08
 1  64  15  64  0.1925E-08
 1  64  15  64  0.1934E-08
 1  64  16  64  0.1846E-08
 1  64  16  64  0.1832E-08
 1  64  16  64  0.1823E-08
 1  64  16  64  0.1830E-08
 1  64  16  64  0.1826E-08
 1  64  16  64  0.1826E-08
 1  64  16  64  0.1822E-08
 1  64  16  64  0.1823E-08
 1  64  16  64  0.1836E-08
 1  64  16  64  0.1818E-08
 1  64  17  64  0.1968E-08
 1  64  17  64  0.1960E-08
 1  64  17  64  0.1963E-08
 1  64  17  64  0.1961E-08
 1  64  17  64  0.1955E-08
 1  64  17  64  0.1961E-08
 1  64  17  64  0.1958E-08
 1  64  17  64  0.1957E-08
 1  64  17  64  0.1967E-08
 1  64  17  64  0.1959E-08
 1  64  18  64  0.1805E-08
 1  64  18  64  0.1794E-08
 1  64  18  64  0.1792E-08
 1  64  18  64  0.1794E-08
 1  64  18  64  0.1791E-08
 1  64  18  64  0.1796E-08
 1  64  18  64  0.1791E-08
 1  64  18  64  0.1795E-08
 1  64  18  64  0.1792E-08
 1  64  18  64  0.1794E-08
 1  64  19  64  0.1825E-08
 1  64  19  64  0.1810E-08
 1  64  19  64  0.1814E-08
 1  64  19  64  0.1810E-08
 1  64  19  64  0.1814E-08
 1  64  19  64  0.1811E-08
 1  64  19  64  0.1814E-08
 1  64  19  64  0.1818E-08
 1  64  19  64  0.1815E-08
 1  64  19  64  0.1811E-08
 1  64  20  64  0.1722E-08
 1  64  20  64  0.1716E-08
 1  64  20  64  0.1715E-08
 1  64  20  64  0.1715E-08
 1  64  20  64  0.1715E-08
 1  64  20  64  0.1715E-08
 1  64  20  64  0.1718E-08
 1  64  20  64  0.1719E-08
 1  64  20  64  0.1714E-08
 1  64  20  64  0.1719E-08
