 1  128  3  128  0.2817E-07
 1  128  3  128  0.2658E-07
 1  128  3  128  0.7099E-07
 1  128  3  128  0.6694E-07
 1  128  3  128  0.6480E-07
 1  128  3  128  0.6299E-07
 1  128  3  128  0.6779E-07
 1  128  3  128  0.6269E-07
 1  128  3  128  0.6115E-07
 1  128  3  128  0.6020E-07
 1  128  4  128  0.1282E-07
 1  128  4  128  0.1187E-07
 1  128  4  128  0.1186E-07
 1  128  4  128  0.1215E-07
 1  128  4  128  0.3654E-07
 1  128  4  128  0.2865E-07
 1  128  4  128  0.3466E-07
 1  128  4  128  0.2804E-07
 1  128  4  128  0.2946E-07
 1  128  4  128  0.2783E-07
 1  128  5  128  0.7337E-08
 1  128  5  128  0.6761E-08
 1  128  5  128  0.6666E-08
 1  128  5  128  0.6660E-08
 1  128  5  128  0.6674E-08
 1  128  5  128  0.6689E-08
 1  128  5  128  0.1300E-07
 1  128  5  128  0.1217E-07
 1  128  5  128  0.1239E-07
 1  128  5  128  0.1163E-07
 1  128  6  128  0.4687E-08
 1  128  6  128  0.4329E-08
 1  128  6  128  0.4240E-08
 1  128  6  128  0.4237E-08
 1  128  6  128  0.4328E-08
 1  128  6  128  0.4294E-08
 1  128  6  128  0.4277E-08
 1  128  6  128  0.4276E-08
 1  128  6  128  0.4359E-08
 1  128  6  128  0.8730E-08
 1  128  7  128  0.3428E-08
 1  128  7  128  0.3168E-08
 1  128  7  128  0.3107E-08
 1  128  7  128  0.3127E-08
 1  128  7  128  0.3098E-08
 1  128  7  128  0.3094E-08
 1  128  7  128  0.3103E-08
 1  128  7  128  0.3102E-08
 1  128  7  128  0.3101E-08
 1  128  7  128  0.3093E-08
 1  128  8  128  0.2669E-08
 1  128  8  128  0.2495E-08
 1  128  8  128  0.2455E-08
 1  128  8  128  0.2441E-08
 1  128  8  128  0.2437E-08
 1  128  8  128  0.2460E-08
 1  128  8  128  0.2456E-08
 1  128  8  128  0.2470E-08
 1  128  8  128  0.2458E-08
 1  128  8  128  0.2455E-08
 1  128  9  128  0.2440E-08
 1  128  9  128  0.2269E-08
 1  128  9  128  0.2228E-08
 1  128  9  128  0.2241E-08
 1  128  9  128  0.2246E-08
 1  128  9  128  0.2226E-08
 1  128  9  128  0.2223E-08
 1  128  9  128  0.2236E-08
 1  128  9  128  0.2226E-08
 1  128  9  128  0.2236E-08
 1  128  10  128  0.2266E-08
 1  128  10  128  0.2146E-08
 1  128  10  128  0.2153E-08
 1  128  10  128  0.2126E-08
 1  128  10  128  0.2133E-08
 1  128  10  128  0.2137E-08
 1  128  10  128  0.2131E-08
 1  128  10  128  0.2130E-08
 1  128  10  128  0.2138E-08
 1  128  10  128  0.2130E-08
 1  128  11  128  0.2140E-08
 1  128  11  128  0.2047E-08
 1  128  11  128  0.2029E-08
 1  128  11  128  0.2033E-08
 1  128  11  128  0.2031E-08
 1  128  11  128  0.2032E-08
 1  128  11  128  0.2047E-08
 1  128  11  128  0.2029E-08
 1  128  11  128  0.2058E-08
 1  128  11  128  0.2026E-08
 1  128  12  128  0.1923E-08
 1  128  12  128  0.1840E-08
 1  128  12  128  0.1833E-08
 1  128  12  128  0.1824E-08
 1  128  12  128  0.1817E-08
 1  128  12  128  0.1818E-08
 1  128  12  128  0.1810E-08
 1  128  12  128  0.1818E-08
 1  128  12  128  0.1821E-08
 1  128  12  128  0.1827E-08
 1  128  13  128  0.1775E-08
 1  128  13  128  0.1703E-08
 1  128  13  128  0.1695E-08
 1  128  13  128  0.1695E-08
 1  128  13  128  0.1710E-08
 1  128  13  128  0.1709E-08
 1  128  13  128  0.1696E-08
 1  128  13  128  0.1703E-08
 1  128  13  128  0.1704E-08
 1  128  13  128  0.1697E-08
 1  128  14  128  0.1629E-08
 1  128  14  128  0.1565E-08
 1  128  14  128  0.1562E-08
 1  128  14  128  0.1559E-08
 1  128  14  128  0.1565E-08
 1  128  14  128  0.1567E-08
 1  128  14  128  0.1566E-08
 1  128  14  128  0.1559E-08
 1  128  14  128  0.1562E-08
 1  128  14  128  0.1555E-08
 1  128  15  128  0.1544E-08
 1  128  15  128  0.1489E-08
 1  128  15  128  0.1493E-08
 1  128  15  128  0.1483E-08
 1  128  15  128  0.1486E-08
 1  128  15  128  0.1493E-08
 1  128  15  128  0.1490E-08
 1  128  15  128  0.1491E-08
 1  128  15  128  0.1494E-08
 1  128  15  128  0.1499E-08
 1  128  16  128  0.1063E-08
 1  128  16  128  0.1034E-08
 1  128  16  128  0.1038E-08
 1  128  16  128  0.1036E-08
 1  128  16  128  0.1037E-08
 1  128  16  128  0.1032E-08
 1  128  16  128  0.1042E-08
 1  128  16  128  0.1029E-08
 1  128  16  128  0.1036E-08
 1  128  16  128  0.1039E-08
 1  128  17  128  0.1092E-08
 1  128  17  128  0.1070E-08
 1  128  17  128  0.1070E-08
 1  128  17  128  0.1086E-08
 1  128  17  128  0.1074E-08
 1  128  17  128  0.1069E-08
 1  128  17  128  0.1071E-08
 1  128  17  128  0.1069E-08
 1  128  17  128  0.1070E-08
 1  128  17  128  0.1070E-08
 1  128  18  128  0.1049E-08
 1  128  18  128  0.1036E-08
 1  128  18  128  0.1036E-08
 1  128  18  128  0.1055E-08
 1  128  18  128  0.1033E-08
 1  128  18  128  0.1036E-08
 1  128  18  128  0.1036E-08
 1  128  18  128  0.1035E-08
 1  128  18  128  0.1031E-08
 1  128  18  128  0.1038E-08
 1  128  19  128  0.1099E-08
 1  128  19  128  0.1083E-08
 1  128  19  128  0.1081E-08
 1  128  19  128  0.1084E-08
 1  128  19  128  0.1078E-08
 1  128  19  128  0.1076E-08
 1  128  19  128  0.1081E-08
 1  128  19  128  0.1078E-08
 1  128  19  128  0.1077E-08
 1  128  19  128  0.1080E-08
 1  128  20  128  0.1034E-08
 1  128  20  128  0.1018E-08
 1  128  20  128  0.1017E-08
 1  128  20  128  0.1013E-08
 1  128  20  128  0.1014E-08
 1  128  20  128  0.1013E-08
 1  128  20  128  0.1014E-08
 1  128  20  128  0.1017E-08
 1  128  20  128  0.1012E-08
 1  128  20  128  0.1017E-08
