 1  64  3  64  0.7989E-07
 1  64  3  64  0.7662E-07
 1  64  3  64  0.7633E-07
 1  64  3  64  0.7649E-07
 1  64  3  64  0.7608E-07
 1  64  3  64  0.7629E-07
 1  64  3  64  0.7669E-07
 1  64  3  64  0.7618E-07
 1  64  3  64  0.7600E-07
 1  64  3  64  0.7677E-07
 1  64  4  64  0.3556E-07
 1  64  4  64  0.3426E-07
 1  64  4  64  0.3389E-07
 1  64  4  64  0.3405E-07
 1  64  4  64  0.3409E-07
 1  64  4  64  0.3372E-07
 1  64  4  64  0.3453E-07
 1  64  4  64  0.3408E-07
 1  64  4  64  0.3384E-07
 1  64  4  64  0.3390E-07
 1  64  5  64  0.2043E-07
 1  64  5  64  0.1865E-07
 1  64  5  64  0.1846E-07
 1  64  5  64  0.1857E-07
 1  64  5  64  0.1828E-07
 1  64  5  64  0.1846E-07
 1  64  5  64  0.1843E-07
 1  64  5  64  0.1838E-07
 1  64  5  64  0.1837E-07
 1  64  5  64  0.1848E-07
 1  64  6  64  0.1208E-07
 1  64  6  64  0.1142E-07
 1  64  6  64  0.1138E-07
 1  64  6  64  0.1125E-07
 1  64  6  64  0.1123E-07
 1  64  6  64  0.1135E-07
 1  64  6  64  0.1124E-07
 1  64  6  64  0.1117E-07
 1  64  6  64  0.1116E-07
 1  64  6  64  0.1115E-07
 1  64  7  64  0.8267E-08
 1  64  7  64  0.7868E-08
 1  64  7  64  0.7694E-08
 1  64  7  64  0.7710E-08
 1  64  7  64  0.7740E-08
 1  64  7  64  0.7703E-08
 1  64  7  64  0.7648E-08
 1  64  7  64  0.7640E-08
 1  64  7  64  0.7692E-08
 1  64  7  64  0.7678E-08
 1  64  8  64  0.6001E-08
 1  64  8  64  0.5658E-08
 1  64  8  64  0.5604E-08
 1  64  8  64  0.5575E-08
 1  64  8  64  0.5591E-08
 1  64  8  64  0.5583E-08
 1  64  8  64  0.5527E-08
 1  64  8  64  0.5545E-08
 1  64  8  64  0.5565E-08
 1  64  8  64  0.5534E-08
 1  64  9  64  0.4905E-08
 1  64  9  64  0.4574E-08
 1  64  9  64  0.4576E-08
 1  64  9  64  0.4563E-08
 1  64  9  64  0.4600E-08
 1  64  9  64  0.4543E-08
 1  64  9  64  0.4568E-08
 1  64  9  64  0.4564E-08
 1  64  9  64  0.4586E-08
 1  64  9  64  0.4532E-08
 1  64  10  64  0.4340E-08
 1  64  10  64  0.4142E-08
 1  64  10  64  0.4061E-08
 1  64  10  64  0.4048E-08
 1  64  10  64  0.4075E-08
 1  64  10  64  0.4086E-08
 1  64  10  64  0.4055E-08
 1  64  10  64  0.4043E-08
 1  64  10  64  0.4036E-08
 1  64  10  64  0.4037E-08
 1  64  11  64  0.4181E-08
 1  64  11  64  0.3950E-08
 1  64  11  64  0.3939E-08
 1  64  11  64  0.3927E-08
 1  64  11  64  0.3921E-08
 1  64  11  64  0.3942E-08
 1  64  11  64  0.3928E-08
 1  64  11  64  0.3924E-08
 1  64  11  64  0.3919E-08
 1  64  11  64  0.3923E-08
 1  64  13  64  0.3963E-08
 1  64  13  64  0.3846E-08
 1  64  13  64  0.3831E-08
 1  64  13  64  0.3827E-08
 1  64  13  64  0.3833E-08
 1  64  13  64  0.3833E-08
 1  64  13  64  0.3835E-08
 1  64  13  64  0.3828E-08
 1  64  13  64  0.3839E-08
 1  64  13  64  0.3834E-08
 1  64  14  64  0.3663E-08
 1  64  14  64  0.3551E-08
 1  64  14  64  0.3563E-08
 1  64  14  64  0.3559E-08
 1  64  14  64  0.3555E-08
 1  64  14  64  0.3562E-08
 1  64  14  64  0.3551E-08
 1  64  14  64  0.3556E-08
 1  64  14  64  0.3573E-08
 1  64  14  64  0.3547E-08
 1  64  15  64  0.3517E-08
 1  64  15  64  0.3420E-08
 1  64  15  64  0.3427E-08
 1  64  15  64  0.3432E-08
 1  64  15  64  0.3436E-08
 1  64  15  64  0.3436E-08
 1  64  15  64  0.3416E-08
 1  64  15  64  0.3425E-08
 1  64  15  64  0.3435E-08
 1  64  15  64  0.3433E-08
 1  64  16  64  0.3306E-08
 1  64  16  64  0.3269E-08
 1  64  16  64  0.3266E-08
 1  64  16  64  0.3252E-08
 1  64  16  64  0.3259E-08
 1  64  16  64  0.3289E-08
 1  64  16  64  0.3262E-08
 1  64  16  64  0.3261E-08
 1  64  16  64  0.3255E-08
 1  64  16  64  0.3266E-08
 1  64  17  64  0.3295E-08
 1  64  17  64  0.3263E-08
 1  64  17  64  0.3279E-08
 1  64  17  64  0.3265E-08
 1  64  17  64  0.3265E-08
 1  64  17  64  0.3281E-08
 1  64  17  64  0.3263E-08
 1  64  17  64  0.3259E-08
 1  64  17  64  0.3276E-08
 1  64  17  64  0.3274E-08
 1  64  18  64  0.2840E-08
 1  64  18  64  0.2818E-08
 1  64  18  64  0.2813E-08
 1  64  18  64  0.2811E-08
 1  64  18  64  0.2818E-08
 1  64  18  64  0.2812E-08
 1  64  18  64  0.2812E-08
 1  64  18  64  0.2815E-08
 1  64  18  64  0.2823E-08
 1  64  18  64  0.2813E-08
 1  64  19  64  0.2772E-08
 1  64  19  64  0.2763E-08
 1  64  19  64  0.2764E-08
 1  64  19  64  0.2757E-08
 1  64  19  64  0.2766E-08
 1  64  19  64  0.2766E-08
 1  64  19  64  0.2760E-08
 1  64  19  64  0.2765E-08
 1  64  19  64  0.2759E-08
 1  64  19  64  0.2757E-08
 1  64  20  64  0.2641E-08
 1  64  20  64  0.2631E-08
 1  64  20  64  0.2636E-08
 1  64  20  64  0.2638E-08
 1  64  20  64  0.2635E-08
 1  64  20  64  0.2637E-08
 1  64  20  64  0.2636E-08
 1  64  20  64  0.2636E-08
 1  64  20  64  0.2631E-08
 1  64  20  64  0.2634E-08
