 1  16  3  16  0.2415E-06
 1  16  3  16  0.1095E-06
 1  16  3  16  0.1027E-06
 1  16  3  16  0.1017E-06
 1  16  3  16  0.1049E-06
 1  16  3  16  0.1049E-06
 1  16  3  16  0.1017E-06
 1  16  3  16  0.9566E-07
 1  16  3  16  0.9401E-07
 1  16  3  16  0.9272E-07
 1  16  4  16  0.1257E-06
 1  16  4  16  0.2476E-07
 1  16  4  16  0.4292E-07
 1  16  4  16  0.3617E-07
 1  16  4  16  0.3190E-07
 1  16  4  16  0.3679E-07
 1  16  4  16  0.2305E-07
 1  16  4  16  0.3322E-07
 1  16  4  16  0.2872E-07
 1  16  4  16  0.2181E-07
 1  16  5  16  0.7518E-07
 1  16  5  16  0.2468E-07
 1  16  5  16  0.2233E-07
 1  16  5  16  0.2285E-07
 1  16  5  16  0.2082E-07
 1  16  5  16  0.2066E-07
 1  16  5  16  0.2170E-07
 1  16  5  16  0.2031E-07
 1  16  5  16  0.2801E-07
 1  16  5  16  0.2201E-07
 1  16  6  16  0.5296E-07
 1  16  6  16  0.9842E-08
 1  16  6  16  0.9175E-08
 1  16  6  16  0.8853E-08
 1  16  6  16  0.2014E-07
 1  16  6  16  0.9359E-08
 1  16  6  16  0.8761E-08
 1  16  6  16  0.9635E-08
 1  16  6  16  0.8669E-08
 1  16  6  16  0.8577E-08
 1  16  7  16  0.2126E-07
 1  16  7  16  0.1416E-07
 1  16  7  16  0.1542E-07
 1  16  7  16  0.1373E-07
 1  16  7  16  0.1445E-07
 1  16  7  16  0.1306E-07
 1  16  7  16  0.1415E-07
 1  16  7  16  0.1470E-07
 1  16  7  16  0.1342E-07
 1  16  7  16  0.1392E-07
 1  16  8  16  0.1864E-07
 1  16  8  16  0.1160E-07
 1  16  8  16  0.1116E-07
 1  16  8  16  0.1196E-07
 1  16  8  16  0.1160E-07
 1  16  8  16  0.1148E-07
 1  16  8  16  0.1274E-07
 1  16  8  16  0.1148E-07
 1  16  8  16  0.1144E-07
 1  16  8  16  0.1122E-07
 1  16  9  16  0.2015E-07
 1  16  9  16  0.1203E-07
 1  16  9  16  0.1172E-07
 1  16  9  16  0.1169E-07
 1  16  9  16  0.1457E-07
 1  16  9  16  0.1178E-07
 1  16  9  16  0.1166E-07
 1  16  9  16  0.1132E-07
 1  16  9  16  0.1109E-07
 1  16  9  16  0.1109E-07
 1  16  10  16  0.1856E-07
 1  16  10  16  0.1119E-07
 1  16  10  16  0.1102E-07
 1  16  10  16  0.1121E-07
 1  16  10  16  0.1273E-07
 1  16  10  16  0.1092E-07
 1  16  10  16  0.1135E-07
 1  16  10  16  0.1117E-07
 1  16  10  16  0.1123E-07
 1  16  10  16  0.1046E-07
 1  16  11  16  0.3650E-08
 1  16  11  16  0.3579E-08
 1  16  11  16  0.3666E-08
 1  16  11  16  0.1045E-07
 1  16  11  16  0.1099E-07
 1  16  11  16  0.1149E-07
 1  16  11  16  0.1030E-07
 1  16  11  16  0.1022E-07
 1  16  11  16  0.1086E-07
 1  16  11  16  0.1028E-07
 1  16  12  16  0.3573E-08
 1  16  12  16  0.3538E-08
 1  16  12  16  0.3540E-08
 1  16  12  16  0.3550E-08
 1  16  12  16  0.3533E-08
 1  16  12  16  0.3560E-08
 1  16  12  16  0.3591E-08
 1  16  12  16  0.8402E-08
 1  16  12  16  0.8247E-08
 1  16  12  16  0.8391E-08
 1  16  13  16  0.3955E-08
 1  16  13  16  0.3914E-08
 1  16  13  16  0.3917E-08
 1  16  13  16  0.3902E-08
 1  16  13  16  0.3917E-08
 1  16  13  16  0.3913E-08
 1  16  13  16  0.3914E-08
 1  16  13  16  0.3911E-08
 1  16  13  16  0.3909E-08
 1  16  13  16  0.3909E-08
 1  16  14  16  0.3894E-08
 1  16  14  16  0.3813E-08
 1  16  14  16  0.3810E-08
 1  16  14  16  0.3823E-08
 1  16  14  16  0.3804E-08
 1  16  14  16  0.3817E-08
 1  16  14  16  0.3807E-08
 1  16  14  16  0.3827E-08
 1  16  14  16  0.3806E-08
 1  16  14  16  0.3838E-08
 1  16  15  16  0.4310E-08
 1  16  15  16  0.4259E-08
 1  16  15  16  0.4256E-08
 1  16  15  16  0.4258E-08
 1  16  15  16  0.4261E-08
 1  16  15  16  0.4279E-08
 1  16  15  16  0.4254E-08
 1  16  15  16  0.4266E-08
 1  16  15  16  0.4263E-08
 1  16  15  16  0.4262E-08
 1  16  16  16  0.4188E-08
 1  16  16  16  0.4140E-08
 1  16  16  16  0.4161E-08
 1  16  16  16  0.4138E-08
 1  16  16  16  0.4142E-08
 1  16  16  16  0.4148E-08
 1  16  16  16  0.4146E-08
 1  16  16  16  0.4151E-08
 1  16  16  16  0.4138E-08
 1  16  16  16  0.4151E-08
 1  16  17  16  0.5144E-08
 1  16  17  16  0.5118E-08
 1  16  17  16  0.5119E-08
 1  16  17  16  0.5114E-08
 1  16  17  16  0.5119E-08
 1  16  17  16  0.5108E-08
 1  16  17  16  0.5109E-08
 1  16  17  16  0.5122E-08
 1  16  17  16  0.5117E-08
 1  16  17  16  0.5118E-08
 1  16  18  16  0.5080E-08
 1  16  18  16  0.5043E-08
 1  16  18  16  0.5048E-08
 1  16  18  16  0.5053E-08
 1  16  18  16  0.5043E-08
 1  16  18  16  0.5049E-08
 1  16  18  16  0.5046E-08
 1  16  18  16  0.5042E-08
 1  16  18  16  0.5040E-08
 1  16  18  16  0.5050E-08
 1  16  19  16  0.5419E-08
 1  16  19  16  0.5388E-08
 1  16  19  16  0.5377E-08
 1  16  19  16  0.5382E-08
 1  16  19  16  0.5381E-08
 1  16  19  16  0.5386E-08
 1  16  19  16  0.5393E-08
 1  16  19  16  0.5382E-08
 1  16  19  16  0.5381E-08
 1  16  19  16  0.5384E-08
 1  16  20  16  0.5252E-08
 1  16  20  16  0.5226E-08
 1  16  20  16  0.5209E-08
 1  16  20  16  0.5214E-08
 1  16  20  16  0.5232E-08
 1  16  20  16  0.5213E-08
 1  16  20  16  0.5212E-08
 1  16  20  16  0.5219E-08
 1  16  20  16  0.5217E-08
 1  16  20  16  0.5218E-08
