 1  2048  3  2048  0.6523E-08
 1  2048  3  2048  0.6535E-08
 1  2048  3  2048  0.6319E-08
 1  2048  3  2048  0.6345E-08
 1  2048  3  2048  0.6479E-08
 1  2048  3  2048  0.6383E-08
 1  2048  3  2048  0.6485E-08
 1  2048  3  2048  0.6435E-08
 1  2048  3  2048  0.6503E-08
 1  2048  3  2048  0.6413E-08
 1  2048  4  2048  0.2680E-08
 1  2048  4  2048  0.2721E-08
 1  2048  4  2048  0.2686E-08
 1  2048  4  2048  0.2738E-08
 1  2048  4  2048  0.2761E-08
 1  2048  4  2048  0.2766E-08
 1  2048  4  2048  0.2663E-08
 1  2048  4  2048  0.2715E-08
 1  2048  4  2048  0.2676E-08
 1  2048  4  2048  0.2662E-08
 1  2048  5  2048  0.1451E-08
 1  2048  5  2048  0.1449E-08
 1  2048  5  2048  0.1399E-08
 1  2048  5  2048  0.1411E-08
 1  2048  5  2048  0.1430E-08
 1  2048  5  2048  0.1440E-08
 1  2048  5  2048  0.1459E-08
 1  2048  5  2048  0.1486E-08
 1  2048  5  2048  0.1412E-08
 1  2048  5  2048  0.1398E-08
 1  2048  6  2048  0.8542E-09
 1  2048  6  2048  0.8402E-09
 1  2048  6  2048  0.8571E-09
 1  2048  6  2048  0.8619E-09
 1  2048  6  2048  0.8721E-09
 1  2048  6  2048  0.8688E-09
 1  2048  6  2048  0.8645E-09
 1  2048  6  2048  0.8290E-09
 1  2048  6  2048  0.8425E-09
 1  2048  6  2048  0.8393E-09
 1  2048  7  2048  0.5772E-09
 1  2048  7  2048  0.5691E-09
 1  2048  7  2048  0.5705E-09
 1  2048  7  2048  0.5644E-09
 1  2048  7  2048  0.5636E-09
 1  2048  7  2048  0.5970E-09
 1  2048  7  2048  0.5711E-09
 1  2048  7  2048  0.5729E-09
 1  2048  7  2048  0.5747E-09
 1  2048  7  2048  0.5769E-09
 1  2048  8  2048  0.4641E-09
 1  2048  8  2048  0.4621E-09
 1  2048  8  2048  0.4692E-09
 1  2048  8  2048  0.4632E-09
 1  2048  8  2048  0.4644E-09
 1  2048  8  2048  0.4592E-09
 1  2048  8  2048  0.4697E-09
 1  2048  8  2048  0.4616E-09
 1  2048  8  2048  0.4598E-09
 1  2048  8  2048  0.4693E-09
 1  2048  9  2048  0.3737E-09
 1  2048  9  2048  0.3685E-09
 1  2048  9  2048  0.3615E-09
 1  2048  9  2048  0.3549E-09
 1  2048  9  2048  0.3603E-09
 1  2048  9  2048  0.3678E-09
 1  2048  9  2048  0.3715E-09
 1  2048  9  2048  0.3741E-09
 1  2048  9  2048  0.3608E-09
 1  2048  9  2048  0.3588E-09
 1  2048  10  2048  0.2986E-09
 1  2048  10  2048  0.2932E-09
 1  2048  10  2048  0.2977E-09
 1  2048  10  2048  0.2969E-09
 1  2048  10  2048  0.2994E-09
 1  2048  10  2048  0.2977E-09
 1  2048  10  2048  0.2919E-09
 1  2048  10  2048  0.2892E-09
 1  2048  10  2048  0.2981E-09
 1  2048  10  2048  0.3010E-09
 1  2048  11  2048  0.2538E-09
 1  2048  11  2048  0.2509E-09
 1  2048  11  2048  0.2563E-09
 1  2048  11  2048  0.2603E-09
 1  2048  11  2048  0.2547E-09
 1  2048  11  2048  0.2530E-09
 1  2048  11  2048  0.2513E-09
 1  2048  11  2048  0.2578E-09
 1  2048  11  2048  0.2601E-09
 1  2048  11  2048  0.2533E-09
 1  2048  12  2048  0.2064E-09
 1  2048  12  2048  0.2032E-09
 1  2048  12  2048  0.2063E-09
 1  2048  12  2048  0.2131E-09
 1  2048  12  2048  0.2108E-09
 1  2048  12  2048  0.2031E-09
 1  2048  12  2048  0.2048E-09
 1  2048  12  2048  0.2088E-09
 1  2048  12  2048  0.2138E-09
 1  2048  12  2048  0.2066E-09
 1  2048  13  2048  0.1805E-09
 1  2048  13  2048  0.1816E-09
 1  2048  13  2048  0.1791E-09
 1  2048  13  2048  0.1762E-09
 1  2048  13  2048  0.1782E-09
 1  2048  13  2048  0.1818E-09
 1  2048  13  2048  0.1801E-09
 1  2048  13  2048  0.1747E-09
 1  2048  13  2048  0.1777E-09
 1  2048  13  2048  0.1806E-09
 1  2048  14  2048  0.1561E-09
 1  2048  14  2048  0.1548E-09
 1  2048  14  2048  0.1548E-09
 1  2048  14  2048  0.1539E-09
 1  2048  14  2048  0.1561E-09
 1  2048  14  2048  0.1574E-09
 1  2048  14  2048  0.1544E-09
 1  2048  14  2048  0.1520E-09
 1  2048  14  2048  0.1572E-09
 1  2048  14  2048  0.1577E-09
 1  2048  15  2048  0.1358E-09
 1  2048  15  2048  0.1356E-09
 1  2048  15  2048  0.1384E-09
 1  2048  15  2048  0.1366E-09
 1  2048  15  2048  0.1355E-09
 1  2048  15  2048  0.1401E-09
 1  2048  15  2048  0.1419E-09
 1  2048  15  2048  0.1357E-09
 1  2048  15  2048  0.1357E-09
 1  2048  15  2048  0.1400E-09
 1  2048  16  2048  0.1236E-09
 1  2048  16  2048  0.1204E-09
 1  2048  16  2048  0.1199E-09
 1  2048  16  2048  0.1204E-09
 1  2048  16  2048  0.1205E-09
 1  2048  16  2048  0.1192E-09
 1  2048  16  2048  0.1205E-09
 1  2048  16  2048  0.1201E-09
 1  2048  16  2048  0.1191E-09
 1  2048  16  2048  0.1209E-09
 1  2048  17  2048  0.1170E-09
 1  2048  17  2048  0.1172E-09
 1  2048  17  2048  0.1134E-09
 1  2048  17  2048  0.1178E-09
 1  2048  17  2048  0.1154E-09
 1  2048  17  2048  0.1145E-09
 1  2048  17  2048  0.1176E-09
 1  2048  17  2048  0.1151E-09
 1  2048  17  2048  0.1144E-09
 1  2048  17  2048  0.1171E-09
 1  2048  18  2048  0.1056E-09
 1  2048  18  2048  0.1049E-09
 1  2048  18  2048  0.1050E-09
 1  2048  18  2048  0.1053E-09
 1  2048  18  2048  0.1047E-09
 1  2048  18  2048  0.1050E-09
 1  2048  18  2048  0.1052E-09
 1  2048  18  2048  0.1046E-09
 1  2048  18  2048  0.1067E-09
 1  2048  18  2048  0.1043E-09
 1  2048  19  2048  0.9944E-10
 1  2048  19  2048  0.9828E-10
 1  2048  19  2048  0.9903E-10
 1  2048  19  2048  0.9855E-10
 1  2048  19  2048  0.9862E-10
 1  2048  19  2048  0.9881E-10
 1  2048  19  2048  0.9894E-10
 1  2048  19  2048  0.9890E-10
 1  2048  19  2048  0.9876E-10
 1  2048  19  2048  0.9960E-10
 1  2048  20  2048  0.9148E-10
 1  2048  20  2048  0.9159E-10
 1  2048  20  2048  0.9161E-10
 1  2048  20  2048  0.9166E-10
 1  2048  20  2048  0.9145E-10
 1  2048  20  2048  0.9178E-10
 1  2048  20  2048  0.9113E-10
 1  2048  20  2048  0.9207E-10
 1  2048  20  2048  0.9096E-10
 1  2048  20  2048  0.9084E-10
