 1  4  3  4  0.3459E-06
 1  4  3  4  0.2289E-06
 1  4  3  4  0.2502E-06
 1  4  3  4  0.2318E-06
 1  4  3  4  0.2472E-06
 1  4  3  4  0.3333E-06
 1  4  3  4  0.2009E-06
 1  4  3  4  0.2561E-06
 1  4  3  4  0.2406E-06
 1  4  3  4  0.2406E-06
 1  4  4  4  0.2434E-06
 1  4  4  4  0.1785E-06
 1  4  4  4  0.1589E-06
 1  4  4  4  0.1695E-06
 1  4  4  4  0.1652E-06
 1  4  4  4  0.1562E-06
 1  4  4  4  0.1825E-06
 1  4  4  4  0.1863E-06
 1  4  4  4  0.1679E-06
 1  4  4  4  0.1586E-06
 1  4  5  4  0.1841E-06
 1  4  5  4  0.1127E-06
 1  4  5  4  0.9537E-07
 1  4  5  4  0.9807E-07
 1  4  5  4  0.1040E-06
 1  4  5  4  0.1041E-06
 1  4  5  4  0.9934E-07
 1  4  5  4  0.9855E-07
 1  4  5  4  0.9934E-07
 1  4  5  4  0.9934E-07
 1  4  6  4  0.1130E-06
 1  4  6  4  0.7644E-07
 1  4  6  4  0.8177E-07
 1  4  6  4  0.8030E-07
 1  4  6  4  0.8058E-07
 1  4  6  4  0.7874E-07
 1  4  6  4  0.7828E-07
 1  4  6  4  0.7763E-07
 1  4  6  4  0.7754E-07
 1  4  6  4  0.9373E-07
 1  4  7  4  0.6632E-07
 1  4  7  4  0.2989E-07
 1  4  7  4  0.3354E-07
 1  4  7  4  0.3910E-07
 1  4  7  4  0.3864E-07
 1  4  7  4  0.4275E-07
 1  4  7  4  0.3916E-07
 1  4  7  4  0.3864E-07
 1  4  7  4  0.4037E-07
 1  4  7  4  0.3765E-07
 1  4  8  4  0.6349E-07
 1  4  8  4  0.5064E-07
 1  4  8  4  0.4851E-07
 1  4  8  4  0.5146E-07
 1  4  8  4  0.5421E-07
 1  4  8  4  0.5045E-07
 1  4  8  4  0.4901E-07
 1  4  8  4  0.4851E-07
 1  4  8  4  0.4800E-07
 1  4  8  4  0.4820E-07
 1  4  9  4  0.5088E-07
 1  4  9  4  0.4459E-07
 1  4  9  4  0.4344E-07
 1  4  9  4  0.4377E-07
 1  4  9  4  0.4241E-07
 1  4  9  4  0.4241E-07
 1  4  9  4  0.4470E-07
 1  4  9  4  0.4276E-07
 1  4  9  4  0.4309E-07
 1  4  9  4  0.4265E-07
 1  4  10  4  0.4017E-07
 1  4  10  4  0.3358E-07
 1  4  10  4  0.3233E-07
 1  4  10  4  0.3300E-07
 1  4  10  4  0.2958E-07
 1  4  10  4  0.2992E-07
 1  4  10  4  0.3191E-07
 1  4  10  4  0.3099E-07
 1  4  10  4  0.3141E-07
 1  4  10  4  0.3133E-07
 1  4  11  4  0.4802E-07
 1  4  11  4  0.3981E-07
 1  4  11  4  0.4008E-07
 1  4  11  4  0.4089E-07
 1  4  11  4  0.3957E-07
 1  4  11  4  0.4196E-07
 1  4  11  4  0.4008E-07
 1  4  11  4  0.4071E-07
 1  4  11  4  0.3924E-07
 1  4  11  4  0.3932E-07
 1  4  12  4  0.1639E-07
 1  4  12  4  0.1632E-07
 1  4  12  4  0.1641E-07
 1  4  12  4  0.1635E-07
 1  4  12  4  0.1636E-07
 1  4  12  4  0.1635E-07
 1  4  12  4  0.1632E-07
 1  4  12  4  0.1641E-07
 1  4  12  4  0.1630E-07
 1  4  12  4  0.1643E-07
 1  4  13  4  0.1717E-07
 1  4  13  4  0.1702E-07
 1  4  13  4  0.1704E-07
 1  4  13  4  0.1701E-07
 1  4  13  4  0.1700E-07
 1  4  13  4  0.1719E-07
 1  4  13  4  0.1703E-07
 1  4  13  4  0.1699E-07
 1  4  13  4  0.1705E-07
 1  4  13  4  0.1760E-07
 1  4  14  4  0.1648E-07
 1  4  14  4  0.1642E-07
 1  4  14  4  0.1645E-07
 1  4  14  4  0.1649E-07
 1  4  14  4  0.1643E-07
 1  4  14  4  0.1656E-07
 1  4  14  4  0.1652E-07
 1  4  14  4  0.1644E-07
 1  4  14  4  0.1642E-07
 1  4  14  4  0.1651E-07
 1  4  16  4  0.1721E-07
 1  4  16  4  0.1725E-07
 1  4  16  4  0.1720E-07
 1  4  16  4  0.1722E-07
 1  4  16  4  0.1729E-07
 1  4  16  4  0.1719E-07
 1  4  16  4  0.1719E-07
 1  4  16  4  0.1720E-07
 1  4  16  4  0.1724E-07
 1  4  16  4  0.1720E-07
 1  4  17  4  0.2085E-07
 1  4  17  4  0.2085E-07
 1  4  17  4  0.2084E-07
 1  4  17  4  0.2081E-07
 1  4  17  4  0.2090E-07
 1  4  17  4  0.2082E-07
 1  4  17  4  0.2083E-07
 1  4  17  4  0.2084E-07
 1  4  17  4  0.2083E-07
 1  4  17  4  0.2084E-07
 1  4  18  4  0.2044E-07
 1  4  18  4  0.2041E-07
 1  4  18  4  0.2039E-07
 1  4  18  4  0.2040E-07
 1  4  18  4  0.2047E-07
 1  4  18  4  0.2038E-07
 1  4  18  4  0.2038E-07
 1  4  18  4  0.2040E-07
 1  4  18  4  0.2041E-07
 1  4  18  4  0.2041E-07
 1  4  19  4  0.2161E-07
 1  4  19  4  0.2162E-07
 1  4  19  4  0.2164E-07
 1  4  19  4  0.2163E-07
 1  4  19  4  0.2164E-07
 1  4  19  4  0.2162E-07
 1  4  19  4  0.2159E-07
 1  4  19  4  0.2160E-07
 1  4  19  4  0.2161E-07
 1  4  19  4  0.2164E-07
 1  4  20  4  0.2103E-07
 1  4  20  4  0.2100E-07
 1  4  20  4  0.2103E-07
 1  4  20  4  0.2106E-07
 1  4  20  4  0.2109E-07
 1  4  20  4  0.2102E-07
 1  4  20  4  0.2102E-07
 1  4  20  4  0.2103E-07
 1  4  20  4  0.2106E-07
 1  4  20  4  0.2103E-07
