 1  8192  3  8192  0.1163E-08
 1  8192  3  8192  0.1128E-08
 1  8192  3  8192  0.1115E-08
 1  8192  3  8192  0.1079E-08
 1  8192  3  8192  0.1044E-08
 1  8192  3  8192  0.1052E-08
 1  8192  3  8192  0.1060E-08
 1  8192  3  8192  0.1089E-08
 1  8192  3  8192  0.1072E-08
 1  8192  3  8192  0.1106E-08
 1  8192  4  8192  0.4499E-09
 1  8192  4  8192  0.4488E-09
 1  8192  4  8192  0.4453E-09
 1  8192  4  8192  0.4600E-09
 1  8192  4  8192  0.4770E-09
 1  8192  4  8192  0.4940E-09
 1  8192  4  8192  0.4929E-09
 1  8192  4  8192  0.5054E-09
 1  8192  4  8192  0.4885E-09
 1  8192  4  8192  0.4640E-09
 1  8192  5  8192  0.2732E-09
 1  8192  5  8192  0.2540E-09
 1  8192  5  8192  0.2471E-09
 1  8192  5  8192  0.2330E-09
 1  8192  5  8192  0.2421E-09
 1  8192  5  8192  0.2278E-09
 1  8192  5  8192  0.2323E-09
 1  8192  5  8192  0.2289E-09
 1  8192  5  8192  0.2384E-09
 1  8192  5  8192  0.2477E-09
 1  8192  6  8192  0.1437E-09
 1  8192  6  8192  0.1430E-09
 1  8192  6  8192  0.1383E-09
 1  8192  6  8192  0.1386E-09
 1  8192  6  8192  0.1381E-09
 1  8192  6  8192  0.1477E-09
 1  8192  6  8192  0.1494E-09
 1  8192  6  8192  0.1556E-09
 1  8192  6  8192  0.1548E-09
 1  8192  6  8192  0.1556E-09
 1  8192  7  8192  0.9130E-10
 1  8192  7  8192  0.9358E-10
 1  8192  7  8192  0.9559E-10
 1  8192  7  8192  0.9846E-10
 1  8192  7  8192  0.1007E-09
 1  8192  7  8192  0.9925E-10
 1  8192  7  8192  0.1027E-09
 1  8192  7  8192  0.9616E-10
 1  8192  7  8192  0.9086E-10
 1  8192  7  8192  0.9431E-10
 1  8192  8  8192  0.6511E-10
 1  8192  8  8192  0.5978E-10
 1  8192  8  8192  0.6026E-10
 1  8192  8  8192  0.6129E-10
 1  8192  8  8192  0.6492E-10
 1  8192  8  8192  0.6767E-10
 1  8192  8  8192  0.6755E-10
 1  8192  8  8192  0.7005E-10
 1  8192  8  8192  0.6988E-10
 1  8192  8  8192  0.6898E-10
 1  8192  9  8192  0.5393E-10
 1  8192  9  8192  0.5357E-10
 1  8192  9  8192  0.5566E-10
 1  8192  9  8192  0.5124E-10
 1  8192  9  8192  0.5063E-10
 1  8192  9  8192  0.5118E-10
 1  8192  9  8192  0.4892E-10
 1  8192  9  8192  0.4760E-10
 1  8192  9  8192  0.4926E-10
 1  8192  9  8192  0.5118E-10
 1  8192  10  8192  0.4176E-10
 1  8192  10  8192  0.4140E-10
 1  8192  10  8192  0.4008E-10
 1  8192  10  8192  0.3987E-10
 1  8192  10  8192  0.4034E-10
 1  8192  10  8192  0.4102E-10
 1  8192  10  8192  0.4309E-10
 1  8192  10  8192  0.4443E-10
 1  8192  10  8192  0.4595E-10
 1  8192  10  8192  0.4257E-10
 1  8192  11  8192  0.3761E-10
 1  8192  11  8192  0.3646E-10
 1  8192  11  8192  0.3660E-10
 1  8192  11  8192  0.3738E-10
 1  8192  11  8192  0.3901E-10
 1  8192  11  8192  0.3805E-10
 1  8192  11  8192  0.3750E-10
 1  8192  11  8192  0.3739E-10
 1  8192  11  8192  0.3677E-10
 1  8192  11  8192  0.3686E-10
 1  8192  12  8192  0.3297E-10
 1  8192  12  8192  0.3301E-10
 1  8192  12  8192  0.3411E-10
 1  8192  12  8192  0.3348E-10
 1  8192  12  8192  0.3377E-10
 1  8192  12  8192  0.3332E-10
 1  8192  12  8192  0.3259E-10
 1  8192  12  8192  0.3205E-10
 1  8192  12  8192  0.3211E-10
 1  8192  12  8192  0.3397E-10
 1  8192  13  8192  0.3130E-10
 1  8192  13  8192  0.3210E-10
 1  8192  13  8192  0.3319E-10
 1  8192  13  8192  0.3145E-10
 1  8192  13  8192  0.3224E-10
 1  8192  13  8192  0.3246E-10
 1  8192  13  8192  0.3279E-10
 1  8192  13  8192  0.3353E-10
 1  8192  13  8192  0.3107E-10
 1  8192  13  8192  0.3031E-10
 1  8192  14  8192  0.2747E-10
 1  8192  14  8192  0.2669E-10
 1  8192  14  8192  0.2694E-10
 1  8192  14  8192  0.2700E-10
 1  8192  14  8192  0.2758E-10
 1  8192  14  8192  0.2703E-10
 1  8192  14  8192  0.2617E-10
 1  8192  14  8192  0.2694E-10
 1  8192  14  8192  0.2663E-10
 1  8192  14  8192  0.2722E-10
 1  8192  15  8192  0.2624E-10
 1  8192  15  8192  0.2470E-10
 1  8192  15  8192  0.2384E-10
 1  8192  15  8192  0.2363E-10
 1  8192  15  8192  0.2527E-10
 1  8192  15  8192  0.2593E-10
 1  8192  15  8192  0.2579E-10
 1  8192  15  8192  0.2392E-10
 1  8192  15  8192  0.2402E-10
 1  8192  15  8192  0.2568E-10
 1  8192  16  8192  0.2176E-10
 1  8192  16  8192  0.2118E-10
 1  8192  16  8192  0.2221E-10
 1  8192  16  8192  0.2218E-10
 1  8192  16  8192  0.2173E-10
 1  8192  16  8192  0.2125E-10
 1  8192  16  8192  0.2159E-10
 1  8192  16  8192  0.2232E-10
 1  8192  16  8192  0.2177E-10
 1  8192  16  8192  0.2156E-10
 1  8192  17  8192  0.2182E-10
 1  8192  17  8192  0.2219E-10
 1  8192  17  8192  0.2223E-10
 1  8192  17  8192  0.2153E-10
 1  8192  17  8192  0.2164E-10
 1  8192  17  8192  0.2186E-10
 1  8192  17  8192  0.2206E-10
 1  8192  17  8192  0.2162E-10
 1  8192  17  8192  0.2189E-10
 1  8192  17  8192  0.2209E-10
 1  8192  18  8192  0.2009E-10
 1  8192  18  8192  0.1931E-10
 1  8192  18  8192  0.1960E-10
 1  8192  18  8192  0.2045E-10
 1  8192  18  8192  0.2023E-10
 1  8192  18  8192  0.1937E-10
 1  8192  18  8192  0.2051E-10
 1  8192  18  8192  0.2034E-10
 1  8192  18  8192  0.1933E-10
 1  8192  18  8192  0.1974E-10
 1  8192  19  8192  0.1938E-10
 1  8192  19  8192  0.1939E-10
 1  8192  19  8192  0.1926E-10
 1  8192  19  8192  0.1966E-10
 1  8192  19  8192  0.1982E-10
 1  8192  19  8192  0.1927E-10
 1  8192  19  8192  0.1932E-10
 1  8192  19  8192  0.1941E-10
 1  8192  19  8192  0.1927E-10
 1  8192  19  8192  0.1922E-10
 1  8192  20  8192  0.1829E-10
 1  8192  20  8192  0.1777E-10
 1  8192  20  8192  0.1791E-10
 1  8192  20  8192  0.1834E-10
 1  8192  20  8192  0.1779E-10
 1  8192  20  8192  0.1805E-10
 1  8192  20  8192  0.1789E-10
 1  8192  20  8192  0.1779E-10
 1  8192  20  8192  0.1804E-10
 1  8192  20  8192  0.1787E-10
