 1  1024  3  1024  0.4945E-08
 1  1024  3  1024  0.4963E-08
 1  1024  3  1024  0.4915E-08
 1  1024  3  1024  0.4984E-08
 1  1024  3  1024  0.4925E-08
 1  1024  3  1024  0.4891E-08
 1  1024  3  1024  0.5032E-08
 1  1024  3  1024  0.4858E-08
 1  1024  3  1024  0.4878E-08
 1  1024  3  1024  0.4800E-08
 1  1024  4  1024  0.2315E-08
 1  1024  4  1024  0.2133E-08
 1  1024  4  1024  0.2221E-08
 1  1024  4  1024  0.2391E-08
 1  1024  4  1024  0.2365E-08
 1  1024  4  1024  0.2370E-08
 1  1024  4  1024  0.2187E-08
 1  1024  4  1024  0.2018E-08
 1  1024  4  1024  0.2032E-08
 1  1024  4  1024  0.2069E-08
 1  1024  5  1024  0.1131E-08
 1  1024  5  1024  0.1059E-08
 1  1024  5  1024  0.1090E-08
 1  1024  5  1024  0.1119E-08
 1  1024  5  1024  0.1071E-08
 1  1024  5  1024  0.1096E-08
 1  1024  5  1024  0.1061E-08
 1  1024  5  1024  0.1043E-08
 1  1024  5  1024  0.1052E-08
 1  1024  5  1024  0.1045E-08
 1  1024  6  1024  0.6596E-09
 1  1024  6  1024  0.6248E-09
 1  1024  6  1024  0.6282E-09
 1  1024  6  1024  0.6464E-09
 1  1024  6  1024  0.6303E-09
 1  1024  6  1024  0.6079E-09
 1  1024  6  1024  0.5997E-09
 1  1024  6  1024  0.6078E-09
 1  1024  6  1024  0.6086E-09
 1  1024  6  1024  0.6203E-09
 1  1024  7  1024  0.4261E-09
 1  1024  7  1024  0.4238E-09
 1  1024  7  1024  0.4137E-09
 1  1024  7  1024  0.4195E-09
 1  1024  7  1024  0.4205E-09
 1  1024  7  1024  0.4155E-09
 1  1024  7  1024  0.4209E-09
 1  1024  7  1024  0.4208E-09
 1  1024  7  1024  0.4196E-09
 1  1024  7  1024  0.4136E-09
 1  1024  8  1024  0.3026E-09
 1  1024  8  1024  0.2943E-09
 1  1024  8  1024  0.2895E-09
 1  1024  8  1024  0.2879E-09
 1  1024  8  1024  0.2912E-09
 1  1024  8  1024  0.2874E-09
 1  1024  8  1024  0.2887E-09
 1  1024  8  1024  0.2933E-09
 1  1024  8  1024  0.2918E-09
 1  1024  8  1024  0.2908E-09
 1  1024  9  1024  0.2507E-09
 1  1024  9  1024  0.2384E-09
 1  1024  9  1024  0.2353E-09
 1  1024  9  1024  0.2344E-09
 1  1024  9  1024  0.2359E-09
 1  1024  9  1024  0.2359E-09
 1  1024  9  1024  0.2363E-09
 1  1024  9  1024  0.2352E-09
 1  1024  9  1024  0.2371E-09
 1  1024  9  1024  0.2403E-09
 1  1024  10  1024  0.2107E-09
 1  1024  10  1024  0.1990E-09
 1  1024  10  1024  0.2003E-09
 1  1024  10  1024  0.1963E-09
 1  1024  10  1024  0.1970E-09
 1  1024  10  1024  0.1984E-09
 1  1024  10  1024  0.2033E-09
 1  1024  10  1024  0.2004E-09
 1  1024  10  1024  0.1972E-09
 1  1024  10  1024  0.1980E-09
 1  1024  11  1024  0.1902E-09
 1  1024  11  1024  0.1783E-09
 1  1024  11  1024  0.1775E-09
 1  1024  11  1024  0.1761E-09
 1  1024  11  1024  0.1749E-09
 1  1024  11  1024  0.1755E-09
 1  1024  11  1024  0.1764E-09
 1  1024  11  1024  0.1803E-09
 1  1024  11  1024  0.1789E-09
 1  1024  11  1024  0.1812E-09
 1  1024  12  1024  0.1765E-09
 1  1024  12  1024  0.1799E-09
 1  1024  12  1024  0.1731E-09
 1  1024  12  1024  0.1723E-09
 1  1024  12  1024  0.1732E-09
 1  1024  12  1024  0.1774E-09
 1  1024  12  1024  0.1719E-09
 1  1024  12  1024  0.1721E-09
 1  1024  12  1024  0.1715E-09
 1  1024  12  1024  0.1709E-09
 1  1024  13  1024  0.1644E-09
 1  1024  13  1024  0.1593E-09
 1  1024  13  1024  0.1590E-09
 1  1024  13  1024  0.1619E-09
 1  1024  13  1024  0.1650E-09
 1  1024  13  1024  0.1653E-09
 1  1024  13  1024  0.1617E-09
 1  1024  13  1024  0.1632E-09
 1  1024  13  1024  0.1608E-09
 1  1024  13  1024  0.1630E-09
 1  1024  14  1024  0.1538E-09
 1  1024  14  1024  0.1552E-09
 1  1024  14  1024  0.1550E-09
 1  1024  14  1024  0.1583E-09
 1  1024  14  1024  0.1554E-09
 1  1024  14  1024  0.1518E-09
 1  1024  14  1024  0.1533E-09
 1  1024  14  1024  0.1507E-09
 1  1024  14  1024  0.1520E-09
 1  1024  14  1024  0.1533E-09
 1  1024  15  1024  0.1456E-09
 1  1024  15  1024  0.1434E-09
 1  1024  15  1024  0.1449E-09
 1  1024  15  1024  0.1470E-09
 1  1024  15  1024  0.1457E-09
 1  1024  15  1024  0.1438E-09
 1  1024  15  1024  0.1434E-09
 1  1024  15  1024  0.1461E-09
 1  1024  15  1024  0.1444E-09
 1  1024  15  1024  0.1463E-09
 1  1024  16  1024  0.1300E-09
 1  1024  16  1024  0.1298E-09
 1  1024  16  1024  0.1296E-09
 1  1024  16  1024  0.1299E-09
 1  1024  16  1024  0.1333E-09
 1  1024  16  1024  0.1291E-09
 1  1024  16  1024  0.1292E-09
 1  1024  16  1024  0.1285E-09
 1  1024  16  1024  0.1289E-09
 1  1024  16  1024  0.1300E-09
 1  1024  17  1024  0.1379E-09
 1  1024  17  1024  0.1373E-09
 1  1024  17  1024  0.1377E-09
 1  1024  17  1024  0.1388E-09
 1  1024  17  1024  0.1421E-09
 1  1024  17  1024  0.1384E-09
 1  1024  17  1024  0.1392E-09
 1  1024  17  1024  0.1381E-09
 1  1024  17  1024  0.1384E-09
 1  1024  17  1024  0.1409E-09
 1  1024  18  1024  0.1299E-09
 1  1024  18  1024  0.1288E-09
 1  1024  18  1024  0.1288E-09
 1  1024  18  1024  0.1319E-09
 1  1024  18  1024  0.1290E-09
 1  1024  18  1024  0.1290E-09
 1  1024  18  1024  0.1297E-09
 1  1024  18  1024  0.1336E-09
 1  1024  18  1024  0.1288E-09
 1  1024  18  1024  0.1286E-09
 1  1024  19  1024  0.1298E-09
 1  1024  19  1024  0.1291E-09
 1  1024  19  1024  0.1301E-09
 1  1024  19  1024  0.1282E-09
 1  1024  19  1024  0.1285E-09
 1  1024  19  1024  0.1283E-09
 1  1024  19  1024  0.1289E-09
 1  1024  19  1024  0.1284E-09
 1  1024  19  1024  0.1287E-09
 1  1024  19  1024  0.1291E-09
 1  1024  20  1024  0.1206E-09
 1  1024  20  1024  0.1191E-09
 1  1024  20  1024  0.1211E-09
 1  1024  20  1024  0.1193E-09
 1  1024  20  1024  0.1195E-09
 1  1024  20  1024  0.1191E-09
 1  1024  20  1024  0.1192E-09
 1  1024  20  1024  0.1199E-09
 1  1024  20  1024  0.1196E-09
 1  1024  20  1024  0.1188E-09
