 1  64  3  64  0.3029E-06
 1  64  3  64  0.1140E-06
 1  64  3  64  0.9391E-07
 1  64  3  64  0.8968E-07
 1  64  3  64  0.9088E-07
 1  64  3  64  0.1159E-06
 1  64  3  64  0.8950E-07
 1  64  3  64  0.9916E-07
 1  64  3  64  0.9203E-07
 1  64  3  64  0.8876E-07
 1  64  4  64  0.7600E-07
 1  64  4  64  0.4354E-07
 1  64  4  64  0.4191E-07
 1  64  4  64  0.4061E-07
 1  64  4  64  0.4125E-07
 1  64  4  64  0.4036E-07
 1  64  4  64  0.4354E-07
 1  64  4  64  0.4005E-07
 1  64  4  64  0.3954E-07
 1  64  4  64  0.3921E-07
 1  64  5  64  0.6462E-07
 1  64  5  64  0.3213E-07
 1  64  5  64  0.2584E-07
 1  64  5  64  0.2346E-07
 1  64  5  64  0.2350E-07
 1  64  5  64  0.2353E-07
 1  64  5  64  0.2283E-07
 1  64  5  64  0.2330E-07
 1  64  5  64  0.2367E-07
 1  64  5  64  0.2542E-07
 1  64  6  64  0.3629E-07
 1  64  6  64  0.1372E-07
 1  64  6  64  0.1510E-07
 1  64  6  64  0.1381E-07
 1  64  6  64  0.1413E-07
 1  64  6  64  0.1464E-07
 1  64  6  64  0.1362E-07
 1  64  6  64  0.1379E-07
 1  64  6  64  0.1442E-07
 1  64  6  64  0.1413E-07
 1  64  7  64  0.2480E-07
 1  64  7  64  0.1049E-07
 1  64  7  64  0.1002E-07
 1  64  7  64  0.1236E-07
 1  64  7  64  0.9898E-08
 1  64  7  64  0.9854E-08
 1  64  7  64  0.9416E-08
 1  64  7  64  0.1028E-07
 1  64  7  64  0.1008E-07
 1  64  7  64  0.9811E-08
 1  64  8  64  0.1291E-07
 1  64  8  64  0.8018E-08
 1  64  8  64  0.7771E-08
 1  64  8  64  0.8137E-08
 1  64  8  64  0.7873E-08
 1  64  8  64  0.7843E-08
 1  64  8  64  0.7904E-08
 1  64  8  64  0.7620E-08
 1  64  8  64  0.7618E-08
 1  64  8  64  0.7468E-08
 1  64  9  64  0.3711E-08
 1  64  9  64  0.3598E-08
 1  64  9  64  0.3620E-08
 1  64  9  64  0.3619E-08
 1  64  9  64  0.3651E-08
 1  64  9  64  0.3646E-08
 1  64  9  64  0.3619E-08
 1  64  9  64  0.3591E-08
 1  64  9  64  0.3623E-08
 1  64  9  64  0.3588E-08
 1  64  10  64  0.3309E-08
 1  64  10  64  0.3235E-08
 1  64  10  64  0.3230E-08
 1  64  10  64  0.3257E-08
 1  64  10  64  0.3221E-08
 1  64  10  64  0.3226E-08
 1  64  10  64  0.3213E-08
 1  64  10  64  0.3246E-08
 1  64  10  64  0.3229E-08
 1  64  10  64  0.3215E-08
 1  64  11  64  0.3220E-08
 1  64  11  64  0.3162E-08
 1  64  11  64  0.3146E-08
 1  64  11  64  0.3134E-08
 1  64  11  64  0.3157E-08
 1  64  11  64  0.3156E-08
 1  64  11  64  0.3148E-08
 1  64  11  64  0.3181E-08
 1  64  11  64  0.3168E-08
 1  64  11  64  0.3159E-08
 1  64  13  64  0.2850E-08
 1  64  13  64  0.2816E-08
 1  64  13  64  0.2801E-08
 1  64  13  64  0.2793E-08
 1  64  13  64  0.2804E-08
 1  64  13  64  0.2809E-08
 1  64  13  64  0.2791E-08
 1  64  13  64  0.2791E-08
 1  64  13  64  0.2817E-08
 1  64  13  64  0.2807E-08
 1  64  14  64  0.2552E-08
 1  64  14  64  0.2523E-08
 1  64  14  64  0.2526E-08
 1  64  14  64  0.2516E-08
 1  64  14  64  0.2517E-08
 1  64  14  64  0.2513E-08
 1  64  14  64  0.2522E-08
 1  64  14  64  0.2522E-08
 1  64  14  64  0.2518E-08
 1  64  14  64  0.2515E-08
 1  64  15  64  0.2467E-08
 1  64  15  64  0.2436E-08
 1  64  15  64  0.2439E-08
 1  64  15  64  0.2443E-08
 1  64  15  64  0.2445E-08
 1  64  15  64  0.2447E-08
 1  64  15  64  0.2437E-08
 1  64  15  64  0.2437E-08
 1  64  15  64  0.2439E-08
 1  64  15  64  0.2451E-08
 1  64  16  64  0.2372E-08
 1  64  16  64  0.2333E-08
 1  64  16  64  0.2353E-08
 1  64  16  64  0.2349E-08
 1  64  16  64  0.2339E-08
 1  64  16  64  0.2341E-08
 1  64  16  64  0.2340E-08
 1  64  16  64  0.2343E-08
 1  64  16  64  0.2343E-08
 1  64  16  64  0.2349E-08
 1  64  17  64  0.2517E-08
 1  64  17  64  0.2453E-08
 1  64  17  64  0.2462E-08
 1  64  17  64  0.2455E-08
 1  64  17  64  0.2442E-08
 1  64  17  64  0.2457E-08
 1  64  17  64  0.2454E-08
 1  64  17  64  0.2457E-08
 1  64  17  64  0.2444E-08
 1  64  17  64  0.2450E-08
 1  64  18  64  0.2096E-08
 1  64  18  64  0.2078E-08
 1  64  18  64  0.2085E-08
 1  64  18  64  0.2079E-08
 1  64  18  64  0.2080E-08
 1  64  18  64  0.2077E-08
 1  64  18  64  0.2085E-08
 1  64  18  64  0.2078E-08
 1  64  18  64  0.2081E-08
 1  64  18  64  0.2083E-08
 1  64  19  64  0.2089E-08
 1  64  19  64  0.2075E-08
 1  64  19  64  0.2076E-08
 1  64  19  64  0.2078E-08
 1  64  19  64  0.2075E-08
 1  64  19  64  0.2075E-08
 1  64  19  64  0.2075E-08
 1  64  19  64  0.2076E-08
 1  64  19  64  0.2073E-08
 1  64  19  64  0.2080E-08
 1  64  20  64  0.1964E-08
 1  64  20  64  0.1961E-08
 1  64  20  64  0.1955E-08
 1  64  20  64  0.1954E-08
 1  64  20  64  0.1952E-08
 1  64  20  64  0.1964E-08
 1  64  20  64  0.1952E-08
 1  64  20  64  0.1960E-08
 1  64  20  64  0.1957E-08
 1  64  20  64  0.1952E-08
