 1  32  3  32  0.2650E-06
 1  32  3  32  0.7828E-07
 1  32  3  32  0.9382E-07
 1  32  3  32  0.8223E-07
 1  32  3  32  0.8260E-07
 1  32  3  32  0.8030E-07
 1  32  3  32  0.7984E-07
 1  32  3  32  0.7874E-07
 1  32  3  32  0.7791E-07
 1  32  3  32  0.8288E-07
 1  32  4  32  0.9003E-07
 1  32  4  32  0.4102E-07
 1  32  4  32  0.4005E-07
 1  32  4  32  0.4653E-07
 1  32  4  32  0.4086E-07
 1  32  4  32  0.3958E-07
 1  32  4  32  0.3776E-07
 1  32  4  32  0.4055E-07
 1  32  4  32  0.3842E-07
 1  32  4  32  0.4300E-07
 1  32  5  32  0.7341E-07
 1  32  5  32  0.2442E-07
 1  32  5  32  0.2267E-07
 1  32  5  32  0.2166E-07
 1  32  5  32  0.2199E-07
 1  32  5  32  0.2233E-07
 1  32  5  32  0.2299E-07
 1  32  5  32  0.2617E-07
 1  32  5  32  0.2335E-07
 1  32  5  32  0.2199E-07
 1  32  6  32  0.3694E-07
 1  32  6  32  0.1572E-07
 1  32  6  32  0.1418E-07
 1  32  6  32  0.1645E-07
 1  32  6  32  0.1538E-07
 1  32  6  32  0.1389E-07
 1  32  6  32  0.1365E-07
 1  32  6  32  0.1591E-07
 1  32  6  32  0.1486E-07
 1  32  6  32  0.1476E-07
 1  32  7  32  0.2751E-07
 1  32  7  32  0.1060E-07
 1  32  7  32  0.1042E-07
 1  32  7  32  0.1035E-07
 1  32  7  32  0.9746E-08
 1  32  7  32  0.9963E-08
 1  32  7  32  0.9630E-08
 1  32  7  32  0.9992E-08
 1  32  7  32  0.9869E-08
 1  32  7  32  0.1005E-07
 1  32  8  32  0.1896E-07
 1  32  8  32  0.8891E-08
 1  32  8  32  0.8222E-08
 1  32  8  32  0.8828E-08
 1  32  8  32  0.8076E-08
 1  32  8  32  0.8726E-08
 1  32  8  32  0.8426E-08
 1  32  8  32  0.8241E-08
 1  32  8  32  0.7936E-08
 1  32  8  32  0.7751E-08
 1  32  9  32  0.1838E-07
 1  32  9  32  0.7273E-08
 1  32  9  32  0.6974E-08
 1  32  9  32  0.6987E-08
 1  32  9  32  0.6929E-08
 1  32  9  32  0.6848E-08
 1  32  9  32  0.7502E-08
 1  32  9  32  0.7059E-08
 1  32  9  32  0.7028E-08
 1  32  9  32  0.6786E-08
 1  32  10  32  0.1710E-07
 1  32  10  32  0.7657E-08
 1  32  10  32  0.8260E-08
 1  32  10  32  0.7801E-08
 1  32  10  32  0.7657E-08
 1  32  10  32  0.7853E-08
 1  32  10  32  0.8792E-08
 1  32  10  32  0.7637E-08
 1  32  10  32  0.7947E-08
 1  32  10  32  0.7572E-08
 1  32  11  32  0.3496E-08
 1  32  11  32  0.3392E-08
 1  32  11  32  0.3386E-08
 1  32  11  32  0.3393E-08
 1  32  11  32  0.3360E-08
 1  32  11  32  0.3417E-08
 1  32  11  32  0.3384E-08
 1  32  11  32  0.3410E-08
 1  32  11  32  0.3358E-08
 1  32  11  32  0.3391E-08
 1  32  12  32  0.3345E-08
 1  32  12  32  0.3290E-08
 1  32  12  32  0.3286E-08
 1  32  12  32  0.3292E-08
 1  32  12  32  0.3275E-08
 1  32  12  32  0.3294E-08
 1  32  12  32  0.3300E-08
 1  32  12  32  0.3283E-08
 1  32  12  32  0.3284E-08
 1  32  12  32  0.3294E-08
 1  32  13  32  0.3346E-08
 1  32  13  32  0.3300E-08
 1  32  13  32  0.3287E-08
 1  32  13  32  0.3280E-08
 1  32  13  32  0.3289E-08
 1  32  13  32  0.3305E-08
 1  32  13  32  0.3289E-08
 1  32  13  32  0.3304E-08
 1  32  13  32  0.3297E-08
 1  32  13  32  0.3295E-08
 1  32  14  32  0.3118E-08
 1  32  14  32  0.3073E-08
 1  32  14  32  0.3057E-08
 1  32  14  32  0.3062E-08
 1  32  14  32  0.3075E-08
 1  32  14  32  0.3064E-08
 1  32  14  32  0.3061E-08
 1  32  14  32  0.3060E-08
 1  32  14  32  0.3084E-08
 1  32  14  32  0.3069E-08
 1  32  15  32  0.2937E-08
 1  32  15  32  0.2887E-08
 1  32  15  32  0.2887E-08
 1  32  15  32  0.2883E-08
 1  32  15  32  0.2886E-08
 1  32  15  32  0.2889E-08
 1  32  15  32  0.2881E-08
 1  32  15  32  0.2903E-08
 1  32  15  32  0.2894E-08
 1  32  15  32  0.2885E-08
 1  32  16  32  0.2729E-08
 1  32  16  32  0.2820E-08
 1  32  16  32  0.2759E-08
 1  32  16  32  0.2709E-08
 1  32  16  32  0.2696E-08
 1  32  16  32  0.2701E-08
 1  32  16  32  0.2698E-08
 1  32  16  32  0.2699E-08
 1  32  16  32  0.2698E-08
 1  32  16  32  0.2696E-08
 1  32  17  32  0.3145E-08
 1  32  17  32  0.3120E-08
 1  32  17  32  0.3122E-08
 1  32  17  32  0.3123E-08
 1  32  17  32  0.3126E-08
 1  32  17  32  0.3122E-08
 1  32  17  32  0.3122E-08
 1  32  17  32  0.3122E-08
 1  32  17  32  0.3125E-08
 1  32  17  32  0.3122E-08
 1  32  17  32  0.3144E-08
 1  32  17  32  0.3131E-08
 1  32  17  32  0.3113E-08
 1  32  17  32  0.3117E-08
 1  32  17  32  0.3123E-08
 1  32  17  32  0.3117E-08
 1  32  17  32  0.3117E-08
 1  32  17  32  0.3121E-08
 1  32  17  32  0.3133E-08
 1  32  17  32  0.3111E-08
 1  32  18  32  0.3057E-08
 1  32  18  32  0.3019E-08
 1  32  18  32  0.3020E-08
 1  32  18  32  0.3021E-08
 1  32  18  32  0.3021E-08
 1  32  18  32  0.3018E-08
 1  32  18  32  0.3024E-08
 1  32  18  32  0.3020E-08
 1  32  18  32  0.3022E-08
 1  32  18  32  0.3020E-08
 1  32  19  32  0.3167E-08
 1  32  19  32  0.3148E-08
 1  32  19  32  0.3149E-08
 1  32  19  32  0.3153E-08
 1  32  19  32  0.3152E-08
 1  32  19  32  0.3147E-08
 1  32  19  32  0.3147E-08
 1  32  19  32  0.3150E-08
 1  32  19  32  0.3154E-08
 1  32  19  32  0.3150E-08
 1  32  20  32  0.3035E-08
 1  32  20  32  0.3030E-08
 1  32  20  32  0.3027E-08
 1  32  20  32  0.3026E-08
 1  32  20  32  0.3024E-08
 1  32  20  32  0.3029E-08
 1  32  20  32  0.3027E-08
 1  32  20  32  0.3024E-08
 1  32  20  32  0.3025E-08
 1  32  20  32  0.3030E-08
