 1  8192  3  8192  0.2886E-08
 1  8192  3  8192  0.3003E-08
 1  8192  3  8192  0.2823E-08
 1  8192  3  8192  0.2750E-08
 1  8192  3  8192  0.2723E-08
 1  8192  4  8192  0.1206E-08
 1  8192  4  8192  0.1136E-08
 1  8192  4  8192  0.1110E-08
 1  8192  4  8192  0.1154E-08
 1  8192  4  8192  0.1229E-08
 1  8192  5  8192  0.6402E-09
 1  8192  5  8192  0.6802E-09
 1  8192  5  8192  0.6216E-09
 1  8192  5  8192  0.5793E-09
 1  8192  5  8192  0.5541E-09
 1  8192  6  8192  0.3484E-09
 1  8192  6  8192  0.3431E-09
 1  8192  6  8192  0.3605E-09
 1  8192  6  8192  0.3865E-09
 1  8192  6  8192  0.3760E-09
 1  8192  7  8192  0.2557E-09
 1  8192  7  8192  0.2324E-09
 1  8192  7  8192  0.2198E-09
 1  8192  7  8192  0.2280E-09
 1  8192  7  8192  0.2345E-09
 1  8192  8  8192  0.1999E-09
 1  8192  8  8192  0.1898E-09
 1  8192  8  8192  0.1784E-09
 1  8192  8  8192  0.1871E-09
 1  8192  8  8192  0.1947E-09
 1  8192  9  8192  0.1376E-09
 1  8192  9  8192  0.1371E-09
 1  8192  9  8192  0.1402E-09
 1  8192  9  8192  0.1451E-09
 1  8192  9  8192  0.1406E-09
 1  8192  10  8192  0.1130E-09
 1  8192  10  8192  0.1112E-09
 1  8192  10  8192  0.1170E-09
 1  8192  10  8192  0.1142E-09
 1  8192  10  8192  0.1120E-09
 1  8192  11  8192  0.1027E-09
 1  8192  11  8192  0.9324E-10
 1  8192  11  8192  0.9904E-10
 1  8192  11  8192  0.1027E-09
 1  8192  11  8192  0.9587E-10
 1  8192  12  8192  0.8325E-10
 1  8192  12  8192  0.8612E-10
 1  8192  12  8192  0.8390E-10
 1  8192  12  8192  0.8300E-10
 1  8192  12  8192  0.8711E-10
 1  8192  13  8192  0.7589E-10
 1  8192  13  8192  0.7650E-10
 1  8192  13  8192  0.7396E-10
 1  8192  13  8192  0.7393E-10
 1  8192  13  8192  0.7348E-10
 1  8192  14  8192  0.6407E-10
 1  8192  14  8192  0.6387E-10
 1  8192  14  8192  0.6326E-10
 1  8192  14  8192  0.6286E-10
 1  8192  14  8192  0.6501E-10
 1  8192  15  8192  0.5668E-10
 1  8192  15  8192  0.5657E-10
 1  8192  15  8192  0.5651E-10
 1  8192  15  8192  0.5559E-10
 1  8192  15  8192  0.5701E-10
 1  8192  16  8192  0.4903E-10
 1  8192  16  8192  0.5046E-10
 1  8192  16  8192  0.4928E-10
 1  8192  16  8192  0.5037E-10
 1  8192  16  8192  0.4923E-10
 1  8192  17  8192  0.4534E-10
 1  8192  17  8192  0.4656E-10
 1  8192  17  8192  0.4571E-10
 1  8192  17  8192  0.4612E-10
 1  8192  17  8192  0.4571E-10
 1  8192  18  8192  0.4059E-10
 1  8192  18  8192  0.4095E-10
 1  8192  18  8192  0.4103E-10
 1  8192  18  8192  0.4063E-10
 1  8192  18  8192  0.4106E-10
 1  8192  19  8192  0.3789E-10
 1  8192  19  8192  0.3775E-10
 1  8192  19  8192  0.3727E-10
 1  8192  19  8192  0.3758E-10
 1  8192  19  8192  0.3771E-10
