 1  1024  3  1024  0.1106E-07
 1  1024  3  1024  0.1104E-07
 1  1024  3  1024  0.1100E-07
 1  1024  3  1024  0.1115E-07
 1  1024  3  1024  0.1120E-07
 1  1024  3  1024  0.1138E-07
 1  1024  3  1024  0.1093E-07
 1  1024  3  1024  0.1102E-07
 1  1024  3  1024  0.1101E-07
 1  1024  3  1024  0.1110E-07
 1  1024  4  1024  0.5368E-08
 1  1024  4  1024  0.5203E-08
 1  1024  4  1024  0.5378E-08
 1  1024  4  1024  0.4665E-08
 1  1024  4  1024  0.4669E-08
 1  1024  4  1024  0.5162E-08
 1  1024  4  1024  0.5434E-08
 1  1024  4  1024  0.5278E-08
 1  1024  4  1024  0.5338E-08
 1  1024  4  1024  0.4668E-08
 1  1024  5  1024  0.2452E-08
 1  1024  5  1024  0.2492E-08
 1  1024  5  1024  0.2476E-08
 1  1024  5  1024  0.2495E-08
 1  1024  5  1024  0.2469E-08
 1  1024  5  1024  0.2404E-08
 1  1024  5  1024  0.2395E-08
 1  1024  5  1024  0.2374E-08
 1  1024  5  1024  0.2411E-08
 1  1024  5  1024  0.2377E-08
 1  1024  6  1024  0.1473E-08
 1  1024  6  1024  0.1499E-08
 1  1024  6  1024  0.1480E-08
 1  1024  6  1024  0.1468E-08
 1  1024  6  1024  0.1410E-08
 1  1024  6  1024  0.1416E-08
 1  1024  6  1024  0.1413E-08
 1  1024  6  1024  0.1417E-08
 1  1024  6  1024  0.1403E-08
 1  1024  6  1024  0.1436E-08
 1  1024  7  1024  0.9953E-09
 1  1024  7  1024  0.9647E-09
 1  1024  7  1024  0.9736E-09
 1  1024  7  1024  0.9840E-09
 1  1024  7  1024  0.9695E-09
 1  1024  7  1024  0.9773E-09
 1  1024  7  1024  0.9693E-09
 1  1024  7  1024  0.9680E-09
 1  1024  7  1024  0.9796E-09
 1  1024  7  1024  0.9775E-09
 1  1024  8  1024  0.7091E-09
 1  1024  8  1024  0.6943E-09
 1  1024  8  1024  0.7010E-09
 1  1024  8  1024  0.6920E-09
 1  1024  8  1024  0.6927E-09
 1  1024  8  1024  0.7023E-09
 1  1024  8  1024  0.6994E-09
 1  1024  8  1024  0.6932E-09
 1  1024  8  1024  0.6965E-09
 1  1024  8  1024  0.6972E-09
 1  1024  9  1024  0.5695E-09
 1  1024  9  1024  0.5602E-09
 1  1024  9  1024  0.5589E-09
 1  1024  9  1024  0.5595E-09
 1  1024  9  1024  0.5555E-09
 1  1024  9  1024  0.5606E-09
 1  1024  9  1024  0.5617E-09
 1  1024  9  1024  0.5636E-09
 1  1024  9  1024  0.5616E-09
 1  1024  9  1024  0.5558E-09
 1  1024  10  1024  0.4706E-09
 1  1024  10  1024  0.4594E-09
 1  1024  10  1024  0.4668E-09
 1  1024  10  1024  0.4599E-09
 1  1024  10  1024  0.4638E-09
 1  1024  10  1024  0.4639E-09
 1  1024  10  1024  0.4595E-09
 1  1024  10  1024  0.4612E-09
 1  1024  10  1024  0.4622E-09
 1  1024  10  1024  0.4720E-09
 1  1024  11  1024  0.3949E-09
 1  1024  11  1024  0.3993E-09
 1  1024  11  1024  0.4019E-09
 1  1024  11  1024  0.4028E-09
 1  1024  11  1024  0.4027E-09
 1  1024  11  1024  0.3960E-09
 1  1024  11  1024  0.3938E-09
 1  1024  11  1024  0.4041E-09
 1  1024  11  1024  0.4052E-09
 1  1024  11  1024  0.4110E-09
 1  1024  12  1024  0.3494E-09
 1  1024  12  1024  0.3507E-09
 1  1024  12  1024  0.3534E-09
 1  1024  12  1024  0.3502E-09
 1  1024  12  1024  0.3493E-09
 1  1024  12  1024  0.3463E-09
 1  1024  12  1024  0.3479E-09
 1  1024  12  1024  0.3499E-09
 1  1024  12  1024  0.3533E-09
 1  1024  12  1024  0.3513E-09
 1  1024  13  1024  0.2996E-09
 1  1024  13  1024  0.2988E-09
 1  1024  13  1024  0.2984E-09
 1  1024  13  1024  0.2962E-09
 1  1024  13  1024  0.2963E-09
 1  1024  13  1024  0.2993E-09
 1  1024  13  1024  0.2989E-09
 1  1024  13  1024  0.2987E-09
 1  1024  13  1024  0.2957E-09
 1  1024  13  1024  0.2964E-09
 1  1024  14  1024  0.2625E-09
 1  1024  14  1024  0.2642E-09
 1  1024  14  1024  0.2663E-09
 1  1024  14  1024  0.2609E-09
 1  1024  14  1024  0.2587E-09
 1  1024  14  1024  0.2617E-09
 1  1024  14  1024  0.2672E-09
 1  1024  14  1024  0.2615E-09
 1  1024  14  1024  0.2613E-09
 1  1024  14  1024  0.2595E-09
 1  1024  15  1024  0.2364E-09
 1  1024  15  1024  0.2299E-09
 1  1024  15  1024  0.2326E-09
 1  1024  15  1024  0.2386E-09
 1  1024  15  1024  0.2333E-09
 1  1024  15  1024  0.2305E-09
 1  1024  15  1024  0.2327E-09
 1  1024  15  1024  0.2376E-09
 1  1024  15  1024  0.2346E-09
 1  1024  15  1024  0.2308E-09
 1  1024  16  1024  0.2199E-09
 1  1024  16  1024  0.2218E-09
 1  1024  16  1024  0.2160E-09
 1  1024  16  1024  0.2182E-09
 1  1024  16  1024  0.2176E-09
 1  1024  16  1024  0.2189E-09
 1  1024  16  1024  0.2172E-09
 1  1024  16  1024  0.2184E-09
 1  1024  17  1024  0.2161E-09
 1  1024  17  1024  0.2132E-09
 1  1024  17  1024  0.2145E-09
 1  1024  17  1024  0.2138E-09
 1  1024  17  1024  0.2125E-09
 1  1024  17  1024  0.2138E-09
 1  1024  17  1024  0.2135E-09
 1  1024  17  1024  0.2139E-09
 1  1024  17  1024  0.2132E-09
 1  1024  17  1024  0.2141E-09
 1  1024  18  1024  0.1948E-09
 1  1024  18  1024  0.1983E-09
 1  1024  18  1024  0.1941E-09
 1  1024  18  1024  0.1945E-09
 1  1024  18  1024  0.1966E-09
 1  1024  18  1024  0.1949E-09
 1  1024  18  1024  0.1945E-09
 1  1024  18  1024  0.1972E-09
 1  1024  18  1024  0.1950E-09
 1  1024  18  1024  0.1970E-09
 1  1024  19  1024  0.1882E-09
 1  1024  19  1024  0.1866E-09
 1  1024  19  1024  0.1875E-09
 1  1024  19  1024  0.1861E-09
 1  1024  19  1024  0.1872E-09
 1  1024  19  1024  0.1875E-09
 1  1024  19  1024  0.1864E-09
 1  1024  19  1024  0.1886E-09
 1  1024  19  1024  0.1886E-09
 1  1024  19  1024  0.1863E-09
 1  1024  20  1024  0.1706E-09
 1  1024  20  1024  0.1713E-09
 1  1024  20  1024  0.1726E-09
 1  1024  20  1024  0.1707E-09
 1  1024  20  1024  0.1719E-09
 1  1024  20  1024  0.1711E-09
 1  1024  20  1024  0.1716E-09
 1  1024  20  1024  0.1705E-09
 1  1024  20  1024  0.1723E-09
 1  1024  20  1024  0.1719E-09
