 1  64  3  64  0.1001E-06
 1  64  3  64  0.9582E-07
 1  64  3  64  0.1003E-06
 1  64  3  64  0.9652E-07
 1  64  3  64  0.9500E-07
 1  64  3  64  0.9469E-07
 1  64  3  64  0.9466E-07
 1  64  3  64  0.9522E-07
 1  64  3  64  0.9621E-07
 1  64  3  64  0.9535E-07
 1  64  4  64  0.4265E-07
 1  64  4  64  0.4120E-07
 1  64  4  64  0.4080E-07
 1  64  4  64  0.4114E-07
 1  64  4  64  0.4096E-07
 1  64  4  64  0.4176E-07
 1  64  4  64  0.4104E-07
 1  64  4  64  0.4111E-07
 1  64  4  64  0.4105E-07
 1  64  4  64  0.4073E-07
 1  64  5  64  0.2311E-07
 1  64  5  64  0.2234E-07
 1  64  5  64  0.2217E-07
 1  64  5  64  0.2213E-07
 1  64  5  64  0.2212E-07
 1  64  5  64  0.2209E-07
 1  64  5  64  0.2206E-07
 1  64  5  64  0.2211E-07
 1  64  5  64  0.2194E-07
 1  64  5  64  0.2223E-07
 1  64  6  64  0.1388E-07
 1  64  6  64  0.1336E-07
 1  64  6  64  0.1333E-07
 1  64  6  64  0.1331E-07
 1  64  6  64  0.1333E-07
 1  64  6  64  0.1322E-07
 1  64  6  64  0.1330E-07
 1  64  6  64  0.1336E-07
 1  64  6  64  0.1332E-07
 1  64  6  64  0.1330E-07
 1  64  7  64  0.9478E-08
 1  64  7  64  0.9066E-08
 1  64  7  64  0.9021E-08
 1  64  7  64  0.8960E-08
 1  64  7  64  0.9021E-08
 1  64  7  64  0.8953E-08
 1  64  7  64  0.8945E-08
 1  64  7  64  0.8994E-08
 1  64  7  64  0.9006E-08
 1  64  7  64  0.9018E-08
 1  64  8  64  0.6562E-08
 1  64  8  64  0.6408E-08
 1  64  8  64  0.6342E-08
 1  64  8  64  0.6319E-08
 1  64  8  64  0.6308E-08
 1  64  8  64  0.6273E-08
 1  64  8  64  0.6331E-08
 1  64  8  64  0.6306E-08
 1  64  8  64  0.6268E-08
 1  64  8  64  0.6265E-08
 1  64  9  64  0.5364E-08
 1  64  9  64  0.5130E-08
 1  64  9  64  0.5116E-08
 1  64  9  64  0.5050E-08
 1  64  9  64  0.5118E-08
 1  64  9  64  0.5094E-08
 1  64  9  64  0.5071E-08
 1  64  9  64  0.5090E-08
 1  64  9  64  0.5090E-08
 1  64  9  64  0.5080E-08
 1  64  10  64  0.4448E-08
 1  64  10  64  0.4277E-08
 1  64  10  64  0.4261E-08
 1  64  10  64  0.4268E-08
 1  64  10  64  0.4264E-08
 1  64  10  64  0.4263E-08
 1  64  10  64  0.4266E-08
 1  64  10  64  0.4295E-08
 1  64  10  64  0.4263E-08
 1  64  10  64  0.4298E-08
 1  64  11  64  0.4187E-08
 1  64  11  64  0.4036E-08
 1  64  11  64  0.3986E-08
 1  64  11  64  0.3986E-08
 1  64  11  64  0.3992E-08
 1  64  11  64  0.3964E-08
 1  64  11  64  0.3983E-08
 1  64  11  64  0.3959E-08
 1  64  11  64  0.3990E-08
 1  64  11  64  0.3969E-08
 1  64  13  64  0.3833E-08
 1  64  13  64  0.3705E-08
 1  64  13  64  0.3709E-08
 1  64  13  64  0.3699E-08
 1  64  13  64  0.3689E-08
 1  64  13  64  0.3698E-08
 1  64  13  64  0.3729E-08
 1  64  13  64  0.3688E-08
 1  64  13  64  0.3702E-08
 1  64  13  64  0.3701E-08
 1  64  14  64  0.3595E-08
 1  64  14  64  0.3483E-08
 1  64  14  64  0.3483E-08
 1  64  14  64  0.3483E-08
 1  64  14  64  0.3484E-08
 1  64  14  64  0.3474E-08
 1  64  14  64  0.3486E-08
 1  64  14  64  0.3475E-08
 1  64  14  64  0.3483E-08
 1  64  14  64  0.3482E-08
 1  64  15  64  0.3544E-08
 1  64  15  64  0.3464E-08
 1  64  15  64  0.3458E-08
 1  64  15  64  0.3473E-08
 1  64  15  64  0.3475E-08
 1  64  15  64  0.3471E-08
 1  64  15  64  0.3460E-08
 1  64  15  64  0.3461E-08
 1  64  15  64  0.3458E-08
 1  64  15  64  0.3464E-08
 1  64  16  64  0.3308E-08
 1  64  16  64  0.3263E-08
 1  64  16  64  0.3243E-08
 1  64  16  64  0.3251E-08
 1  64  16  64  0.3259E-08
 1  64  16  64  0.3262E-08
 1  64  16  64  0.3243E-08
 1  64  16  64  0.3248E-08
 1  64  16  64  0.3258E-08
 1  64  16  64  0.3257E-08
 1  64  17  64  0.3288E-08
 1  64  17  64  0.3269E-08
 1  64  17  64  0.3258E-08
 1  64  17  64  0.3256E-08
 1  64  17  64  0.3272E-08
 1  64  17  64  0.3265E-08
 1  64  17  64  0.3256E-08
 1  64  17  64  0.3270E-08
 1  64  17  64  0.3262E-08
 1  64  17  64  0.3259E-08
 1  64  18  64  0.2768E-08
 1  64  18  64  0.2741E-08
 1  64  18  64  0.2743E-08
 1  64  18  64  0.2744E-08
 1  64  18  64  0.2744E-08
 1  64  18  64  0.2743E-08
 1  64  18  64  0.2733E-08
 1  64  18  64  0.2755E-08
 1  64  18  64  0.2737E-08
 1  64  18  64  0.2743E-08
 1  64  19  64  0.2680E-08
 1  64  19  64  0.2641E-08
 1  64  19  64  0.2651E-08
 1  64  19  64  0.2651E-08
 1  64  19  64  0.2641E-08
 1  64  19  64  0.2652E-08
 1  64  19  64  0.2647E-08
 1  64  19  64  0.2648E-08
 1  64  19  64  0.2648E-08
 1  64  19  64  0.2648E-08
 1  64  20  64  0.2442E-08
 1  64  20  64  0.2414E-08
 1  64  20  64  0.2416E-08
 1  64  20  64  0.2412E-08
 1  64  20  64  0.2414E-08
 1  64  20  64  0.2411E-08
 1  64  20  64  0.2448E-08
 1  64  20  64  0.2419E-08
 1  64  20  64  0.2413E-08
 1  64  20  64  0.2420E-08
