 1  128  3  128  0.5967E-07
 1  128  3  128  0.5826E-07
 1  128  3  128  0.5785E-07
 1  128  3  128  0.5756E-07
 1  128  3  128  0.5764E-07
 1  128  3  128  0.5761E-07
 1  128  3  128  0.5780E-07
 1  128  3  128  0.5716E-07
 1  128  3  128  0.5695E-07
 1  128  3  128  0.5680E-07
 1  128  4  128  0.2578E-07
 1  128  4  128  0.2494E-07
 1  128  4  128  0.2490E-07
 1  128  4  128  0.2479E-07
 1  128  4  128  0.2479E-07
 1  128  4  128  0.2505E-07
 1  128  4  128  0.2460E-07
 1  128  4  128  0.2479E-07
 1  128  4  128  0.2440E-07
 1  128  4  128  0.2462E-07
 1  128  5  128  0.1384E-07
 1  128  5  128  0.1318E-07
 1  128  5  128  0.1334E-07
 1  128  5  128  0.1333E-07
 1  128  5  128  0.1325E-07
 1  128  5  128  0.1312E-07
 1  128  5  128  0.1319E-07
 1  128  5  128  0.1311E-07
 1  128  5  128  0.1318E-07
 1  128  5  128  0.1316E-07
 1  128  6  128  0.8553E-08
 1  128  6  128  0.8095E-08
 1  128  6  128  0.8017E-08
 1  128  6  128  0.7970E-08
 1  128  6  128  0.7947E-08
 1  128  6  128  0.7948E-08
 1  128  6  128  0.7938E-08
 1  128  6  128  0.7965E-08
 1  128  6  128  0.7896E-08
 1  128  6  128  0.7984E-08
 1  128  7  128  0.5826E-08
 1  128  7  128  0.5382E-08
 1  128  7  128  0.5375E-08
 1  128  7  128  0.5378E-08
 1  128  7  128  0.5298E-08
 1  128  7  128  0.5350E-08
 1  128  7  128  0.5309E-08
 1  128  7  128  0.5327E-08
 1  128  7  128  0.5347E-08
 1  128  7  128  0.5350E-08
 1  128  8  128  0.4094E-08
 1  128  8  128  0.3866E-08
 1  128  8  128  0.3860E-08
 1  128  8  128  0.3827E-08
 1  128  8  128  0.3812E-08
 1  128  8  128  0.3812E-08
 1  128  8  128  0.3793E-08
 1  128  8  128  0.3781E-08
 1  128  8  128  0.3801E-08
 1  128  8  128  0.3815E-08
 1  128  9  128  0.3427E-08
 1  128  9  128  0.3222E-08
 1  128  9  128  0.3195E-08
 1  128  9  128  0.3210E-08
 1  128  9  128  0.3180E-08
 1  128  9  128  0.3200E-08
 1  128  9  128  0.3181E-08
 1  128  9  128  0.3168E-08
 1  128  9  128  0.3186E-08
 1  128  9  128  0.3219E-08
 1  128  10  128  0.2905E-08
 1  128  10  128  0.2728E-08
 1  128  10  128  0.2705E-08
 1  128  10  128  0.2713E-08
 1  128  10  128  0.2689E-08
 1  128  10  128  0.2698E-08
 1  128  10  128  0.2708E-08
 1  128  10  128  0.2714E-08
 1  128  10  128  0.2730E-08
 1  128  10  128  0.2723E-08
 1  128  11  128  0.2730E-08
 1  128  11  128  0.2610E-08
 1  128  11  128  0.2615E-08
 1  128  11  128  0.2606E-08
 1  128  11  128  0.2607E-08
 1  128  11  128  0.2615E-08
 1  128  11  128  0.2634E-08
 1  128  11  128  0.2623E-08
 1  128  11  128  0.2597E-08
 1  128  11  128  0.2592E-08
 1  128  12  128  0.2540E-08
 1  128  12  128  0.2431E-08
 1  128  12  128  0.2430E-08
 1  128  12  128  0.2432E-08
 1  128  12  128  0.2426E-08
 1  128  12  128  0.2419E-08
 1  128  12  128  0.2424E-08
 1  128  12  128  0.2434E-08
 1  128  12  128  0.2438E-08
 1  128  12  128  0.2433E-08
 1  128  13  128  0.2435E-08
 1  128  13  128  0.2352E-08
 1  128  13  128  0.2351E-08
 1  128  13  128  0.2366E-08
 1  128  13  128  0.2360E-08
 1  128  13  128  0.2356E-08
 1  128  13  128  0.2336E-08
 1  128  13  128  0.2340E-08
 1  128  13  128  0.2347E-08
 1  128  13  128  0.2357E-08
 1  128  14  128  0.2266E-08
 1  128  14  128  0.2215E-08
 1  128  14  128  0.2208E-08
 1  128  14  128  0.2207E-08
 1  128  14  128  0.2207E-08
 1  128  14  128  0.2214E-08
 1  128  14  128  0.2215E-08
 1  128  14  128  0.2212E-08
 1  128  14  128  0.2210E-08
 1  128  14  128  0.2221E-08
 1  128  15  128  0.2121E-08
 1  128  15  128  0.2074E-08
 1  128  15  128  0.2069E-08
 1  128  15  128  0.2071E-08
 1  128  15  128  0.2079E-08
 1  128  15  128  0.2071E-08
 1  128  15  128  0.2083E-08
 1  128  15  128  0.2074E-08
 1  128  15  128  0.2082E-08
 1  128  15  128  0.2073E-08
 1  128  16  128  0.1717E-08
 1  128  16  128  0.1688E-08
 1  128  16  128  0.1698E-08
 1  128  16  128  0.1704E-08
 1  128  16  128  0.1695E-08
 1  128  16  128  0.1691E-08
 1  128  16  128  0.1692E-08
 1  128  16  128  0.1696E-08
 1  128  16  128  0.1693E-08
 1  128  16  128  0.1699E-08
 1  128  17  128  0.1664E-08
 1  128  17  128  0.1641E-08
 1  128  17  128  0.1642E-08
 1  128  17  128  0.1647E-08
 1  128  17  128  0.1642E-08
 1  128  17  128  0.1645E-08
 1  128  17  128  0.1648E-08
 1  128  17  128  0.1645E-08
 1  128  17  128  0.1640E-08
 1  128  17  128  0.1645E-08
 1  128  18  128  0.1564E-08
 1  128  18  128  0.1555E-08
 1  128  18  128  0.1548E-08
 1  128  18  128  0.1554E-08
 1  128  18  128  0.1552E-08
 1  128  18  128  0.1547E-08
 1  128  18  128  0.1551E-08
 1  128  18  128  0.1554E-08
 1  128  18  128  0.1552E-08
 1  128  18  128  0.1553E-08
 1  128  19  128  0.1538E-08
 1  128  19  128  0.1530E-08
 1  128  19  128  0.1530E-08
 1  128  19  128  0.1530E-08
 1  128  19  128  0.1533E-08
 1  128  19  128  0.1528E-08
 1  128  19  128  0.1528E-08
 1  128  19  128  0.1522E-08
 1  128  19  128  0.1531E-08
 1  128  19  128  0.1532E-08
 1  128  20  128  0.1452E-08
 1  128  20  128  0.1447E-08
 1  128  20  128  0.1447E-08
 1  128  20  128  0.1460E-08
 1  128  20  128  0.1449E-08
 1  128  20  128  0.1446E-08
 1  128  20  128  0.1447E-08
 1  128  20  128  0.1445E-08
 1  128  20  128  0.1446E-08
 1  128  20  128  0.1449E-08
