 1  32  3  32  0.6248E-07
 1  32  3  32  0.5807E-07
 1  32  3  32  0.5751E-07
 1  32  3  32  0.5809E-07
 1  32  3  32  0.5767E-07
 1  32  3  32  0.5730E-07
 1  32  3  32  0.5723E-07
 1  32  3  32  0.5724E-07
 1  32  3  32  0.5712E-07
 1  32  3  32  0.5749E-07
 1  32  4  32  0.2728E-07
 1  32  4  32  0.2574E-07
 1  32  4  32  0.2559E-07
 1  32  4  32  0.2545E-07
 1  32  4  32  0.2553E-07
 1  32  4  32  0.2561E-07
 1  32  4  32  0.2558E-07
 1  32  4  32  0.2549E-07
 1  32  4  32  0.2547E-07
 1  32  4  32  0.2547E-07
 1  32  5  32  0.1591E-07
 1  32  5  32  0.1476E-07
 1  32  5  32  0.1469E-07
 1  32  5  32  0.1461E-07
 1  32  5  32  0.1476E-07
 1  32  5  32  0.1462E-07
 1  32  5  32  0.1470E-07
 1  32  5  32  0.1475E-07
 1  32  5  32  0.1464E-07
 1  32  5  32  0.1460E-07
 1  32  6  32  0.9894E-08
 1  32  6  32  0.9259E-08
 1  32  6  32  0.9253E-08
 1  32  6  32  0.9207E-08
 1  32  6  32  0.9325E-08
 1  32  6  32  0.9444E-08
 1  32  6  32  0.9373E-08
 1  32  6  32  0.9099E-08
 1  32  6  32  0.9098E-08
 1  32  6  32  0.9115E-08
 1  32  7  32  0.7289E-08
 1  32  7  32  0.6821E-08
 1  32  7  32  0.6728E-08
 1  32  7  32  0.6829E-08
 1  32  7  32  0.6772E-08
 1  32  7  32  0.6758E-08
 1  32  7  32  0.6738E-08
 1  32  7  32  0.6707E-08
 1  32  7  32  0.6736E-08
 1  32  7  32  0.6718E-08
 1  32  8  32  0.5195E-08
 1  32  8  32  0.5005E-08
 1  32  8  32  0.4894E-08
 1  32  8  32  0.4893E-08
 1  32  8  32  0.4890E-08
 1  32  8  32  0.4877E-08
 1  32  8  32  0.4875E-08
 1  32  8  32  0.4855E-08
 1  32  8  32  0.4860E-08
 1  32  8  32  0.4934E-08
 1  32  9  32  0.4703E-08
 1  32  9  32  0.4419E-08
 1  32  9  32  0.4450E-08
 1  32  9  32  0.4402E-08
 1  32  9  32  0.4385E-08
 1  32  9  32  0.4372E-08
 1  32  9  32  0.4480E-08
 1  32  9  32  0.4384E-08
 1  32  9  32  0.4363E-08
 1  32  9  32  0.4372E-08
 1  32  10  32  0.4240E-08
 1  32  10  32  0.4023E-08
 1  32  10  32  0.4017E-08
 1  32  10  32  0.3983E-08
 1  32  10  32  0.3994E-08
 1  32  10  32  0.4009E-08
 1  32  10  32  0.4006E-08
 1  32  10  32  0.3991E-08
 1  32  10  32  0.4016E-08
 1  32  10  32  0.4010E-08
 1  32  11  32  0.4135E-08
 1  32  11  32  0.3993E-08
 1  32  11  32  0.4012E-08
 1  32  11  32  0.3975E-08
 1  32  11  32  0.3961E-08
 1  32  11  32  0.3949E-08
 1  32  11  32  0.3943E-08
 1  32  11  32  0.3986E-08
 1  32  11  32  0.3983E-08
 1  32  11  32  0.3956E-08
 1  32  12  32  0.3990E-08
 1  32  12  32  0.3835E-08
 1  32  12  32  0.3848E-08
 1  32  12  32  0.3821E-08
 1  32  12  32  0.3801E-08
 1  32  12  32  0.3804E-08
 1  32  12  32  0.3806E-08
 1  32  12  32  0.3877E-08
 1  32  12  32  0.3820E-08
 1  32  12  32  0.3821E-08
 1  32  13  32  0.4287E-08
 1  32  13  32  0.4210E-08
 1  32  13  32  0.4212E-08
 1  32  13  32  0.4179E-08
 1  32  13  32  0.4210E-08
 1  32  13  32  0.4187E-08
 1  32  13  32  0.4190E-08
 1  32  13  32  0.4163E-08
 1  32  13  32  0.4177E-08
 1  32  13  32  0.4189E-08
 1  32  14  32  0.4201E-08
 1  32  14  32  0.4117E-08
 1  32  14  32  0.4112E-08
 1  32  14  32  0.4134E-08
 1  32  14  32  0.4144E-08
 1  32  14  32  0.4112E-08
 1  32  14  32  0.4126E-08
 1  32  14  32  0.4130E-08
 1  32  14  32  0.4116E-08
 1  32  14  32  0.4115E-08
 1  32  15  32  0.3980E-08
 1  32  15  32  0.3936E-08
 1  32  15  32  0.3930E-08
 1  32  15  32  0.3957E-08
 1  32  15  32  0.3911E-08
 1  32  15  32  0.3914E-08
 1  32  15  32  0.3910E-08
 1  32  15  32  0.3916E-08
 1  32  15  32  0.3910E-08
 1  32  15  32  0.3957E-08
 1  32  16  32  0.3570E-08
 1  32  16  32  0.3530E-08
 1  32  16  32  0.3523E-08
 1  32  16  32  0.3529E-08
 1  32  16  32  0.3531E-08
 1  32  16  32  0.3527E-08
 1  32  16  32  0.3536E-08
 1  32  16  32  0.3525E-08
 1  32  16  32  0.3523E-08
 1  32  16  32  0.3539E-08
 1  32  17  32  0.3999E-08
 1  32  17  32  0.3980E-08
 1  32  17  32  0.3985E-08
 1  32  17  32  0.3980E-08
 1  32  17  32  0.3971E-08
 1  32  17  32  0.3973E-08
 1  32  17  32  0.3986E-08
 1  32  17  32  0.3988E-08
 1  32  17  32  0.3975E-08
 1  32  17  32  0.3977E-08
 1  32  18  32  0.3828E-08
 1  32  18  32  0.3799E-08
 1  32  18  32  0.3801E-08
 1  32  18  32  0.3791E-08
 1  32  18  32  0.3799E-08
 1  32  18  32  0.3793E-08
 1  32  18  32  0.3793E-08
 1  32  18  32  0.3801E-08
 1  32  18  32  0.3787E-08
 1  32  18  32  0.3798E-08
 1  32  19  32  0.3889E-08
 1  32  19  32  0.3858E-08
 1  32  19  32  0.3871E-08
 1  32  19  32  0.3872E-08
 1  32  19  32  0.3871E-08
 1  32  19  32  0.3857E-08
 1  32  19  32  0.3864E-08
 1  32  19  32  0.3870E-08
 1  32  19  32  0.3870E-08
 1  32  19  32  0.3861E-08
 1  32  20  32  0.3583E-08
 1  32  20  32  0.3547E-08
 1  32  20  32  0.3551E-08
 1  32  20  32  0.3546E-08
 1  32  20  32  0.3558E-08
 1  32  20  32  0.3547E-08
 1  32  20  32  0.3553E-08
 1  32  20  32  0.3541E-08
 1  32  20  32  0.3550E-08
 1  32  20  32  0.3556E-08
