 1  512  3  512  0.1899E-07
 1  512  3  512  0.2237E-07
 1  512  3  512  0.2271E-07
 1  512  3  512  0.2160E-07
 1  512  3  512  0.2168E-07
 1  512  3  512  0.2137E-07
 1  512  3  512  0.2168E-07
 1  512  3  512  0.2213E-07
 1  512  3  512  0.2081E-07
 1  512  3  512  0.2132E-07
 1  512  4  512  0.1386E-07
 1  512  4  512  0.9308E-08
 1  512  4  512  0.9257E-08
 1  512  4  512  0.1107E-07
 1  512  4  512  0.9085E-08
 1  512  4  512  0.9522E-08
 1  512  4  512  0.9165E-08
 1  512  4  512  0.9187E-08
 1  512  4  512  0.9776E-08
 1  512  4  512  0.9226E-08
 1  512  5  512  0.9943E-08
 1  512  5  512  0.5053E-08
 1  512  5  512  0.4890E-08
 1  512  5  512  0.4839E-08
 1  512  5  512  0.4890E-08
 1  512  5  512  0.4937E-08
 1  512  5  512  0.6067E-08
 1  512  5  512  0.3727E-08
 1  512  5  512  0.4984E-08
 1  512  5  512  0.5030E-08
 1  512  6  512  0.1526E-08
 1  512  6  512  0.1496E-08
 1  512  6  512  0.1457E-08
 1  512  6  512  0.1466E-08
 1  512  6  512  0.1474E-08
 1  512  6  512  0.1475E-08
 1  512  6  512  0.1469E-08
 1  512  6  512  0.1447E-08
 1  512  6  512  0.1476E-08
 1  512  6  512  0.1480E-08
 1  512  7  512  0.1058E-08
 1  512  7  512  0.1019E-08
 1  512  7  512  0.1028E-08
 1  512  7  512  0.1000E-08
 1  512  7  512  0.1013E-08
 1  512  7  512  0.1003E-08
 1  512  7  512  0.1002E-08
 1  512  7  512  0.9902E-09
 1  512  7  512  0.9770E-09
 1  512  7  512  0.1012E-08
 1  512  8  512  0.7749E-09
 1  512  8  512  0.7586E-09
 1  512  8  512  0.7462E-09
 1  512  8  512  0.7512E-09
 1  512  8  512  0.7572E-09
 1  512  8  512  0.7560E-09
 1  512  8  512  0.7556E-09
 1  512  8  512  0.7518E-09
 1  512  8  512  0.7564E-09
 1  512  8  512  0.7578E-09
 1  512  9  512  0.6378E-09
 1  512  9  512  0.6223E-09
 1  512  9  512  0.6310E-09
 1  512  9  512  0.6206E-09
 1  512  9  512  0.6183E-09
 1  512  9  512  0.6167E-09
 1  512  9  512  0.6265E-09
 1  512  9  512  0.6194E-09
 1  512  9  512  0.6136E-09
 1  512  9  512  0.6125E-09
 1  512  10  512  0.5587E-09
 1  512  10  512  0.5422E-09
 1  512  10  512  0.5393E-09
 1  512  10  512  0.5432E-09
 1  512  10  512  0.5420E-09
 1  512  10  512  0.5472E-09
 1  512  10  512  0.5419E-09
 1  512  10  512  0.5426E-09
 1  512  10  512  0.5453E-09
 1  512  10  512  0.5513E-09
 1  512  11  512  0.5055E-09
 1  512  11  512  0.4980E-09
 1  512  11  512  0.4928E-09
 1  512  11  512  0.4961E-09
 1  512  11  512  0.4948E-09
 1  512  11  512  0.4934E-09
 1  512  11  512  0.5107E-09
 1  512  11  512  0.5019E-09
 1  512  11  512  0.4958E-09
 1  512  11  512  0.4989E-09
 1  512  12  512  0.4387E-09
 1  512  12  512  0.4363E-09
 1  512  12  512  0.4315E-09
 1  512  12  512  0.4374E-09
 1  512  12  512  0.4288E-09
 1  512  12  512  0.4311E-09
 1  512  12  512  0.4458E-09
 1  512  12  512  0.4419E-09
 1  512  12  512  0.4336E-09
 1  512  12  512  0.4327E-09
 1  512  13  512  0.4038E-09
 1  512  13  512  0.3981E-09
 1  512  13  512  0.3985E-09
 1  512  13  512  0.3983E-09
 1  512  13  512  0.3984E-09
 1  512  13  512  0.3994E-09
 1  512  13  512  0.3981E-09
 1  512  13  512  0.3983E-09
 1  512  13  512  0.3985E-09
 1  512  13  512  0.3985E-09
 1  512  14  512  0.3611E-09
 1  512  14  512  0.3543E-09
 1  512  14  512  0.3521E-09
 1  512  14  512  0.3493E-09
 1  512  14  512  0.3506E-09
 1  512  14  512  0.3529E-09
 1  512  14  512  0.3580E-09
 1  512  14  512  0.3557E-09
 1  512  14  512  0.3523E-09
 1  512  14  512  0.3514E-09
 1  512  15  512  0.3287E-09
 1  512  15  512  0.3264E-09
 1  512  15  512  0.3254E-09
 1  512  15  512  0.3257E-09
 1  512  15  512  0.3256E-09
 1  512  15  512  0.3268E-09
 1  512  15  512  0.3338E-09
 1  512  15  512  0.3268E-09
 1  512  15  512  0.3254E-09
 1  512  15  512  0.3266E-09
 1  512  16  512  0.2988E-09
 1  512  16  512  0.2957E-09
 1  512  16  512  0.2963E-09
 1  512  16  512  0.2962E-09
 1  512  16  512  0.2992E-09
 1  512  16  512  0.2974E-09
 1  512  16  512  0.2946E-09
 1  512  16  512  0.2950E-09
 1  512  16  512  0.2976E-09
 1  512  16  512  0.2969E-09
 1  512  17  512  0.3086E-09
 1  512  17  512  0.3073E-09
 1  512  17  512  0.3073E-09
 1  512  17  512  0.3087E-09
 1  512  17  512  0.3070E-09
 1  512  17  512  0.3086E-09
 1  512  17  512  0.3049E-09
 1  512  17  512  0.3049E-09
 1  512  17  512  0.3071E-09
 1  512  17  512  0.3071E-09
 1  512  18  512  0.2843E-09
 1  512  18  512  0.2832E-09
 1  512  18  512  0.2827E-09
 1  512  18  512  0.2829E-09
 1  512  18  512  0.2835E-09
 1  512  18  512  0.2807E-09
 1  512  18  512  0.2820E-09
 1  512  18  512  0.2847E-09
 1  512  18  512  0.2834E-09
 1  512  18  512  0.2817E-09
 1  512  19  512  0.2812E-09
 1  512  19  512  0.2794E-09
 1  512  19  512  0.2804E-09
 1  512  19  512  0.2806E-09
 1  512  19  512  0.2786E-09
 1  512  19  512  0.2793E-09
 1  512  19  512  0.2781E-09
 1  512  19  512  0.2786E-09
 1  512  19  512  0.2802E-09
 1  512  19  512  0.2800E-09
 1  512  20  512  0.2613E-09
 1  512  20  512  0.2618E-09
 1  512  20  512  0.2671E-09
 1  512  20  512  0.2610E-09
 1  512  20  512  0.2616E-09
 1  512  20  512  0.2623E-09
 1  512  20  512  0.2609E-09
 1  512  20  512  0.2614E-09
 1  512  20  512  0.2623E-09
 1  512  20  512  0.2614E-09
