 1  256  3  256  0.6530E-07
 1  256  3  256  0.3718E-07
 1  256  3  256  0.3405E-07
 1  256  3  256  0.3468E-07
 1  256  3  256  0.3371E-07
 1  256  3  256  0.4389E-07
 1  256  3  256  0.3468E-07
 1  256  3  256  0.3501E-07
 1  256  3  256  0.3255E-07
 1  256  3  256  0.3448E-07
 1  256  4  256  0.2317E-07
 1  256  4  256  0.1568E-07
 1  256  4  256  0.1528E-07
 1  256  4  256  0.1796E-07
 1  256  4  256  0.1589E-07
 1  256  4  256  0.1504E-07
 1  256  4  256  0.1532E-07
 1  256  4  256  0.1561E-07
 1  256  4  256  0.1524E-07
 1  256  4  256  0.1526E-07
 1  256  5  256  0.1873E-07
 1  256  5  256  0.8844E-08
 1  256  5  256  0.8501E-08
 1  256  5  256  0.8752E-08
 1  256  5  256  0.8427E-08
 1  256  5  256  0.8938E-08
 1  256  5  256  0.8335E-08
 1  256  5  256  0.8521E-08
 1  256  5  256  0.8427E-08
 1  256  5  256  0.8439E-08
 1  256  6  256  0.2424E-08
 1  256  6  256  0.2319E-08
 1  256  6  256  0.2333E-08
 1  256  6  256  0.2336E-08
 1  256  6  256  0.2368E-08
 1  256  6  256  0.2371E-08
 1  256  6  256  0.2339E-08
 1  256  6  256  0.2347E-08
 1  256  6  256  0.2340E-08
 1  256  6  256  0.2328E-08
 1  256  7  256  0.1651E-08
 1  256  7  256  0.1592E-08
 1  256  7  256  0.1579E-08
 1  256  7  256  0.1608E-08
 1  256  7  256  0.1595E-08
 1  256  7  256  0.1598E-08
 1  256  7  256  0.1620E-08
 1  256  7  256  0.1662E-08
 1  256  7  256  0.1596E-08
 1  256  7  256  0.1591E-08
 1  256  8  256  0.1237E-08
 1  256  8  256  0.1200E-08
 1  256  8  256  0.1186E-08
 1  256  8  256  0.1196E-08
 1  256  8  256  0.1178E-08
 1  256  8  256  0.1198E-08
 1  256  8  256  0.1188E-08
 1  256  8  256  0.1213E-08
 1  256  8  256  0.1193E-08
 1  256  8  256  0.1199E-08
 1  256  9  256  0.1075E-08
 1  256  9  256  0.1033E-08
 1  256  9  256  0.1036E-08
 1  256  9  256  0.1042E-08
 1  256  9  256  0.1037E-08
 1  256  9  256  0.1036E-08
 1  256  9  256  0.1031E-08
 1  256  9  256  0.1035E-08
 1  256  9  256  0.1038E-08
 1  256  9  256  0.1032E-08
 1  256  10  256  0.9794E-09
 1  256  10  256  0.9471E-09
 1  256  10  256  0.9555E-09
 1  256  10  256  0.9464E-09
 1  256  10  256  0.9385E-09
 1  256  10  256  0.9557E-09
 1  256  10  256  0.9593E-09
 1  256  10  256  0.9409E-09
 1  256  10  256  0.9442E-09
 1  256  10  256  0.9454E-09
 1  256  11  256  0.8414E-09
 1  256  11  256  0.8200E-09
 1  256  11  256  0.8241E-09
 1  256  11  256  0.8269E-09
 1  256  11  256  0.8210E-09
 1  256  11  256  0.8216E-09
 1  256  11  256  0.8194E-09
 1  256  11  256  0.8219E-09
 1  256  11  256  0.8163E-09
 1  256  11  256  0.8189E-09
 1  256  12  256  0.7402E-09
 1  256  12  256  0.7222E-09
 1  256  12  256  0.7207E-09
 1  256  12  256  0.7243E-09
 1  256  12  256  0.7287E-09
 1  256  12  256  0.7268E-09
 1  256  12  256  0.7222E-09
 1  256  12  256  0.7227E-09
 1  256  12  256  0.7297E-09
 1  256  12  256  0.7253E-09
 1  256  13  256  0.6824E-09
 1  256  13  256  0.6900E-09
 1  256  13  256  0.6860E-09
 1  256  13  256  0.6900E-09
 1  256  13  256  0.6753E-09
 1  256  13  256  0.6854E-09
 1  256  13  256  0.6780E-09
 1  256  13  256  0.6739E-09
 1  256  13  256  0.6785E-09
 1  256  13  256  0.6766E-09
 1  256  14  256  0.6214E-09
 1  256  14  256  0.6302E-09
 1  256  14  256  0.6137E-09
 1  256  14  256  0.6158E-09
 1  256  14  256  0.6155E-09
 1  256  14  256  0.6222E-09
 1  256  14  256  0.6163E-09
 1  256  14  256  0.6154E-09
 1  256  14  256  0.6138E-09
 1  256  14  256  0.6139E-09
 1  256  15  256  0.5846E-09
 1  256  15  256  0.5777E-09
 1  256  15  256  0.5749E-09
 1  256  15  256  0.5779E-09
 1  256  15  256  0.5756E-09
 1  256  15  256  0.5787E-09
 1  256  15  256  0.5791E-09
 1  256  15  256  0.5766E-09
 1  256  15  256  0.5772E-09
 1  256  15  256  0.5778E-09
 1  256  16  256  0.5286E-09
 1  256  16  256  0.5275E-09
 1  256  16  256  0.5306E-09
 1  256  16  256  0.5263E-09
 1  256  16  256  0.5251E-09
 1  256  16  256  0.5276E-09
 1  256  16  256  0.5272E-09
 1  256  16  256  0.5239E-09
 1  256  16  256  0.5304E-09
 1  256  16  256  0.5272E-09
 1  256  17  256  0.5515E-09
 1  256  17  256  0.5536E-09
 1  256  17  256  0.5522E-09
 1  256  17  256  0.5507E-09
 1  256  17  256  0.5490E-09
 1  256  17  256  0.5510E-09
 1  256  17  256  0.5513E-09
 1  256  17  256  0.5522E-09
 1  256  17  256  0.5533E-09
 1  256  17  256  0.5490E-09
 1  256  18  256  0.5230E-09
 1  256  18  256  0.5178E-09
 1  256  18  256  0.5190E-09
 1  256  18  256  0.5174E-09
 1  256  18  256  0.5423E-09
 1  256  18  256  0.5303E-09
 1  256  18  256  0.5169E-09
 1  256  18  256  0.5197E-09
 1  256  18  256  0.5185E-09
 1  256  18  256  0.5195E-09
 1  256  19  256  0.5213E-09
 1  256  19  256  0.5199E-09
 1  256  19  256  0.5222E-09
 1  256  19  256  0.5200E-09
 1  256  19  256  0.5186E-09
 1  256  19  256  0.5187E-09
 1  256  19  256  0.5206E-09
 1  256  19  256  0.5200E-09
 1  256  19  256  0.5205E-09
 1  256  19  256  0.5197E-09
 1  256  20  256  0.4893E-09
 1  256  20  256  0.4887E-09
 1  256  20  256  0.4876E-09
 1  256  20  256  0.4882E-09
 1  256  20  256  0.4973E-09
 1  256  20  256  0.4880E-09
 1  256  20  256  0.4876E-09
 1  256  20  256  0.4885E-09
 1  256  20  256  0.4882E-09
 1  256  20  256  0.4901E-09
