 1  16  3  16  0.4767E-07
 1  16  3  16  0.1621E-06
 1  16  3  16  0.1814E-06
 1  16  3  16  0.1582E-06
 1  16  3  16  0.1483E-06
 1  16  3  16  0.1442E-06
 1  16  3  16  0.1404E-06
 1  16  3  16  0.1897E-06
 1  16  3  16  0.1428E-06
 1  16  3  16  0.1396E-06
 1  16  4  16  0.2359E-07
 1  16  4  16  0.2148E-07
 1  16  4  16  0.3873E-07
 1  16  4  16  0.6480E-07
 1  16  4  16  0.5635E-07
 1  16  4  16  0.5402E-07
 1  16  4  16  0.3415E-07
 1  16  4  16  0.4657E-07
 1  16  4  16  0.4587E-07
 1  16  4  16  0.4812E-07
 1  16  5  16  0.1532E-07
 1  16  5  16  0.1422E-07
 1  16  5  16  0.1487E-07
 1  16  5  16  0.3652E-07
 1  16  5  16  0.3767E-07
 1  16  5  16  0.3835E-07
 1  16  5  16  0.3898E-07
 1  16  5  16  0.3648E-07
 1  16  5  16  0.3767E-07
 1  16  5  16  0.3902E-07
 1  16  6  16  0.1064E-07
 1  16  6  16  0.9509E-08
 1  16  6  16  0.9463E-08
 1  16  6  16  0.1005E-07
 1  16  6  16  0.1552E-07
 1  16  6  16  0.1486E-07
 1  16  6  16  0.1417E-07
 1  16  6  16  0.1398E-07
 1  16  6  16  0.1419E-07
 1  16  6  16  0.1368E-07
 1  16  7  16  0.8601E-08
 1  16  7  16  0.7916E-08
 1  16  7  16  0.7867E-08
 1  16  7  16  0.7721E-08
 1  16  7  16  0.7830E-08
 1  16  7  16  0.1894E-07
 1  16  7  16  0.2059E-07
 1  16  7  16  0.1955E-07
 1  16  7  16  0.2113E-07
 1  16  7  16  0.1803E-07
 1  16  8  16  0.7128E-08
 1  16  8  16  0.6279E-08
 1  16  8  16  0.6226E-08
 1  16  8  16  0.6231E-08
 1  16  8  16  0.6275E-08
 1  16  8  16  0.6279E-08
 1  16  8  16  0.1526E-07
 1  16  8  16  0.1510E-07
 1  16  8  16  0.1737E-07
 1  16  8  16  0.1628E-07
 1  16  9  16  0.7010E-08
 1  16  9  16  0.6517E-08
 1  16  9  16  0.6435E-08
 1  16  9  16  0.6351E-08
 1  16  9  16  0.6365E-08
 1  16  9  16  0.6352E-08
 1  16  9  16  0.6349E-08
 1  16  9  16  0.6339E-08
 1  16  9  16  0.1643E-07
 1  16  9  16  0.1503E-07
 1  16  10  16  0.6998E-08
 1  16  10  16  0.6543E-08
 1  16  10  16  0.6497E-08
 1  16  10  16  0.6534E-08
 1  16  10  16  0.6498E-08
 1  16  10  16  0.6481E-08
 1  16  10  16  0.6467E-08
 1  16  10  16  0.6496E-08
 1  16  10  16  0.6468E-08
 1  16  10  16  0.1498E-07
 1  16  11  16  0.7689E-08
 1  16  11  16  0.7171E-08
 1  16  11  16  0.7136E-08
 1  16  11  16  0.7128E-08
 1  16  11  16  0.7154E-08
 1  16  11  16  0.7120E-08
 1  16  11  16  0.7161E-08
 1  16  11  16  0.7111E-08
 1  16  11  16  0.7123E-08
 1  16  11  16  0.7158E-08
 1  16  12  16  0.7237E-08
 1  16  12  16  0.6719E-08
 1  16  12  16  0.6700E-08
 1  16  12  16  0.6701E-08
 1  16  12  16  0.6722E-08
 1  16  12  16  0.6733E-08
 1  16  12  16  0.6699E-08
 1  16  12  16  0.6768E-08
 1  16  12  16  0.6704E-08
 1  16  12  16  0.6703E-08
 1  16  13  16  0.6927E-08
 1  16  13  16  0.6720E-08
 1  16  13  16  0.6642E-08
 1  16  13  16  0.6631E-08
 1  16  13  16  0.6640E-08
 1  16  13  16  0.6672E-08
 1  16  13  16  0.6662E-08
 1  16  13  16  0.6627E-08
 1  16  13  16  0.6722E-08
 1  16  13  16  0.6660E-08
 1  16  14  16  0.6381E-08
 1  16  14  16  0.6265E-08
 1  16  14  16  0.6232E-08
 1  16  14  16  0.6226E-08
 1  16  14  16  0.6201E-08
 1  16  14  16  0.6230E-08
 1  16  14  16  0.6215E-08
 1  16  14  16  0.6210E-08
 1  16  14  16  0.6260E-08
 1  16  14  16  0.6222E-08
 1  16  15  16  0.6484E-08
 1  16  15  16  0.6373E-08
 1  16  15  16  0.6321E-08
 1  16  15  16  0.6332E-08
 1  16  15  16  0.6336E-08
 1  16  15  16  0.6361E-08
 1  16  15  16  0.6340E-08
 1  16  15  16  0.6340E-08
 1  16  15  16  0.6387E-08
 1  16  15  16  0.6338E-08
 1  16  16  16  0.5131E-08
 1  16  16  16  0.5078E-08
 1  16  16  16  0.5066E-08
 1  16  16  16  0.5048E-08
 1  16  16  16  0.5044E-08
 1  16  16  16  0.5057E-08
 1  16  16  16  0.5054E-08
 1  16  16  16  0.5041E-08
 1  16  16  16  0.5072E-08
 1  16  16  16  0.5051E-08
 1  16  17  16  0.5958E-08
 1  16  17  16  0.5969E-08
 1  16  17  16  0.5897E-08
 1  16  17  16  0.5887E-08
 1  16  17  16  0.5889E-08
 1  16  17  16  0.5891E-08
 1  16  17  16  0.5891E-08
 1  16  17  16  0.5878E-08
 1  16  17  16  0.5906E-08
 1  16  17  16  0.5910E-08
 1  16  18  16  0.5811E-08
 1  16  18  16  0.5779E-08
 1  16  18  16  0.5759E-08
 1  16  18  16  0.5752E-08
 1  16  18  16  0.5748E-08
 1  16  18  16  0.5758E-08
 1  16  18  16  0.5775E-08
 1  16  18  16  0.5764E-08
 1  16  18  16  0.5782E-08
 1  16  18  16  0.5753E-08
 1  16  19  16  0.6208E-08
 1  16  19  16  0.6180E-08
 1  16  19  16  0.6135E-08
 1  16  19  16  0.6120E-08
 1  16  19  16  0.6125E-08
 1  16  19  16  0.6132E-08
 1  16  19  16  0.6123E-08
 1  16  19  16  0.6128E-08
 1  16  19  16  0.6133E-08
 1  16  19  16  0.6123E-08
 1  16  20  16  0.6034E-08
 1  16  20  16  0.5964E-08
 1  16  20  16  0.5916E-08
 1  16  20  16  0.5903E-08
 1  16  20  16  0.5907E-08
 1  16  20  16  0.5909E-08
 1  16  20  16  0.5901E-08
 1  16  20  16  0.5890E-08
 1  16  20  16  0.5916E-08
 1  16  20  16  0.5907E-08
