 1  64  3  64  0.7996E-07
 1  64  3  64  0.7936E-07
 1  64  3  64  0.7904E-07
 1  64  3  64  0.7956E-07
 1  64  3  64  0.8006E-07
 1  64  4  64  0.3952E-07
 1  64  4  64  0.3923E-07
 1  64  4  64  0.3954E-07
 1  64  4  64  0.3927E-07
 1  64  4  64  0.3958E-07
 1  64  5  64  0.1876E-07
 1  64  5  64  0.1887E-07
 1  64  5  64  0.1881E-07
 1  64  5  64  0.1872E-07
 1  64  5  64  0.1910E-07
 1  64  6  64  0.1133E-07
 1  64  6  64  0.1126E-07
 1  64  6  64  0.1124E-07
 1  64  6  64  0.1131E-07
 1  64  6  64  0.1123E-07
 1  64  7  64  0.7628E-08
 1  64  7  64  0.7635E-08
 1  64  7  64  0.7626E-08
 1  64  7  64  0.7574E-08
 1  64  7  64  0.7662E-08
 1  64  8  64  0.5516E-08
 1  64  8  64  0.5488E-08
 1  64  8  64  0.5475E-08
 1  64  8  64  0.5548E-08
 1  64  8  64  0.5511E-08
 1  64  9  64  0.4371E-08
 1  64  9  64  0.4372E-08
 1  64  9  64  0.4352E-08
 1  64  9  64  0.4389E-08
 1  64  9  64  0.4338E-08
 1  64  10  64  0.3883E-08
 1  64  10  64  0.3904E-08
 1  64  10  64  0.3888E-08
 1  64  10  64  0.3889E-08
 1  64  10  64  0.3881E-08
 1  64  11  64  0.3743E-08
 1  64  11  64  0.3747E-08
 1  64  11  64  0.3753E-08
 1  64  11  64  0.3768E-08
 1  64  11  64  0.3749E-08
 1  64  12  64  0.3654E-08
 1  64  12  64  0.3639E-08
 1  64  12  64  0.3622E-08
 1  64  12  64  0.3631E-08
 1  64  12  64  0.3619E-08
 1  64  13  64  0.3754E-08
 1  64  13  64  0.3768E-08
 1  64  13  64  0.3763E-08
 1  64  13  64  0.3761E-08
 1  64  13  64  0.3766E-08
 1  64  14  64  0.3516E-08
 1  64  14  64  0.3504E-08
 1  64  14  64  0.3520E-08
 1  64  14  64  0.3515E-08
 1  64  14  64  0.3515E-08
 1  64  15  64  0.3610E-08
 1  64  15  64  0.3609E-08
 1  64  15  64  0.3632E-08
 1  64  15  64  0.3667E-08
 1  64  15  64  0.3505E-08
 1  64  16  64  0.3228E-08
 1  64  16  64  0.3089E-08
 1  64  16  64  0.3077E-08
 1  64  16  64  0.3087E-08
 1  64  16  64  0.3093E-08
 1  64  17  64  0.3120E-08
 1  64  17  64  0.3229E-08
 1  64  17  64  0.3219E-08
 1  64  17  64  0.3243E-08
 1  64  17  64  0.3254E-08
 1  64  18  64  0.3000E-08
 1  64  18  64  0.2885E-08
 1  64  18  64  0.2851E-08
 1  64  18  64  0.2844E-08
 1  64  18  64  0.2870E-08
 1  64  19  64  0.2079E-08
 1  64  19  64  0.2091E-08
 1  64  19  64  0.2120E-08
 1  64  19  64  0.2125E-08
 1  64  19  64  0.2136E-08
 1  64  20  64  0.2626E-08
 1  64  20  64  0.2621E-08
 1  64  20  64  0.2622E-08
 1  64  20  64  0.2616E-08
 1  64  20  64  0.2620E-08
