 1  4096  3  4096  0.6375E-08
 1  4096  3  4096  0.5748E-08
 1  4096  3  4096  0.5941E-08
 1  4096  3  4096  0.5767E-08
 1  4096  3  4096  0.5530E-08
 1  4096  3  4096  0.5581E-08
 1  4096  3  4096  0.5623E-08
 1  4096  3  4096  0.5730E-08
 1  4096  3  4096  0.5844E-08
 1  4096  3  4096  0.5775E-08
 1  4096  4  4096  0.2726E-08
 1  4096  4  4096  0.2473E-08
 1  4096  4  4096  0.2438E-08
 1  4096  4  4096  0.2471E-08
 1  4096  4  4096  0.2458E-08
 1  4096  4  4096  0.2415E-08
 1  4096  4  4096  0.2464E-08
 1  4096  4  4096  0.2413E-08
 1  4096  4  4096  0.2466E-08
 1  4096  4  4096  0.2423E-08
 1  4096  5  4096  0.1436E-08
 1  4096  5  4096  0.1260E-08
 1  4096  5  4096  0.1331E-08
 1  4096  5  4096  0.1290E-08
 1  4096  5  4096  0.1255E-08
 1  4096  5  4096  0.1266E-08
 1  4096  5  4096  0.1242E-08
 1  4096  5  4096  0.1287E-08
 1  4096  5  4096  0.1294E-08
 1  4096  5  4096  0.1275E-08
 1  4096  6  4096  0.8630E-09
 1  4096  6  4096  0.7315E-09
 1  4096  6  4096  0.7320E-09
 1  4096  6  4096  0.7427E-09
 1  4096  6  4096  0.7776E-09
 1  4096  6  4096  0.7768E-09
 1  4096  6  4096  0.7452E-09
 1  4096  6  4096  0.7370E-09
 1  4096  6  4096  0.7377E-09
 1  4096  6  4096  0.7705E-09
 1  4096  7  4096  0.5264E-09
 1  4096  7  4096  0.4739E-09
 1  4096  7  4096  0.4829E-09
 1  4096  7  4096  0.5048E-09
 1  4096  7  4096  0.4928E-09
 1  4096  7  4096  0.4684E-09
 1  4096  7  4096  0.4701E-09
 1  4096  7  4096  0.4902E-09
 1  4096  7  4096  0.5042E-09
 1  4096  7  4096  0.4899E-09
 1  4096  8  4096  0.3946E-09
 1  4096  8  4096  0.3632E-09
 1  4096  8  4096  0.3807E-09
 1  4096  8  4096  0.3889E-09
 1  4096  8  4096  0.3709E-09
 1  4096  8  4096  0.3600E-09
 1  4096  8  4096  0.3739E-09
 1  4096  8  4096  0.3885E-09
 1  4096  8  4096  0.3723E-09
 1  4096  8  4096  0.3577E-09
 1  4096  9  4096  0.3155E-09
 1  4096  9  4096  0.2830E-09
 1  4096  9  4096  0.2817E-09
 1  4096  9  4096  0.2923E-09
 1  4096  9  4096  0.2883E-09
 1  4096  9  4096  0.2792E-09
 1  4096  9  4096  0.2856E-09
 1  4096  9  4096  0.2896E-09
 1  4096  9  4096  0.2889E-09
 1  4096  9  4096  0.2805E-09
 1  4096  10  4096  0.2408E-09
 1  4096  10  4096  0.2378E-09
 1  4096  10  4096  0.2283E-09
 1  4096  10  4096  0.2260E-09
 1  4096  10  4096  0.2305E-09
 1  4096  10  4096  0.2349E-09
 1  4096  10  4096  0.2265E-09
 1  4096  10  4096  0.2252E-09
 1  4096  10  4096  0.2339E-09
 1  4096  10  4096  0.2327E-09
 1  4096  11  4096  0.2034E-09
 1  4096  11  4096  0.1980E-09
 1  4096  11  4096  0.2003E-09
 1  4096  11  4096  0.1937E-09
 1  4096  11  4096  0.1977E-09
 1  4096  11  4096  0.2029E-09
 1  4096  11  4096  0.1969E-09
 1  4096  11  4096  0.2017E-09
 1  4096  11  4096  0.2004E-09
 1  4096  11  4096  0.1936E-09
 1  4096  12  4096  0.1773E-09
 1  4096  12  4096  0.1674E-09
 1  4096  12  4096  0.1647E-09
 1  4096  12  4096  0.1692E-09
 1  4096  12  4096  0.1657E-09
 1  4096  12  4096  0.1650E-09
 1  4096  12  4096  0.1710E-09
 1  4096  12  4096  0.1651E-09
 1  4096  12  4096  0.1656E-09
 1  4096  12  4096  0.1706E-09
 1  4096  13  4096  0.1530E-09
 1  4096  13  4096  0.1432E-09
 1  4096  13  4096  0.1502E-09
 1  4096  13  4096  0.1470E-09
 1  4096  13  4096  0.1452E-09
 1  4096  13  4096  0.1511E-09
 1  4096  13  4096  0.1430E-09
 1  4096  13  4096  0.1494E-09
 1  4096  13  4096  0.1460E-09
 1  4096  13  4096  0.1451E-09
 1  4096  14  4096  0.1287E-09
 1  4096  14  4096  0.1269E-09
 1  4096  14  4096  0.1266E-09
 1  4096  14  4096  0.1261E-09
 1  4096  14  4096  0.1296E-09
 1  4096  14  4096  0.1257E-09
 1  4096  14  4096  0.1290E-09
 1  4096  14  4096  0.1255E-09
 1  4096  14  4096  0.1294E-09
 1  4096  14  4096  0.1288E-09
 1  4096  15  4096  0.1132E-09
 1  4096  15  4096  0.1128E-09
 1  4096  15  4096  0.1128E-09
 1  4096  15  4096  0.1141E-09
 1  4096  15  4096  0.1111E-09
 1  4096  15  4096  0.1135E-09
 1  4096  15  4096  0.1108E-09
 1  4096  15  4096  0.1130E-09
 1  4096  15  4096  0.1116E-09
 1  4096  15  4096  0.1132E-09
