 1  64  3  64  0.1881E-06
 1  64  3  64  0.8067E-07
 1  64  3  64  0.7984E-07
 1  64  3  64  0.8237E-07
 1  64  3  64  0.8968E-07
 1  64  3  64  0.8817E-07
 1  64  3  64  0.8389E-07
 1  64  3  64  0.8545E-07
 1  64  3  64  0.8122E-07
 1  64  3  64  0.7892E-07
 1  64  4  64  0.6884E-07
 1  64  4  64  0.3768E-07
 1  64  4  64  0.3710E-07
 1  64  4  64  0.3801E-07
 1  64  4  64  0.4313E-07
 1  64  4  64  0.3842E-07
 1  64  4  64  0.3857E-07
 1  64  4  64  0.2763E-07
 1  64  4  64  0.2767E-07
 1  64  4  64  0.3900E-07
 1  64  5  64  0.5503E-07
 1  64  5  64  0.2350E-07
 1  64  5  64  0.2121E-07
 1  64  5  64  0.2341E-07
 1  64  5  64  0.2212E-07
 1  64  5  64  0.2301E-07
 1  64  5  64  0.2109E-07
 1  64  5  64  0.2404E-07
 1  64  5  64  0.2204E-07
 1  64  5  64  0.2142E-07
 1  64  6  64  0.3535E-07
 1  64  6  64  0.1307E-07
 1  64  6  64  0.1273E-07
 1  64  6  64  0.1239E-07
 1  64  6  64  0.1341E-07
 1  64  6  64  0.1249E-07
 1  64  6  64  0.1239E-07
 1  64  6  64  0.1230E-07
 1  64  6  64  0.1264E-07
 1  64  6  64  0.1249E-07
 1  64  7  64  0.2115E-07
 1  64  7  64  0.8700E-08
 1  64  7  64  0.8837E-08
 1  64  7  64  0.1118E-07
 1  64  7  64  0.9174E-08
 1  64  7  64  0.8352E-08
 1  64  7  64  0.8457E-08
 1  64  7  64  0.8852E-08
 1  64  7  64  0.8899E-08
 1  64  7  64  0.9022E-08
 1  64  8  64  0.1599E-07
 1  64  8  64  0.7315E-08
 1  64  8  64  0.7232E-08
 1  64  8  64  0.7041E-08
 1  64  8  64  0.6958E-08
 1  64  8  64  0.7599E-08
 1  64  8  64  0.6929E-08
 1  64  8  64  0.6946E-08
 1  64  8  64  0.6694E-08
 1  64  8  64  0.6716E-08
 1  64  9  64  0.3073E-08
 1  64  9  64  0.3017E-08
 1  64  9  64  0.2990E-08
 1  64  9  64  0.3005E-08
 1  64  9  64  0.2968E-08
 1  64  9  64  0.3008E-08
 1  64  9  64  0.3011E-08
 1  64  9  64  0.3005E-08
 1  64  9  64  0.2994E-08
 1  64  9  64  0.2984E-08
 1  64  10  64  0.2810E-08
 1  64  10  64  0.2744E-08
 1  64  10  64  0.2766E-08
 1  64  10  64  0.2735E-08
 1  64  10  64  0.2729E-08
 1  64  10  64  0.2720E-08
 1  64  10  64  0.2728E-08
 1  64  10  64  0.2723E-08
 1  64  10  64  0.2735E-08
 1  64  10  64  0.2737E-08
 1  64  11  64  0.2763E-08
 1  64  11  64  0.2736E-08
 1  64  11  64  0.2707E-08
 1  64  11  64  0.2714E-08
 1  64  11  64  0.2744E-08
 1  64  11  64  0.2736E-08
 1  64  11  64  0.2733E-08
 1  64  11  64  0.2719E-08
 1  64  11  64  0.2732E-08
 1  64  11  64  0.2717E-08
 1  64  13  64  0.2530E-08
 1  64  13  64  0.2485E-08
 1  64  13  64  0.2479E-08
 1  64  13  64  0.2482E-08
 1  64  13  64  0.2486E-08
 1  64  13  64  0.2485E-08
 1  64  13  64  0.2475E-08
 1  64  13  64  0.2477E-08
 1  64  13  64  0.2490E-08
 1  64  13  64  0.2487E-08
 1  64  14  64  0.2266E-08
 1  64  14  64  0.2242E-08
 1  64  14  64  0.2236E-08
 1  64  14  64  0.2233E-08
 1  64  14  64  0.2245E-08
 1  64  14  64  0.2232E-08
 1  64  14  64  0.2236E-08
 1  64  14  64  0.2229E-08
 1  64  14  64  0.2237E-08
 1  64  14  64  0.2243E-08
 1  64  15  64  0.2227E-08
 1  64  15  64  0.2205E-08
 1  64  15  64  0.2202E-08
 1  64  15  64  0.2202E-08
 1  64  15  64  0.2198E-08
 1  64  15  64  0.2201E-08
 1  64  15  64  0.2204E-08
 1  64  15  64  0.2214E-08
 1  64  15  64  0.2204E-08
 1  64  15  64  0.2196E-08
 1  64  16  64  0.2108E-08
 1  64  16  64  0.2089E-08
 1  64  16  64  0.2092E-08
 1  64  16  64  0.2093E-08
 1  64  16  64  0.2098E-08
 1  64  16  64  0.2087E-08
 1  64  16  64  0.2096E-08
 1  64  16  64  0.2090E-08
 1  64  16  64  0.2093E-08
 1  64  16  64  0.2088E-08
 1  64  17  64  0.2216E-08
 1  64  17  64  0.2206E-08
 1  64  17  64  0.2208E-08
 1  64  17  64  0.2217E-08
 1  64  17  64  0.2209E-08
 1  64  17  64  0.2211E-08
 1  64  17  64  0.2214E-08
 1  64  17  64  0.2213E-08
 1  64  17  64  0.2211E-08
 1  64  17  64  0.2204E-08
 1  64  18  64  0.1946E-08
 1  64  18  64  0.1933E-08
 1  64  18  64  0.1937E-08
 1  64  18  64  0.1933E-08
 1  64  18  64  0.1934E-08
 1  64  18  64  0.1933E-08
 1  64  18  64  0.1942E-08
 1  64  18  64  0.1939E-08
 1  64  18  64  0.1936E-08
 1  64  18  64  0.1937E-08
 1  64  19  64  0.1960E-08
 1  64  19  64  0.1946E-08
 1  64  19  64  0.1948E-08
 1  64  19  64  0.1945E-08
 1  64  19  64  0.1952E-08
 1  64  19  64  0.1948E-08
 1  64  19  64  0.1945E-08
 1  64  19  64  0.1947E-08
 1  64  19  64  0.1953E-08
 1  64  19  64  0.1946E-08
 1  64  20  64  0.1846E-08
 1  64  20  64  0.1839E-08
 1  64  20  64  0.1835E-08
 1  64  20  64  0.1838E-08
 1  64  20  64  0.1840E-08
 1  64  20  64  0.1837E-08
 1  64  20  64  0.1839E-08
 1  64  20  64  0.1839E-08
 1  64  20  64  0.1884E-08
 1  64  20  64  0.1841E-08
