 1  16  3  16  0.2623E-06
 1  16  3  16  0.1658E-06
 1  16  3  16  0.1551E-06
 1  16  3  16  0.1573E-06
 1  16  3  16  0.1520E-06
 1  16  3  16  0.1536E-06
 1  16  3  16  0.1512E-06
 1  16  3  16  0.1505E-06
 1  16  3  16  0.1512E-06
 1  16  3  16  0.1768E-06
 1  16  4  16  0.1042E-06
 1  16  4  16  0.6255E-07
 1  16  4  16  0.6869E-07
 1  16  4  16  0.3648E-07
 1  16  4  16  0.4455E-07
 1  16  4  16  0.3322E-07
 1  16  4  16  0.4331E-07
 1  16  4  16  0.3198E-07
 1  16  4  16  0.4036E-07
 1  16  4  16  0.4719E-07
 1  16  5  16  0.7184E-07
 1  16  5  16  0.3632E-07
 1  16  5  16  0.3517E-07
 1  16  5  16  0.4367E-07
 1  16  5  16  0.3564E-07
 1  16  5  16  0.3433E-07
 1  16  5  16  0.3417E-07
 1  16  5  16  0.3302E-07
 1  16  5  16  0.3382E-07
 1  16  5  16  0.3318E-07
 1  16  6  16  0.4928E-07
 1  16  6  16  0.2237E-07
 1  16  6  16  0.2228E-07
 1  16  6  16  0.1322E-07
 1  16  6  16  0.1748E-07
 1  16  6  16  0.1766E-07
 1  16  6  16  0.1939E-07
 1  16  6  16  0.1766E-07
 1  16  6  16  0.1745E-07
 1  16  6  16  0.1727E-07
 1  16  7  16  0.2812E-07
 1  16  7  16  0.1846E-07
 1  16  7  16  0.1791E-07
 1  16  7  16  0.1736E-07
 1  16  7  16  0.1713E-07
 1  16  7  16  0.1757E-07
 1  16  7  16  0.1938E-07
 1  16  7  16  0.1780E-07
 1  16  7  16  0.1719E-07
 1  16  7  16  0.1706E-07
 1  16  8  16  0.2465E-07
 1  16  8  16  0.1543E-07
 1  16  8  16  0.1587E-07
 1  16  8  16  0.1480E-07
 1  16  8  16  0.1415E-07
 1  16  8  16  0.1383E-07
 1  16  8  16  0.1530E-07
 1  16  8  16  0.1485E-07
 1  16  8  16  0.1399E-07
 1  16  8  16  0.1436E-07
 1  16  9  16  0.2137E-07
 1  16  9  16  0.1397E-07
 1  16  9  16  0.1335E-07
 1  16  9  16  0.1437E-07
 1  16  9  16  0.1355E-07
 1  16  9  16  0.1303E-07
 1  16  9  16  0.1335E-07
 1  16  9  16  0.1323E-07
 1  16  9  16  0.1355E-07
 1  16  9  16  0.1404E-07
 1  16  10  16  0.2146E-07
 1  16  10  16  0.1273E-07
 1  16  10  16  0.1239E-07
 1  16  10  16  0.1248E-07
 1  16  10  16  0.1239E-07
 1  16  10  16  0.1344E-07
 1  16  10  16  0.1215E-07
 1  16  10  16  0.1233E-07
 1  16  10  16  0.1238E-07
 1  16  10  16  0.1225E-07
 1  16  11  16  0.2098E-07
 1  16  11  16  0.1329E-07
 1  16  11  16  0.1224E-07
 1  16  11  16  0.1227E-07
 1  16  11  16  0.1326E-07
 1  16  11  16  0.1213E-07
 1  16  11  16  0.1252E-07
 1  16  11  16  0.1213E-07
 1  16  11  16  0.1191E-07
 1  16  11  16  0.1208E-07
 1  16  12  16  0.1537E-07
 1  16  12  16  0.1012E-07
 1  16  12  16  0.9957E-08
 1  16  12  16  0.1076E-07
 1  16  12  16  0.9911E-08
 1  16  12  16  0.9948E-08
 1  16  12  16  0.1015E-07
 1  16  12  16  0.1130E-07
 1  16  12  16  0.1003E-07
 1  16  12  16  0.9946E-08
 1  16  13  16  0.5685E-08
 1  16  13  16  0.5593E-08
 1  16  13  16  0.5596E-08
 1  16  13  16  0.5595E-08
 1  16  13  16  0.5608E-08
 1  16  13  16  0.5612E-08
 1  16  13  16  0.5602E-08
 1  16  13  16  0.5607E-08
 1  16  13  16  0.5605E-08
 1  16  13  16  0.5609E-08
 1  16  14  16  0.5313E-08
 1  16  14  16  0.5285E-08
 1  16  14  16  0.5267E-08
 1  16  14  16  0.5302E-08
 1  16  14  16  0.5286E-08
 1  16  14  16  0.5288E-08
 1  16  14  16  0.5276E-08
 1  16  14  16  0.5297E-08
 1  16  14  16  0.5286E-08
 1  16  14  16  0.5283E-08
 1  16  15  16  0.5522E-08
 1  16  15  16  0.5492E-08
 1  16  15  16  0.5513E-08
 1  16  15  16  0.5488E-08
 1  16  15  16  0.5501E-08
 1  16  15  16  0.5494E-08
 1  16  15  16  0.5495E-08
 1  16  15  16  0.5491E-08
 1  16  15  16  0.5504E-08
 1  16  15  16  0.5495E-08
 1  16  16  16  0.4989E-08
 1  16  16  16  0.4963E-08
 1  16  16  16  0.4971E-08
 1  16  16  16  0.4966E-08
 1  16  16  16  0.4980E-08
 1  16  16  16  0.4961E-08
 1  16  16  16  0.4970E-08
 1  16  16  16  0.4972E-08
 1  16  16  16  0.4973E-08
 1  16  16  16  0.4961E-08
 1  16  17  16  0.5822E-08
 1  16  17  16  0.5791E-08
 1  16  17  16  0.5809E-08
 1  16  17  16  0.5805E-08
 1  16  17  16  0.5805E-08
 1  16  17  16  0.5804E-08
 1  16  17  16  0.5800E-08
 1  16  17  16  0.5803E-08
 1  16  17  16  0.5796E-08
 1  16  17  16  0.5800E-08
 1  16  18  16  0.5677E-08
 1  16  18  16  0.5647E-08
 1  16  18  16  0.5664E-08
 1  16  18  16  0.5662E-08
 1  16  18  16  0.5662E-08
 1  16  18  16  0.5651E-08
 1  16  18  16  0.5653E-08
 1  16  18  16  0.5647E-08
 1  16  18  16  0.5649E-08
 1  16  18  16  0.5659E-08
 1  16  19  16  0.5929E-08
 1  16  19  16  0.5916E-08
 1  16  19  16  0.5915E-08
 1  16  19  16  0.5911E-08
 1  16  19  16  0.5898E-08
 1  16  19  16  0.5908E-08
 1  16  19  16  0.5915E-08
 1  16  19  16  0.5915E-08
 1  16  19  16  0.5908E-08
 1  16  19  16  0.5908E-08
 1  16  20  16  0.5712E-08
 1  16  20  16  0.5698E-08
 1  16  20  16  0.5696E-08
 1  16  20  16  0.5697E-08
 1  16  20  16  0.5699E-08
 1  16  20  16  0.5699E-08
 1  16  20  16  0.5697E-08
 1  16  20  16  0.5697E-08
 1  16  20  16  0.5703E-08
 1  16  20  16  0.5695E-08
