 1  256  3  256  0.6516E-07
 1  256  3  256  0.3467E-07
 1  256  3  256  0.3178E-07
 1  256  3  256  0.3178E-07
 1  256  3  256  0.3106E-07
 1  256  3  256  0.2971E-07
 1  256  3  256  0.3265E-07
 1  256  3  256  0.3009E-07
 1  256  3  256  0.2965E-07
 1  256  3  256  0.2897E-07
 1  256  4  256  0.3737E-07
 1  256  4  256  0.1412E-07
 1  256  4  256  0.1357E-07
 1  256  4  256  0.1345E-07
 1  256  4  256  0.1453E-07
 1  256  4  256  0.1339E-07
 1  256  4  256  0.1355E-07
 1  256  4  256  0.1361E-07
 1  256  4  256  0.1334E-07
 1  256  4  256  0.1390E-07
 1  256  5  256  0.1887E-07
 1  256  5  256  0.7781E-08
 1  256  5  256  0.7552E-08
 1  256  5  256  0.7741E-08
 1  256  5  256  0.7530E-08
 1  256  5  256  0.7957E-08
 1  256  5  256  0.7396E-08
 1  256  5  256  0.7249E-08
 1  256  5  256  0.7292E-08
 1  256  5  256  0.7292E-08
 1  256  6  256  0.1658E-08
 1  256  6  256  0.1572E-08
 1  256  6  256  0.1587E-08
 1  256  6  256  0.1565E-08
 1  256  6  256  0.1562E-08
 1  256  6  256  0.1569E-08
 1  256  6  256  0.1574E-08
 1  256  6  256  0.1570E-08
 1  256  6  256  0.1563E-08
 1  256  6  256  0.1574E-08
 1  256  7  256  0.1092E-08
 1  256  7  256  0.1061E-08
 1  256  7  256  0.1070E-08
 1  256  7  256  0.1062E-08
 1  256  7  256  0.1056E-08
 1  256  7  256  0.1074E-08
 1  256  7  256  0.1069E-08
 1  256  7  256  0.1057E-08
 1  256  7  256  0.1044E-08
 1  256  7  256  0.1050E-08
 1  256  8  256  0.7704E-09
 1  256  8  256  0.7487E-09
 1  256  8  256  0.7460E-09
 1  256  8  256  0.7423E-09
 1  256  8  256  0.7481E-09
 1  256  8  256  0.7381E-09
 1  256  8  256  0.7546E-09
 1  256  8  256  0.7445E-09
 1  256  8  256  0.7500E-09
 1  256  8  256  0.7420E-09
 1  256  9  256  0.6446E-09
 1  256  9  256  0.6231E-09
 1  256  9  256  0.6246E-09
 1  256  9  256  0.6244E-09
 1  256  9  256  0.6237E-09
 1  256  9  256  0.6133E-09
 1  256  9  256  0.6204E-09
 1  256  9  256  0.6164E-09
 1  256  9  256  0.6212E-09
 1  256  9  256  0.6238E-09
 1  256  10  256  0.5780E-09
 1  256  10  256  0.5620E-09
 1  256  10  256  0.5560E-09
 1  256  10  256  0.5625E-09
 1  256  10  256  0.5627E-09
 1  256  10  256  0.5624E-09
 1  256  10  256  0.5617E-09
 1  256  10  256  0.5585E-09
 1  256  10  256  0.5555E-09
 1  256  10  256  0.5478E-09
 1  256  11  256  0.5435E-09
 1  256  11  256  0.5252E-09
 1  256  11  256  0.5209E-09
 1  256  11  256  0.5226E-09
 1  256  11  256  0.5200E-09
 1  256  11  256  0.5214E-09
 1  256  11  256  0.5223E-09
 1  256  11  256  0.5215E-09
 1  256  11  256  0.5264E-09
 1  256  11  256  0.5218E-09
 1  256  12  256  0.4907E-09
 1  256  12  256  0.4855E-09
 1  256  12  256  0.4761E-09
 1  256  12  256  0.4728E-09
 1  256  12  256  0.4768E-09
 1  256  12  256  0.4798E-09
 1  256  12  256  0.4759E-09
 1  256  12  256  0.4907E-09
 1  256  12  256  0.4782E-09
 1  256  12  256  0.4742E-09
 1  256  13  256  0.4990E-09
 1  256  13  256  0.4805E-09
 1  256  13  256  0.4788E-09
 1  256  13  256  0.4850E-09
 1  256  13  256  0.4777E-09
 1  256  13  256  0.4792E-09
 1  256  13  256  0.4822E-09
 1  256  13  256  0.4815E-09
 1  256  13  256  0.4830E-09
 1  256  13  256  0.4828E-09
 1  256  14  256  0.4715E-09
 1  256  14  256  0.4654E-09
 1  256  14  256  0.4663E-09
 1  256  14  256  0.4607E-09
 1  256  14  256  0.4645E-09
 1  256  14  256  0.4646E-09
 1  256  14  256  0.4728E-09
 1  256  14  256  0.4640E-09
 1  256  14  256  0.4650E-09
 1  256  14  256  0.4656E-09
 1  256  15  256  0.4701E-09
 1  256  15  256  0.4628E-09
 1  256  15  256  0.4588E-09
 1  256  15  256  0.4607E-09
 1  256  15  256  0.4577E-09
 1  256  15  256  0.4575E-09
 1  256  15  256  0.4580E-09
 1  256  15  256  0.4576E-09
 1  256  15  256  0.4588E-09
 1  256  15  256  0.4602E-09
 1  256  16  256  0.4336E-09
 1  256  16  256  0.4277E-09
 1  256  16  256  0.4285E-09
 1  256  16  256  0.4254E-09
 1  256  16  256  0.4253E-09
 1  256  16  256  0.4266E-09
 1  256  16  256  0.4270E-09
 1  256  16  256  0.4280E-09
 1  256  16  256  0.4269E-09
 1  256  16  256  0.4254E-09
 1  256  17  256  0.4709E-09
 1  256  17  256  0.4634E-09
 1  256  17  256  0.4652E-09
 1  256  17  256  0.4656E-09
 1  256  17  256  0.4672E-09
 1  256  17  256  0.4722E-09
 1  256  17  256  0.4644E-09
 1  256  17  256  0.4659E-09
 1  256  17  256  0.4658E-09
 1  256  17  256  0.4656E-09
 1  256  18  256  0.4545E-09
 1  256  18  256  0.4503E-09
 1  256  18  256  0.4463E-09
 1  256  18  256  0.4502E-09
 1  256  18  256  0.4459E-09
 1  256  18  256  0.4466E-09
 1  256  18  256  0.4501E-09
 1  256  18  256  0.4502E-09
 1  256  18  256  0.4462E-09
 1  256  18  256  0.4458E-09
 1  256  19  256  0.4630E-09
 1  256  19  256  0.4545E-09
 1  256  19  256  0.4552E-09
 1  256  19  256  0.4562E-09
 1  256  19  256  0.4561E-09
 1  256  19  256  0.4563E-09
 1  256  19  256  0.4553E-09
 1  256  19  256  0.4552E-09
 1  256  19  256  0.4552E-09
 1  256  19  256  0.4564E-09
 1  256  20  256  0.4299E-09
 1  256  20  256  0.4272E-09
 1  256  20  256  0.4262E-09
 1  256  20  256  0.4269E-09
 1  256  20  256  0.4249E-09
 1  256  20  256  0.4270E-09
 1  256  20  256  0.4258E-09
 1  256  20  256  0.4372E-09
 1  256  20  256  0.4262E-09
 1  256  20  256  0.4294E-09
