 1  128  3  128  0.1142E-06
 1  128  3  128  0.6344E-07
 1  128  3  128  0.6480E-07
 1  128  3  128  0.5970E-07
 1  128  3  128  0.5970E-07
 1  128  3  128  0.6105E-07
 1  128  3  128  0.6009E-07
 1  128  3  128  0.5921E-07
 1  128  3  128  0.5921E-07
 1  128  3  128  0.6287E-07
 1  128  4  128  0.4521E-07
 1  128  4  128  0.2808E-07
 1  128  4  128  0.2714E-07
 1  128  4  128  0.2698E-07
 1  128  4  128  0.2600E-07
 1  128  4  128  0.2608E-07
 1  128  4  128  0.2792E-07
 1  128  4  128  0.2661E-07
 1  128  4  128  0.2616E-07
 1  128  4  128  0.2507E-07
 1  128  5  128  0.3179E-07
 1  128  5  128  0.1327E-07
 1  128  5  128  0.1317E-07
 1  128  5  128  0.1292E-07
 1  128  5  128  0.1269E-07
 1  128  5  128  0.1246E-07
 1  128  5  128  0.1212E-07
 1  128  5  128  0.1317E-07
 1  128  5  128  0.1262E-07
 1  128  5  128  0.1283E-07
 1  128  6  128  0.1821E-07
 1  128  6  128  0.9115E-08
 1  128  6  128  0.9089E-08
 1  128  6  128  0.8586E-08
 1  128  6  128  0.8692E-08
 1  128  6  128  0.8465E-08
 1  128  6  128  0.9101E-08
 1  128  6  128  0.8391E-08
 1  128  6  128  0.8186E-08
 1  128  6  128  0.8175E-08
 1  128  7  128  0.1329E-07
 1  128  7  128  0.6765E-08
 1  128  7  128  0.6263E-08
 1  128  7  128  0.6173E-08
 1  128  7  128  0.6332E-08
 1  128  7  128  0.6513E-08
 1  128  7  128  0.6120E-08
 1  128  7  128  0.6187E-08
 1  128  7  128  0.6241E-08
 1  128  7  128  0.6515E-08
 1  128  8  128  0.2341E-08
 1  128  8  128  0.2292E-08
 1  128  8  128  0.2301E-08
 1  128  8  128  0.2257E-08
 1  128  8  128  0.2271E-08
 1  128  8  128  0.2307E-08
 1  128  8  128  0.2300E-08
 1  128  8  128  0.2307E-08
 1  128  8  128  0.2297E-08
 1  128  8  128  0.2275E-08
 1  128  9  128  0.2032E-08
 1  128  9  128  0.1989E-08
 1  128  9  128  0.1996E-08
 1  128  9  128  0.1985E-08
 1  128  9  128  0.1980E-08
 1  128  9  128  0.1973E-08
 1  128  9  128  0.1973E-08
 1  128  9  128  0.1998E-08
 1  128  9  128  0.1975E-08
 1  128  9  128  0.1971E-08
 1  128  10  128  0.1882E-08
 1  128  10  128  0.1834E-08
 1  128  10  128  0.1827E-08
 1  128  10  128  0.1820E-08
 1  128  10  128  0.1822E-08
 1  128  10  128  0.1831E-08
 1  128  10  128  0.1816E-08
 1  128  10  128  0.1820E-08
 1  128  10  128  0.1815E-08
 1  128  10  128  0.1826E-08
 1  128  11  128  0.1777E-08
 1  128  11  128  0.1739E-08
 1  128  11  128  0.1742E-08
 1  128  11  128  0.1749E-08
 1  128  11  128  0.1741E-08
 1  128  11  128  0.1749E-08
 1  128  11  128  0.1735E-08
 1  128  11  128  0.1747E-08
 1  128  11  128  0.1732E-08
 1  128  11  128  0.1737E-08
 1  128  12  128  0.1604E-08
 1  128  12  128  0.1582E-08
 1  128  12  128  0.1577E-08
 1  128  12  128  0.1591E-08
 1  128  12  128  0.1594E-08
 1  128  12  128  0.1588E-08
 1  128  12  128  0.1584E-08
 1  128  12  128  0.1589E-08
 1  128  12  128  0.1579E-08
 1  128  12  128  0.1581E-08
 1  128  13  128  0.1497E-08
 1  128  13  128  0.1478E-08
 1  128  13  128  0.1480E-08
 1  128  13  128  0.1480E-08
 1  128  13  128  0.1485E-08
 1  128  13  128  0.1485E-08
 1  128  13  128  0.1484E-08
 1  128  13  128  0.1479E-08
 1  128  13  128  0.1477E-08
 1  128  13  128  0.1481E-08
 1  128  14  128  0.1380E-08
 1  128  14  128  0.1365E-08
 1  128  14  128  0.1366E-08
 1  128  14  128  0.1357E-08
 1  128  14  128  0.1362E-08
 1  128  14  128  0.1358E-08
 1  128  14  128  0.1359E-08
 1  128  14  128  0.1360E-08
 1  128  14  128  0.1363E-08
 1  128  14  128  0.1366E-08
 1  128  15  128  0.1303E-08
 1  128  15  128  0.1323E-08
 1  128  15  128  0.1297E-08
 1  128  15  128  0.1294E-08
 1  128  15  128  0.1287E-08
 1  128  15  128  0.1291E-08
 1  128  15  128  0.1296E-08
 1  128  15  128  0.1284E-08
 1  128  15  128  0.1298E-08
 1  128  15  128  0.1303E-08
 1  128  16  128  0.1069E-08
 1  128  16  128  0.1059E-08
 1  128  16  128  0.1065E-08
 1  128  16  128  0.1055E-08
 1  128  16  128  0.1057E-08
 1  128  16  128  0.1059E-08
 1  128  16  128  0.1060E-08
 1  128  16  128  0.1060E-08
 1  128  16  128  0.1064E-08
 1  128  16  128  0.1057E-08
 1  128  17  128  0.1086E-08
 1  128  17  128  0.1085E-08
 1  128  17  128  0.1073E-08
 1  128  17  128  0.1078E-08
 1  128  17  128  0.1079E-08
 1  128  17  128  0.1077E-08
 1  128  17  128  0.1084E-08
 1  128  17  128  0.1075E-08
 1  128  17  128  0.1076E-08
 1  128  17  128  0.1080E-08
 1  128  18  128  0.1049E-08
 1  128  18  128  0.1042E-08
 1  128  18  128  0.1039E-08
 1  128  18  128  0.1043E-08
 1  128  18  128  0.1041E-08
 1  128  18  128  0.1041E-08
 1  128  18  128  0.1041E-08
 1  128  18  128  0.1042E-08
 1  128  18  128  0.1043E-08
 1  128  18  128  0.1040E-08
 1  128  19  128  0.1061E-08
 1  128  19  128  0.1056E-08
 1  128  19  128  0.1052E-08
 1  128  19  128  0.1056E-08
 1  128  19  128  0.1059E-08
 1  128  19  128  0.1055E-08
 1  128  19  128  0.1053E-08
 1  128  19  128  0.1056E-08
 1  128  19  128  0.1057E-08
 1  128  19  128  0.1053E-08
 1  128  20  128  0.9871E-09
 1  128  20  128  0.9825E-09
 1  128  20  128  0.9861E-09
 1  128  20  128  0.9833E-09
 1  128  20  128  0.1010E-08
 1  128  20  128  0.9850E-09
 1  128  20  128  0.9865E-09
 1  128  20  128  0.9842E-09
 1  128  20  128  0.9827E-09
 1  128  20  128  0.9871E-09
