 1  8192  3  8192  0.2277E-08
 1  8192  3  8192  0.2131E-08
 1  8192  3  8192  0.2077E-08
 1  8192  3  8192  0.2056E-08
 1  8192  3  8192  0.2091E-08
 1  8192  3  8192  0.2229E-08
 1  8192  3  8192  0.2380E-08
 1  8192  3  8192  0.2252E-08
 1  8192  3  8192  0.2112E-08
 1  8192  3  8192  0.2041E-08
 1  8192  4  8192  0.8859E-09
 1  8192  4  8192  0.8856E-09
 1  8192  4  8192  0.9343E-09
 1  8192  4  8192  0.9669E-09
 1  8192  4  8192  0.9874E-09
 1  8192  4  8192  0.9059E-09
 1  8192  4  8192  0.8800E-09
 1  8192  4  8192  0.8817E-09
 1  8192  4  8192  0.8909E-09
 1  8192  4  8192  0.9579E-09
 1  8192  5  8192  0.5059E-09
 1  8192  5  8192  0.4921E-09
 1  8192  5  8192  0.4584E-09
 1  8192  5  8192  0.4646E-09
 1  8192  5  8192  0.5030E-09
 1  8192  5  8192  0.5193E-09
 1  8192  5  8192  0.5227E-09
 1  8192  5  8192  0.4873E-09
 1  8192  5  8192  0.4774E-09
 1  8192  5  8192  0.4601E-09
 1  8192  6  8192  0.2722E-09
 1  8192  6  8192  0.2811E-09
 1  8192  6  8192  0.3028E-09
 1  8192  6  8192  0.3068E-09
 1  8192  6  8192  0.3014E-09
 1  8192  6  8192  0.2840E-09
 1  8192  6  8192  0.2761E-09
 1  8192  6  8192  0.2798E-09
 1  8192  6  8192  0.2925E-09
 1  8192  6  8192  0.3073E-09
 1  8192  7  8192  0.2083E-09
 1  8192  7  8192  0.1991E-09
 1  8192  7  8192  0.1842E-09
 1  8192  7  8192  0.1829E-09
 1  8192  7  8192  0.1921E-09
 1  8192  7  8192  0.2071E-09
 1  8192  7  8192  0.2032E-09
 1  8192  7  8192  0.1976E-09
 1  8192  7  8192  0.1916E-09
 1  8192  7  8192  0.1829E-09
 1  8192  8  8192  0.1595E-09
 1  8192  8  8192  0.1470E-09
 1  8192  8  8192  0.1432E-09
 1  8192  8  8192  0.1510E-09
 1  8192  8  8192  0.1615E-09
 1  8192  8  8192  0.1604E-09
 1  8192  8  8192  0.1471E-09
 1  8192  8  8192  0.1464E-09
 1  8192  8  8192  0.1526E-09
 1  8192  8  8192  0.1608E-09
 1  8192  9  8192  0.1228E-09
 1  8192  9  8192  0.1164E-09
 1  8192  9  8192  0.1130E-09
 1  8192  9  8192  0.1202E-09
 1  8192  9  8192  0.1260E-09
 1  8192  9  8192  0.1183E-09
 1  8192  9  8192  0.1151E-09
 1  8192  9  8192  0.1155E-09
 1  8192  9  8192  0.1219E-09
 1  8192  9  8192  0.1274E-09
 1  8192  10  8192  0.1026E-09
 1  8192  10  8192  0.9739E-10
 1  8192  10  8192  0.9519E-10
 1  8192  10  8192  0.9744E-10
 1  8192  10  8192  0.1020E-09
 1  8192  10  8192  0.9694E-10
 1  8192  10  8192  0.9401E-10
 1  8192  10  8192  0.9642E-10
 1  8192  10  8192  0.1031E-09
 1  8192  10  8192  0.9953E-10
 1  8192  11  8192  0.8357E-10
 1  8192  11  8192  0.8194E-10
 1  8192  11  8192  0.8262E-10
 1  8192  11  8192  0.8474E-10
 1  8192  11  8192  0.8403E-10
 1  8192  11  8192  0.8187E-10
 1  8192  11  8192  0.8282E-10
 1  8192  11  8192  0.8566E-10
 1  8192  11  8192  0.8381E-10
 1  8192  11  8192  0.8173E-10
 1  8192  12  8192  0.6491E-10
 1  8192  12  8192  0.6682E-10
 1  8192  12  8192  0.6647E-10
 1  8192  12  8192  0.6461E-10
 1  8192  12  8192  0.6513E-10
 1  8192  12  8192  0.6709E-10
 1  8192  12  8192  0.6581E-10
 1  8192  12  8192  0.6467E-10
 1  8192  12  8192  0.6617E-10
 1  8192  12  8192  0.6830E-10
 1  8192  13  8192  0.5505E-10
 1  8192  13  8192  0.5638E-10
 1  8192  13  8192  0.5738E-10
 1  8192  13  8192  0.5586E-10
 1  8192  13  8192  0.5716E-10
 1  8192  13  8192  0.5793E-10
 1  8192  13  8192  0.5597E-10
 1  8192  13  8192  0.5686E-10
 1  8192  13  8192  0.5690E-10
 1  8192  13  8192  0.5615E-10
 1  8192  14  8192  0.4675E-10
 1  8192  14  8192  0.4667E-10
 1  8192  14  8192  0.4790E-10
 1  8192  14  8192  0.4686E-10
 1  8192  14  8192  0.4769E-10
 1  8192  14  8192  0.4768E-10
 1  8192  14  8192  0.4754E-10
 1  8192  14  8192  0.4778E-10
 1  8192  14  8192  0.4783E-10
 1  8192  14  8192  0.4812E-10
 1  8192  15  8192  0.4162E-10
 1  8192  15  8192  0.4289E-10
 1  8192  15  8192  0.3969E-10
 1  8192  15  8192  0.4158E-10
 1  8192  15  8192  0.4289E-10
 1  8192  15  8192  0.3980E-10
 1  8192  15  8192  0.4165E-10
 1  8192  15  8192  0.4156E-10
 1  8192  15  8192  0.3927E-10
 1  8192  15  8192  0.4242E-10
 1  8192  16  8192  0.3628E-10
 1  8192  16  8192  0.3704E-10
 1  8192  16  8192  0.3609E-10
 1  8192  16  8192  0.3672E-10
 1  8192  16  8192  0.3737E-10
 1  8192  16  8192  0.3538E-10
 1  8192  16  8192  0.3703E-10
 1  8192  16  8192  0.3638E-10
 1  8192  16  8192  0.3555E-10
 1  8192  16  8192  0.3652E-10
 1  8192  17  8192  0.3440E-10
 1  8192  17  8192  0.3366E-10
 1  8192  17  8192  0.3428E-10
 1  8192  17  8192  0.3344E-10
 1  8192  17  8192  0.3378E-10
 1  8192  17  8192  0.3392E-10
 1  8192  17  8192  0.3349E-10
 1  8192  17  8192  0.3377E-10
 1  8192  17  8192  0.3344E-10
 1  8192  17  8192  0.3431E-10
 1  8192  18  8192  0.2932E-10
 1  8192  18  8192  0.3096E-10
 1  8192  18  8192  0.3083E-10
 1  8192  18  8192  0.3090E-10
 1  8192  18  8192  0.3120E-10
 1  8192  18  8192  0.2969E-10
 1  8192  18  8192  0.3097E-10
 1  8192  18  8192  0.2958E-10
 1  8192  18  8192  0.3118E-10
 1  8192  18  8192  0.2947E-10
 1  8192  19  8192  0.2889E-10
 1  8192  19  8192  0.2854E-10
 1  8192  19  8192  0.2852E-10
 1  8192  19  8192  0.2861E-10
 1  8192  19  8192  0.2896E-10
 1  8192  19  8192  0.2857E-10
 1  8192  19  8192  0.2859E-10
 1  8192  19  8192  0.2877E-10
 1  8192  19  8192  0.2929E-10
 1  8192  19  8192  0.2858E-10
 1  8192  20  8192  0.2594E-10
 1  8192  20  8192  0.2611E-10
 1  8192  20  8192  0.2582E-10
 1  8192  20  8192  0.2620E-10
 1  8192  20  8192  0.2587E-10
 1  8192  20  8192  0.2615E-10
 1  8192  20  8192  0.2579E-10
 1  8192  20  8192  0.2661E-10
 1  8192  20  8192  0.2582E-10
 1  8192  20  8192  0.2632E-10
