 1  4  3  4  0.3879E-07
 1  4  3  4  0.3762E-07
 1  4  3  4  0.3539E-07
 1  4  3  4  0.3422E-07
 1  4  3  4  0.3556E-07
 1  4  3  4  0.3432E-07
 1  4  3  4  0.3377E-07
 1  4  3  4  0.3395E-07
 1  4  3  4  0.3331E-07
 1  4  3  4  0.3373E-07
 1  4  4  4  0.6689E-07
 1  4  4  4  0.6499E-07
 1  4  4  4  0.6438E-07
 1  4  4  4  0.6412E-07
 1  4  4  4  0.6401E-07
 1  4  4  4  0.6398E-07
 1  4  4  4  0.6321E-07
 1  4  4  4  0.6324E-07
 1  4  4  4  0.6407E-07
 1  4  4  4  0.6293E-07
 1  4  5  4  0.6643E-07
 1  4  5  4  0.6543E-07
 1  4  5  4  0.6503E-07
 1  4  5  4  0.6473E-07
 1  4  5  4  0.6492E-07
 1  4  5  4  0.6467E-07
 1  4  5  4  0.6541E-07
 1  4  5  4  0.6491E-07
 1  4  5  4  0.6469E-07
 1  4  5  4  0.6436E-07
 1  4  6  4  0.4269E-07
 1  4  6  4  0.4270E-07
 1  4  6  4  0.4259E-07
 1  4  6  4  0.4240E-07
 1  4  6  4  0.4219E-07
 1  4  6  4  0.4222E-07
 1  4  6  4  0.4220E-07
 1  4  6  4  0.4210E-07
 1  4  6  4  0.4196E-07
 1  4  6  4  0.4217E-07
 1  4  7  4  0.3253E-07
 1  4  7  4  0.3131E-07
 1  4  7  4  0.3133E-07
 1  4  7  4  0.3114E-07
 1  4  7  4  0.3102E-07
 1  4  7  4  0.3108E-07
 1  4  7  4  0.3107E-07
 1  4  7  4  0.3113E-07
 1  4  7  4  0.3108E-07
 1  4  7  4  0.3102E-07
 1  4  8  4  0.2383E-07
 1  4  8  4  0.2342E-07
 1  4  8  4  0.2335E-07
 1  4  8  4  0.2326E-07
 1  4  8  4  0.2311E-07
 1  4  8  4  0.2317E-07
 1  4  8  4  0.2322E-07
 1  4  8  4  0.2310E-07
 1  4  8  4  0.2313E-07
 1  4  8  4  0.2311E-07
 1  4  9  4  0.2302E-07
 1  4  9  4  0.2223E-07
 1  4  9  4  0.2214E-07
 1  4  9  4  0.2213E-07
 1  4  9  4  0.2210E-07
 1  4  9  4  0.2213E-07
 1  4  9  4  0.2211E-07
 1  4  9  4  0.2221E-07
 1  4  9  4  0.2224E-07
 1  4  9  4  0.2205E-07
 1  4  10  4  0.2157E-07
 1  4  10  4  0.2046E-07
 1  4  10  4  0.2050E-07
 1  4  10  4  0.2036E-07
 1  4  10  4  0.2041E-07
 1  4  10  4  0.2033E-07
 1  4  10  4  0.2066E-07
 1  4  10  4  0.2037E-07
 1  4  10  4  0.2033E-07
 1  4  10  4  0.2029E-07
 1  4  11  4  0.2266E-07
 1  4  11  4  0.2206E-07
 1  4  11  4  0.2201E-07
 1  4  11  4  0.2201E-07
 1  4  11  4  0.2206E-07
 1  4  11  4  0.2198E-07
 1  4  11  4  0.2201E-07
 1  4  11  4  0.2207E-07
 1  4  11  4  0.2195E-07
 1  4  11  4  0.2204E-07
 1  4  12  4  0.2064E-07
 1  4  12  4  0.1992E-07
 1  4  12  4  0.1992E-07
 1  4  12  4  0.1996E-07
 1  4  12  4  0.1992E-07
 1  4  12  4  0.1992E-07
 1  4  12  4  0.2004E-07
 1  4  12  4  0.1982E-07
 1  4  12  4  0.1992E-07
 1  4  12  4  0.1988E-07
 1  4  13  4  0.2270E-07
 1  4  13  4  0.2202E-07
 1  4  13  4  0.2202E-07
 1  4  13  4  0.2207E-07
 1  4  13  4  0.2202E-07
 1  4  13  4  0.2199E-07
 1  4  13  4  0.2207E-07
 1  4  13  4  0.2203E-07
 1  4  13  4  0.2207E-07
 1  4  13  4  0.2208E-07
 1  4  14  4  0.2334E-07
 1  4  14  4  0.2309E-07
 1  4  14  4  0.2303E-07
 1  4  14  4  0.2303E-07
 1  4  14  4  0.2303E-07
 1  4  14  4  0.2307E-07
 1  4  14  4  0.2305E-07
 1  4  14  4  0.2309E-07
 1  4  14  4  0.2311E-07
 1  4  14  4  0.2305E-07
 1  4  16  4  0.2431E-07
 1  4  16  4  0.2420E-07
 1  4  16  4  0.2416E-07
 1  4  16  4  0.2414E-07
 1  4  16  4  0.2414E-07
 1  4  16  4  0.2413E-07
 1  4  16  4  0.2413E-07
 1  4  16  4  0.2412E-07
 1  4  16  4  0.2413E-07
 1  4  16  4  0.2414E-07
 1  4  17  4  0.2757E-07
 1  4  17  4  0.2744E-07
 1  4  17  4  0.2747E-07
 1  4  17  4  0.2747E-07
 1  4  17  4  0.2745E-07
 1  4  17  4  0.2746E-07
 1  4  17  4  0.2746E-07
 1  4  17  4  0.2744E-07
 1  4  17  4  0.2749E-07
 1  4  17  4  0.2747E-07
 1  4  18  4  0.2636E-07
 1  4  18  4  0.2626E-07
 1  4  18  4  0.2631E-07
 1  4  18  4  0.2633E-07
 1  4  18  4  0.2629E-07
 1  4  18  4  0.2626E-07
 1  4  18  4  0.2629E-07
 1  4  18  4  0.2626E-07
 1  4  18  4  0.2630E-07
 1  4  18  4  0.2629E-07
 1  4  19  4  0.2732E-07
 1  4  19  4  0.2732E-07
 1  4  19  4  0.2732E-07
 1  4  19  4  0.2726E-07
 1  4  19  4  0.2728E-07
 1  4  19  4  0.2732E-07
 1  4  19  4  0.2726E-07
 1  4  19  4  0.2726E-07
 1  4  19  4  0.2726E-07
 1  4  19  4  0.2729E-07
 1  4  20  4  0.2732E-07
 1  4  20  4  0.2728E-07
 1  4  20  4  0.2726E-07
 1  4  20  4  0.2726E-07
 1  4  20  4  0.2725E-07
 1  4  20  4  0.2727E-07
 1  4  20  4  0.2728E-07
 1  4  20  4  0.2727E-07
 1  4  20  4  0.2725E-07
 1  4  20  4  0.2725E-07
