 1  2  3  2  0.4827E-06
 1  2  3  2  0.4018E-06
 1  2  3  2  0.3091E-06
 1  2  3  2  0.4268E-06
 1  2  3  2  0.1854E-06
 1  2  3  2  0.2031E-06
 1  2  3  2  0.1987E-06
 1  2  3  2  0.2958E-06
 1  2  3  2  0.3017E-06
 1  2  3  2  0.1795E-06
 1  2  4  2  0.3384E-06
 1  2  4  2  0.1720E-06
 1  2  4  2  0.2390E-06
 1  2  4  2  0.2210E-06
 1  2  4  2  0.1565E-06
 1  2  4  2  0.2161E-06
 1  2  4  2  0.1484E-06
 1  2  4  2  0.2005E-06
 1  2  4  2  0.1850E-06
 1  2  4  2  0.2005E-06
 1  2  5  2  0.1945E-06
 1  2  5  2  0.1386E-06
 1  2  5  2  0.1106E-06
 1  2  5  2  0.1278E-06
 1  2  5  2  0.1094E-06
 1  2  5  2  0.1348E-06
 1  2  5  2  0.1119E-06
 1  2  5  2  0.1424E-06
 1  2  5  2  0.1189E-06
 1  2  5  2  0.1214E-06
 1  2  6  2  0.1104E-06
 1  2  6  2  0.5261E-07
 1  2  6  2  0.7708E-07
 1  2  6  2  0.6954E-07
 1  2  6  2  0.1049E-06
 1  2  6  2  0.5629E-07
 1  2  6  2  0.7874E-07
 1  2  6  2  0.7561E-07
 1  2  6  2  0.5409E-07
 1  2  6  2  0.7800E-07
 1  2  8  2  0.9018E-07
 1  2  8  2  0.8335E-07
 1  2  8  2  0.8366E-07
 1  2  8  2  0.8134E-07
 1  2  8  2  0.7815E-07
 1  2  8  2  0.9639E-07
 1  2  8  2  0.8762E-07
 1  2  8  2  0.8234E-07
 1  2  8  2  0.7815E-07
 1  2  8  2  0.8040E-07
 1  2  9  2  0.9348E-07
 1  2  9  2  0.8187E-07
 1  2  9  2  0.7887E-07
 1  2  9  2  0.8045E-07
 1  2  9  2  0.8051E-07
 1  2  9  2  0.9305E-07
 1  2  9  2  0.8116E-07
 1  2  9  2  0.7866E-07
 1  2  9  2  0.7915E-07
 1  2  9  2  0.7593E-07
 1  2  10  2  0.9382E-07
 1  2  10  2  0.8003E-07
 1  2  10  2  0.8150E-07
 1  2  10  2  0.7530E-07
 1  2  10  2  0.7498E-07
 1  2  10  2  0.7451E-07
 1  2  10  2  0.7733E-07
 1  2  10  2  0.8500E-07
 1  2  10  2  0.7617E-07
 1  2  10  2  0.7502E-07
 1  2  11  2  0.7637E-07
 1  2  11  2  0.6989E-07
 1  2  11  2  0.7688E-07
 1  2  11  2  0.7374E-07
 1  2  11  2  0.6664E-07
 1  2  11  2  0.6637E-07
 1  2  11  2  0.6723E-07
 1  2  11  2  0.6649E-07
 1  2  11  2  0.6598E-07
 1  2  11  2  0.6687E-07
 1  2  12  2  0.6625E-07
 1  2  12  2  0.6133E-07
 1  2  12  2  0.6096E-07
 1  2  12  2  0.5979E-07
 1  2  12  2  0.5979E-07
 1  2  12  2  0.6202E-07
 1  2  12  2  0.5882E-07
 1  2  12  2  0.5788E-07
 1  2  12  2  0.5827E-07
 1  2  12  2  0.5816E-07
 1  2  13  2  0.6061E-07
 1  2  13  2  0.6206E-07
 1  2  13  2  0.6016E-07
 1  2  13  2  0.5970E-07
 1  2  13  2  0.5985E-07
 1  2  13  2  0.6258E-07
 1  2  13  2  0.6070E-07
 1  2  13  2  0.6032E-07
 1  2  13  2  0.6721E-07
 1  2  13  2  0.6220E-07
 1  2  14  2  0.5830E-07
 1  2  14  2  0.5449E-07
 1  2  14  2  0.5381E-07
 1  2  14  2  0.5357E-07
 1  2  14  2  0.5442E-07
 1  2  14  2  0.5716E-07
 1  2  14  2  0.5527E-07
 1  2  14  2  0.5387E-07
 1  2  14  2  0.5497E-07
 1  2  14  2  0.6457E-07
 1  2  15  2  0.5985E-07
 1  2  15  2  0.5734E-07
 1  2  15  2  0.5437E-07
 1  2  15  2  0.5452E-07
 1  2  15  2  0.5630E-07
 1  2  15  2  0.5491E-07
 1  2  15  2  0.5437E-07
 1  2  15  2  0.5507E-07
 1  2  15  2  0.5541E-07
 1  2  15  2  0.5496E-07
 1  2  16  2  0.5741E-07
 1  2  16  2  0.5331E-07
 1  2  16  2  0.5493E-07
 1  2  16  2  0.5363E-07
 1  2  16  2  0.5289E-07
 1  2  16  2  0.5494E-07
 1  2  16  2  0.5310E-07
 1  2  16  2  0.5497E-07
 1  2  16  2  0.5253E-07
 1  2  16  2  0.5310E-07
 1  2  17  2  0.6408E-07
 1  2  17  2  0.5793E-07
 1  2  17  2  0.6028E-07
 1  2  17  2  0.5757E-07
 1  2  17  2  0.5961E-07
 1  2  17  2  0.5764E-07
 1  2  17  2  0.5926E-07
 1  2  17  2  0.5787E-07
 1  2  17  2  0.5923E-07
 1  2  17  2  0.5797E-07
 1  2  18  2  0.6276E-07
 1  2  18  2  0.5982E-07
 1  2  18  2  0.5884E-07
 1  2  18  2  0.5964E-07
 1  2  18  2  0.5839E-07
 1  2  18  2  0.5870E-07
 1  2  18  2  0.6125E-07
 1  2  18  2  0.5779E-07
 1  2  18  2  0.6007E-07
 1  2  18  2  0.5893E-07
 1  2  19  2  0.6889E-07
 1  2  19  2  0.6362E-07
 1  2  19  2  0.6233E-07
 1  2  19  2  0.6466E-07
 1  2  19  2  0.6337E-07
 1  2  19  2  0.6330E-07
 1  2  19  2  0.6213E-07
 1  2  19  2  0.6291E-07
 1  2  19  2  0.6544E-07
 1  2  19  2  0.6230E-07
 1  2  20  2  0.3999E-07
 1  2  20  2  0.3992E-07
 1  2  20  2  0.3993E-07
 1  2  20  2  0.4123E-07
 1  2  20  2  0.6235E-07
 1  2  20  2  0.6277E-07
 1  2  20  2  0.6308E-07
 1  2  20  2  0.6300E-07
 1  2  20  2  0.6214E-07
 1  2  20  2  0.6177E-07
