 1  8  3  8  0.4321E-07
 1  8  3  8  0.3991E-07
 1  8  3  8  0.4019E-07
 1  8  3  8  0.3977E-07
 1  8  3  8  0.3917E-07
 1  8  3  8  0.4024E-07
 1  8  3  8  0.3969E-07
 1  8  3  8  0.3906E-07
 1  8  3  8  0.3918E-07
 1  8  3  8  0.3914E-07
 1  8  4  8  0.4298E-07
 1  8  4  8  0.4163E-07
 1  8  4  8  0.4132E-07
 1  8  4  8  0.4152E-07
 1  8  4  8  0.4094E-07
 1  8  4  8  0.4111E-07
 1  8  4  8  0.4088E-07
 1  8  4  8  0.4108E-07
 1  8  4  8  0.4111E-07
 1  8  4  8  0.4102E-07
 1  8  5  8  0.4010E-07
 1  8  5  8  0.3849E-07
 1  8  5  8  0.3843E-07
 1  8  5  8  0.3830E-07
 1  8  5  8  0.3840E-07
 1  8  5  8  0.3918E-07
 1  8  5  8  0.3850E-07
 1  8  5  8  0.3832E-07
 1  8  5  8  0.3828E-07
 1  8  5  8  0.3862E-07
 1  8  6  8  0.2557E-07
 1  8  6  8  0.2503E-07
 1  8  6  8  0.2510E-07
 1  8  6  8  0.2524E-07
 1  8  6  8  0.2483E-07
 1  8  6  8  0.2489E-07
 1  8  6  8  0.2480E-07
 1  8  6  8  0.2474E-07
 1  8  6  8  0.2473E-07
 1  8  6  8  0.2479E-07
 1  8  7  8  0.1910E-07
 1  8  7  8  0.1866E-07
 1  8  7  8  0.1855E-07
 1  8  7  8  0.1853E-07
 1  8  7  8  0.1854E-07
 1  8  7  8  0.1860E-07
 1  8  7  8  0.1851E-07
 1  8  7  8  0.1860E-07
 1  8  7  8  0.1845E-07
 1  8  7  8  0.1843E-07
 1  8  9  8  0.1331E-07
 1  8  9  8  0.1282E-07
 1  8  9  8  0.1272E-07
 1  8  9  8  0.1262E-07
 1  8  9  8  0.1265E-07
 1  8  9  8  0.1260E-07
 1  8  9  8  0.1264E-07
 1  8  9  8  0.1274E-07
 1  8  9  8  0.1259E-07
 1  8  9  8  0.1260E-07
 1  8  10  8  0.1233E-07
 1  8  10  8  0.1180E-07
 1  8  10  8  0.1180E-07
 1  8  10  8  0.1178E-07
 1  8  10  8  0.1173E-07
 1  8  10  8  0.1175E-07
 1  8  10  8  0.1175E-07
 1  8  10  8  0.1173E-07
 1  8  10  8  0.1186E-07
 1  8  10  8  0.1177E-07
 1  8  11  8  0.1300E-07
 1  8  11  8  0.1240E-07
 1  8  11  8  0.1248E-07
 1  8  11  8  0.1244E-07
 1  8  11  8  0.1245E-07
 1  8  11  8  0.1236E-07
 1  8  11  8  0.1238E-07
 1  8  11  8  0.1239E-07
 1  8  11  8  0.1237E-07
 1  8  11  8  0.1246E-07
 1  8  12  8  0.1232E-07
 1  8  12  8  0.1192E-07
 1  8  12  8  0.1200E-07
 1  8  12  8  0.1195E-07
 1  8  12  8  0.1199E-07
 1  8  12  8  0.1407E-07
 1  8  12  8  0.1285E-07
 1  8  12  8  0.1198E-07
 1  8  12  8  0.1203E-07
 1  8  12  8  0.1197E-07
 1  8  13  8  0.1372E-07
 1  8  13  8  0.1347E-07
 1  8  13  8  0.1342E-07
 1  8  13  8  0.1346E-07
 1  8  13  8  0.1346E-07
 1  8  13  8  0.1343E-07
 1  8  13  8  0.1342E-07
 1  8  13  8  0.1347E-07
 1  8  13  8  0.1343E-07
 1  8  13  8  0.1349E-07
 1  8  14  8  0.1304E-07
 1  8  14  8  0.1286E-07
 1  8  14  8  0.1294E-07
 1  8  14  8  0.1290E-07
 1  8  14  8  0.1286E-07
 1  8  14  8  0.1291E-07
 1  8  14  8  0.1290E-07
 1  8  14  8  0.1286E-07
 1  8  14  8  0.1289E-07
 1  8  14  8  0.1287E-07
 1  8  15  8  0.1375E-07
 1  8  15  8  0.1365E-07
 1  8  15  8  0.1366E-07
 1  8  15  8  0.1365E-07
 1  8  15  8  0.1365E-07
 1  8  15  8  0.1366E-07
 1  8  15  8  0.1367E-07
 1  8  15  8  0.1365E-07
 1  8  15  8  0.1368E-07
 1  8  15  8  0.1365E-07
 1  8  16  8  0.1322E-07
 1  8  16  8  0.1310E-07
 1  8  16  8  0.1311E-07
 1  8  16  8  0.1315E-07
 1  8  16  8  0.1313E-07
 1  8  16  8  0.1314E-07
 1  8  16  8  0.1314E-07
 1  8  16  8  0.1311E-07
 1  8  16  8  0.1313E-07
 1  8  16  8  0.1313E-07
 1  8  17  8  0.1507E-07
 1  8  17  8  0.1505E-07
 1  8  17  8  0.1503E-07
 1  8  17  8  0.1505E-07
 1  8  17  8  0.1505E-07
 1  8  17  8  0.1507E-07
 1  8  17  8  0.1504E-07
 1  8  17  8  0.1506E-07
 1  8  17  8  0.1504E-07
 1  8  17  8  0.1506E-07
 1  8  18  8  0.1440E-07
 1  8  18  8  0.1432E-07
 1  8  18  8  0.1434E-07
 1  8  18  8  0.1433E-07
 1  8  18  8  0.1433E-07
 1  8  18  8  0.1434E-07
 1  8  18  8  0.1432E-07
 1  8  18  8  0.1433E-07
 1  8  18  8  0.1435E-07
 1  8  18  8  0.1433E-07
 1  8  19  8  0.1447E-07
 1  8  19  8  0.1442E-07
 1  8  19  8  0.1444E-07
 1  8  19  8  0.1444E-07
 1  8  19  8  0.1446E-07
 1  8  19  8  0.1445E-07
 1  8  19  8  0.1445E-07
 1  8  19  8  0.1443E-07
 1  8  19  8  0.1445E-07
 1  8  19  8  0.1444E-07
 1  8  20  8  0.1440E-07
 1  8  20  8  0.1436E-07
 1  8  20  8  0.1437E-07
 1  8  20  8  0.1438E-07
 1  8  20  8  0.1437E-07
 1  8  20  8  0.1435E-07
 1  8  20  8  0.1437E-07
 1  8  20  8  0.1437E-07
 1  8  20  8  0.1435E-07
 1  8  20  8  0.1437E-07
