 1  8  3  8  0.3595E-06
 1  8  3  8  0.2594E-06
 1  8  3  8  0.2734E-06
 1  8  3  8  0.2281E-06
 1  8  3  8  0.2362E-06
 1  8  3  8  0.2487E-06
 1  8  3  8  0.2266E-06
 1  8  3  8  0.2255E-06
 1  8  3  8  0.2208E-06
 1  8  3  8  0.2285E-06
 1  8  4  8  0.1426E-06
 1  8  4  8  0.1015E-06
 1  8  4  8  0.1042E-06
 1  8  4  8  0.1003E-06
 1  8  4  8  0.9639E-07
 1  8  4  8  0.9639E-07
 1  8  4  8  0.1119E-06
 1  8  4  8  0.1009E-06
 1  8  4  8  0.1003E-06
 1  8  4  8  0.1060E-06
 1  8  5  8  0.1130E-06
 1  8  5  8  0.7772E-07
 1  8  5  8  0.7296E-07
 1  8  5  8  0.7304E-07
 1  8  5  8  0.7296E-07
 1  8  5  8  0.7264E-07
 1  8  5  8  0.7168E-07
 1  8  5  8  0.7264E-07
 1  8  5  8  0.9171E-07
 1  8  5  8  0.8138E-07
 1  8  6  8  0.7119E-07
 1  8  6  8  0.6057E-07
 1  8  6  8  0.4903E-07
 1  8  6  8  0.4765E-07
 1  8  6  8  0.4631E-07
 1  8  6  8  0.4806E-07
 1  8  6  8  0.4613E-07
 1  8  6  8  0.4535E-07
 1  8  6  8  0.4415E-07
 1  8  6  8  0.4516E-07
 1  8  7  8  0.4530E-07
 1  8  7  8  0.3377E-07
 1  8  7  8  0.3342E-07
 1  8  7  8  0.3183E-07
 1  8  7  8  0.3183E-07
 1  8  7  8  0.3195E-07
 1  8  7  8  0.3099E-07
 1  8  7  8  0.3768E-07
 1  8  7  8  0.3232E-07
 1  8  7  8  0.3499E-07
 1  8  9  8  0.2732E-07
 1  8  9  8  0.1692E-07
 1  8  9  8  0.1589E-07
 1  8  9  8  0.1566E-07
 1  8  9  8  0.1611E-07
 1  8  9  8  0.1652E-07
 1  8  9  8  0.1646E-07
 1  8  9  8  0.1618E-07
 1  8  9  8  0.1646E-07
 1  8  9  8  0.1646E-07
 1  8  10  8  0.3287E-07
 1  8  10  8  0.2483E-07
 1  8  10  8  0.2471E-07
 1  8  10  8  0.2776E-07
 1  8  10  8  0.2480E-07
 1  8  10  8  0.2500E-07
 1  8  10  8  0.2492E-07
 1  8  10  8  0.2454E-07
 1  8  10  8  0.2621E-07
 1  8  10  8  0.2467E-07
 1  8  11  8  0.2485E-07
 1  8  11  8  0.1747E-07
 1  8  11  8  0.1703E-07
 1  8  11  8  0.1815E-07
 1  8  11  8  0.1593E-07
 1  8  11  8  0.1688E-07
 1  8  11  8  0.1678E-07
 1  8  11  8  0.1665E-07
 1  8  11  8  0.1619E-07
 1  8  11  8  0.1882E-07
 1  8  12  8  0.2332E-07
 1  8  12  8  0.1951E-07
 1  8  12  8  0.1953E-07
 1  8  12  8  0.1968E-07
 1  8  12  8  0.2064E-07
 1  8  12  8  0.1941E-07
 1  8  12  8  0.1927E-07
 1  8  12  8  0.1922E-07
 1  8  12  8  0.2037E-07
 1  8  12  8  0.1963E-07
 1  8  13  8  0.2378E-07
 1  8  13  8  0.1815E-07
 1  8  13  8  0.1840E-07
 1  8  13  8  0.1798E-07
 1  8  13  8  0.1872E-07
 1  8  13  8  0.1811E-07
 1  8  13  8  0.1821E-07
 1  8  13  8  0.1887E-07
 1  8  13  8  0.1806E-07
 1  8  13  8  0.1851E-07
 1  8  14  8  0.9274E-08
 1  8  14  8  0.9225E-08
 1  8  14  8  0.9245E-08
 1  8  14  8  0.9249E-08
 1  8  14  8  0.9223E-08
 1  8  14  8  0.9212E-08
 1  8  14  8  0.9247E-08
 1  8  14  8  0.9225E-08
 1  8  14  8  0.9228E-08
 1  8  14  8  0.9213E-08
 1  8  15  8  0.9821E-08
 1  8  15  8  0.9768E-08
 1  8  15  8  0.9794E-08
 1  8  15  8  0.9798E-08
 1  8  15  8  0.9781E-08
 1  8  15  8  0.9794E-08
 1  8  15  8  0.9792E-08
 1  8  15  8  0.9809E-08
 1  8  15  8  0.9785E-08
 1  8  15  8  0.9814E-08
 1  8  16  8  0.9419E-08
 1  8  16  8  0.9376E-08
 1  8  16  8  0.9411E-08
 1  8  16  8  0.9382E-08
 1  8  16  8  0.9402E-08
 1  8  16  8  0.9377E-08
 1  8  16  8  0.9383E-08
 1  8  16  8  0.9375E-08
 1  8  16  8  0.9401E-08
 1  8  16  8  0.9403E-08
 1  8  17  8  0.1895E-07
 1  8  17  8  0.1685E-07
 1  8  17  8  0.1708E-07
 1  8  17  8  0.1678E-07
 1  8  17  8  0.1708E-07
 1  8  17  8  0.1729E-07
 1  8  17  8  0.1685E-07
 1  8  17  8  0.1737E-07
 1  8  17  8  0.1670E-07
 1  8  17  8  0.1734E-07
 1  8  18  8  0.2043E-07
 1  8  18  8  0.1756E-07
 1  8  18  8  0.1707E-07
 1  8  18  8  0.1744E-07
 1  8  18  8  0.1747E-07
 1  8  18  8  0.1700E-07
 1  8  18  8  0.1735E-07
 1  8  18  8  0.1761E-07
 1  8  18  8  0.1701E-07
 1  8  18  8  0.1733E-07
 1  8  19  8  0.1142E-07
 1  8  19  8  0.1139E-07
 1  8  19  8  0.1142E-07
 1  8  19  8  0.1140E-07
 1  8  19  8  0.1140E-07
 1  8  19  8  0.1140E-07
 1  8  19  8  0.1138E-07
 1  8  19  8  0.1140E-07
 1  8  19  8  0.1140E-07
 1  8  19  8  0.1141E-07
 1  8  20  8  0.1105E-07
 1  8  20  8  0.1106E-07
 1  8  20  8  0.1105E-07
 1  8  20  8  0.1106E-07
 1  8  20  8  0.1105E-07
 1  8  20  8  0.1106E-07
 1  8  20  8  0.1105E-07
 1  8  20  8  0.1106E-07
 1  8  20  8  0.1105E-07
 1  8  20  8  0.1105E-07
