 1  512  3  512  0.1208E-07
 1  512  3  512  0.1134E-07
 1  512  3  512  0.1140E-07
 1  512  3  512  0.2536E-07
 1  512  3  512  0.2708E-07
 1  512  3  512  0.2361E-07
 1  512  3  512  0.2302E-07
 1  512  3  512  0.2375E-07
 1  512  3  512  0.2346E-07
 1  512  3  512  0.2264E-07
 1  512  4  512  0.5445E-08
 1  512  4  512  0.5158E-08
 1  512  4  512  0.5232E-08
 1  512  4  512  0.5146E-08
 1  512  4  512  0.5108E-08
 1  512  4  512  0.5163E-08
 1  512  4  512  0.1031E-07
 1  512  4  512  0.1050E-07
 1  512  4  512  0.9684E-08
 1  512  4  512  0.9704E-08
 1  512  5  512  0.3059E-08
 1  512  5  512  0.2834E-08
 1  512  5  512  0.2805E-08
 1  512  5  512  0.2776E-08
 1  512  5  512  0.2724E-08
 1  512  5  512  0.2716E-08
 1  512  5  512  0.2754E-08
 1  512  5  512  0.2722E-08
 1  512  5  512  0.2694E-08
 1  512  5  512  0.5343E-08
 1  512  6  512  0.1939E-08
 1  512  6  512  0.1802E-08
 1  512  6  512  0.1736E-08
 1  512  6  512  0.1740E-08
 1  512  6  512  0.1733E-08
 1  512  6  512  0.1738E-08
 1  512  6  512  0.1759E-08
 1  512  6  512  0.1759E-08
 1  512  6  512  0.1731E-08
 1  512  6  512  0.1720E-08
 1  512  7  512  0.1481E-08
 1  512  7  512  0.1313E-08
 1  512  7  512  0.1292E-08
 1  512  7  512  0.1280E-08
 1  512  7  512  0.1281E-08
 1  512  7  512  0.1266E-08
 1  512  7  512  0.1254E-08
 1  512  7  512  0.1265E-08
 1  512  7  512  0.1257E-08
 1  512  7  512  0.1247E-08
 1  512  8  512  0.9108E-09
 1  512  8  512  0.8401E-09
 1  512  8  512  0.8283E-09
 1  512  8  512  0.8337E-09
 1  512  8  512  0.8244E-09
 1  512  8  512  0.8241E-09
 1  512  8  512  0.8203E-09
 1  512  8  512  0.8231E-09
 1  512  8  512  0.8166E-09
 1  512  8  512  0.8252E-09
 1  512  9  512  0.7351E-09
 1  512  9  512  0.6950E-09
 1  512  9  512  0.6799E-09
 1  512  9  512  0.6808E-09
 1  512  9  512  0.6868E-09
 1  512  9  512  0.6901E-09
 1  512  9  512  0.6884E-09
 1  512  9  512  0.6828E-09
 1  512  9  512  0.6949E-09
 1  512  9  512  0.6845E-09
 1  512  10  512  0.6403E-09
 1  512  10  512  0.5985E-09
 1  512  10  512  0.6069E-09
 1  512  10  512  0.5966E-09
 1  512  10  512  0.5972E-09
 1  512  10  512  0.6059E-09
 1  512  10  512  0.5981E-09
 1  512  10  512  0.6039E-09
 1  512  10  512  0.5988E-09
 1  512  10  512  0.5988E-09
 1  512  11  512  0.5729E-09
 1  512  11  512  0.5507E-09
 1  512  11  512  0.5497E-09
 1  512  11  512  0.5448E-09
 1  512  11  512  0.5503E-09
 1  512  11  512  0.5479E-09
 1  512  11  512  0.5483E-09
 1  512  11  512  0.5459E-09
 1  512  11  512  0.5446E-09
 1  512  11  512  0.5449E-09
 1  512  12  512  0.4886E-09
 1  512  12  512  0.4772E-09
 1  512  12  512  0.4673E-09
 1  512  12  512  0.4679E-09
 1  512  12  512  0.4656E-09
 1  512  12  512  0.4702E-09
 1  512  12  512  0.4689E-09
 1  512  12  512  0.4657E-09
 1  512  12  512  0.4711E-09
 1  512  12  512  0.4708E-09
 1  512  13  512  0.4242E-09
 1  512  13  512  0.4242E-09
 1  512  13  512  0.4289E-09
 1  512  13  512  0.4193E-09
 1  512  13  512  0.4074E-09
 1  512  13  512  0.4103E-09
 1  512  13  512  0.4134E-09
 1  512  13  512  0.4112E-09
 1  512  13  512  0.4221E-09
 1  512  13  512  0.4217E-09
 1  512  14  512  0.3873E-09
 1  512  14  512  0.3778E-09
 1  512  14  512  0.3785E-09
 1  512  14  512  0.3816E-09
 1  512  14  512  0.3863E-09
 1  512  14  512  0.3846E-09
 1  512  14  512  0.3820E-09
 1  512  14  512  0.3842E-09
 1  512  14  512  0.3787E-09
 1  512  14  512  0.3797E-09
 1  512  15  512  0.3567E-09
 1  512  15  512  0.3513E-09
 1  512  15  512  0.3523E-09
 1  512  15  512  0.3511E-09
 1  512  15  512  0.3541E-09
 1  512  15  512  0.3527E-09
 1  512  15  512  0.3510E-09
 1  512  15  512  0.3522E-09
 1  512  15  512  0.3508E-09
 1  512  15  512  0.3534E-09
 1  512  16  512  0.3259E-09
 1  512  16  512  0.3199E-09
 1  512  16  512  0.3216E-09
 1  512  16  512  0.3209E-09
 1  512  16  512  0.3206E-09
 1  512  16  512  0.3199E-09
 1  512  16  512  0.3206E-09
 1  512  16  512  0.3215E-09
 1  512  16  512  0.3210E-09
 1  512  16  512  0.3196E-09
 1  512  17  512  0.3327E-09
 1  512  17  512  0.3290E-09
 1  512  17  512  0.3269E-09
 1  512  17  512  0.3261E-09
 1  512  17  512  0.3328E-09
 1  512  17  512  0.3263E-09
 1  512  17  512  0.3263E-09
 1  512  17  512  0.3257E-09
 1  512  17  512  0.3245E-09
 1  512  17  512  0.3270E-09
 1  512  18  512  0.3078E-09
 1  512  18  512  0.3046E-09
 1  512  18  512  0.3061E-09
 1  512  18  512  0.3046E-09
 1  512  18  512  0.3039E-09
 1  512  18  512  0.3058E-09
 1  512  18  512  0.3056E-09
 1  512  18  512  0.3048E-09
 1  512  18  512  0.3049E-09
 1  512  18  512  0.3058E-09
 1  512  19  512  0.3142E-09
 1  512  19  512  0.3104E-09
 1  512  19  512  0.3077E-09
 1  512  19  512  0.3078E-09
 1  512  19  512  0.3082E-09
 1  512  19  512  0.3072E-09
 1  512  19  512  0.3085E-09
 1  512  19  512  0.3083E-09
 1  512  19  512  0.3086E-09
 1  512  19  512  0.3084E-09
 1  512  20  512  0.2936E-09
 1  512  20  512  0.2869E-09
 1  512  20  512  0.2882E-09
 1  512  20  512  0.2877E-09
 1  512  20  512  0.2866E-09
 1  512  20  512  0.2925E-09
 1  512  20  512  0.2867E-09
 1  512  20  512  0.2870E-09
 1  512  20  512  0.2925E-09
 1  512  20  512  0.2869E-09
