 1  2  3  2  0.2435E-06
 1  2  3  2  0.2250E-06
 1  2  3  2  0.2200E-06
 1  2  3  2  0.2228E-06
 1  2  3  2  0.2183E-06
 1  2  3  2  0.2563E-06
 1  2  3  2  0.2238E-06
 1  2  3  2  0.2222E-06
 1  2  3  2  0.2233E-06
 1  2  3  2  0.2189E-06
 1  2  4  2  0.1148E-06
 1  2  4  2  0.1164E-06
 1  2  4  2  0.1141E-06
 1  2  4  2  0.1131E-06
 1  2  4  2  0.1163E-06
 1  2  4  2  0.1111E-06
 1  2  4  2  0.1097E-06
 1  2  4  2  0.1079E-06
 1  2  4  2  0.1111E-06
 1  2  4  2  0.1144E-06
 1  2  5  2  0.6636E-07
 1  2  5  2  0.6663E-07
 1  2  5  2  0.6713E-07
 1  2  5  2  0.6655E-07
 1  2  5  2  0.6614E-07
 1  2  5  2  0.6748E-07
 1  2  5  2  0.6650E-07
 1  2  5  2  0.6609E-07
 1  2  5  2  0.6619E-07
 1  2  5  2  0.6549E-07
 1  2  6  2  0.6350E-07
 1  2  6  2  0.6300E-07
 1  2  6  2  0.6217E-07
 1  2  6  2  0.6262E-07
 1  2  6  2  0.6218E-07
 1  2  6  2  0.6222E-07
 1  2  6  2  0.6215E-07
 1  2  6  2  0.6219E-07
 1  2  6  2  0.6226E-07
 1  2  6  2  0.6191E-07
 1  2  8  2  0.3634E-07
 1  2  8  2  0.3621E-07
 1  2  8  2  0.3606E-07
 1  2  8  2  0.3616E-07
 1  2  8  2  0.3586E-07
 1  2  8  2  0.3600E-07
 1  2  8  2  0.3597E-07
 1  2  8  2  0.3600E-07
 1  2  8  2  0.3584E-07
 1  2  8  2  0.3568E-07
 1  2  9  2  0.3670E-07
 1  2  9  2  0.3692E-07
 1  2  9  2  0.3628E-07
 1  2  9  2  0.3617E-07
 1  2  9  2  0.3617E-07
 1  2  9  2  0.3601E-07
 1  2  9  2  0.3609E-07
 1  2  9  2  0.3612E-07
 1  2  9  2  0.3607E-07
 1  2  9  2  0.3612E-07
 1  2  10  2  0.3417E-07
 1  2  10  2  0.3401E-07
 1  2  10  2  0.3409E-07
 1  2  10  2  0.3412E-07
 1  2  10  2  0.3411E-07
 1  2  10  2  0.3409E-07
 1  2  10  2  0.3395E-07
 1  2  10  2  0.3413E-07
 1  2  10  2  0.3403E-07
 1  2  10  2  0.3403E-07
 1  2  11  2  0.3391E-07
 1  2  11  2  0.3367E-07
 1  2  11  2  0.3368E-07
 1  2  11  2  0.3360E-07
 1  2  11  2  0.3366E-07
 1  2  11  2  0.3346E-07
 1  2  11  2  0.3366E-07
 1  2  11  2  0.3334E-07
 1  2  11  2  0.3320E-07
 1  2  11  2  0.3339E-07
 1  2  12  2  0.2987E-07
 1  2  12  2  0.2924E-07
 1  2  12  2  0.2929E-07
 1  2  12  2  0.2919E-07
 1  2  12  2  0.2918E-07
 1  2  12  2  0.2927E-07
 1  2  12  2  0.2914E-07
 1  2  12  2  0.2929E-07
 1  2  12  2  0.2918E-07
 1  2  12  2  0.2912E-07
 1  2  13  2  0.3468E-07
 1  2  13  2  0.3437E-07
 1  2  13  2  0.3435E-07
 1  2  13  2  0.3413E-07
 1  2  13  2  0.3415E-07
 1  2  13  2  0.3404E-07
 1  2  13  2  0.3407E-07
 1  2  13  2  0.3412E-07
 1  2  13  2  0.3427E-07
 1  2  13  2  0.3400E-07
 1  2  14  2  0.3617E-07
 1  2  14  2  0.3558E-07
 1  2  14  2  0.3562E-07
 1  2  14  2  0.3545E-07
 1  2  14  2  0.3557E-07
 1  2  14  2  0.3564E-07
 1  2  14  2  0.3560E-07
 1  2  14  2  0.3554E-07
 1  2  14  2  0.3558E-07
 1  2  14  2  0.3558E-07
 1  2  15  2  0.4013E-07
 1  2  15  2  0.3997E-07
 1  2  15  2  0.3998E-07
 1  2  15  2  0.3993E-07
 1  2  15  2  0.3993E-07
 1  2  15  2  0.3996E-07
 1  2  15  2  0.3971E-07
 1  2  15  2  0.3978E-07
 1  2  15  2  0.3990E-07
 1  2  15  2  0.3976E-07
 1  2  16  2  0.3822E-07
 1  2  16  2  0.3834E-07
 1  2  16  2  0.3801E-07
 1  2  16  2  0.3816E-07
 1  2  16  2  0.3804E-07
 1  2  16  2  0.3820E-07
 1  2  16  2  0.3807E-07
 1  2  16  2  0.3806E-07
 1  2  16  2  0.3812E-07
 1  2  16  2  0.3804E-07
 1  2  17  2  0.4519E-07
 1  2  17  2  0.4504E-07
 1  2  17  2  0.4495E-07
 1  2  17  2  0.4489E-07
 1  2  17  2  0.4493E-07
 1  2  17  2  0.4496E-07
 1  2  17  2  0.4487E-07
 1  2  17  2  0.4489E-07
 1  2  17  2  0.4498E-07
 1  2  17  2  0.4489E-07
 1  2  18  2  0.4508E-07
 1  2  18  2  0.4493E-07
 1  2  18  2  0.4495E-07
 1  2  18  2  0.4498E-07
 1  2  18  2  0.4492E-07
 1  2  18  2  0.4494E-07
 1  2  18  2  0.4494E-07
 1  2  18  2  0.4490E-07
 1  2  18  2  0.4490E-07
 1  2  18  2  0.4496E-07
 1  2  19  2  0.4651E-07
 1  2  19  2  0.4626E-07
 1  2  19  2  0.4631E-07
 1  2  19  2  0.4626E-07
 1  2  19  2  0.4637E-07
 1  2  19  2  0.4625E-07
 1  2  19  2  0.4633E-07
 1  2  19  2  0.4629E-07
 1  2  19  2  0.4630E-07
 1  2  19  2  0.4635E-07
 1  2  20  2  0.4468E-07
 1  2  20  2  0.4464E-07
 1  2  20  2  0.4460E-07
 1  2  20  2  0.4461E-07
 1  2  20  2  0.4474E-07
 1  2  20  2  0.4462E-07
 1  2  20  2  0.4461E-07
 1  2  20  2  0.4464E-07
 1  2  20  2  0.4461E-07
 1  2  20  2  0.4458E-07
