 1  16384  3  16384  0.9367E-09
 1  16384  3  16384  0.9759E-09
 1  16384  3  16384  0.9848E-09
 1  16384  3  16384  0.9566E-09
 1  16384  3  16384  0.8697E-09
 1  16384  3  16384  0.8738E-09
 1  16384  3  16384  0.8611E-09
 1  16384  3  16384  0.8547E-09
 1  16384  3  16384  0.9289E-09
 1  16384  3  16384  0.9767E-09
 1  16384  4  16384  0.3641E-09
 1  16384  4  16384  0.3648E-09
 1  16384  4  16384  0.3824E-09
 1  16384  4  16384  0.4107E-09
 1  16384  4  16384  0.4136E-09
 1  16384  4  16384  0.4219E-09
 1  16384  4  16384  0.3854E-09
 1  16384  4  16384  0.3694E-09
 1  16384  4  16384  0.3640E-09
 1  16384  4  16384  0.3633E-09
 1  16384  5  16384  0.2179E-09
 1  16384  5  16384  0.2135E-09
 1  16384  5  16384  0.2209E-09
 1  16384  5  16384  0.1976E-09
 1  16384  5  16384  0.1975E-09
 1  16384  5  16384  0.1891E-09
 1  16384  5  16384  0.1879E-09
 1  16384  5  16384  0.2075E-09
 1  16384  5  16384  0.2126E-09
 1  16384  5  16384  0.2120E-09
 1  16384  6  16384  0.1171E-09
 1  16384  6  16384  0.1094E-09
 1  16384  6  16384  0.1061E-09
 1  16384  6  16384  0.1191E-09
 1  16384  6  16384  0.1247E-09
 1  16384  6  16384  0.1344E-09
 1  16384  6  16384  0.1271E-09
 1  16384  6  16384  0.1146E-09
 1  16384  6  16384  0.1115E-09
 1  16384  6  16384  0.1082E-09
 1  16384  7  16384  0.7785E-10
 1  16384  7  16384  0.7679E-10
 1  16384  7  16384  0.7850E-10
 1  16384  7  16384  0.8440E-10
 1  16384  7  16384  0.8570E-10
 1  16384  7  16384  0.8346E-10
 1  16384  7  16384  0.7714E-10
 1  16384  7  16384  0.7546E-10
 1  16384  7  16384  0.7334E-10
 1  16384  7  16384  0.7523E-10
 1  16384  8  16384  0.6541E-10
 1  16384  8  16384  0.6357E-10
 1  16384  8  16384  0.5838E-10
 1  16384  8  16384  0.5788E-10
 1  16384  8  16384  0.5736E-10
 1  16384  8  16384  0.5934E-10
 1  16384  8  16384  0.6078E-10
 1  16384  8  16384  0.6359E-10
 1  16384  8  16384  0.6090E-10
 1  16384  8  16384  0.5816E-10
 1  16384  10  16384  0.3837E-10
 1  16384  10  16384  0.3801E-10
 1  16384  10  16384  0.3918E-10
 1  16384  10  16384  0.4044E-10
 1  16384  10  16384  0.3964E-10
 1  16384  10  16384  0.3918E-10
 1  16384  10  16384  0.3897E-10
 1  16384  10  16384  0.4009E-10
 1  16384  10  16384  0.4052E-10
 1  16384  10  16384  0.3915E-10
 1  16384  11  16384  0.3522E-10
 1  16384  11  16384  0.3305E-10
 1  16384  11  16384  0.3139E-10
 1  16384  11  16384  0.3106E-10
 1  16384  11  16384  0.3375E-10
 1  16384  11  16384  0.3474E-10
 1  16384  11  16384  0.3231E-10
 1  16384  11  16384  0.3099E-10
 1  16384  11  16384  0.3257E-10
 1  16384  11  16384  0.3460E-10
 1  16384  12  16384  0.2697E-10
 1  16384  12  16384  0.2597E-10
 1  16384  12  16384  0.2647E-10
 1  16384  12  16384  0.2681E-10
 1  16384  12  16384  0.2698E-10
 1  16384  12  16384  0.2639E-10
 1  16384  12  16384  0.2654E-10
 1  16384  12  16384  0.2727E-10
 1  16384  12  16384  0.2725E-10
 1  16384  12  16384  0.2664E-10
 1  16384  13  16384  0.2327E-10
 1  16384  13  16384  0.2263E-10
 1  16384  13  16384  0.2261E-10
 1  16384  13  16384  0.2299E-10
 1  16384  13  16384  0.2347E-10
 1  16384  13  16384  0.2322E-10
 1  16384  13  16384  0.2294E-10
 1  16384  13  16384  0.2334E-10
 1  16384  13  16384  0.2307E-10
 1  16384  13  16384  0.2255E-10
 1  16384  14  16384  0.1950E-10
 1  16384  14  16384  0.1974E-10
 1  16384  14  16384  0.1966E-10
 1  16384  14  16384  0.1939E-10
 1  16384  14  16384  0.1919E-10
 1  16384  14  16384  0.1981E-10
 1  16384  14  16384  0.1980E-10
 1  16384  14  16384  0.1960E-10
 1  16384  14  16384  0.1962E-10
 1  16384  14  16384  0.1982E-10
 1  16384  15  16384  0.1700E-10
 1  16384  15  16384  0.1686E-10
 1  16384  15  16384  0.1760E-10
 1  16384  15  16384  0.1728E-10
 1  16384  15  16384  0.1681E-10
 1  16384  15  16384  0.1731E-10
 1  16384  15  16384  0.1769E-10
 1  16384  15  16384  0.1702E-10
 1  16384  15  16384  0.1696E-10
 1  16384  15  16384  0.1767E-10
 1  16384  16  16384  0.1482E-10
 1  16384  16  16384  0.1513E-10
 1  16384  16  16384  0.1495E-10
 1  16384  16  16384  0.1472E-10
 1  16384  16  16384  0.1505E-10
 1  16384  16  16384  0.1513E-10
 1  16384  16  16384  0.1482E-10
 1  16384  16  16384  0.1518E-10
 1  16384  16  16384  0.1528E-10
 1  16384  16  16384  0.1478E-10
 1  16384  17  16384  0.1408E-10
 1  16384  17  16384  0.1454E-10
 1  16384  17  16384  0.1450E-10
 1  16384  17  16384  0.1419E-10
 1  16384  17  16384  0.1469E-10
 1  16384  17  16384  0.1469E-10
 1  16384  17  16384  0.1410E-10
 1  16384  17  16384  0.1461E-10
 1  16384  17  16384  0.1460E-10
 1  16384  17  16384  0.1425E-10
 1  16384  18  16384  0.1304E-10
 1  16384  18  16384  0.1273E-10
 1  16384  18  16384  0.1309E-10
 1  16384  18  16384  0.1293E-10
 1  16384  18  16384  0.1290E-10
 1  16384  18  16384  0.1332E-10
 1  16384  18  16384  0.1306E-10
 1  16384  18  16384  0.1303E-10
 1  16384  18  16384  0.1311E-10
 1  16384  18  16384  0.1264E-10
 1  16384  20  16384  0.1461E-10
 1  16384  20  16384  0.1463E-10
 1  16384  20  16384  0.1679E-10
 1  16384  20  16384  0.1185E-10
 1  16384  20  16384  0.1122E-10
 1  16384  20  16384  0.1152E-10
 1  16384  20  16384  0.1127E-10
 1  16384  20  16384  0.1147E-10
 1  16384  20  16384  0.1137E-10
 1  16384  20  16384  0.1165E-10
