 1  32  3  32  0.2677E-06
 1  32  3  32  0.7064E-07
 1  32  3  32  0.6172E-07
 1  32  3  32  0.6089E-07
 1  32  3  32  0.6439E-07
 1  32  3  32  0.6052E-07
 1  32  3  32  0.6181E-07
 1  32  3  32  0.5979E-07
 1  32  3  32  0.6052E-07
 1  32  3  32  0.6328E-07
 1  32  4  32  0.8382E-07
 1  32  4  32  0.3791E-07
 1  32  4  32  0.3597E-07
 1  32  4  32  0.4005E-07
 1  32  4  32  0.3659E-07
 1  32  4  32  0.3578E-07
 1  32  4  32  0.3469E-07
 1  32  4  32  0.3465E-07
 1  32  4  32  0.3485E-07
 1  32  4  32  0.3496E-07
 1  32  5  32  0.6700E-07
 1  32  5  32  0.2160E-07
 1  32  5  32  0.2066E-07
 1  32  5  32  0.2116E-07
 1  32  5  32  0.2100E-07
 1  32  5  32  0.2058E-07
 1  32  5  32  0.2050E-07
 1  32  5  32  0.1967E-07
 1  32  5  32  0.2333E-07
 1  32  5  32  0.2040E-07
 1  32  6  32  0.5059E-07
 1  32  6  32  0.1442E-07
 1  32  6  32  0.1394E-07
 1  32  6  32  0.1341E-07
 1  32  6  32  0.1356E-07
 1  32  6  32  0.1351E-07
 1  32  6  32  0.1292E-07
 1  32  6  32  0.1288E-07
 1  32  6  32  0.1292E-07
 1  32  6  32  0.1461E-07
 1  32  7  32  0.3337E-07
 1  32  7  32  0.9963E-08
 1  32  7  32  0.9442E-08
 1  32  7  32  0.8993E-08
 1  32  7  32  0.8834E-08
 1  32  7  32  0.8928E-08
 1  32  7  32  0.8928E-08
 1  32  7  32  0.8653E-08
 1  32  7  32  0.1024E-07
 1  32  7  32  0.1017E-07
 1  32  8  32  0.2496E-07
 1  32  8  32  0.7936E-08
 1  32  8  32  0.7198E-08
 1  32  8  32  0.7611E-08
 1  32  8  32  0.7261E-08
 1  32  8  32  0.7082E-08
 1  32  8  32  0.7873E-08
 1  32  8  32  0.7776E-08
 1  32  8  32  0.7223E-08
 1  32  8  32  0.7164E-08
 1  32  9  32  0.1755E-07
 1  32  9  32  0.6831E-08
 1  32  9  32  0.6589E-08
 1  32  9  32  0.6446E-08
 1  32  9  32  0.6486E-08
 1  32  9  32  0.6486E-08
 1  32  9  32  0.6504E-08
 1  32  9  32  0.6401E-08
 1  32  9  32  0.6299E-08
 1  32  9  32  0.6303E-08
 1  32  10  32  0.1947E-07
 1  32  10  32  0.7227E-08
 1  32  10  32  0.7220E-08
 1  32  10  32  0.7177E-08
 1  32  10  32  0.7771E-08
 1  32  10  32  0.7634E-08
 1  32  10  32  0.7197E-08
 1  32  10  32  0.7220E-08
 1  32  10  32  0.7500E-08
 1  32  10  32  0.7158E-08
 1  32  11  32  0.3020E-08
 1  32  11  32  0.2910E-08
 1  32  11  32  0.2954E-08
 1  32  11  32  0.2936E-08
 1  32  11  32  0.2939E-08
 1  32  11  32  0.2921E-08
 1  32  11  32  0.2915E-08
 1  32  11  32  0.2919E-08
 1  32  11  32  0.2918E-08
 1  32  11  32  0.2917E-08
 1  32  12  32  0.2889E-08
 1  32  12  32  0.2831E-08
 1  32  12  32  0.2859E-08
 1  32  12  32  0.2812E-08
 1  32  12  32  0.2842E-08
 1  32  12  32  0.2864E-08
 1  32  12  32  0.2841E-08
 1  32  12  32  0.2840E-08
 1  32  12  32  0.2851E-08
 1  32  12  32  0.2849E-08
 1  32  13  32  0.2963E-08
 1  32  13  32  0.2893E-08
 1  32  13  32  0.2916E-08
 1  32  13  32  0.2902E-08
 1  32  13  32  0.2908E-08
 1  32  13  32  0.2935E-08
 1  32  13  32  0.2900E-08
 1  32  13  32  0.2910E-08
 1  32  13  32  0.2900E-08
 1  32  13  32  0.2920E-08
 1  32  14  32  0.2788E-08
 1  32  14  32  0.2731E-08
 1  32  14  32  0.2724E-08
 1  32  14  32  0.2735E-08
 1  32  14  32  0.2731E-08
 1  32  14  32  0.2760E-08
 1  32  14  32  0.2734E-08
 1  32  14  32  0.2729E-08
 1  32  14  32  0.2740E-08
 1  32  14  32  0.2730E-08
 1  32  15  32  0.2732E-08
 1  32  15  32  0.2693E-08
 1  32  15  32  0.2695E-08
 1  32  15  32  0.2694E-08
 1  32  15  32  0.2693E-08
 1  32  15  32  0.2708E-08
 1  32  15  32  0.2703E-08
 1  32  15  32  0.2704E-08
 1  32  15  32  0.2700E-08
 1  32  15  32  0.2698E-08
 1  32  16  32  0.2565E-08
 1  32  16  32  0.2528E-08
 1  32  16  32  0.2535E-08
 1  32  16  32  0.2541E-08
 1  32  16  32  0.2528E-08
 1  32  16  32  0.2552E-08
 1  32  16  32  0.2529E-08
 1  32  16  32  0.2533E-08
 1  32  16  32  0.2532E-08
 1  32  16  32  0.2533E-08
 1  32  17  32  0.3004E-08
 1  32  17  32  0.2982E-08
 1  32  17  32  0.2986E-08
 1  32  17  32  0.2980E-08
 1  32  17  32  0.2991E-08
 1  32  17  32  0.2979E-08
 1  32  17  32  0.2980E-08
 1  32  17  32  0.2984E-08
 1  32  17  32  0.2985E-08
 1  32  17  32  0.2984E-08
 1  32  17  32  0.2996E-08
 1  32  17  32  0.2979E-08
 1  32  17  32  0.2983E-08
 1  32  17  32  0.2987E-08
 1  32  17  32  0.2983E-08
 1  32  17  32  0.2975E-08
 1  32  17  32  0.2978E-08
 1  32  17  32  0.2979E-08
 1  32  17  32  0.2974E-08
 1  32  17  32  0.2979E-08
 1  32  18  32  0.2909E-08
 1  32  18  32  0.2892E-08
 1  32  18  32  0.2896E-08
 1  32  18  32  0.2891E-08
 1  32  18  32  0.2902E-08
 1  32  18  32  0.2893E-08
 1  32  18  32  0.2887E-08
 1  32  18  32  0.2891E-08
 1  32  18  32  0.2892E-08
 1  32  18  32  0.2893E-08
 1  32  19  32  0.3058E-08
 1  32  19  32  0.3034E-08
 1  32  19  32  0.3037E-08
 1  32  19  32  0.3034E-08
 1  32  19  32  0.3062E-08
 1  32  19  32  0.3034E-08
 1  32  19  32  0.3033E-08
 1  32  19  32  0.3034E-08
 1  32  19  32  0.3033E-08
 1  32  19  32  0.3035E-08
 1  32  20  32  0.2927E-08
 1  32  20  32  0.2916E-08
 1  32  20  32  0.2923E-08
 1  32  20  32  0.2914E-08
 1  32  20  32  0.2923E-08
 1  32  20  32  0.2916E-08
 1  32  20  32  0.2917E-08
 1  32  20  32  0.2915E-08
 1  32  20  32  0.2919E-08
 1  32  20  32  0.2920E-08
