 1  1024  3  1024  0.2228E-07
 1  1024  3  1024  0.2124E-07
 1  1024  3  1024  0.2096E-07
 1  1024  3  1024  0.2070E-07
 1  1024  3  1024  0.2076E-07
 1  1024  3  1024  0.2058E-07
 1  1024  3  1024  0.2074E-07
 1  1024  3  1024  0.2128E-07
 1  1024  3  1024  0.2107E-07
 1  1024  3  1024  0.2082E-07
 1  1024  4  1024  0.1070E-07
 1  1024  4  1024  0.9618E-08
 1  1024  4  1024  0.9300E-08
 1  1024  4  1024  0.1017E-07
 1  1024  4  1024  0.8552E-08
 1  1024  4  1024  0.9699E-08
 1  1024  4  1024  0.9639E-08
 1  1024  4  1024  0.9296E-08
 1  1024  4  1024  0.9938E-08
 1  1024  4  1024  0.8538E-08
 1  1024  5  1024  0.4878E-08
 1  1024  5  1024  0.4560E-08
 1  1024  5  1024  0.4674E-08
 1  1024  5  1024  0.4413E-08
 1  1024  5  1024  0.4460E-08
 1  1024  5  1024  0.4621E-08
 1  1024  5  1024  0.4648E-08
 1  1024  5  1024  0.4460E-08
 1  1024  5  1024  0.4387E-08
 1  1024  5  1024  0.4410E-08
 1  1024  6  1024  0.2860E-08
 1  1024  6  1024  0.2554E-08
 1  1024  6  1024  0.2555E-08
 1  1024  6  1024  0.2631E-08
 1  1024  6  1024  0.2684E-08
 1  1024  6  1024  0.2651E-08
 1  1024  6  1024  0.2566E-08
 1  1024  6  1024  0.2567E-08
 1  1024  6  1024  0.2581E-08
 1  1024  6  1024  0.2636E-08
 1  1024  7  1024  0.1968E-08
 1  1024  7  1024  0.1725E-08
 1  1024  7  1024  0.1740E-08
 1  1024  7  1024  0.1717E-08
 1  1024  7  1024  0.1733E-08
 1  1024  7  1024  0.1719E-08
 1  1024  7  1024  0.1708E-08
 1  1024  7  1024  0.1700E-08
 1  1024  7  1024  0.1713E-08
 1  1024  7  1024  0.1722E-08
 1  1024  8  1024  0.1309E-08
 1  1024  8  1024  0.1199E-08
 1  1024  8  1024  0.1195E-08
 1  1024  8  1024  0.1202E-08
 1  1024  8  1024  0.1196E-08
 1  1024  8  1024  0.1190E-08
 1  1024  8  1024  0.1254E-08
 1  1024  8  1024  0.1187E-08
 1  1024  8  1024  0.1189E-08
 1  1024  8  1024  0.1191E-08
 1  1024  9  1024  0.9779E-09
 1  1024  9  1024  0.9145E-09
 1  1024  9  1024  0.9023E-09
 1  1024  9  1024  0.9102E-09
 1  1024  9  1024  0.9063E-09
 1  1024  9  1024  0.9047E-09
 1  1024  9  1024  0.9035E-09
 1  1024  9  1024  0.9022E-09
 1  1024  9  1024  0.9043E-09
 1  1024  9  1024  0.9013E-09
 1  1024  10  1024  0.7606E-09
 1  1024  10  1024  0.7193E-09
 1  1024  10  1024  0.7191E-09
 1  1024  10  1024  0.7194E-09
 1  1024  10  1024  0.7354E-09
 1  1024  10  1024  0.7180E-09
 1  1024  10  1024  0.7223E-09
 1  1024  10  1024  0.7136E-09
 1  1024  10  1024  0.7126E-09
 1  1024  10  1024  0.7180E-09
 1  1024  11  1024  0.6487E-09
 1  1024  11  1024  0.6014E-09
 1  1024  11  1024  0.5898E-09
 1  1024  11  1024  0.6011E-09
 1  1024  11  1024  0.6140E-09
 1  1024  11  1024  0.6067E-09
 1  1024  11  1024  0.5890E-09
 1  1024  11  1024  0.5968E-09
 1  1024  11  1024  0.6023E-09
 1  1024  11  1024  0.6114E-09
 1  1024  12  1024  0.5560E-09
 1  1024  12  1024  0.5196E-09
 1  1024  12  1024  0.5270E-09
 1  1024  12  1024  0.5243E-09
 1  1024  12  1024  0.5161E-09
 1  1024  12  1024  0.5225E-09
 1  1024  12  1024  0.5297E-09
 1  1024  12  1024  0.5208E-09
 1  1024  12  1024  0.5194E-09
 1  1024  12  1024  0.5270E-09
 1  1024  13  1024  0.4759E-09
 1  1024  13  1024  0.4713E-09
 1  1024  13  1024  0.4665E-09
 1  1024  13  1024  0.4626E-09
 1  1024  13  1024  0.4695E-09
 1  1024  13  1024  0.4689E-09
 1  1024  13  1024  0.4619E-09
 1  1024  13  1024  0.4633E-09
 1  1024  13  1024  0.4725E-09
 1  1024  13  1024  0.4642E-09
 1  1024  14  1024  0.4550E-09
 1  1024  14  1024  0.4265E-09
 1  1024  14  1024  0.4357E-09
 1  1024  14  1024  0.4348E-09
 1  1024  14  1024  0.4279E-09
 1  1024  14  1024  0.4410E-09
 1  1024  14  1024  0.4308E-09
 1  1024  14  1024  0.4287E-09
 1  1024  14  1024  0.4381E-09
 1  1024  14  1024  0.4282E-09
 1  1024  15  1024  0.4049E-09
 1  1024  15  1024  0.3867E-09
 1  1024  15  1024  0.3922E-09
 1  1024  15  1024  0.3893E-09
 1  1024  15  1024  0.3896E-09
 1  1024  15  1024  0.3934E-09
 1  1024  15  1024  0.3898E-09
 1  1024  15  1024  0.3930E-09
 1  1024  15  1024  0.3893E-09
 1  1024  15  1024  0.3874E-09
 1  1024  17  1024  0.3374E-09
 1  1024  17  1024  0.3287E-09
 1  1024  17  1024  0.3307E-09
 1  1024  17  1024  0.3272E-09
 1  1024  17  1024  0.3310E-09
 1  1024  17  1024  0.3272E-09
 1  1024  17  1024  0.3297E-09
 1  1024  17  1024  0.3283E-09
 1  1024  17  1024  0.3308E-09
 1  1024  17  1024  0.3290E-09
 1  1024  18  1024  0.3025E-09
 1  1024  18  1024  0.2986E-09
 1  1024  18  1024  0.2976E-09
 1  1024  18  1024  0.2969E-09
 1  1024  18  1024  0.3008E-09
 1  1024  18  1024  0.2955E-09
 1  1024  18  1024  0.2993E-09
 1  1024  18  1024  0.2951E-09
 1  1024  18  1024  0.2997E-09
 1  1024  18  1024  0.2953E-09
 1  1024  19  1024  0.2774E-09
 1  1024  19  1024  0.2763E-09
 1  1024  19  1024  0.2734E-09
 1  1024  19  1024  0.2752E-09
 1  1024  19  1024  0.2759E-09
 1  1024  19  1024  0.2757E-09
 1  1024  19  1024  0.2749E-09
 1  1024  19  1024  0.2752E-09
 1  1024  19  1024  0.2750E-09
 1  1024  19  1024  0.2741E-09
 1  1024  20  1024  0.2503E-09
 1  1024  20  1024  0.2456E-09
 1  1024  20  1024  0.2460E-09
 1  1024  20  1024  0.2459E-09
 1  1024  20  1024  0.2461E-09
 1  1024  20  1024  0.2469E-09
 1  1024  20  1024  0.2457E-09
 1  1024  20  1024  0.2451E-09
 1  1024  20  1024  0.2449E-09
 1  1024  20  1024  0.2464E-09
