 1  256  3  256  0.5125E-07
 1  256  3  256  0.4885E-07
 1  256  3  256  0.4864E-07
 1  256  3  256  0.4845E-07
 1  256  3  256  0.4894E-07
 1  256  3  256  0.4863E-07
 1  256  3  256  0.4876E-07
 1  256  3  256  0.4818E-07
 1  256  3  256  0.4859E-07
 1  256  3  256  0.4850E-07
 1  256  4  256  0.2204E-07
 1  256  4  256  0.2060E-07
 1  256  4  256  0.2074E-07
 1  256  4  256  0.2093E-07
 1  256  4  256  0.2057E-07
 1  256  4  256  0.2065E-07
 1  256  4  256  0.2108E-07
 1  256  4  256  0.2079E-07
 1  256  4  256  0.2055E-07
 1  256  4  256  0.2099E-07
 1  256  5  256  0.1160E-07
 1  256  5  256  0.1094E-07
 1  256  5  256  0.1092E-07
 1  256  5  256  0.1089E-07
 1  256  5  256  0.1092E-07
 1  256  5  256  0.1079E-07
 1  256  5  256  0.1091E-07
 1  256  5  256  0.1089E-07
 1  256  5  256  0.1076E-07
 1  256  5  256  0.1082E-07
 1  256  6  256  0.7059E-08
 1  256  6  256  0.6586E-08
 1  256  6  256  0.6547E-08
 1  256  6  256  0.6527E-08
 1  256  6  256  0.6505E-08
 1  256  6  256  0.6459E-08
 1  256  6  256  0.6515E-08
 1  256  6  256  0.6522E-08
 1  256  6  256  0.6560E-08
 1  256  6  256  0.6550E-08
 1  256  7  256  0.4628E-08
 1  256  7  256  0.4310E-08
 1  256  7  256  0.4307E-08
 1  256  7  256  0.4284E-08
 1  256  7  256  0.4267E-08
 1  256  7  256  0.4291E-08
 1  256  7  256  0.4266E-08
 1  256  7  256  0.4333E-08
 1  256  7  256  0.4310E-08
 1  256  7  256  0.4257E-08
 1  256  8  256  0.3306E-08
 1  256  8  256  0.3104E-08
 1  256  8  256  0.3101E-08
 1  256  8  256  0.3069E-08
 1  256  8  256  0.3075E-08
 1  256  8  256  0.3059E-08
 1  256  8  256  0.3065E-08
 1  256  8  256  0.3080E-08
 1  256  8  256  0.3065E-08
 1  256  8  256  0.3072E-08
 1  256  9  256  0.2570E-08
 1  256  9  256  0.2402E-08
 1  256  9  256  0.2397E-08
 1  256  9  256  0.2373E-08
 1  256  9  256  0.2390E-08
 1  256  9  256  0.2381E-08
 1  256  9  256  0.2384E-08
 1  256  9  256  0.2397E-08
 1  256  9  256  0.2385E-08
 1  256  9  256  0.2387E-08
 1  256  10  256  0.2158E-08
 1  256  10  256  0.2025E-08
 1  256  10  256  0.2036E-08
 1  256  10  256  0.2027E-08
 1  256  10  256  0.2023E-08
 1  256  10  256  0.2037E-08
 1  256  10  256  0.2011E-08
 1  256  10  256  0.2024E-08
 1  256  10  256  0.2012E-08
 1  256  10  256  0.2021E-08
 1  256  11  256  0.1727E-08
 1  256  11  256  0.1629E-08
 1  256  11  256  0.1620E-08
 1  256  11  256  0.1616E-08
 1  256  11  256  0.1616E-08
 1  256  11  256  0.1606E-08
 1  256  11  256  0.1615E-08
 1  256  11  256  0.1617E-08
 1  256  11  256  0.1617E-08
 1  256  11  256  0.1616E-08
 1  256  12  256  0.1435E-08
 1  256  12  256  0.1362E-08
 1  256  12  256  0.1364E-08
 1  256  12  256  0.1367E-08
 1  256  12  256  0.1356E-08
 1  256  12  256  0.1365E-08
 1  256  12  256  0.1375E-08
 1  256  12  256  0.1360E-08
 1  256  12  256  0.1360E-08
 1  256  12  256  0.1359E-08
 1  256  13  256  0.1342E-08
 1  256  13  256  0.1278E-08
 1  256  13  256  0.1271E-08
 1  256  13  256  0.1272E-08
 1  256  13  256  0.1299E-08
 1  256  13  256  0.1291E-08
 1  256  13  256  0.1274E-08
 1  256  13  256  0.1271E-08
 1  256  13  256  0.1274E-08
 1  256  13  256  0.1298E-08
 1  256  14  256  0.1230E-08
 1  256  14  256  0.1194E-08
 1  256  14  256  0.1193E-08
 1  256  14  256  0.1200E-08
 1  256  14  256  0.1194E-08
 1  256  14  256  0.1202E-08
 1  256  14  256  0.1193E-08
 1  256  14  256  0.1199E-08
 1  256  14  256  0.1201E-08
 1  256  14  256  0.1197E-08
 1  256  15  256  0.1145E-08
 1  256  15  256  0.1112E-08
 1  256  15  256  0.1113E-08
 1  256  15  256  0.1110E-08
 1  256  15  256  0.1111E-08
 1  256  15  256  0.1116E-08
 1  256  15  256  0.1112E-08
 1  256  15  256  0.1109E-08
 1  256  15  256  0.1119E-08
 1  256  15  256  0.1113E-08
 1  256  16  256  0.1004E-08
 1  256  16  256  0.9849E-09
 1  256  16  256  0.9834E-09
 1  256  16  256  0.9931E-09
 1  256  16  256  0.9856E-09
 1  256  16  256  0.9914E-09
 1  256  16  256  0.9911E-09
 1  256  16  256  0.9821E-09
 1  256  16  256  0.9895E-09
 1  256  16  256  0.9934E-09
 1  256  17  256  0.9740E-09
 1  256  17  256  0.9623E-09
 1  256  17  256  0.9633E-09
 1  256  17  256  0.9598E-09
 1  256  17  256  0.9610E-09
 1  256  17  256  0.9702E-09
 1  256  17  256  0.9601E-09
 1  256  17  256  0.9637E-09
 1  256  17  256  0.9623E-09
 1  256  17  256  0.9640E-09
 1  256  18  256  0.9037E-09
 1  256  18  256  0.8881E-09
 1  256  18  256  0.9264E-09
 1  256  18  256  0.9233E-09
 1  256  18  256  0.8883E-09
 1  256  18  256  0.8907E-09
 1  256  18  256  0.8857E-09
 1  256  18  256  0.8922E-09
 1  256  18  256  0.8862E-09
 1  256  18  256  0.8858E-09
 1  256  19  256  0.8514E-09
 1  256  19  256  0.8320E-09
 1  256  19  256  0.8392E-09
 1  256  19  256  0.8365E-09
 1  256  19  256  0.8366E-09
 1  256  19  256  0.8408E-09
 1  256  19  256  0.8432E-09
 1  256  19  256  0.8375E-09
 1  256  19  256  0.8367E-09
 1  256  19  256  0.8387E-09
 1  256  20  256  0.7696E-09
 1  256  20  256  0.7608E-09
 1  256  20  256  0.7610E-09
 1  256  20  256  0.7668E-09
 1  256  20  256  0.7632E-09
 1  256  20  256  0.7638E-09
 1  256  20  256  0.7646E-09
 1  256  20  256  0.7630E-09
 1  256  20  256  0.7601E-09
 1  256  20  256  0.7607E-09
