 1  128  3  128  0.1577E-06
 1  128  3  128  0.8122E-07
 1  128  3  128  0.6954E-07
 1  128  3  128  0.6752E-07
 1  128  3  128  0.6837E-07
 1  128  3  128  0.8545E-07
 1  128  3  128  0.6896E-07
 1  128  3  128  0.7214E-07
 1  128  3  128  0.6866E-07
 1  128  3  128  0.6549E-07
 1  128  4  128  0.5172E-07
 1  128  4  128  0.2921E-07
 1  128  4  128  0.3206E-07
 1  128  4  128  0.3056E-07
 1  128  4  128  0.2945E-07
 1  128  4  128  0.3024E-07
 1  128  4  128  0.3036E-07
 1  128  4  128  0.2967E-07
 1  128  4  128  0.2917E-07
 1  128  4  128  0.2958E-07
 1  128  5  128  0.3785E-07
 1  128  5  128  0.1885E-07
 1  128  5  128  0.1444E-07
 1  128  5  128  0.1804E-07
 1  128  5  128  0.1390E-07
 1  128  5  128  0.1564E-07
 1  128  5  128  0.1533E-07
 1  128  5  128  0.1415E-07
 1  128  5  128  0.1500E-07
 1  128  5  128  0.1494E-07
 1  128  6  128  0.2293E-07
 1  128  6  128  0.1008E-07
 1  128  6  128  0.1022E-07
 1  128  6  128  0.1014E-07
 1  128  6  128  0.1030E-07
 1  128  6  128  0.9960E-08
 1  128  6  128  0.9848E-08
 1  128  6  128  0.9802E-08
 1  128  6  128  0.9598E-08
 1  128  6  128  0.1044E-07
 1  128  7  128  0.1444E-07
 1  128  7  128  0.7266E-08
 1  128  7  128  0.7373E-08
 1  128  7  128  0.7054E-08
 1  128  7  128  0.7259E-08
 1  128  7  128  0.7145E-08
 1  128  7  128  0.7394E-08
 1  128  7  128  0.6993E-08
 1  128  7  128  0.8678E-08
 1  128  7  128  0.7175E-08
 1  128  8  128  0.2834E-08
 1  128  8  128  0.2788E-08
 1  128  8  128  0.2768E-08
 1  128  8  128  0.2774E-08
 1  128  8  128  0.2773E-08
 1  128  8  128  0.2779E-08
 1  128  8  128  0.2793E-08
 1  128  8  128  0.2773E-08
 1  128  8  128  0.2750E-08
 1  128  8  128  0.2853E-08
 1  128  9  128  0.2482E-08
 1  128  9  128  0.2399E-08
 1  128  9  128  0.2396E-08
 1  128  9  128  0.2391E-08
 1  128  9  128  0.2393E-08
 1  128  9  128  0.2411E-08
 1  128  9  128  0.2393E-08
 1  128  9  128  0.2411E-08
 1  128  9  128  0.2412E-08
 1  128  9  128  0.2405E-08
 1  128  10  128  0.2193E-08
 1  128  10  128  0.2169E-08
 1  128  10  128  0.2187E-08
 1  128  10  128  0.2156E-08
 1  128  10  128  0.2166E-08
 1  128  10  128  0.2155E-08
 1  128  10  128  0.2147E-08
 1  128  10  128  0.2162E-08
 1  128  10  128  0.2140E-08
 1  128  10  128  0.2155E-08
 1  128  11  128  0.2062E-08
 1  128  11  128  0.2025E-08
 1  128  11  128  0.2024E-08
 1  128  11  128  0.2017E-08
 1  128  11  128  0.2025E-08
 1  128  11  128  0.2051E-08
 1  128  11  128  0.2026E-08
 1  128  11  128  0.2054E-08
 1  128  11  128  0.2022E-08
 1  128  11  128  0.2021E-08
 1  128  12  128  0.1833E-08
 1  128  12  128  0.1822E-08
 1  128  12  128  0.1825E-08
 1  128  12  128  0.1832E-08
 1  128  12  128  0.1826E-08
 1  128  12  128  0.1826E-08
 1  128  12  128  0.1820E-08
 1  128  12  128  0.1826E-08
 1  128  12  128  0.1821E-08
 1  128  12  128  0.1821E-08
 1  128  13  128  0.1692E-08
 1  128  13  128  0.1688E-08
 1  128  13  128  0.1684E-08
 1  128  13  128  0.1680E-08
 1  128  13  128  0.1682E-08
 1  128  13  128  0.1671E-08
 1  128  13  128  0.1684E-08
 1  128  13  128  0.1676E-08
 1  128  13  128  0.1695E-08
 1  128  13  128  0.1682E-08
 1  128  14  128  0.1558E-08
 1  128  14  128  0.1545E-08
 1  128  14  128  0.1538E-08
 1  128  14  128  0.1543E-08
 1  128  14  128  0.1547E-08
 1  128  14  128  0.1562E-08
 1  128  14  128  0.1540E-08
 1  128  14  128  0.1539E-08
 1  128  14  128  0.1532E-08
 1  128  14  128  0.1548E-08
 1  128  15  128  0.1473E-08
 1  128  15  128  0.1460E-08
 1  128  15  128  0.1458E-08
 1  128  15  128  0.1454E-08
 1  128  15  128  0.1460E-08
 1  128  15  128  0.1457E-08
 1  128  15  128  0.1451E-08
 1  128  15  128  0.1459E-08
 1  128  15  128  0.1453E-08
 1  128  15  128  0.1455E-08
 1  128  16  128  0.1171E-08
 1  128  16  128  0.1168E-08
 1  128  16  128  0.1164E-08
 1  128  16  128  0.1169E-08
 1  128  16  128  0.1167E-08
 1  128  16  128  0.1157E-08
 1  128  16  128  0.1160E-08
 1  128  16  128  0.1167E-08
 1  128  16  128  0.1166E-08
 1  128  16  128  0.1159E-08
 1  128  17  128  0.1185E-08
 1  128  17  128  0.1177E-08
 1  128  17  128  0.1175E-08
 1  128  17  128  0.1176E-08
 1  128  17  128  0.1175E-08
 1  128  17  128  0.1175E-08
 1  128  17  128  0.1174E-08
 1  128  17  128  0.1179E-08
 1  128  17  128  0.1174E-08
 1  128  17  128  0.1174E-08
 1  128  18  128  0.1132E-08
 1  128  18  128  0.1123E-08
 1  128  18  128  0.1126E-08
 1  128  18  128  0.1122E-08
 1  128  18  128  0.1124E-08
 1  128  18  128  0.1124E-08
 1  128  18  128  0.1127E-08
 1  128  18  128  0.1124E-08
 1  128  18  128  0.1139E-08
 1  128  18  128  0.1124E-08
 1  128  19  128  0.1135E-08
 1  128  19  128  0.1132E-08
 1  128  19  128  0.1127E-08
 1  128  19  128  0.1128E-08
 1  128  19  128  0.1130E-08
 1  128  19  128  0.1134E-08
 1  128  19  128  0.1126E-08
 1  128  19  128  0.1127E-08
 1  128  19  128  0.1133E-08
 1  128  19  128  0.1126E-08
 1  128  20  128  0.1052E-08
 1  128  20  128  0.1046E-08
 1  128  20  128  0.1046E-08
 1  128  20  128  0.1048E-08
 1  128  20  128  0.1059E-08
 1  128  20  128  0.1051E-08
 1  128  20  128  0.1047E-08
 1  128  20  128  0.1046E-08
 1  128  20  128  0.1047E-08
 1  128  20  128  0.1048E-08
