 1  1  3  1  0.6346E-07
 1  1  3  1  0.6617E-07
 1  1  3  1  0.6308E-07
 1  1  3  1  0.6311E-07
 1  1  3  1  0.6284E-07
 1  1  4  1  0.5865E-07
 1  1  4  1  0.5761E-07
 1  1  4  1  0.5761E-07
 1  1  4  1  0.6181E-07
 1  1  4  1  0.5875E-07
 1  1  5  1  0.6083E-07
 1  1  5  1  0.6032E-07
 1  1  5  1  0.6045E-07
 1  1  5  1  0.6019E-07
 1  1  5  1  0.6013E-07
 1  1  6  1  0.5310E-07
 1  1  6  1  0.5302E-07
 1  1  6  1  0.5301E-07
 1  1  6  1  0.5299E-07
 1  1  6  1  0.5310E-07
 1  1  7  1  0.5536E-07
 1  1  7  1  0.5514E-07
 1  1  7  1  0.5554E-07
 1  1  7  1  0.5504E-07
 1  1  7  1  0.5504E-07
 1  1  8  1  0.5799E-07
 1  1  8  1  0.5802E-07
 1  1  8  1  0.5820E-07
 1  1  8  1  0.5802E-07
 1  1  8  1  0.5807E-07
 1  1  9  1  0.6176E-07
 1  1  9  1  0.6126E-07
 1  1  9  1  0.6142E-07
 1  1  9  1  0.6174E-07
 1  1  9  1  0.6145E-07
 1  1  10  1  0.6189E-07
 1  1  10  1  0.6172E-07
 1  1  10  1  0.6226E-07
 1  1  10  1  0.6180E-07
 1  1  10  1  0.6170E-07
 1  1  11  1  0.6078E-07
 1  1  11  1  0.6069E-07
 1  1  11  1  0.6073E-07
 1  1  11  1  0.6062E-07
 1  1  11  1  0.6091E-07
 1  1  12  1  0.5464E-07
 1  1  12  1  0.5467E-07
 1  1  12  1  0.5489E-07
 1  1  12  1  0.5456E-07
 1  1  12  1  0.5450E-07
 1  1  13  1  0.5744E-07
 1  1  13  1  0.5733E-07
 1  1  13  1  0.5735E-07
 1  1  13  1  0.5731E-07
 1  1  13  1  0.5745E-07
 1  1  14  1  0.5260E-07
 1  1  14  1  0.5230E-07
 1  1  14  1  0.5235E-07
 1  1  14  1  0.5218E-07
 1  1  14  1  0.5322E-07
 1  1  15  1  0.5974E-07
 1  1  15  1  0.6036E-07
 1  1  15  1  0.5960E-07
 1  1  15  1  0.5953E-07
 1  1  15  1  0.5978E-07
 1  1  16  1  0.5992E-07
 1  1  16  1  0.5980E-07
 1  1  16  1  0.5993E-07
 1  1  16  1  0.5966E-07
 1  1  16  1  0.5988E-07
 1  1  17  1  0.7875E-07
 1  1  17  1  0.7876E-07
 1  1  17  1  0.7866E-07
 1  1  17  1  0.7889E-07
 1  1  17  1  0.7877E-07
 1  1  18  1  0.7861E-07
 1  1  18  1  0.7846E-07
 1  1  18  1  0.7846E-07
 1  1  18  1  0.7863E-07
 1  1  18  1  0.7848E-07
 1  1  19  1  0.8393E-07
 1  1  19  1  0.8417E-07
 1  1  19  1  0.8405E-07
 1  1  19  1  0.8399E-07
 1  1  19  1  0.8409E-07
 1  1  20  1  0.7884E-07
 1  1  20  1  0.7882E-07
 1  1  20  1  0.7872E-07
 1  1  20  1  0.7875E-07
 1  1  20  1  0.7874E-07
