 1  32  3  32  0.7125E-07
 1  32  3  32  0.7025E-07
 1  32  3  32  0.6980E-07
 1  32  3  32  0.6983E-07
 1  32  3  32  0.7057E-07
 1  32  4  32  0.3269E-07
 1  32  4  32  0.3284E-07
 1  32  4  32  0.3260E-07
 1  32  4  32  0.3258E-07
 1  32  4  32  0.3260E-07
 1  32  5  32  0.2008E-07
 1  32  5  32  0.2010E-07
 1  32  5  32  0.2007E-07
 1  32  5  32  0.1988E-07
 1  32  5  32  0.2011E-07
 1  32  6  32  0.9916E-08
 1  32  6  32  0.9742E-08
 1  32  6  32  0.9756E-08
 1  32  6  32  0.9745E-08
 1  32  6  32  0.9726E-08
 1  32  7  32  0.6802E-08
 1  32  7  32  0.6763E-08
 1  32  7  32  0.6813E-08
 1  32  7  32  0.6772E-08
 1  32  7  32  0.6762E-08
 1  32  8  32  0.5341E-08
 1  32  8  32  0.5354E-08
 1  32  8  32  0.5383E-08
 1  32  8  32  0.5341E-08
 1  32  8  32  0.5368E-08
 1  32  9  32  0.4483E-08
 1  32  9  32  0.4554E-08
 1  32  9  32  0.4495E-08
 1  32  9  32  0.4463E-08
 1  32  9  32  0.4452E-08
 1  32  10  32  0.4163E-08
 1  32  10  32  0.4206E-08
 1  32  10  32  0.4193E-08
 1  32  10  32  0.4165E-08
 1  32  10  32  0.4187E-08
 1  32  11  32  0.4213E-08
 1  32  11  32  0.4227E-08
 1  32  11  32  0.4249E-08
 1  32  11  32  0.4257E-08
 1  32  11  32  0.4231E-08
 1  32  12  32  0.4353E-08
 1  32  12  32  0.4345E-08
 1  32  12  32  0.4352E-08
 1  32  12  32  0.4326E-08
 1  32  12  32  0.4338E-08
 1  32  13  32  0.4739E-08
 1  32  13  32  0.4751E-08
 1  32  13  32  0.4742E-08
 1  32  13  32  0.4755E-08
 1  32  13  32  0.4738E-08
 1  32  14  32  0.4587E-08
 1  32  14  32  0.4590E-08
 1  32  14  32  0.4599E-08
 1  32  14  32  0.4607E-08
 1  32  14  32  0.4600E-08
 1  32  15  32  0.4615E-08
 1  32  15  32  0.4604E-08
 1  32  15  32  0.4606E-08
 1  32  15  32  0.4597E-08
 1  32  15  32  0.4596E-08
 1  32  16  32  0.4239E-08
 1  32  16  32  0.4239E-08
 1  32  16  32  0.4261E-08
 1  32  16  32  0.4244E-08
 1  32  16  32  0.4249E-08
 1  32  17  32  0.4539E-08
 1  32  17  32  0.4521E-08
 1  32  17  32  0.4517E-08
 1  32  17  32  0.4517E-08
 1  32  17  32  0.4522E-08
 1  32  18  32  0.4271E-08
 1  32  18  32  0.4269E-08
 1  32  18  32  0.4263E-08
 1  32  18  32  0.4264E-08
 1  32  18  32  0.4266E-08
 1  32  19  32  0.4238E-08
 1  32  19  32  0.4230E-08
 1  32  19  32  0.4236E-08
 1  32  19  32  0.4234E-08
 1  32  19  32  0.4234E-08
 1  32  20  32  0.4005E-08
 1  32  20  32  0.4002E-08
 1  32  20  32  0.4017E-08
 1  32  20  32  0.4002E-08
 1  32  20  32  0.4001E-08
