 1  2  3  2  0.4577E-06
 1  2  3  2  0.2414E-06
 1  2  3  2  0.2222E-06
 1  2  3  2  0.2222E-06
 1  2  3  2  0.2222E-06
 1  2  3  2  0.2281E-06
 1  2  3  2  0.2281E-06
 1  2  3  2  0.2222E-06
 1  2  3  2  0.2149E-06
 1  2  3  2  0.2222E-06
 1  2  4  2  0.3042E-06
 1  2  4  2  0.2788E-06
 1  2  4  2  0.1776E-06
 1  2  4  2  0.2291E-06
 1  2  4  2  0.1931E-06
 1  2  4  2  0.2347E-06
 1  2  4  2  0.2235E-06
 1  2  4  2  0.1745E-06
 1  2  4  2  0.2266E-06
 1  2  4  2  0.1720E-06
 1  2  5  2  0.1787E-06
 1  2  5  2  0.1694E-06
 1  2  5  2  0.1440E-06
 1  2  5  2  0.1615E-06
 1  2  5  2  0.1478E-06
 1  2  5  2  0.1481E-06
 1  2  5  2  0.1494E-06
 1  2  5  2  0.1841E-06
 1  2  5  2  0.1507E-06
 1  2  5  2  0.1507E-06
 1  2  6  2  0.1218E-06
 1  2  6  2  0.1065E-06
 1  2  6  2  0.9033E-07
 1  2  6  2  0.1027E-06
 1  2  6  2  0.1374E-06
 1  2  6  2  0.1087E-06
 1  2  6  2  0.1082E-06
 1  2  6  2  0.1017E-06
 1  2  6  2  0.1058E-06
 1  2  6  2  0.1181E-06
 1  2  8  2  0.8723E-07
 1  2  8  2  0.8273E-07
 1  2  8  2  0.8071E-07
 1  2  8  2  0.7978E-07
 1  2  8  2  0.7940E-07
 1  2  8  2  0.7839E-07
 1  2  8  2  0.8956E-07
 1  2  8  2  0.8855E-07
 1  2  8  2  0.9150E-07
 1  2  8  2  0.8529E-07
 1  2  9  2  0.9561E-07
 1  2  9  2  0.8481E-07
 1  2  9  2  0.8253E-07
 1  2  9  2  0.8411E-07
 1  2  9  2  0.8209E-07
 1  2  9  2  0.8051E-07
 1  2  9  2  0.9326E-07
 1  2  9  2  0.8732E-07
 1  2  9  2  0.8253E-07
 1  2  9  2  0.8209E-07
 1  2  10  2  0.9501E-07
 1  2  10  2  0.8285E-07
 1  2  10  2  0.8782E-07
 1  2  10  2  0.8202E-07
 1  2  10  2  0.8317E-07
 1  2  10  2  0.8086E-07
 1  2  10  2  0.8066E-07
 1  2  10  2  0.8150E-07
 1  2  10  2  0.8635E-07
 1  2  10  2  0.8051E-07
 1  2  11  2  0.8091E-07
 1  2  11  2  0.7350E-07
 1  2  11  2  0.7237E-07
 1  2  11  2  0.7299E-07
 1  2  11  2  0.8111E-07
 1  2  11  2  0.7679E-07
 1  2  11  2  0.7314E-07
 1  2  11  2  0.7338E-07
 1  2  11  2  0.7362E-07
 1  2  11  2  0.7314E-07
 1  2  12  2  0.6818E-07
 1  2  12  2  0.6462E-07
 1  2  12  2  0.6473E-07
 1  2  12  2  0.6365E-07
 1  2  12  2  0.6791E-07
 1  2  12  2  0.6317E-07
 1  2  12  2  0.6384E-07
 1  2  12  2  0.6395E-07
 1  2  12  2  0.6489E-07
 1  2  12  2  0.6818E-07
 1  2  13  2  0.6517E-07
 1  2  13  2  0.6464E-07
 1  2  13  2  0.6721E-07
 1  2  13  2  0.6486E-07
 1  2  13  2  0.6569E-07
 1  2  13  2  0.6524E-07
 1  2  13  2  0.6811E-07
 1  2  13  2  0.6502E-07
 1  2  13  2  0.6547E-07
 1  2  13  2  0.6424E-07
 1  2  14  2  0.6499E-07
 1  2  14  2  0.5836E-07
 1  2  14  2  0.5917E-07
 1  2  14  2  0.6105E-07
 1  2  14  2  0.5892E-07
 1  2  14  2  0.5837E-07
 1  2  14  2  0.6026E-07
 1  2  14  2  0.5775E-07
 1  2  14  2  0.5856E-07
 1  2  14  2  0.5794E-07
 1  2  15  2  0.6366E-07
 1  2  15  2  0.5969E-07
 1  2  15  2  0.5788E-07
 1  2  15  2  0.5857E-07
 1  2  15  2  0.5935E-07
 1  2  15  2  0.5768E-07
 1  2  15  2  0.5782E-07
 1  2  15  2  0.5729E-07
 1  2  15  2  0.5787E-07
 1  2  15  2  0.6045E-07
 1  2  16  2  0.6514E-07
 1  2  16  2  0.5599E-07
 1  2  16  2  0.5574E-07
 1  2  16  2  0.5685E-07
 1  2  16  2  0.5542E-07
 1  2  16  2  0.5765E-07
 1  2  16  2  0.5555E-07
 1  2  16  2  0.5591E-07
 1  2  16  2  0.5717E-07
 1  2  16  2  0.5570E-07
 1  2  17  2  0.6592E-07
 1  2  17  2  0.6079E-07
 1  2  17  2  0.6178E-07
 1  2  17  2  0.6017E-07
 1  2  17  2  0.6123E-07
 1  2  17  2  0.6034E-07
 1  2  17  2  0.6153E-07
 1  2  17  2  0.6022E-07
 1  2  17  2  0.6136E-07
 1  2  17  2  0.6018E-07
 1  2  18  2  0.6481E-07
 1  2  18  2  0.6161E-07
 1  2  18  2  0.6133E-07
 1  2  18  2  0.6079E-07
 1  2  18  2  0.6116E-07
 1  2  18  2  0.6064E-07
 1  2  18  2  0.6059E-07
 1  2  18  2  0.6067E-07
 1  2  18  2  0.6238E-07
 1  2  18  2  0.6224E-07
 1  2  19  2  0.6835E-07
 1  2  19  2  0.6398E-07
 1  2  19  2  0.6488E-07
 1  2  19  2  0.6566E-07
 1  2  19  2  0.6398E-07
 1  2  19  2  0.6490E-07
 1  2  19  2  0.6548E-07
 1  2  19  2  0.6391E-07
 1  2  19  2  0.6413E-07
 1  2  19  2  0.6502E-07
 1  2  20  2  0.6791E-07
 1  2  20  2  0.6371E-07
 1  2  20  2  0.6448E-07
 1  2  20  2  0.6431E-07
 1  2  20  2  0.6440E-07
 1  2  20  2  0.6463E-07
 1  2  20  2  0.6350E-07
 1  2  20  2  0.6311E-07
 1  2  20  2  0.6438E-07
 1  2  20  2  0.6450E-07
