 1  4096  3  4096  0.8562E-08
 1  4096  3  4096  0.7730E-08
 1  4096  3  4096  0.7671E-08
 1  4096  3  4096  0.7546E-08
 1  4096  3  4096  0.7105E-08
 1  4096  3  4096  0.7211E-08
 1  4096  3  4096  0.7803E-08
 1  4096  3  4096  0.7507E-08
 1  4096  3  4096  0.7383E-08
 1  4096  3  4096  0.7392E-08
 1  4096  4  4096  0.3708E-08
 1  4096  4  4096  0.3194E-08
 1  4096  4  4096  0.3205E-08
 1  4096  4  4096  0.3139E-08
 1  4096  4  4096  0.3192E-08
 1  4096  4  4096  0.3121E-08
 1  4096  4  4096  0.3147E-08
 1  4096  4  4096  0.3129E-08
 1  4096  4  4096  0.3209E-08
 1  4096  4  4096  0.3181E-08
 1  4096  5  4096  0.1951E-08
 1  4096  5  4096  0.1685E-08
 1  4096  5  4096  0.1692E-08
 1  4096  5  4096  0.1651E-08
 1  4096  5  4096  0.1602E-08
 1  4096  5  4096  0.1657E-08
 1  4096  5  4096  0.1660E-08
 1  4096  5  4096  0.1662E-08
 1  4096  5  4096  0.1631E-08
 1  4096  5  4096  0.1684E-08
 1  4096  6  4096  0.1147E-08
 1  4096  6  4096  0.9736E-09
 1  4096  6  4096  0.9989E-09
 1  4096  6  4096  0.9493E-09
 1  4096  6  4096  0.9463E-09
 1  4096  6  4096  0.9737E-09
 1  4096  6  4096  0.9800E-09
 1  4096  6  4096  0.9420E-09
 1  4096  6  4096  0.9528E-09
 1  4096  6  4096  0.9933E-09
 1  4096  7  4096  0.7397E-09
 1  4096  7  4096  0.6153E-09
 1  4096  7  4096  0.5991E-09
 1  4096  7  4096  0.6055E-09
 1  4096  7  4096  0.6365E-09
 1  4096  7  4096  0.6125E-09
 1  4096  7  4096  0.5946E-09
 1  4096  7  4096  0.6175E-09
 1  4096  7  4096  0.6371E-09
 1  4096  7  4096  0.6094E-09
 1  4096  8  4096  0.5483E-09
 1  4096  8  4096  0.4582E-09
 1  4096  8  4096  0.4476E-09
 1  4096  8  4096  0.4810E-09
 1  4096  8  4096  0.4716E-09
 1  4096  8  4096  0.4424E-09
 1  4096  8  4096  0.4621E-09
 1  4096  8  4096  0.4810E-09
 1  4096  8  4096  0.4520E-09
 1  4096  8  4096  0.4464E-09
 1  4096  9  4096  0.3856E-09
 1  4096  9  4096  0.3552E-09
 1  4096  9  4096  0.3457E-09
 1  4096  9  4096  0.3416E-09
 1  4096  9  4096  0.3493E-09
 1  4096  9  4096  0.3503E-09
 1  4096  9  4096  0.3414E-09
 1  4096  9  4096  0.3530E-09
 1  4096  9  4096  0.3577E-09
 1  4096  9  4096  0.3457E-09
 1  4096  10  4096  0.2972E-09
 1  4096  10  4096  0.2709E-09
 1  4096  10  4096  0.2775E-09
 1  4096  10  4096  0.2695E-09
 1  4096  10  4096  0.2729E-09
 1  4096  10  4096  0.2826E-09
 1  4096  10  4096  0.2702E-09
 1  4096  10  4096  0.2720E-09
 1  4096  10  4096  0.2851E-09
 1  4096  10  4096  0.2682E-09
 1  4096  11  4096  0.2438E-09
 1  4096  11  4096  0.2314E-09
 1  4096  11  4096  0.2229E-09
 1  4096  11  4096  0.2283E-09
 1  4096  11  4096  0.2317E-09
 1  4096  11  4096  0.2211E-09
 1  4096  11  4096  0.2297E-09
 1  4096  11  4096  0.2256E-09
 1  4096  11  4096  0.2215E-09
 1  4096  11  4096  0.2328E-09
 1  4096  12  4096  0.2103E-09
 1  4096  12  4096  0.1878E-09
 1  4096  12  4096  0.1954E-09
 1  4096  12  4096  0.1907E-09
 1  4096  12  4096  0.1916E-09
 1  4096  12  4096  0.1958E-09
 1  4096  12  4096  0.1875E-09
 1  4096  12  4096  0.1962E-09
 1  4096  12  4096  0.1888E-09
 1  4096  12  4096  0.1902E-09
 1  4096  13  4096  0.1795E-09
 1  4096  13  4096  0.1696E-09
 1  4096  13  4096  0.1713E-09
 1  4096  13  4096  0.1689E-09
 1  4096  13  4096  0.1730E-09
 1  4096  13  4096  0.1677E-09
 1  4096  13  4096  0.1754E-09
 1  4096  13  4096  0.1650E-09
 1  4096  13  4096  0.1745E-09
 1  4096  13  4096  0.1669E-09
 1  4096  14  4096  0.1518E-09
 1  4096  14  4096  0.1495E-09
 1  4096  14  4096  0.1444E-09
 1  4096  14  4096  0.1485E-09
 1  4096  14  4096  0.1459E-09
 1  4096  14  4096  0.1482E-09
 1  4096  14  4096  0.1439E-09
 1  4096  14  4096  0.1480E-09
 1  4096  14  4096  0.1453E-09
 1  4096  14  4096  0.1483E-09
 1  4096  15  4096  0.1352E-09
 1  4096  15  4096  0.1311E-09
 1  4096  15  4096  0.1289E-09
 1  4096  15  4096  0.1306E-09
 1  4096  15  4096  0.1297E-09
 1  4096  15  4096  0.1299E-09
 1  4096  15  4096  0.1317E-09
 1  4096  15  4096  0.1297E-09
 1  4096  15  4096  0.1306E-09
 1  4096  15  4096  0.1286E-09
 1  4096  17  4096  0.1052E-09
 1  4096  17  4096  0.1032E-09
 1  4096  17  4096  0.1017E-09
 1  4096  17  4096  0.1038E-09
 1  4096  17  4096  0.1016E-09
 1  4096  17  4096  0.1031E-09
 1  4096  17  4096  0.1025E-09
 1  4096  17  4096  0.1007E-09
 1  4096  17  4096  0.1026E-09
 1  4096  17  4096  0.1009E-09
 1  4096  18  4096  0.9504E-10
 1  4096  18  4096  0.9216E-10
 1  4096  18  4096  0.8976E-10
 1  4096  18  4096  0.9254E-10
 1  4096  18  4096  0.9140E-10
 1  4096  18  4096  0.8892E-10
 1  4096  18  4096  0.9230E-10
 1  4096  18  4096  0.9232E-10
 1  4096  18  4096  0.8909E-10
 1  4096  18  4096  0.9182E-10
 1  4096  19  4096  0.8564E-10
 1  4096  19  4096  0.8362E-10
 1  4096  19  4096  0.8258E-10
 1  4096  19  4096  0.8246E-10
 1  4096  19  4096  0.8315E-10
 1  4096  19  4096  0.8298E-10
 1  4096  19  4096  0.8293E-10
 1  4096  19  4096  0.8290E-10
 1  4096  19  4096  0.8410E-10
 1  4096  19  4096  0.8234E-10
 1  4096  20  4096  0.7605E-10
 1  4096  20  4096  0.7307E-10
 1  4096  20  4096  0.7386E-10
 1  4096  20  4096  0.7437E-10
 1  4096  20  4096  0.7361E-10
 1  4096  20  4096  0.7366E-10
