 1  4096  3  4096  0.1776E-08
 1  4096  3  4096  0.1756E-08
 1  4096  3  4096  0.1762E-08
 1  4096  3  4096  0.1746E-08
 1  4096  3  4096  0.1773E-08
 1  4096  3  4096  0.1739E-08
 1  4096  3  4096  0.1786E-08
 1  4096  3  4096  0.1818E-08
 1  4096  3  4096  0.1849E-08
 1  4096  3  4096  0.1964E-08
 1  4096  4  4096  0.7739E-09
 1  4096  4  4096  0.7518E-09
 1  4096  4  4096  0.8172E-09
 1  4096  4  4096  0.8167E-09
 1  4096  4  4096  0.7667E-09
 1  4096  4  4096  0.7802E-09
 1  4096  4  4096  0.7718E-09
 1  4096  4  4096  0.7846E-09
 1  4096  4  4096  0.7853E-09
 1  4096  4  4096  0.7886E-09
 1  4096  5  4096  0.4226E-09
 1  4096  5  4096  0.4001E-09
 1  4096  5  4096  0.4042E-09
 1  4096  5  4096  0.4041E-09
 1  4096  5  4096  0.3954E-09
 1  4096  5  4096  0.3977E-09
 1  4096  5  4096  0.3960E-09
 1  4096  5  4096  0.3966E-09
 1  4096  5  4096  0.3946E-09
 1  4096  5  4096  0.4019E-09
 1  4096  6  4096  0.2380E-09
 1  4096  6  4096  0.2323E-09
 1  4096  6  4096  0.2394E-09
 1  4096  6  4096  0.2446E-09
 1  4096  6  4096  0.2297E-09
 1  4096  6  4096  0.2336E-09
 1  4096  6  4096  0.2325E-09
 1  4096  6  4096  0.2444E-09
 1  4096  6  4096  0.2414E-09
 1  4096  6  4096  0.2428E-09
 1  4096  7  4096  0.1650E-09
 1  4096  7  4096  0.1573E-09
 1  4096  7  4096  0.1535E-09
 1  4096  7  4096  0.1624E-09
 1  4096  7  4096  0.1512E-09
 1  4096  7  4096  0.1470E-09
 1  4096  7  4096  0.1514E-09
 1  4096  7  4096  0.1481E-09
 1  4096  7  4096  0.1509E-09
 1  4096  7  4096  0.1499E-09
 1  4096  8  4096  0.1076E-09
 1  4096  8  4096  0.1047E-09
 1  4096  8  4096  0.1106E-09
 1  4096  8  4096  0.1033E-09
 1  4096  8  4096  0.1001E-09
 1  4096  8  4096  0.1036E-09
 1  4096  8  4096  0.1073E-09
 1  4096  8  4096  0.1098E-09
 1  4096  8  4096  0.1106E-09
 1  4096  8  4096  0.1121E-09
 1  4096  9  4096  0.8432E-10
 1  4096  9  4096  0.8344E-10
 1  4096  9  4096  0.8309E-10
 1  4096  9  4096  0.8413E-10
 1  4096  9  4096  0.8464E-10
 1  4096  9  4096  0.8702E-10
 1  4096  9  4096  0.8669E-10
 1  4096  9  4096  0.8715E-10
 1  4096  9  4096  0.8636E-10
 1  4096  9  4096  0.8678E-10
 1  4096  10  4096  0.7285E-10
 1  4096  10  4096  0.7292E-10
 1  4096  10  4096  0.7337E-10
 1  4096  10  4096  0.7347E-10
 1  4096  10  4096  0.7039E-10
 1  4096  10  4096  0.6900E-10
 1  4096  10  4096  0.6852E-10
 1  4096  10  4096  0.6909E-10
 1  4096  10  4096  0.6822E-10
 1  4096  10  4096  0.7006E-10
 1  4096  11  4096  0.6302E-10
 1  4096  11  4096  0.6313E-10
 1  4096  11  4096  0.6476E-10
 1  4096  11  4096  0.6389E-10
 1  4096  11  4096  0.6185E-10
 1  4096  11  4096  0.6222E-10
 1  4096  11  4096  0.6172E-10
 1  4096  11  4096  0.5901E-10
 1  4096  11  4096  0.6076E-10
 1  4096  11  4096  0.6176E-10
 1  4096  12  4096  0.6015E-10
 1  4096  12  4096  0.6006E-10
 1  4096  12  4096  0.5741E-10
 1  4096  12  4096  0.5586E-10
 1  4096  12  4096  0.5629E-10
 1  4096  12  4096  0.5636E-10
 1  4096  12  4096  0.5729E-10
 1  4096  12  4096  0.5932E-10
 1  4096  12  4096  0.6030E-10
 1  4096  12  4096  0.5914E-10
 1  4096  13  4096  0.5680E-10
 1  4096  13  4096  0.5675E-10
 1  4096  13  4096  0.5544E-10
 1  4096  13  4096  0.5434E-10
 1  4096  13  4096  0.5405E-10
 1  4096  13  4096  0.5366E-10
 1  4096  13  4096  0.5617E-10
 1  4096  13  4096  0.5702E-10
 1  4096  13  4096  0.5658E-10
 1  4096  13  4096  0.5457E-10
 1  4096  14  4096  0.4995E-10
 1  4096  14  4096  0.4821E-10
 1  4096  14  4096  0.4801E-10
 1  4096  14  4096  0.4743E-10
 1  4096  14  4096  0.4779E-10
 1  4096  14  4096  0.4934E-10
 1  4096  14  4096  0.4906E-10
 1  4096  14  4096  0.4824E-10
 1  4096  14  4096  0.4689E-10
 1  4096  14  4096  0.4703E-10
 1  4096  15  4096  0.4594E-10
 1  4096  15  4096  0.4458E-10
 1  4096  15  4096  0.4573E-10
 1  4096  15  4096  0.4424E-10
 1  4096  15  4096  0.4397E-10
 1  4096  15  4096  0.4438E-10
 1  4096  15  4096  0.4490E-10
 1  4096  15  4096  0.4501E-10
 1  4096  15  4096  0.4482E-10
 1  4096  15  4096  0.4399E-10
 1  4096  16  4096  0.4045E-10
 1  4096  16  4096  0.3954E-10
 1  4096  16  4096  0.3934E-10
 1  4096  16  4096  0.3997E-10
 1  4096  16  4096  0.4023E-10
 1  4096  16  4096  0.3978E-10
 1  4096  16  4096  0.3944E-10
 1  4096  16  4096  0.3976E-10
 1  4096  16  4096  0.4018E-10
 1  4096  16  4096  0.4055E-10
 1  4096  17  4096  0.4054E-10
 1  4096  17  4096  0.4029E-10
 1  4096  17  4096  0.4200E-10
 1  4096  17  4096  0.4073E-10
 1  4096  17  4096  0.4004E-10
 1  4096  17  4096  0.3990E-10
 1  4096  17  4096  0.4139E-10
 1  4096  17  4096  0.4028E-10
 1  4096  17  4096  0.4032E-10
 1  4096  17  4096  0.4004E-10
 1  4096  18  4096  0.3807E-10
 1  4096  18  4096  0.3774E-10
 1  4096  18  4096  0.3637E-10
 1  4096  18  4096  0.3679E-10
 1  4096  18  4096  0.3793E-10
 1  4096  18  4096  0.3776E-10
 1  4096  18  4096  0.3647E-10
 1  4096  18  4096  0.3748E-10
 1  4096  18  4096  0.3842E-10
 1  4096  18  4096  0.3697E-10
 1  4096  19  4096  0.3621E-10
 1  4096  19  4096  0.3649E-10
 1  4096  19  4096  0.3653E-10
 1  4096  19  4096  0.3592E-10
 1  4096  19  4096  0.3646E-10
 1  4096  19  4096  0.3691E-10
 1  4096  19  4096  0.3595E-10
 1  4096  19  4096  0.3657E-10
 1  4096  19  4096  0.3633E-10
 1  4096  19  4096  0.3638E-10
 1  4096  20  4096  0.3363E-10
 1  4096  20  4096  0.3388E-10
 1  4096  20  4096  0.3366E-10
 1  4096  20  4096  0.3345E-10
 1  4096  20  4096  0.3384E-10
 1  4096  20  4096  0.3375E-10
 1  4096  20  4096  0.3349E-10
 1  4096  20  4096  0.3373E-10
 1  4096  20  4096  0.3338E-10
 1  4096  20  4096  0.3347E-10
