 1  1024  3  1024  0.9126E-08
 1  1024  3  1024  0.9169E-08
 1  1024  3  1024  0.9082E-08
 1  1024  3  1024  0.9235E-08
 1  1024  3  1024  0.9070E-08
 1  1024  3  1024  0.8961E-08
 1  1024  3  1024  0.9521E-08
 1  1024  3  1024  0.8934E-08
 1  1024  3  1024  0.9005E-08
 1  1024  3  1024  0.9017E-08
 1  1024  4  1024  0.3830E-08
 1  1024  4  1024  0.4108E-08
 1  1024  4  1024  0.4862E-08
 1  1024  4  1024  0.4191E-08
 1  1024  4  1024  0.4650E-08
 1  1024  4  1024  0.4499E-08
 1  1024  4  1024  0.3962E-08
 1  1024  4  1024  0.3846E-08
 1  1024  4  1024  0.3788E-08
 1  1024  4  1024  0.4370E-08
 1  1024  5  1024  0.2070E-08
 1  1024  5  1024  0.2052E-08
 1  1024  5  1024  0.2017E-08
 1  1024  5  1024  0.1965E-08
 1  1024  5  1024  0.1966E-08
 1  1024  5  1024  0.2137E-08
 1  1024  5  1024  0.2021E-08
 1  1024  5  1024  0.1944E-08
 1  1024  5  1024  0.1959E-08
 1  1024  5  1024  0.1976E-08
 1  1024  6  1024  0.1228E-08
 1  1024  6  1024  0.1231E-08
 1  1024  6  1024  0.1165E-08
 1  1024  6  1024  0.1154E-08
 1  1024  6  1024  0.1160E-08
 1  1024  6  1024  0.1161E-08
 1  1024  6  1024  0.1151E-08
 1  1024  6  1024  0.1161E-08
 1  1024  6  1024  0.1160E-08
 1  1024  6  1024  0.1187E-08
 1  1024  7  1024  0.8122E-09
 1  1024  7  1024  0.8190E-09
 1  1024  7  1024  0.8079E-09
 1  1024  7  1024  0.7976E-09
 1  1024  7  1024  0.8080E-09
 1  1024  7  1024  0.8107E-09
 1  1024  7  1024  0.8029E-09
 1  1024  7  1024  0.7969E-09
 1  1024  7  1024  0.8083E-09
 1  1024  7  1024  0.7948E-09
 1  1024  8  1024  0.5825E-09
 1  1024  8  1024  0.5712E-09
 1  1024  8  1024  0.5799E-09
 1  1024  8  1024  0.5746E-09
 1  1024  8  1024  0.5744E-09
 1  1024  8  1024  0.5819E-09
 1  1024  8  1024  0.5713E-09
 1  1024  8  1024  0.5687E-09
 1  1024  8  1024  0.5915E-09
 1  1024  8  1024  0.5716E-09
 1  1024  9  1024  0.4744E-09
 1  1024  9  1024  0.4742E-09
 1  1024  9  1024  0.4651E-09
 1  1024  9  1024  0.4680E-09
 1  1024  9  1024  0.4950E-09
 1  1024  9  1024  0.4660E-09
 1  1024  9  1024  0.4695E-09
 1  1024  9  1024  0.4694E-09
 1  1024  9  1024  0.4680E-09
 1  1024  9  1024  0.4692E-09
 1  1024  10  1024  0.3984E-09
 1  1024  10  1024  0.3944E-09
 1  1024  10  1024  0.3986E-09
 1  1024  10  1024  0.3951E-09
 1  1024  10  1024  0.3964E-09
 1  1024  10  1024  0.3920E-09
 1  1024  10  1024  0.3987E-09
 1  1024  10  1024  0.3969E-09
 1  1024  10  1024  0.3947E-09
 1  1024  10  1024  0.3915E-09
 1  1024  11  1024  0.3543E-09
 1  1024  11  1024  0.3413E-09
 1  1024  11  1024  0.3377E-09
 1  1024  11  1024  0.3343E-09
 1  1024  11  1024  0.3405E-09
 1  1024  11  1024  0.3450E-09
 1  1024  11  1024  0.3499E-09
 1  1024  11  1024  0.3475E-09
 1  1024  11  1024  0.3429E-09
 1  1024  11  1024  0.3368E-09
 1  1024  12  1024  0.3042E-09
 1  1024  12  1024  0.3066E-09
 1  1024  12  1024  0.3007E-09
 1  1024  12  1024  0.3028E-09
 1  1024  12  1024  0.3025E-09
 1  1024  12  1024  0.3045E-09
 1  1024  12  1024  0.3044E-09
 1  1024  12  1024  0.3042E-09
 1  1024  12  1024  0.3058E-09
 1  1024  12  1024  0.3012E-09
 1  1024  13  1024  0.2610E-09
 1  1024  13  1024  0.2623E-09
 1  1024  13  1024  0.2584E-09
 1  1024  13  1024  0.2560E-09
 1  1024  13  1024  0.2570E-09
 1  1024  13  1024  0.2641E-09
 1  1024  13  1024  0.2635E-09
 1  1024  13  1024  0.2621E-09
 1  1024  13  1024  0.2577E-09
 1  1024  13  1024  0.2579E-09
 1  1024  14  1024  0.2344E-09
 1  1024  14  1024  0.2364E-09
 1  1024  14  1024  0.2383E-09
 1  1024  14  1024  0.2332E-09
 1  1024  14  1024  0.2305E-09
 1  1024  14  1024  0.2309E-09
 1  1024  14  1024  0.2322E-09
 1  1024  14  1024  0.2374E-09
 1  1024  14  1024  0.2320E-09
 1  1024  14  1024  0.2330E-09
 1  1024  15  1024  0.2150E-09
 1  1024  15  1024  0.2085E-09
 1  1024  15  1024  0.2072E-09
 1  1024  15  1024  0.2091E-09
 1  1024  15  1024  0.2117E-09
 1  1024  15  1024  0.2115E-09
 1  1024  15  1024  0.2062E-09
 1  1024  15  1024  0.2093E-09
 1  1024  15  1024  0.2100E-09
 1  1024  15  1024  0.2153E-09
 1  1024  16  1024  0.1943E-09
 1  1024  16  1024  0.1945E-09
 1  1024  16  1024  0.1936E-09
 1  1024  16  1024  0.1940E-09
 1  1024  16  1024  0.1937E-09
 1  1024  16  1024  0.1923E-09
 1  1024  16  1024  0.1919E-09
 1  1024  16  1024  0.1937E-09
 1  1024  16  1024  0.1937E-09
 1  1024  16  1024  0.1936E-09
 1  1024  17  1024  0.1929E-09
 1  1024  17  1024  0.1925E-09
 1  1024  17  1024  0.1918E-09
 1  1024  17  1024  0.1931E-09
 1  1024  17  1024  0.1937E-09
 1  1024  17  1024  0.1932E-09
 1  1024  17  1024  0.1934E-09
 1  1024  17  1024  0.1943E-09
 1  1024  17  1024  0.1918E-09
 1  1024  17  1024  0.1940E-09
 1  1024  18  1024  0.1752E-09
 1  1024  18  1024  0.1764E-09
 1  1024  18  1024  0.1791E-09
 1  1024  18  1024  0.1747E-09
 1  1024  18  1024  0.1758E-09
 1  1024  18  1024  0.1780E-09
 1  1024  18  1024  0.1759E-09
 1  1024  18  1024  0.1754E-09
 1  1024  18  1024  0.1780E-09
 1  1024  18  1024  0.1754E-09
 1  1024  19  1024  0.1716E-09
 1  1024  19  1024  0.1708E-09
 1  1024  19  1024  0.1707E-09
 1  1024  19  1024  0.1701E-09
 1  1024  19  1024  0.1715E-09
 1  1024  19  1024  0.1699E-09
 1  1024  19  1024  0.1722E-09
 1  1024  19  1024  0.1716E-09
 1  1024  19  1024  0.1696E-09
 1  1024  19  1024  0.1709E-09
 1  1024  20  1024  0.1561E-09
 1  1024  20  1024  0.1557E-09
 1  1024  20  1024  0.1566E-09
 1  1024  20  1024  0.1579E-09
 1  1024  20  1024  0.1566E-09
 1  1024  20  1024  0.1561E-09
 1  1024  20  1024  0.1582E-09
 1  1024  20  1024  0.1567E-09
 1  1024  20  1024  0.1558E-09
 1  1024  20  1024  0.1570E-09
