 1  128  3  128  0.1085E-06
 1  128  3  128  0.5933E-07
 1  128  3  128  0.7060E-07
 1  128  3  128  0.5402E-07
 1  128  3  128  0.5448E-07
 1  128  3  128  0.5351E-07
 1  128  3  128  0.5179E-07
 1  128  3  128  0.5392E-07
 1  128  3  128  0.5459E-07
 1  128  3  128  0.5323E-07
 1  128  4  128  0.3979E-07
 1  128  4  128  0.2392E-07
 1  128  4  128  0.2494E-07
 1  128  4  128  0.2327E-07
 1  128  4  128  0.2372E-07
 1  128  4  128  0.2278E-07
 1  128  4  128  0.2661E-07
 1  128  4  128  0.2396E-07
 1  128  4  128  0.2588E-07
 1  128  4  128  0.2352E-07
 1  128  5  128  0.2906E-07
 1  128  5  128  0.1115E-07
 1  128  5  128  0.1131E-07
 1  128  5  128  0.1135E-07
 1  128  5  128  0.1125E-07
 1  128  5  128  0.1362E-07
 1  128  5  128  0.1073E-07
 1  128  5  128  0.1169E-07
 1  128  5  128  0.1108E-07
 1  128  5  128  0.1167E-07
 1  128  6  128  0.1783E-07
 1  128  6  128  0.7945E-08
 1  128  6  128  0.8261E-08
 1  128  6  128  0.7982E-08
 1  128  6  128  0.7681E-08
 1  128  6  128  0.7706E-08
 1  128  6  128  0.7727E-08
 1  128  6  128  0.7813E-08
 1  128  6  128  0.7655E-08
 1  128  6  128  0.7643E-08
 1  128  7  128  0.1274E-07
 1  128  7  128  0.5966E-08
 1  128  7  128  0.5733E-08
 1  128  7  128  0.5611E-08
 1  128  7  128  0.5573E-08
 1  128  7  128  0.5512E-08
 1  128  7  128  0.5754E-08
 1  128  7  128  0.5443E-08
 1  128  7  128  0.5823E-08
 1  128  7  128  0.5794E-08
 1  128  8  128  0.1857E-08
 1  128  8  128  0.1776E-08
 1  128  8  128  0.1780E-08
 1  128  8  128  0.1777E-08
 1  128  8  128  0.1795E-08
 1  128  8  128  0.1774E-08
 1  128  8  128  0.1778E-08
 1  128  8  128  0.1758E-08
 1  128  8  128  0.1775E-08
 1  128  8  128  0.1770E-08
 1  128  9  128  0.1693E-08
 1  128  9  128  0.1612E-08
 1  128  9  128  0.1590E-08
 1  128  9  128  0.1597E-08
 1  128  9  128  0.1608E-08
 1  128  9  128  0.1585E-08
 1  128  9  128  0.1590E-08
 1  128  9  128  0.1612E-08
 1  128  9  128  0.1586E-08
 1  128  9  128  0.1587E-08
 1  128  10  128  0.1532E-08
 1  128  10  128  0.1504E-08
 1  128  10  128  0.1484E-08
 1  128  10  128  0.1499E-08
 1  128  10  128  0.1485E-08
 1  128  10  128  0.1488E-08
 1  128  10  128  0.1493E-08
 1  128  10  128  0.1504E-08
 1  128  10  128  0.1509E-08
 1  128  10  128  0.1490E-08
 1  128  11  128  0.1497E-08
 1  128  11  128  0.1456E-08
 1  128  11  128  0.1467E-08
 1  128  11  128  0.1474E-08
 1  128  11  128  0.1455E-08
 1  128  11  128  0.1479E-08
 1  128  11  128  0.1456E-08
 1  128  11  128  0.1452E-08
 1  128  11  128  0.1449E-08
 1  128  11  128  0.1464E-08
 1  128  12  128  0.1349E-08
 1  128  12  128  0.1330E-08
 1  128  12  128  0.1337E-08
 1  128  12  128  0.1335E-08
 1  128  12  128  0.1342E-08
 1  128  12  128  0.1341E-08
 1  128  12  128  0.1338E-08
 1  128  12  128  0.1337E-08
 1  128  12  128  0.1328E-08
 1  128  12  128  0.1336E-08
 1  128  13  128  0.1271E-08
 1  128  13  128  0.1258E-08
 1  128  13  128  0.1254E-08
 1  128  13  128  0.1260E-08
 1  128  13  128  0.1257E-08
 1  128  13  128  0.1262E-08
 1  128  13  128  0.1262E-08
 1  128  13  128  0.1258E-08
 1  128  13  128  0.1260E-08
 1  128  13  128  0.1257E-08
 1  128  14  128  0.1159E-08
 1  128  14  128  0.1148E-08
 1  128  14  128  0.1155E-08
 1  128  14  128  0.1153E-08
 1  128  14  128  0.1158E-08
 1  128  14  128  0.1147E-08
 1  128  14  128  0.1156E-08
 1  128  14  128  0.1152E-08
 1  128  14  128  0.1146E-08
 1  128  14  128  0.1148E-08
 1  128  15  128  0.1131E-08
 1  128  15  128  0.1112E-08
 1  128  15  128  0.1113E-08
 1  128  15  128  0.1113E-08
 1  128  15  128  0.1116E-08
 1  128  15  128  0.1110E-08
 1  128  15  128  0.1109E-08
 1  128  15  128  0.1121E-08
 1  128  15  128  0.1110E-08
 1  128  15  128  0.1113E-08
 1  128  16  128  0.9700E-09
 1  128  16  128  0.9586E-09
 1  128  16  128  0.9526E-09
 1  128  16  128  0.9614E-09
 1  128  16  128  0.9579E-09
 1  128  16  128  0.9635E-09
 1  128  16  128  0.9550E-09
 1  128  16  128  0.9596E-09
 1  128  16  128  0.9548E-09
 1  128  16  128  0.9571E-09
 1  128  17  128  0.1012E-08
 1  128  17  128  0.1001E-08
 1  128  17  128  0.1003E-08
 1  128  17  128  0.1004E-08
 1  128  17  128  0.1004E-08
 1  128  17  128  0.1006E-08
 1  128  17  128  0.1003E-08
 1  128  17  128  0.1004E-08
 1  128  17  128  0.1002E-08
 1  128  17  128  0.1002E-08
 1  128  18  128  0.9698E-09
 1  128  18  128  0.9622E-09
 1  128  18  128  0.9581E-09
 1  128  18  128  0.9587E-09
 1  128  18  128  0.9620E-09
 1  128  18  128  0.9654E-09
 1  128  18  128  0.9590E-09
 1  128  18  128  0.9610E-09
 1  128  18  128  0.9583E-09
 1  128  18  128  0.9633E-09
 1  128  19  128  0.9837E-09
 1  128  19  128  0.9794E-09
 1  128  19  128  0.9792E-09
 1  128  19  128  0.9807E-09
 1  128  19  128  0.9777E-09
 1  128  19  128  0.9779E-09
 1  128  19  128  0.9782E-09
 1  128  19  128  0.9808E-09
 1  128  19  128  0.9780E-09
 1  128  19  128  0.9808E-09
 1  128  20  128  0.9483E-09
 1  128  20  128  0.9165E-09
 1  128  20  128  0.9169E-09
 1  128  20  128  0.9176E-09
 1  128  20  128  0.9184E-09
 1  128  20  128  0.9176E-09
 1  128  20  128  0.9164E-09
 1  128  20  128  0.9202E-09
 1  128  20  128  0.9155E-09
 1  128  20  128  0.9162E-09
