 1  128  3  128  0.5103E-07
 1  128  3  128  0.5116E-07
 1  128  3  128  0.5125E-07
 1  128  3  128  0.5127E-07
 1  128  3  128  0.5176E-07
 1  128  4  128  0.2221E-07
 1  128  4  128  0.2203E-07
 1  128  4  128  0.2202E-07
 1  128  4  128  0.2218E-07
 1  128  4  128  0.2215E-07
 1  128  5  128  0.1192E-07
 1  128  5  128  0.1199E-07
 1  128  5  128  0.1202E-07
 1  128  5  128  0.1197E-07
 1  128  5  128  0.1195E-07
 1  128  6  128  0.7138E-08
 1  128  6  128  0.7107E-08
 1  128  6  128  0.7115E-08
 1  128  6  128  0.7123E-08
 1  128  6  128  0.7190E-08
 1  128  7  128  0.4770E-08
 1  128  7  128  0.4759E-08
 1  128  7  128  0.4722E-08
 1  128  7  128  0.4740E-08
 1  128  7  128  0.4702E-08
 1  128  8  128  0.3436E-08
 1  128  8  128  0.3430E-08
 1  128  8  128  0.3428E-08
 1  128  8  128  0.3427E-08
 1  128  8  128  0.3419E-08
 1  128  9  128  0.2692E-08
 1  128  9  128  0.2699E-08
 1  128  9  128  0.2710E-08
 1  128  9  128  0.2701E-08
 1  128  9  128  0.2717E-08
 1  128  10  128  0.2336E-08
 1  128  10  128  0.2323E-08
 1  128  10  128  0.2326E-08
 1  128  10  128  0.2347E-08
 1  128  10  128  0.2346E-08
 1  128  11  128  0.2181E-08
 1  128  11  128  0.2191E-08
 1  128  11  128  0.2194E-08
 1  128  11  128  0.2185E-08
 1  128  11  128  0.2193E-08
 1  128  12  128  0.2152E-08
 1  128  12  128  0.2132E-08
 1  128  12  128  0.2137E-08
 1  128  12  128  0.2144E-08
 1  128  12  128  0.2172E-08
 1  128  13  128  0.2125E-08
 1  128  13  128  0.2115E-08
 1  128  13  128  0.2108E-08
 1  128  13  128  0.2100E-08
 1  128  13  128  0.2099E-08
 1  128  14  128  0.1995E-08
 1  128  14  128  0.1942E-08
 1  128  14  128  0.1947E-08
 1  128  14  128  0.1957E-08
 1  128  14  128  0.1959E-08
 1  128  15  128  0.1952E-08
 1  128  15  128  0.1953E-08
 1  128  15  128  0.1891E-08
 1  128  15  128  0.1953E-08
 1  128  15  128  0.1975E-08
 1  128  16  128  0.1739E-08
 1  128  16  128  0.1787E-08
 1  128  16  128  0.1804E-08
 1  128  16  128  0.1797E-08
 1  128  16  128  0.1784E-08
 1  128  17  128  0.1751E-08
 1  128  17  128  0.1759E-08
 1  128  17  128  0.1746E-08
 1  128  17  128  0.1771E-08
 1  128  17  128  0.1759E-08
 1  128  18  128  0.1679E-08
 1  128  18  128  0.1680E-08
 1  128  18  128  0.1655E-08
 1  128  18  128  0.1615E-08
 1  128  18  128  0.1661E-08
 1  128  19  128  0.1522E-08
 1  128  19  128  0.1517E-08
 1  128  19  128  0.1518E-08
 1  128  19  128  0.1517E-08
 1  128  19  128  0.1518E-08
 1  128  20  128  0.1481E-08
 1  128  20  128  0.1487E-08
 1  128  20  128  0.1477E-08
 1  128  20  128  0.1469E-08
 1  128  20  128  0.1474E-08
