 1  16  3  16  0.1676E-06
 1  16  3  16  0.1188E-06
 1  16  3  16  0.1382E-06
 1  16  3  16  0.1604E-06
 1  16  3  16  0.1420E-06
 1  16  3  16  0.1389E-06
 1  16  3  16  0.1150E-06
 1  16  3  16  0.1621E-06
 1  16  3  16  0.1411E-06
 1  16  3  16  0.1365E-06
 1  16  4  16  0.6907E-07
 1  16  4  16  0.2864E-07
 1  16  4  16  0.3679E-07
 1  16  4  16  0.3423E-07
 1  16  4  16  0.2794E-07
 1  16  4  16  0.3516E-07
 1  16  4  16  0.4036E-07
 1  16  4  16  0.4494E-07
 1  16  4  16  0.4362E-07
 1  16  4  16  0.4300E-07
 1  16  5  16  0.9914E-07
 1  16  5  16  0.2984E-07
 1  16  5  16  0.3147E-07
 1  16  5  16  0.2766E-07
 1  16  5  16  0.3131E-07
 1  16  5  16  0.2686E-07
 1  16  5  16  0.2730E-07
 1  16  5  16  0.2650E-07
 1  16  5  16  0.2666E-07
 1  16  5  16  0.2766E-07
 1  16  6  16  0.4831E-07
 1  16  6  16  0.1196E-07
 1  16  6  16  0.1283E-07
 1  16  6  16  0.1118E-07
 1  16  6  16  0.1120E-07
 1  16  6  16  0.1129E-07
 1  16  6  16  0.1205E-07
 1  16  6  16  0.1108E-07
 1  16  6  16  0.1138E-07
 1  16  6  16  0.1099E-07
 1  16  7  16  0.3759E-07
 1  16  7  16  0.1780E-07
 1  16  7  16  0.1713E-07
 1  16  7  16  0.1767E-07
 1  16  7  16  0.1635E-07
 1  16  7  16  0.1645E-07
 1  16  7  16  0.1580E-07
 1  16  7  16  0.1791E-07
 1  16  7  16  0.1694E-07
 1  16  7  16  0.1664E-07
 1  16  8  16  0.2665E-07
 1  16  8  16  0.1424E-07
 1  16  8  16  0.1335E-07
 1  16  8  16  0.1367E-07
 1  16  8  16  0.1456E-07
 1  16  8  16  0.1302E-07
 1  16  8  16  0.1322E-07
 1  16  8  16  0.1322E-07
 1  16  8  16  0.1311E-07
 1  16  8  16  0.1298E-07
 1  16  9  16  0.1955E-07
 1  16  9  16  0.1323E-07
 1  16  9  16  0.1300E-07
 1  16  9  16  0.1292E-07
 1  16  9  16  0.1292E-07
 1  16  9  16  0.1295E-07
 1  16  9  16  0.1315E-07
 1  16  9  16  0.1349E-07
 1  16  9  16  0.1266E-07
 1  16  9  16  0.1261E-07
 1  16  10  16  0.1911E-07
 1  16  10  16  0.1181E-07
 1  16  10  16  0.1162E-07
 1  16  10  16  0.1181E-07
 1  16  10  16  0.1196E-07
 1  16  10  16  0.1173E-07
 1  16  10  16  0.1177E-07
 1  16  10  16  0.1192E-07
 1  16  10  16  0.1169E-07
 1  16  10  16  0.1164E-07
 1  16  11  16  0.1889E-07
 1  16  11  16  0.1142E-07
 1  16  11  16  0.1208E-07
 1  16  11  16  0.1136E-07
 1  16  11  16  0.1124E-07
 1  16  11  16  0.1131E-07
 1  16  11  16  0.1156E-07
 1  16  11  16  0.1131E-07
 1  16  11  16  0.1161E-07
 1  16  11  16  0.1121E-07
 1  16  12  16  0.1395E-07
 1  16  12  16  0.1129E-07
 1  16  12  16  0.9368E-08
 1  16  12  16  0.9477E-08
 1  16  12  16  0.9477E-08
 1  16  12  16  0.9296E-08
 1  16  12  16  0.9236E-08
 1  16  12  16  0.9572E-08
 1  16  12  16  0.9345E-08
 1  16  12  16  0.9586E-08
 1  16  13  16  0.5150E-08
 1  16  13  16  0.5090E-08
 1  16  13  16  0.5096E-08
 1  16  13  16  0.5123E-08
 1  16  13  16  0.5109E-08
 1  16  13  16  0.5093E-08
 1  16  13  16  0.5161E-08
 1  16  13  16  0.5090E-08
 1  16  13  16  0.5136E-08
 1  16  13  16  0.5106E-08
 1  16  14  16  0.4869E-08
 1  16  14  16  0.4843E-08
 1  16  14  16  0.4825E-08
 1  16  14  16  0.4840E-08
 1  16  14  16  0.4804E-08
 1  16  14  16  0.4815E-08
 1  16  14  16  0.4858E-08
 1  16  14  16  0.4811E-08
 1  16  14  16  0.4822E-08
 1  16  14  16  0.4807E-08
 1  16  15  16  0.5125E-08
 1  16  15  16  0.5077E-08
 1  16  15  16  0.5080E-08
 1  16  15  16  0.5089E-08
 1  16  15  16  0.5080E-08
 1  16  15  16  0.5081E-08
 1  16  15  16  0.5106E-08
 1  16  15  16  0.5088E-08
 1  16  15  16  0.5086E-08
 1  16  15  16  0.5088E-08
 1  16  16  16  0.4733E-08
 1  16  16  16  0.4720E-08
 1  16  16  16  0.4714E-08
 1  16  16  16  0.4722E-08
 1  16  16  16  0.4738E-08
 1  16  16  16  0.4715E-08
 1  16  16  16  0.4744E-08
 1  16  16  16  0.4725E-08
 1  16  16  16  0.4718E-08
 1  16  16  16  0.4708E-08
 1  16  17  16  0.5609E-08
 1  16  17  16  0.5587E-08
 1  16  17  16  0.5593E-08
 1  16  17  16  0.5593E-08
 1  16  17  16  0.5583E-08
 1  16  17  16  0.5607E-08
 1  16  17  16  0.5623E-08
 1  16  17  16  0.5596E-08
 1  16  17  16  0.5594E-08
 1  16  17  16  0.5589E-08
 1  16  18  16  0.5502E-08
 1  16  18  16  0.5465E-08
 1  16  18  16  0.5465E-08
 1  16  18  16  0.5465E-08
 1  16  18  16  0.5456E-08
 1  16  18  16  0.5461E-08
 1  16  18  16  0.5486E-08
 1  16  18  16  0.5468E-08
 1  16  18  16  0.5463E-08
 1  16  18  16  0.5462E-08
 1  16  19  16  0.5764E-08
 1  16  19  16  0.5742E-08
 1  16  19  16  0.5743E-08
 1  16  19  16  0.5741E-08
 1  16  19  16  0.5739E-08
 1  16  19  16  0.5735E-08
 1  16  19  16  0.5760E-08
 1  16  19  16  0.5742E-08
 1  16  19  16  0.5734E-08
 1  16  19  16  0.5736E-08
 1  16  20  16  0.5554E-08
 1  16  20  16  0.5543E-08
 1  16  20  16  0.5533E-08
 1  16  20  16  0.5543E-08
 1  16  20  16  0.5541E-08
 1  16  20  16  0.5545E-08
 1  16  20  16  0.5553E-08
 1  16  20  16  0.5534E-08
 1  16  20  16  0.5548E-08
 1  16  20  16  0.5542E-08
