 1  256  3  256  0.4038E-07
 1  256  3  256  0.3910E-07
 1  256  3  256  0.4045E-07
 1  256  3  256  0.3880E-07
 1  256  3  256  0.3875E-07
 1  256  3  256  0.3871E-07
 1  256  3  256  0.3878E-07
 1  256  3  256  0.3884E-07
 1  256  3  256  0.3842E-07
 1  256  3  256  0.3885E-07
 1  256  4  256  0.1771E-07
 1  256  4  256  0.1676E-07
 1  256  4  256  0.1666E-07
 1  256  4  256  0.1649E-07
 1  256  4  256  0.1661E-07
 1  256  4  256  0.1654E-07
 1  256  4  256  0.1642E-07
 1  256  4  256  0.1641E-07
 1  256  4  256  0.1643E-07
 1  256  4  256  0.1677E-07
 1  256  5  256  0.9411E-08
 1  256  5  256  0.8868E-08
 1  256  5  256  0.8814E-08
 1  256  5  256  0.8899E-08
 1  256  5  256  0.8736E-08
 1  256  5  256  0.9734E-08
 1  256  5  256  0.8798E-08
 1  256  5  256  0.8736E-08
 1  256  5  256  0.8775E-08
 1  256  5  256  0.8768E-08
 1  256  6  256  0.5735E-08
 1  256  6  256  0.5440E-08
 1  256  6  256  0.5430E-08
 1  256  6  256  0.5369E-08
 1  256  6  256  0.5289E-08
 1  256  6  256  0.5360E-08
 1  256  6  256  0.5293E-08
 1  256  6  256  0.5301E-08
 1  256  6  256  0.5262E-08
 1  256  6  256  0.5347E-08
 1  256  7  256  0.3784E-08
 1  256  7  256  0.3618E-08
 1  256  7  256  0.3594E-08
 1  256  7  256  0.3561E-08
 1  256  7  256  0.3611E-08
 1  256  7  256  0.3599E-08
 1  256  7  256  0.3559E-08
 1  256  7  256  0.3557E-08
 1  256  7  256  0.3541E-08
 1  256  7  256  0.3568E-08
 1  256  8  256  0.2793E-08
 1  256  8  256  0.2621E-08
 1  256  8  256  0.2594E-08
 1  256  8  256  0.2599E-08
 1  256  8  256  0.2586E-08
 1  256  8  256  0.2582E-08
 1  256  8  256  0.2580E-08
 1  256  8  256  0.2616E-08
 1  256  8  256  0.2569E-08
 1  256  8  256  0.2589E-08
 1  256  9  256  0.2231E-08
 1  256  9  256  0.2085E-08
 1  256  9  256  0.2098E-08
 1  256  9  256  0.2073E-08
 1  256  9  256  0.2083E-08
 1  256  9  256  0.2068E-08
 1  256  9  256  0.2084E-08
 1  256  9  256  0.2075E-08
 1  256  9  256  0.2076E-08
 1  256  9  256  0.2067E-08
 1  256  10  256  0.1911E-08
 1  256  10  256  0.1812E-08
 1  256  10  256  0.1816E-08
 1  256  10  256  0.1810E-08
 1  256  10  256  0.1811E-08
 1  256  10  256  0.1828E-08
 1  256  10  256  0.1805E-08
 1  256  10  256  0.1810E-08
 1  256  10  256  0.1813E-08
 1  256  10  256  0.1816E-08
 1  256  11  256  0.1567E-08
 1  256  11  256  0.1495E-08
 1  256  11  256  0.1492E-08
 1  256  11  256  0.1488E-08
 1  256  11  256  0.1489E-08
 1  256  11  256  0.1502E-08
 1  256  11  256  0.1499E-08
 1  256  11  256  0.1488E-08
 1  256  11  256  0.1491E-08
 1  256  11  256  0.1495E-08
 1  256  12  256  0.1354E-08
 1  256  12  256  0.1290E-08
 1  256  12  256  0.1296E-08
 1  256  12  256  0.1289E-08
 1  256  12  256  0.1296E-08
 1  256  12  256  0.1296E-08
 1  256  12  256  0.1297E-08
 1  256  12  256  0.1293E-08
 1  256  12  256  0.1303E-08
 1  256  12  256  0.1299E-08
 1  256  13  256  0.1249E-08
 1  256  13  256  0.1206E-08
 1  256  13  256  0.1211E-08
 1  256  13  256  0.1234E-08
 1  256  13  256  0.1221E-08
 1  256  13  256  0.1212E-08
 1  256  13  256  0.1206E-08
 1  256  13  256  0.1213E-08
 1  256  13  256  0.1224E-08
 1  256  13  256  0.1222E-08
 1  256  14  256  0.1169E-08
 1  256  14  256  0.1147E-08
 1  256  14  256  0.1150E-08
 1  256  14  256  0.1141E-08
 1  256  14  256  0.1150E-08
 1  256  14  256  0.1149E-08
 1  256  14  256  0.1146E-08
 1  256  14  256  0.1147E-08
 1  256  14  256  0.1141E-08
 1  256  14  256  0.1149E-08
 1  256  15  256  0.1077E-08
 1  256  15  256  0.1054E-08
 1  256  15  256  0.1048E-08
 1  256  15  256  0.1044E-08
 1  256  15  256  0.1053E-08
 1  256  15  256  0.1047E-08
 1  256  15  256  0.1046E-08
 1  256  15  256  0.1045E-08
 1  256  15  256  0.1046E-08
 1  256  15  256  0.1051E-08
 1  256  16  256  0.9683E-09
 1  256  16  256  0.9618E-09
 1  256  16  256  0.9570E-09
 1  256  16  256  0.9586E-09
 1  256  16  256  0.9600E-09
 1  256  16  256  0.9619E-09
 1  256  16  256  0.9575E-09
 1  256  16  256  0.9549E-09
 1  256  16  256  0.9619E-09
 1  256  16  256  0.9565E-09
 1  256  17  256  0.9383E-09
 1  256  17  256  0.9388E-09
 1  256  17  256  0.9380E-09
 1  256  17  256  0.9352E-09
 1  256  17  256  0.9401E-09
 1  256  17  256  0.9364E-09
 1  256  17  256  0.9361E-09
 1  256  17  256  0.9349E-09
 1  256  17  256  0.9356E-09
 1  256  17  256  0.9380E-09
 1  256  18  256  0.8706E-09
 1  256  18  256  0.8680E-09
 1  256  18  256  0.8668E-09
 1  256  18  256  0.8657E-09
 1  256  18  256  0.8669E-09
 1  256  18  256  0.8680E-09
 1  256  18  256  0.8686E-09
 1  256  18  256  0.8671E-09
 1  256  18  256  0.8627E-09
 1  256  18  256  0.8689E-09
 1  256  19  256  0.8386E-09
 1  256  19  256  0.8333E-09
 1  256  19  256  0.8315E-09
 1  256  19  256  0.8352E-09
 1  256  19  256  0.8330E-09
 1  256  19  256  0.8326E-09
 1  256  19  256  0.8329E-09
 1  256  19  256  0.8354E-09
 1  256  19  256  0.8319E-09
 1  256  19  256  0.8328E-09
 1  256  20  256  0.7949E-09
 1  256  20  256  0.7893E-09
 1  256  20  256  0.7899E-09
 1  256  20  256  0.7885E-09
 1  256  20  256  0.7942E-09
 1  256  20  256  0.7909E-09
 1  256  20  256  0.7900E-09
 1  256  20  256  0.7909E-09
 1  256  20  256  0.7902E-09
 1  256  20  256  0.7915E-09
