 1  1024  3  1024  0.1729E-07
 1  1024  3  1024  0.1637E-07
 1  1024  3  1024  0.1633E-07
 1  1024  3  1024  0.1660E-07
 1  1024  3  1024  0.1638E-07
 1  1024  3  1024  0.1637E-07
 1  1024  3  1024  0.1618E-07
 1  1024  3  1024  0.1613E-07
 1  1024  3  1024  0.1628E-07
 1  1024  3  1024  0.1633E-07
 1  1024  4  1024  0.8123E-08
 1  1024  4  1024  0.7560E-08
 1  1024  4  1024  0.7504E-08
 1  1024  4  1024  0.7345E-08
 1  1024  4  1024  0.7318E-08
 1  1024  4  1024  0.7306E-08
 1  1024  4  1024  0.7494E-08
 1  1024  4  1024  0.7371E-08
 1  1024  4  1024  0.7771E-08
 1  1024  4  1024  0.6993E-08
 1  1024  5  1024  0.3877E-08
 1  1024  5  1024  0.3532E-08
 1  1024  5  1024  0.3492E-08
 1  1024  5  1024  0.3534E-08
 1  1024  5  1024  0.3580E-08
 1  1024  5  1024  0.3635E-08
 1  1024  5  1024  0.3607E-08
 1  1024  5  1024  0.3524E-08
 1  1024  5  1024  0.3523E-08
 1  1024  5  1024  0.3454E-08
 1  1024  6  1024  0.2330E-08
 1  1024  6  1024  0.2062E-08
 1  1024  6  1024  0.2048E-08
 1  1024  6  1024  0.2048E-08
 1  1024  6  1024  0.2074E-08
 1  1024  6  1024  0.2109E-08
 1  1024  6  1024  0.2143E-08
 1  1024  6  1024  0.2133E-08
 1  1024  6  1024  0.2042E-08
 1  1024  6  1024  0.2042E-08
 1  1024  7  1024  0.1504E-08
 1  1024  7  1024  0.1408E-08
 1  1024  7  1024  0.1402E-08
 1  1024  7  1024  0.1388E-08
 1  1024  7  1024  0.1398E-08
 1  1024  7  1024  0.1374E-08
 1  1024  7  1024  0.1436E-08
 1  1024  7  1024  0.1404E-08
 1  1024  7  1024  0.1382E-08
 1  1024  7  1024  0.1383E-08
 1  1024  8  1024  0.1080E-08
 1  1024  8  1024  0.9891E-09
 1  1024  8  1024  0.9870E-09
 1  1024  8  1024  0.9851E-09
 1  1024  8  1024  0.9817E-09
 1  1024  8  1024  0.9730E-09
 1  1024  8  1024  0.9773E-09
 1  1024  8  1024  0.9780E-09
 1  1024  8  1024  0.9747E-09
 1  1024  8  1024  0.9765E-09
 1  1024  9  1024  0.8072E-09
 1  1024  9  1024  0.7611E-09
 1  1024  9  1024  0.7626E-09
 1  1024  9  1024  0.7568E-09
 1  1024  9  1024  0.7607E-09
 1  1024  9  1024  0.7551E-09
 1  1024  9  1024  0.7623E-09
 1  1024  9  1024  0.7517E-09
 1  1024  9  1024  0.7610E-09
 1  1024  9  1024  0.7551E-09
 1  1024  10  1024  0.6555E-09
 1  1024  10  1024  0.6229E-09
 1  1024  10  1024  0.6194E-09
 1  1024  10  1024  0.6230E-09
 1  1024  10  1024  0.6217E-09
 1  1024  10  1024  0.6295E-09
 1  1024  10  1024  0.6228E-09
 1  1024  10  1024  0.6204E-09
 1  1024  10  1024  0.6216E-09
 1  1024  10  1024  0.6181E-09
 1  1024  11  1024  0.5536E-09
 1  1024  11  1024  0.5290E-09
 1  1024  11  1024  0.5389E-09
 1  1024  11  1024  0.5483E-09
 1  1024  11  1024  0.5345E-09
 1  1024  11  1024  0.5301E-09
 1  1024  11  1024  0.5311E-09
 1  1024  11  1024  0.5413E-09
 1  1024  11  1024  0.5399E-09
 1  1024  11  1024  0.5244E-09
 1  1024  12  1024  0.4980E-09
 1  1024  12  1024  0.4827E-09
 1  1024  12  1024  0.4797E-09
 1  1024  12  1024  0.4792E-09
 1  1024  12  1024  0.4750E-09
 1  1024  12  1024  0.4774E-09
 1  1024  12  1024  0.4832E-09
 1  1024  12  1024  0.4787E-09
 1  1024  12  1024  0.4763E-09
 1  1024  12  1024  0.4814E-09
 1  1024  13  1024  0.4268E-09
 1  1024  13  1024  0.4254E-09
 1  1024  13  1024  0.4245E-09
 1  1024  13  1024  0.4194E-09
 1  1024  13  1024  0.4173E-09
 1  1024  13  1024  0.4237E-09
 1  1024  13  1024  0.4235E-09
 1  1024  13  1024  0.4168E-09
 1  1024  13  1024  0.4244E-09
 1  1024  13  1024  0.4249E-09
 1  1024  14  1024  0.3970E-09
 1  1024  14  1024  0.3950E-09
 1  1024  14  1024  0.3926E-09
 1  1024  14  1024  0.3903E-09
 1  1024  14  1024  0.3947E-09
 1  1024  14  1024  0.3943E-09
 1  1024  14  1024  0.3863E-09
 1  1024  14  1024  0.3938E-09
 1  1024  14  1024  0.3936E-09
 1  1024  14  1024  0.3880E-09
 1  1024  15  1024  0.3532E-09
 1  1024  15  1024  0.3527E-09
 1  1024  15  1024  0.3435E-09
 1  1024  15  1024  0.3490E-09
 1  1024  15  1024  0.3466E-09
 1  1024  15  1024  0.3427E-09
 1  1024  15  1024  0.3528E-09
 1  1024  15  1024  0.3442E-09
 1  1024  15  1024  0.3456E-09
 1  1024  15  1024  0.3519E-09
 1  1024  17  1024  0.3133E-09
 1  1024  17  1024  0.3074E-09
 1  1024  17  1024  0.3065E-09
 1  1024  17  1024  0.3085E-09
 1  1024  17  1024  0.3069E-09
 1  1024  17  1024  0.3093E-09
 1  1024  17  1024  0.3070E-09
 1  1024  17  1024  0.3086E-09
 1  1024  17  1024  0.3068E-09
 1  1024  17  1024  0.3064E-09
 1  1024  18  1024  0.2808E-09
 1  1024  18  1024  0.2759E-09
 1  1024  18  1024  0.2813E-09
 1  1024  18  1024  0.2754E-09
 1  1024  18  1024  0.2797E-09
 1  1024  18  1024  0.2763E-09
 1  1024  18  1024  0.2788E-09
 1  1024  18  1024  0.2762E-09
 1  1024  18  1024  0.2809E-09
 1  1024  18  1024  0.2749E-09
 1  1024  19  1024  0.2632E-09
 1  1024  19  1024  0.2601E-09
 1  1024  19  1024  0.2613E-09
 1  1024  19  1024  0.2599E-09
 1  1024  19  1024  0.2624E-09
 1  1024  19  1024  0.2610E-09
 1  1024  19  1024  0.2610E-09
 1  1024  19  1024  0.2603E-09
 1  1024  19  1024  0.2617E-09
 1  1024  19  1024  0.2616E-09
 1  1024  20  1024  0.2433E-09
 1  1024  20  1024  0.2422E-09
 1  1024  20  1024  0.2419E-09
 1  1024  20  1024  0.2422E-09
 1  1024  20  1024  0.2432E-09
 1  1024  20  1024  0.2428E-09
 1  1024  20  1024  0.2417E-09
 1  1024  20  1024  0.2427E-09
 1  1024  20  1024  0.2427E-09
 1  1024  20  1024  0.2428E-09
