 1  2  3  2  0.3919E-07
 1  2  3  2  0.3191E-07
 1  2  3  2  0.3654E-07
 1  2  3  2  0.3180E-07
 1  2  3  2  0.3111E-07
 1  2  3  2  0.3111E-07
 1  2  3  2  0.3092E-07
 1  2  3  2  0.3069E-07
 1  2  3  2  0.3069E-07
 1  2  3  2  0.3204E-07
 1  2  4  2  0.4318E-07
 1  2  4  2  0.4531E-07
 1  2  4  2  0.4245E-07
 1  2  4  2  0.4164E-07
 1  2  4  2  0.4226E-07
 1  2  4  2  0.4102E-07
 1  2  4  2  0.4404E-07
 1  2  4  2  0.4167E-07
 1  2  4  2  0.4252E-07
 1  2  4  2  0.4068E-07
 1  2  5  2  0.5276E-07
 1  2  5  2  0.5157E-07
 1  2  5  2  0.5128E-07
 1  2  5  2  0.5179E-07
 1  2  5  2  0.5064E-07
 1  2  5  2  0.5065E-07
 1  2  5  2  0.5087E-07
 1  2  5  2  0.5057E-07
 1  2  5  2  0.5048E-07
 1  2  5  2  0.5028E-07
 1  2  6  2  0.6931E-07
 1  2  6  2  0.6833E-07
 1  2  6  2  0.6836E-07
 1  2  6  2  0.6756E-07
 1  2  6  2  0.6782E-07
 1  2  6  2  0.6775E-07
 1  2  6  2  0.6850E-07
 1  2  6  2  0.6765E-07
 1  2  6  2  0.6752E-07
 1  2  6  2  0.6768E-07
 1  2  8  2  0.4016E-07
 1  2  8  2  0.3965E-07
 1  2  8  2  0.3910E-07
 1  2  8  2  0.3902E-07
 1  2  8  2  0.3899E-07
 1  2  8  2  0.3894E-07
 1  2  8  2  0.3892E-07
 1  2  8  2  0.3882E-07
 1  2  8  2  0.3893E-07
 1  2  8  2  0.3888E-07
 1  2  9  2  0.3933E-07
 1  2  9  2  0.3898E-07
 1  2  9  2  0.3882E-07
 1  2  9  2  0.3884E-07
 1  2  9  2  0.3870E-07
 1  2  9  2  0.3863E-07
 1  2  9  2  0.3872E-07
 1  2  9  2  0.3881E-07
 1  2  9  2  0.3862E-07
 1  2  9  2  0.3880E-07
 1  2  10  2  0.3777E-07
 1  2  10  2  0.3653E-07
 1  2  10  2  0.3639E-07
 1  2  10  2  0.3643E-07
 1  2  10  2  0.3645E-07
 1  2  10  2  0.3629E-07
 1  2  10  2  0.3690E-07
 1  2  10  2  0.3633E-07
 1  2  10  2  0.3641E-07
 1  2  10  2  0.3636E-07
 1  2  11  2  0.3812E-07
 1  2  11  2  0.3723E-07
 1  2  11  2  0.3708E-07
 1  2  11  2  0.3720E-07
 1  2  11  2  0.3706E-07
 1  2  11  2  0.3730E-07
 1  2  11  2  0.3674E-07
 1  2  11  2  0.3679E-07
 1  2  11  2  0.3680E-07
 1  2  11  2  0.3680E-07
 1  2  12  2  0.3587E-07
 1  2  12  2  0.3491E-07
 1  2  12  2  0.3454E-07
 1  2  12  2  0.3455E-07
 1  2  12  2  0.3459E-07
 1  2  12  2  0.3415E-07
 1  2  12  2  0.3425E-07
 1  2  12  2  0.3408E-07
 1  2  12  2  0.3411E-07
 1  2  12  2  0.3413E-07
 1  2  13  2  0.3991E-07
 1  2  13  2  0.3925E-07
 1  2  13  2  0.3918E-07
 1  2  13  2  0.3922E-07
 1  2  13  2  0.3924E-07
 1  2  13  2  0.3910E-07
 1  2  13  2  0.3914E-07
 1  2  13  2  0.3928E-07
 1  2  13  2  0.3915E-07
 1  2  13  2  0.3912E-07
 1  2  14  2  0.4335E-07
 1  2  14  2  0.4294E-07
 1  2  14  2  0.4296E-07
 1  2  14  2  0.4293E-07
 1  2  14  2  0.4297E-07
 1  2  14  2  0.4271E-07
 1  2  14  2  0.4273E-07
 1  2  14  2  0.4285E-07
 1  2  14  2  0.4271E-07
 1  2  14  2  0.4283E-07
 1  2  15  2  0.4594E-07
 1  2  15  2  0.4546E-07
 1  2  15  2  0.4531E-07
 1  2  15  2  0.4541E-07
 1  2  15  2  0.4529E-07
 1  2  15  2  0.4533E-07
 1  2  15  2  0.4533E-07
 1  2  15  2  0.4535E-07
 1  2  15  2  0.4535E-07
 1  2  15  2  0.4531E-07
 1  2  16  2  0.4538E-07
 1  2  16  2  0.4513E-07
 1  2  16  2  0.4517E-07
 1  2  16  2  0.4521E-07
 1  2  16  2  0.4508E-07
 1  2  16  2  0.4501E-07
 1  2  16  2  0.4514E-07
 1  2  16  2  0.4497E-07
 1  2  16  2  0.4502E-07
 1  2  16  2  0.4502E-07
 1  2  17  2  0.5176E-07
 1  2  17  2  0.5160E-07
 1  2  17  2  0.5163E-07
 1  2  17  2  0.5156E-07
 1  2  17  2  0.5166E-07
 1  2  17  2  0.5165E-07
 1  2  17  2  0.5160E-07
 1  2  17  2  0.5164E-07
 1  2  17  2  0.5166E-07
 1  2  17  2  0.5156E-07
 1  2  18  2  0.5018E-07
 1  2  18  2  0.4991E-07
 1  2  18  2  0.4995E-07
 1  2  18  2  0.4998E-07
 1  2  18  2  0.4988E-07
 1  2  18  2  0.4996E-07
 1  2  18  2  0.4992E-07
 1  2  18  2  0.4988E-07
 1  2  18  2  0.4993E-07
 1  2  18  2  0.4995E-07
 1  2  19  2  0.5254E-07
 1  2  19  2  0.5254E-07
 1  2  19  2  0.5247E-07
 1  2  19  2  0.5242E-07
 1  2  19  2  0.5231E-07
 1  2  19  2  0.5233E-07
 1  2  19  2  0.5238E-07
 1  2  19  2  0.5236E-07
 1  2  19  2  0.5232E-07
 1  2  19  2  0.5231E-07
 1  2  20  2  0.5255E-07
 1  2  20  2  0.5244E-07
 1  2  20  2  0.5252E-07
 1  2  20  2  0.5247E-07
 1  2  20  2  0.5252E-07
 1  2  20  2  0.5245E-07
 1  2  20  2  0.5251E-07
 1  2  20  2  0.5244E-07
 1  2  20  2  0.5246E-07
 1  2  20  2  0.5246E-07
