 1  8  3  8  0.3624E-06
 1  8  3  8  0.1773E-06
 1  8  3  8  0.1715E-06
 1  8  3  8  0.1512E-06
 1  8  3  8  0.1667E-06
 1  8  3  8  0.1589E-06
 1  8  3  8  0.1542E-06
 1  8  3  8  0.1527E-06
 1  8  3  8  0.1560E-06
 1  8  3  8  0.2035E-06
 1  8  4  8  0.1673E-06
 1  8  4  8  0.8397E-07
 1  8  4  8  0.8785E-07
 1  8  4  8  0.7497E-07
 1  8  4  8  0.6643E-07
 1  8  4  8  0.7218E-07
 1  8  4  8  0.7357E-07
 1  8  4  8  0.5541E-07
 1  8  4  8  0.7745E-07
 1  8  4  8  0.7031E-07
 1  8  5  8  0.1090E-06
 1  8  5  8  0.5635E-07
 1  8  5  8  0.6596E-07
 1  8  5  8  0.5031E-07
 1  8  5  8  0.7733E-07
 1  8  5  8  0.5468E-07
 1  8  5  8  0.6294E-07
 1  8  5  8  0.5134E-07
 1  8  5  8  0.5333E-07
 1  8  5  8  0.5070E-07
 1  8  6  8  0.1028E-06
 1  8  6  8  0.3702E-07
 1  8  6  8  0.4029E-07
 1  8  6  8  0.3551E-07
 1  8  6  8  0.3955E-07
 1  8  6  8  0.3302E-07
 1  8  6  8  0.3877E-07
 1  8  6  8  0.3859E-07
 1  8  6  8  0.3224E-07
 1  8  6  8  0.3702E-07
 1  8  7  8  0.3461E-07
 1  8  7  8  0.3012E-07
 1  8  7  8  0.2769E-07
 1  8  7  8  0.2696E-07
 1  8  7  8  0.2612E-07
 1  8  7  8  0.2526E-07
 1  8  7  8  0.2685E-07
 1  8  7  8  0.2624E-07
 1  8  7  8  0.2696E-07
 1  8  7  8  0.2601E-07
 1  8  9  8  0.2845E-07
 1  8  9  8  0.1469E-07
 1  8  9  8  0.1457E-07
 1  8  9  8  0.1367E-07
 1  8  9  8  0.1423E-07
 1  8  9  8  0.1440E-07
 1  8  9  8  0.1469E-07
 1  8  9  8  0.1349E-07
 1  8  9  8  0.1320E-07
 1  8  9  8  0.1389E-07
 1  8  10  8  0.2934E-07
 1  8  10  8  0.2379E-07
 1  8  10  8  0.2746E-07
 1  8  10  8  0.2358E-07
 1  8  10  8  0.2313E-07
 1  8  10  8  0.2330E-07
 1  8  10  8  0.2322E-07
 1  8  10  8  0.2321E-07
 1  8  10  8  0.2204E-07
 1  8  10  8  0.2220E-07
 1  8  11  8  0.1962E-07
 1  8  11  8  0.1634E-07
 1  8  11  8  0.1499E-07
 1  8  11  8  0.1493E-07
 1  8  11  8  0.1508E-07
 1  8  11  8  0.1493E-07
 1  8  11  8  0.1490E-07
 1  8  11  8  0.1496E-07
 1  8  11  8  0.1418E-07
 1  8  11  8  0.1559E-07
 1  8  12  8  0.2001E-07
 1  8  12  8  0.1705E-07
 1  8  12  8  0.1702E-07
 1  8  12  8  0.1702E-07
 1  8  12  8  0.1734E-07
 1  8  12  8  0.1695E-07
 1  8  12  8  0.1760E-07
 1  8  12  8  0.1712E-07
 1  8  12  8  0.1811E-07
 1  8  12  8  0.1724E-07
 1  8  13  8  0.2024E-07
 1  8  13  8  0.1608E-07
 1  8  13  8  0.1620E-07
 1  8  13  8  0.1693E-07
 1  8  13  8  0.1616E-07
 1  8  13  8  0.1618E-07
 1  8  13  8  0.1597E-07
 1  8  13  8  0.1610E-07
 1  8  13  8  0.1608E-07
 1  8  13  8  0.1589E-07
 1  8  14  8  0.7476E-08
 1  8  14  8  0.7375E-08
 1  8  14  8  0.7382E-08
 1  8  14  8  0.7391E-08
 1  8  14  8  0.7378E-08
 1  8  14  8  0.7404E-08
 1  8  14  8  0.7394E-08
 1  8  14  8  0.7361E-08
 1  8  14  8  0.7373E-08
 1  8  14  8  0.7391E-08
 1  8  15  8  0.8298E-08
 1  8  15  8  0.8240E-08
 1  8  15  8  0.8239E-08
 1  8  15  8  0.8244E-08
 1  8  15  8  0.8234E-08
 1  8  15  8  0.8218E-08
 1  8  15  8  0.8221E-08
 1  8  15  8  0.8221E-08
 1  8  15  8  0.8226E-08
 1  8  15  8  0.8220E-08
 1  8  16  8  0.8086E-08
 1  8  16  8  0.8070E-08
 1  8  16  8  0.8071E-08
 1  8  16  8  0.8048E-08
 1  8  16  8  0.8056E-08
 1  8  16  8  0.8067E-08
 1  8  16  8  0.8081E-08
 1  8  16  8  0.8072E-08
 1  8  16  8  0.8066E-08
 1  8  16  8  0.8061E-08
 1  8  17  8  0.1009E-07
 1  8  17  8  0.1004E-07
 1  8  17  8  0.1003E-07
 1  8  17  8  0.1005E-07
 1  8  17  8  0.1003E-07
 1  8  17  8  0.1003E-07
 1  8  17  8  0.1006E-07
 1  8  17  8  0.1043E-07
 1  8  17  8  0.1526E-07
 1  8  17  8  0.1586E-07
 1  8  18  8  0.9900E-08
 1  8  18  8  0.9864E-08
 1  8  18  8  0.9864E-08
 1  8  18  8  0.9863E-08
 1  8  18  8  0.9866E-08
 1  8  18  8  0.9852E-08
 1  8  18  8  0.9864E-08
 1  8  18  8  0.9845E-08
 1  8  18  8  0.1000E-07
 1  8  18  8  0.1648E-07
 1  8  19  8  0.1060E-07
 1  8  19  8  0.1055E-07
 1  8  19  8  0.1055E-07
 1  8  19  8  0.1054E-07
 1  8  19  8  0.1053E-07
 1  8  19  8  0.1055E-07
 1  8  19  8  0.1054E-07
 1  8  19  8  0.1054E-07
 1  8  19  8  0.1054E-07
 1  8  19  8  0.1054E-07
 1  8  20  8  0.1030E-07
 1  8  20  8  0.1029E-07
 1  8  20  8  0.1027E-07
 1  8  20  8  0.1027E-07
 1  8  20  8  0.1028E-07
 1  8  20  8  0.1027E-07
 1  8  20  8  0.1029E-07
 1  8  20  8  0.1028E-07
 1  8  20  8  0.1028E-07
 1  8  20  8  0.1028E-07
