 1  2048  3  2048  0.4712E-08
 1  2048  3  2048  0.4244E-08
 1  2048  3  2048  0.4212E-08
 1  2048  3  2048  0.4191E-08
 1  2048  3  2048  0.4466E-08
 1  2048  3  2048  0.4220E-08
 1  2048  3  2048  0.4182E-08
 1  2048  3  2048  0.4237E-08
 1  2048  3  2048  0.4254E-08
 1  2048  3  2048  0.4512E-08
 1  2048  4  2048  0.1967E-08
 1  2048  4  2048  0.1835E-08
 1  2048  4  2048  0.1854E-08
 1  2048  4  2048  0.1858E-08
 1  2048  4  2048  0.1878E-08
 1  2048  4  2048  0.1888E-08
 1  2048  4  2048  0.1850E-08
 1  2048  4  2048  0.1824E-08
 1  2048  4  2048  0.1869E-08
 1  2048  4  2048  0.1809E-08
 1  2048  5  2048  0.1191E-08
 1  2048  5  2048  0.1069E-08
 1  2048  5  2048  0.1032E-08
 1  2048  5  2048  0.1026E-08
 1  2048  5  2048  0.1031E-08
 1  2048  5  2048  0.1033E-08
 1  2048  5  2048  0.1061E-08
 1  2048  5  2048  0.1061E-08
 1  2048  5  2048  0.1043E-08
 1  2048  5  2048  0.1068E-08
 1  2048  6  2048  0.7251E-09
 1  2048  6  2048  0.6347E-09
 1  2048  6  2048  0.6306E-09
 1  2048  6  2048  0.6245E-09
 1  2048  6  2048  0.6490E-09
 1  2048  6  2048  0.6406E-09
 1  2048  6  2048  0.6374E-09
 1  2048  6  2048  0.6427E-09
 1  2048  6  2048  0.6375E-09
 1  2048  6  2048  0.6510E-09
 1  2048  7  2048  0.4882E-09
 1  2048  7  2048  0.4477E-09
 1  2048  7  2048  0.4442E-09
 1  2048  7  2048  0.4371E-09
 1  2048  7  2048  0.4446E-09
 1  2048  7  2048  0.4340E-09
 1  2048  7  2048  0.4306E-09
 1  2048  7  2048  0.4349E-09
 1  2048  7  2048  0.4338E-09
 1  2048  7  2048  0.4339E-09
 1  2048  8  2048  0.3637E-09
 1  2048  8  2048  0.3268E-09
 1  2048  8  2048  0.3240E-09
 1  2048  8  2048  0.3186E-09
 1  2048  8  2048  0.3224E-09
 1  2048  8  2048  0.3157E-09
 1  2048  8  2048  0.3202E-09
 1  2048  8  2048  0.3181E-09
 1  2048  8  2048  0.3208E-09
 1  2048  8  2048  0.3148E-09
 1  2048  9  2048  0.2729E-09
 1  2048  9  2048  0.2571E-09
 1  2048  9  2048  0.2628E-09
 1  2048  9  2048  0.2648E-09
 1  2048  9  2048  0.2568E-09
 1  2048  9  2048  0.2533E-09
 1  2048  9  2048  0.2597E-09
 1  2048  9  2048  0.2473E-09
 1  2048  9  2048  0.2505E-09
 1  2048  9  2048  0.2553E-09
 1  2048  10  2048  0.2259E-09
 1  2048  10  2048  0.2121E-09
 1  2048  10  2048  0.2129E-09
 1  2048  10  2048  0.2175E-09
 1  2048  10  2048  0.2188E-09
 1  2048  10  2048  0.2243E-09
 1  2048  10  2048  0.2130E-09
 1  2048  10  2048  0.2122E-09
 1  2048  10  2048  0.2138E-09
 1  2048  10  2048  0.2097E-09
 1  2048  11  2048  0.1940E-09
 1  2048  11  2048  0.1892E-09
 1  2048  11  2048  0.1896E-09
 1  2048  11  2048  0.1910E-09
 1  2048  11  2048  0.1846E-09
 1  2048  11  2048  0.1846E-09
 1  2048  11  2048  0.1847E-09
 1  2048  11  2048  0.1867E-09
 1  2048  11  2048  0.1902E-09
 1  2048  11  2048  0.1904E-09
 1  2048  12  2048  0.1716E-09
 1  2048  12  2048  0.1617E-09
 1  2048  12  2048  0.1583E-09
 1  2048  12  2048  0.1554E-09
 1  2048  12  2048  0.1581E-09
 1  2048  12  2048  0.1606E-09
 1  2048  12  2048  0.1626E-09
 1  2048  12  2048  0.1602E-09
 1  2048  12  2048  0.1574E-09
 1  2048  12  2048  0.1575E-09
 1  2048  13  2048  0.1414E-09
 1  2048  13  2048  0.1405E-09
 1  2048  13  2048  0.1417E-09
 1  2048  13  2048  0.1394E-09
 1  2048  13  2048  0.1361E-09
 1  2048  13  2048  0.1361E-09
 1  2048  13  2048  0.1394E-09
 1  2048  13  2048  0.1425E-09
 1  2048  13  2048  0.1404E-09
 1  2048  13  2048  0.1363E-09
 1  2048  14  2048  0.1247E-09
 1  2048  14  2048  0.1234E-09
 1  2048  14  2048  0.1205E-09
 1  2048  14  2048  0.1197E-09
 1  2048  14  2048  0.1231E-09
 1  2048  14  2048  0.1227E-09
 1  2048  14  2048  0.1227E-09
 1  2048  14  2048  0.1219E-09
 1  2048  14  2048  0.1209E-09
 1  2048  14  2048  0.1225E-09
 1  2048  15  2048  0.1154E-09
 1  2048  15  2048  0.1158E-09
 1  2048  15  2048  0.1177E-09
 1  2048  15  2048  0.1154E-09
 1  2048  15  2048  0.1139E-09
 1  2048  15  2048  0.1148E-09
 1  2048  15  2048  0.1161E-09
 1  2048  15  2048  0.1155E-09
 1  2048  15  2048  0.1139E-09
 1  2048  15  2048  0.1154E-09
 1  2048  16  2048  0.9924E-10
 1  2048  16  2048  0.9873E-10
 1  2048  16  2048  0.9836E-10
 1  2048  16  2048  0.9823E-10
 1  2048  16  2048  0.9664E-10
 1  2048  16  2048  0.9837E-10
 1  2048  16  2048  0.9845E-10
 1  2048  16  2048  0.9846E-10
 1  2048  16  2048  0.9740E-10
 1  2048  16  2048  0.9914E-10
 1  2048  17  2048  0.9852E-10
 1  2048  17  2048  0.9901E-10
 1  2048  17  2048  0.9702E-10
 1  2048  17  2048  0.9770E-10
 1  2048  17  2048  0.9662E-10
 1  2048  17  2048  0.9916E-10
 1  2048  17  2048  0.9640E-10
 1  2048  17  2048  0.9671E-10
 1  2048  17  2048  0.9909E-10
 1  2048  17  2048  0.9661E-10
 1  2048  18  2048  0.9079E-10
 1  2048  18  2048  0.8940E-10
 1  2048  18  2048  0.8882E-10
 1  2048  18  2048  0.8915E-10
 1  2048  18  2048  0.8968E-10
 1  2048  18  2048  0.8957E-10
 1  2048  18  2048  0.8944E-10
 1  2048  18  2048  0.8949E-10
 1  2048  18  2048  0.8949E-10
 1  2048  18  2048  0.8903E-10
 1  2048  19  2048  0.8875E-10
 1  2048  19  2048  0.8710E-10
 1  2048  19  2048  0.8795E-10
 1  2048  19  2048  0.8670E-10
 1  2048  19  2048  0.8656E-10
 1  2048  19  2048  0.8730E-10
 1  2048  19  2048  0.8679E-10
 1  2048  19  2048  0.8815E-10
 1  2048  19  2048  0.8642E-10
 1  2048  19  2048  0.8678E-10
 1  2048  20  2048  0.8434E-10
 1  2048  20  2048  0.8284E-10
 1  2048  20  2048  0.8275E-10
 1  2048  20  2048  0.8332E-10
 1  2048  20  2048  0.8256E-10
 1  2048  20  2048  0.8291E-10
 1  2048  20  2048  0.8324E-10
 1  2048  20  2048  0.8211E-10
 1  2048  20  2048  0.8316E-10
 1  2048  20  2048  0.8254E-10
