 1  2  3  2  0.2944E-06
 1  2  3  2  0.2925E-06
 1  2  3  2  0.2921E-06
 1  2  3  2  0.2955E-06
 1  2  3  2  0.2923E-06
 1  2  4  2  0.2322E-06
 1  2  4  2  0.2335E-06
 1  2  4  2  0.2319E-06
 1  2  4  2  0.2323E-06
 1  2  4  2  0.2310E-06
 1  2  5  2  0.1488E-06
 1  2  5  2  0.1480E-06
 1  2  5  2  0.1480E-06
 1  2  5  2  0.1482E-06
 1  2  5  2  0.1481E-06
 1  2  6  2  0.9349E-07
 1  2  6  2  0.9260E-07
 1  2  6  2  0.9242E-07
 1  2  6  2  0.9365E-07
 1  2  6  2  0.9232E-07
 1  2  7  2  0.6654E-07
 1  2  7  2  0.6641E-07
 1  2  7  2  0.6653E-07
 1  2  7  2  0.6653E-07
 1  2  7  2  0.6677E-07
 1  2  8  2  0.5443E-07
 1  2  8  2  0.5444E-07
 1  2  8  2  0.5416E-07
 1  2  8  2  0.5398E-07
 1  2  8  2  0.5433E-07
 1  2  9  2  0.4629E-07
 1  2  9  2  0.4626E-07
 1  2  9  2  0.4627E-07
 1  2  9  2  0.4627E-07
 1  2  9  2  0.4623E-07
 1  2  10  2  0.4411E-07
 1  2  10  2  0.4421E-07
 1  2  10  2  0.4405E-07
 1  2  10  2  0.4412E-07
 1  2  10  2  0.4425E-07
 1  2  11  2  0.4425E-07
 1  2  11  2  0.4427E-07
 1  2  11  2  0.4448E-07
 1  2  11  2  0.4451E-07
 1  2  11  2  0.4486E-07
 1  2  12  2  0.4529E-07
 1  2  12  2  0.4535E-07
 1  2  12  2  0.4529E-07
 1  2  12  2  0.4530E-07
 1  2  12  2  0.4532E-07
 1  2  13  2  0.5244E-07
 1  2  13  2  0.5248E-07
 1  2  13  2  0.5253E-07
 1  2  13  2  0.5241E-07
 1  2  13  2  0.5244E-07
 1  2  14  2  0.5134E-07
 1  2  14  2  0.5146E-07
 1  2  14  2  0.5123E-07
 1  2  14  2  0.5124E-07
 1  2  14  2  0.5119E-07
 1  2  15  2  0.5363E-07
 1  2  15  2  0.5361E-07
 1  2  15  2  0.5376E-07
 1  2  15  2  0.5358E-07
 1  2  15  2  0.5372E-07
 1  2  16  2  0.5181E-07
 1  2  16  2  0.5186E-07
 1  2  16  2  0.5182E-07
 1  2  16  2  0.5188E-07
 1  2  16  2  0.5188E-07
 1  2  17  2  0.5698E-07
 1  2  17  2  0.5694E-07
 1  2  17  2  0.5701E-07
 1  2  17  2  0.5698E-07
 1  2  17  2  0.5698E-07
 1  2  18  2  0.5525E-07
 1  2  18  2  0.5521E-07
 1  2  18  2  0.5517E-07
 1  2  18  2  0.5524E-07
 1  2  18  2  0.5521E-07
 1  2  19  2  0.5535E-07
 1  2  19  2  0.5533E-07
 1  2  19  2  0.5532E-07
 1  2  19  2  0.5538E-07
 1  2  19  2  0.5536E-07
 1  2  20  2  0.5373E-07
 1  2  20  2  0.5382E-07
 1  2  20  2  0.5385E-07
 1  2  20  2  0.5376E-07
 1  2  20  2  0.5376E-07
