 1  2048  3  2048  0.1361E-07
 1  2048  3  2048  0.1250E-07
 1  2048  3  2048  0.1280E-07
 1  2048  3  2048  0.1260E-07
 1  2048  3  2048  0.1246E-07
 1  2048  3  2048  0.1235E-07
 1  2048  3  2048  0.1262E-07
 1  2048  3  2048  0.1268E-07
 1  2048  3  2048  0.1261E-07
 1  2048  3  2048  0.1247E-07
 1  2048  4  2048  0.5931E-08
 1  2048  4  2048  0.5348E-08
 1  2048  4  2048  0.5233E-08
 1  2048  4  2048  0.5157E-08
 1  2048  4  2048  0.5221E-08
 1  2048  4  2048  0.5308E-08
 1  2048  4  2048  0.5484E-08
 1  2048  4  2048  0.5358E-08
 1  2048  4  2048  0.5351E-08
 1  2048  4  2048  0.5481E-08
 1  2048  5  2048  0.3081E-08
 1  2048  5  2048  0.2759E-08
 1  2048  5  2048  0.2651E-08
 1  2048  5  2048  0.2748E-08
 1  2048  5  2048  0.2779E-08
 1  2048  5  2048  0.2724E-08
 1  2048  5  2048  0.2678E-08
 1  2048  5  2048  0.2694E-08
 1  2048  5  2048  0.2792E-08
 1  2048  5  2048  0.2765E-08
 1  2048  7  2048  0.1171E-08
 1  2048  7  2048  0.1049E-08
 1  2048  7  2048  0.1050E-08
 1  2048  7  2048  0.1043E-08
 1  2048  7  2048  0.1069E-08
 1  2048  7  2048  0.1048E-08
 1  2048  7  2048  0.1040E-08
 1  2048  7  2048  0.1033E-08
 1  2048  7  2048  0.1029E-08
 1  2048  7  2048  0.1075E-08
 1  2048  8  2048  0.8303E-09
 1  2048  8  2048  0.7923E-09
 1  2048  8  2048  0.8107E-09
 1  2048  8  2048  0.8054E-09
 1  2048  8  2048  0.7922E-09
 1  2048  8  2048  0.7843E-09
 1  2048  8  2048  0.7791E-09
 1  2048  8  2048  0.7931E-09
 1  2048  8  2048  0.7924E-09
 1  2048  8  2048  0.7779E-09
 1  2048  9  2048  0.6504E-09
 1  2048  9  2048  0.5944E-09
 1  2048  9  2048  0.5784E-09
 1  2048  9  2048  0.5728E-09
 1  2048  9  2048  0.5957E-09
 1  2048  9  2048  0.5906E-09
 1  2048  9  2048  0.5795E-09
 1  2048  9  2048  0.5818E-09
 1  2048  9  2048  0.5984E-09
 1  2048  9  2048  0.5864E-09
 1  2048  10  2048  0.5153E-09
 1  2048  10  2048  0.4615E-09
 1  2048  10  2048  0.4553E-09
 1  2048  10  2048  0.4652E-09
 1  2048  10  2048  0.4687E-09
 1  2048  10  2048  0.4569E-09
 1  2048  10  2048  0.4588E-09
 1  2048  10  2048  0.4741E-09
 1  2048  10  2048  0.4622E-09
 1  2048  10  2048  0.4571E-09
 1  2048  11  2048  0.4152E-09
 1  2048  11  2048  0.3877E-09
 1  2048  11  2048  0.3940E-09
 1  2048  11  2048  0.3850E-09
 1  2048  11  2048  0.3806E-09
 1  2048  11  2048  0.3928E-09
 1  2048  11  2048  0.3890E-09
 1  2048  11  2048  0.3834E-09
 1  2048  11  2048  0.3967E-09
 1  2048  11  2048  0.3883E-09
 1  2048  12  2048  0.3402E-09
 1  2048  12  2048  0.3369E-09
 1  2048  12  2048  0.3246E-09
 1  2048  12  2048  0.3261E-09
 1  2048  12  2048  0.3383E-09
 1  2048  12  2048  0.3271E-09
 1  2048  12  2048  0.3281E-09
 1  2048  12  2048  0.3395E-09
 1  2048  12  2048  0.3205E-09
 1  2048  12  2048  0.3269E-09
 1  2048  13  2048  0.3002E-09
 1  2048  13  2048  0.2918E-09
 1  2048  13  2048  0.2894E-09
 1  2048  13  2048  0.2872E-09
 1  2048  13  2048  0.2974E-09
 1  2048  13  2048  0.2840E-09
 1  2048  13  2048  0.2942E-09
 1  2048  13  2048  0.2902E-09
 1  2048  13  2048  0.2843E-09
 1  2048  13  2048  0.2943E-09
 1  2048  14  2048  0.2701E-09
 1  2048  14  2048  0.2564E-09
 1  2048  14  2048  0.2613E-09
 1  2048  14  2048  0.2531E-09
 1  2048  14  2048  0.2781E-09
 1  2048  14  2048  0.2551E-09
 1  2048  14  2048  0.2601E-09
 1  2048  14  2048  0.2587E-09
 1  2048  14  2048  0.2583E-09
 1  2048  14  2048  0.2593E-09
 1  2048  15  2048  0.2439E-09
 1  2048  15  2048  0.2259E-09
 1  2048  15  2048  0.2308E-09
 1  2048  15  2048  0.2274E-09
 1  2048  15  2048  0.2299E-09
 1  2048  15  2048  0.2279E-09
 1  2048  15  2048  0.2330E-09
 1  2048  15  2048  0.2285E-09
 1  2048  15  2048  0.2301E-09
 1  2048  15  2048  0.2274E-09
 1  2048  16  2048  0.2038E-09
 1  2048  16  2048  0.1959E-09
 1  2048  16  2048  0.1997E-09
 1  2048  16  2048  0.1985E-09
 1  2048  16  2048  0.2008E-09
 1  2048  16  2048  0.1971E-09
 1  2048  16  2048  0.1984E-09
 1  2048  16  2048  0.1963E-09
 1  2048  16  2048  0.1991E-09
 1  2048  16  2048  0.1956E-09
 1  2048  17  2048  0.1870E-09
 1  2048  17  2048  0.1806E-09
 1  2048  17  2048  0.1834E-09
 1  2048  17  2048  0.1811E-09
 1  2048  17  2048  0.1849E-09
 1  2048  17  2048  0.1822E-09
 1  2048  17  2048  0.1816E-09
 1  2048  17  2048  0.1839E-09
 1  2048  17  2048  0.1812E-09
 1  2048  17  2048  0.1856E-09
 1  2048  18  2048  0.1698E-09
 1  2048  18  2048  0.1648E-09
 1  2048  18  2048  0.1646E-09
 1  2048  18  2048  0.1643E-09
 1  2048  18  2048  0.1652E-09
 1  2048  18  2048  0.1642E-09
 1  2048  18  2048  0.1654E-09
 1  2048  18  2048  0.1655E-09
 1  2048  18  2048  0.1661E-09
 1  2048  18  2048  0.1657E-09
 1  2048  19  2048  0.1538E-09
 1  2048  19  2048  0.1490E-09
 1  2048  19  2048  0.1504E-09
 1  2048  19  2048  0.1502E-09
 1  2048  19  2048  0.1504E-09
 1  2048  19  2048  0.1504E-09
 1  2048  19  2048  0.1504E-09
 1  2048  19  2048  0.1502E-09
 1  2048  19  2048  0.1508E-09
 1  2048  19  2048  0.1494E-09
 1  2048  20  2048  0.1371E-09
 1  2048  20  2048  0.1336E-09
 1  2048  20  2048  0.1332E-09
 1  2048  20  2048  0.1321E-09
 1  2048  20  2048  0.1332E-09
 1  2048  20  2048  0.1336E-09
 1  2048  20  2048  0.1335E-09
 1  2048  20  2048  0.1337E-09
 1  2048  20  2048  0.1337E-09
 1  2048  20  2048  0.1330E-09
