 1  2  3  2  0.4886E-06
 1  2  3  2  0.3341E-06
 1  2  3  2  0.2031E-06
 1  2  3  2  0.2105E-06
 1  2  3  2  0.2031E-06
 1  2  3  2  0.3635E-06
 1  2  3  2  0.4445E-06
 1  2  3  2  0.3768E-06
 1  2  3  2  0.3885E-06
 1  2  3  2  0.3709E-06
 1  2  4  2  0.3800E-06
 1  2  4  2  0.2477E-06
 1  2  4  2  0.1720E-06
 1  2  4  2  0.2217E-06
 1  2  4  2  0.2080E-06
 1  2  4  2  0.2241E-06
 1  2  4  2  0.1589E-06
 1  2  4  2  0.2080E-06
 1  2  4  2  0.1614E-06
 1  2  4  2  0.2055E-06
 1  2  5  2  0.2254E-06
 1  2  5  2  0.1624E-06
 1  2  5  2  0.1494E-06
 1  2  5  2  0.1322E-06
 1  2  5  2  0.1399E-06
 1  2  5  2  0.1415E-06
 1  2  5  2  0.1386E-06
 1  2  5  2  0.1265E-06
 1  2  5  2  0.1586E-06
 1  2  5  2  0.1678E-06
 1  2  6  2  0.1065E-06
 1  2  6  2  0.9419E-07
 1  2  6  2  0.6108E-07
 1  2  6  2  0.8168E-07
 1  2  6  2  0.8334E-07
 1  2  6  2  0.8186E-07
 1  2  6  2  0.1336E-06
 1  2  6  2  0.9879E-07
 1  2  6  2  0.8113E-07
 1  2  6  2  0.9566E-07
 1  2  8  2  0.9856E-07
 1  2  8  2  0.8397E-07
 1  2  8  2  0.8141E-07
 1  2  8  2  0.8071E-07
 1  2  8  2  0.7940E-07
 1  2  8  2  0.8917E-07
 1  2  8  2  0.8529E-07
 1  2  8  2  0.8071E-07
 1  2  8  2  0.7846E-07
 1  2  8  2  0.7846E-07
 1  2  9  2  0.9621E-07
 1  2  9  2  0.8618E-07
 1  2  9  2  0.8345E-07
 1  2  9  2  0.8988E-07
 1  2  9  2  0.8045E-07
 1  2  9  2  0.7980E-07
 1  2  9  2  0.7953E-07
 1  2  9  2  0.7778E-07
 1  2  9  2  0.7866E-07
 1  2  9  2  0.7980E-07
 1  2  10  2  0.9120E-07
 1  2  10  2  0.8202E-07
 1  2  10  2  0.7951E-07
 1  2  10  2  0.8448E-07
 1  2  10  2  0.7983E-07
 1  2  10  2  0.8170E-07
 1  2  10  2  0.7947E-07
 1  2  10  2  0.7749E-07
 1  2  10  2  0.8333E-07
 1  2  10  2  0.7900E-07
 1  2  11  2  0.8491E-07
 1  2  11  2  0.7123E-07
 1  2  11  2  0.7111E-07
 1  2  11  2  0.7338E-07
 1  2  11  2  0.7616E-07
 1  2  11  2  0.7135E-07
 1  2  11  2  0.7138E-07
 1  2  11  2  0.7326E-07
 1  2  11  2  0.7977E-07
 1  2  11  2  0.7511E-07
 1  2  12  2  0.6975E-07
 1  2  12  2  0.6365E-07
 1  2  12  2  0.6269E-07
 1  2  12  2  0.6335E-07
 1  2  12  2  0.6259E-07
 1  2  12  2  0.6577E-07
 1  2  12  2  0.6289E-07
 1  2  12  2  0.6271E-07
 1  2  12  2  0.6269E-07
 1  2  12  2  0.6250E-07
 1  2  13  2  0.6949E-07
 1  2  13  2  0.6312E-07
 1  2  13  2  0.6327E-07
 1  2  13  2  0.6699E-07
 1  2  13  2  0.6486E-07
 1  2  13  2  0.6296E-07
 1  2  13  2  0.6303E-07
 1  2  13  2  0.6614E-07
 1  2  13  2  0.6327E-07
 1  2  13  2  0.6365E-07
 1  2  14  2  0.6165E-07
 1  2  14  2  0.5837E-07
 1  2  14  2  0.6050E-07
 1  2  14  2  0.5666E-07
 1  2  14  2  0.5733E-07
 1  2  14  2  0.5697E-07
 1  2  14  2  0.5910E-07
 1  2  14  2  0.5769E-07
 1  2  14  2  0.5716E-07
 1  2  14  2  0.5874E-07
 1  2  15  2  0.6184E-07
 1  2  15  2  0.5694E-07
 1  2  15  2  0.5669E-07
 1  2  15  2  0.5896E-07
 1  2  15  2  0.5698E-07
 1  2  15  2  0.5719E-07
 1  2  15  2  0.5876E-07
 1  2  15  2  0.5754E-07
 1  2  15  2  0.5669E-07
 1  2  15  2  0.5892E-07
 1  2  16  2  0.6152E-07
 1  2  16  2  0.5505E-07
 1  2  16  2  0.5444E-07
 1  2  16  2  0.5546E-07
 1  2  16  2  0.5762E-07
 1  2  16  2  0.5639E-07
 1  2  16  2  0.5505E-07
 1  2  16  2  0.5489E-07
 1  2  16  2  0.5639E-07
 1  2  16  2  0.5469E-07
 1  2  17  2  0.6326E-07
 1  2  17  2  0.6225E-07
 1  2  17  2  0.6096E-07
 1  2  17  2  0.5961E-07
 1  2  17  2  0.6102E-07
 1  2  17  2  0.5947E-07
 1  2  17  2  0.6120E-07
 1  2  17  2  0.5947E-07
 1  2  17  2  0.6204E-07
 1  2  17  2  0.5974E-07
 1  2  18  2  0.6556E-07
 1  2  18  2  0.6039E-07
 1  2  18  2  0.6064E-07
 1  2  18  2  0.6130E-07
 1  2  18  2  0.5913E-07
 1  2  18  2  0.6121E-07
 1  2  18  2  0.5936E-07
 1  2  18  2  0.6127E-07
 1  2  18  2  0.5927E-07
 1  2  18  2  0.6108E-07
 1  2  19  2  0.6794E-07
 1  2  19  2  0.6497E-07
 1  2  19  2  0.6473E-07
 1  2  19  2  0.6369E-07
 1  2  19  2  0.6461E-07
 1  2  19  2  0.6459E-07
 1  2  19  2  0.6342E-07
 1  2  19  2  0.6481E-07
 1  2  19  2  0.6490E-07
 1  2  19  2  0.6451E-07
 1  2  20  2  0.6558E-07
 1  2  20  2  0.6394E-07
 1  2  20  2  0.6433E-07
 1  2  20  2  0.6381E-07
 1  2  20  2  0.6402E-07
 1  2  20  2  0.6412E-07
 1  2  20  2  0.6371E-07
 1  2  20  2  0.6402E-07
 1  2  20  2  0.6414E-07
 1  2  20  2  0.6321E-07
