 1  4  3  4  0.4533E-06
 1  4  3  4  0.2495E-06
 1  4  3  4  0.1700E-06
 1  4  3  4  0.2715E-06
 1  4  3  4  0.2443E-06
 1  4  3  4  0.1634E-06
 1  4  3  4  0.2252E-06
 1  4  3  4  0.2222E-06
 1  4  3  4  0.1604E-06
 1  4  3  4  0.2377E-06
 1  4  4  4  0.2760E-06
 1  4  4  4  0.2747E-06
 1  4  4  4  0.1773E-06
 1  4  4  4  0.1496E-06
 1  4  4  4  0.1496E-06
 1  4  4  4  0.1534E-06
 1  4  4  4  0.1015E-06
 1  4  4  4  0.1444E-06
 1  4  4  4  0.1378E-06
 1  4  4  4  0.1369E-06
 1  4  5  4  0.1359E-06
 1  4  5  4  0.1019E-06
 1  4  5  4  0.1006E-06
 1  4  5  4  0.9012E-07
 1  4  5  4  0.9727E-07
 1  4  5  4  0.9346E-07
 1  4  5  4  0.1079E-06
 1  4  5  4  0.1221E-06
 1  4  5  4  0.9060E-07
 1  4  5  4  0.8933E-07
 1  4  6  4  0.1050E-06
 1  4  6  4  0.6522E-07
 1  4  6  4  0.6246E-07
 1  4  6  4  0.6218E-07
 1  4  6  4  0.6135E-07
 1  4  6  4  0.6485E-07
 1  4  6  4  0.6052E-07
 1  4  6  4  0.7984E-07
 1  4  6  4  0.7754E-07
 1  4  6  4  0.7405E-07
 1  4  7  4  0.5439E-07
 1  4  7  4  0.2746E-07
 1  4  7  4  0.3203E-07
 1  4  7  4  0.3788E-07
 1  4  7  4  0.4953E-07
 1  4  7  4  0.2624E-07
 1  4  7  4  0.3232E-07
 1  4  7  4  0.2427E-07
 1  4  7  4  0.3887E-07
 1  4  7  4  0.2329E-07
 1  4  8  4  0.5208E-07
 1  4  8  4  0.4754E-07
 1  4  8  4  0.4688E-07
 1  4  8  4  0.4719E-07
 1  4  8  4  0.4882E-07
 1  4  8  4  0.4719E-07
 1  4  8  4  0.4575E-07
 1  4  8  4  0.4525E-07
 1  4  8  4  0.4560E-07
 1  4  8  4  0.4459E-07
 1  4  9  4  0.5396E-07
 1  4  9  4  0.4423E-07
 1  4  9  4  0.4241E-07
 1  4  9  4  0.4091E-07
 1  4  9  4  0.4001E-07
 1  4  9  4  0.4720E-07
 1  4  9  4  0.4069E-07
 1  4  9  4  0.3987E-07
 1  4  9  4  0.4183E-07
 1  4  9  4  0.3908E-07
 1  4  10  4  0.3850E-07
 1  4  10  4  0.3242E-07
 1  4  10  4  0.3817E-07
 1  4  10  4  0.3117E-07
 1  4  10  4  0.3068E-07
 1  4  10  4  0.3068E-07
 1  4  10  4  0.3034E-07
 1  4  10  4  0.2992E-07
 1  4  10  4  0.3091E-07
 1  4  10  4  0.2976E-07
 1  4  11  4  0.4639E-07
 1  4  11  4  0.3944E-07
 1  4  11  4  0.3950E-07
 1  4  11  4  0.3881E-07
 1  4  11  4  0.3963E-07
 1  4  11  4  0.4051E-07
 1  4  11  4  0.3945E-07
 1  4  11  4  0.3812E-07
 1  4  11  4  0.3806E-07
 1  4  11  4  0.3795E-07
 1  4  12  4  0.1313E-07
 1  4  12  4  0.1307E-07
 1  4  12  4  0.1301E-07
 1  4  12  4  0.1308E-07
 1  4  12  4  0.1304E-07
 1  4  12  4  0.1307E-07
 1  4  12  4  0.1310E-07
 1  4  12  4  0.1313E-07
 1  4  12  4  0.1303E-07
 1  4  12  4  0.1310E-07
 1  4  13  4  0.1456E-07
 1  4  13  4  0.1452E-07
 1  4  13  4  0.1450E-07
 1  4  13  4  0.1450E-07
 1  4  13  4  0.1453E-07
 1  4  13  4  0.1448E-07
 1  4  13  4  0.1452E-07
 1  4  13  4  0.1449E-07
 1  4  13  4  0.1457E-07
 1  4  13  4  0.1460E-07
 1  4  14  4  0.1444E-07
 1  4  14  4  0.1427E-07
 1  4  14  4  0.1434E-07
 1  4  14  4  0.1429E-07
 1  4  14  4  0.1429E-07
 1  4  14  4  0.1433E-07
 1  4  14  4  0.1433E-07
 1  4  14  4  0.1427E-07
 1  4  14  4  0.1430E-07
 1  4  14  4  0.1430E-07
 1  4  16  4  0.1585E-07
 1  4  16  4  0.1578E-07
 1  4  16  4  0.1584E-07
 1  4  16  4  0.1577E-07
 1  4  16  4  0.1580E-07
 1  4  16  4  0.1579E-07
 1  4  16  4  0.1583E-07
 1  4  16  4  0.1576E-07
 1  4  16  4  0.1583E-07
 1  4  16  4  0.1579E-07
 1  4  17  4  0.1973E-07
 1  4  17  4  0.1968E-07
 1  4  17  4  0.1972E-07
 1  4  17  4  0.1967E-07
 1  4  17  4  0.1968E-07
 1  4  17  4  0.1968E-07
 1  4  17  4  0.1970E-07
 1  4  17  4  0.1969E-07
 1  4  17  4  0.1968E-07
 1  4  17  4  0.1967E-07
 1  4  18  4  0.1950E-07
 1  4  18  4  0.1943E-07
 1  4  18  4  0.1944E-07
 1  4  18  4  0.1943E-07
 1  4  18  4  0.1943E-07
 1  4  18  4  0.1946E-07
 1  4  18  4  0.1945E-07
 1  4  18  4  0.1945E-07
 1  4  18  4  0.1944E-07
 1  4  18  4  0.1941E-07
 1  4  19  4  0.2081E-07
 1  4  19  4  0.2080E-07
 1  4  19  4  0.2080E-07
 1  4  19  4  0.2078E-07
 1  4  19  4  0.2078E-07
 1  4  19  4  0.2077E-07
 1  4  19  4  0.2077E-07
 1  4  19  4  0.2080E-07
 1  4  19  4  0.2077E-07
 1  4  19  4  0.2077E-07
 1  4  20  4  0.2032E-07
 1  4  20  4  0.2028E-07
 1  4  20  4  0.2029E-07
 1  4  20  4  0.2029E-07
 1  4  20  4  0.2027E-07
 1  4  20  4  0.2028E-07
 1  4  20  4  0.2027E-07
 1  4  20  4  0.2030E-07
 1  4  20  4  0.2030E-07
 1  4  20  4  0.2029E-07
