 1  8192  3  8192  0.5579E-08
 1  8192  3  8192  0.4447E-08
 1  8192  3  8192  0.4257E-08
 1  8192  3  8192  0.4592E-08
 1  8192  3  8192  0.4551E-08
 1  8192  3  8192  0.4164E-08
 1  8192  3  8192  0.4272E-08
 1  8192  3  8192  0.4804E-08
 1  8192  3  8192  0.4357E-08
 1  8192  3  8192  0.4276E-08
 1  8192  4  8192  0.2165E-08
 1  8192  4  8192  0.1802E-08
 1  8192  4  8192  0.1997E-08
 1  8192  4  8192  0.1877E-08
 1  8192  4  8192  0.1750E-08
 1  8192  4  8192  0.1905E-08
 1  8192  4  8192  0.1902E-08
 1  8192  4  8192  0.1782E-08
 1  8192  4  8192  0.1801E-08
 1  8192  4  8192  0.1985E-08
 1  8192  5  8192  0.1223E-08
 1  8192  5  8192  0.9585E-09
 1  8192  5  8192  0.9002E-09
 1  8192  5  8192  0.9996E-09
 1  8192  5  8192  0.1018E-08
 1  8192  5  8192  0.9298E-09
 1  8192  5  8192  0.9940E-09
 1  8192  5  8192  0.1035E-08
 1  8192  5  8192  0.9376E-09
 1  8192  5  8192  0.9626E-09
 1  8192  6  8192  0.7129E-09
 1  8192  6  8192  0.5918E-09
 1  8192  6  8192  0.5416E-09
 1  8192  6  8192  0.5775E-09
 1  8192  6  8192  0.5997E-09
 1  8192  6  8192  0.5506E-09
 1  8192  6  8192  0.5548E-09
 1  8192  6  8192  0.6013E-09
 1  8192  6  8192  0.5558E-09
 1  8192  6  8192  0.5385E-09
 1  8192  8  8192  0.3202E-09
 1  8192  8  8192  0.2758E-09
 1  8192  8  8192  0.2573E-09
 1  8192  8  8192  0.2820E-09
 1  8192  8  8192  0.2699E-09
 1  8192  8  8192  0.2541E-09
 1  8192  8  8192  0.2806E-09
 1  8192  8  8192  0.2717E-09
 1  8192  8  8192  0.2536E-09
 1  8192  8  8192  0.2843E-09
 1  8192  9  8192  0.2347E-09
 1  8192  9  8192  0.2160E-09
 1  8192  9  8192  0.1993E-09
 1  8192  9  8192  0.2038E-09
 1  8192  9  8192  0.2100E-09
 1  8192  9  8192  0.1956E-09
 1  8192  9  8192  0.2132E-09
 1  8192  9  8192  0.2089E-09
 1  8192  9  8192  0.1983E-09
 1  8192  9  8192  0.2140E-09
 1  8192  10  8192  0.1845E-09
 1  8192  10  8192  0.1673E-09
 1  8192  10  8192  0.1597E-09
 1  8192  10  8192  0.1687E-09
 1  8192  10  8192  0.1618E-09
 1  8192  10  8192  0.1632E-09
 1  8192  10  8192  0.1699E-09
 1  8192  10  8192  0.1572E-09
 1  8192  10  8192  0.1671E-09
 1  8192  10  8192  0.1596E-09
 1  8192  11  8192  0.1483E-09
 1  8192  11  8192  0.1333E-09
 1  8192  11  8192  0.1381E-09
 1  8192  11  8192  0.1346E-09
 1  8192  11  8192  0.1357E-09
 1  8192  11  8192  0.1355E-09
 1  8192  11  8192  0.1346E-09
 1  8192  11  8192  0.1360E-09
 1  8192  11  8192  0.1332E-09
 1  8192  11  8192  0.1378E-09
 1  8192  12  8192  0.1175E-09
 1  8192  12  8192  0.1096E-09
 1  8192  12  8192  0.1108E-09
 1  8192  12  8192  0.1100E-09
 1  8192  12  8192  0.1120E-09
 1  8192  12  8192  0.1101E-09
 1  8192  12  8192  0.1114E-09
 1  8192  12  8192  0.1130E-09
 1  8192  12  8192  0.1131E-09
 1  8192  12  8192  0.1113E-09
 1  8192  13  8192  0.1021E-09
 1  8192  13  8192  0.9757E-10
 1  8192  13  8192  0.9622E-10
 1  8192  13  8192  0.9729E-10
 1  8192  13  8192  0.9766E-10
 1  8192  13  8192  0.9889E-10
 1  8192  13  8192  0.9564E-10
 1  8192  13  8192  0.9791E-10
 1  8192  13  8192  0.9750E-10
 1  8192  13  8192  0.9876E-10
