 1  8192  3  8192  0.3884E-08
 1  8192  3  8192  0.3586E-08
 1  8192  3  8192  0.3491E-08
 1  8192  3  8192  0.3223E-08
 1  8192  3  8192  0.3246E-08
 1  8192  3  8192  0.3472E-08
 1  8192  3  8192  0.3568E-08
 1  8192  3  8192  0.3293E-08
 1  8192  3  8192  0.3169E-08
 1  8192  3  8192  0.3320E-08
 1  8192  4  8192  0.1605E-08
 1  8192  4  8192  0.1383E-08
 1  8192  4  8192  0.1537E-08
 1  8192  4  8192  0.1480E-08
 1  8192  4  8192  0.1394E-08
 1  8192  4  8192  0.1358E-08
 1  8192  4  8192  0.1443E-08
 1  8192  4  8192  0.1523E-08
 1  8192  4  8192  0.1422E-08
 1  8192  4  8192  0.1332E-08
 1  8192  5  8192  0.9009E-09
 1  8192  5  8192  0.7306E-09
 1  8192  5  8192  0.7136E-09
 1  8192  5  8192  0.7802E-09
 1  8192  5  8192  0.8129E-09
 1  8192  5  8192  0.7453E-09
 1  8192  5  8192  0.6935E-09
 1  8192  5  8192  0.7549E-09
 1  8192  5  8192  0.7970E-09
 1  8192  5  8192  0.7481E-09
 1  8192  6  8192  0.5288E-09
 1  8192  6  8192  0.4352E-09
 1  8192  6  8192  0.4248E-09
 1  8192  6  8192  0.4683E-09
 1  8192  6  8192  0.4777E-09
 1  8192  6  8192  0.4433E-09
 1  8192  6  8192  0.4231E-09
 1  8192  6  8192  0.4617E-09
 1  8192  6  8192  0.4744E-09
 1  8192  6  8192  0.4462E-09
 1  8192  8  8192  0.2434E-09
 1  8192  8  8192  0.2104E-09
 1  8192  8  8192  0.2238E-09
 1  8192  8  8192  0.2363E-09
 1  8192  8  8192  0.2137E-09
 1  8192  8  8192  0.2060E-09
 1  8192  8  8192  0.2296E-09
 1  8192  8  8192  0.2237E-09
 1  8192  8  8192  0.2064E-09
 1  8192  8  8192  0.2166E-09
 1  8192  9  8192  0.1920E-09
 1  8192  9  8192  0.1666E-09
 1  8192  9  8192  0.1621E-09
 1  8192  9  8192  0.1740E-09
 1  8192  9  8192  0.1706E-09
 1  8192  9  8192  0.1648E-09
 1  8192  9  8192  0.1694E-09
 1  8192  9  8192  0.1745E-09
 1  8192  9  8192  0.1635E-09
 1  8192  9  8192  0.1664E-09
 1  8192  10  8192  0.1470E-09
 1  8192  10  8192  0.1294E-09
 1  8192  10  8192  0.1283E-09
 1  8192  10  8192  0.1399E-09
 1  8192  10  8192  0.1324E-09
 1  8192  10  8192  0.1322E-09
 1  8192  10  8192  0.1403E-09
 1  8192  10  8192  0.1312E-09
 1  8192  10  8192  0.1288E-09
 1  8192  10  8192  0.1410E-09
 1  8192  11  8192  0.1185E-09
 1  8192  11  8192  0.1153E-09
 1  8192  11  8192  0.1156E-09
 1  8192  11  8192  0.1130E-09
 1  8192  11  8192  0.1170E-09
 1  8192  11  8192  0.1143E-09
 1  8192  11  8192  0.1151E-09
 1  8192  11  8192  0.1169E-09
 1  8192  11  8192  0.1348E-09
 1  8192  11  8192  0.1927E-09
