 1  2  3  2  0.2087E-06
 1  2  3  2  0.3400E-06
 1  2  3  2  0.2605E-06
 1  2  3  2  0.4754E-06
 1  2  3  2  0.3694E-06
 1  2  3  2  0.2472E-06
 1  2  3  2  0.2414E-06
 1  2  3  2  0.4077E-06
 1  2  3  2  0.2782E-06
 1  2  3  2  0.2531E-06
 1  2  4  2  0.1246E-06
 1  2  4  2  0.3359E-06
 1  2  4  2  0.4712E-06
 1  2  4  2  0.4191E-06
 1  2  4  2  0.3806E-06
 1  2  4  2  0.3831E-06
 1  2  4  2  0.3465E-06
 1  2  4  2  0.3905E-06
 1  2  4  2  0.3595E-06
 1  2  4  2  0.3334E-06
 1  2  5  2  0.7360E-07
 1  2  5  2  0.2375E-06
 1  2  5  2  0.2734E-06
 1  2  5  2  0.2613E-06
 1  2  5  2  0.2947E-06
 1  2  5  2  0.2441E-06
 1  2  5  2  0.2947E-06
 1  2  5  2  0.2467E-06
 1  2  5  2  0.2426E-06
 1  2  5  2  0.2801E-06
 1  2  6  2  0.4045E-07
 1  2  6  2  0.4417E-07
 1  2  6  2  0.7248E-07
 1  2  6  2  0.1041E-06
 1  2  6  2  0.9640E-07
 1  2  6  2  0.9401E-07
 1  2  6  2  0.8499E-07
 1  2  6  2  0.1049E-06
 1  2  6  2  0.1027E-06
 1  2  6  2  0.1043E-06
 1  2  8  2  0.2667E-07
 1  2  8  2  0.2638E-07
 1  2  8  2  0.4422E-07
 1  2  8  2  0.9212E-07
 1  2  8  2  0.1019E-06
 1  2  8  2  0.9934E-07
 1  2  8  2  0.1035E-06
 1  2  8  2  0.9437E-07
 1  2  8  2  0.9538E-07
 1  2  8  2  0.9445E-07
 1  2  9  2  0.3195E-07
 1  2  9  2  0.3089E-07
 1  2  9  2  0.3155E-07
 1  2  9  2  0.9484E-07
 1  2  9  2  0.9332E-07
 1  2  9  2  0.9239E-07
 1  2  9  2  0.9217E-07
 1  2  9  2  0.9283E-07
 1  2  9  2  0.9948E-07
 1  2  9  2  0.9255E-07
 1  2  10  2  0.3159E-07
 1  2  10  2  0.3004E-07
 1  2  10  2  0.2975E-07
 1  2  10  2  0.3474E-07
 1  2  10  2  0.8937E-07
 1  2  10  2  0.9783E-07
 1  2  10  2  0.8631E-07
 1  2  10  2  0.8698E-07
 1  2  10  2  0.8802E-07
 1  2  10  2  0.8583E-07
 1  2  11  2  0.3370E-07
 1  2  11  2  0.3251E-07
 1  2  11  2  0.3255E-07
 1  2  11  2  0.3257E-07
 1  2  11  2  0.7714E-07
 1  2  11  2  0.7523E-07
 1  2  11  2  0.7523E-07
 1  2  11  2  0.7589E-07
 1  2  11  2  0.8150E-07
 1  2  11  2  0.7511E-07
 1  2  12  2  0.3264E-07
 1  2  12  2  0.3176E-07
 1  2  12  2  0.3175E-07
 1  2  12  2  0.3172E-07
 1  2  12  2  0.3286E-07
 1  2  12  2  0.7108E-07
 1  2  12  2  0.6471E-07
 1  2  12  2  0.6531E-07
 1  2  12  2  0.6609E-07
 1  2  12  2  0.6501E-07
 1  2  13  2  0.3349E-07
 1  2  13  2  0.3309E-07
 1  2  13  2  0.3308E-07
 1  2  13  2  0.3314E-07
 1  2  13  2  0.3304E-07
 1  2  13  2  0.3387E-07
 1  2  13  2  0.6479E-07
 1  2  13  2  0.6730E-07
 1  2  13  2  0.6502E-07
 1  2  13  2  0.6410E-07
 1  2  14  2  0.3260E-07
 1  2  14  2  0.3202E-07
 1  2  14  2  0.3196E-07
 1  2  14  2  0.3200E-07
 1  2  14  2  0.3200E-07
 1  2  14  2  0.3208E-07
 1  2  14  2  0.3336E-07
 1  2  14  2  0.5904E-07
 1  2  14  2  0.6172E-07
 1  2  14  2  0.5861E-07
 1  2  15  2  0.3501E-07
 1  2  15  2  0.3452E-07
 1  2  15  2  0.3448E-07
 1  2  15  2  0.3454E-07
 1  2  15  2  0.3454E-07
 1  2  15  2  0.3451E-07
 1  2  15  2  0.3458E-07
 1  2  15  2  0.5749E-07
 1  2  15  2  0.5768E-07
 1  2  15  2  0.5703E-07
 1  2  16  2  0.3458E-07
 1  2  16  2  0.3443E-07
 1  2  16  2  0.3418E-07
 1  2  16  2  0.3417E-07
 1  2  16  2  0.3418E-07
 1  2  16  2  0.3430E-07
 1  2  16  2  0.3421E-07
 1  2  16  2  0.3436E-07
 1  2  16  2  0.5774E-07
 1  2  16  2  0.5725E-07
 1  2  17  2  0.4125E-07
 1  2  17  2  0.4107E-07
 1  2  17  2  0.4106E-07
 1  2  17  2  0.4103E-07
 1  2  17  2  0.4098E-07
 1  2  17  2  0.4103E-07
 1  2  17  2  0.4104E-07
 1  2  17  2  0.4103E-07
 1  2  17  2  0.4111E-07
 1  2  17  2  0.5984E-07
 1  2  18  2  0.4061E-07
 1  2  18  2  0.4049E-07
 1  2  18  2  0.4035E-07
 1  2  18  2  0.4039E-07
 1  2  18  2  0.4045E-07
 1  2  18  2  0.4040E-07
 1  2  18  2  0.4042E-07
 1  2  18  2  0.4037E-07
 1  2  18  2  0.4050E-07
 1  2  18  2  0.4047E-07
 1  2  19  2  0.4350E-07
 1  2  19  2  0.4316E-07
 1  2  19  2  0.4309E-07
 1  2  19  2  0.4315E-07
 1  2  19  2  0.4313E-07
 1  2  19  2  0.4312E-07
 1  2  19  2  0.4317E-07
 1  2  19  2  0.4314E-07
 1  2  19  2  0.4314E-07
 1  2  19  2  0.4311E-07
 1  2  20  2  0.4247E-07
 1  2  20  2  0.4206E-07
 1  2  20  2  0.4202E-07
 1  2  20  2  0.4205E-07
 1  2  20  2  0.4204E-07
 1  2  20  2  0.4210E-07
 1  2  20  2  0.4219E-07
 1  2  20  2  0.4208E-07
 1  2  20  2  0.4211E-07
 1  2  20  2  0.4205E-07
