 1  8  3  8  0.9974E-07
 1  8  3  8  0.2101E-06
 1  8  3  8  0.2671E-06
 1  8  3  8  0.2472E-06
 1  8  3  8  0.2638E-06
 1  8  3  8  0.2609E-06
 1  8  3  8  0.2748E-06
 1  8  3  8  0.2421E-06
 1  8  3  8  0.2502E-06
 1  8  3  8  0.2174E-06
 1  8  4  8  0.3735E-07
 1  8  4  8  0.9577E-07
 1  8  4  8  0.1400E-06
 1  8  4  8  0.1302E-06
 1  8  4  8  0.1203E-06
 1  8  4  8  0.1197E-06
 1  8  4  8  0.1114E-06
 1  8  4  8  0.1152E-06
 1  8  4  8  0.1146E-06
 1  8  4  8  0.1080E-06
 1  8  5  8  0.2454E-07
 1  8  5  8  0.3676E-07
 1  8  5  8  0.8035E-07
 1  8  5  8  0.8893E-07
 1  8  5  8  0.9203E-07
 1  8  5  8  0.9664E-07
 1  8  5  8  0.8631E-07
 1  8  5  8  0.9068E-07
 1  8  5  8  0.8766E-07
 1  8  5  8  0.8432E-07
 1  8  6  8  0.1715E-07
 1  8  6  8  0.1618E-07
 1  8  6  8  0.5749E-07
 1  8  6  8  0.5731E-07
 1  8  6  8  0.5036E-07
 1  8  6  8  0.5694E-07
 1  8  6  8  0.5593E-07
 1  8  6  8  0.5478E-07
 1  8  6  8  0.6733E-07
 1  8  6  8  0.5418E-07
 1  8  7  8  0.1339E-07
 1  8  7  8  0.1281E-07
 1  8  7  8  0.1545E-07
 1  8  7  8  0.3377E-07
 1  8  7  8  0.3632E-07
 1  8  7  8  0.3974E-07
 1  8  7  8  0.4226E-07
 1  8  7  8  0.4350E-07
 1  8  7  8  0.3838E-07
 1  8  7  8  0.3658E-07
 1  8  9  8  0.1176E-07
 1  8  9  8  0.1058E-07
 1  8  9  8  0.1055E-07
 1  8  9  8  0.1066E-07
 1  8  9  8  0.1949E-07
 1  8  9  8  0.1846E-07
 1  8  9  8  0.1823E-07
 1  8  9  8  0.1795E-07
 1  8  9  8  0.1772E-07
 1  8  9  8  0.1744E-07
 1  8  10  8  0.1177E-07
 1  8  10  8  0.1111E-07
 1  8  10  8  0.1110E-07
 1  8  10  8  0.1096E-07
 1  8  10  8  0.1125E-07
 1  8  10  8  0.2891E-07
 1  8  10  8  0.2846E-07
 1  8  10  8  0.2958E-07
 1  8  10  8  0.2733E-07
 1  8  10  8  0.2780E-07
 1  8  11  8  0.1204E-07
 1  8  11  8  0.1145E-07
 1  8  11  8  0.1127E-07
 1  8  11  8  0.1127E-07
 1  8  11  8  0.1127E-07
 1  8  11  8  0.1135E-07
 1  8  11  8  0.1872E-07
 1  8  11  8  0.1866E-07
 1  8  11  8  0.1847E-07
 1  8  11  8  0.1857E-07
 1  8  12  8  0.1140E-07
 1  8  12  8  0.1097E-07
 1  8  12  8  0.1101E-07
 1  8  12  8  0.1099E-07
 1  8  12  8  0.1100E-07
 1  8  12  8  0.1101E-07
 1  8  12  8  0.1095E-07
 1  8  12  8  0.2129E-07
 1  8  12  8  0.2066E-07
 1  8  12  8  0.2132E-07
 1  8  13  8  0.1144E-07
 1  8  13  8  0.1112E-07
 1  8  13  8  0.1112E-07
 1  8  13  8  0.1112E-07
 1  8  13  8  0.1115E-07
 1  8  13  8  0.1110E-07
 1  8  13  8  0.1110E-07
 1  8  13  8  0.1135E-07
 1  8  13  8  0.1968E-07
 1  8  13  8  0.2018E-07
 1  8  14  8  0.9621E-08
 1  8  14  8  0.9382E-08
 1  8  14  8  0.9369E-08
 1  8  14  8  0.9353E-08
 1  8  14  8  0.9387E-08
 1  8  14  8  0.9388E-08
 1  8  14  8  0.9359E-08
 1  8  14  8  0.9436E-08
 1  8  14  8  0.9349E-08
 1  8  14  8  0.9610E-08
 1  8  15  8  0.1007E-07
 1  8  15  8  0.9891E-08
 1  8  15  8  0.9858E-08
 1  8  15  8  0.9932E-08
 1  8  15  8  0.9878E-08
 1  8  15  8  0.9878E-08
 1  8  15  8  0.9955E-08
 1  8  15  8  0.9889E-08
 1  8  15  8  0.9886E-08
 1  8  15  8  0.9922E-08
 1  8  16  8  0.9639E-08
 1  8  16  8  0.9502E-08
 1  8  16  8  0.9500E-08
 1  8  16  8  0.9535E-08
 1  8  16  8  0.9518E-08
 1  8  16  8  0.9536E-08
 1  8  16  8  0.9562E-08
 1  8  16  8  0.9518E-08
 1  8  16  8  0.9512E-08
 1  8  16  8  0.9501E-08
 1  8  17  8  0.1253E-07
 1  8  17  8  0.1233E-07
 1  8  17  8  0.1233E-07
 1  8  17  8  0.1237E-07
 1  8  17  8  0.1238E-07
 1  8  17  8  0.1235E-07
 1  8  17  8  0.1244E-07
 1  8  17  8  0.1234E-07
 1  8  17  8  0.1238E-07
 1  8  17  8  0.1235E-07
 1  8  18  8  0.1216E-07
 1  8  18  8  0.1200E-07
 1  8  18  8  0.1208E-07
 1  8  18  8  0.1203E-07
 1  8  18  8  0.1199E-07
 1  8  18  8  0.1206E-07
 1  8  18  8  0.1201E-07
 1  8  18  8  0.1200E-07
 1  8  18  8  0.1200E-07
 1  8  18  8  0.1201E-07
 1  8  19  8  0.1197E-07
 1  8  19  8  0.1182E-07
 1  8  19  8  0.1176E-07
 1  8  19  8  0.1234E-07
 1  8  19  8  0.1171E-07
 1  8  19  8  0.1174E-07
 1  8  19  8  0.1171E-07
 1  8  19  8  0.1169E-07
 1  8  19  8  0.1168E-07
 1  8  19  8  0.1170E-07
 1  8  20  8  0.1157E-07
 1  8  20  8  0.1143E-07
 1  8  20  8  0.1140E-07
 1  8  20  8  0.1137E-07
 1  8  20  8  0.1137E-07
 1  8  20  8  0.1143E-07
 1  8  20  8  0.1134E-07
 1  8  20  8  0.1136E-07
 1  8  20  8  0.1135E-07
 1  8  20  8  0.1136E-07
