 1  2048  3  2048  0.1073E-07
 1  2048  3  2048  0.9769E-08
 1  2048  3  2048  0.9925E-08
 1  2048  3  2048  0.9733E-08
 1  2048  3  2048  0.9617E-08
 1  2048  3  2048  0.9455E-08
 1  2048  3  2048  0.9590E-08
 1  2048  3  2048  0.9634E-08
 1  2048  3  2048  0.9696E-08
 1  2048  3  2048  0.9629E-08
 1  2048  4  2048  0.4513E-08
 1  2048  4  2048  0.4148E-08
 1  2048  4  2048  0.4099E-08
 1  2048  4  2048  0.4298E-08
 1  2048  4  2048  0.4185E-08
 1  2048  4  2048  0.4105E-08
 1  2048  4  2048  0.4158E-08
 1  2048  4  2048  0.4122E-08
 1  2048  4  2048  0.4067E-08
 1  2048  4  2048  0.4236E-08
 1  2048  5  2048  0.2306E-08
 1  2048  5  2048  0.2139E-08
 1  2048  5  2048  0.2200E-08
 1  2048  5  2048  0.2148E-08
 1  2048  5  2048  0.2121E-08
 1  2048  5  2048  0.2161E-08
 1  2048  5  2048  0.2081E-08
 1  2048  5  2048  0.2110E-08
 1  2048  5  2048  0.2152E-08
 1  2048  5  2048  0.2156E-08
 1  2048  7  2048  0.9193E-09
 1  2048  7  2048  0.8537E-09
 1  2048  7  2048  0.8387E-09
 1  2048  7  2048  0.8340E-09
 1  2048  7  2048  0.8544E-09
 1  2048  7  2048  0.8301E-09
 1  2048  7  2048  0.8268E-09
 1  2048  7  2048  0.8409E-09
 1  2048  7  2048  0.8321E-09
 1  2048  7  2048  0.8182E-09
 1  2048  8  2048  0.6891E-09
 1  2048  8  2048  0.6430E-09
 1  2048  8  2048  0.6514E-09
 1  2048  8  2048  0.6417E-09
 1  2048  8  2048  0.6423E-09
 1  2048  8  2048  0.6539E-09
 1  2048  8  2048  0.6393E-09
 1  2048  8  2048  0.6518E-09
 1  2048  8  2048  0.6424E-09
 1  2048  8  2048  0.6430E-09
 1  2048  9  2048  0.5231E-09
 1  2048  9  2048  0.4803E-09
 1  2048  9  2048  0.4873E-09
 1  2048  9  2048  0.4961E-09
 1  2048  9  2048  0.4968E-09
 1  2048  9  2048  0.4896E-09
 1  2048  9  2048  0.4804E-09
 1  2048  9  2048  0.4920E-09
 1  2048  9  2048  0.4989E-09
 1  2048  9  2048  0.4918E-09
 1  2048  10  2048  0.4272E-09
 1  2048  10  2048  0.3981E-09
 1  2048  10  2048  0.3908E-09
 1  2048  10  2048  0.4015E-09
 1  2048  10  2048  0.4031E-09
 1  2048  10  2048  0.3925E-09
 1  2048  10  2048  0.3897E-09
 1  2048  10  2048  0.3991E-09
 1  2048  10  2048  0.4027E-09
 1  2048  10  2048  0.3955E-09
 1  2048  11  2048  0.3682E-09
 1  2048  11  2048  0.3519E-09
 1  2048  11  2048  0.3445E-09
 1  2048  11  2048  0.3435E-09
 1  2048  11  2048  0.3576E-09
 1  2048  11  2048  0.3451E-09
 1  2048  11  2048  0.3455E-09
 1  2048  11  2048  0.3495E-09
 1  2048  11  2048  0.3523E-09
 1  2048  11  2048  0.3442E-09
 1  2048  12  2048  0.3085E-09
 1  2048  12  2048  0.2851E-09
 1  2048  12  2048  0.2879E-09
 1  2048  12  2048  0.2999E-09
 1  2048  12  2048  0.2879E-09
 1  2048  12  2048  0.2861E-09
 1  2048  12  2048  0.2971E-09
 1  2048  12  2048  0.2905E-09
 1  2048  12  2048  0.2861E-09
 1  2048  12  2048  0.2973E-09
 1  2048  13  2048  0.2638E-09
 1  2048  13  2048  0.2604E-09
 1  2048  13  2048  0.2524E-09
 1  2048  13  2048  0.2555E-09
 1  2048  13  2048  0.2598E-09
 1  2048  13  2048  0.2523E-09
 1  2048  13  2048  0.2579E-09
 1  2048  13  2048  0.2615E-09
 1  2048  13  2048  0.2521E-09
 1  2048  13  2048  0.2581E-09
 1  2048  14  2048  0.2308E-09
 1  2048  14  2048  0.2294E-09
 1  2048  14  2048  0.2221E-09
 1  2048  14  2048  0.2281E-09
 1  2048  14  2048  0.2265E-09
 1  2048  14  2048  0.2258E-09
 1  2048  14  2048  0.2304E-09
 1  2048  14  2048  0.2238E-09
 1  2048  14  2048  0.2284E-09
 1  2048  14  2048  0.2271E-09
 1  2048  15  2048  0.2058E-09
 1  2048  15  2048  0.1988E-09
 1  2048  15  2048  0.2033E-09
 1  2048  15  2048  0.1985E-09
 1  2048  15  2048  0.2029E-09
 1  2048  15  2048  0.2015E-09
 1  2048  15  2048  0.2002E-09
 1  2048  15  2048  0.2036E-09
 1  2048  15  2048  0.1989E-09
 1  2048  15  2048  0.2046E-09
 1  2048  16  2048  0.1811E-09
 1  2048  16  2048  0.1805E-09
 1  2048  16  2048  0.1774E-09
 1  2048  16  2048  0.1777E-09
 1  2048  16  2048  0.1784E-09
 1  2048  16  2048  0.1781E-09
 1  2048  16  2048  0.1790E-09
 1  2048  16  2048  0.1762E-09
 1  2048  16  2048  0.1796E-09
 1  2048  16  2048  0.1761E-09
 1  2048  17  2048  0.1697E-09
 1  2048  17  2048  0.1651E-09
 1  2048  17  2048  0.1694E-09
 1  2048  17  2048  0.1660E-09
 1  2048  17  2048  0.1699E-09
 1  2048  17  2048  0.1669E-09
 1  2048  17  2048  0.1695E-09
 1  2048  17  2048  0.1656E-09
 1  2048  17  2048  0.1693E-09
 1  2048  17  2048  0.1659E-09
 1  2048  18  2048  0.1526E-09
 1  2048  18  2048  0.1501E-09
 1  2048  18  2048  0.1506E-09
 1  2048  18  2048  0.1504E-09
 1  2048  18  2048  0.1510E-09
 1  2048  18  2048  0.1494E-09
 1  2048  18  2048  0.1506E-09
 1  2048  18  2048  0.1505E-09
 1  2048  18  2048  0.1520E-09
 1  2048  18  2048  0.1504E-09
 1  2048  19  2048  0.1433E-09
 1  2048  19  2048  0.1413E-09
 1  2048  19  2048  0.1420E-09
 1  2048  19  2048  0.1420E-09
 1  2048  19  2048  0.1409E-09
 1  2048  19  2048  0.1417E-09
 1  2048  19  2048  0.1409E-09
 1  2048  19  2048  0.1413E-09
 1  2048  19  2048  0.1416E-09
 1  2048  19  2048  0.1407E-09
 1  2048  20  2048  0.1304E-09
 1  2048  20  2048  0.1291E-09
 1  2048  20  2048  0.1283E-09
 1  2048  20  2048  0.1288E-09
 1  2048  20  2048  0.1279E-09
 1  2048  20  2048  0.1290E-09
 1  2048  20  2048  0.1287E-09
 1  2048  20  2048  0.1285E-09
 1  2048  20  2048  0.1290E-09
 1  2048  20  2048  0.1289E-09
