 1  2048  3  2048  0.4174E-08
 1  2048  3  2048  0.4285E-08
 1  2048  3  2048  0.4178E-08
 1  2048  3  2048  0.4208E-08
 1  2048  3  2048  0.4225E-08
 1  2048  3  2048  0.4188E-08
 1  2048  3  2048  0.4249E-08
 1  2048  3  2048  0.4229E-08
 1  2048  3  2048  0.4216E-08
 1  2048  3  2048  0.4266E-08
 1  2048  4  2048  0.1802E-08
 1  2048  4  2048  0.1808E-08
 1  2048  4  2048  0.1797E-08
 1  2048  4  2048  0.1782E-08
 1  2048  4  2048  0.1742E-08
 1  2048  4  2048  0.1797E-08
 1  2048  4  2048  0.1775E-08
 1  2048  4  2048  0.1735E-08
 1  2048  4  2048  0.1758E-08
 1  2048  4  2048  0.1731E-08
 1  2048  5  2048  0.9590E-09
 1  2048  5  2048  0.9199E-09
 1  2048  5  2048  0.9453E-09
 1  2048  5  2048  0.9528E-09
 1  2048  5  2048  0.9370E-09
 1  2048  5  2048  0.9649E-09
 1  2048  5  2048  0.9415E-09
 1  2048  5  2048  0.9223E-09
 1  2048  5  2048  0.9105E-09
 1  2048  5  2048  0.9132E-09
 1  2048  6  2048  0.5872E-09
 1  2048  6  2048  0.5884E-09
 1  2048  6  2048  0.5836E-09
 1  2048  6  2048  0.5778E-09
 1  2048  6  2048  0.5681E-09
 1  2048  6  2048  0.5761E-09
 1  2048  6  2048  0.5560E-09
 1  2048  6  2048  0.5459E-09
 1  2048  6  2048  0.5970E-09
 1  2048  6  2048  0.5546E-09
 1  2048  7  2048  0.3889E-09
 1  2048  7  2048  0.3858E-09
 1  2048  7  2048  0.3801E-09
 1  2048  7  2048  0.3758E-09
 1  2048  7  2048  0.3741E-09
 1  2048  7  2048  0.3773E-09
 1  2048  7  2048  0.3929E-09
 1  2048  7  2048  0.3841E-09
 1  2048  7  2048  0.3932E-09
 1  2048  7  2048  0.3852E-09
 1  2048  8  2048  0.3065E-09
 1  2048  8  2048  0.2969E-09
 1  2048  8  2048  0.2938E-09
 1  2048  8  2048  0.2971E-09
 1  2048  8  2048  0.3005E-09
 1  2048  8  2048  0.3040E-09
 1  2048  8  2048  0.3030E-09
 1  2048  8  2048  0.3029E-09
 1  2048  8  2048  0.3036E-09
 1  2048  8  2048  0.2971E-09
 1  2048  9  2048  0.2373E-09
 1  2048  9  2048  0.2320E-09
 1  2048  9  2048  0.2373E-09
 1  2048  9  2048  0.2399E-09
 1  2048  9  2048  0.2428E-09
 1  2048  9  2048  0.2482E-09
 1  2048  9  2048  0.2392E-09
 1  2048  9  2048  0.2379E-09
 1  2048  9  2048  0.2366E-09
 1  2048  9  2048  0.2425E-09
 1  2048  10  2048  0.2048E-09
 1  2048  10  2048  0.1995E-09
 1  2048  10  2048  0.2025E-09
 1  2048  10  2048  0.2065E-09
 1  2048  10  2048  0.2066E-09
 1  2048  10  2048  0.2055E-09
 1  2048  10  2048  0.2037E-09
 1  2048  10  2048  0.2029E-09
 1  2048  10  2048  0.1992E-09
 1  2048  10  2048  0.2009E-09
 1  2048  11  2048  0.1860E-09
 1  2048  11  2048  0.1806E-09
 1  2048  11  2048  0.1761E-09
 1  2048  11  2048  0.1753E-09
 1  2048  11  2048  0.1779E-09
 1  2048  11  2048  0.1806E-09
 1  2048  11  2048  0.1809E-09
 1  2048  11  2048  0.1801E-09
 1  2048  11  2048  0.1787E-09
 1  2048  11  2048  0.1779E-09
 1  2048  12  2048  0.1492E-09
 1  2048  12  2048  0.1528E-09
 1  2048  12  2048  0.1549E-09
 1  2048  12  2048  0.1484E-09
 1  2048  12  2048  0.1474E-09
 1  2048  12  2048  0.1468E-09
 1  2048  12  2048  0.1483E-09
 1  2048  12  2048  0.1518E-09
 1  2048  12  2048  0.1524E-09
 1  2048  12  2048  0.1504E-09
 1  2048  13  2048  0.1353E-09
 1  2048  13  2048  0.1332E-09
 1  2048  13  2048  0.1335E-09
 1  2048  13  2048  0.1314E-09
 1  2048  13  2048  0.1307E-09
 1  2048  13  2048  0.1326E-09
 1  2048  13  2048  0.1353E-09
 1  2048  13  2048  0.1352E-09
 1  2048  13  2048  0.1327E-09
 1  2048  13  2048  0.1304E-09
 1  2048  14  2048  0.1149E-09
 1  2048  14  2048  0.1139E-09
 1  2048  14  2048  0.1171E-09
 1  2048  14  2048  0.1174E-09
 1  2048  14  2048  0.1169E-09
 1  2048  14  2048  0.1145E-09
 1  2048  14  2048  0.1144E-09
 1  2048  14  2048  0.1160E-09
 1  2048  14  2048  0.1176E-09
 1  2048  14  2048  0.1155E-09
 1  2048  15  2048  0.1041E-09
 1  2048  15  2048  0.1054E-09
 1  2048  15  2048  0.1066E-09
 1  2048  15  2048  0.1049E-09
 1  2048  15  2048  0.1035E-09
 1  2048  15  2048  0.1044E-09
 1  2048  15  2048  0.1066E-09
 1  2048  15  2048  0.1045E-09
 1  2048  15  2048  0.1035E-09
 1  2048  15  2048  0.1038E-09
 1  2048  16  2048  0.9392E-10
 1  2048  16  2048  0.9299E-10
 1  2048  16  2048  0.9230E-10
 1  2048  16  2048  0.9123E-10
 1  2048  16  2048  0.9271E-10
 1  2048  16  2048  0.9310E-10
 1  2048  16  2048  0.9202E-10
 1  2048  16  2048  0.9155E-10
 1  2048  16  2048  0.9268E-10
 1  2048  16  2048  0.9288E-10
 1  2048  17  2048  0.9262E-10
 1  2048  17  2048  0.9269E-10
 1  2048  17  2048  0.9076E-10
 1  2048  17  2048  0.9156E-10
 1  2048  17  2048  0.9225E-10
 1  2048  17  2048  0.9152E-10
 1  2048  17  2048  0.9113E-10
 1  2048  17  2048  0.9220E-10
 1  2048  17  2048  0.9399E-10
 1  2048  17  2048  0.9159E-10
 1  2048  18  2048  0.8450E-10
 1  2048  18  2048  0.8468E-10
 1  2048  18  2048  0.8429E-10
 1  2048  18  2048  0.8389E-10
 1  2048  18  2048  0.8375E-10
 1  2048  18  2048  0.8389E-10
 1  2048  18  2048  0.8425E-10
 1  2048  18  2048  0.8416E-10
 1  2048  18  2048  0.8420E-10
 1  2048  18  2048  0.8479E-10
 1  2048  19  2048  0.8183E-10
 1  2048  19  2048  0.8142E-10
 1  2048  19  2048  0.8063E-10
 1  2048  19  2048  0.8183E-10
 1  2048  19  2048  0.8118E-10
 1  2048  19  2048  0.8152E-10
 1  2048  19  2048  0.8217E-10
 1  2048  19  2048  0.8137E-10
 1  2048  19  2048  0.8100E-10
 1  2048  19  2048  0.8216E-10
 1  2048  20  2048  0.7539E-10
 1  2048  20  2048  0.7432E-10
 1  2048  20  2048  0.7450E-10
 1  2048  20  2048  0.7543E-10
 1  2048  20  2048  0.7446E-10
 1  2048  20  2048  0.7418E-10
 1  2048  20  2048  0.7549E-10
 1  2048  20  2048  0.7508E-10
 1  2048  20  2048  0.7473E-10
 1  2048  20  2048  0.7502E-10
