 1  32  3  32  0.5900E-07
 1  32  3  32  0.5385E-07
 1  32  3  32  0.5353E-07
 1  32  3  32  0.5317E-07
 1  32  3  32  0.5341E-07
 1  32  3  32  0.5339E-07
 1  32  3  32  0.5355E-07
 1  32  3  32  0.5321E-07
 1  32  3  32  0.5297E-07
 1  32  3  32  0.5287E-07
 1  32  4  32  0.2658E-07
 1  32  4  32  0.2453E-07
 1  32  4  32  0.2416E-07
 1  32  4  32  0.2428E-07
 1  32  4  32  0.2439E-07
 1  32  4  32  0.2451E-07
 1  32  4  32  0.2409E-07
 1  32  4  32  0.2406E-07
 1  32  4  32  0.2413E-07
 1  32  4  32  0.2423E-07
 1  32  5  32  0.1522E-07
 1  32  5  32  0.1408E-07
 1  32  5  32  0.1393E-07
 1  32  5  32  0.1416E-07
 1  32  5  32  0.1379E-07
 1  32  5  32  0.1378E-07
 1  32  5  32  0.1378E-07
 1  32  5  32  0.1396E-07
 1  32  5  32  0.1385E-07
 1  32  5  32  0.1374E-07
 1  32  6  32  0.1004E-07
 1  32  6  32  0.9185E-08
 1  32  6  32  0.9032E-08
 1  32  6  32  0.8986E-08
 1  32  6  32  0.8956E-08
 1  32  6  32  0.9024E-08
 1  32  6  32  0.9171E-08
 1  32  6  32  0.9014E-08
 1  32  6  32  0.8958E-08
 1  32  6  32  0.8882E-08
 1  32  7  32  0.7295E-08
 1  32  7  32  0.6695E-08
 1  32  7  32  0.6574E-08
 1  32  7  32  0.6633E-08
 1  32  7  32  0.6565E-08
 1  32  7  32  0.6563E-08
 1  32  7  32  0.6620E-08
 1  32  7  32  0.6484E-08
 1  32  7  32  0.6609E-08
 1  32  7  32  0.6511E-08
 1  32  8  32  0.5563E-08
 1  32  8  32  0.5012E-08
 1  32  8  32  0.4893E-08
 1  32  8  32  0.4886E-08
 1  32  8  32  0.4906E-08
 1  32  8  32  0.4897E-08
 1  32  8  32  0.4869E-08
 1  32  8  32  0.4866E-08
 1  32  8  32  0.4879E-08
 1  32  8  32  0.4919E-08
 1  32  9  32  0.4961E-08
 1  32  9  32  0.4518E-08
 1  32  9  32  0.4481E-08
 1  32  9  32  0.4458E-08
 1  32  9  32  0.4453E-08
 1  32  9  32  0.4457E-08
 1  32  9  32  0.4461E-08
 1  32  9  32  0.4467E-08
 1  32  9  32  0.4474E-08
 1  32  9  32  0.4412E-08
 1  32  10  32  0.4432E-08
 1  32  10  32  0.4115E-08
 1  32  10  32  0.4053E-08
 1  32  10  32  0.4121E-08
 1  32  10  32  0.4048E-08
 1  32  10  32  0.4040E-08
 1  32  10  32  0.4070E-08
 1  32  10  32  0.4071E-08
 1  32  10  32  0.4046E-08
 1  32  10  32  0.4051E-08
 1  32  11  32  0.4618E-08
 1  32  11  32  0.4373E-08
 1  32  11  32  0.4342E-08
 1  32  11  32  0.4391E-08
 1  32  11  32  0.4357E-08
 1  32  11  32  0.4325E-08
 1  32  11  32  0.4321E-08
 1  32  11  32  0.4379E-08
 1  32  11  32  0.4336E-08
 1  32  11  32  0.4334E-08
 1  32  12  32  0.4481E-08
 1  32  12  32  0.4297E-08
 1  32  12  32  0.4274E-08
 1  32  12  32  0.4310E-08
 1  32  12  32  0.4306E-08
 1  32  12  32  0.4324E-08
 1  32  12  32  0.4283E-08
 1  32  12  32  0.4284E-08
 1  32  12  32  0.4263E-08
 1  32  12  32  0.4314E-08
 1  32  13  32  0.4762E-08
 1  32  13  32  0.4628E-08
 1  32  13  32  0.4622E-08
 1  32  13  32  0.4629E-08
 1  32  13  32  0.4622E-08
 1  32  13  32  0.4620E-08
 1  32  13  32  0.4627E-08
 1  32  13  32  0.4623E-08
 1  32  13  32  0.4627E-08
 1  32  13  32  0.4611E-08
 1  32  14  32  0.4675E-08
 1  32  14  32  0.4570E-08
 1  32  14  32  0.4559E-08
 1  32  14  32  0.4542E-08
 1  32  14  32  0.4578E-08
 1  32  14  32  0.4540E-08
 1  32  14  32  0.4555E-08
 1  32  14  32  0.4553E-08
 1  32  14  32  0.4569E-08
 1  32  14  32  0.4553E-08
 1  32  15  32  0.4206E-08
 1  32  15  32  0.4139E-08
 1  32  15  32  0.4137E-08
 1  32  15  32  0.4134E-08
 1  32  15  32  0.4151E-08
 1  32  15  32  0.4147E-08
 1  32  15  32  0.4150E-08
 1  32  15  32  0.4137E-08
 1  32  15  32  0.4139E-08
 1  32  15  32  0.4139E-08
 1  32  16  32  0.3919E-08
 1  32  16  32  0.3858E-08
 1  32  16  32  0.3854E-08
 1  32  16  32  0.3875E-08
 1  32  16  32  0.3861E-08
 1  32  16  32  0.3866E-08
 1  32  16  32  0.3853E-08
 1  32  16  32  0.3857E-08
 1  32  16  32  0.3856E-08
 1  32  16  32  0.3871E-08
 1  32  17  32  0.4269E-08
 1  32  17  32  0.4224E-08
 1  32  17  32  0.4222E-08
 1  32  17  32  0.4234E-08
 1  32  17  32  0.4241E-08
 1  32  17  32  0.4237E-08
 1  32  17  32  0.4239E-08
 1  32  17  32  0.4226E-08
 1  32  17  32  0.4227E-08
 1  32  17  32  0.4234E-08
 1  32  18  32  0.4022E-08
 1  32  18  32  0.3987E-08
 1  32  18  32  0.3991E-08
 1  32  18  32  0.3985E-08
 1  32  18  32  0.3987E-08
 1  32  18  32  0.3992E-08
 1  32  18  32  0.3984E-08
 1  32  18  32  0.3985E-08
 1  32  18  32  0.3978E-08
 1  32  18  32  0.3986E-08
 1  32  19  32  0.4130E-08
 1  32  19  32  0.4102E-08
 1  32  19  32  0.4100E-08
 1  32  19  32  0.4117E-08
 1  32  19  32  0.4107E-08
 1  32  19  32  0.4103E-08
 1  32  19  32  0.4107E-08
 1  32  19  32  0.4118E-08
 1  32  19  32  0.4099E-08
 1  32  19  32  0.4103E-08
 1  32  20  32  0.4044E-08
 1  32  20  32  0.4022E-08
 1  32  20  32  0.4018E-08
 1  32  20  32  0.4018E-08
 1  32  20  32  0.4017E-08
 1  32  20  32  0.4019E-08
 1  32  20  32  0.4017E-08
 1  32  20  32  0.4018E-08
 1  32  20  32  0.4016E-08
 1  32  20  32  0.4018E-08
