 1  1024  3  1024  0.7095E-08
 1  1024  3  1024  0.7061E-08
 1  1024  3  1024  0.6996E-08
 1  1024  3  1024  0.6909E-08
 1  1024  3  1024  0.6993E-08
 1  1024  3  1024  0.6909E-08
 1  1024  3  1024  0.7041E-08
 1  1024  3  1024  0.7131E-08
 1  1024  3  1024  0.6946E-08
 1  1024  3  1024  0.6879E-08
 1  1024  4  1024  0.3026E-08
 1  1024  4  1024  0.2963E-08
 1  1024  4  1024  0.3671E-08
 1  1024  4  1024  0.3577E-08
 1  1024  4  1024  0.3142E-08
 1  1024  4  1024  0.3330E-08
 1  1024  4  1024  0.3689E-08
 1  1024  4  1024  0.3316E-08
 1  1024  4  1024  0.2868E-08
 1  1024  4  1024  0.2884E-08
 1  1024  5  1024  0.1713E-08
 1  1024  5  1024  0.1624E-08
 1  1024  5  1024  0.1511E-08
 1  1024  5  1024  0.1501E-08
 1  1024  5  1024  0.1511E-08
 1  1024  5  1024  0.1529E-08
 1  1024  5  1024  0.1528E-08
 1  1024  5  1024  0.1524E-08
 1  1024  5  1024  0.1579E-08
 1  1024  5  1024  0.1575E-08
 1  1024  6  1024  0.9215E-09
 1  1024  6  1024  0.9134E-09
 1  1024  6  1024  0.8910E-09
 1  1024  6  1024  0.9005E-09
 1  1024  6  1024  0.9175E-09
 1  1024  6  1024  0.9171E-09
 1  1024  6  1024  0.9198E-09
 1  1024  6  1024  0.9328E-09
 1  1024  6  1024  0.9607E-09
 1  1024  6  1024  0.9359E-09
 1  1024  7  1024  0.6448E-09
 1  1024  7  1024  0.6397E-09
 1  1024  7  1024  0.6209E-09
 1  1024  7  1024  0.6316E-09
 1  1024  7  1024  0.6183E-09
 1  1024  7  1024  0.6313E-09
 1  1024  7  1024  0.6228E-09
 1  1024  7  1024  0.6232E-09
 1  1024  7  1024  0.6150E-09
 1  1024  7  1024  0.6189E-09
 1  1024  8  1024  0.4695E-09
 1  1024  8  1024  0.4532E-09
 1  1024  8  1024  0.4616E-09
 1  1024  8  1024  0.4577E-09
 1  1024  8  1024  0.4521E-09
 1  1024  8  1024  0.4497E-09
 1  1024  8  1024  0.4571E-09
 1  1024  8  1024  0.4735E-09
 1  1024  8  1024  0.4741E-09
 1  1024  8  1024  0.4562E-09
 1  1024  9  1024  0.3829E-09
 1  1024  9  1024  0.3773E-09
 1  1024  9  1024  0.3791E-09
 1  1024  9  1024  0.3794E-09
 1  1024  9  1024  0.3770E-09
 1  1024  9  1024  0.3766E-09
 1  1024  9  1024  0.3726E-09
 1  1024  9  1024  0.3799E-09
 1  1024  9  1024  0.3780E-09
 1  1024  9  1024  0.3775E-09
 1  1024  10  1024  0.3287E-09
 1  1024  10  1024  0.3243E-09
 1  1024  10  1024  0.3257E-09
 1  1024  10  1024  0.3271E-09
 1  1024  10  1024  0.3255E-09
 1  1024  10  1024  0.3327E-09
 1  1024  10  1024  0.3226E-09
 1  1024  10  1024  0.3264E-09
 1  1024  10  1024  0.3282E-09
 1  1024  10  1024  0.3225E-09
 1  1024  11  1024  0.2973E-09
 1  1024  11  1024  0.2924E-09
 1  1024  11  1024  0.2903E-09
 1  1024  11  1024  0.2857E-09
 1  1024  11  1024  0.2834E-09
 1  1024  11  1024  0.2809E-09
 1  1024  11  1024  0.2834E-09
 1  1024  11  1024  0.2927E-09
 1  1024  11  1024  0.2894E-09
 1  1024  11  1024  0.2914E-09
 1  1024  12  1024  0.2586E-09
 1  1024  12  1024  0.2564E-09
 1  1024  12  1024  0.2556E-09
 1  1024  12  1024  0.2596E-09
 1  1024  12  1024  0.2573E-09
 1  1024  12  1024  0.2552E-09
 1  1024  12  1024  0.2538E-09
 1  1024  12  1024  0.2535E-09
 1  1024  12  1024  0.2581E-09
 1  1024  12  1024  0.2584E-09
 1  1024  13  1024  0.2217E-09
 1  1024  13  1024  0.2199E-09
 1  1024  13  1024  0.2254E-09
 1  1024  13  1024  0.2235E-09
 1  1024  13  1024  0.2262E-09
 1  1024  13  1024  0.2247E-09
 1  1024  13  1024  0.2209E-09
 1  1024  13  1024  0.2204E-09
 1  1024  13  1024  0.2205E-09
 1  1024  13  1024  0.2248E-09
 1  1024  14  1024  0.2084E-09
 1  1024  14  1024  0.2044E-09
 1  1024  14  1024  0.2019E-09
 1  1024  14  1024  0.2004E-09
 1  1024  14  1024  0.2007E-09
 1  1024  14  1024  0.2022E-09
 1  1024  14  1024  0.2061E-09
 1  1024  14  1024  0.2035E-09
 1  1024  14  1024  0.2015E-09
 1  1024  14  1024  0.1987E-09
 1  1024  15  1024  0.1880E-09
 1  1024  15  1024  0.1837E-09
 1  1024  15  1024  0.1850E-09
 1  1024  15  1024  0.1834E-09
 1  1024  15  1024  0.1845E-09
 1  1024  15  1024  0.1886E-09
 1  1024  15  1024  0.1848E-09
 1  1024  15  1024  0.1822E-09
 1  1024  15  1024  0.1831E-09
 1  1024  15  1024  0.1834E-09
 1  1024  16  1024  0.1719E-09
 1  1024  16  1024  0.1661E-09
 1  1024  16  1024  0.1657E-09
 1  1024  16  1024  0.1654E-09
 1  1024  16  1024  0.1677E-09
 1  1024  16  1024  0.1672E-09
 1  1024  16  1024  0.1665E-09
 1  1024  16  1024  0.1694E-09
 1  1024  16  1024  0.1674E-09
 1  1024  16  1024  0.1675E-09
 1  1024  17  1024  0.1720E-09
 1  1024  17  1024  0.1713E-09
 1  1024  17  1024  0.1718E-09
 1  1024  17  1024  0.1713E-09
 1  1024  17  1024  0.1719E-09
 1  1024  17  1024  0.1721E-09
 1  1024  17  1024  0.1725E-09
 1  1024  17  1024  0.1711E-09
 1  1024  17  1024  0.1710E-09
 1  1024  17  1024  0.1724E-09
 1  1024  18  1024  0.1567E-09
 1  1024  18  1024  0.1594E-09
 1  1024  18  1024  0.1565E-09
 1  1024  18  1024  0.1561E-09
 1  1024  18  1024  0.1569E-09
 1  1024  18  1024  0.1605E-09
 1  1024  18  1024  0.1561E-09
 1  1024  18  1024  0.1562E-09
 1  1024  18  1024  0.1583E-09
 1  1024  18  1024  0.1564E-09
 1  1024  19  1024  0.1558E-09
 1  1024  19  1024  0.1529E-09
 1  1024  19  1024  0.1533E-09
 1  1024  19  1024  0.1548E-09
 1  1024  19  1024  0.1535E-09
 1  1024  19  1024  0.1532E-09
 1  1024  19  1024  0.1536E-09
 1  1024  19  1024  0.1542E-09
 1  1024  19  1024  0.1540E-09
 1  1024  19  1024  0.1533E-09
 1  1024  20  1024  0.1414E-09
 1  1024  20  1024  0.1406E-09
 1  1024  20  1024  0.1424E-09
 1  1024  20  1024  0.1416E-09
 1  1024  20  1024  0.1411E-09
 1  1024  20  1024  0.1431E-09
 1  1024  20  1024  0.1415E-09
 1  1024  20  1024  0.1416E-09
 1  1024  20  1024  0.1438E-09
 1  1024  20  1024  0.1411E-09
