 1  8192  3  8192  0.1972E-08
 1  8192  3  8192  0.2028E-08
 1  8192  3  8192  0.1938E-08
 1  8192  3  8192  0.1882E-08
 1  8192  3  8192  0.1781E-08
 1  8192  3  8192  0.1765E-08
 1  8192  3  8192  0.1783E-08
 1  8192  3  8192  0.1822E-08
 1  8192  3  8192  0.1886E-08
 1  8192  3  8192  0.1941E-08
 1  8192  4  8192  0.7806E-09
 1  8192  4  8192  0.7348E-09
 1  8192  4  8192  0.7445E-09
 1  8192  4  8192  0.7428E-09
 1  8192  4  8192  0.7600E-09
 1  8192  4  8192  0.8210E-09
 1  8192  4  8192  0.8311E-09
 1  8192  4  8192  0.8129E-09
 1  8192  4  8192  0.7454E-09
 1  8192  4  8192  0.7351E-09
 1  8192  5  8192  0.4397E-09
 1  8192  5  8192  0.4365E-09
 1  8192  5  8192  0.4273E-09
 1  8192  5  8192  0.4100E-09
 1  8192  5  8192  0.3945E-09
 1  8192  5  8192  0.3809E-09
 1  8192  5  8192  0.3982E-09
 1  8192  5  8192  0.4220E-09
 1  8192  5  8192  0.4330E-09
 1  8192  5  8192  0.4457E-09
 1  8192  6  8192  0.2496E-09
 1  8192  6  8192  0.2421E-09
 1  8192  6  8192  0.2323E-09
 1  8192  6  8192  0.2348E-09
 1  8192  6  8192  0.2483E-09
 1  8192  6  8192  0.2646E-09
 1  8192  6  8192  0.2595E-09
 1  8192  6  8192  0.2595E-09
 1  8192  6  8192  0.2387E-09
 1  8192  6  8192  0.2370E-09
 1  8192  7  8192  0.1590E-09
 1  8192  7  8192  0.1680E-09
 1  8192  7  8192  0.1758E-09
 1  8192  7  8192  0.1782E-09
 1  8192  7  8192  0.1689E-09
 1  8192  7  8192  0.1593E-09
 1  8192  7  8192  0.1572E-09
 1  8192  7  8192  0.1558E-09
 1  8192  7  8192  0.1644E-09
 1  8192  7  8192  0.1751E-09
 1  8192  8  8192  0.1187E-09
 1  8192  8  8192  0.1225E-09
 1  8192  8  8192  0.1307E-09
 1  8192  8  8192  0.1329E-09
 1  8192  8  8192  0.1307E-09
 1  8192  8  8192  0.1242E-09
 1  8192  8  8192  0.1199E-09
 1  8192  8  8192  0.1223E-09
 1  8192  8  8192  0.1317E-09
 1  8192  8  8192  0.1336E-09
 1  8192  9  8192  0.1010E-09
 1  8192  9  8192  0.9500E-10
 1  8192  9  8192  0.9911E-10
 1  8192  9  8192  0.1051E-09
 1  8192  9  8192  0.1052E-09
 1  8192  9  8192  0.1001E-09
 1  8192  9  8192  0.9808E-10
 1  8192  9  8192  0.9620E-10
 1  8192  9  8192  0.9900E-10
 1  8192  9  8192  0.1049E-09
 1  8192  10  8192  0.8602E-10
 1  8192  10  8192  0.8251E-10
 1  8192  10  8192  0.8007E-10
 1  8192  10  8192  0.7909E-10
 1  8192  10  8192  0.8213E-10
 1  8192  10  8192  0.8670E-10
 1  8192  10  8192  0.8249E-10
 1  8192  10  8192  0.7948E-10
 1  8192  10  8192  0.7848E-10
 1  8192  10  8192  0.8326E-10
 1  8192  11  8192  0.7151E-10
 1  8192  11  8192  0.7347E-10
 1  8192  11  8192  0.7193E-10
 1  8192  11  8192  0.7033E-10
 1  8192  11  8192  0.7130E-10
 1  8192  11  8192  0.7234E-10
 1  8192  11  8192  0.7217E-10
 1  8192  11  8192  0.6977E-10
 1  8192  11  8192  0.7051E-10
 1  8192  11  8192  0.7106E-10
 1  8192  12  8192  0.5902E-10
 1  8192  12  8192  0.5714E-10
 1  8192  12  8192  0.5757E-10
 1  8192  12  8192  0.5802E-10
 1  8192  12  8192  0.5781E-10
 1  8192  12  8192  0.5636E-10
 1  8192  12  8192  0.5577E-10
 1  8192  12  8192  0.5672E-10
 1  8192  12  8192  0.5804E-10
 1  8192  12  8192  0.5713E-10
 1  8192  13  8192  0.4892E-10
 1  8192  13  8192  0.4830E-10
 1  8192  13  8192  0.4829E-10
 1  8192  13  8192  0.4851E-10
 1  8192  13  8192  0.4865E-10
 1  8192  13  8192  0.4917E-10
 1  8192  13  8192  0.4899E-10
 1  8192  13  8192  0.5026E-10
 1  8192  13  8192  0.4927E-10
 1  8192  13  8192  0.4864E-10
 1  8192  14  8192  0.4053E-10
 1  8192  14  8192  0.4087E-10
 1  8192  14  8192  0.4139E-10
 1  8192  14  8192  0.4038E-10
 1  8192  14  8192  0.4073E-10
 1  8192  14  8192  0.4145E-10
 1  8192  14  8192  0.4158E-10
 1  8192  14  8192  0.4082E-10
 1  8192  14  8192  0.4086E-10
 1  8192  14  8192  0.4196E-10
 1  8192  15  8192  0.3582E-10
 1  8192  15  8192  0.3775E-10
 1  8192  15  8192  0.3600E-10
 1  8192  15  8192  0.3531E-10
 1  8192  15  8192  0.3761E-10
 1  8192  15  8192  0.3689E-10
 1  8192  15  8192  0.3513E-10
 1  8192  15  8192  0.3723E-10
 1  8192  15  8192  0.3802E-10
 1  8192  15  8192  0.3597E-10
 1  8192  16  8192  0.3136E-10
 1  8192  16  8192  0.3178E-10
 1  8192  16  8192  0.3253E-10
 1  8192  16  8192  0.3179E-10
 1  8192  16  8192  0.3202E-10
 1  8192  16  8192  0.3292E-10
 1  8192  16  8192  0.3210E-10
 1  8192  16  8192  0.3179E-10
 1  8192  16  8192  0.3275E-10
 1  8192  16  8192  0.3188E-10
 1  8192  17  8192  0.3052E-10
 1  8192  17  8192  0.3041E-10
 1  8192  17  8192  0.3082E-10
 1  8192  17  8192  0.3028E-10
 1  8192  17  8192  0.3081E-10
 1  8192  17  8192  0.3040E-10
 1  8192  17  8192  0.3093E-10
 1  8192  17  8192  0.3061E-10
 1  8192  17  8192  0.3026E-10
 1  8192  17  8192  0.3039E-10
 1  8192  18  8192  0.2720E-10
 1  8192  18  8192  0.2810E-10
 1  8192  18  8192  0.2790E-10
 1  8192  18  8192  0.2690E-10
 1  8192  18  8192  0.2796E-10
 1  8192  18  8192  0.2641E-10
 1  8192  18  8192  0.2766E-10
 1  8192  18  8192  0.2787E-10
 1  8192  18  8192  0.2669E-10
 1  8192  18  8192  0.2770E-10
 1  8192  19  8192  0.2606E-10
 1  8192  19  8192  0.2576E-10
 1  8192  19  8192  0.2587E-10
 1  8192  19  8192  0.2578E-10
 1  8192  19  8192  0.2569E-10
 1  8192  19  8192  0.2620E-10
 1  8192  19  8192  0.2544E-10
 1  8192  19  8192  0.2640E-10
 1  8192  19  8192  0.2621E-10
 1  8192  19  8192  0.2659E-10
 1  8192  20  8192  0.2396E-10
 1  8192  20  8192  0.2363E-10
 1  8192  20  8192  0.2367E-10
 1  8192  20  8192  0.2371E-10
 1  8192  20  8192  0.2343E-10
 1  8192  20  8192  0.2380E-10
 1  8192  20  8192  0.2369E-10
 1  8192  20  8192  0.2393E-10
 1  8192  20  8192  0.2336E-10
 1  8192  20  8192  0.2377E-10
