 1  16  3  16  0.4283E-06
 1  16  3  16  0.1983E-06
 1  16  3  16  0.1737E-06
 1  16  3  16  0.1689E-06
 1  16  3  16  0.1689E-06
 1  16  3  16  0.1658E-06
 1  16  3  16  0.1645E-06
 1  16  3  16  0.1619E-06
 1  16  3  16  0.1729E-06
 1  16  3  16  0.1659E-06
 1  16  4  16  0.9181E-07
 1  16  4  16  0.3772E-07
 1  16  4  16  0.4649E-07
 1  16  4  16  0.5495E-07
 1  16  4  16  0.5402E-07
 1  16  4  16  0.5534E-07
 1  16  4  16  0.5596E-07
 1  16  4  16  0.5440E-07
 1  16  4  16  0.5340E-07
 1  16  4  16  0.6116E-07
 1  16  5  16  0.7717E-07
 1  16  5  16  0.4152E-07
 1  16  5  16  0.3866E-07
 1  16  5  16  0.3767E-07
 1  16  5  16  0.3819E-07
 1  16  5  16  0.4466E-07
 1  16  5  16  0.3835E-07
 1  16  5  16  0.3767E-07
 1  16  5  16  0.3918E-07
 1  16  5  16  0.4232E-07
 1  16  6  16  0.5864E-07
 1  16  6  16  0.1978E-07
 1  16  6  16  0.1978E-07
 1  16  6  16  0.1842E-07
 1  16  6  16  0.2056E-07
 1  16  6  16  0.1902E-07
 1  16  6  16  0.1890E-07
 1  16  6  16  0.1870E-07
 1  16  6  16  0.2111E-07
 1  16  6  16  0.1950E-07
 1  16  7  16  0.3153E-07
 1  16  7  16  0.1962E-07
 1  16  7  16  0.1962E-07
 1  16  7  16  0.1956E-07
 1  16  7  16  0.2040E-07
 1  16  7  16  0.2126E-07
 1  16  7  16  0.1925E-07
 1  16  7  16  0.1888E-07
 1  16  7  16  0.1943E-07
 1  16  7  16  0.1870E-07
 1  16  8  16  0.1941E-07
 1  16  8  16  0.1611E-07
 1  16  8  16  0.1538E-07
 1  16  8  16  0.1474E-07
 1  16  8  16  0.1534E-07
 1  16  8  16  0.1498E-07
 1  16  8  16  0.1542E-07
 1  16  8  16  0.1481E-07
 1  16  8  16  0.1818E-07
 1  16  8  16  0.1567E-07
 1  16  9  16  0.2197E-07
 1  16  9  16  0.1455E-07
 1  16  9  16  0.1449E-07
 1  16  9  16  0.1435E-07
 1  16  9  16  0.1429E-07
 1  16  9  16  0.1421E-07
 1  16  9  16  0.1600E-07
 1  16  9  16  0.1423E-07
 1  16  9  16  0.1406E-07
 1  16  9  16  0.1415E-07
 1  16  10  16  0.2264E-07
 1  16  10  16  0.1319E-07
 1  16  10  16  0.1300E-07
 1  16  10  16  0.1348E-07
 1  16  10  16  0.1319E-07
 1  16  10  16  0.1302E-07
 1  16  10  16  0.1469E-07
 1  16  10  16  0.1321E-07
 1  16  10  16  0.1321E-07
 1  16  10  16  0.1306E-07
 1  16  11  16  0.1916E-07
 1  16  11  16  0.1262E-07
 1  16  11  16  0.1337E-07
 1  16  11  16  0.1273E-07
 1  16  11  16  0.1266E-07
 1  16  11  16  0.1266E-07
 1  16  11  16  0.1368E-07
 1  16  11  16  0.1404E-07
 1  16  11  16  0.1262E-07
 1  16  11  16  0.1268E-07
 1  16  12  16  0.1517E-07
 1  16  12  16  0.1142E-07
 1  16  12  16  0.1057E-07
 1  16  12  16  0.1066E-07
 1  16  12  16  0.1116E-07
 1  16  12  16  0.1048E-07
 1  16  12  16  0.1042E-07
 1  16  12  16  0.1052E-07
 1  16  12  16  0.1114E-07
 1  16  12  16  0.1046E-07
 1  16  13  16  0.6077E-08
 1  16  13  16  0.6061E-08
 1  16  13  16  0.6051E-08
 1  16  13  16  0.6046E-08
 1  16  13  16  0.6049E-08
 1  16  13  16  0.6109E-08
 1  16  13  16  0.6044E-08
 1  16  13  16  0.6042E-08
 1  16  13  16  0.6034E-08
 1  16  13  16  0.6043E-08
 1  16  14  16  0.5762E-08
 1  16  14  16  0.5729E-08
 1  16  14  16  0.5699E-08
 1  16  14  16  0.5679E-08
 1  16  14  16  0.5715E-08
 1  16  14  16  0.5690E-08
 1  16  14  16  0.5686E-08
 1  16  14  16  0.5709E-08
 1  16  14  16  0.5744E-08
 1  16  14  16  0.5698E-08
 1  16  15  16  0.5919E-08
 1  16  15  16  0.5872E-08
 1  16  15  16  0.5860E-08
 1  16  15  16  0.5888E-08
 1  16  15  16  0.5878E-08
 1  16  15  16  0.5869E-08
 1  16  15  16  0.5872E-08
 1  16  15  16  0.5867E-08
 1  16  15  16  0.5848E-08
 1  16  15  16  0.5866E-08
 1  16  16  16  0.5214E-08
 1  16  16  16  0.5181E-08
 1  16  16  16  0.5182E-08
 1  16  16  16  0.5183E-08
 1  16  16  16  0.5202E-08
 1  16  16  16  0.5181E-08
 1  16  16  16  0.5184E-08
 1  16  16  16  0.5182E-08
 1  16  16  16  0.5185E-08
 1  16  16  16  0.5181E-08
 1  16  17  16  0.6033E-08
 1  16  17  16  0.5983E-08
 1  16  17  16  0.5994E-08
 1  16  17  16  0.5983E-08
 1  16  17  16  0.5984E-08
 1  16  17  16  0.5981E-08
 1  16  17  16  0.5984E-08
 1  16  17  16  0.6013E-08
 1  16  17  16  0.5994E-08
 1  16  17  16  0.5998E-08
 1  16  18  16  0.5868E-08
 1  16  18  16  0.5841E-08
 1  16  18  16  0.5840E-08
 1  16  18  16  0.5822E-08
 1  16  18  16  0.5826E-08
 1  16  18  16  0.5838E-08
 1  16  18  16  0.5831E-08
 1  16  18  16  0.5832E-08
 1  16  18  16  0.5826E-08
 1  16  18  16  0.5827E-08
 1  16  19  16  0.6118E-08
 1  16  19  16  0.6073E-08
 1  16  19  16  0.6077E-08
 1  16  19  16  0.6059E-08
 1  16  19  16  0.6066E-08
 1  16  19  16  0.6068E-08
 1  16  19  16  0.6070E-08
 1  16  19  16  0.6076E-08
 1  16  19  16  0.6065E-08
 1  16  19  16  0.6063E-08
 1  16  20  16  0.5866E-08
 1  16  20  16  0.5851E-08
 1  16  20  16  0.5846E-08
 1  16  20  16  0.5850E-08
 1  16  20  16  0.5843E-08
 1  16  20  16  0.5843E-08
 1  16  20  16  0.5852E-08
 1  16  20  16  0.5852E-08
 1  16  20  16  0.5842E-08
 1  16  20  16  0.5841E-08
