 1  4  3  4  0.4629E-06
 1  4  3  4  0.2899E-06
 1  4  3  4  0.2531E-06
 1  4  3  4  0.2590E-06
 1  4  3  4  0.1943E-06
 1  4  3  4  0.3024E-06
 1  4  3  4  0.2745E-06
 1  4  3  4  0.1950E-06
 1  4  3  4  0.2495E-06
 1  4  3  4  0.2068E-06
 1  4  4  4  0.2865E-06
 1  4  4  4  0.1835E-06
 1  4  4  4  0.1847E-06
 1  4  4  4  0.1850E-06
 1  4  4  4  0.1838E-06
 1  4  4  4  0.1745E-06
 1  4  4  4  0.1760E-06
 1  4  4  4  0.1720E-06
 1  4  4  4  0.1757E-06
 1  4  4  4  0.1745E-06
 1  4  5  4  0.1586E-06
 1  4  5  4  0.1233E-06
 1  4  5  4  0.1574E-06
 1  4  5  4  0.1154E-06
 1  4  5  4  0.1321E-06
 1  4  5  4  0.1079E-06
 1  4  5  4  0.1079E-06
 1  4  5  4  0.1148E-06
 1  4  5  4  0.1113E-06
 1  4  5  4  0.1313E-06
 1  4  6  4  0.1134E-06
 1  4  6  4  0.9180E-07
 1  4  6  4  0.8600E-07
 1  4  6  4  0.8564E-07
 1  4  6  4  0.8600E-07
 1  4  6  4  0.8564E-07
 1  4  6  4  0.9180E-07
 1  4  6  4  0.9033E-07
 1  4  6  4  0.8600E-07
 1  4  6  4  0.8453E-07
 1  4  7  4  0.6876E-07
 1  4  7  4  0.4350E-07
 1  4  7  4  0.4084E-07
 1  4  7  4  0.4153E-07
 1  4  7  4  0.5439E-07
 1  4  7  4  0.4229E-07
 1  4  7  4  0.4107E-07
 1  4  7  4  0.4130E-07
 1  4  7  4  0.4229E-07
 1  4  7  4  0.5567E-07
 1  4  8  4  0.6220E-07
 1  4  8  4  0.5875E-07
 1  4  8  4  0.5157E-07
 1  4  8  4  0.5060E-07
 1  4  8  4  0.4979E-07
 1  4  8  4  0.4901E-07
 1  4  8  4  0.4963E-07
 1  4  8  4  0.4917E-07
 1  4  8  4  0.4913E-07
 1  4  8  4  0.4831E-07
 1  4  9  4  0.5658E-07
 1  4  9  4  0.4513E-07
 1  4  9  4  0.4391E-07
 1  4  9  4  0.4377E-07
 1  4  9  4  0.4402E-07
 1  4  9  4  0.4230E-07
 1  4  9  4  0.4276E-07
 1  4  9  4  0.4699E-07
 1  4  9  4  0.4502E-07
 1  4  9  4  0.4241E-07
 1  4  10  4  0.4375E-07
 1  4  10  4  0.3568E-07
 1  4  10  4  0.3101E-07
 1  4  10  4  0.3076E-07
 1  4  10  4  0.4234E-07
 1  4  10  4  0.3392E-07
 1  4  10  4  0.3342E-07
 1  4  10  4  0.3366E-07
 1  4  10  4  0.3068E-07
 1  4  10  4  0.3066E-07
 1  4  11  4  0.5202E-07
 1  4  11  4  0.4071E-07
 1  4  11  4  0.4326E-07
 1  4  11  4  0.4177E-07
 1  4  11  4  0.4377E-07
 1  4  11  4  0.4126E-07
 1  4  11  4  0.4065E-07
 1  4  11  4  0.4089E-07
 1  4  11  4  0.4089E-07
 1  4  11  4  0.4289E-07
 1  4  12  4  0.1708E-07
 1  4  12  4  0.1708E-07
 1  4  12  4  0.1714E-07
 1  4  12  4  0.1716E-07
 1  4  12  4  0.1719E-07
 1  4  12  4  0.1711E-07
 1  4  12  4  0.1709E-07
 1  4  12  4  0.1711E-07
 1  4  12  4  0.1709E-07
 1  4  12  4  0.1714E-07
 1  4  13  4  0.2099E-07
 1  4  13  4  0.1769E-07
 1  4  13  4  0.1763E-07
 1  4  13  4  0.1767E-07
 1  4  13  4  0.1768E-07
 1  4  13  4  0.1773E-07
 1  4  13  4  0.1766E-07
 1  4  13  4  0.1769E-07
 1  4  13  4  0.1764E-07
 1  4  13  4  0.1764E-07
 1  4  14  4  0.1705E-07
 1  4  14  4  0.1696E-07
 1  4  14  4  0.1698E-07
 1  4  14  4  0.1696E-07
 1  4  14  4  0.1695E-07
 1  4  14  4  0.1700E-07
 1  4  14  4  0.1695E-07
 1  4  14  4  0.1698E-07
 1  4  14  4  0.1698E-07
 1  4  14  4  0.1700E-07
 1  4  16  4  0.1766E-07
 1  4  16  4  0.1764E-07
 1  4  16  4  0.1763E-07
 1  4  16  4  0.1764E-07
 1  4  16  4  0.1763E-07
 1  4  16  4  0.1762E-07
 1  4  16  4  0.1765E-07
 1  4  16  4  0.1764E-07
 1  4  16  4  0.1765E-07
 1  4  16  4  0.1768E-07
 1  4  17  4  0.2118E-07
 1  4  17  4  0.2116E-07
 1  4  17  4  0.2115E-07
 1  4  17  4  0.2116E-07
 1  4  17  4  0.2115E-07
 1  4  17  4  0.2115E-07
 1  4  17  4  0.2116E-07
 1  4  17  4  0.2118E-07
 1  4  17  4  0.2116E-07
 1  4  17  4  0.2114E-07
 1  4  18  4  0.2079E-07
 1  4  18  4  0.2073E-07
 1  4  18  4  0.2074E-07
 1  4  18  4  0.2072E-07
 1  4  18  4  0.2073E-07
 1  4  18  4  0.2072E-07
 1  4  18  4  0.2072E-07
 1  4  18  4  0.2074E-07
 1  4  18  4  0.2076E-07
 1  4  18  4  0.2073E-07
 1  4  19  4  0.2192E-07
 1  4  19  4  0.2190E-07
 1  4  19  4  0.2189E-07
 1  4  19  4  0.2190E-07
 1  4  19  4  0.2194E-07
 1  4  19  4  0.2189E-07
 1  4  19  4  0.2193E-07
 1  4  19  4  0.2190E-07
 1  4  19  4  0.2190E-07
 1  4  19  4  0.2191E-07
 1  4  20  4  0.2132E-07
 1  4  20  4  0.2129E-07
 1  4  20  4  0.2129E-07
 1  4  20  4  0.2131E-07
 1  4  20  4  0.2129E-07
 1  4  20  4  0.2130E-07
 1  4  20  4  0.2129E-07
 1  4  20  4  0.2131E-07
 1  4  20  4  0.2130E-07
 1  4  20  4  0.2130E-07
