 1  128  3  128  0.1159E-06
 1  128  3  128  0.5448E-07
 1  128  3  128  0.5130E-07
 1  128  3  128  0.5034E-07
 1  128  3  128  0.4988E-07
 1  128  3  128  0.4783E-07
 1  128  3  128  0.5179E-07
 1  128  3  128  0.4813E-07
 1  128  3  128  0.4783E-07
 1  128  3  128  0.4698E-07
 1  128  4  128  0.6754E-07
 1  128  4  128  0.2405E-07
 1  128  4  128  0.2417E-07
 1  128  4  128  0.2344E-07
 1  128  4  128  0.2266E-07
 1  128  4  128  0.2246E-07
 1  128  4  128  0.2172E-07
 1  128  4  128  0.2218E-07
 1  128  4  128  0.2104E-07
 1  128  4  128  0.2046E-07
 1  128  5  128  0.3673E-07
 1  128  5  128  0.9770E-08
 1  128  5  128  0.9562E-08
 1  128  5  128  0.1062E-07
 1  128  5  128  0.9542E-08
 1  128  5  128  0.1034E-07
 1  128  5  128  0.9542E-08
 1  128  5  128  0.9254E-08
 1  128  5  128  0.9144E-08
 1  128  5  128  0.9437E-08
 1  128  6  128  0.2247E-07
 1  128  6  128  0.6789E-08
 1  128  6  128  0.7065E-08
 1  128  6  128  0.6870E-08
 1  128  6  128  0.6847E-08
 1  128  6  128  0.6677E-08
 1  128  6  128  0.6390E-08
 1  128  6  128  0.6355E-08
 1  128  6  128  0.6919E-08
 1  128  6  128  0.6608E-08
 1  128  7  128  0.2523E-08
 1  128  7  128  0.2055E-08
 1  128  7  128  0.5164E-08
 1  128  7  128  0.5148E-08
 1  128  7  128  0.5056E-08
 1  128  7  128  0.5072E-08
 1  128  7  128  0.4896E-08
 1  128  7  128  0.5003E-08
 1  128  7  128  0.4882E-08
 1  128  7  128  0.4791E-08
 1  128  8  128  0.1199E-08
 1  128  8  128  0.1131E-08
 1  128  8  128  0.1133E-08
 1  128  8  128  0.1138E-08
 1  128  8  128  0.1133E-08
 1  128  8  128  0.1152E-08
 1  128  8  128  0.1132E-08
 1  128  8  128  0.1143E-08
 1  128  8  128  0.1135E-08
 1  128  8  128  0.1124E-08
 1  128  9  128  0.1060E-08
 1  128  9  128  0.1002E-08
 1  128  9  128  0.1004E-08
 1  128  9  128  0.9997E-09
 1  128  9  128  0.1005E-08
 1  128  9  128  0.1009E-08
 1  128  9  128  0.1016E-08
 1  128  9  128  0.1004E-08
 1  128  9  128  0.1005E-08
 1  128  9  128  0.1005E-08
 1  128  10  128  0.9272E-09
 1  128  10  128  0.9170E-09
 1  128  10  128  0.8844E-09
 1  128  10  128  0.8973E-09
 1  128  10  128  0.8828E-09
 1  128  10  128  0.8850E-09
 1  128  10  128  0.8951E-09
 1  128  10  128  0.8845E-09
 1  128  10  128  0.8954E-09
 1  128  10  128  0.8843E-09
 1  128  11  128  0.8937E-09
 1  128  11  128  0.8488E-09
 1  128  11  128  0.8479E-09
 1  128  11  128  0.8389E-09
 1  128  11  128  0.8478E-09
 1  128  11  128  0.8422E-09
 1  128  11  128  0.8464E-09
 1  128  11  128  0.8437E-09
 1  128  11  128  0.8442E-09
 1  128  11  128  0.8486E-09
 1  128  12  128  0.8352E-09
 1  128  12  128  0.8090E-09
 1  128  12  128  0.8078E-09
 1  128  12  128  0.8063E-09
 1  128  12  128  0.8058E-09
 1  128  12  128  0.8035E-09
 1  128  12  128  0.8058E-09
 1  128  12  128  0.8086E-09
 1  128  12  128  0.8126E-09
 1  128  12  128  0.8046E-09
 1  128  13  128  0.8382E-09
 1  128  13  128  0.8131E-09
 1  128  13  128  0.8231E-09
 1  128  13  128  0.8126E-09
 1  128  13  128  0.8248E-09
 1  128  13  128  0.8177E-09
 1  128  13  128  0.8127E-09
 1  128  13  128  0.8235E-09
 1  128  13  128  0.8198E-09
 1  128  13  128  0.8220E-09
 1  128  14  128  0.8148E-09
 1  128  14  128  0.8069E-09
 1  128  14  128  0.8048E-09
 1  128  14  128  0.7992E-09
 1  128  14  128  0.8086E-09
 1  128  14  128  0.8045E-09
 1  128  14  128  0.7991E-09
 1  128  14  128  0.8027E-09
 1  128  14  128  0.7992E-09
 1  128  14  128  0.8029E-09
 1  128  15  128  0.8331E-09
 1  128  15  128  0.8200E-09
 1  128  15  128  0.8229E-09
 1  128  15  128  0.8196E-09
 1  128  15  128  0.8172E-09
 1  128  15  128  0.8172E-09
 1  128  15  128  0.8218E-09
 1  128  15  128  0.8160E-09
 1  128  15  128  0.8227E-09
 1  128  15  128  0.8174E-09
 1  128  16  128  0.7926E-09
 1  128  16  128  0.7762E-09
 1  128  16  128  0.7762E-09
 1  128  16  128  0.7766E-09
 1  128  16  128  0.7742E-09
 1  128  16  128  0.7774E-09
 1  128  16  128  0.7739E-09
 1  128  16  128  0.7783E-09
 1  128  16  128  0.7790E-09
 1  128  16  128  0.7755E-09
 1  128  17  128  0.8634E-09
 1  128  17  128  0.8513E-09
 1  128  17  128  0.8564E-09
 1  128  17  128  0.8504E-09
 1  128  17  128  0.8514E-09
 1  128  17  128  0.8506E-09
 1  128  17  128  0.8515E-09
 1  128  17  128  0.8520E-09
 1  128  17  128  0.8549E-09
 1  128  17  128  0.8515E-09
 1  128  18  128  0.8399E-09
 1  128  18  128  0.8304E-09
 1  128  18  128  0.8303E-09
 1  128  18  128  0.8307E-09
 1  128  18  128  0.8354E-09
 1  128  18  128  0.8311E-09
 1  128  18  128  0.8296E-09
 1  128  18  128  0.8296E-09
 1  128  18  128  0.8308E-09
 1  128  18  128  0.8312E-09
 1  128  19  128  0.8717E-09
 1  128  19  128  0.8614E-09
 1  128  19  128  0.8578E-09
 1  128  19  128  0.8593E-09
 1  128  19  128  0.8608E-09
 1  128  19  128  0.8612E-09
 1  128  19  128  0.8585E-09
 1  128  19  128  0.8602E-09
 1  128  19  128  0.8603E-09
 1  128  19  128  0.8626E-09
 1  128  20  128  0.8118E-09
 1  128  20  128  0.8030E-09
 1  128  20  128  0.8058E-09
 1  128  20  128  0.8052E-09
 1  128  20  128  0.8073E-09
 1  128  20  128  0.8042E-09
 1  128  20  128  0.8086E-09
 1  128  20  128  0.8057E-09
 1  128  20  128  0.8048E-09
 1  128  20  128  0.8074E-09
