 1  4  3  4  0.2418E-06
 1  4  3  4  0.1918E-06
 1  4  3  4  0.1910E-06
 1  4  3  4  0.1848E-06
 1  4  3  4  0.1961E-06
 1  4  3  4  0.1873E-06
 1  4  3  4  0.1852E-06
 1  4  3  4  0.1833E-06
 1  4  3  4  0.1893E-06
 1  4  3  4  0.1856E-06
 1  4  4  4  0.1137E-06
 1  4  4  4  0.1117E-06
 1  4  4  4  0.1103E-06
 1  4  4  4  0.1113E-06
 1  4  4  4  0.1113E-06
 1  4  4  4  0.1101E-06
 1  4  4  4  0.1091E-06
 1  4  4  4  0.1111E-06
 1  4  4  4  0.1098E-06
 1  4  4  4  0.1101E-06
 1  4  5  4  0.6720E-07
 1  4  5  4  0.6551E-07
 1  4  5  4  0.6487E-07
 1  4  5  4  0.6497E-07
 1  4  5  4  0.6467E-07
 1  4  5  4  0.6457E-07
 1  4  5  4  0.6423E-07
 1  4  5  4  0.6467E-07
 1  4  5  4  0.6451E-07
 1  4  5  4  0.6463E-07
 1  4  6  4  0.4070E-07
 1  4  6  4  0.4018E-07
 1  4  6  4  0.4060E-07
 1  4  6  4  0.4010E-07
 1  4  6  4  0.4116E-07
 1  4  6  4  0.4053E-07
 1  4  6  4  0.4020E-07
 1  4  6  4  0.4061E-07
 1  4  6  4  0.4013E-07
 1  4  6  4  0.4010E-07
 1  4  7  4  0.3143E-07
 1  4  7  4  0.3100E-07
 1  4  7  4  0.3066E-07
 1  4  7  4  0.3059E-07
 1  4  7  4  0.3059E-07
 1  4  7  4  0.3051E-07
 1  4  7  4  0.3049E-07
 1  4  7  4  0.3062E-07
 1  4  7  4  0.3033E-07
 1  4  7  4  0.3060E-07
 1  4  8  4  0.2230E-07
 1  4  8  4  0.2215E-07
 1  4  8  4  0.2212E-07
 1  4  8  4  0.2225E-07
 1  4  8  4  0.2212E-07
 1  4  8  4  0.2222E-07
 1  4  8  4  0.2207E-07
 1  4  8  4  0.2209E-07
 1  4  8  4  0.2233E-07
 1  4  8  4  0.2206E-07
 1  4  9  4  0.2135E-07
 1  4  9  4  0.2123E-07
 1  4  9  4  0.2121E-07
 1  4  9  4  0.2120E-07
 1  4  9  4  0.2130E-07
 1  4  9  4  0.2121E-07
 1  4  9  4  0.2122E-07
 1  4  9  4  0.2120E-07
 1  4  9  4  0.2117E-07
 1  4  9  4  0.2114E-07
 1  4  10  4  0.1978E-07
 1  4  10  4  0.1932E-07
 1  4  10  4  0.1927E-07
 1  4  10  4  0.1930E-07
 1  4  10  4  0.1929E-07
 1  4  10  4  0.1940E-07
 1  4  10  4  0.1932E-07
 1  4  10  4  0.1938E-07
 1  4  10  4  0.1923E-07
 1  4  10  4  0.1943E-07
 1  4  11  4  0.1949E-07
 1  4  11  4  0.1904E-07
 1  4  11  4  0.1906E-07
 1  4  11  4  0.1902E-07
 1  4  11  4  0.1900E-07
 1  4  11  4  0.1912E-07
 1  4  11  4  0.1905E-07
 1  4  11  4  0.1902E-07
 1  4  11  4  0.1909E-07
 1  4  11  4  0.1910E-07
 1  4  12  4  0.1715E-07
 1  4  12  4  0.1692E-07
 1  4  12  4  0.1684E-07
 1  4  12  4  0.1690E-07
 1  4  12  4  0.1698E-07
 1  4  12  4  0.1690E-07
 1  4  12  4  0.1688E-07
 1  4  12  4  0.1691E-07
 1  4  12  4  0.1696E-07
 1  4  12  4  0.1686E-07
 1  4  13  4  0.1930E-07
 1  4  13  4  0.1898E-07
 1  4  13  4  0.1889E-07
 1  4  13  4  0.1885E-07
 1  4  13  4  0.1885E-07
 1  4  13  4  0.1896E-07
 1  4  13  4  0.1892E-07
 1  4  13  4  0.1890E-07
 1  4  13  4  0.1885E-07
 1  4  13  4  0.1889E-07
 1  4  14  4  0.1922E-07
 1  4  14  4  0.1907E-07
 1  4  14  4  0.1905E-07
 1  4  14  4  0.1903E-07
 1  4  14  4  0.1916E-07
 1  4  14  4  0.1905E-07
 1  4  14  4  0.1905E-07
 1  4  14  4  0.1913E-07
 1  4  14  4  0.1906E-07
 1  4  14  4  0.1910E-07
 1  4  16  4  0.2098E-07
 1  4  16  4  0.2092E-07
 1  4  16  4  0.2090E-07
 1  4  16  4  0.2084E-07
 1  4  16  4  0.2085E-07
 1  4  16  4  0.2079E-07
 1  4  16  4  0.2089E-07
 1  4  16  4  0.2081E-07
 1  4  16  4  0.2084E-07
 1  4  16  4  0.2085E-07
 1  4  17  4  0.2448E-07
 1  4  17  4  0.2445E-07
 1  4  17  4  0.2442E-07
 1  4  17  4  0.2441E-07
 1  4  17  4  0.2445E-07
 1  4  17  4  0.2442E-07
 1  4  17  4  0.2446E-07
 1  4  17  4  0.2441E-07
 1  4  17  4  0.2445E-07
 1  4  17  4  0.2445E-07
 1  4  18  4  0.2401E-07
 1  4  18  4  0.2396E-07
 1  4  18  4  0.2400E-07
 1  4  18  4  0.2400E-07
 1  4  18  4  0.2402E-07
 1  4  18  4  0.2395E-07
 1  4  18  4  0.2403E-07
 1  4  18  4  0.2397E-07
 1  4  18  4  0.2397E-07
 1  4  18  4  0.2398E-07
 1  4  19  4  0.2468E-07
 1  4  19  4  0.2461E-07
 1  4  19  4  0.2458E-07
 1  4  19  4  0.2459E-07
 1  4  19  4  0.2460E-07
 1  4  19  4  0.2459E-07
 1  4  19  4  0.2465E-07
 1  4  19  4  0.2458E-07
 1  4  19  4  0.2460E-07
 1  4  19  4  0.2458E-07
 1  4  20  4  0.2348E-07
 1  4  20  4  0.2347E-07
 1  4  20  4  0.2342E-07
 1  4  20  4  0.2343E-07
 1  4  20  4  0.2344E-07
 1  4  20  4  0.2344E-07
 1  4  20  4  0.2346E-07
 1  4  20  4  0.2340E-07
 1  4  20  4  0.2344E-07
 1  4  20  4  0.2344E-07
