 1  2048  3  2048  0.3088E-08
 1  2048  3  2048  0.3048E-08
 1  2048  3  2048  0.3017E-08
 1  2048  3  2048  0.2995E-08
 1  2048  3  2048  0.3059E-08
 1  2048  3  2048  0.3054E-08
 1  2048  3  2048  0.3019E-08
 1  2048  3  2048  0.2963E-08
 1  2048  3  2048  0.3009E-08
 1  2048  3  2048  0.2931E-08
 1  2048  4  2048  0.1267E-08
 1  2048  4  2048  0.1260E-08
 1  2048  4  2048  0.1244E-08
 1  2048  4  2048  0.1240E-08
 1  2048  4  2048  0.1261E-08
 1  2048  4  2048  0.1263E-08
 1  2048  4  2048  0.1247E-08
 1  2048  4  2048  0.1270E-08
 1  2048  4  2048  0.1264E-08
 1  2048  4  2048  0.1280E-08
 1  2048  5  2048  0.6933E-09
 1  2048  5  2048  0.6611E-09
 1  2048  5  2048  0.6555E-09
 1  2048  5  2048  0.6443E-09
 1  2048  5  2048  0.7053E-09
 1  2048  5  2048  0.7156E-09
 1  2048  5  2048  0.6639E-09
 1  2048  5  2048  0.6532E-09
 1  2048  5  2048  0.6535E-09
 1  2048  5  2048  0.6508E-09
 1  2048  6  2048  0.4044E-09
 1  2048  6  2048  0.3776E-09
 1  2048  6  2048  0.3785E-09
 1  2048  6  2048  0.3930E-09
 1  2048  6  2048  0.3889E-09
 1  2048  6  2048  0.3907E-09
 1  2048  6  2048  0.3847E-09
 1  2048  6  2048  0.4068E-09
 1  2048  6  2048  0.3836E-09
 1  2048  6  2048  0.3926E-09
 1  2048  7  2048  0.2929E-09
 1  2048  7  2048  0.2603E-09
 1  2048  7  2048  0.2595E-09
 1  2048  7  2048  0.2629E-09
 1  2048  7  2048  0.2639E-09
 1  2048  7  2048  0.2622E-09
 1  2048  7  2048  0.2596E-09
 1  2048  7  2048  0.2647E-09
 1  2048  7  2048  0.2705E-09
 1  2048  7  2048  0.2671E-09
 1  2048  8  2048  0.1845E-09
 1  2048  8  2048  0.1842E-09
 1  2048  8  2048  0.1855E-09
 1  2048  8  2048  0.1804E-09
 1  2048  8  2048  0.1858E-09
 1  2048  8  2048  0.1801E-09
 1  2048  8  2048  0.1826E-09
 1  2048  8  2048  0.1802E-09
 1  2048  8  2048  0.1821E-09
 1  2048  8  2048  0.1767E-09
 1  2048  9  2048  0.1455E-09
 1  2048  9  2048  0.1454E-09
 1  2048  9  2048  0.1429E-09
 1  2048  9  2048  0.1475E-09
 1  2048  9  2048  0.1427E-09
 1  2048  9  2048  0.1415E-09
 1  2048  9  2048  0.1403E-09
 1  2048  9  2048  0.1441E-09
 1  2048  9  2048  0.1374E-09
 1  2048  9  2048  0.1402E-09
 1  2048  10  2048  0.1197E-09
 1  2048  10  2048  0.1198E-09
 1  2048  10  2048  0.1200E-09
 1  2048  10  2048  0.1212E-09
 1  2048  10  2048  0.1223E-09
 1  2048  10  2048  0.1235E-09
 1  2048  10  2048  0.1215E-09
 1  2048  10  2048  0.1206E-09
 1  2048  10  2048  0.1189E-09
 1  2048  10  2048  0.1163E-09
 1  2048  11  2048  0.1137E-09
 1  2048  11  2048  0.1078E-09
 1  2048  11  2048  0.1066E-09
 1  2048  11  2048  0.1066E-09
 1  2048  11  2048  0.1066E-09
 1  2048  11  2048  0.1063E-09
 1  2048  11  2048  0.1083E-09
 1  2048  11  2048  0.1080E-09
 1  2048  11  2048  0.1112E-09
 1  2048  11  2048  0.1108E-09
 1  2048  12  2048  0.1016E-09
 1  2048  12  2048  0.1012E-09
 1  2048  12  2048  0.1013E-09
 1  2048  12  2048  0.1042E-09
 1  2048  12  2048  0.1055E-09
 1  2048  12  2048  0.9909E-10
 1  2048  12  2048  0.9643E-10
 1  2048  12  2048  0.9795E-10
 1  2048  12  2048  0.9766E-10
 1  2048  12  2048  0.9891E-10
 1  2048  13  2048  0.9464E-10
 1  2048  13  2048  0.9433E-10
 1  2048  13  2048  0.9525E-10
 1  2048  13  2048  0.9720E-10
 1  2048  13  2048  0.9594E-10
 1  2048  13  2048  0.9727E-10
 1  2048  13  2048  0.9479E-10
 1  2048  13  2048  0.9442E-10
 1  2048  13  2048  0.9355E-10
 1  2048  13  2048  0.9535E-10
 1  2048  14  2048  0.8711E-10
 1  2048  14  2048  0.8945E-10
 1  2048  14  2048  0.8568E-10
 1  2048  14  2048  0.8703E-10
 1  2048  14  2048  0.8490E-10
 1  2048  14  2048  0.8590E-10
 1  2048  14  2048  0.8715E-10
 1  2048  14  2048  0.8659E-10
 1  2048  14  2048  0.8787E-10
 1  2048  14  2048  0.8641E-10
 1  2048  15  2048  0.8345E-10
 1  2048  15  2048  0.8331E-10
 1  2048  15  2048  0.8158E-10
 1  2048  15  2048  0.8172E-10
 1  2048  15  2048  0.7990E-10
 1  2048  15  2048  0.8167E-10
 1  2048  15  2048  0.8251E-10
 1  2048  15  2048  0.8216E-10
 1  2048  15  2048  0.8005E-10
 1  2048  15  2048  0.8063E-10
 1  2048  16  2048  0.7343E-10
 1  2048  16  2048  0.7282E-10
 1  2048  16  2048  0.7241E-10
 1  2048  16  2048  0.7173E-10
 1  2048  16  2048  0.7280E-10
 1  2048  16  2048  0.7380E-10
 1  2048  16  2048  0.7355E-10
 1  2048  16  2048  0.7272E-10
 1  2048  16  2048  0.7269E-10
 1  2048  16  2048  0.7293E-10
 1  2048  17  2048  0.7510E-10
 1  2048  17  2048  0.7466E-10
 1  2048  17  2048  0.7751E-10
 1  2048  17  2048  0.7506E-10
 1  2048  17  2048  0.7417E-10
 1  2048  17  2048  0.7434E-10
 1  2048  17  2048  0.7637E-10
 1  2048  17  2048  0.7531E-10
 1  2048  17  2048  0.7465E-10
 1  2048  17  2048  0.7429E-10
 1  2048  18  2048  0.7069E-10
 1  2048  18  2048  0.7014E-10
 1  2048  18  2048  0.6962E-10
 1  2048  18  2048  0.6919E-10
 1  2048  18  2048  0.6931E-10
 1  2048  18  2048  0.6967E-10
 1  2048  18  2048  0.6951E-10
 1  2048  18  2048  0.6938E-10
 1  2048  18  2048  0.7068E-10
 1  2048  18  2048  0.6981E-10
 1  2048  19  2048  0.6988E-10
 1  2048  19  2048  0.6770E-10
 1  2048  19  2048  0.6811E-10
 1  2048  19  2048  0.6836E-10
 1  2048  19  2048  0.6881E-10
 1  2048  19  2048  0.6797E-10
 1  2048  19  2048  0.6824E-10
 1  2048  19  2048  0.6903E-10
 1  2048  19  2048  0.6822E-10
 1  2048  19  2048  0.6805E-10
 1  2048  20  2048  0.6327E-10
 1  2048  20  2048  0.6343E-10
 1  2048  20  2048  0.6333E-10
 1  2048  20  2048  0.6307E-10
 1  2048  20  2048  0.6404E-10
 1  2048  20  2048  0.6272E-10
 1  2048  20  2048  0.6315E-10
 1  2048  20  2048  0.6426E-10
 1  2048  20  2048  0.6341E-10
 1  2048  20  2048  0.6338E-10
