 1  4096  3  4096  0.2709E-08
 1  4096  3  4096  0.2568E-08
 1  4096  3  4096  0.2615E-08
 1  4096  3  4096  0.2627E-08
 1  4096  3  4096  0.2637E-08
 1  4096  3  4096  0.2647E-08
 1  4096  3  4096  0.2619E-08
 1  4096  3  4096  0.2569E-08
 1  4096  3  4096  0.2533E-08
 1  4096  3  4096  0.2673E-08
 1  4096  4  4096  0.1233E-08
 1  4096  4  4096  0.1110E-08
 1  4096  4  4096  0.1119E-08
 1  4096  4  4096  0.1121E-08
 1  4096  4  4096  0.1118E-08
 1  4096  4  4096  0.1145E-08
 1  4096  4  4096  0.1111E-08
 1  4096  4  4096  0.1075E-08
 1  4096  4  4096  0.1099E-08
 1  4096  4  4096  0.1085E-08
 1  4096  5  4096  0.6789E-09
 1  4096  5  4096  0.6244E-09
 1  4096  5  4096  0.6306E-09
 1  4096  5  4096  0.6135E-09
 1  4096  5  4096  0.6076E-09
 1  4096  5  4096  0.6113E-09
 1  4096  5  4096  0.6346E-09
 1  4096  5  4096  0.6276E-09
 1  4096  5  4096  0.6165E-09
 1  4096  5  4096  0.6424E-09
 1  4096  6  4096  0.4104E-09
 1  4096  6  4096  0.3722E-09
 1  4096  6  4096  0.3642E-09
 1  4096  6  4096  0.3667E-09
 1  4096  6  4096  0.3785E-09
 1  4096  6  4096  0.3754E-09
 1  4096  6  4096  0.3828E-09
 1  4096  6  4096  0.3887E-09
 1  4096  6  4096  0.3840E-09
 1  4096  6  4096  0.3899E-09
 1  4096  7  4096  0.2973E-09
 1  4096  7  4096  0.2675E-09
 1  4096  7  4096  0.2614E-09
 1  4096  7  4096  0.2538E-09
 1  4096  7  4096  0.2467E-09
 1  4096  7  4096  0.2505E-09
 1  4096  7  4096  0.2535E-09
 1  4096  7  4096  0.2560E-09
 1  4096  7  4096  0.2561E-09
 1  4096  7  4096  0.2628E-09
 1  4096  8  4096  0.2092E-09
 1  4096  8  4096  0.1861E-09
 1  4096  8  4096  0.1780E-09
 1  4096  8  4096  0.1779E-09
 1  4096  8  4096  0.1774E-09
 1  4096  8  4096  0.1857E-09
 1  4096  8  4096  0.1880E-09
 1  4096  8  4096  0.1898E-09
 1  4096  8  4096  0.1928E-09
 1  4096  8  4096  0.1904E-09
 1  4096  9  4096  0.1598E-09
 1  4096  9  4096  0.1474E-09
 1  4096  9  4096  0.1472E-09
 1  4096  9  4096  0.1459E-09
 1  4096  9  4096  0.1472E-09
 1  4096  9  4096  0.1509E-09
 1  4096  9  4096  0.1509E-09
 1  4096  9  4096  0.1495E-09
 1  4096  9  4096  0.1491E-09
 1  4096  9  4096  0.1476E-09
 1  4096  10  4096  0.1265E-09
 1  4096  10  4096  0.1213E-09
 1  4096  10  4096  0.1252E-09
 1  4096  10  4096  0.1258E-09
 1  4096  10  4096  0.1264E-09
 1  4096  10  4096  0.1249E-09
 1  4096  10  4096  0.1220E-09
 1  4096  10  4096  0.1213E-09
 1  4096  10  4096  0.1201E-09
 1  4096  10  4096  0.1247E-09
 1  4096  11  4096  0.1129E-09
 1  4096  11  4096  0.1058E-09
 1  4096  11  4096  0.1043E-09
 1  4096  11  4096  0.1043E-09
 1  4096  11  4096  0.1066E-09
 1  4096  11  4096  0.1081E-09
 1  4096  11  4096  0.1076E-09
 1  4096  11  4096  0.1058E-09
 1  4096  11  4096  0.1033E-09
 1  4096  11  4096  0.1039E-09
 1  4096  12  4096  0.9396E-10
 1  4096  12  4096  0.8870E-10
 1  4096  12  4096  0.8817E-10
 1  4096  12  4096  0.8942E-10
 1  4096  12  4096  0.9112E-10
 1  4096  12  4096  0.9133E-10
 1  4096  12  4096  0.8894E-10
 1  4096  12  4096  0.8720E-10
 1  4096  12  4096  0.8893E-10
 1  4096  12  4096  0.9210E-10
 1  4096  13  4096  0.8001E-10
 1  4096  13  4096  0.8033E-10
 1  4096  13  4096  0.7850E-10
 1  4096  13  4096  0.7649E-10
 1  4096  13  4096  0.7704E-10
 1  4096  13  4096  0.7977E-10
 1  4096  13  4096  0.8061E-10
 1  4096  13  4096  0.7779E-10
 1  4096  13  4096  0.7627E-10
 1  4096  13  4096  0.7766E-10
 1  4096  14  4096  0.7162E-10
 1  4096  14  4096  0.7020E-10
 1  4096  14  4096  0.6704E-10
 1  4096  14  4096  0.6622E-10
 1  4096  14  4096  0.6713E-10
 1  4096  14  4096  0.6816E-10
 1  4096  14  4096  0.6762E-10
 1  4096  14  4096  0.6651E-10
 1  4096  14  4096  0.6657E-10
 1  4096  14  4096  0.6853E-10
 1  4096  15  4096  0.6161E-10
 1  4096  15  4096  0.5989E-10
 1  4096  15  4096  0.6072E-10
 1  4096  15  4096  0.6071E-10
 1  4096  15  4096  0.6022E-10
 1  4096  15  4096  0.5971E-10
 1  4096  15  4096  0.6162E-10
 1  4096  15  4096  0.6081E-10
 1  4096  15  4096  0.6043E-10
 1  4096  15  4096  0.5957E-10
 1  4096  16  4096  0.5420E-10
 1  4096  16  4096  0.5414E-10
 1  4096  16  4096  0.5507E-10
 1  4096  16  4096  0.5375E-10
 1  4096  16  4096  0.5312E-10
 1  4096  16  4096  0.5397E-10
 1  4096  16  4096  0.5432E-10
 1  4096  16  4096  0.5398E-10
 1  4096  16  4096  0.5407E-10
 1  4096  16  4096  0.5524E-10
 1  4096  17  4096  0.5296E-10
 1  4096  17  4096  0.5177E-10
 1  4096  17  4096  0.5361E-10
 1  4096  17  4096  0.5178E-10
 1  4096  17  4096  0.5167E-10
 1  4096  17  4096  0.5322E-10
 1  4096  17  4096  0.5271E-10
 1  4096  17  4096  0.5199E-10
 1  4096  17  4096  0.5315E-10
 1  4096  17  4096  0.5231E-10
 1  4096  18  4096  0.4759E-10
 1  4096  18  4096  0.4835E-10
 1  4096  18  4096  0.4855E-10
 1  4096  18  4096  0.4672E-10
 1  4096  18  4096  0.4827E-10
 1  4096  18  4096  0.4808E-10
 1  4096  18  4096  0.4693E-10
 1  4096  18  4096  0.4845E-10
 1  4096  18  4096  0.4859E-10
 1  4096  18  4096  0.4694E-10
 1  4096  19  4096  0.4716E-10
 1  4096  19  4096  0.4702E-10
 1  4096  19  4096  0.4635E-10
 1  4096  19  4096  0.4655E-10
 1  4096  19  4096  0.4624E-10
 1  4096  19  4096  0.4635E-10
 1  4096  19  4096  0.4656E-10
 1  4096  19  4096  0.4593E-10
 1  4096  19  4096  0.4648E-10
 1  4096  19  4096  0.4648E-10
 1  4096  20  4096  0.4499E-10
 1  4096  20  4096  0.4434E-10
 1  4096  20  4096  0.4415E-10
 1  4096  20  4096  0.4380E-10
 1  4096  20  4096  0.4434E-10
 1  4096  20  4096  0.4344E-10
 1  4096  20  4096  0.4397E-10
 1  4096  20  4096  0.4366E-10
 1  4096  20  4096  0.4401E-10
 1  4096  20  4096  0.4368E-10
