 1  4096  3  4096  0.3876E-08
 1  4096  3  4096  0.3961E-08
 1  4096  3  4096  0.3777E-08
 1  4096  3  4096  0.3679E-08
 1  4096  3  4096  0.3619E-08
 1  4096  3  4096  0.3593E-08
 1  4096  3  4096  0.3678E-08
 1  4096  3  4096  0.3680E-08
 1  4096  3  4096  0.3803E-08
 1  4096  3  4096  0.3868E-08
 1  4096  4  4096  0.1671E-08
 1  4096  4  4096  0.1622E-08
 1  4096  4  4096  0.1642E-08
 1  4096  4  4096  0.1608E-08
 1  4096  4  4096  0.1605E-08
 1  4096  4  4096  0.1640E-08
 1  4096  4  4096  0.1604E-08
 1  4096  4  4096  0.1612E-08
 1  4096  4  4096  0.1592E-08
 1  4096  4  4096  0.1606E-08
 1  4096  5  4096  0.8652E-09
 1  4096  5  4096  0.8493E-09
 1  4096  5  4096  0.8587E-09
 1  4096  5  4096  0.8485E-09
 1  4096  5  4096  0.8227E-09
 1  4096  5  4096  0.8513E-09
 1  4096  5  4096  0.8274E-09
 1  4096  5  4096  0.8354E-09
 1  4096  5  4096  0.8613E-09
 1  4096  5  4096  0.8538E-09
 1  4096  6  4096  0.5191E-09
 1  4096  6  4096  0.5098E-09
 1  4096  6  4096  0.5050E-09
 1  4096  6  4096  0.4895E-09
 1  4096  6  4096  0.4940E-09
 1  4096  6  4096  0.4913E-09
 1  4096  6  4096  0.5068E-09
 1  4096  6  4096  0.5189E-09
 1  4096  6  4096  0.5268E-09
 1  4096  6  4096  0.5129E-09
 1  4096  7  4096  0.3360E-09
 1  4096  7  4096  0.3403E-09
 1  4096  7  4096  0.3315E-09
 1  4096  7  4096  0.3361E-09
 1  4096  7  4096  0.3127E-09
 1  4096  7  4096  0.3207E-09
 1  4096  7  4096  0.3247E-09
 1  4096  7  4096  0.3344E-09
 1  4096  7  4096  0.3402E-09
 1  4096  7  4096  0.3327E-09
 1  4096  8  4096  0.2591E-09
 1  4096  8  4096  0.2583E-09
 1  4096  8  4096  0.2674E-09
 1  4096  8  4096  0.2791E-09
 1  4096  8  4096  0.2727E-09
 1  4096  8  4096  0.2576E-09
 1  4096  8  4096  0.2572E-09
 1  4096  8  4096  0.2613E-09
 1  4096  8  4096  0.2697E-09
 1  4096  8  4096  0.2768E-09
 1  4096  9  4096  0.2147E-09
 1  4096  9  4096  0.2081E-09
 1  4096  9  4096  0.2091E-09
 1  4096  9  4096  0.2085E-09
 1  4096  9  4096  0.2098E-09
 1  4096  9  4096  0.2117E-09
 1  4096  9  4096  0.2088E-09
 1  4096  9  4096  0.2067E-09
 1  4096  9  4096  0.2050E-09
 1  4096  9  4096  0.2099E-09
 1  4096  10  4096  0.1751E-09
 1  4096  10  4096  0.1708E-09
 1  4096  10  4096  0.1681E-09
 1  4096  10  4096  0.1685E-09
 1  4096  10  4096  0.1748E-09
 1  4096  10  4096  0.1718E-09
 1  4096  10  4096  0.1680E-09
 1  4096  10  4096  0.1656E-09
 1  4096  10  4096  0.1709E-09
 1  4096  10  4096  0.1724E-09
 1  4096  11  4096  0.1442E-09
 1  4096  11  4096  0.1461E-09
 1  4096  11  4096  0.1481E-09
 1  4096  11  4096  0.1433E-09
 1  4096  11  4096  0.1411E-09
 1  4096  11  4096  0.1447E-09
 1  4096  11  4096  0.1518E-09
 1  4096  11  4096  0.1443E-09
 1  4096  11  4096  0.1411E-09
 1  4096  11  4096  0.1447E-09
 1  4096  12  4096  0.1183E-09
 1  4096  12  4096  0.1159E-09
 1  4096  12  4096  0.1180E-09
 1  4096  12  4096  0.1199E-09
 1  4096  12  4096  0.1190E-09
 1  4096  12  4096  0.1162E-09
 1  4096  12  4096  0.1204E-09
 1  4096  12  4096  0.1223E-09
 1  4096  12  4096  0.1171E-09
 1  4096  12  4096  0.1159E-09
 1  4096  13  4096  0.1018E-09
 1  4096  13  4096  0.1041E-09
 1  4096  13  4096  0.9948E-10
 1  4096  13  4096  0.9923E-10
 1  4096  13  4096  0.1042E-09
 1  4096  13  4096  0.1003E-09
 1  4096  13  4096  0.9840E-10
 1  4096  13  4096  0.1003E-09
 1  4096  13  4096  0.1051E-09
 1  4096  13  4096  0.1001E-09
 1  4096  14  4096  0.8374E-10
 1  4096  14  4096  0.8528E-10
 1  4096  14  4096  0.8611E-10
 1  4096  14  4096  0.8466E-10
 1  4096  14  4096  0.8439E-10
 1  4096  14  4096  0.8955E-10
 1  4096  14  4096  0.8727E-10
 1  4096  14  4096  0.8424E-10
 1  4096  14  4096  0.8545E-10
 1  4096  14  4096  0.8722E-10
 1  4096  15  4096  0.7526E-10
 1  4096  15  4096  0.7643E-10
 1  4096  15  4096  0.7446E-10
 1  4096  15  4096  0.7441E-10
 1  4096  15  4096  0.7805E-10
 1  4096  15  4096  0.7538E-10
 1  4096  15  4096  0.7569E-10
 1  4096  15  4096  0.7604E-10
 1  4096  15  4096  0.7541E-10
 1  4096  15  4096  0.7445E-10
 1  4096  16  4096  0.6680E-10
 1  4096  16  4096  0.6833E-10
 1  4096  16  4096  0.6467E-10
 1  4096  16  4096  0.6626E-10
 1  4096  16  4096  0.6690E-10
 1  4096  16  4096  0.6569E-10
 1  4096  16  4096  0.6758E-10
 1  4096  16  4096  0.6782E-10
 1  4096  16  4096  0.6568E-10
 1  4096  16  4096  0.6605E-10
 1  4096  17  4096  0.6240E-10
 1  4096  17  4096  0.6308E-10
 1  4096  17  4096  0.6329E-10
 1  4096  17  4096  0.6223E-10
 1  4096  17  4096  0.6566E-10
 1  4096  17  4096  0.6229E-10
 1  4096  17  4096  0.6180E-10
 1  4096  17  4096  0.6331E-10
 1  4096  17  4096  0.6168E-10
 1  4096  17  4096  0.6332E-10
 1  4096  18  4096  0.5565E-10
 1  4096  18  4096  0.5718E-10
 1  4096  18  4096  0.5551E-10
 1  4096  18  4096  0.5573E-10
 1  4096  18  4096  0.5788E-10
 1  4096  18  4096  0.5510E-10
 1  4096  18  4096  0.5826E-10
 1  4096  18  4096  0.5545E-10
 1  4096  18  4096  0.5598E-10
 1  4096  18  4096  0.5732E-10
 1  4096  19  4096  0.5267E-10
 1  4096  19  4096  0.5341E-10
 1  4096  19  4096  0.5287E-10
 1  4096  19  4096  0.5337E-10
 1  4096  19  4096  0.5331E-10
 1  4096  19  4096  0.5360E-10
 1  4096  19  4096  0.5337E-10
 1  4096  19  4096  0.5260E-10
 1  4096  19  4096  0.5371E-10
 1  4096  19  4096  0.5241E-10
 1  4096  20  4096  0.4855E-10
 1  4096  20  4096  0.4859E-10
 1  4096  20  4096  0.4804E-10
 1  4096  20  4096  0.4856E-10
 1  4096  20  4096  0.4883E-10
 1  4096  20  4096  0.4897E-10
 1  4096  20  4096  0.4911E-10
 1  4096  20  4096  0.4854E-10
 1  4096  20  4096  0.4921E-10
 1  4096  20  4096  0.4866E-10
