 1  16  3  16  0.6591E-07
 1  16  3  16  0.6347E-07
 1  16  3  16  0.6251E-07
 1  16  3  16  0.6332E-07
 1  16  3  16  0.6205E-07
 1  16  3  16  0.6193E-07
 1  16  3  16  0.6211E-07
 1  16  3  16  0.6203E-07
 1  16  3  16  0.6190E-07
 1  16  3  16  0.6201E-07
 1  16  4  16  0.4198E-07
 1  16  4  16  0.4032E-07
 1  16  4  16  0.3987E-07
 1  16  4  16  0.3992E-07
 1  16  4  16  0.3968E-07
 1  16  4  16  0.3944E-07
 1  16  4  16  0.3939E-07
 1  16  4  16  0.3989E-07
 1  16  4  16  0.3949E-07
 1  16  4  16  0.3987E-07
 1  16  5  16  0.2428E-07
 1  16  5  16  0.2313E-07
 1  16  5  16  0.2314E-07
 1  16  5  16  0.2295E-07
 1  16  5  16  0.2291E-07
 1  16  5  16  0.2303E-07
 1  16  5  16  0.2300E-07
 1  16  5  16  0.2280E-07
 1  16  5  16  0.2290E-07
 1  16  5  16  0.2301E-07
 1  16  6  16  0.1562E-07
 1  16  6  16  0.1470E-07
 1  16  6  16  0.1461E-07
 1  16  6  16  0.1480E-07
 1  16  6  16  0.1451E-07
 1  16  6  16  0.1451E-07
 1  16  6  16  0.1460E-07
 1  16  6  16  0.1457E-07
 1  16  6  16  0.1456E-07
 1  16  6  16  0.1462E-07
 1  16  7  16  0.1154E-07
 1  16  7  16  0.1115E-07
 1  16  7  16  0.1108E-07
 1  16  7  16  0.1105E-07
 1  16  7  16  0.1105E-07
 1  16  7  16  0.1096E-07
 1  16  7  16  0.1102E-07
 1  16  7  16  0.1111E-07
 1  16  7  16  0.1097E-07
 1  16  7  16  0.1096E-07
 1  16  8  16  0.8875E-08
 1  16  8  16  0.8371E-08
 1  16  8  16  0.8364E-08
 1  16  8  16  0.8284E-08
 1  16  8  16  0.8247E-08
 1  16  8  16  0.8225E-08
 1  16  8  16  0.8230E-08
 1  16  8  16  0.8299E-08
 1  16  8  16  0.8219E-08
 1  16  8  16  0.8219E-08
 1  16  9  16  0.8060E-08
 1  16  9  16  0.7513E-08
 1  16  9  16  0.7446E-08
 1  16  9  16  0.7434E-08
 1  16  9  16  0.7408E-08
 1  16  9  16  0.7387E-08
 1  16  9  16  0.7404E-08
 1  16  9  16  0.7389E-08
 1  16  9  16  0.7416E-08
 1  16  9  16  0.7384E-08
 1  16  10  16  0.7332E-08
 1  16  10  16  0.6974E-08
 1  16  10  16  0.6917E-08
 1  16  10  16  0.6884E-08
 1  16  10  16  0.6929E-08
 1  16  10  16  0.6895E-08
 1  16  10  16  0.6865E-08
 1  16  10  16  0.6881E-08
 1  16  10  16  0.6930E-08
 1  16  10  16  0.6900E-08
 1  16  11  16  0.7693E-08
 1  16  11  16  0.7364E-08
 1  16  11  16  0.7402E-08
 1  16  11  16  0.7418E-08
 1  16  11  16  0.7372E-08
 1  16  11  16  0.7380E-08
 1  16  11  16  0.7383E-08
 1  16  11  16  0.7332E-08
 1  16  11  16  0.7359E-08
 1  16  11  16  0.7331E-08
 1  16  12  16  0.7336E-08
 1  16  12  16  0.7069E-08
 1  16  12  16  0.7035E-08
 1  16  12  16  0.7057E-08
 1  16  12  16  0.7038E-08
 1  16  12  16  0.7039E-08
 1  16  12  16  0.7057E-08
 1  16  12  16  0.7025E-08
 1  16  12  16  0.7024E-08
 1  16  12  16  0.7024E-08
 1  16  13  16  0.7833E-08
 1  16  13  16  0.7673E-08
 1  16  13  16  0.7664E-08
 1  16  13  16  0.7627E-08
 1  16  13  16  0.7689E-08
 1  16  13  16  0.7669E-08
 1  16  13  16  0.7642E-08
 1  16  13  16  0.7722E-08
 1  16  13  16  0.7659E-08
 1  16  13  16  0.7646E-08
 1  16  14  16  0.7913E-08
 1  16  14  16  0.7807E-08
 1  16  14  16  0.7805E-08
 1  16  14  16  0.7795E-08
 1  16  14  16  0.7791E-08
 1  16  14  16  0.7830E-08
 1  16  14  16  0.7812E-08
 1  16  14  16  0.7799E-08
 1  16  14  16  0.7789E-08
 1  16  14  16  0.7813E-08
 1  16  15  16  0.7937E-08
 1  16  15  16  0.7857E-08
 1  16  15  16  0.7845E-08
 1  16  15  16  0.7837E-08
 1  16  15  16  0.7833E-08
 1  16  15  16  0.7873E-08
 1  16  15  16  0.7895E-08
 1  16  15  16  0.7837E-08
 1  16  15  16  0.7857E-08
 1  16  15  16  0.7845E-08
 1  16  16  16  0.7069E-08
 1  16  16  16  0.6988E-08
 1  16  16  16  0.6989E-08
 1  16  16  16  0.7048E-08
 1  16  16  16  0.7000E-08
 1  16  16  16  0.7023E-08
 1  16  16  16  0.7006E-08
 1  16  16  16  0.7006E-08
 1  16  16  16  0.7001E-08
 1  16  16  16  0.7010E-08
 1  16  17  16  0.7765E-08
 1  16  17  16  0.7721E-08
 1  16  17  16  0.7719E-08
 1  16  17  16  0.7733E-08
 1  16  17  16  0.7726E-08
 1  16  17  16  0.7726E-08
 1  16  17  16  0.7760E-08
 1  16  17  16  0.7742E-08
 1  16  17  16  0.7741E-08
 1  16  17  16  0.7733E-08
 1  16  18  16  0.7412E-08
 1  16  18  16  0.7366E-08
 1  16  18  16  0.7374E-08
 1  16  18  16  0.7374E-08
 1  16  18  16  0.7370E-08
 1  16  18  16  0.7365E-08
 1  16  18  16  0.7358E-08
 1  16  18  16  0.7395E-08
 1  16  18  16  0.7367E-08
 1  16  18  16  0.7375E-08
 1  16  19  16  0.7580E-08
 1  16  19  16  0.7550E-08
 1  16  19  16  0.7548E-08
 1  16  19  16  0.7558E-08
 1  16  19  16  0.7564E-08
 1  16  19  16  0.7561E-08
 1  16  19  16  0.7564E-08
 1  16  19  16  0.7575E-08
 1  16  19  16  0.7563E-08
 1  16  19  16  0.7573E-08
 1  16  20  16  0.7484E-08
 1  16  20  16  0.7452E-08
 1  16  20  16  0.7457E-08
 1  16  20  16  0.7458E-08
 1  16  20  16  0.7462E-08
 1  16  20  16  0.7452E-08
 1  16  20  16  0.7465E-08
 1  16  20  16  0.7465E-08
 1  16  20  16  0.7464E-08
 1  16  20  16  0.7455E-08
