 1  1  3  1  0.1522E-06
 1  1  3  1  0.1502E-06
 1  1  3  1  0.1507E-06
 1  1  3  1  0.1494E-06
 1  1  3  1  0.1476E-06
 1  1  3  1  0.1566E-06
 1  1  3  1  0.1501E-06
 1  1  3  1  0.1452E-06
 1  1  3  1  0.1554E-06
 1  1  3  1  0.1496E-06
 1  1  4  1  0.3489E-06
 1  1  4  1  0.7910E-06
 1  1  4  1  0.3017E-06
 1  1  4  1  0.1875E-06
 1  1  4  1  0.1925E-06
 1  1  4  1  0.2819E-06
 1  1  4  1  0.1403E-06
 1  1  4  1  0.3229E-06
 1  1  4  1  0.3700E-06
 1  1  4  1  0.2123E-06
 1  1  5  1  0.2187E-06
 1  1  5  1  0.1729E-06
 1  1  5  1  0.1526E-06
 1  1  5  1  0.1837E-06
 1  1  5  1  0.2238E-06
 1  1  5  1  0.1119E-06
 1  1  5  1  0.1761E-06
 1  1  5  1  0.1736E-06
 1  1  5  1  0.1526E-06
 1  1  5  1  0.1869E-06
 1  1  6  1  0.1991E-06
 1  1  6  1  0.1280E-06
 1  1  6  1  0.1420E-06
 1  1  6  1  0.1141E-06
 1  1  6  1  0.1141E-06
 1  1  6  1  0.1111E-06
 1  1  6  1  0.1126E-06
 1  1  6  1  0.1111E-06
 1  1  6  1  0.1144E-06
 1  1  6  1  0.1468E-06
 1  1  7  1  0.1223E-06
 1  1  7  1  0.1156E-06
 1  1  7  1  0.1126E-06
 1  1  7  1  0.1117E-06
 1  1  7  1  0.1077E-06
 1  1  7  1  0.9430E-07
 1  1  7  1  0.1119E-06
 1  1  7  1  0.1080E-06
 1  1  7  1  0.1186E-06
 1  1  7  1  0.9523E-07
 1  1  8  1  0.1003E-06
 1  1  8  1  0.9049E-07
 1  1  8  1  0.8863E-07
 1  1  8  1  0.8723E-07
 1  1  8  1  0.8801E-07
 1  1  8  1  0.8661E-07
 1  1  8  1  0.1119E-06
 1  1  8  1  0.9437E-07
 1  1  8  1  0.8801E-07
 1  1  8  1  0.8801E-07
 1  1  9  1  0.7228E-07
 1  1  9  1  0.6181E-07
 1  1  9  1  0.6083E-07
 1  1  9  1  0.5996E-07
 1  1  9  1  0.6029E-07
 1  1  9  1  0.9561E-07
 1  1  9  1  0.6672E-07
 1  1  9  1  0.6356E-07
 1  1  9  1  0.1115E-06
 1  1  9  1  0.6672E-07
 1  1  10  1  0.1053E-06
 1  1  10  1  0.9934E-07
 1  1  10  1  0.9799E-07
 1  1  10  1  0.9600E-07
 1  1  10  1  0.9537E-07
 1  1  10  1  0.9195E-07
 1  1  10  1  0.1080E-06
 1  1  10  1  0.9799E-07
 1  1  10  1  0.9362E-07
 1  1  10  1  0.9934E-07
 1  1  11  1  0.9565E-07
 1  1  11  1  0.8568E-07
 1  1  11  1  0.8616E-07
 1  1  11  1  0.8562E-07
 1  1  11  1  0.8765E-07
 1  1  11  1  0.8664E-07
 1  1  11  1  0.8592E-07
 1  1  11  1  0.9165E-07
 1  1  11  1  0.8389E-07
 1  1  11  1  0.8616E-07
 1  1  12  1  0.7368E-07
 1  1  12  1  0.6673E-07
 1  1  12  1  0.7331E-07
 1  1  12  1  0.6595E-07
 1  1  12  1  0.6968E-07
 1  1  12  1  0.6922E-07
 1  1  12  1  0.6770E-07
 1  1  12  1  0.7331E-07
 1  1  12  1  0.7368E-07
 1  1  12  1  0.6729E-07
 1  1  13  1  0.7528E-07
 1  1  13  1  0.7054E-07
 1  1  13  1  0.6916E-07
 1  1  13  1  0.6750E-07
 1  1  13  1  0.7025E-07
 1  1  13  1  0.6811E-07
 1  1  13  1  0.7481E-07
 1  1  13  1  0.7220E-07
 1  1  13  1  0.7224E-07
 1  1  13  1  0.7057E-07
 1  1  14  1  0.6693E-07
 1  1  14  1  0.6097E-07
 1  1  14  1  0.6815E-07
 1  1  14  1  0.6389E-07
 1  1  14  1  0.6328E-07
 1  1  14  1  0.6294E-07
 1  1  14  1  0.6415E-07
 1  1  14  1  0.6354E-07
 1  1  14  1  0.6925E-07
 1  1  14  1  0.6438E-07
 1  1  15  1  0.7615E-07
 1  1  15  1  0.9245E-07
 1  1  15  1  0.7644E-07
 1  1  15  1  0.7674E-07
 1  1  15  1  0.7813E-07
 1  1  15  1  0.7368E-07
 1  1  15  1  0.7349E-07
 1  1  15  1  0.7455E-07
 1  1  15  1  0.7269E-07
 1  1  15  1  0.7655E-07
 1  1  16  1  0.8007E-07
 1  1  16  1  0.7681E-07
 1  1  16  1  0.7691E-07
 1  1  16  1  0.8252E-07
 1  1  16  1  0.8267E-07
 1  1  16  1  0.8349E-07
 1  1  16  1  0.8155E-07
 1  1  16  1  0.7773E-07
 1  1  16  1  0.7788E-07
 1  1  16  1  0.8203E-07
 1  1  17  1  0.8902E-07
 1  1  17  1  0.8337E-07
 1  1  17  1  0.8706E-07
 1  1  17  1  0.8434E-07
 1  1  17  1  0.8819E-07
 1  1  17  1  0.8339E-07
 1  1  17  1  0.8460E-07
 1  1  17  1  0.8806E-07
 1  1  17  1  0.8454E-07
 1  1  17  1  0.8515E-07
 1  1  18  1  0.9533E-07
 1  1  18  1  0.9333E-07
 1  1  18  1  0.9254E-07
 1  1  18  1  0.9442E-07
 1  1  18  1  0.9249E-07
 1  1  18  1  0.9551E-07
 1  1  18  1  0.9202E-07
 1  1  18  1  0.9574E-07
 1  1  18  1  0.9213E-07
 1  1  18  1  0.9551E-07
 1  1  19  1  0.9700E-07
 1  1  19  1  0.9535E-07
 1  1  19  1  0.9452E-07
 1  1  19  1  0.9530E-07
 1  1  19  1  0.9792E-07
 1  1  19  1  0.9398E-07
 1  1  19  1  0.9871E-07
 1  1  19  1  0.9394E-07
 1  1  19  1  0.9812E-07
 1  1  19  1  0.9370E-07
 1  1  20  1  0.9875E-07
 1  1  20  1  0.9441E-07
 1  1  20  1  0.9487E-07
 1  1  20  1  0.9671E-07
 1  1  20  1  0.9283E-07
 1  1  20  1  0.9696E-07
 1  1  20  1  0.9263E-07
 1  1  20  1  0.9591E-07
 1  1  20  1  0.9559E-07
 1  1  20  1  0.9379E-07
