 2  128  3  256  0.1496E-07
 2  128  3  256  0.1406E-07
 2  128  3  256  0.1406E-07
 2  128  3  256  0.3651E-07
 2  128  3  256  0.3525E-07
 2  128  3  256  0.3756E-07
 2  128  3  256  0.3333E-07
 2  128  3  256  0.3309E-07
 2  128  3  256  0.3342E-07
 2  128  3  256  0.3303E-07
 2  128  4  256  0.7107E-08
 2  128  4  256  0.6549E-08
 2  128  4  256  0.6468E-08
 2  128  4  256  0.6597E-08
 2  128  4  256  0.6604E-08
 2  128  4  256  0.1648E-07
 2  128  4  256  0.1548E-07
 2  128  4  256  0.1477E-07
 2  128  4  256  0.1473E-07
 2  128  4  256  0.1459E-07
 2  128  5  256  0.4223E-08
 2  128  5  256  0.4053E-08
 2  128  5  256  0.3912E-08
 2  128  5  256  0.3961E-08
 2  128  5  256  0.3904E-08
 2  128  5  256  0.3915E-08
 2  128  5  256  0.3921E-08
 2  128  5  256  0.4120E-08
 2  128  5  256  0.8374E-08
 2  128  5  256  0.8208E-08
 2  128  6  256  0.2977E-08
 2  128  6  256  0.2718E-08
 2  128  6  256  0.2706E-08
 2  128  6  256  0.2676E-08
 2  128  6  256  0.2669E-08
 2  128  6  256  0.2671E-08
 2  128  6  256  0.2687E-08
 2  128  6  256  0.2710E-08
 2  128  6  256  0.2688E-08
 2  128  6  256  0.2695E-08
 2  128  7  256  0.2430E-08
 2  128  7  256  0.2257E-08
 2  128  7  256  0.2228E-08
 2  128  7  256  0.2214E-08
 2  128  7  256  0.2218E-08
 2  128  7  256  0.2219E-08
 2  128  7  256  0.2208E-08
 2  128  7  256  0.2221E-08
 2  128  7  256  0.2235E-08
 2  128  7  256  0.2219E-08
 2  128  8  256  0.1505E-08
 2  128  8  256  0.1372E-08
 2  128  8  256  0.1352E-08
 2  128  8  256  0.1361E-08
 2  128  8  256  0.1351E-08
 2  128  8  256  0.1345E-08
 2  128  8  256  0.1350E-08
 2  128  8  256  0.1358E-08
 2  128  8  256  0.1349E-08
 2  128  8  256  0.1351E-08
 2  128  9  256  0.1953E-08
 2  128  9  256  0.1867E-08
 2  128  9  256  0.1865E-08
 2  128  9  256  0.1861E-08
 2  128  9  256  0.1852E-08
 2  128  9  256  0.1856E-08
 2  128  9  256  0.1867E-08
 2  128  9  256  0.1852E-08
 2  128  9  256  0.1845E-08
 2  128  9  256  0.1843E-08
 2  128  10  256  0.1849E-08
 2  128  10  256  0.1809E-08
 2  128  10  256  0.1800E-08
 2  128  10  256  0.1791E-08
 2  128  10  256  0.1803E-08
 2  128  10  256  0.1803E-08
 2  128  10  256  0.1798E-08
 2  128  10  256  0.1793E-08
 2  128  10  256  0.1807E-08
 2  128  10  256  0.1788E-08
 2  128  11  256  0.1189E-08
 2  128  11  256  0.1164E-08
 2  128  11  256  0.1183E-08
 2  128  11  256  0.1162E-08
 2  128  11  256  0.1163E-08
 2  128  11  256  0.1164E-08
 2  128  11  256  0.1165E-08
 2  128  11  256  0.1166E-08
 2  128  11  256  0.1164E-08
 2  128  11  256  0.1166E-08
 2  128  12  256  0.1034E-08
 2  128  12  256  0.1011E-08
 2  128  12  256  0.1010E-08
 2  128  12  256  0.1013E-08
 2  128  12  256  0.1014E-08
 2  128  12  256  0.1013E-08
 2  128  12  256  0.1013E-08
 2  128  12  256  0.1013E-08
 2  128  12  256  0.1013E-08
 2  128  12  256  0.1013E-08
 2  128  13  256  0.9849E-09
 2  128  13  256  0.9620E-09
 2  128  13  256  0.9622E-09
 2  128  13  256  0.9663E-09
 2  128  13  256  0.9580E-09
 2  128  13  256  0.9635E-09
 2  128  13  256  0.9638E-09
 2  128  13  256  0.9619E-09
 2  128  13  256  0.9667E-09
 2  128  13  256  0.9633E-09
 2  128  14  256  0.9298E-09
 2  128  14  256  0.9130E-09
 2  128  14  256  0.9127E-09
 2  128  14  256  0.9116E-09
 2  128  14  256  0.9085E-09
 2  128  14  256  0.9119E-09
 2  128  14  256  0.9097E-09
 2  128  14  256  0.9094E-09
 2  128  14  256  0.9104E-09
 2  128  14  256  0.9058E-09
 2  128  15  256  0.9154E-09
 2  128  15  256  0.9038E-09
 2  128  15  256  0.9016E-09
 2  128  15  256  0.9070E-09
 2  128  15  256  0.9020E-09
 2  128  15  256  0.9044E-09
 2  128  15  256  0.9012E-09
 2  128  15  256  0.9036E-09
 2  128  15  256  0.9051E-09
 2  128  15  256  0.9031E-09
 2  128  16  256  0.8670E-09
 2  128  16  256  0.8533E-09
 2  128  16  256  0.8509E-09
 2  128  16  256  0.8520E-09
 2  128  16  256  0.8507E-09
 2  128  16  256  0.8513E-09
 2  128  16  256  0.8511E-09
 2  128  16  256  0.8513E-09
 2  128  16  256  0.8512E-09
 2  128  16  256  0.8512E-09
 2  128  17  256  0.9343E-09
 2  128  17  256  0.9174E-09
 2  128  17  256  0.9147E-09
 2  128  17  256  0.9187E-09
 2  128  17  256  0.9146E-09
 2  128  17  256  0.9172E-09
 2  128  17  256  0.9176E-09
 2  128  17  256  0.9319E-09
 2  128  17  256  0.9170E-09
 2  128  17  256  0.9143E-09
 2  128  18  256  0.9076E-09
 2  128  18  256  0.8995E-09
 2  128  18  256  0.8923E-09
 2  128  18  256  0.8917E-09
 2  128  18  256  0.8924E-09
 2  128  18  256  0.8925E-09
 2  128  18  256  0.8954E-09
 2  128  18  256  0.8910E-09
 2  128  18  256  0.8922E-09
 2  128  18  256  0.8916E-09
 2  128  19  256  0.9239E-09
 2  128  19  256  0.9135E-09
 2  128  19  256  0.9242E-09
 2  128  19  256  0.9111E-09
 2  128  19  256  0.9116E-09
 2  128  19  256  0.9107E-09
 2  128  19  256  0.9100E-09
 2  128  19  256  0.9133E-09
 2  128  19  256  0.9106E-09
 2  128  19  256  0.9108E-09
 2  128  20  256  0.8753E-09
 2  128  20  256  0.8784E-09
 2  128  20  256  0.8636E-09
 2  128  20  256  0.8624E-09
 2  128  20  256  0.8636E-09
 2  128  20  256  0.8628E-09
 2  128  20  256  0.8647E-09
 2  128  20  256  0.8635E-09
 2  128  20  256  0.8636E-09
 2  128  20  256  0.8632E-09
