 2  4  3  8  0.4088E-06
 2  4  3  8  0.2590E-06
 2  4  3  8  0.2885E-06
 2  4  3  8  0.2358E-06
 2  4  3  8  0.3473E-06
 2  4  3  8  0.2609E-06
 2  4  3  8  0.2870E-06
 2  4  3  8  0.2513E-06
 2  4  3  8  0.2314E-06
 2  4  3  8  0.2656E-06
 2  4  4  8  0.1543E-06
 2  4  4  8  0.1139E-06
 2  4  4  8  0.1257E-06
 2  4  4  8  0.1276E-06
 2  4  4  8  0.1250E-06
 2  4  4  8  0.1243E-06
 2  4  4  8  0.1341E-06
 2  4  4  8  0.1184E-06
 2  4  4  8  0.1388E-06
 2  4  4  8  0.1276E-06
 2  4  5  8  0.7606E-07
 2  4  5  8  0.4236E-07
 2  4  5  8  0.4935E-07
 2  4  5  8  0.4037E-07
 2  4  5  8  0.5937E-07
 2  4  5  8  0.4029E-07
 2  4  5  8  0.5762E-07
 2  4  5  8  0.5603E-07
 2  4  5  8  0.5571E-07
 2  4  5  8  0.5603E-07
 2  4  6  8  0.6558E-07
 2  4  6  8  0.5749E-07
 2  4  6  8  0.5611E-07
 2  4  6  8  0.5482E-07
 2  4  6  8  0.5809E-07
 2  4  6  8  0.5629E-07
 2  4  6  8  0.6039E-07
 2  4  6  8  0.5556E-07
 2  4  6  8  0.5266E-07
 2  4  6  8  0.5804E-07
 2  4  7  8  0.4605E-07
 2  4  7  8  0.5039E-07
 2  4  7  8  0.4446E-07
 2  4  7  8  0.4347E-07
 2  4  7  8  0.4313E-07
 2  4  7  8  0.4967E-07
 2  4  7  8  0.4495E-07
 2  4  7  8  0.4362E-07
 2  4  7  8  0.4301E-07
 2  4  7  8  0.4252E-07
 2  4  8  8  0.4142E-07
 2  4  8  8  0.4069E-07
 2  4  8  8  0.4038E-07
 2  4  8  8  0.4420E-07
 2  4  8  8  0.4387E-07
 2  4  8  8  0.4141E-07
 2  4  8  8  0.4061E-07
 2  4  8  8  0.4092E-07
 2  4  8  8  0.3939E-07
 2  4  8  8  0.4020E-07
 2  4  9  8  0.4258E-07
 2  4  9  8  0.4019E-07
 2  4  9  8  0.3727E-07
 2  4  9  8  0.3704E-07
 2  4  9  8  0.3732E-07
 2  4  9  8  0.3760E-07
 2  4  9  8  0.3933E-07
 2  4  9  8  0.3682E-07
 2  4  9  8  0.3704E-07
 2  4  9  8  0.3698E-07
 2  4  10  8  0.5221E-07
 2  4  10  8  0.4292E-07
 2  4  10  8  0.4242E-07
 2  4  10  8  0.4358E-07
 2  4  10  8  0.4238E-07
 2  4  10  8  0.4212E-07
 2  4  10  8  0.4376E-07
 2  4  10  8  0.4221E-07
 2  4  10  8  0.4191E-07
 2  4  10  8  0.4188E-07
 2  4  11  8  0.1892E-07
 2  4  11  8  0.1878E-07
 2  4  11  8  0.1877E-07
 2  4  11  8  0.1878E-07
 2  4  11  8  0.1884E-07
 2  4  11  8  0.1880E-07
 2  4  11  8  0.1880E-07
 2  4  11  8  0.1883E-07
 2  4  11  8  0.1881E-07
 2  4  11  8  0.1882E-07
 2  4  12  8  0.1715E-07
 2  4  12  8  0.1707E-07
 2  4  12  8  0.1708E-07
 2  4  12  8  0.1710E-07
 2  4  12  8  0.1708E-07
 2  4  12  8  0.1712E-07
 2  4  12  8  0.1709E-07
 2  4  12  8  0.1706E-07
 2  4  12  8  0.1707E-07
 2  4  12  8  0.1709E-07
 2  4  13  8  0.3461E-07
 2  4  13  8  0.3016E-07
 2  4  13  8  0.2894E-07
 2  4  13  8  0.2915E-07
 2  4  13  8  0.2959E-07
 2  4  13  8  0.2881E-07
 2  4  13  8  0.2982E-07
 2  4  13  8  0.2911E-07
 2  4  13  8  0.3002E-07
 2  4  13  8  0.2888E-07
 2  4  14  8  0.1637E-07
 2  4  14  8  0.1633E-07
 2  4  14  8  0.1632E-07
 2  4  14  8  0.1637E-07
 2  4  14  8  0.1632E-07
 2  4  14  8  0.1634E-07
 2  4  14  8  0.1632E-07
 2  4  14  8  0.1632E-07
 2  4  14  8  0.1634E-07
 2  4  14  8  0.1632E-07
 2  4  15  8  0.1784E-07
 2  4  15  8  0.1783E-07
 2  4  15  8  0.1781E-07
 2  4  15  8  0.1780E-07
 2  4  15  8  0.1781E-07
 2  4  15  8  0.1780E-07
 2  4  15  8  0.1778E-07
 2  4  15  8  0.1780E-07
 2  4  15  8  0.1779E-07
 2  4  15  8  0.1781E-07
 2  4  16  8  0.1735E-07
 2  4  16  8  0.1736E-07
 2  4  16  8  0.1733E-07
 2  4  16  8  0.1733E-07
 2  4  16  8  0.1733E-07
 2  4  16  8  0.1733E-07
 2  4  16  8  0.1734E-07
 2  4  16  8  0.1735E-07
 2  4  16  8  0.1732E-07
 2  4  16  8  0.1733E-07
 2  4  17  8  0.2103E-07
 2  4  17  8  0.2102E-07
 2  4  17  8  0.2101E-07
 2  4  17  8  0.2101E-07
 2  4  17  8  0.2099E-07
 2  4  17  8  0.2101E-07
 2  4  17  8  0.2101E-07
 2  4  17  8  0.2101E-07
 2  4  17  8  0.2100E-07
 2  4  17  8  0.2107E-07
 2  4  18  8  0.2058E-07
 2  4  18  8  0.2056E-07
 2  4  18  8  0.2053E-07
 2  4  18  8  0.2053E-07
 2  4  18  8  0.2055E-07
 2  4  18  8  0.2053E-07
 2  4  18  8  0.2054E-07
 2  4  18  8  0.2055E-07
 2  4  18  8  0.2055E-07
 2  4  18  8  0.2056E-07
 2  4  19  8  0.2198E-07
 2  4  19  8  0.2198E-07
 2  4  19  8  0.2198E-07
 2  4  19  8  0.2198E-07
 2  4  19  8  0.2197E-07
 2  4  19  8  0.2197E-07
 2  4  19  8  0.2198E-07
 2  4  19  8  0.2197E-07
 2  4  19  8  0.2197E-07
 2  4  19  8  0.2200E-07
 2  4  20  8  0.2143E-07
 2  4  20  8  0.2143E-07
 2  4  20  8  0.2142E-07
 2  4  20  8  0.2145E-07
 2  4  20  8  0.2143E-07
 2  4  20  8  0.2142E-07
 2  4  20  8  0.2143E-07
 2  4  20  8  0.2141E-07
 2  4  20  8  0.2143E-07
 2  4  20  8  0.2142E-07
