 2  4  3  8  0.1669E-06
 2  4  3  8  0.1673E-06
 2  4  3  8  0.1674E-06
 2  4  3  8  0.1677E-06
 2  4  3  8  0.1662E-06
 2  4  4  8  0.9221E-07
 2  4  4  8  0.9234E-07
 2  4  4  8  0.9226E-07
 2  4  4  8  0.9273E-07
 2  4  4  8  0.9342E-07
 2  4  5  8  0.5920E-07
 2  4  5  8  0.5927E-07
 2  4  5  8  0.5912E-07
 2  4  5  8  0.5885E-07
 2  4  5  8  0.5891E-07
 2  4  6  8  0.4020E-07
 2  4  6  8  0.4018E-07
 2  4  6  8  0.4006E-07
 2  4  6  8  0.3991E-07
 2  4  6  8  0.3991E-07
 2  4  7  8  0.3194E-07
 2  4  7  8  0.3187E-07
 2  4  7  8  0.3194E-07
 2  4  7  8  0.3190E-07
 2  4  7  8  0.3183E-07
 2  4  8  8  0.2720E-07
 2  4  8  8  0.2727E-07
 2  4  8  8  0.2718E-07
 2  4  8  8  0.2729E-07
 2  4  8  8  0.2717E-07
 2  4  9  8  0.2707E-07
 2  4  9  8  0.2713E-07
 2  4  9  8  0.2726E-07
 2  4  9  8  0.2708E-07
 2  4  9  8  0.2709E-07
 2  4  10  8  0.2765E-07
 2  4  10  8  0.2759E-07
 2  4  10  8  0.2757E-07
 2  4  10  8  0.2765E-07
 2  4  10  8  0.2772E-07
 2  4  11  8  0.3048E-07
 2  4  11  8  0.3048E-07
 2  4  11  8  0.3043E-07
 2  4  11  8  0.3047E-07
 2  4  11  8  0.3044E-07
 2  4  12  8  0.2826E-07
 2  4  12  8  0.2828E-07
 2  4  12  8  0.2826E-07
 2  4  12  8  0.2831E-07
 2  4  12  8  0.2826E-07
 2  4  13  8  0.2814E-07
 2  4  13  8  0.2819E-07
 2  4  13  8  0.2819E-07
 2  4  13  8  0.2818E-07
 2  4  13  8  0.2818E-07
 2  4  14  8  0.2628E-07
 2  4  14  8  0.2631E-07
 2  4  14  8  0.2633E-07
 2  4  14  8  0.2625E-07
 2  4  14  8  0.2626E-07
 2  4  15  8  0.2661E-07
 2  4  15  8  0.2659E-07
 2  4  15  8  0.2657E-07
 2  4  15  8  0.2658E-07
 2  4  15  8  0.2660E-07
 2  4  16  8  0.2563E-07
 2  4  16  8  0.2564E-07
 2  4  16  8  0.2568E-07
 2  4  16  8  0.2564E-07
 2  4  16  8  0.2565E-07
 2  4  17  8  0.2822E-07
 2  4  17  8  0.2821E-07
 2  4  17  8  0.2824E-07
 2  4  17  8  0.2821E-07
 2  4  17  8  0.2821E-07
 2  4  18  8  0.2765E-07
 2  4  18  8  0.2764E-07
 2  4  18  8  0.2764E-07
 2  4  18  8  0.2765E-07
 2  4  18  8  0.2763E-07
 2  4  19  8  0.2793E-07
 2  4  19  8  0.2794E-07
 2  4  19  8  0.2857E-07
 2  4  19  8  0.2792E-07
 2  4  19  8  0.2794E-07
 2  4  20  8  0.2702E-07
 2  4  20  8  0.2703E-07
 2  4  20  8  0.2705E-07
 2  4  20  8  0.2703E-07
 2  4  20  8  0.2703E-07
