 2  256  3  512  0.3523E-07
 2  256  3  512  0.2245E-07
 2  256  3  512  0.2071E-07
 2  256  3  512  0.2067E-07
 2  256  3  512  0.2013E-07
 2  256  3  512  0.2122E-07
 2  256  3  512  0.2412E-07
 2  256  3  512  0.1958E-07
 2  256  3  512  0.1948E-07
 2  256  3  512  0.2037E-07
 2  256  4  512  0.1412E-07
 2  256  4  512  0.9185E-08
 2  256  4  512  0.9032E-08
 2  256  4  512  0.8911E-08
 2  256  4  512  0.1044E-07
 2  256  4  512  0.9012E-08
 2  256  4  512  0.9175E-08
 2  256  4  512  0.8709E-08
 2  256  4  512  0.9238E-08
 2  256  4  512  0.8913E-08
 2  256  5  512  0.9093E-08
 2  256  5  512  0.4595E-08
 2  256  5  512  0.4298E-08
 2  256  5  512  0.4355E-08
 2  256  5  512  0.4505E-08
 2  256  5  512  0.4459E-08
 2  256  5  512  0.4318E-08
 2  256  5  512  0.4355E-08
 2  256  5  512  0.4187E-08
 2  256  5  512  0.4396E-08
 2  256  6  512  0.1749E-08
 2  256  6  512  0.1783E-08
 2  256  6  512  0.1702E-08
 2  256  6  512  0.1733E-08
 2  256  6  512  0.1741E-08
 2  256  6  512  0.1725E-08
 2  256  6  512  0.1715E-08
 2  256  6  512  0.1719E-08
 2  256  6  512  0.1724E-08
 2  256  6  512  0.1733E-08
 2  256  7  512  0.1327E-08
 2  256  7  512  0.1291E-08
 2  256  7  512  0.1320E-08
 2  256  7  512  0.1305E-08
 2  256  7  512  0.1319E-08
 2  256  7  512  0.1303E-08
 2  256  7  512  0.1297E-08
 2  256  7  512  0.1287E-08
 2  256  7  512  0.1284E-08
 2  256  7  512  0.1293E-08
 2  256  8  512  0.1087E-08
 2  256  8  512  0.1082E-08
 2  256  8  512  0.1081E-08
 2  256  8  512  0.1098E-08
 2  256  8  512  0.1081E-08
 2  256  8  512  0.1070E-08
 2  256  8  512  0.1100E-08
 2  256  8  512  0.1073E-08
 2  256  8  512  0.1069E-08
 2  256  8  512  0.1076E-08
 2  256  9  512  0.9455E-09
 2  256  9  512  0.9327E-09
 2  256  9  512  0.9252E-09
 2  256  9  512  0.9298E-09
 2  256  9  512  0.9100E-09
 2  256  9  512  0.9152E-09
 2  256  9  512  0.9263E-09
 2  256  9  512  0.9208E-09
 2  256  9  512  0.9256E-09
 2  256  9  512  0.9269E-09
 2  256  10  512  0.8387E-09
 2  256  10  512  0.8237E-09
 2  256  10  512  0.8263E-09
 2  256  10  512  0.8258E-09
 2  256  10  512  0.8295E-09
 2  256  10  512  0.8336E-09
 2  256  10  512  0.8297E-09
 2  256  10  512  0.8287E-09
 2  256  10  512  0.8326E-09
 2  256  10  512  0.8349E-09
 2  256  11  512  0.7283E-09
 2  256  11  512  0.7166E-09
 2  256  11  512  0.7170E-09
 2  256  11  512  0.7159E-09
 2  256  11  512  0.7183E-09
 2  256  11  512  0.7230E-09
 2  256  11  512  0.7219E-09
 2  256  11  512  0.7409E-09
 2  256  11  512  0.7146E-09
 2  256  11  512  0.7229E-09
 2  256  12  512  0.6249E-09
 2  256  12  512  0.6179E-09
 2  256  12  512  0.6198E-09
 2  256  12  512  0.6275E-09
 2  256  12  512  0.6250E-09
 2  256  12  512  0.6167E-09
 2  256  12  512  0.6243E-09
 2  256  12  512  0.6235E-09
 2  256  12  512  0.6238E-09
 2  256  12  512  0.6241E-09
 2  256  13  512  0.5814E-09
 2  256  13  512  0.5807E-09
 2  256  13  512  0.5803E-09
 2  256  13  512  0.5814E-09
 2  256  13  512  0.5801E-09
 2  256  13  512  0.5782E-09
 2  256  13  512  0.5772E-09
 2  256  13  512  0.5798E-09
 2  256  13  512  0.5850E-09
 2  256  13  512  0.5807E-09
 2  256  14  512  0.5151E-09
 2  256  14  512  0.5138E-09
 2  256  14  512  0.5142E-09
 2  256  14  512  0.5113E-09
 2  256  14  512  0.5113E-09
 2  256  14  512  0.5116E-09
 2  256  14  512  0.5127E-09
 2  256  14  512  0.5121E-09
 2  256  14  512  0.5133E-09
 2  256  14  512  0.5117E-09
 2  256  15  512  0.5031E-09
 2  256  15  512  0.5017E-09
 2  256  15  512  0.5002E-09
 2  256  15  512  0.5003E-09
 2  256  15  512  0.5014E-09
 2  256  15  512  0.5005E-09
 2  256  15  512  0.4991E-09
 2  256  15  512  0.5001E-09
 2  256  15  512  0.5015E-09
 2  256  15  512  0.5023E-09
 2  256  16  512  0.4571E-09
 2  256  16  512  0.4540E-09
 2  256  16  512  0.4538E-09
 2  256  16  512  0.4550E-09
 2  256  16  512  0.4541E-09
 2  256  16  512  0.4533E-09
 2  256  16  512  0.4566E-09
 2  256  16  512  0.4542E-09
 2  256  16  512  0.4537E-09
 2  256  16  512  0.4549E-09
 2  256  17  512  0.4957E-09
 2  256  17  512  0.4949E-09
 2  256  17  512  0.4951E-09
 2  256  17  512  0.5029E-09
 2  256  17  512  0.4972E-09
 2  256  17  512  0.4941E-09
 2  256  17  512  0.4944E-09
 2  256  17  512  0.4982E-09
 2  256  17  512  0.5018E-09
 2  256  17  512  0.4941E-09
 2  256  18  512  0.4643E-09
 2  256  18  512  0.4612E-09
 2  256  18  512  0.4612E-09
 2  256  18  512  0.4619E-09
 2  256  18  512  0.4610E-09
 2  256  18  512  0.4611E-09
 2  256  18  512  0.4615E-09
 2  256  18  512  0.4628E-09
 2  256  18  512  0.4610E-09
 2  256  18  512  0.4624E-09
 2  256  19  512  0.4674E-09
 2  256  19  512  0.4671E-09
 2  256  19  512  0.4674E-09
 2  256  19  512  0.4738E-09
 2  256  19  512  0.4674E-09
 2  256  19  512  0.4669E-09
 2  256  19  512  0.4676E-09
 2  256  19  512  0.4664E-09
 2  256  19  512  0.4682E-09
 2  256  19  512  0.4741E-09
 2  256  20  512  0.4474E-09
 2  256  20  512  0.4489E-09
 2  256  20  512  0.4500E-09
 2  256  20  512  0.4445E-09
 2  256  20  512  0.4440E-09
 2  256  20  512  0.4445E-09
 2  256  20  512  0.4440E-09
 2  256  20  512  0.4454E-09
 2  256  20  512  0.4440E-09
 2  256  20  512  0.4440E-09
