 2  4096  3  8192  0.1407E-08
 2  4096  3  8192  0.1313E-08
 2  4096  3  8192  0.1250E-08
 2  4096  3  8192  0.1302E-08
 2  4096  3  8192  0.1233E-08
 2  4096  3  8192  0.1239E-08
 2  4096  3  8192  0.1245E-08
 2  4096  3  8192  0.1254E-08
 2  4096  3  8192  0.1283E-08
 2  4096  3  8192  0.1328E-08
 2  4096  4  8192  0.6368E-09
 2  4096  4  8192  0.5975E-09
 2  4096  4  8192  0.6238E-09
 2  4096  4  8192  0.5997E-09
 2  4096  4  8192  0.5960E-09
 2  4096  4  8192  0.6032E-09
 2  4096  4  8192  0.5857E-09
 2  4096  4  8192  0.5761E-09
 2  4096  4  8192  0.5720E-09
 2  4096  4  8192  0.5774E-09
 2  4096  5  8192  0.3616E-09
 2  4096  5  8192  0.3340E-09
 2  4096  5  8192  0.3285E-09
 2  4096  5  8192  0.3269E-09
 2  4096  5  8192  0.3270E-09
 2  4096  5  8192  0.3365E-09
 2  4096  5  8192  0.3402E-09
 2  4096  5  8192  0.3309E-09
 2  4096  5  8192  0.3389E-09
 2  4096  5  8192  0.3405E-09
 2  4096  6  8192  0.2316E-09
 2  4096  6  8192  0.2157E-09
 2  4096  6  8192  0.2170E-09
 2  4096  6  8192  0.2153E-09
 2  4096  6  8192  0.2258E-09
 2  4096  6  8192  0.2157E-09
 2  4096  6  8192  0.2096E-09
 2  4096  6  8192  0.2035E-09
 2  4096  6  8192  0.2037E-09
 2  4096  6  8192  0.2036E-09
 2  4096  7  8192  0.1687E-09
 2  4096  7  8192  0.1579E-09
 2  4096  7  8192  0.1556E-09
 2  4096  7  8192  0.1493E-09
 2  4096  7  8192  0.1516E-09
 2  4096  7  8192  0.1472E-09
 2  4096  7  8192  0.1479E-09
 2  4096  7  8192  0.1539E-09
 2  4096  7  8192  0.1533E-09
 2  4096  7  8192  0.1560E-09
 2  4096  8  8192  0.1246E-09
 2  4096  8  8192  0.1184E-09
 2  4096  8  8192  0.1196E-09
 2  4096  8  8192  0.1160E-09
 2  4096  8  8192  0.1175E-09
 2  4096  8  8192  0.1143E-09
 2  4096  8  8192  0.1141E-09
 2  4096  8  8192  0.1153E-09
 2  4096  8  8192  0.1175E-09
 2  4096  8  8192  0.1169E-09
 2  4096  9  8192  0.9952E-10
 2  4096  9  8192  0.9485E-10
 2  4096  9  8192  0.9493E-10
 2  4096  9  8192  0.9871E-10
 2  4096  9  8192  0.1011E-09
 2  4096  9  8192  0.9980E-10
 2  4096  9  8192  0.9503E-10
 2  4096  9  8192  0.9432E-10
 2  4096  9  8192  0.9801E-10
 2  4096  9  8192  0.1001E-09
 2  4096  10  8192  0.8109E-10
 2  4096  10  8192  0.8026E-10
 2  4096  10  8192  0.8334E-10
 2  4096  10  8192  0.8426E-10
 2  4096  10  8192  0.8083E-10
 2  4096  10  8192  0.8024E-10
 2  4096  10  8192  0.7902E-10
 2  4096  10  8192  0.8273E-10
 2  4096  10  8192  0.8338E-10
 2  4096  10  8192  0.8151E-10
 2  4096  11  8192  0.7199E-10
 2  4096  11  8192  0.6987E-10
 2  4096  11  8192  0.6974E-10
 2  4096  11  8192  0.7154E-10
 2  4096  11  8192  0.7107E-10
 2  4096  11  8192  0.6995E-10
 2  4096  11  8192  0.6933E-10
 2  4096  11  8192  0.7102E-10
 2  4096  11  8192  0.7130E-10
 2  4096  11  8192  0.7079E-10
 2  4096  12  8192  0.6095E-10
 2  4096  12  8192  0.6105E-10
 2  4096  12  8192  0.5850E-10
 2  4096  12  8192  0.5821E-10
 2  4096  12  8192  0.5976E-10
 2  4096  12  8192  0.6028E-10
 2  4096  12  8192  0.5835E-10
 2  4096  12  8192  0.5744E-10
 2  4096  12  8192  0.5934E-10
 2  4096  12  8192  0.6049E-10
 2  4096  13  8192  0.5388E-10
 2  4096  13  8192  0.5156E-10
 2  4096  13  8192  0.5076E-10
 2  4096  13  8192  0.5152E-10
 2  4096  13  8192  0.5303E-10
 2  4096  13  8192  0.5129E-10
 2  4096  13  8192  0.5072E-10
 2  4096  13  8192  0.5239E-10
 2  4096  13  8192  0.5218E-10
 2  4096  13  8192  0.5104E-10
 2  4096  14  8192  0.4601E-10
 2  4096  14  8192  0.4649E-10
 2  4096  14  8192  0.4668E-10
 2  4096  14  8192  0.4528E-10
 2  4096  14  8192  0.4521E-10
 2  4096  14  8192  0.4629E-10
 2  4096  14  8192  0.4514E-10
 2  4096  14  8192  0.4538E-10
 2  4096  14  8192  0.4660E-10
 2  4096  14  8192  0.4549E-10
 2  4096  15  8192  0.4326E-10
 2  4096  15  8192  0.4274E-10
 2  4096  15  8192  0.4316E-10
 2  4096  15  8192  0.4276E-10
 2  4096  15  8192  0.4235E-10
 2  4096  15  8192  0.4251E-10
 2  4096  15  8192  0.4262E-10
 2  4096  15  8192  0.4263E-10
 2  4096  15  8192  0.4281E-10
 2  4096  15  8192  0.4244E-10
 2  4096  16  8192  0.3927E-10
 2  4096  16  8192  0.3855E-10
 2  4096  16  8192  0.3825E-10
 2  4096  16  8192  0.3911E-10
 2  4096  16  8192  0.1133E-09
 2  4096  16  8192  0.5110E-10
 2  4096  16  8192  0.3888E-10
 2  4096  16  8192  0.3776E-10
 2  4096  16  8192  0.3883E-10
 2  4096  16  8192  0.3848E-10
 2  4096  17  8192  0.3903E-10
 2  4096  17  8192  0.3910E-10
 2  4096  17  8192  0.3879E-10
 2  4096  17  8192  0.3907E-10
 2  4096  17  8192  0.3836E-10
 2  4096  17  8192  0.3911E-10
 2  4096  17  8192  0.3898E-10
 2  4096  17  8192  0.3895E-10
 2  4096  17  8192  0.3924E-10
 2  4096  17  8192  0.3892E-10
 2  4096  18  8192  0.3666E-10
 2  4096  18  8192  0.3616E-10
 2  4096  18  8192  0.3618E-10
 2  4096  18  8192  0.3637E-10
 2  4096  18  8192  0.3624E-10
 2  4096  18  8192  0.3625E-10
 2  4096  18  8192  0.3609E-10
 2  4096  18  8192  0.3643E-10
 2  4096  18  8192  0.3665E-10
 2  4096  18  8192  0.3610E-10
 2  4096  19  8192  0.3627E-10
 2  4096  19  8192  0.3631E-10
 2  4096  19  8192  0.3585E-10
 2  4096  19  8192  0.3609E-10
 2  4096  19  8192  0.3620E-10
 2  4096  19  8192  0.3571E-10
 2  4096  19  8192  0.3634E-10
 2  4096  19  8192  0.3627E-10
 2  4096  19  8192  0.3606E-10
 2  4096  19  8192  0.3631E-10
 2  4096  20  8192  0.3452E-10
 2  4096  20  8192  0.3388E-10
 2  4096  20  8192  0.3408E-10
 2  4096  20  8192  0.3403E-10
 2  4096  20  8192  0.3374E-10
 2  4096  20  8192  0.3408E-10
 2  4096  20  8192  0.3421E-10
 2  4096  20  8192  0.3374E-10
 2  4096  20  8192  0.3410E-10
 2  4096  20  8192  0.3401E-10
