 2  32  3  64  0.1117E-06
 2  32  3  64  0.3454E-07
 2  32  3  64  0.3123E-07
 2  32  3  64  0.3242E-07
 2  32  3  64  0.3721E-07
 2  32  3  64  0.3146E-07
 2  32  3  64  0.3031E-07
 2  32  3  64  0.3587E-07
 2  32  3  64  0.2911E-07
 2  32  3  64  0.2856E-07
 2  32  4  64  0.8203E-07
 2  32  4  64  0.1659E-07
 2  32  4  64  0.1758E-07
 2  32  4  64  0.2051E-07
 2  32  4  64  0.1832E-07
 2  32  4  64  0.1692E-07
 2  32  4  64  0.1750E-07
 2  32  4  64  0.2117E-07
 2  32  4  64  0.1440E-07
 2  32  4  64  0.1725E-07
 2  32  5  64  0.4303E-07
 2  32  5  64  0.9129E-08
 2  32  5  64  0.9000E-08
 2  32  5  64  0.1079E-07
 2  32  5  64  0.9338E-08
 2  32  5  64  0.9666E-08
 2  32  5  64  0.8672E-08
 2  32  5  64  0.8961E-08
 2  32  5  64  0.9457E-08
 2  32  5  64  0.1146E-07
 2  32  6  64  0.3166E-07
 2  32  6  64  0.8537E-08
 2  32  6  64  0.8221E-08
 2  32  6  64  0.7865E-08
 2  32  6  64  0.8393E-08
 2  32  6  64  0.8773E-08
 2  32  6  64  0.7887E-08
 2  32  6  64  0.7859E-08
 2  32  6  64  0.7790E-08
 2  32  6  64  0.7353E-08
 2  32  7  64  0.1748E-07
 2  32  7  64  0.6484E-08
 2  32  7  64  0.6314E-08
 2  32  7  64  0.6393E-08
 2  32  7  64  0.6180E-08
 2  32  7  64  0.6998E-08
 2  32  7  64  0.6317E-08
 2  32  7  64  0.5919E-08
 2  32  7  64  0.6784E-08
 2  32  7  64  0.6013E-08
 2  32  8  64  0.1379E-07
 2  32  8  64  0.4894E-08
 2  32  8  64  0.5331E-08
 2  32  8  64  0.5360E-08
 2  32  8  64  0.4936E-08
 2  32  8  64  0.4841E-08
 2  32  8  64  0.4691E-08
 2  32  8  64  0.4729E-08
 2  32  8  64  0.4659E-08
 2  32  8  64  0.4700E-08
 2  32  9  64  0.1762E-08
 2  32  9  64  0.1675E-08
 2  32  9  64  0.1691E-08
 2  32  9  64  0.1692E-08
 2  32  9  64  0.1681E-08
 2  32  9  64  0.1677E-08
 2  32  9  64  0.1684E-08
 2  32  9  64  0.1678E-08
 2  32  9  64  0.1681E-08
 2  32  9  64  0.1688E-08
 2  32  10  64  0.1983E-08
 2  32  10  64  0.1898E-08
 2  32  10  64  0.1903E-08
 2  32  10  64  0.1895E-08
 2  32  10  64  0.1902E-08
 2  32  10  64  0.1904E-08
 2  32  10  64  0.1902E-08
 2  32  10  64  0.1896E-08
 2  32  10  64  0.1897E-08
 2  32  10  64  0.1898E-08
 2  32  11  64  0.2245E-08
 2  32  11  64  0.2163E-08
 2  32  11  64  0.2168E-08
 2  32  11  64  0.2156E-08
 2  32  11  64  0.2159E-08
 2  32  11  64  0.2162E-08
 2  32  11  64  0.2165E-08
 2  32  11  64  0.2164E-08
 2  32  11  64  0.2160E-08
 2  32  11  64  0.2163E-08
 2  32  12  64  0.2032E-08
 2  32  12  64  0.1974E-08
 2  32  12  64  0.1967E-08
 2  32  12  64  0.1977E-08
 2  32  12  64  0.1966E-08
 2  32  12  64  0.1971E-08
 2  32  12  64  0.1986E-08
 2  32  12  64  0.1973E-08
 2  32  12  64  0.1966E-08
 2  32  12  64  0.1968E-08
 2  32  13  64  0.2135E-08
 2  32  13  64  0.2084E-08
 2  32  13  64  0.2085E-08
 2  32  13  64  0.2084E-08
 2  32  13  64  0.2086E-08
 2  32  13  64  0.2086E-08
 2  32  13  64  0.2085E-08
 2  32  13  64  0.2086E-08
 2  32  13  64  0.2098E-08
 2  32  13  64  0.2084E-08
 2  32  14  64  0.2005E-08
 2  32  14  64  0.1975E-08
 2  32  14  64  0.1967E-08
 2  32  14  64  0.1964E-08
 2  32  14  64  0.1974E-08
 2  32  14  64  0.1965E-08
 2  32  14  64  0.1978E-08
 2  32  14  64  0.1972E-08
 2  32  14  64  0.1964E-08
 2  32  14  64  0.1969E-08
 2  32  15  64  0.2206E-08
 2  32  15  64  0.2172E-08
 2  32  15  64  0.2174E-08
 2  32  15  64  0.2172E-08
 2  32  15  64  0.2175E-08
 2  32  15  64  0.2175E-08
 2  32  15  64  0.2171E-08
 2  32  15  64  0.2172E-08
 2  32  15  64  0.2170E-08
 2  32  15  64  0.2175E-08
 2  32  16  64  0.2127E-08
 2  32  16  64  0.2107E-08
 2  32  16  64  0.2105E-08
 2  32  16  64  0.2108E-08
 2  32  16  64  0.2110E-08
 2  32  16  64  0.2108E-08
 2  32  16  64  0.2106E-08
 2  32  16  64  0.2109E-08
 2  32  16  64  0.2106E-08
 2  32  16  64  0.2110E-08
 2  32  17  64  0.2610E-08
 2  32  17  64  0.2597E-08
 2  32  17  64  0.2597E-08
 2  32  17  64  0.2597E-08
 2  32  17  64  0.2592E-08
 2  32  17  64  0.2598E-08
 2  32  17  64  0.2596E-08
 2  32  17  64  0.2595E-08
 2  32  17  64  0.2595E-08
 2  32  17  64  0.2595E-08
 2  32  18  64  0.2579E-08
 2  32  18  64  0.2558E-08
 2  32  18  64  0.2555E-08
 2  32  18  64  0.2555E-08
 2  32  18  64  0.2556E-08
 2  32  18  64  0.2558E-08
 2  32  18  64  0.2558E-08
 2  32  18  64  0.2558E-08
 2  32  18  64  0.2558E-08
 2  32  18  64  0.2559E-08
 2  32  19  64  0.2752E-08
 2  32  19  64  0.2739E-08
 2  32  19  64  0.2738E-08
 2  32  19  64  0.2736E-08
 2  32  19  64  0.2736E-08
 2  32  19  64  0.2737E-08
 2  32  19  64  0.2736E-08
 2  32  19  64  0.2737E-08
 2  32  19  64  0.2739E-08
 2  32  19  64  0.2735E-08
 2  32  20  64  0.2680E-08
 2  32  20  64  0.2669E-08
 2  32  20  64  0.2665E-08
 2  32  20  64  0.2668E-08
 2  32  20  64  0.2666E-08
 2  32  20  64  0.2669E-08
 2  32  20  64  0.2666E-08
 2  32  20  64  0.2667E-08
 2  32  20  64  0.2667E-08
 2  32  20  64  0.2667E-08
