 2  128  3  256  0.5806E-07
 2  128  3  256  0.3433E-07
 2  128  3  256  0.3285E-07
 2  128  3  256  0.3838E-07
 2  128  3  256  0.3308E-07
 2  128  3  256  0.3053E-07
 2  128  3  256  0.3155E-07
 2  128  3  256  0.3323E-07
 2  128  3  256  0.3362E-07
 2  128  3  256  0.3135E-07
 2  128  4  256  0.2289E-07
 2  128  4  256  0.1363E-07
 2  128  4  256  0.1381E-07
 2  128  4  256  0.2128E-07
 2  128  4  256  0.1530E-07
 2  128  4  256  0.1445E-07
 2  128  4  256  0.1422E-07
 2  128  4  256  0.1483E-07
 2  128  4  256  0.1406E-07
 2  128  4  256  0.1495E-07
 2  128  5  256  0.1823E-07
 2  128  5  256  0.6395E-08
 2  128  5  256  0.8094E-08
 2  128  5  256  0.7957E-08
 2  128  5  256  0.7749E-08
 2  128  5  256  0.8280E-08
 2  128  5  256  0.8782E-08
 2  128  5  256  0.7925E-08
 2  128  5  256  0.8104E-08
 2  128  5  256  0.8834E-08
 2  128  6  256  0.2675E-08
 2  128  6  256  0.2633E-08
 2  128  6  256  0.2655E-08
 2  128  6  256  0.2619E-08
 2  128  6  256  0.2623E-08
 2  128  6  256  0.2619E-08
 2  128  6  256  0.2633E-08
 2  128  6  256  0.2633E-08
 2  128  6  256  0.2624E-08
 2  128  6  256  0.2649E-08
 2  128  7  256  0.2071E-08
 2  128  7  256  0.2098E-08
 2  128  7  256  0.2023E-08
 2  128  7  256  0.2071E-08
 2  128  7  256  0.2010E-08
 2  128  7  256  0.2032E-08
 2  128  7  256  0.2040E-08
 2  128  7  256  0.2036E-08
 2  128  7  256  0.2033E-08
 2  128  7  256  0.2017E-08
 2  128  8  256  0.1494E-08
 2  128  8  256  0.1473E-08
 2  128  8  256  0.1457E-08
 2  128  8  256  0.1462E-08
 2  128  8  256  0.1455E-08
 2  128  8  256  0.1461E-08
 2  128  8  256  0.1462E-08
 2  128  8  256  0.1464E-08
 2  128  8  256  0.1484E-08
 2  128  8  256  0.1483E-08
 2  128  9  256  0.1630E-08
 2  128  9  256  0.1604E-08
 2  128  9  256  0.1614E-08
 2  128  9  256  0.1601E-08
 2  128  9  256  0.1603E-08
 2  128  9  256  0.1596E-08
 2  128  9  256  0.1593E-08
 2  128  9  256  0.1590E-08
 2  128  9  256  0.1597E-08
 2  128  9  256  0.1588E-08
 2  128  10  256  0.1526E-08
 2  128  10  256  0.1496E-08
 2  128  10  256  0.1514E-08
 2  128  10  256  0.1504E-08
 2  128  10  256  0.1499E-08
 2  128  10  256  0.1506E-08
 2  128  10  256  0.1513E-08
 2  128  10  256  0.1520E-08
 2  128  10  256  0.1508E-08
 2  128  10  256  0.1508E-08
 2  128  11  256  0.1231E-08
 2  128  11  256  0.1213E-08
 2  128  11  256  0.1219E-08
 2  128  11  256  0.1211E-08
 2  128  11  256  0.1218E-08
 2  128  11  256  0.1221E-08
 2  128  11  256  0.1216E-08
 2  128  11  256  0.1214E-08
 2  128  11  256  0.1217E-08
 2  128  11  256  0.1215E-08
 2  128  12  256  0.1046E-08
 2  128  12  256  0.1033E-08
 2  128  12  256  0.1032E-08
 2  128  12  256  0.1030E-08
 2  128  12  256  0.1028E-08
 2  128  12  256  0.1030E-08
 2  128  12  256  0.1035E-08
 2  128  12  256  0.1033E-08
 2  128  12  256  0.1026E-08
 2  128  12  256  0.1032E-08
 2  128  13  256  0.9928E-09
 2  128  13  256  0.9793E-09
 2  128  13  256  0.9837E-09
 2  128  13  256  0.9841E-09
 2  128  13  256  0.9876E-09
 2  128  13  256  0.9864E-09
 2  128  13  256  0.9876E-09
 2  128  13  256  0.9830E-09
 2  128  13  256  0.9787E-09
 2  128  13  256  0.9808E-09
 2  128  14  256  0.8840E-09
 2  128  14  256  0.8769E-09
 2  128  14  256  0.8792E-09
 2  128  14  256  0.8761E-09
 2  128  14  256  0.8728E-09
 2  128  14  256  0.8784E-09
 2  128  14  256  0.8806E-09
 2  128  14  256  0.8752E-09
 2  128  14  256  0.8764E-09
 2  128  14  256  0.8726E-09
 2  128  15  256  0.8715E-09
 2  128  15  256  0.8660E-09
 2  128  15  256  0.8702E-09
 2  128  15  256  0.8674E-09
 2  128  15  256  0.8694E-09
 2  128  15  256  0.8687E-09
 2  128  15  256  0.8693E-09
 2  128  15  256  0.8688E-09
 2  128  15  256  0.8683E-09
 2  128  15  256  0.8672E-09
 2  128  16  256  0.8261E-09
 2  128  16  256  0.8176E-09
 2  128  16  256  0.8194E-09
 2  128  16  256  0.8191E-09
 2  128  16  256  0.8194E-09
 2  128  16  256  0.8169E-09
 2  128  16  256  0.8195E-09
 2  128  16  256  0.8188E-09
 2  128  16  256  0.8215E-09
 2  128  16  256  0.8159E-09
 2  128  17  256  0.8900E-09
 2  128  17  256  0.8890E-09
 2  128  17  256  0.8904E-09
 2  128  17  256  0.8902E-09
 2  128  17  256  0.8901E-09
 2  128  17  256  0.8892E-09
 2  128  17  256  0.8880E-09
 2  128  17  256  0.8884E-09
 2  128  17  256  0.8893E-09
 2  128  17  256  0.9022E-09
 2  128  18  256  0.8615E-09
 2  128  18  256  0.8594E-09
 2  128  18  256  0.8605E-09
 2  128  18  256  0.8574E-09
 2  128  18  256  0.8583E-09
 2  128  18  256  0.8579E-09
 2  128  18  256  0.8597E-09
 2  128  18  256  0.8584E-09
 2  128  18  256  0.8626E-09
 2  128  18  256  0.8571E-09
 2  128  19  256  0.8828E-09
 2  128  19  256  0.8803E-09
 2  128  19  256  0.8797E-09
 2  128  19  256  0.8799E-09
 2  128  19  256  0.8785E-09
 2  128  19  256  0.8804E-09
 2  128  19  256  0.8787E-09
 2  128  19  256  0.8810E-09
 2  128  19  256  0.8783E-09
 2  128  19  256  0.8801E-09
 2  128  20  256  0.8379E-09
 2  128  20  256  0.8369E-09
 2  128  20  256  0.8381E-09
 2  128  20  256  0.8366E-09
 2  128  20  256  0.8369E-09
 2  128  20  256  0.8372E-09
 2  128  20  256  0.8385E-09
 2  128  20  256  0.8367E-09
 2  128  20  256  0.8389E-09
 2  128  20  256  0.8384E-09
