 2  4096  3  8192  0.4386E-08
 2  4096  3  8192  0.3921E-08
 2  4096  3  8192  0.3688E-08
 2  4096  3  8192  0.3646E-08
 2  4096  3  8192  0.3770E-08
 2  4096  3  8192  0.3817E-08
 2  4096  3  8192  0.3756E-08
 2  4096  3  8192  0.3560E-08
 2  4096  3  8192  0.3688E-08
 2  4096  3  8192  0.3943E-08
 2  4096  4  8192  0.1937E-08
 2  4096  4  8192  0.1590E-08
 2  4096  4  8192  0.1589E-08
 2  4096  4  8192  0.1601E-08
 2  4096  4  8192  0.1611E-08
 2  4096  4  8192  0.1747E-08
 2  4096  4  8192  0.1728E-08
 2  4096  4  8192  0.1612E-08
 2  4096  4  8192  0.1610E-08
 2  4096  4  8192  0.1549E-08
 2  4096  5  8192  0.9838E-09
 2  4096  5  8192  0.8418E-09
 2  4096  5  8192  0.8343E-09
 2  4096  5  8192  0.8611E-09
 2  4096  5  8192  0.8330E-09
 2  4096  5  8192  0.8337E-09
 2  4096  5  8192  0.8321E-09
 2  4096  5  8192  0.8456E-09
 2  4096  5  8192  0.8254E-09
 2  4096  5  8192  0.8174E-09
 2  4096  6  8192  0.6089E-09
 2  4096  6  8192  0.5467E-09
 2  4096  6  8192  0.5115E-09
 2  4096  6  8192  0.5155E-09
 2  4096  6  8192  0.5386E-09
 2  4096  6  8192  0.5244E-09
 2  4096  6  8192  0.5098E-09
 2  4096  6  8192  0.5189E-09
 2  4096  6  8192  0.5460E-09
 2  4096  6  8192  0.5191E-09
 2  4096  7  8192  0.3993E-09
 2  4096  7  8192  0.3626E-09
 2  4096  7  8192  0.3512E-09
 2  4096  7  8192  0.3476E-09
 2  4096  7  8192  0.3639E-09
 2  4096  7  8192  0.3567E-09
 2  4096  7  8192  0.3417E-09
 2  4096  7  8192  0.3605E-09
 2  4096  7  8192  0.3593E-09
 2  4096  7  8192  0.3443E-09
 2  4096  8  8192  0.2856E-09
 2  4096  8  8192  0.2619E-09
 2  4096  8  8192  0.2655E-09
 2  4096  8  8192  0.2592E-09
 2  4096  8  8192  0.2633E-09
 2  4096  8  8192  0.2658E-09
 2  4096  8  8192  0.2623E-09
 2  4096  8  8192  0.2616E-09
 2  4096  8  8192  0.2645E-09
 2  4096  8  8192  0.2620E-09
 2  4096  9  8192  0.2177E-09
 2  4096  9  8192  0.2122E-09
 2  4096  9  8192  0.2049E-09
 2  4096  9  8192  0.2043E-09
 2  4096  9  8192  0.2128E-09
 2  4096  9  8192  0.1994E-09
 2  4096  9  8192  0.2095E-09
 2  4096  9  8192  0.2142E-09
 2  4096  9  8192  0.2013E-09
 2  4096  9  8192  0.2147E-09
 2  4096  10  8192  0.1855E-09
 2  4096  10  8192  0.1712E-09
 2  4096  10  8192  0.1730E-09
 2  4096  10  8192  0.1740E-09
 2  4096  10  8192  0.1677E-09
 2  4096  10  8192  0.1771E-09
 2  4096  10  8192  0.1686E-09
 2  4096  10  8192  0.1728E-09
 2  4096  10  8192  0.1712E-09
 2  4096  10  8192  0.1693E-09
 2  4096  11  8192  0.1573E-09
 2  4096  11  8192  0.1485E-09
 2  4096  11  8192  0.1477E-09
 2  4096  11  8192  0.1488E-09
 2  4096  11  8192  0.1478E-09
 2  4096  11  8192  0.1488E-09
 2  4096  11  8192  0.1479E-09
 2  4096  11  8192  0.1476E-09
 2  4096  11  8192  0.1494E-09
 2  4096  11  8192  0.1484E-09
 2  4096  12  8192  0.1263E-09
 2  4096  12  8192  0.1272E-09
 2  4096  12  8192  0.1210E-09
 2  4096  12  8192  0.1247E-09
 2  4096  12  8192  0.1219E-09
 2  4096  12  8192  0.1256E-09
 2  4096  12  8192  0.1223E-09
 2  4096  12  8192  0.1243E-09
 2  4096  12  8192  0.1216E-09
 2  4096  12  8192  0.1249E-09
 2  4096  13  8192  0.1099E-09
 2  4096  13  8192  0.1096E-09
 2  4096  13  8192  0.1058E-09
 2  4096  13  8192  0.1089E-09
 2  4096  13  8192  0.1069E-09
 2  4096  13  8192  0.1086E-09
 2  4096  13  8192  0.1081E-09
 2  4096  13  8192  0.1061E-09
 2  4096  13  8192  0.1096E-09
 2  4096  13  8192  0.1071E-09
 2  4096  14  8192  0.9391E-10
 2  4096  14  8192  0.8900E-10
 2  4096  14  8192  0.9079E-10
 2  4096  14  8192  0.8927E-10
 2  4096  14  8192  0.9038E-10
 2  4096  14  8192  0.9070E-10
 2  4096  14  8192  0.8887E-10
 2  4096  14  8192  0.9112E-10
 2  4096  14  8192  0.9010E-10
 2  4096  14  8192  0.8993E-10
 2  4096  15  8192  0.8286E-10
 2  4096  15  8192  0.8027E-10
 2  4096  15  8192  0.8073E-10
 2  4096  15  8192  0.8072E-10
 2  4096  15  8192  0.8068E-10
 2  4096  15  8192  0.8027E-10
 2  4096  15  8192  0.8036E-10
 2  4096  15  8192  0.8055E-10
 2  4096  15  8192  0.8056E-10
 2  4096  15  8192  0.8007E-10
