 2  8  3  16  0.2246E-06
 2  8  3  16  0.1529E-06
 2  8  3  16  0.1497E-06
 2  8  3  16  0.1521E-06
 2  8  3  16  0.1497E-06
 2  8  3  16  0.1505E-06
 2  8  3  16  0.1512E-06
 2  8  3  16  0.2022E-06
 2  8  3  16  0.1597E-06
 2  8  3  16  0.1536E-06
 2  8  4  16  0.7614E-07
 2  8  4  16  0.5014E-07
 2  8  4  16  0.4975E-07
 2  8  4  16  0.4913E-07
 2  8  4  16  0.5402E-07
 2  8  4  16  0.5107E-07
 2  8  4  16  0.4983E-07
 2  8  4  16  0.4851E-07
 2  8  4  16  0.5277E-07
 2  8  4  16  0.4983E-07
 2  8  5  16  0.6334E-07
 2  8  5  16  0.3119E-07
 2  8  5  16  0.3020E-07
 2  8  5  16  0.2917E-07
 2  8  5  16  0.2134E-07
 2  8  5  16  0.2499E-07
 2  8  5  16  0.3000E-07
 2  8  5  16  0.3119E-07
 2  8  5  16  0.2952E-07
 2  8  5  16  0.2917E-07
 2  8  6  16  0.4321E-07
 2  8  6  16  0.2999E-07
 2  8  6  16  0.3019E-07
 2  8  6  16  0.2983E-07
 2  8  6  16  0.2826E-07
 2  8  6  16  0.2799E-07
 2  8  6  16  0.2778E-07
 2  8  6  16  0.2808E-07
 2  8  6  16  0.2815E-07
 2  8  6  16  0.2932E-07
 2  8  7  16  0.3225E-07
 2  8  7  16  0.2460E-07
 2  8  7  16  0.2552E-07
 2  8  7  16  0.2472E-07
 2  8  7  16  0.2345E-07
 2  8  7  16  0.2308E-07
 2  8  7  16  0.2308E-07
 2  8  7  16  0.2297E-07
 2  8  7  16  0.2303E-07
 2  8  7  16  0.2453E-07
 2  8  8  16  0.2478E-07
 2  8  8  16  0.1876E-07
 2  8  8  16  0.2096E-07
 2  8  8  16  0.1937E-07
 2  8  8  16  0.1860E-07
 2  8  8  16  0.1851E-07
 2  8  8  16  0.1823E-07
 2  8  8  16  0.1855E-07
 2  8  8  16  0.1932E-07
 2  8  8  16  0.1860E-07
 2  8  9  16  0.2298E-07
 2  8  9  16  0.1517E-07
 2  8  9  16  0.1420E-07
 2  8  9  16  0.1426E-07
 2  8  9  16  0.1357E-07
 2  8  9  16  0.1337E-07
 2  8  9  16  0.1331E-07
 2  8  9  16  0.1612E-07
 2  8  9  16  0.1429E-07
 2  8  9  16  0.1421E-07
 2  8  10  16  0.2842E-07
 2  8  10  16  0.2150E-07
 2  8  10  16  0.2137E-07
 2  8  10  16  0.2175E-07
 2  8  10  16  0.2309E-07
 2  8  10  16  0.2137E-07
 2  8  10  16  0.2136E-07
 2  8  10  16  0.2329E-07
 2  8  10  16  0.2146E-07
 2  8  10  16  0.2179E-07
 2  8  11  16  0.2296E-07
 2  8  11  16  0.1601E-07
 2  8  11  16  0.1612E-07
 2  8  11  16  0.1659E-07
 2  8  11  16  0.1673E-07
 2  8  11  16  0.1606E-07
 2  8  11  16  0.1684E-07
 2  8  11  16  0.1596E-07
 2  8  11  16  0.1595E-07
 2  8  11  16  0.1686E-07
 2  8  12  16  0.1783E-07
 2  8  12  16  0.1596E-07
 2  8  12  16  0.1609E-07
 2  8  12  16  0.1561E-07
 2  8  12  16  0.1542E-07
 2  8  12  16  0.1553E-07
 2  8  12  16  0.1663E-07
 2  8  12  16  0.1618E-07
 2  8  12  16  0.1553E-07
 2  8  12  16  0.1554E-07
 2  8  13  16  0.8867E-08
 2  8  13  16  0.8826E-08
 2  8  13  16  0.8831E-08
 2  8  13  16  0.8832E-08
 2  8  13  16  0.8840E-08
 2  8  13  16  0.8825E-08
 2  8  13  16  0.8831E-08
 2  8  13  16  0.8846E-08
 2  8  13  16  0.8835E-08
 2  8  13  16  0.8836E-08
 2  8  14  16  0.8324E-08
 2  8  14  16  0.8301E-08
 2  8  14  16  0.8300E-08
 2  8  14  16  0.8314E-08
 2  8  14  16  0.8306E-08
 2  8  14  16  0.8305E-08
 2  8  14  16  0.8295E-08
 2  8  14  16  0.8289E-08
 2  8  14  16  0.8301E-08
 2  8  14  16  0.8291E-08
 2  8  15  16  0.9061E-08
 2  8  15  16  0.9045E-08
 2  8  15  16  0.9037E-08
 2  8  15  16  0.9027E-08
 2  8  15  16  0.9037E-08
 2  8  15  16  0.9051E-08
 2  8  15  16  0.9046E-08
 2  8  15  16  0.9051E-08
 2  8  15  16  0.9036E-08
 2  8  15  16  0.9027E-08
 2  8  16  16  0.8781E-08
 2  8  16  16  0.8771E-08
 2  8  16  16  0.8766E-08
 2  8  16  16  0.8761E-08
 2  8  16  16  0.8768E-08
 2  8  16  16  0.8780E-08
 2  8  16  16  0.8762E-08
 2  8  16  16  0.8759E-08
 2  8  16  16  0.9228E-08
 2  8  16  16  0.8774E-08
 2  8  17  16  0.1057E-07
 2  8  17  16  0.1057E-07
 2  8  17  16  0.1056E-07
 2  8  17  16  0.1057E-07
 2  8  17  16  0.1057E-07
 2  8  17  16  0.1057E-07
 2  8  17  16  0.1056E-07
 2  8  17  16  0.1057E-07
 2  8  17  16  0.1057E-07
 2  8  17  16  0.1057E-07
 2  8  18  16  0.1035E-07
 2  8  18  16  0.1034E-07
 2  8  18  16  0.1034E-07
 2  8  18  16  0.1035E-07
 2  8  18  16  0.1034E-07
 2  8  18  16  0.1034E-07
 2  8  18  16  0.1034E-07
 2  8  18  16  0.1033E-07
 2  8  18  16  0.1034E-07
 2  8  18  16  0.1035E-07
 2  8  19  16  0.1105E-07
 2  8  19  16  0.1104E-07
 2  8  19  16  0.1105E-07
 2  8  19  16  0.1105E-07
 2  8  19  16  0.1105E-07
 2  8  19  16  0.1104E-07
 2  8  19  16  0.1104E-07
 2  8  19  16  0.1105E-07
 2  8  19  16  0.1104E-07
 2  8  19  16  0.1135E-07
 2  8  20  16  0.1079E-07
 2  8  20  16  0.1078E-07
 2  8  20  16  0.1077E-07
 2  8  20  16  0.1078E-07
 2  8  20  16  0.1077E-07
 2  8  20  16  0.1078E-07
 2  8  20  16  0.1078E-07
 2  8  20  16  0.1077E-07
 2  8  20  16  0.1078E-07
 2  8  20  16  0.1077E-07
