 2  1024  3  2048  0.6529E-08
 2  1024  3  2048  0.6497E-08
 2  1024  3  2048  0.6370E-08
 2  1024  3  2048  0.6432E-08
 2  1024  3  2048  0.6694E-08
 2  1024  4  2048  0.2790E-08
 2  1024  4  2048  0.2817E-08
 2  1024  4  2048  0.2806E-08
 2  1024  4  2048  0.2824E-08
 2  1024  4  2048  0.2799E-08
 2  1024  5  2048  0.1541E-08
 2  1024  5  2048  0.1515E-08
 2  1024  5  2048  0.1488E-08
 2  1024  5  2048  0.1526E-08
 2  1024  5  2048  0.1482E-08
 2  1024  6  2048  0.9567E-09
 2  1024  6  2048  0.9347E-09
 2  1024  6  2048  0.9733E-09
 2  1024  6  2048  0.9488E-09
 2  1024  6  2048  0.9392E-09
 2  1024  7  2048  0.6927E-09
 2  1024  7  2048  0.7013E-09
 2  1024  7  2048  0.6983E-09
 2  1024  7  2048  0.6668E-09
 2  1024  7  2048  0.6919E-09
 2  1024  8  2048  0.5239E-09
 2  1024  8  2048  0.4940E-09
 2  1024  8  2048  0.4870E-09
 2  1024  8  2048  0.4961E-09
 2  1024  8  2048  0.4936E-09
 2  1024  9  2048  0.4289E-09
 2  1024  9  2048  0.4299E-09
 2  1024  9  2048  0.4273E-09
 2  1024  9  2048  0.4205E-09
 2  1024  9  2048  0.4284E-09
 2  1024  10  2048  0.4039E-09
 2  1024  10  2048  0.4034E-09
 2  1024  10  2048  0.3987E-09
 2  1024  10  2048  0.4013E-09
 2  1024  10  2048  0.4048E-09
 2  1024  11  2048  0.3702E-09
 2  1024  11  2048  0.3686E-09
 2  1024  11  2048  0.3717E-09
 2  1024  11  2048  0.3719E-09
 2  1024  11  2048  0.3687E-09
 2  1024  12  2048  0.3313E-09
 2  1024  12  2048  0.3318E-09
 2  1024  12  2048  0.3295E-09
 2  1024  12  2048  0.3299E-09
 2  1024  12  2048  0.3317E-09
 2  1024  13  2048  0.2923E-09
 2  1024  13  2048  0.2933E-09
 2  1024  13  2048  0.2958E-09
 2  1024  13  2048  0.2934E-09
 2  1024  13  2048  0.2952E-09
 2  1024  14  2048  0.2533E-09
 2  1024  14  2048  0.2565E-09
 2  1024  14  2048  0.2531E-09
 2  1024  14  2048  0.2560E-09
 2  1024  14  2048  0.2538E-09
 2  1024  15  2048  0.2333E-09
 2  1024  15  2048  0.2332E-09
 2  1024  15  2048  0.2334E-09
 2  1024  15  2048  0.2324E-09
 2  1024  15  2048  0.2341E-09
 2  1024  16  2048  0.2155E-09
 2  1024  16  2048  0.2158E-09
 2  1024  16  2048  0.2156E-09
 2  1024  16  2048  0.2149E-09
 2  1024  16  2048  0.2158E-09
 2  1024  17  2048  0.2078E-09
 2  1024  17  2048  0.2066E-09
 2  1024  17  2048  0.2070E-09
 2  1024  17  2048  0.2080E-09
 2  1024  17  2048  0.2070E-09
 2  1024  18  2048  0.1930E-09
 2  1024  18  2048  0.1939E-09
 2  1024  18  2048  0.1951E-09
 2  1024  18  2048  0.1928E-09
 2  1024  18  2048  0.1961E-09
 2  1024  19  2048  0.1851E-09
 2  1024  19  2048  0.1842E-09
 2  1024  19  2048  0.1854E-09
 2  1024  19  2048  0.1837E-09
 2  1024  19  2048  0.1855E-09
 2  1024  20  2048  0.1768E-09
 2  1024  20  2048  0.1766E-09
 2  1024  20  2048  0.1759E-09
 2  1024  20  2048  0.1767E-09
 2  1024  20  2048  0.1764E-09
