 2  8  3  16  0.2901E-06
 2  8  3  16  0.1111E-06
 2  8  3  16  0.1027E-06
 2  8  3  16  0.9879E-07
 2  8  3  16  0.1004E-06
 2  8  3  16  0.9640E-07
 2  8  3  16  0.9253E-07
 2  8  3  16  0.9566E-07
 2  8  3  16  0.9861E-07
 2  8  3  16  0.8941E-07
 2  8  4  16  0.1055E-06
 2  8  4  16  0.2701E-07
 2  8  4  16  0.3881E-07
 2  8  4  16  0.3384E-07
 2  8  4  16  0.2251E-07
 2  8  4  16  0.3190E-07
 2  8  4  16  0.3190E-07
 2  8  4  16  0.2243E-07
 2  8  4  16  0.3811E-07
 2  8  4  16  0.3997E-07
 2  8  5  16  0.5130E-07
 2  8  5  16  0.1864E-07
 2  8  5  16  0.2265E-07
 2  8  5  16  0.2519E-07
 2  8  5  16  0.1617E-07
 2  8  5  16  0.2066E-07
 2  8  5  16  0.1617E-07
 2  8  5  16  0.2066E-07
 2  8  5  16  0.2233E-07
 2  8  5  16  0.2333E-07
 2  8  6  16  0.4620E-07
 2  8  6  16  0.3155E-07
 2  8  6  16  0.2766E-07
 2  8  6  16  0.2672E-07
 2  8  6  16  0.2741E-07
 2  8  6  16  0.2642E-07
 2  8  6  16  0.2720E-07
 2  8  6  16  0.2594E-07
 2  8  6  16  0.2488E-07
 2  8  6  16  0.2470E-07
 2  8  7  16  0.2392E-07
 2  8  7  16  0.2162E-07
 2  8  7  16  0.2139E-07
 2  8  7  16  0.2072E-07
 2  8  7  16  0.1981E-07
 2  8  7  16  0.2029E-07
 2  8  7  16  0.1955E-07
 2  8  7  16  0.2339E-07
 2  8  7  16  0.2058E-07
 2  8  7  16  0.2004E-07
 2  8  8  16  0.1806E-07
 2  8  8  16  0.1661E-07
 2  8  8  16  0.1763E-07
 2  8  8  16  0.1615E-07
 2  8  8  16  0.1543E-07
 2  8  8  16  0.1643E-07
 2  8  8  16  0.1571E-07
 2  8  8  16  0.1575E-07
 2  8  8  16  0.1543E-07
 2  8  8  16  0.1673E-07
 2  8  9  16  0.1952E-07
 2  8  9  16  0.1238E-07
 2  8  9  16  0.1252E-07
 2  8  9  16  0.1232E-07
 2  8  9  16  0.1337E-07
 2  8  9  16  0.1223E-07
 2  8  9  16  0.1237E-07
 2  8  9  16  0.1232E-07
 2  8  9  16  0.1143E-07
 2  8  9  16  0.1143E-07
 2  8  10  16  0.2473E-07
 2  8  10  16  0.1914E-07
 2  8  10  16  0.1957E-07
 2  8  10  16  0.1916E-07
 2  8  10  16  0.2015E-07
 2  8  10  16  0.1925E-07
 2  8  10  16  0.1925E-07
 2  8  10  16  0.1959E-07
 2  8  10  16  0.2000E-07
 2  8  10  16  0.1934E-07
 2  8  11  16  0.7958E-08
 2  8  11  16  0.7837E-08
 2  8  11  16  0.7931E-08
 2  8  11  16  0.1457E-07
 2  8  11  16  0.1415E-07
 2  8  11  16  0.1417E-07
 2  8  11  16  0.1512E-07
 2  8  11  16  0.1410E-07
 2  8  11  16  0.1418E-07
 2  8  11  16  0.1414E-07
 2  8  12  16  0.7363E-08
 2  8  12  16  0.7296E-08
 2  8  12  16  0.7306E-08
 2  8  12  16  0.7301E-08
 2  8  12  16  0.7296E-08
 2  8  12  16  0.7308E-08
 2  8  12  16  0.7381E-08
 2  8  12  16  0.1411E-07
 2  8  12  16  0.1381E-07
 2  8  12  16  0.1411E-07
 2  8  13  16  0.7734E-08
 2  8  13  16  0.7709E-08
 2  8  13  16  0.7682E-08
 2  8  13  16  0.7685E-08
 2  8  13  16  0.7701E-08
 2  8  13  16  0.7680E-08
 2  8  13  16  0.7682E-08
 2  8  13  16  0.7712E-08
 2  8  13  16  0.7710E-08
 2  8  13  16  0.7699E-08
 2  8  14  16  0.7325E-08
 2  8  14  16  0.7287E-08
 2  8  14  16  0.7300E-08
 2  8  14  16  0.7298E-08
 2  8  14  16  0.7282E-08
 2  8  14  16  0.7302E-08
 2  8  14  16  0.7286E-08
 2  8  14  16  0.7282E-08
 2  8  14  16  0.7278E-08
 2  8  14  16  0.7285E-08
 2  8  15  16  0.8180E-08
 2  8  15  16  0.8145E-08
 2  8  15  16  0.8154E-08
 2  8  15  16  0.8156E-08
 2  8  15  16  0.8168E-08
 2  8  15  16  0.8154E-08
 2  8  15  16  0.8168E-08
 2  8  15  16  0.8164E-08
 2  8  15  16  0.8148E-08
 2  8  15  16  0.8154E-08
 2  8  16  16  0.8004E-08
 2  8  16  16  0.7990E-08
 2  8  16  16  0.7973E-08
 2  8  16  16  0.7981E-08
 2  8  16  16  0.7986E-08
 2  8  16  16  0.7970E-08
 2  8  16  16  0.7983E-08
 2  8  16  16  0.7976E-08
 2  8  16  16  0.7985E-08
 2  8  16  16  0.7998E-08
 2  8  17  16  0.9919E-08
 2  8  17  16  0.9899E-08
 2  8  17  16  0.9890E-08
 2  8  17  16  0.9903E-08
 2  8  17  16  0.9906E-08
 2  8  17  16  0.9891E-08
 2  8  17  16  0.9907E-08
 2  8  17  16  0.9900E-08
 2  8  17  16  0.9905E-08
 2  8  17  16  0.9891E-08
 2  8  18  16  0.9744E-08
 2  8  18  16  0.9738E-08
 2  8  18  16  0.9729E-08
 2  8  18  16  0.9727E-08
 2  8  18  16  0.9731E-08
 2  8  18  16  0.9725E-08
 2  8  18  16  0.9730E-08
 2  8  18  16  0.9729E-08
 2  8  18  16  0.9727E-08
 2  8  18  16  0.9725E-08
 2  8  19  16  0.1049E-07
 2  8  19  16  0.1080E-07
 2  8  19  16  0.1048E-07
 2  8  19  16  0.1047E-07
 2  8  19  16  0.1048E-07
 2  8  19  16  0.1049E-07
 2  8  19  16  0.1049E-07
 2  8  19  16  0.1047E-07
 2  8  19  16  0.1049E-07
 2  8  19  16  0.1048E-07
 2  8  20  16  0.1025E-07
 2  8  20  16  0.1024E-07
 2  8  20  16  0.1024E-07
 2  8  20  16  0.1023E-07
 2  8  20  16  0.1024E-07
 2  8  20  16  0.1024E-07
 2  8  20  16  0.1024E-07
 2  8  20  16  0.1024E-07
 2  8  20  16  0.1024E-07
 2  8  20  16  0.1024E-07
