 2  2048  3  4096  0.5359E-08
 2  2048  3  4096  0.4971E-08
 2  2048  3  4096  0.4942E-08
 2  2048  3  4096  0.4886E-08
 2  2048  3  4096  0.4842E-08
 2  2048  3  4096  0.5078E-08
 2  2048  3  4096  0.4885E-08
 2  2048  3  4096  0.4932E-08
 2  2048  3  4096  0.5027E-08
 2  2048  3  4096  0.4935E-08
 2  2048  4  4096  0.2321E-08
 2  2048  4  4096  0.2057E-08
 2  2048  4  4096  0.2018E-08
 2  2048  4  4096  0.2008E-08
 2  2048  4  4096  0.2069E-08
 2  2048  4  4096  0.2076E-08
 2  2048  4  4096  0.2145E-08
 2  2048  4  4096  0.2119E-08
 2  2048  4  4096  0.2004E-08
 2  2048  4  4096  0.1963E-08
 2  2048  5  4096  0.1210E-08
 2  2048  5  4096  0.1135E-08
 2  2048  5  4096  0.1141E-08
 2  2048  5  4096  0.1084E-08
 2  2048  5  4096  0.1113E-08
 2  2048  5  4096  0.1096E-08
 2  2048  5  4096  0.1099E-08
 2  2048  5  4096  0.1099E-08
 2  2048  5  4096  0.1116E-08
 2  2048  5  4096  0.1082E-08
 2  2048  6  4096  0.8075E-09
 2  2048  6  4096  0.7037E-09
 2  2048  6  4096  0.6981E-09
 2  2048  6  4096  0.7120E-09
 2  2048  6  4096  0.7279E-09
 2  2048  6  4096  0.7248E-09
 2  2048  6  4096  0.7031E-09
 2  2048  6  4096  0.6935E-09
 2  2048  6  4096  0.6977E-09
 2  2048  6  4096  0.7251E-09
 2  2048  7  4096  0.5471E-09
 2  2048  7  4096  0.4930E-09
 2  2048  7  4096  0.4762E-09
 2  2048  7  4096  0.4756E-09
 2  2048  7  4096  0.4917E-09
 2  2048  7  4096  0.5033E-09
 2  2048  7  4096  0.4864E-09
 2  2048  7  4096  0.4778E-09
 2  2048  7  4096  0.4755E-09
 2  2048  7  4096  0.4932E-09
 2  2048  8  4096  0.3937E-09
 2  2048  8  4096  0.3707E-09
 2  2048  8  4096  0.3741E-09
 2  2048  8  4096  0.3759E-09
 2  2048  8  4096  0.3722E-09
 2  2048  8  4096  0.3708E-09
 2  2048  8  4096  0.3744E-09
 2  2048  8  4096  0.3789E-09
 2  2048  8  4096  0.3765E-09
 2  2048  8  4096  0.3758E-09
 2  2048  9  4096  0.3249E-09
 2  2048  9  4096  0.3095E-09
 2  2048  9  4096  0.3055E-09
 2  2048  9  4096  0.3065E-09
 2  2048  9  4096  0.3092E-09
 2  2048  9  4096  0.3054E-09
 2  2048  9  4096  0.3059E-09
 2  2048  9  4096  0.3075E-09
 2  2048  9  4096  0.3097E-09
 2  2048  9  4096  0.3055E-09
 2  2048  10  4096  0.2697E-09
 2  2048  10  4096  0.2511E-09
 2  2048  10  4096  0.2570E-09
 2  2048  10  4096  0.2619E-09
 2  2048  10  4096  0.2520E-09
 2  2048  10  4096  0.2516E-09
 2  2048  10  4096  0.2607E-09
 2  2048  10  4096  0.2529E-09
 2  2048  10  4096  0.2509E-09
 2  2048  10  4096  0.2586E-09
 2  2048  11  4096  0.2294E-09
 2  2048  11  4096  0.2307E-09
 2  2048  11  4096  0.2244E-09
 2  2048  11  4096  0.2247E-09
 2  2048  11  4096  0.2287E-09
 2  2048  11  4096  0.2224E-09
 2  2048  11  4096  0.2271E-09
 2  2048  11  4096  0.2278E-09
 2  2048  11  4096  0.2226E-09
 2  2048  11  4096  0.2285E-09
 2  2048  12  4096  0.1963E-09
 2  2048  12  4096  0.1914E-09
 2  2048  12  4096  0.1908E-09
 2  2048  12  4096  0.1915E-09
 2  2048  12  4096  0.1893E-09
 2  2048  12  4096  0.1940E-09
 2  2048  12  4096  0.1918E-09
 2  2048  12  4096  0.1916E-09
 2  2048  12  4096  0.1931E-09
 2  2048  12  4096  0.1895E-09
 2  2048  13  4096  0.1726E-09
 2  2048  13  4096  0.1678E-09
 2  2048  13  4096  0.1692E-09
 2  2048  13  4096  0.1687E-09
 2  2048  13  4096  0.1691E-09
 2  2048  13  4096  0.1683E-09
 2  2048  13  4096  0.1693E-09
 2  2048  13  4096  0.1687E-09
 2  2048  13  4096  0.1682E-09
 2  2048  13  4096  0.1697E-09
 2  2048  14  4096  0.1479E-09
 2  2048  14  4096  0.1448E-09
 2  2048  14  4096  0.1459E-09
 2  2048  14  4096  0.1453E-09
 2  2048  14  4096  0.1452E-09
 2  2048  14  4096  0.1452E-09
 2  2048  14  4096  0.1455E-09
 2  2048  14  4096  0.1460E-09
 2  2048  14  4096  0.1453E-09
 2  2048  14  4096  0.1463E-09
 2  2048  15  4096  0.1346E-09
 2  2048  15  4096  0.1316E-09
 2  2048  15  4096  0.1333E-09
 2  2048  15  4096  0.1312E-09
 2  2048  15  4096  0.1339E-09
 2  2048  15  4096  0.1328E-09
 2  2048  15  4096  0.1336E-09
 2  2048  15  4096  0.1335E-09
 2  2048  15  4096  0.1329E-09
 2  2048  15  4096  0.1349E-09
