 2  64  3  128  0.1002E-06
 2  64  3  128  0.4765E-07
 2  64  3  128  0.4620E-07
 2  64  3  128  0.4629E-07
 2  64  3  128  0.5025E-07
 2  64  3  128  0.4707E-07
 2  64  3  128  0.4321E-07
 2  64  3  128  0.4910E-07
 2  64  3  128  0.4514E-07
 2  64  3  128  0.4466E-07
 2  64  4  128  0.3589E-07
 2  64  4  128  0.2095E-07
 2  64  4  128  0.2353E-07
 2  64  4  128  0.2132E-07
 2  64  4  128  0.2067E-07
 2  64  4  128  0.2038E-07
 2  64  4  128  0.1962E-07
 2  64  4  128  0.2006E-07
 2  64  4  128  0.2165E-07
 2  64  4  128  0.2112E-07
 2  64  5  128  0.2940E-07
 2  64  5  128  0.1219E-07
 2  64  5  128  0.1175E-07
 2  64  5  128  0.1165E-07
 2  64  5  128  0.1254E-07
 2  64  5  128  0.1150E-07
 2  64  5  128  0.1162E-07
 2  64  5  128  0.1121E-07
 2  64  5  128  0.1141E-07
 2  64  5  128  0.1160E-07
 2  64  6  128  0.1977E-07
 2  64  6  128  0.9129E-08
 2  64  6  128  0.8572E-08
 2  64  6  128  0.8632E-08
 2  64  6  128  0.8718E-08
 2  64  6  128  0.8646E-08
 2  64  6  128  0.8945E-08
 2  64  6  128  0.8669E-08
 2  64  6  128  0.8635E-08
 2  64  6  128  0.8908E-08
 2  64  7  128  0.2959E-08
 2  64  7  128  0.2865E-08
 2  64  7  128  0.2867E-08
 2  64  7  128  0.2874E-08
 2  64  7  128  0.2862E-08
 2  64  7  128  0.2853E-08
 2  64  7  128  0.2884E-08
 2  64  7  128  0.2861E-08
 2  64  7  128  0.2860E-08
 2  64  7  128  0.2884E-08
 2  64  8  128  0.2487E-08
 2  64  8  128  0.2379E-08
 2  64  8  128  0.2391E-08
 2  64  8  128  0.2366E-08
 2  64  8  128  0.2374E-08
 2  64  8  128  0.2385E-08
 2  64  8  128  0.2388E-08
 2  64  8  128  0.2382E-08
 2  64  8  128  0.2387E-08
 2  64  8  128  0.2387E-08
 2  64  9  128  0.2529E-08
 2  64  9  128  0.2466E-08
 2  64  9  128  0.2486E-08
 2  64  9  128  0.2488E-08
 2  64  9  128  0.2465E-08
 2  64  9  128  0.2492E-08
 2  64  9  128  0.2455E-08
 2  64  9  128  0.2494E-08
 2  64  9  128  0.2476E-08
 2  64  9  128  0.2469E-08
 2  64  10  128  0.2447E-08
 2  64  10  128  0.2423E-08
 2  64  10  128  0.2419E-08
 2  64  10  128  0.2403E-08
 2  64  10  128  0.2407E-08
 2  64  10  128  0.2404E-08
 2  64  10  128  0.2407E-08
 2  64  10  128  0.2416E-08
 2  64  10  128  0.2403E-08
 2  64  10  128  0.2407E-08
 2  64  11  128  0.2339E-08
 2  64  11  128  0.2309E-08
 2  64  11  128  0.2321E-08
 2  64  11  128  0.2329E-08
 2  64  11  128  0.2314E-08
 2  64  11  128  0.2333E-08
 2  64  11  128  0.2325E-08
 2  64  11  128  0.2320E-08
 2  64  11  128  0.2312E-08
 2  64  11  128  0.2317E-08
 2  64  12  128  0.2049E-08
 2  64  12  128  0.2035E-08
 2  64  12  128  0.2024E-08
 2  64  12  128  0.2025E-08
 2  64  12  128  0.2025E-08
 2  64  12  128  0.2028E-08
 2  64  12  128  0.2026E-08
 2  64  12  128  0.2028E-08
 2  64  12  128  0.2026E-08
 2  64  12  128  0.2024E-08
 2  64  12  128  0.2054E-08
 2  64  12  128  0.2026E-08
 2  64  12  128  0.2026E-08
 2  64  12  128  0.2028E-08
 2  64  12  128  0.2025E-08
 2  64  12  128  0.2026E-08
 2  64  12  128  0.2047E-08
 2  64  12  128  0.2027E-08
 2  64  12  128  0.2034E-08
 2  64  12  128  0.2038E-08
 2  64  13  128  0.1764E-08
 2  64  13  128  0.1734E-08
 2  64  13  128  0.1744E-08
 2  64  13  128  0.1737E-08
 2  64  13  128  0.1733E-08
 2  64  13  128  0.1731E-08
 2  64  13  128  0.1744E-08
 2  64  13  128  0.1737E-08
 2  64  13  128  0.1739E-08
 2  64  13  128  0.1735E-08
 2  64  14  128  0.1567E-08
 2  64  14  128  0.1556E-08
 2  64  14  128  0.1557E-08
 2  64  14  128  0.1556E-08
 2  64  14  128  0.1558E-08
 2  64  14  128  0.1554E-08
 2  64  14  128  0.1554E-08
 2  64  14  128  0.1556E-08
 2  64  14  128  0.1558E-08
 2  64  14  128  0.1554E-08
 2  64  15  128  0.1600E-08
 2  64  15  128  0.1588E-08
 2  64  15  128  0.1595E-08
 2  64  15  128  0.1589E-08
 2  64  15  128  0.1587E-08
 2  64  15  128  0.1586E-08
 2  64  15  128  0.1590E-08
 2  64  15  128  0.1591E-08
 2  64  15  128  0.1592E-08
 2  64  15  128  0.1588E-08
 2  64  16  128  0.1509E-08
 2  64  16  128  0.1501E-08
 2  64  16  128  0.1500E-08
 2  64  16  128  0.1504E-08
 2  64  16  128  0.1501E-08
 2  64  16  128  0.1504E-08
 2  64  16  128  0.1505E-08
 2  64  16  128  0.1508E-08
 2  64  16  128  0.1503E-08
 2  64  16  128  0.1503E-08
 2  64  17  128  0.1689E-08
 2  64  17  128  0.1684E-08
 2  64  17  128  0.1687E-08
 2  64  17  128  0.1684E-08
 2  64  17  128  0.1686E-08
 2  64  17  128  0.1687E-08
 2  64  17  128  0.1686E-08
 2  64  17  128  0.1684E-08
 2  64  17  128  0.1689E-08
 2  64  17  128  0.1687E-08
 2  64  18  128  0.1617E-08
 2  64  18  128  0.1613E-08
 2  64  18  128  0.1610E-08
 2  64  18  128  0.1613E-08
 2  64  18  128  0.1613E-08
 2  64  18  128  0.1612E-08
 2  64  18  128  0.1613E-08
 2  64  18  128  0.1612E-08
 2  64  18  128  0.1613E-08
 2  64  18  128  0.1612E-08
 2  64  19  128  0.1687E-08
 2  64  19  128  0.1682E-08
 2  64  19  128  0.1707E-08
 2  64  19  128  0.1683E-08
 2  64  19  128  0.1683E-08
 2  64  19  128  0.1684E-08
 2  64  19  128  0.1681E-08
 2  64  19  128  0.1681E-08
 2  64  19  128  0.1680E-08
 2  64  19  128  0.1685E-08
 2  64  20  128  0.1606E-08
 2  64  20  128  0.1604E-08
 2  64  20  128  0.1604E-08
 2  64  20  128  0.1606E-08
 2  64  20  128  0.1603E-08
 2  64  20  128  0.1604E-08
 2  64  20  128  0.1604E-08
 2  64  20  128  0.1607E-08
 2  64  20  128  0.1602E-08
 2  64  20  128  0.1602E-08
