 2  1024  3  2048  0.1012E-07
 2  1024  3  2048  0.6347E-08
 2  1024  3  2048  0.6100E-08
 2  1024  3  2048  0.5878E-08
 2  1024  3  2048  0.4422E-08
 2  1024  3  2048  0.3907E-08
 2  1024  3  2048  0.5648E-08
 2  1024  3  2048  0.5444E-08
 2  1024  3  2048  0.6360E-08
 2  1024  3  2048  0.5635E-08
 2  1024  4  2048  0.1552E-08
 2  1024  4  2048  0.1544E-08
 2  1024  4  2048  0.1499E-08
 2  1024  4  2048  0.1511E-08
 2  1024  4  2048  0.1486E-08
 2  1024  4  2048  0.1505E-08
 2  1024  4  2048  0.1479E-08
 2  1024  4  2048  0.1480E-08
 2  1024  4  2048  0.1491E-08
 2  1024  4  2048  0.1489E-08
 2  1024  5  2048  0.8568E-09
 2  1024  5  2048  0.8103E-09
 2  1024  5  2048  0.8090E-09
 2  1024  5  2048  0.8008E-09
 2  1024  5  2048  0.7974E-09
 2  1024  5  2048  0.8820E-09
 2  1024  5  2048  0.8082E-09
 2  1024  5  2048  0.7933E-09
 2  1024  5  2048  0.8046E-09
 2  1024  5  2048  0.7984E-09
 2  1024  6  2048  0.5153E-09
 2  1024  6  2048  0.5085E-09
 2  1024  6  2048  0.5147E-09
 2  1024  6  2048  0.5112E-09
 2  1024  6  2048  0.5129E-09
 2  1024  6  2048  0.5235E-09
 2  1024  6  2048  0.5384E-09
 2  1024  6  2048  0.5188E-09
 2  1024  6  2048  0.5208E-09
 2  1024  6  2048  0.5248E-09
 2  1024  7  2048  0.3804E-09
 2  1024  7  2048  0.3723E-09
 2  1024  7  2048  0.3716E-09
 2  1024  7  2048  0.3656E-09
 2  1024  7  2048  0.3776E-09
 2  1024  7  2048  0.3724E-09
 2  1024  7  2048  0.3757E-09
 2  1024  7  2048  0.3733E-09
 2  1024  7  2048  0.3691E-09
 2  1024  7  2048  0.3730E-09
 2  1024  8  2048  0.2920E-09
 2  1024  8  2048  0.2884E-09
 2  1024  8  2048  0.2844E-09
 2  1024  8  2048  0.2868E-09
 2  1024  8  2048  0.2850E-09
 2  1024  8  2048  0.2861E-09
 2  1024  8  2048  0.2906E-09
 2  1024  8  2048  0.2905E-09
 2  1024  8  2048  0.2963E-09
 2  1024  8  2048  0.2963E-09
 2  1024  9  2048  0.2608E-09
 2  1024  9  2048  0.2589E-09
 2  1024  9  2048  0.2583E-09
 2  1024  9  2048  0.2587E-09
 2  1024  9  2048  0.2611E-09
 2  1024  9  2048  0.2634E-09
 2  1024  9  2048  0.2600E-09
 2  1024  9  2048  0.2618E-09
 2  1024  9  2048  0.2604E-09
 2  1024  9  2048  0.2597E-09
 2  1024  10  2048  0.2323E-09
 2  1024  10  2048  0.2311E-09
 2  1024  10  2048  0.2319E-09
 2  1024  10  2048  0.2323E-09
 2  1024  10  2048  0.2325E-09
 2  1024  10  2048  0.2298E-09
 2  1024  10  2048  0.2334E-09
 2  1024  10  2048  0.2310E-09
 2  1024  10  2048  0.2340E-09
 2  1024  10  2048  0.2313E-09
 2  1024  11  2048  0.2090E-09
 2  1024  11  2048  0.2071E-09
 2  1024  11  2048  0.2059E-09
 2  1024  11  2048  0.2039E-09
 2  1024  11  2048  0.2046E-09
 2  1024  11  2048  0.2048E-09
 2  1024  11  2048  0.2088E-09
 2  1024  11  2048  0.2058E-09
 2  1024  11  2048  0.2046E-09
 2  1024  11  2048  0.2034E-09
 2  1024  12  2048  0.1783E-09
 2  1024  12  2048  0.1821E-09
 2  1024  12  2048  0.1790E-09
 2  1024  12  2048  0.1811E-09
 2  1024  12  2048  0.1794E-09
 2  1024  12  2048  0.1776E-09
 2  1024  12  2048  0.1795E-09
 2  1024  12  2048  0.1792E-09
 2  1024  12  2048  0.1811E-09
 2  1024  12  2048  0.1786E-09
 2  1024  13  2048  0.1586E-09
 2  1024  13  2048  0.1576E-09
 2  1024  13  2048  0.1583E-09
 2  1024  13  2048  0.1601E-09
 2  1024  13  2048  0.1591E-09
 2  1024  13  2048  0.1570E-09
 2  1024  13  2048  0.1572E-09
 2  1024  13  2048  0.1594E-09
 2  1024  13  2048  0.1610E-09
 2  1024  13  2048  0.1581E-09
 2  1024  14  2048  0.1390E-09
 2  1024  14  2048  0.1366E-09
 2  1024  14  2048  0.1374E-09
 2  1024  14  2048  0.1394E-09
 2  1024  14  2048  0.1394E-09
 2  1024  14  2048  0.1373E-09
 2  1024  14  2048  0.1371E-09
 2  1024  14  2048  0.1397E-09
 2  1024  14  2048  0.1383E-09
 2  1024  14  2048  0.1375E-09
 2  1024  15  2048  0.1318E-09
 2  1024  15  2048  0.1348E-09
 2  1024  15  2048  0.1318E-09
 2  1024  15  2048  0.1309E-09
 2  1024  15  2048  0.1321E-09
 2  1024  15  2048  0.1338E-09
 2  1024  15  2048  0.1309E-09
 2  1024  15  2048  0.1316E-09
 2  1024  15  2048  0.1328E-09
 2  1024  15  2048  0.1309E-09
 2  1024  16  2048  0.1231E-09
 2  1024  16  2048  0.1218E-09
 2  1024  16  2048  0.1218E-09
 2  1024  16  2048  0.1228E-09
 2  1024  16  2048  0.1228E-09
 2  1024  16  2048  0.1221E-09
 2  1024  16  2048  0.1229E-09
 2  1024  16  2048  0.1226E-09
 2  1024  16  2048  0.1215E-09
 2  1024  16  2048  0.1217E-09
 2  1024  17  2048  0.1308E-09
 2  1024  17  2048  0.1280E-09
 2  1024  17  2048  0.1304E-09
 2  1024  17  2048  0.1278E-09
 2  1024  17  2048  0.1281E-09
 2  1024  17  2048  0.1295E-09
 2  1024  17  2048  0.1284E-09
 2  1024  17  2048  0.1292E-09
 2  1024  17  2048  0.1284E-09
 2  1024  17  2048  0.1286E-09
 2  1024  18  2048  0.1202E-09
 2  1024  18  2048  0.1208E-09
 2  1024  18  2048  0.1202E-09
 2  1024  18  2048  0.1211E-09
 2  1024  18  2048  0.1200E-09
 2  1024  18  2048  0.1216E-09
 2  1024  18  2048  0.1200E-09
 2  1024  18  2048  0.1200E-09
 2  1024  18  2048  0.1217E-09
 2  1024  18  2048  0.1206E-09
 2  1024  19  2048  0.1204E-09
 2  1024  19  2048  0.1218E-09
 2  1024  19  2048  0.1206E-09
 2  1024  19  2048  0.1221E-09
 2  1024  19  2048  0.1204E-09
 2  1024  19  2048  0.1221E-09
 2  1024  19  2048  0.1202E-09
 2  1024  19  2048  0.1216E-09
 2  1024  19  2048  0.1205E-09
 2  1024  19  2048  0.1217E-09
 2  1024  20  2048  0.1132E-09
 2  1024  20  2048  0.1141E-09
 2  1024  20  2048  0.1132E-09
 2  1024  20  2048  0.1140E-09
 2  1024  20  2048  0.1145E-09
 2  1024  20  2048  0.1129E-09
 2  1024  20  2048  0.1143E-09
 2  1024  20  2048  0.1129E-09
 2  1024  20  2048  0.1141E-09
 2  1024  20  2048  0.1131E-09
