 2  2  3  4  0.3635E-06
 2  2  3  4  0.2502E-06
 2  2  3  4  0.2598E-06
 2  2  3  4  0.2782E-06
 2  2  3  4  0.3091E-06
 2  2  3  4  0.1943E-06
 2  2  3  4  0.2590E-06
 2  2  3  4  0.1795E-06
 2  2  3  4  0.2406E-06
 2  2  3  4  0.2311E-06
 2  2  4  4  0.1354E-06
 2  2  4  4  0.1003E-06
 2  2  4  4  0.1484E-06
 2  2  4  4  0.9872E-07
 2  2  4  4  0.9375E-07
 2  2  4  4  0.9499E-07
 2  2  4  4  0.9127E-07
 2  2  4  4  0.9375E-07
 2  2  4  4  0.9375E-07
 2  2  4  4  0.9499E-07
 2  2  5  4  0.1260E-06
 2  2  5  4  0.1273E-06
 2  2  5  4  0.1154E-06
 2  2  5  4  0.1200E-06
 2  2  5  4  0.1367E-06
 2  2  5  4  0.1100E-06
 2  2  5  4  0.1067E-06
 2  2  5  4  0.1186E-06
 2  2  5  4  0.1046E-06
 2  2  5  4  0.1319E-06
 2  2  6  4  0.1199E-06
 2  2  6  4  0.9603E-07
 2  2  6  4  0.9373E-07
 2  2  6  4  0.9263E-07
 2  2  6  4  0.1142E-06
 2  2  6  4  0.9529E-07
 2  2  6  4  0.9189E-07
 2  2  6  4  0.8913E-07
 2  2  6  4  0.8830E-07
 2  2  6  4  0.8876E-07
 2  2  7  4  0.8671E-07
 2  2  7  4  0.8040E-07
 2  2  7  4  0.8017E-07
 2  2  7  4  0.7849E-07
 2  2  7  4  0.8208E-07
 2  2  7  4  0.7924E-07
 2  2  7  4  0.8891E-07
 2  2  7  4  0.8306E-07
 2  2  7  4  0.7652E-07
 2  2  7  4  0.7895E-07
 2  2  8  4  0.6527E-07
 2  2  8  4  0.6186E-07
 2  2  8  4  0.5937E-07
 2  2  8  4  0.6023E-07
 2  2  8  4  0.6624E-07
 2  2  8  4  0.5941E-07
 2  2  8  4  0.5941E-07
 2  2  8  4  0.5972E-07
 2  2  8  4  0.6054E-07
 2  2  8  4  0.5728E-07
 2  2  9  4  0.7225E-07
 2  2  9  4  0.6688E-07
 2  2  9  4  0.7751E-07
 2  2  9  4  0.6585E-07
 2  2  9  4  0.6277E-07
 2  2  9  4  0.6230E-07
 2  2  9  4  0.6173E-07
 2  2  9  4  0.6083E-07
 2  2  9  4  0.6080E-07
 2  2  9  4  0.6516E-07
 2  2  10  4  0.8176E-07
 2  2  10  4  0.7325E-07
 2  2  10  4  0.7524E-07
 2  2  10  4  0.7834E-07
 2  2  10  4  0.7323E-07
 2  2  10  4  0.7234E-07
 2  2  10  4  0.7190E-07
 2  2  10  4  0.7325E-07
 2  2  10  4  0.7292E-07
 2  2  10  4  0.7683E-07
 2  2  11  4  0.6311E-07
 2  2  11  4  0.5978E-07
 2  2  11  4  0.5735E-07
 2  2  11  4  0.5660E-07
 2  2  11  4  0.5704E-07
 2  2  11  4  0.5748E-07
 2  2  11  4  0.5729E-07
 2  2  11  4  0.5741E-07
 2  2  11  4  0.6023E-07
 2  2  11  4  0.5735E-07
 2  2  12  4  0.5233E-07
 2  2  12  4  0.4857E-07
 2  2  12  4  0.4914E-07
 2  2  12  4  0.5146E-07
 2  2  12  4  0.5029E-07
 2  2  12  4  0.5209E-07
 2  2  12  4  0.5064E-07
 2  2  12  4  0.5002E-07
 2  2  12  4  0.4943E-07
 2  2  12  4  0.5189E-07
 2  2  13  4  0.5124E-07
 2  2  13  4  0.4999E-07
 2  2  13  4  0.4764E-07
 2  2  13  4  0.4772E-07
 2  2  13  4  0.4775E-07
 2  2  13  4  0.4787E-07
 2  2  13  4  0.4977E-07
 2  2  13  4  0.4787E-07
 2  2  13  4  0.4802E-07
 2  2  13  4  0.4939E-07
 2  2  14  4  0.4856E-07
 2  2  14  4  0.4367E-07
 2  2  14  4  0.4394E-07
 2  2  14  4  0.4722E-07
 2  2  14  4  0.4382E-07
 2  2  14  4  0.4470E-07
 2  2  14  4  0.4380E-07
 2  2  14  4  0.4546E-07
 2  2  14  4  0.4368E-07
 2  2  14  4  0.4336E-07
 2  2  15  4  0.4921E-07
 2  2  15  4  0.4746E-07
 2  2  15  4  0.4704E-07
 2  2  15  4  0.4565E-07
 2  2  15  4  0.4714E-07
 2  2  15  4  0.4593E-07
 2  2  15  4  0.4697E-07
 2  2  15  4  0.4578E-07
 2  2  15  4  0.4694E-07
 2  2  15  4  0.4581E-07
 2  2  16  4  0.3095E-07
 2  2  16  4  0.3094E-07
 2  2  16  4  0.3216E-07
 2  2  16  4  0.5032E-07
 2  2  16  4  0.4987E-07
 2  2  16  4  0.5046E-07
 2  2  16  4  0.5076E-07
 2  2  16  4  0.5015E-07
 2  2  16  4  0.5060E-07
 2  2  16  4  0.5155E-07
 2  2  17  4  0.3868E-07
 2  2  17  4  0.3863E-07
 2  2  17  4  0.3866E-07
 2  2  17  4  0.3868E-07
 2  2  17  4  0.5133E-07
 2  2  17  4  0.5221E-07
 2  2  17  4  0.5290E-07
 2  2  17  4  0.5306E-07
 2  2  17  4  0.5306E-07
 2  2  17  4  0.5187E-07
 2  2  18  4  0.3811E-07
 2  2  18  4  0.3812E-07
 2  2  18  4  0.3809E-07
 2  2  18  4  0.3810E-07
 2  2  18  4  0.3811E-07
 2  2  18  4  0.3836E-07
 2  2  18  4  0.5411E-07
 2  2  18  4  0.5407E-07
 2  2  18  4  0.5400E-07
 2  2  18  4  0.5564E-07
 2  2  19  4  0.4076E-07
 2  2  19  4  0.4076E-07
 2  2  19  4  0.4074E-07
 2  2  19  4  0.4075E-07
 2  2  19  4  0.4075E-07
 2  2  19  4  0.4073E-07
 2  2  19  4  0.4072E-07
 2  2  19  4  0.4095E-07
 2  2  19  4  0.5703E-07
 2  2  19  4  0.5781E-07
 2  2  20  4  0.4024E-07
 2  2  20  4  0.4023E-07
 2  2  20  4  0.4022E-07
 2  2  20  4  0.4024E-07
 2  2  20  4  0.4024E-07
 2  2  20  4  0.4023E-07
 2  2  20  4  0.4023E-07
 2  2  20  4  0.4023E-07
 2  2  20  4  0.4023E-07
 2  2  20  4  0.4020E-07
