 2  16  3  32  0.1621E-06
 2  16  3  32  0.8913E-07
 2  16  3  32  0.8177E-07
 2  16  3  32  0.7947E-07
 2  16  3  32  0.8757E-07
 2  16  3  32  0.8223E-07
 2  16  3  32  0.8030E-07
 2  16  3  32  0.8600E-07
 2  16  3  32  0.8214E-07
 2  16  3  32  0.8067E-07
 2  16  4  32  0.6492E-07
 2  16  4  32  0.3725E-07
 2  16  4  32  0.3597E-07
 2  16  4  32  0.3582E-07
 2  16  4  32  0.3632E-07
 2  16  4  32  0.3531E-07
 2  16  4  32  0.3547E-07
 2  16  4  32  0.3551E-07
 2  16  4  32  0.3469E-07
 2  16  4  32  0.3776E-07
 2  16  5  32  0.4508E-07
 2  16  5  32  0.2567E-07
 2  16  5  32  0.2317E-07
 2  16  5  32  0.2275E-07
 2  16  5  32  0.2342E-07
 2  16  5  32  0.2259E-07
 2  16  5  32  0.2257E-07
 2  16  5  32  0.2241E-07
 2  16  5  32  0.2249E-07
 2  16  5  32  0.2251E-07
 2  16  6  32  0.3043E-07
 2  16  6  32  0.1886E-07
 2  16  6  32  0.1760E-07
 2  16  6  32  0.1717E-07
 2  16  6  32  0.1721E-07
 2  16  6  32  0.1674E-07
 2  16  6  32  0.1694E-07
 2  16  6  32  0.1703E-07
 2  16  6  32  0.1857E-07
 2  16  6  32  0.1707E-07
 2  16  7  32  0.2017E-07
 2  16  7  32  0.1300E-07
 2  16  7  32  0.1203E-07
 2  16  7  32  0.1184E-07
 2  16  7  32  0.1169E-07
 2  16  7  32  0.1185E-07
 2  16  7  32  0.1355E-07
 2  16  7  32  0.1239E-07
 2  16  7  32  0.1166E-07
 2  16  7  32  0.1166E-07
 2  16  8  32  0.1809E-07
 2  16  8  32  0.1168E-07
 2  16  8  32  0.1211E-07
 2  16  8  32  0.1162E-07
 2  16  8  32  0.1153E-07
 2  16  8  32  0.1168E-07
 2  16  8  32  0.1162E-07
 2  16  8  32  0.1141E-07
 2  16  8  32  0.1339E-07
 2  16  8  32  0.1166E-07
 2  16  9  32  0.1698E-07
 2  16  9  32  0.1048E-07
 2  16  9  32  0.1056E-07
 2  16  9  32  0.1083E-07
 2  16  9  32  0.1030E-07
 2  16  9  32  0.1179E-07
 2  16  9  32  0.1037E-07
 2  16  9  32  0.1033E-07
 2  16  9  32  0.1039E-07
 2  16  9  32  0.1102E-07
 2  16  12  32  0.4660E-08
 2  16  12  32  0.4638E-08
 2  16  12  32  0.4633E-08
 2  16  12  32  0.4655E-08
 2  16  12  32  0.4649E-08
 2  16  12  32  0.4653E-08
 2  16  12  32  0.4643E-08
 2  16  12  32  0.4632E-08
 2  16  12  32  0.4643E-08
 2  16  12  32  0.4645E-08
 2  16  13  32  0.4692E-08
 2  16  13  32  0.4659E-08
 2  16  13  32  0.4658E-08
 2  16  13  32  0.4663E-08
 2  16  13  32  0.4652E-08
 2  16  13  32  0.4658E-08
 2  16  13  32  0.4655E-08
 2  16  13  32  0.4667E-08
 2  16  13  32  0.4660E-08
 2  16  13  32  0.4657E-08
 2  16  14  32  0.4374E-08
 2  16  14  32  0.4362E-08
 2  16  14  32  0.4348E-08
 2  16  14  32  0.4360E-08
 2  16  14  32  0.4357E-08
 2  16  14  32  0.4359E-08
 2  16  14  32  0.4358E-08
 2  16  14  32  0.4369E-08
 2  16  14  32  0.4353E-08
 2  16  14  32  0.4357E-08
 2  16  15  32  0.4720E-08
 2  16  15  32  0.4699E-08
 2  16  15  32  0.4707E-08
 2  16  15  32  0.4701E-08
 2  16  15  32  0.4699E-08
 2  16  15  32  0.4695E-08
 2  16  15  32  0.4696E-08
 2  16  15  32  0.4698E-08
 2  16  15  32  0.4708E-08
 2  16  15  32  0.4697E-08
 2  16  16  32  0.4546E-08
 2  16  16  32  0.4536E-08
 2  16  16  32  0.4540E-08
 2  16  16  32  0.4539E-08
 2  16  16  32  0.4541E-08
 2  16  16  32  0.4540E-08
 2  16  16  32  0.4535E-08
 2  16  16  32  0.4533E-08
 2  16  16  32  0.4540E-08
 2  16  16  32  0.4544E-08
 2  16  17  32  0.5454E-08
 2  16  17  32  0.5453E-08
 2  16  17  32  0.5448E-08
 2  16  17  32  0.5443E-08
 2  16  17  32  0.5444E-08
 2  16  17  32  0.5449E-08
 2  16  17  32  0.5449E-08
 2  16  17  32  0.5447E-08
 2  16  17  32  0.5442E-08
 2  16  17  32  0.5457E-08
 2  16  18  32  0.5328E-08
 2  16  18  32  0.5318E-08
 2  16  18  32  0.5317E-08
 2  16  18  32  0.5320E-08
 2  16  18  32  0.5326E-08
 2  16  18  32  0.5322E-08
 2  16  18  32  0.5313E-08
 2  16  18  32  0.5313E-08
 2  16  18  32  0.5325E-08
 2  16  18  32  0.5315E-08
 2  16  19  32  0.5667E-08
 2  16  19  32  0.5672E-08
 2  16  19  32  0.5662E-08
 2  16  19  32  0.5660E-08
 2  16  19  32  0.5657E-08
 2  16  19  32  0.5658E-08
 2  16  19  32  0.5658E-08
 2  16  19  32  0.5661E-08
 2  16  19  32  0.5656E-08
 2  16  19  32  0.5655E-08
 2  16  20  32  0.5524E-08
 2  16  20  32  0.5510E-08
 2  16  20  32  0.5517E-08
 2  16  20  32  0.5509E-08
 2  16  20  32  0.5508E-08
 2  16  20  32  0.5508E-08
 2  16  20  32  0.5509E-08
 2  16  20  32  0.5511E-08
 2  16  20  32  0.5506E-08
 2  16  20  32  0.5509E-08
