 2  2048  3  4096  0.3832E-08
 2  2048  3  4096  0.3741E-08
 2  2048  3  4096  0.3799E-08
 2  2048  3  4096  0.3757E-08
 2  2048  3  4096  0.3973E-08
 2  2048  4  4096  0.1613E-08
 2  2048  4  4096  0.1594E-08
 2  2048  4  4096  0.1615E-08
 2  2048  4  4096  0.1654E-08
 2  2048  4  4096  0.1640E-08
 2  2048  5  4096  0.9810E-09
 2  2048  5  4096  0.1019E-08
 2  2048  5  4096  0.1017E-08
 2  2048  5  4096  0.9679E-09
 2  2048  5  4096  0.8822E-09
 2  2048  6  4096  0.7061E-09
 2  2048  6  4096  0.7013E-09
 2  2048  6  4096  0.6955E-09
 2  2048  6  4096  0.6761E-09
 2  2048  6  4096  0.6154E-09
 2  2048  7  4096  0.4308E-09
 2  2048  7  4096  0.4519E-09
 2  2048  7  4096  0.4840E-09
 2  2048  7  4096  0.4680E-09
 2  2048  7  4096  0.4624E-09
 2  2048  8  4096  0.3473E-09
 2  2048  8  4096  0.3469E-09
 2  2048  8  4096  0.3511E-09
 2  2048  8  4096  0.3605E-09
 2  2048  8  4096  0.3447E-09
 2  2048  9  4096  0.2982E-09
 2  2048  9  4096  0.2911E-09
 2  2048  9  4096  0.2887E-09
 2  2048  9  4096  0.2900E-09
 2  2048  9  4096  0.2949E-09
 2  2048  10  4096  0.2531E-09
 2  2048  10  4096  0.2569E-09
 2  2048  10  4096  0.2615E-09
 2  2048  10  4096  0.2588E-09
 2  2048  10  4096  0.2576E-09
 2  2048  11  4096  0.2217E-09
 2  2048  11  4096  0.2238E-09
 2  2048  11  4096  0.2205E-09
 2  2048  11  4096  0.2230E-09
 2  2048  11  4096  0.2234E-09
 2  2048  12  4096  0.1874E-09
 2  2048  12  4096  0.1855E-09
 2  2048  12  4096  0.1867E-09
 2  2048  12  4096  0.1860E-09
 2  2048  12  4096  0.1863E-09
 2  2048  13  4096  0.1639E-09
 2  2048  13  4096  0.1650E-09
 2  2048  13  4096  0.1637E-09
 2  2048  13  4096  0.1646E-09
 2  2048  13  4096  0.1650E-09
 2  2048  14  4096  0.1413E-09
 2  2048  14  4096  0.1404E-09
 2  2048  14  4096  0.1408E-09
 2  2048  14  4096  0.1403E-09
 2  2048  14  4096  0.1406E-09
 2  2048  16  4096  0.1158E-09
 2  2048  16  4096  0.1156E-09
 2  2048  16  4096  0.1159E-09
 2  2048  16  4096  0.1159E-09
 2  2048  16  4096  0.1149E-09
 2  2048  17  4096  0.1112E-09
 2  2048  17  4096  0.1107E-09
 2  2048  17  4096  0.1103E-09
 2  2048  17  4096  0.1109E-09
 2  2048  17  4096  0.1101E-09
 2  2048  18  4096  0.1010E-09
 2  2048  18  4096  0.1017E-09
 2  2048  18  4096  0.1017E-09
 2  2048  18  4096  0.1021E-09
 2  2048  18  4096  0.1011E-09
 2  2048  19  4096  0.9769E-10
 2  2048  19  4096  0.9787E-10
 2  2048  19  4096  0.9711E-10
 2  2048  19  4096  0.9700E-10
 2  2048  19  4096  0.9739E-10
 2  2048  20  4096  0.9532E-10
 2  2048  20  4096  0.9495E-10
 2  2048  20  4096  0.9466E-10
 2  2048  20  4096  0.9516E-10
 2  2048  20  4096  0.9465E-10
