 2  1024  3  2048  0.4113E-08
 2  1024  3  2048  0.3820E-08
 2  1024  3  2048  0.3924E-08
 2  1024  3  2048  0.3781E-08
 2  1024  3  2048  0.3864E-08
 2  1024  3  2048  0.3858E-08
 2  1024  3  2048  0.6245E-08
 2  1024  3  2048  0.5648E-08
 2  1024  3  2048  0.6552E-08
 2  1024  3  2048  0.5877E-08
 2  1024  4  2048  0.1843E-08
 2  1024  4  2048  0.1733E-08
 2  1024  4  2048  0.1726E-08
 2  1024  4  2048  0.1712E-08
 2  1024  4  2048  0.1668E-08
 2  1024  4  2048  0.1642E-08
 2  1024  4  2048  0.1651E-08
 2  1024  4  2048  0.1672E-08
 2  1024  4  2048  0.1678E-08
 2  1024  4  2048  0.1666E-08
 2  1024  5  2048  0.9726E-09
 2  1024  5  2048  0.8894E-09
 2  1024  5  2048  0.8693E-09
 2  1024  5  2048  0.8462E-09
 2  1024  5  2048  0.8632E-09
 2  1024  5  2048  0.8397E-09
 2  1024  5  2048  0.8430E-09
 2  1024  5  2048  0.8405E-09
 2  1024  5  2048  0.8357E-09
 2  1024  5  2048  0.8502E-09
 2  1024  6  2048  0.6161E-09
 2  1024  6  2048  0.5614E-09
 2  1024  6  2048  0.5460E-09
 2  1024  6  2048  0.5416E-09
 2  1024  6  2048  0.5400E-09
 2  1024  6  2048  0.5525E-09
 2  1024  6  2048  0.5531E-09
 2  1024  6  2048  0.5683E-09
 2  1024  6  2048  0.5747E-09
 2  1024  6  2048  0.5658E-09
 2  1024  7  2048  0.4666E-09
 2  1024  7  2048  0.4328E-09
 2  1024  7  2048  0.4350E-09
 2  1024  7  2048  0.4295E-09
 2  1024  7  2048  0.4274E-09
 2  1024  7  2048  0.4309E-09
 2  1024  7  2048  0.4287E-09
 2  1024  7  2048  0.4233E-09
 2  1024  7  2048  0.4552E-09
 2  1024  7  2048  0.4304E-09
 2  1024  8  2048  0.3624E-09
 2  1024  8  2048  0.3410E-09
 2  1024  8  2048  0.3351E-09
 2  1024  8  2048  0.3399E-09
 2  1024  8  2048  0.3408E-09
 2  1024  8  2048  0.3377E-09
 2  1024  8  2048  0.3318E-09
 2  1024  8  2048  0.3325E-09
 2  1024  8  2048  0.3357E-09
 2  1024  8  2048  0.3340E-09
 2  1024  9  2048  0.3059E-09
 2  1024  9  2048  0.2940E-09
 2  1024  9  2048  0.2998E-09
 2  1024  9  2048  0.2916E-09
 2  1024  9  2048  0.2958E-09
 2  1024  9  2048  0.2953E-09
 2  1024  9  2048  0.2948E-09
 2  1024  9  2048  0.2939E-09
 2  1024  9  2048  0.2921E-09
 2  1024  9  2048  0.2982E-09
 2  1024  10  2048  0.2672E-09
 2  1024  10  2048  0.2598E-09
 2  1024  10  2048  0.2591E-09
 2  1024  10  2048  0.2598E-09
 2  1024  10  2048  0.2597E-09
 2  1024  10  2048  0.2606E-09
 2  1024  10  2048  0.2586E-09
 2  1024  10  2048  0.2583E-09
 2  1024  10  2048  0.2584E-09
 2  1024  10  2048  0.2638E-09
 2  1024  11  2048  0.2287E-09
 2  1024  11  2048  0.2293E-09
 2  1024  11  2048  0.2289E-09
 2  1024  11  2048  0.2255E-09
 2  1024  11  2048  0.2250E-09
 2  1024  11  2048  0.2239E-09
 2  1024  11  2048  0.2282E-09
 2  1024  11  2048  0.2271E-09
 2  1024  11  2048  0.2262E-09
 2  1024  11  2048  0.2242E-09
 2  1024  12  2048  0.1976E-09
 2  1024  12  2048  0.1899E-09
 2  1024  12  2048  0.1913E-09
 2  1024  12  2048  0.1903E-09
 2  1024  12  2048  0.1902E-09
 2  1024  12  2048  0.1925E-09
 2  1024  12  2048  0.1895E-09
 2  1024  12  2048  0.1906E-09
 2  1024  12  2048  0.1917E-09
 2  1024  12  2048  0.1917E-09
 2  1024  13  2048  0.1750E-09
 2  1024  13  2048  0.1722E-09
 2  1024  13  2048  0.1697E-09
 2  1024  13  2048  0.1713E-09
 2  1024  13  2048  0.1708E-09
 2  1024  13  2048  0.1696E-09
 2  1024  13  2048  0.1697E-09
 2  1024  13  2048  0.1721E-09
 2  1024  13  2048  0.1712E-09
 2  1024  13  2048  0.1684E-09
 2  1024  14  2048  0.1587E-09
 2  1024  14  2048  0.1551E-09
 2  1024  14  2048  0.1541E-09
 2  1024  14  2048  0.1512E-09
 2  1024  14  2048  0.1543E-09
 2  1024  14  2048  0.1549E-09
 2  1024  14  2048  0.1536E-09
 2  1024  14  2048  0.1520E-09
 2  1024  14  2048  0.1548E-09
 2  1024  14  2048  0.1536E-09
 2  1024  15  2048  0.1463E-09
 2  1024  15  2048  0.1451E-09
 2  1024  15  2048  0.1460E-09
 2  1024  15  2048  0.1449E-09
 2  1024  15  2048  0.1447E-09
 2  1024  15  2048  0.1470E-09
 2  1024  15  2048  0.1446E-09
 2  1024  15  2048  0.1456E-09
 2  1024  15  2048  0.1470E-09
 2  1024  15  2048  0.1460E-09
 2  1024  16  2048  0.1367E-09
 2  1024  16  2048  0.1336E-09
 2  1024  16  2048  0.1347E-09
 2  1024  16  2048  0.1360E-09
 2  1024  16  2048  0.1340E-09
 2  1024  16  2048  0.1341E-09
 2  1024  16  2048  0.1343E-09
 2  1024  16  2048  0.1331E-09
 2  1024  16  2048  0.1348E-09
 2  1024  16  2048  0.1350E-09
 2  1024  17  2048  0.1411E-09
 2  1024  17  2048  0.1404E-09
 2  1024  17  2048  0.1387E-09
 2  1024  17  2048  0.1408E-09
 2  1024  17  2048  0.1392E-09
 2  1024  17  2048  0.1394E-09
 2  1024  17  2048  0.1415E-09
 2  1024  17  2048  0.1384E-09
 2  1024  17  2048  0.1415E-09
 2  1024  17  2048  0.1381E-09
 2  1024  18  2048  0.1334E-09
 2  1024  18  2048  0.1301E-09
 2  1024  18  2048  0.1319E-09
 2  1024  18  2048  0.1305E-09
 2  1024  18  2048  0.1319E-09
 2  1024  18  2048  0.1303E-09
 2  1024  18  2048  0.1321E-09
 2  1024  18  2048  0.1308E-09
 2  1024  18  2048  0.1320E-09
 2  1024  18  2048  0.1302E-09
 2  1024  19  2048  0.1327E-09
 2  1024  19  2048  0.1324E-09
 2  1024  19  2048  0.1307E-09
 2  1024  19  2048  0.1324E-09
 2  1024  19  2048  0.1309E-09
 2  1024  19  2048  0.1324E-09
 2  1024  19  2048  0.1309E-09
 2  1024  19  2048  0.1322E-09
 2  1024  19  2048  0.1323E-09
 2  1024  19  2048  0.1309E-09
 2  1024  20  2048  0.1243E-09
 2  1024  20  2048  0.1228E-09
 2  1024  20  2048  0.1241E-09
 2  1024  20  2048  0.1225E-09
 2  1024  20  2048  0.1241E-09
 2  1024  20  2048  0.1226E-09
 2  1024  20  2048  0.1237E-09
 2  1024  20  2048  0.1243E-09
 2  1024  20  2048  0.1225E-09
 2  1024  20  2048  0.1239E-09
