 2  16  3  32  0.1760E-06
 2  16  3  32  0.9566E-07
 2  16  3  32  0.8766E-07
 2  16  3  32  0.8527E-07
 2  16  3  32  0.8490E-07
 2  16  3  32  0.1030E-06
 2  16  3  32  0.9336E-07
 2  16  3  32  0.8867E-07
 2  16  3  32  0.8720E-07
 2  16  3  32  0.8600E-07
 2  16  4  32  0.6837E-07
 2  16  4  32  0.4020E-07
 2  16  4  32  0.4071E-07
 2  16  4  32  0.4459E-07
 2  16  4  32  0.4117E-07
 2  16  4  32  0.3919E-07
 2  16  4  32  0.3877E-07
 2  16  4  32  0.3892E-07
 2  16  4  32  0.3873E-07
 2  16  4  32  0.4331E-07
 2  16  5  32  0.5358E-07
 2  16  5  32  0.2760E-07
 2  16  5  32  0.2567E-07
 2  16  5  32  0.2525E-07
 2  16  5  32  0.2658E-07
 2  16  5  32  0.2609E-07
 2  16  5  32  0.2499E-07
 2  16  5  32  0.2515E-07
 2  16  5  32  0.2432E-07
 2  16  5  32  0.2724E-07
 2  16  6  32  0.2947E-07
 2  16  6  32  0.1848E-07
 2  16  6  32  0.1842E-07
 2  16  6  32  0.1799E-07
 2  16  6  32  0.1871E-07
 2  16  6  32  0.1982E-07
 2  16  6  32  0.1822E-07
 2  16  6  32  0.1798E-07
 2  16  6  32  0.1795E-07
 2  16  6  32  0.1789E-07
 2  16  7  32  0.2174E-07
 2  16  7  32  0.1373E-07
 2  16  7  32  0.1284E-07
 2  16  7  32  0.1412E-07
 2  16  7  32  0.1358E-07
 2  16  7  32  0.1284E-07
 2  16  7  32  0.1466E-07
 2  16  7  32  0.1297E-07
 2  16  7  32  0.1284E-07
 2  16  7  32  0.1254E-07
 2  16  8  32  0.1414E-07
 2  16  8  32  0.1296E-07
 2  16  8  32  0.1339E-07
 2  16  8  32  0.1283E-07
 2  16  8  32  0.1259E-07
 2  16  8  32  0.1274E-07
 2  16  8  32  0.1218E-07
 2  16  8  32  0.1339E-07
 2  16  8  32  0.1218E-07
 2  16  8  32  0.1219E-07
 2  16  9  32  0.1739E-07
 2  16  9  32  0.1130E-07
 2  16  9  32  0.1133E-07
 2  16  9  32  0.1266E-07
 2  16  9  32  0.1122E-07
 2  16  9  32  0.1120E-07
 2  16  9  32  0.1167E-07
 2  16  9  32  0.1186E-07
 2  16  9  32  0.1109E-07
 2  16  9  32  0.1100E-07
 2  16  12  32  0.4925E-08
 2  16  12  32  0.4875E-08
 2  16  12  32  0.4864E-08
 2  16  12  32  0.4856E-08
 2  16  12  32  0.4874E-08
 2  16  12  32  0.4884E-08
 2  16  12  32  0.4869E-08
 2  16  12  32  0.4891E-08
 2  16  12  32  0.4876E-08
 2  16  12  32  0.4876E-08
 2  16  13  32  0.4904E-08
 2  16  13  32  0.4864E-08
 2  16  13  32  0.4857E-08
 2  16  13  32  0.4857E-08
 2  16  13  32  0.4857E-08
 2  16  13  32  0.4857E-08
 2  16  13  32  0.4850E-08
 2  16  13  32  0.4882E-08
 2  16  13  32  0.4859E-08
 2  16  13  32  0.4857E-08
 2  16  14  32  0.4563E-08
 2  16  14  32  0.4530E-08
 2  16  14  32  0.4533E-08
 2  16  14  32  0.4527E-08
 2  16  14  32  0.4527E-08
 2  16  14  32  0.4543E-08
 2  16  14  32  0.4531E-08
 2  16  14  32  0.4525E-08
 2  16  14  32  0.4539E-08
 2  16  14  32  0.4529E-08
 2  16  15  32  0.4891E-08
 2  16  15  32  0.4855E-08
 2  16  15  32  0.4854E-08
 2  16  15  32  0.4872E-08
 2  16  15  32  0.4867E-08
 2  16  15  32  0.4866E-08
 2  16  15  32  0.4854E-08
 2  16  15  32  0.4858E-08
 2  16  15  32  0.4856E-08
 2  16  15  32  0.4851E-08
 2  16  16  32  0.4713E-08
 2  16  16  32  0.4685E-08
 2  16  16  32  0.4687E-08
 2  16  16  32  0.4688E-08
 2  16  16  32  0.4697E-08
 2  16  16  32  0.4685E-08
 2  16  16  32  0.4689E-08
 2  16  16  32  0.4684E-08
 2  16  16  32  0.4689E-08
 2  16  16  32  0.4703E-08
 2  16  17  32  0.5599E-08
 2  16  17  32  0.5579E-08
 2  16  17  32  0.5579E-08
 2  16  17  32  0.5586E-08
 2  16  17  32  0.5581E-08
 2  16  17  32  0.5578E-08
 2  16  17  32  0.5579E-08
 2  16  17  32  0.5578E-08
 2  16  17  32  0.5579E-08
 2  16  17  32  0.5578E-08
 2  16  18  32  0.5469E-08
 2  16  18  32  0.5451E-08
 2  16  18  32  0.5450E-08
 2  16  18  32  0.5453E-08
 2  16  18  32  0.5467E-08
 2  16  18  32  0.5458E-08
 2  16  18  32  0.5449E-08
 2  16  18  32  0.5454E-08
 2  16  18  32  0.5464E-08
 2  16  18  32  0.5450E-08
 2  16  19  32  0.5807E-08
 2  16  19  32  0.5787E-08
 2  16  19  32  0.5788E-08
 2  16  19  32  0.5790E-08
 2  16  19  32  0.5786E-08
 2  16  19  32  0.5794E-08
 2  16  19  32  0.5792E-08
 2  16  19  32  0.5786E-08
 2  16  19  32  0.5793E-08
 2  16  19  32  0.5792E-08
 2  16  20  32  0.5648E-08
 2  16  20  32  0.5641E-08
 2  16  20  32  0.5644E-08
 2  16  20  32  0.5637E-08
 2  16  20  32  0.5639E-08
 2  16  20  32  0.5639E-08
 2  16  20  32  0.5636E-08
 2  16  20  32  0.5634E-08
 2  16  20  32  0.5639E-08
 2  16  20  32  0.5636E-08
