 2  32  3  64  0.1635E-06
 2  32  3  64  0.5248E-07
 2  32  3  64  0.4742E-07
 2  32  3  64  0.4668E-07
 2  32  3  64  0.4493E-07
 2  32  3  64  0.4530E-07
 2  32  3  64  0.4765E-07
 2  32  3  64  0.4475E-07
 2  32  3  64  0.4397E-07
 2  32  3  64  0.4824E-07
 2  32  4  64  0.4843E-07
 2  32  4  64  0.2189E-07
 2  32  4  64  0.2466E-07
 2  32  4  64  0.2280E-07
 2  32  4  64  0.2117E-07
 2  32  4  64  0.2010E-07
 2  32  4  64  0.1995E-07
 2  32  4  64  0.1977E-07
 2  32  4  64  0.1985E-07
 2  32  4  64  0.1977E-07
 2  32  5  64  0.4412E-07
 2  32  5  64  0.1325E-07
 2  32  5  64  0.1246E-07
 2  32  5  64  0.1279E-07
 2  32  5  64  0.1217E-07
 2  32  5  64  0.1442E-07
 2  32  5  64  0.1238E-07
 2  32  5  64  0.1205E-07
 2  32  5  64  0.1376E-07
 2  32  5  64  0.1238E-07
 2  32  6  64  0.2380E-07
 2  32  6  64  0.9911E-08
 2  32  6  64  0.9256E-08
 2  32  6  64  0.9359E-08
 2  32  6  64  0.9497E-08
 2  32  6  64  0.9066E-08
 2  32  6  64  0.1030E-07
 2  32  6  64  0.9164E-08
 2  32  6  64  0.9210E-08
 2  32  6  64  0.9428E-08
 2  32  7  64  0.1913E-07
 2  32  7  64  0.7744E-08
 2  32  7  64  0.8671E-08
 2  32  7  64  0.7758E-08
 2  32  7  64  0.8533E-08
 2  32  7  64  0.7791E-08
 2  32  7  64  0.7516E-08
 2  32  7  64  0.7639E-08
 2  32  7  64  0.8048E-08
 2  32  7  64  0.7501E-08
 2  32  8  64  0.1588E-07
 2  32  8  64  0.6003E-08
 2  32  8  64  0.6022E-08
 2  32  8  64  0.5889E-08
 2  32  8  64  0.6051E-08
 2  32  8  64  0.5993E-08
 2  32  8  64  0.6063E-08
 2  32  8  64  0.6003E-08
 2  32  8  64  0.5828E-08
 2  32  8  64  0.6328E-08
 2  32  9  64  0.3245E-08
 2  32  9  64  0.3168E-08
 2  32  9  64  0.3175E-08
 2  32  9  64  0.3163E-08
 2  32  9  64  0.3155E-08
 2  32  9  64  0.3159E-08
 2  32  9  64  0.3185E-08
 2  32  9  64  0.3155E-08
 2  32  9  64  0.3181E-08
 2  32  9  64  0.3166E-08
 2  32  10  64  0.3349E-08
 2  32  10  64  0.3267E-08
 2  32  10  64  0.3272E-08
 2  32  10  64  0.3270E-08
 2  32  10  64  0.3286E-08
 2  32  10  64  0.3270E-08
 2  32  10  64  0.3274E-08
 2  32  10  64  0.3269E-08
 2  32  10  64  0.3285E-08
 2  32  10  64  0.3266E-08
 2  32  11  64  0.3293E-08
 2  32  11  64  0.3256E-08
 2  32  11  64  0.3245E-08
 2  32  11  64  0.3231E-08
 2  32  11  64  0.3236E-08
 2  32  11  64  0.3240E-08
 2  32  11  64  0.3236E-08
 2  32  11  64  0.3255E-08
 2  32  11  64  0.3230E-08
 2  32  11  64  0.3253E-08
 2  32  12  64  0.2887E-08
 2  32  12  64  0.2855E-08
 2  32  12  64  0.2865E-08
 2  32  12  64  0.2866E-08
 2  32  12  64  0.2864E-08
 2  32  12  64  0.2859E-08
 2  32  12  64  0.2868E-08
 2  32  12  64  0.2867E-08
 2  32  12  64  0.2856E-08
 2  32  12  64  0.2873E-08
 2  32  13  64  0.2603E-08
 2  32  13  64  0.2578E-08
 2  32  13  64  0.2584E-08
 2  32  13  64  0.2582E-08
 2  32  13  64  0.2579E-08
 2  32  13  64  0.2588E-08
 2  32  13  64  0.2576E-08
 2  32  13  64  0.2589E-08
 2  32  13  64  0.2582E-08
 2  32  13  64  0.2581E-08
 2  32  14  64  0.2418E-08
 2  32  14  64  0.2392E-08
 2  32  14  64  0.2392E-08
 2  32  14  64  0.2406E-08
 2  32  14  64  0.2397E-08
 2  32  14  64  0.2390E-08
 2  32  14  64  0.2399E-08
 2  32  14  64  0.2396E-08
 2  32  14  64  0.2397E-08
 2  32  14  64  0.2393E-08
 2  32  15  64  0.2567E-08
 2  32  15  64  0.2544E-08
 2  32  15  64  0.2544E-08
 2  32  15  64  0.2540E-08
 2  32  15  64  0.2542E-08
 2  32  15  64  0.2544E-08
 2  32  15  64  0.2544E-08
 2  32  15  64  0.2541E-08
 2  32  15  64  0.2547E-08
 2  32  15  64  0.2540E-08
 2  32  16  64  0.2453E-08
 2  32  16  64  0.2438E-08
 2  32  16  64  0.2439E-08
 2  32  16  64  0.2434E-08
 2  32  16  64  0.2436E-08
 2  32  16  64  0.2438E-08
 2  32  16  64  0.2437E-08
 2  32  16  64  0.2436E-08
 2  32  16  64  0.2437E-08
 2  32  16  64  0.2434E-08
 2  32  17  64  0.2887E-08
 2  32  17  64  0.2877E-08
 2  32  17  64  0.2876E-08
 2  32  17  64  0.2876E-08
 2  32  17  64  0.2880E-08
 2  32  17  64  0.2875E-08
 2  32  17  64  0.2878E-08
 2  32  17  64  0.2875E-08
 2  32  17  64  0.2878E-08
 2  32  17  64  0.2874E-08
 2  32  18  64  0.2824E-08
 2  32  18  64  0.2819E-08
 2  32  18  64  0.2814E-08
 2  32  18  64  0.2812E-08
 2  32  18  64  0.2816E-08
 2  32  18  64  0.2816E-08
 2  32  18  64  0.2813E-08
 2  32  18  64  0.2816E-08
 2  32  18  64  0.2817E-08
 2  32  18  64  0.2817E-08
 2  32  19  64  0.2993E-08
 2  32  19  64  0.2977E-08
 2  32  19  64  0.2975E-08
 2  32  19  64  0.2974E-08
 2  32  19  64  0.2974E-08
 2  32  19  64  0.2974E-08
 2  32  19  64  0.2976E-08
 2  32  19  64  0.2972E-08
 2  32  19  64  0.2975E-08
 2  32  19  64  0.2977E-08
 2  32  20  64  0.2901E-08
 2  32  20  64  0.2894E-08
 2  32  20  64  0.2899E-08
 2  32  20  64  0.2897E-08
 2  32  20  64  0.2898E-08
 2  32  20  64  0.2896E-08
 2  32  20  64  0.2895E-08
 2  32  20  64  0.2893E-08
 2  32  20  64  0.2895E-08
 2  32  20  64  0.2895E-08
