 2  2048  3  4096  0.1611E-08
 2  2048  3  4096  0.1609E-08
 2  2048  3  4096  0.1569E-08
 2  2048  3  4096  0.1573E-08
 2  2048  3  4096  0.1564E-08
 2  2048  3  4096  0.1561E-08
 2  2048  3  4096  0.1585E-08
 2  2048  3  4096  0.1717E-08
 2  2048  3  4096  0.1594E-08
 2  2048  3  4096  0.1575E-08
 2  2048  4  4096  0.6377E-09
 2  2048  4  4096  0.6248E-09
 2  2048  4  4096  0.6292E-09
 2  2048  4  4096  0.6115E-09
 2  2048  4  4096  0.6322E-09
 2  2048  4  4096  0.6202E-09
 2  2048  4  4096  0.6283E-09
 2  2048  4  4096  0.6286E-09
 2  2048  4  4096  0.6479E-09
 2  2048  4  4096  0.6728E-09
 2  2048  5  4096  0.3514E-09
 2  2048  5  4096  0.3386E-09
 2  2048  5  4096  0.3439E-09
 2  2048  5  4096  0.3477E-09
 2  2048  5  4096  0.3563E-09
 2  2048  5  4096  0.3514E-09
 2  2048  5  4096  0.3473E-09
 2  2048  5  4096  0.3534E-09
 2  2048  5  4096  0.3494E-09
 2  2048  5  4096  0.3546E-09
 2  2048  6  4096  0.2145E-09
 2  2048  6  4096  0.2157E-09
 2  2048  6  4096  0.2215E-09
 2  2048  6  4096  0.2207E-09
 2  2048  6  4096  0.2173E-09
 2  2048  6  4096  0.2147E-09
 2  2048  6  4096  0.2136E-09
 2  2048  6  4096  0.2196E-09
 2  2048  6  4096  0.2119E-09
 2  2048  6  4096  0.2099E-09
 2  2048  7  4096  0.1429E-09
 2  2048  7  4096  0.1438E-09
 2  2048  7  4096  0.1457E-09
 2  2048  7  4096  0.1433E-09
 2  2048  7  4096  0.1510E-09
 2  2048  7  4096  0.1477E-09
 2  2048  7  4096  0.1519E-09
 2  2048  7  4096  0.1494E-09
 2  2048  7  4096  0.1480E-09
 2  2048  7  4096  0.1505E-09
 2  2048  8  4096  0.1086E-09
 2  2048  8  4096  0.1062E-09
 2  2048  8  4096  0.1084E-09
 2  2048  8  4096  0.1080E-09
 2  2048  8  4096  0.1058E-09
 2  2048  8  4096  0.1079E-09
 2  2048  8  4096  0.1091E-09
 2  2048  8  4096  0.1067E-09
 2  2048  8  4096  0.1076E-09
 2  2048  8  4096  0.1066E-09
 2  2048  9  4096  0.1012E-09
 2  2048  9  4096  0.9764E-10
 2  2048  9  4096  0.9997E-10
 2  2048  9  4096  0.9766E-10
 2  2048  9  4096  0.1011E-09
 2  2048  9  4096  0.9768E-10
 2  2048  9  4096  0.9807E-10
 2  2048  9  4096  0.9818E-10
 2  2048  9  4096  0.1016E-09
 2  2048  9  4096  0.9892E-10
 2  2048  10  4096  0.9169E-10
 2  2048  10  4096  0.9205E-10
 2  2048  10  4096  0.9479E-10
 2  2048  10  4096  0.9405E-10
 2  2048  10  4096  0.9544E-10
 2  2048  10  4096  0.9375E-10
 2  2048  10  4096  0.9283E-10
 2  2048  10  4096  0.9151E-10
 2  2048  10  4096  0.9234E-10
 2  2048  10  4096  0.9173E-10
 2  2048  11  4096  0.9049E-10
 2  2048  11  4096  0.9038E-10
 2  2048  11  4096  0.8951E-10
 2  2048  11  4096  0.8789E-10
 2  2048  11  4096  0.8724E-10
 2  2048  11  4096  0.8742E-10
 2  2048  11  4096  0.9109E-10
 2  2048  11  4096  0.9018E-10
 2  2048  11  4096  0.9082E-10
 2  2048  11  4096  0.8921E-10
 2  2048  12  4096  0.7803E-10
 2  2048  12  4096  0.7663E-10
 2  2048  12  4096  0.7737E-10
 2  2048  12  4096  0.7712E-10
 2  2048  12  4096  0.7481E-10
 2  2048  12  4096  0.7395E-10
 2  2048  12  4096  0.7426E-10
 2  2048  12  4096  0.7729E-10
 2  2048  12  4096  0.7734E-10
 2  2048  12  4096  0.7664E-10
 2  2048  13  4096  0.7150E-10
 2  2048  13  4096  0.6971E-10
 2  2048  13  4096  0.6932E-10
 2  2048  13  4096  0.6992E-10
 2  2048  13  4096  0.7012E-10
 2  2048  13  4096  0.7092E-10
 2  2048  13  4096  0.6984E-10
 2  2048  13  4096  0.6967E-10
 2  2048  13  4096  0.6988E-10
 2  2048  13  4096  0.6970E-10
 2  2048  14  4096  0.6031E-10
 2  2048  14  4096  0.6079E-10
 2  2048  14  4096  0.6113E-10
 2  2048  14  4096  0.5995E-10
 2  2048  14  4096  0.5941E-10
 2  2048  14  4096  0.5968E-10
 2  2048  14  4096  0.6095E-10
 2  2048  14  4096  0.6077E-10
 2  2048  14  4096  0.5955E-10
 2  2048  14  4096  0.5975E-10
 2  2048  15  4096  0.5902E-10
 2  2048  15  4096  0.5922E-10
 2  2048  15  4096  0.6028E-10
 2  2048  15  4096  0.5862E-10
 2  2048  15  4096  0.5875E-10
 2  2048  15  4096  0.5910E-10
 2  2048  15  4096  0.6107E-10
 2  2048  15  4096  0.5941E-10
 2  2048  15  4096  0.5957E-10
 2  2048  15  4096  0.5933E-10
 2  2048  16  4096  0.5524E-10
 2  2048  16  4096  0.5405E-10
 2  2048  16  4096  0.5299E-10
 2  2048  16  4096  0.5461E-10
 2  2048  16  4096  0.5405E-10
 2  2048  16  4096  0.5412E-10
 2  2048  16  4096  0.5291E-10
 2  2048  16  4096  0.5487E-10
 2  2048  16  4096  0.5502E-10
 2  2048  16  4096  0.5345E-10
 2  2048  17  4096  0.5868E-10
 2  2048  17  4096  0.5773E-10
 2  2048  17  4096  0.5925E-10
 2  2048  17  4096  0.5816E-10
 2  2048  17  4096  0.5804E-10
 2  2048  17  4096  0.5927E-10
 2  2048  17  4096  0.5785E-10
 2  2048  17  4096  0.5803E-10
 2  2048  17  4096  0.5914E-10
 2  2048  17  4096  0.5768E-10
 2  2048  18  4096  0.5576E-10
 2  2048  18  4096  0.5620E-10
 2  2048  18  4096  0.5582E-10
 2  2048  18  4096  0.5540E-10
 2  2048  18  4096  0.5602E-10
 2  2048  18  4096  0.5543E-10
 2  2048  18  4096  0.5571E-10
 2  2048  18  4096  0.5563E-10
 2  2048  18  4096  0.5560E-10
 2  2048  18  4096  0.5668E-10
 2  2048  19  4096  0.5916E-10
 2  2048  19  4096  0.5947E-10
 2  2048  19  4096  0.5907E-10
 2  2048  19  4096  0.5925E-10
 2  2048  19  4096  0.5911E-10
 2  2048  19  4096  0.5965E-10
 2  2048  19  4096  0.5893E-10
 2  2048  19  4096  0.6006E-10
 2  2048  19  4096  0.5909E-10
 2  2048  19  4096  0.5960E-10
 2  2048  20  4096  0.5450E-10
 2  2048  20  4096  0.5406E-10
 2  2048  20  4096  0.5435E-10
 2  2048  20  4096  0.5398E-10
 2  2048  20  4096  0.5428E-10
 2  2048  20  4096  0.5404E-10
 2  2048  20  4096  0.5441E-10
 2  2048  20  4096  0.5431E-10
 2  2048  20  4096  0.5429E-10
 2  2048  20  4096  0.5474E-10
