 2  2  3  4  0.3517E-06
 2  2  3  4  0.3091E-06
 2  2  3  4  0.2259E-06
 2  2  3  4  0.2958E-06
 2  2  3  4  0.2958E-06
 2  2  3  4  0.2811E-06
 2  2  3  4  0.2715E-06
 2  2  3  4  0.2252E-06
 2  2  3  4  0.2907E-06
 2  2  3  4  0.4224E-06
 2  2  4  4  0.1291E-06
 2  2  4  4  0.1158E-06
 2  2  4  4  0.1146E-06
 2  2  4  4  0.1121E-06
 2  2  4  4  0.1118E-06
 2  2  4  4  0.1158E-06
 2  2  4  4  0.1080E-06
 2  2  4  4  0.1108E-06
 2  2  4  4  0.1105E-06
 2  2  4  4  0.1236E-06
 2  2  5  4  0.1788E-06
 2  2  5  4  0.1426E-06
 2  2  5  4  0.1381E-06
 2  2  5  4  0.1353E-06
 2  2  5  4  0.1334E-06
 2  2  5  4  0.1334E-06
 2  2  5  4  0.1313E-06
 2  2  5  4  0.1334E-06
 2  2  5  4  0.1146E-06
 2  2  5  4  0.1334E-06
 2  2  6  4  0.1100E-06
 2  2  6  4  0.9879E-07
 2  2  6  4  0.9723E-07
 2  2  6  4  0.9603E-07
 2  2  6  4  0.9493E-07
 2  2  6  4  0.1142E-06
 2  2  6  4  0.9870E-07
 2  2  6  4  0.9842E-07
 2  2  6  4  0.9566E-07
 2  2  6  4  0.9447E-07
 2  2  7  4  0.1178E-06
 2  2  7  4  0.9013E-07
 2  2  7  4  0.8868E-07
 2  2  7  4  0.8747E-07
 2  2  7  4  0.8723E-07
 2  2  7  4  0.8579E-07
 2  2  7  4  0.8718E-07
 2  2  7  4  0.9841E-07
 2  2  7  4  0.9158E-07
 2  2  7  4  0.8793E-07
 2  2  8  4  0.7423E-07
 2  2  8  4  0.7210E-07
 2  2  8  4  0.6931E-07
 2  2  8  4  0.7617E-07
 2  2  8  4  0.6605E-07
 2  2  8  4  0.6706E-07
 2  2  8  4  0.6690E-07
 2  2  8  4  0.6686E-07
 2  2  8  4  0.6787E-07
 2  2  8  4  0.6605E-07
 2  2  9  4  0.8242E-07
 2  2  9  4  0.6893E-07
 2  2  9  4  0.6917E-07
 2  2  9  4  0.6961E-07
 2  2  9  4  0.6803E-07
 2  2  9  4  0.7980E-07
 2  2  9  4  0.6860E-07
 2  2  9  4  0.6860E-07
 2  2  9  4  0.6917E-07
 2  2  9  4  0.6882E-07
 2  2  10  4  0.9058E-07
 2  2  10  4  0.7800E-07
 2  2  10  4  0.7774E-07
 2  2  10  4  0.7876E-07
 2  2  10  4  0.8368E-07
 2  2  10  4  0.8384E-07
 2  2  10  4  0.7876E-07
 2  2  10  4  0.8150E-07
 2  2  10  4  0.7816E-07
 2  2  10  4  0.7832E-07
 2  2  11  4  0.6774E-07
 2  2  11  4  0.6398E-07
 2  2  11  4  0.6455E-07
 2  2  11  4  0.6231E-07
 2  2  11  4  0.6172E-07
 2  2  11  4  0.6243E-07
 2  2  11  4  0.6192E-07
 2  2  11  4  0.6123E-07
 2  2  11  4  0.6261E-07
 2  2  11  4  0.6523E-07
 2  2  12  4  0.5647E-07
 2  2  12  4  0.5415E-07
 2  2  12  4  0.5401E-07
 2  2  12  4  0.5329E-07
 2  2  12  4  0.5550E-07
 2  2  12  4  0.5319E-07
 2  2  12  4  0.5276E-07
 2  2  12  4  0.5744E-07
 2  2  12  4  0.5319E-07
 2  2  12  4  0.5415E-07
 2  2  13  4  0.5618E-07
 2  2  13  4  0.5189E-07
 2  2  13  4  0.5326E-07
 2  2  13  4  0.5151E-07
 2  2  13  4  0.5105E-07
 2  2  13  4  0.5269E-07
 2  2  13  4  0.5113E-07
 2  2  13  4  0.5288E-07
 2  2  13  4  0.5120E-07
 2  2  13  4  0.5121E-07
 2  2  14  4  0.5008E-07
 2  2  14  4  0.4740E-07
 2  2  14  4  0.4628E-07
 2  2  14  4  0.4722E-07
 2  2  14  4  0.4638E-07
 2  2  14  4  0.5017E-07
 2  2  14  4  0.4652E-07
 2  2  14  4  0.4598E-07
 2  2  14  4  0.4619E-07
 2  2  14  4  0.4613E-07
 2  2  15  4  0.5282E-07
 2  2  15  4  0.4832E-07
 2  2  15  4  0.4946E-07
 2  2  15  4  0.5027E-07
 2  2  15  4  0.4931E-07
 2  2  15  4  0.4810E-07
 2  2  15  4  0.4879E-07
 2  2  15  4  0.4810E-07
 2  2  15  4  0.5052E-07
 2  2  15  4  0.4823E-07
 2  2  16  4  0.5363E-07
 2  2  16  4  0.5300E-07
 2  2  16  4  0.5302E-07
 2  2  16  4  0.5204E-07
 2  2  16  4  0.5214E-07
 2  2  16  4  0.5279E-07
 2  2  16  4  0.5288E-07
 2  2  16  4  0.5198E-07
 2  2  16  4  0.5269E-07
 2  2  16  4  0.5295E-07
 2  2  17  4  0.5563E-07
 2  2  17  4  0.5450E-07
 2  2  17  4  0.5458E-07
 2  2  17  4  0.5468E-07
 2  2  17  4  0.5458E-07
 2  2  17  4  0.5443E-07
 2  2  17  4  0.5348E-07
 2  2  17  4  0.5360E-07
 2  2  17  4  0.5401E-07
 2  2  17  4  0.5442E-07
 2  2  18  4  0.5793E-07
 2  2  18  4  0.5556E-07
 2  2  18  4  0.5576E-07
 2  2  18  4  0.5557E-07
 2  2  18  4  0.5563E-07
 2  2  18  4  0.5564E-07
 2  2  18  4  0.5553E-07
 2  2  18  4  0.5540E-07
 2  2  18  4  0.5550E-07
 2  2  18  4  0.5680E-07
 2  2  19  4  0.6087E-07
 2  2  19  4  0.5902E-07
 2  2  19  4  0.5902E-07
 2  2  19  4  0.5895E-07
 2  2  19  4  0.5872E-07
 2  2  19  4  0.5897E-07
 2  2  19  4  0.5890E-07
 2  2  19  4  0.5871E-07
 2  2  19  4  0.5859E-07
 2  2  19  4  0.5911E-07
 2  2  20  4  0.6053E-07
 2  2  20  4  0.5986E-07
 2  2  20  4  0.5912E-07
 2  2  20  4  0.6000E-07
 2  2  20  4  0.5898E-07
 2  2  20  4  0.6000E-07
 2  2  20  4  0.5964E-07
 2  2  20  4  0.5970E-07
 2  2  20  4  0.5937E-07
 2  2  20  4  0.5982E-07
