 2  256  3  512  0.2628E-07
 2  256  3  512  0.2495E-07
 2  256  3  512  0.2458E-07
 2  256  3  512  0.2492E-07
 2  256  3  512  0.2446E-07
 2  256  3  512  0.2452E-07
 2  256  3  512  0.2460E-07
 2  256  3  512  0.2461E-07
 2  256  3  512  0.2449E-07
 2  256  3  512  0.2440E-07
 2  256  4  512  0.1141E-07
 2  256  4  512  0.1063E-07
 2  256  4  512  0.1071E-07
 2  256  4  512  0.1055E-07
 2  256  4  512  0.1052E-07
 2  256  4  512  0.1064E-07
 2  256  4  512  0.1078E-07
 2  256  4  512  0.1056E-07
 2  256  4  512  0.1050E-07
 2  256  4  512  0.1059E-07
 2  256  5  512  0.6012E-08
 2  256  5  512  0.5730E-08
 2  256  5  512  0.5749E-08
 2  256  5  512  0.5734E-08
 2  256  5  512  0.5766E-08
 2  256  5  512  0.5661E-08
 2  256  5  512  0.5682E-08
 2  256  5  512  0.5676E-08
 2  256  5  512  0.5712E-08
 2  256  5  512  0.5737E-08
 2  256  6  512  0.3716E-08
 2  256  6  512  0.3514E-08
 2  256  6  512  0.3502E-08
 2  256  6  512  0.3531E-08
 2  256  6  512  0.3518E-08
 2  256  6  512  0.3493E-08
 2  256  6  512  0.3465E-08
 2  256  6  512  0.3468E-08
 2  256  6  512  0.3451E-08
 2  256  6  512  0.3485E-08
 2  256  7  512  0.2708E-08
 2  256  7  512  0.2524E-08
 2  256  7  512  0.2431E-08
 2  256  7  512  0.2460E-08
 2  256  7  512  0.2426E-08
 2  256  7  512  0.2454E-08
 2  256  7  512  0.2445E-08
 2  256  7  512  0.2454E-08
 2  256  7  512  0.2461E-08
 2  256  7  512  0.2435E-08
 2  256  8  512  0.2020E-08
 2  256  8  512  0.1921E-08
 2  256  8  512  0.1876E-08
 2  256  8  512  0.1886E-08
 2  256  8  512  0.1884E-08
 2  256  8  512  0.1882E-08
 2  256  8  512  0.1913E-08
 2  256  8  512  0.1887E-08
 2  256  8  512  0.1884E-08
 2  256  8  512  0.1910E-08
 2  256  9  512  0.1567E-08
 2  256  9  512  0.1489E-08
 2  256  9  512  0.1492E-08
 2  256  9  512  0.1510E-08
 2  256  9  512  0.1502E-08
 2  256  9  512  0.1494E-08
 2  256  9  512  0.1485E-08
 2  256  9  512  0.1487E-08
 2  256  9  512  0.1492E-08
 2  256  9  512  0.1500E-08
 2  256  10  512  0.1359E-08
 2  256  10  512  0.1318E-08
 2  256  10  512  0.1301E-08
 2  256  10  512  0.1296E-08
 2  256  10  512  0.1295E-08
 2  256  10  512  0.1296E-08
 2  256  10  512  0.1297E-08
 2  256  10  512  0.1290E-08
 2  256  10  512  0.1296E-08
 2  256  10  512  0.1316E-08
 2  256  11  512  0.1217E-08
 2  256  11  512  0.1170E-08
 2  256  11  512  0.1172E-08
 2  256  11  512  0.1189E-08
 2  256  11  512  0.1169E-08
 2  256  11  512  0.1171E-08
 2  256  11  512  0.1172E-08
 2  256  11  512  0.1184E-08
 2  256  11  512  0.1170E-08
 2  256  11  512  0.1170E-08
 2  256  12  512  0.1071E-08
 2  256  12  512  0.1038E-08
 2  256  12  512  0.1034E-08
 2  256  12  512  0.1043E-08
 2  256  12  512  0.1037E-08
 2  256  12  512  0.1033E-08
 2  256  12  512  0.1039E-08
 2  256  12  512  0.1045E-08
 2  256  12  512  0.1034E-08
 2  256  12  512  0.1034E-08
 2  256  13  512  0.1009E-08
 2  256  13  512  0.9809E-09
 2  256  13  512  0.9812E-09
 2  256  13  512  0.9869E-09
 2  256  13  512  0.9837E-09
 2  256  13  512  0.9810E-09
 2  256  13  512  0.9846E-09
 2  256  13  512  0.9854E-09
 2  256  13  512  0.9825E-09
 2  256  13  512  0.9869E-09
 2  256  14  512  0.8777E-09
 2  256  14  512  0.8633E-09
 2  256  14  512  0.8684E-09
 2  256  14  512  0.8609E-09
 2  256  14  512  0.8619E-09
 2  256  14  512  0.8650E-09
 2  256  14  512  0.8604E-09
 2  256  14  512  0.8637E-09
 2  256  14  512  0.8642E-09
 2  256  14  512  0.8604E-09
 2  256  15  512  0.7949E-09
 2  256  15  512  0.7839E-09
 2  256  15  512  0.7791E-09
 2  256  15  512  0.7837E-09
 2  256  15  512  0.7811E-09
 2  256  15  512  0.7791E-09
 2  256  15  512  0.7864E-09
 2  256  15  512  0.7814E-09
 2  256  15  512  0.7836E-09
 2  256  15  512  0.7868E-09
 2  256  16  512  0.6951E-09
 2  256  16  512  0.6838E-09
 2  256  16  512  0.6863E-09
 2  256  16  512  0.6900E-09
 2  256  16  512  0.6867E-09
 2  256  16  512  0.6875E-09
 2  256  16  512  0.6833E-09
 2  256  16  512  0.6870E-09
 2  256  16  512  0.6843E-09
 2  256  16  512  0.6877E-09
 2  256  17  512  0.7126E-09
 2  256  17  512  0.7092E-09
 2  256  17  512  0.7068E-09
 2  256  17  512  0.7095E-09
 2  256  17  512  0.7087E-09
 2  256  17  512  0.7085E-09
 2  256  17  512  0.7076E-09
 2  256  17  512  0.7096E-09
 2  256  17  512  0.7064E-09
 2  256  17  512  0.7097E-09
 2  256  18  512  0.6817E-09
 2  256  18  512  0.6756E-09
 2  256  18  512  0.6762E-09
 2  256  18  512  0.6761E-09
 2  256  18  512  0.6717E-09
 2  256  18  512  0.6740E-09
 2  256  18  512  0.6737E-09
 2  256  18  512  0.6739E-09
 2  256  18  512  0.6717E-09
 2  256  18  512  0.6746E-09
 2  256  19  512  0.6383E-09
 2  256  19  512  0.6292E-09
 2  256  19  512  0.6368E-09
 2  256  19  512  0.6332E-09
 2  256  19  512  0.6334E-09
 2  256  19  512  0.6309E-09
 2  256  19  512  0.6311E-09
 2  256  19  512  0.6350E-09
 2  256  19  512  0.6316E-09
 2  256  19  512  0.6316E-09
 2  256  20  512  0.5942E-09
 2  256  20  512  0.5910E-09
 2  256  20  512  0.5920E-09
 2  256  20  512  0.5917E-09
 2  256  20  512  0.5906E-09
 2  256  20  512  0.5908E-09
 2  256  20  512  0.5905E-09
 2  256  20  512  0.5919E-09
 2  256  20  512  0.5905E-09
 2  256  20  512  0.5917E-09
