 2  128  3  256  0.5704E-07
 2  128  3  256  0.3039E-07
 2  128  3  256  0.2807E-07
 2  128  3  256  0.2725E-07
 2  128  3  256  0.2579E-07
 2  128  3  256  0.2556E-07
 2  128  3  256  0.2701E-07
 2  128  3  256  0.2589E-07
 2  128  3  256  0.2570E-07
 2  128  3  256  0.2518E-07
 2  128  4  256  0.3347E-07
 2  128  4  256  0.1263E-07
 2  128  4  256  0.1206E-07
 2  128  4  256  0.1239E-07
 2  128  4  256  0.1202E-07
 2  128  4  256  0.1172E-07
 2  128  4  256  0.1133E-07
 2  128  4  256  0.1113E-07
 2  128  4  256  0.1241E-07
 2  128  4  256  0.1194E-07
 2  128  5  256  0.1896E-07
 2  128  5  256  0.6822E-08
 2  128  5  256  0.6512E-08
 2  128  5  256  0.6760E-08
 2  128  5  256  0.6780E-08
 2  128  5  256  0.6405E-08
 2  128  5  256  0.6365E-08
 2  128  5  256  0.6293E-08
 2  128  5  256  0.6186E-08
 2  128  5  256  0.6437E-08
 2  128  6  256  0.1433E-08
 2  128  6  256  0.1368E-08
 2  128  6  256  0.1364E-08
 2  128  6  256  0.1355E-08
 2  128  6  256  0.1357E-08
 2  128  6  256  0.1349E-08
 2  128  6  256  0.1349E-08
 2  128  6  256  0.1360E-08
 2  128  6  256  0.1368E-08
 2  128  6  256  0.1365E-08
 2  128  7  256  0.1027E-08
 2  128  7  256  0.1004E-08
 2  128  7  256  0.1019E-08
 2  128  7  256  0.1003E-08
 2  128  7  256  0.1002E-08
 2  128  7  256  0.9842E-09
 2  128  7  256  0.1004E-08
 2  128  7  256  0.9875E-09
 2  128  7  256  0.9967E-09
 2  128  7  256  0.1001E-08
 2  128  8  256  0.7629E-09
 2  128  8  256  0.7359E-09
 2  128  8  256  0.7389E-09
 2  128  8  256  0.7298E-09
 2  128  8  256  0.7337E-09
 2  128  8  256  0.7367E-09
 2  128  8  256  0.7378E-09
 2  128  8  256  0.7477E-09
 2  128  8  256  0.7518E-09
 2  128  8  256  0.7381E-09
 2  128  9  256  0.7930E-09
 2  128  9  256  0.7613E-09
 2  128  9  256  0.7585E-09
 2  128  9  256  0.7557E-09
 2  128  9  256  0.7637E-09
 2  128  9  256  0.7588E-09
 2  128  9  256  0.7581E-09
 2  128  9  256  0.7662E-09
 2  128  9  256  0.7570E-09
 2  128  9  256  0.7609E-09
 2  128  10  256  0.8207E-09
 2  128  10  256  0.7980E-09
 2  128  10  256  0.7933E-09
 2  128  10  256  0.8001E-09
 2  128  10  256  0.8001E-09
 2  128  10  256  0.8038E-09
 2  128  10  256  0.8009E-09
 2  128  10  256  0.8018E-09
 2  128  10  256  0.7950E-09
 2  128  10  256  0.7993E-09
 2  128  11  256  0.8363E-09
 2  128  11  256  0.8107E-09
 2  128  11  256  0.8110E-09
 2  128  11  256  0.8130E-09
 2  128  11  256  0.8050E-09
 2  128  11  256  0.8117E-09
 2  128  11  256  0.8095E-09
 2  128  11  256  0.8219E-09
 2  128  11  256  0.8191E-09
 2  128  11  256  0.8126E-09
 2  128  12  256  0.7401E-09
 2  128  12  256  0.7318E-09
 2  128  12  256  0.7297E-09
 2  128  12  256  0.7319E-09
 2  128  12  256  0.7283E-09
 2  128  12  256  0.7262E-09
 2  128  12  256  0.7267E-09
 2  128  12  256  0.7240E-09
 2  128  12  256  0.7281E-09
 2  128  12  256  0.7274E-09
 2  128  13  256  0.7507E-09
 2  128  13  256  0.7369E-09
 2  128  13  256  0.7374E-09
 2  128  13  256  0.7397E-09
 2  128  13  256  0.7399E-09
 2  128  13  256  0.7388E-09
 2  128  13  256  0.7413E-09
 2  128  13  256  0.7406E-09
 2  128  13  256  0.7377E-09
 2  128  13  256  0.7369E-09
 2  128  14  256  0.6728E-09
 2  128  14  256  0.6658E-09
 2  128  14  256  0.6659E-09
 2  128  14  256  0.6643E-09
 2  128  14  256  0.6919E-09
 2  128  14  256  0.6677E-09
 2  128  14  256  0.6628E-09
 2  128  14  256  0.6675E-09
 2  128  14  256  0.6676E-09
 2  128  14  256  0.6655E-09
 2  128  15  256  0.6993E-09
 2  128  15  256  0.6885E-09
 2  128  15  256  0.6883E-09
 2  128  15  256  0.6886E-09
 2  128  15  256  0.6893E-09
 2  128  15  256  0.6862E-09
 2  128  15  256  0.6881E-09
 2  128  15  256  0.6889E-09
 2  128  15  256  0.6897E-09
 2  128  15  256  0.6902E-09
 2  128  16  256  0.6563E-09
 2  128  16  256  0.6524E-09
 2  128  16  256  0.6546E-09
 2  128  16  256  0.6473E-09
 2  128  16  256  0.6488E-09
 2  128  16  256  0.6529E-09
 2  128  16  256  0.6493E-09
 2  128  16  256  0.6541E-09
 2  128  16  256  0.6493E-09
 2  128  16  256  0.6519E-09
 2  128  17  256  0.7551E-09
 2  128  17  256  0.7515E-09
 2  128  17  256  0.7531E-09
 2  128  17  256  0.7509E-09
 2  128  17  256  0.7521E-09
 2  128  17  256  0.7518E-09
 2  128  17  256  0.7537E-09
 2  128  17  256  0.7505E-09
 2  128  17  256  0.7504E-09
 2  128  17  256  0.7526E-09
 2  128  18  256  0.7348E-09
 2  128  18  256  0.7305E-09
 2  128  18  256  0.7305E-09
 2  128  18  256  0.7319E-09
 2  128  18  256  0.7306E-09
 2  128  18  256  0.7301E-09
 2  128  18  256  0.7316E-09
 2  128  18  256  0.7298E-09
 2  128  18  256  0.7306E-09
 2  128  18  256  0.7311E-09
 2  128  19  256  0.7665E-09
 2  128  19  256  0.7629E-09
 2  128  19  256  0.7623E-09
 2  128  19  256  0.7628E-09
 2  128  19  256  0.7624E-09
 2  128  19  256  0.7628E-09
 2  128  19  256  0.7624E-09
 2  128  19  256  0.7631E-09
 2  128  19  256  0.7621E-09
 2  128  19  256  0.7628E-09
 2  128  20  256  0.7335E-09
 2  128  20  256  0.7298E-09
 2  128  20  256  0.7298E-09
 2  128  20  256  0.7295E-09
 2  128  20  256  0.7319E-09
 2  128  20  256  0.7303E-09
 2  128  20  256  0.7311E-09
 2  128  20  256  0.7298E-09
 2  128  20  256  0.7308E-09
 2  128  20  256  0.7309E-09
