 2  256  3  512  0.3706E-07
 2  256  3  512  0.1897E-07
 2  256  3  512  0.1789E-07
 2  256  3  512  0.1849E-07
 2  256  3  512  0.1869E-07
 2  256  3  512  0.1847E-07
 2  256  3  512  0.1726E-07
 2  256  3  512  0.1889E-07
 2  256  3  512  0.1799E-07
 2  256  3  512  0.1738E-07
 2  256  4  512  0.1234E-07
 2  256  4  512  0.5904E-08
 2  256  4  512  0.8372E-08
 2  256  4  512  0.8098E-08
 2  256  4  512  0.8321E-08
 2  256  4  512  0.7894E-08
 2  256  4  512  0.8392E-08
 2  256  4  512  0.7904E-08
 2  256  4  512  0.8079E-08
 2  256  4  512  0.8210E-08
 2  256  5  512  0.8692E-08
 2  256  5  512  0.3890E-08
 2  256  5  512  0.3818E-08
 2  256  5  512  0.3771E-08
 2  256  5  512  0.3838E-08
 2  256  5  512  0.3907E-08
 2  256  5  512  0.3688E-08
 2  256  5  512  0.3078E-08
 2  256  5  512  0.3844E-08
 2  256  5  512  0.3874E-08
 2  256  6  512  0.1377E-08
 2  256  6  512  0.1342E-08
 2  256  6  512  0.1338E-08
 2  256  6  512  0.1328E-08
 2  256  6  512  0.1323E-08
 2  256  6  512  0.1319E-08
 2  256  6  512  0.1325E-08
 2  256  6  512  0.1341E-08
 2  256  6  512  0.1325E-08
 2  256  6  512  0.1320E-08
 2  256  7  512  0.1044E-08
 2  256  7  512  0.9996E-09
 2  256  7  512  0.1008E-08
 2  256  7  512  0.1013E-08
 2  256  7  512  0.1017E-08
 2  256  7  512  0.1009E-08
 2  256  7  512  0.1015E-08
 2  256  7  512  0.1013E-08
 2  256  7  512  0.1021E-08
 2  256  7  512  0.1031E-08
 2  256  8  512  0.8786E-09
 2  256  8  512  0.8494E-09
 2  256  8  512  0.8507E-09
 2  256  8  512  0.8609E-09
 2  256  8  512  0.8454E-09
 2  256  8  512  0.8414E-09
 2  256  8  512  0.8535E-09
 2  256  8  512  0.8521E-09
 2  256  8  512  0.8591E-09
 2  256  8  512  0.8516E-09
 2  256  9  512  0.7767E-09
 2  256  9  512  0.7592E-09
 2  256  9  512  0.7604E-09
 2  256  9  512  0.7565E-09
 2  256  9  512  0.7515E-09
 2  256  9  512  0.7624E-09
 2  256  9  512  0.7599E-09
 2  256  9  512  0.7574E-09
 2  256  9  512  0.7612E-09
 2  256  9  512  0.7684E-09
 2  256  10  512  0.7149E-09
 2  256  10  512  0.7024E-09
 2  256  10  512  0.7026E-09
 2  256  10  512  0.7001E-09
 2  256  10  512  0.7065E-09
 2  256  10  512  0.7030E-09
 2  256  10  512  0.7057E-09
 2  256  10  512  0.7090E-09
 2  256  10  512  0.7008E-09
 2  256  10  512  0.6987E-09
 2  256  11  512  0.6395E-09
 2  256  11  512  0.6338E-09
 2  256  11  512  0.6243E-09
 2  256  11  512  0.6230E-09
 2  256  11  512  0.6255E-09
 2  256  11  512  0.6258E-09
 2  256  11  512  0.6282E-09
 2  256  11  512  0.6254E-09
 2  256  11  512  0.6315E-09
 2  256  11  512  0.6298E-09
 2  256  12  512  0.5464E-09
 2  256  12  512  0.5415E-09
 2  256  12  512  0.5378E-09
 2  256  12  512  0.5387E-09
 2  256  12  512  0.5399E-09
 2  256  12  512  0.5384E-09
 2  256  12  512  0.5441E-09
 2  256  12  512  0.5454E-09
 2  256  12  512  0.5392E-09
 2  256  12  512  0.5409E-09
 2  256  13  512  0.5154E-09
 2  256  13  512  0.5093E-09
 2  256  13  512  0.5138E-09
 2  256  13  512  0.5120E-09
 2  256  13  512  0.5100E-09
 2  256  13  512  0.5064E-09
 2  256  13  512  0.5126E-09
 2  256  13  512  0.5100E-09
 2  256  13  512  0.5110E-09
 2  256  13  512  0.5130E-09
 2  256  14  512  0.4621E-09
 2  256  14  512  0.4585E-09
 2  256  14  512  0.4587E-09
 2  256  14  512  0.4571E-09
 2  256  14  512  0.4564E-09
 2  256  14  512  0.4588E-09
 2  256  14  512  0.4554E-09
 2  256  14  512  0.4598E-09
 2  256  14  512  0.4586E-09
 2  256  14  512  0.4554E-09
 2  256  15  512  0.4516E-09
 2  256  15  512  0.4492E-09
 2  256  15  512  0.4495E-09
 2  256  15  512  0.4481E-09
 2  256  15  512  0.4481E-09
 2  256  15  512  0.4494E-09
 2  256  15  512  0.4512E-09
 2  256  15  512  0.4470E-09
 2  256  15  512  0.4498E-09
 2  256  15  512  0.4496E-09
 2  256  16  512  0.4106E-09
 2  256  16  512  0.4095E-09
 2  256  16  512  0.4075E-09
 2  256  16  512  0.4081E-09
 2  256  16  512  0.4073E-09
 2  256  16  512  0.4093E-09
 2  256  16  512  0.4096E-09
 2  256  16  512  0.4085E-09
 2  256  16  512  0.4075E-09
 2  256  16  512  0.4072E-09
 2  256  17  512  0.4569E-09
 2  256  17  512  0.4536E-09
 2  256  17  512  0.4606E-09
 2  256  17  512  0.4553E-09
 2  256  17  512  0.4537E-09
 2  256  17  512  0.4536E-09
 2  256  17  512  0.4560E-09
 2  256  17  512  0.4539E-09
 2  256  17  512  0.4546E-09
 2  256  17  512  0.4544E-09
 2  256  18  512  0.4296E-09
 2  256  18  512  0.4358E-09
 2  256  18  512  0.4307E-09
 2  256  18  512  0.4287E-09
 2  256  18  512  0.4296E-09
 2  256  18  512  0.4309E-09
 2  256  18  512  0.4297E-09
 2  256  18  512  0.4325E-09
 2  256  18  512  0.4273E-09
 2  256  18  512  0.4281E-09
 2  256  19  512  0.4333E-09
 2  256  19  512  0.4326E-09
 2  256  19  512  0.4335E-09
 2  256  19  512  0.4327E-09
 2  256  19  512  0.4326E-09
 2  256  19  512  0.4324E-09
 2  256  19  512  0.4322E-09
 2  256  19  512  0.4415E-09
 2  256  19  512  0.4337E-09
 2  256  19  512  0.4387E-09
 2  256  20  512  0.4134E-09
 2  256  20  512  0.4123E-09
 2  256  20  512  0.4125E-09
 2  256  20  512  0.4121E-09
 2  256  20  512  0.4120E-09
 2  256  20  512  0.4128E-09
 2  256  20  512  0.4124E-09
 2  256  20  512  0.4130E-09
 2  256  20  512  0.4128E-09
 2  256  20  512  0.4124E-09
