 2  1024  3  2048  0.8915E-08
 2  1024  3  2048  0.8230E-08
 2  1024  3  2048  0.8212E-08
 2  1024  3  2048  0.8131E-08
 2  1024  3  2048  0.8283E-08
 2  1024  3  2048  0.8252E-08
 2  1024  3  2048  0.8334E-08
 2  1024  3  2048  0.8142E-08
 2  1024  3  2048  0.8246E-08
 2  1024  3  2048  0.8044E-08
 2  1024  4  2048  0.3818E-08
 2  1024  4  2048  0.3515E-08
 2  1024  4  2048  0.3449E-08
 2  1024  4  2048  0.3367E-08
 2  1024  4  2048  0.3448E-08
 2  1024  4  2048  0.3398E-08
 2  1024  4  2048  0.3435E-08
 2  1024  4  2048  0.3579E-08
 2  1024  4  2048  0.3460E-08
 2  1024  4  2048  0.3444E-08
 2  1024  5  2048  0.1983E-08
 2  1024  5  2048  0.1821E-08
 2  1024  5  2048  0.1807E-08
 2  1024  5  2048  0.1789E-08
 2  1024  5  2048  0.1830E-08
 2  1024  5  2048  0.1840E-08
 2  1024  5  2048  0.1864E-08
 2  1024  5  2048  0.1808E-08
 2  1024  5  2048  0.1811E-08
 2  1024  5  2048  0.1877E-08
 2  1024  6  2048  0.1197E-08
 2  1024  6  2048  0.1113E-08
 2  1024  6  2048  0.1123E-08
 2  1024  6  2048  0.1152E-08
 2  1024  6  2048  0.1146E-08
 2  1024  6  2048  0.1111E-08
 2  1024  6  2048  0.1095E-08
 2  1024  6  2048  0.1088E-08
 2  1024  6  2048  0.1102E-08
 2  1024  6  2048  0.1117E-08
 2  1024  7  2048  0.8132E-09
 2  1024  7  2048  0.8021E-09
 2  1024  7  2048  0.7598E-09
 2  1024  7  2048  0.7695E-09
 2  1024  7  2048  0.7609E-09
 2  1024  7  2048  0.7677E-09
 2  1024  7  2048  0.7579E-09
 2  1024  7  2048  0.7587E-09
 2  1024  7  2048  0.7697E-09
 2  1024  7  2048  0.7667E-09
 2  1024  8  2048  0.5970E-09
 2  1024  8  2048  0.5601E-09
 2  1024  8  2048  0.5591E-09
 2  1024  8  2048  0.5650E-09
 2  1024  8  2048  0.5527E-09
 2  1024  8  2048  0.5554E-09
 2  1024  8  2048  0.5568E-09
 2  1024  8  2048  0.5558E-09
 2  1024  8  2048  0.5579E-09
 2  1024  8  2048  0.5587E-09
 2  1024  9  2048  0.5021E-09
 2  1024  9  2048  0.4688E-09
 2  1024  9  2048  0.4627E-09
 2  1024  9  2048  0.4639E-09
 2  1024  9  2048  0.4703E-09
 2  1024  9  2048  0.4709E-09
 2  1024  9  2048  0.4663E-09
 2  1024  9  2048  0.4635E-09
 2  1024  9  2048  0.4695E-09
 2  1024  9  2048  0.4692E-09
 2  1024  10  2048  0.4310E-09
 2  1024  10  2048  0.4114E-09
 2  1024  10  2048  0.4182E-09
 2  1024  10  2048  0.4153E-09
 2  1024  10  2048  0.4160E-09
 2  1024  10  2048  0.4124E-09
 2  1024  10  2048  0.4174E-09
 2  1024  10  2048  0.4104E-09
 2  1024  10  2048  0.4141E-09
 2  1024  10  2048  0.4139E-09
 2  1024  11  2048  0.3822E-09
 2  1024  11  2048  0.3740E-09
 2  1024  11  2048  0.3755E-09
 2  1024  11  2048  0.3734E-09
 2  1024  11  2048  0.3716E-09
 2  1024  11  2048  0.3753E-09
 2  1024  11  2048  0.3751E-09
 2  1024  11  2048  0.3756E-09
 2  1024  11  2048  0.3723E-09
 2  1024  11  2048  0.3776E-09
 2  1024  13  2048  0.3050E-09
 2  1024  13  2048  0.2996E-09
 2  1024  13  2048  0.3004E-09
 2  1024  13  2048  0.2989E-09
 2  1024  13  2048  0.2996E-09
 2  1024  13  2048  0.3009E-09
 2  1024  13  2048  0.2999E-09
 2  1024  13  2048  0.3003E-09
 2  1024  13  2048  0.2988E-09
 2  1024  13  2048  0.2994E-09
 2  1024  14  2048  0.2677E-09
 2  1024  14  2048  0.2608E-09
 2  1024  14  2048  0.2628E-09
 2  1024  14  2048  0.2625E-09
 2  1024  14  2048  0.2628E-09
 2  1024  14  2048  0.2627E-09
 2  1024  14  2048  0.2601E-09
 2  1024  14  2048  0.2647E-09
 2  1024  14  2048  0.2598E-09
 2  1024  14  2048  0.2639E-09
 2  1024  15  2048  0.2414E-09
 2  1024  15  2048  0.2374E-09
 2  1024  15  2048  0.2405E-09
 2  1024  15  2048  0.2367E-09
 2  1024  15  2048  0.2395E-09
 2  1024  15  2048  0.2374E-09
 2  1024  15  2048  0.2394E-09
 2  1024  15  2048  0.2367E-09
 2  1024  15  2048  0.2392E-09
 2  1024  15  2048  0.2362E-09
 2  1024  17  2048  0.2154E-09
 2  1024  17  2048  0.2143E-09
 2  1024  17  2048  0.2143E-09
 2  1024  17  2048  0.2130E-09
 2  1024  17  2048  0.2151E-09
 2  1024  17  2048  0.2152E-09
 2  1024  17  2048  0.2125E-09
 2  1024  17  2048  0.2152E-09
 2  1024  17  2048  0.2148E-09
 2  1024  17  2048  0.2134E-09
 2  1024  18  2048  0.1965E-09
 2  1024  18  2048  0.1947E-09
 2  1024  18  2048  0.1961E-09
 2  1024  18  2048  0.1957E-09
 2  1024  18  2048  0.1951E-09
 2  1024  18  2048  0.1957E-09
 2  1024  18  2048  0.1964E-09
 2  1024  18  2048  0.1963E-09
 2  1024  18  2048  0.1951E-09
 2  1024  18  2048  0.1957E-09
 2  1024  19  2048  0.1917E-09
 2  1024  19  2048  0.1919E-09
 2  1024  19  2048  0.1916E-09
 2  1024  19  2048  0.1915E-09
 2  1024  19  2048  0.1920E-09
 2  1024  19  2048  0.1904E-09
 2  1024  19  2048  0.1914E-09
 2  1024  19  2048  0.1912E-09
 2  1024  19  2048  0.1907E-09
 2  1024  19  2048  0.1920E-09
