 2  1024  3  2048  0.1113E-07
 2  1024  3  2048  0.1036E-07
 2  1024  3  2048  0.1044E-07
 2  1024  3  2048  0.1036E-07
 2  1024  3  2048  0.1068E-07
 2  1024  3  2048  0.1037E-07
 2  1024  3  2048  0.1045E-07
 2  1024  3  2048  0.1029E-07
 2  1024  3  2048  0.1019E-07
 2  1024  3  2048  0.1026E-07
 2  1024  4  2048  0.4852E-08
 2  1024  4  2048  0.4408E-08
 2  1024  4  2048  0.4255E-08
 2  1024  4  2048  0.4280E-08
 2  1024  4  2048  0.4282E-08
 2  1024  4  2048  0.4431E-08
 2  1024  4  2048  0.4381E-08
 2  1024  4  2048  0.4346E-08
 2  1024  4  2048  0.4273E-08
 2  1024  4  2048  0.4312E-08
 2  1024  5  2048  0.2588E-08
 2  1024  5  2048  0.2252E-08
 2  1024  5  2048  0.2307E-08
 2  1024  5  2048  0.2323E-08
 2  1024  5  2048  0.2326E-08
 2  1024  5  2048  0.2252E-08
 2  1024  5  2048  0.2253E-08
 2  1024  5  2048  0.2250E-08
 2  1024  5  2048  0.2284E-08
 2  1024  5  2048  0.2321E-08
 2  1024  6  2048  0.1582E-08
 2  1024  6  2048  0.1385E-08
 2  1024  6  2048  0.1356E-08
 2  1024  6  2048  0.1359E-08
 2  1024  6  2048  0.1388E-08
 2  1024  6  2048  0.1396E-08
 2  1024  6  2048  0.1383E-08
 2  1024  6  2048  0.1365E-08
 2  1024  6  2048  0.1348E-08
 2  1024  6  2048  0.1363E-08
 2  1024  7  2048  0.1018E-08
 2  1024  7  2048  0.9253E-09
 2  1024  7  2048  0.9338E-09
 2  1024  7  2048  0.9439E-09
 2  1024  7  2048  0.9273E-09
 2  1024  7  2048  0.9334E-09
 2  1024  7  2048  0.9296E-09
 2  1024  7  2048  0.9164E-09
 2  1024  7  2048  0.9248E-09
 2  1024  7  2048  0.9286E-09
 2  1024  8  2048  0.7300E-09
 2  1024  8  2048  0.6823E-09
 2  1024  8  2048  0.6661E-09
 2  1024  8  2048  0.6724E-09
 2  1024  8  2048  0.6716E-09
 2  1024  8  2048  0.6866E-09
 2  1024  8  2048  0.6707E-09
 2  1024  8  2048  0.6644E-09
 2  1024  8  2048  0.6739E-09
 2  1024  8  2048  0.6728E-09
 2  1024  9  2048  0.5809E-09
 2  1024  9  2048  0.5433E-09
 2  1024  9  2048  0.5546E-09
 2  1024  9  2048  0.5499E-09
 2  1024  9  2048  0.5442E-09
 2  1024  9  2048  0.5569E-09
 2  1024  9  2048  0.5420E-09
 2  1024  9  2048  0.5437E-09
 2  1024  9  2048  0.5431E-09
 2  1024  9  2048  0.5399E-09
 2  1024  10  2048  0.4939E-09
 2  1024  10  2048  0.4725E-09
 2  1024  10  2048  0.4695E-09
 2  1024  10  2048  0.4691E-09
 2  1024  10  2048  0.4706E-09
 2  1024  10  2048  0.4701E-09
 2  1024  10  2048  0.4681E-09
 2  1024  10  2048  0.4689E-09
 2  1024  10  2048  0.4741E-09
 2  1024  10  2048  0.4732E-09
 2  1024  11  2048  0.4404E-09
 2  1024  11  2048  0.4221E-09
 2  1024  11  2048  0.4258E-09
 2  1024  11  2048  0.4231E-09
 2  1024  11  2048  0.4223E-09
 2  1024  11  2048  0.4262E-09
 2  1024  11  2048  0.4258E-09
 2  1024  11  2048  0.4235E-09
 2  1024  11  2048  0.4281E-09
 2  1024  11  2048  0.4225E-09
 2  1024  13  2048  0.3430E-09
 2  1024  13  2048  0.3302E-09
 2  1024  13  2048  0.3322E-09
 2  1024  13  2048  0.3296E-09
 2  1024  13  2048  0.3323E-09
 2  1024  13  2048  0.3324E-09
 2  1024  13  2048  0.3305E-09
 2  1024  13  2048  0.3333E-09
 2  1024  13  2048  0.3285E-09
 2  1024  13  2048  0.3326E-09
 2  1024  14  2048  0.2925E-09
 2  1024  14  2048  0.2868E-09
 2  1024  14  2048  0.2863E-09
 2  1024  14  2048  0.2867E-09
 2  1024  14  2048  0.2843E-09
 2  1024  14  2048  0.2863E-09
 2  1024  14  2048  0.2856E-09
 2  1024  14  2048  0.2862E-09
 2  1024  14  2048  0.2829E-09
 2  1024  14  2048  0.2864E-09
 2  1024  15  2048  0.2600E-09
 2  1024  15  2048  0.2563E-09
 2  1024  15  2048  0.2554E-09
 2  1024  15  2048  0.2563E-09
 2  1024  15  2048  0.2546E-09
 2  1024  15  2048  0.2569E-09
 2  1024  15  2048  0.2532E-09
 2  1024  15  2048  0.2575E-09
 2  1024  15  2048  0.2530E-09
 2  1024  15  2048  0.2557E-09
 2  1024  17  2048  0.2260E-09
 2  1024  17  2048  0.2210E-09
 2  1024  17  2048  0.2221E-09
 2  1024  17  2048  0.2227E-09
 2  1024  17  2048  0.2223E-09
 2  1024  17  2048  0.2214E-09
 2  1024  17  2048  0.2238E-09
 2  1024  17  2048  0.2223E-09
 2  1024  17  2048  0.2222E-09
 2  1024  17  2048  0.2229E-09
 2  1024  18  2048  0.2052E-09
 2  1024  18  2048  0.2032E-09
 2  1024  18  2048  0.2014E-09
 2  1024  18  2048  0.2022E-09
 2  1024  18  2048  0.2016E-09
 2  1024  18  2048  0.2016E-09
 2  1024  18  2048  0.2018E-09
 2  1024  18  2048  0.2030E-09
 2  1024  18  2048  0.2016E-09
 2  1024  18  2048  0.2025E-09
 2  1024  19  2048  0.1978E-09
 2  1024  19  2048  0.1937E-09
 2  1024  19  2048  0.1935E-09
 2  1024  19  2048  0.1935E-09
 2  1024  19  2048  0.1942E-09
 2  1024  19  2048  0.1937E-09
 2  1024  19  2048  0.1934E-09
 2  1024  19  2048  0.1931E-09
 2  1024  19  2048  0.1928E-09
 2  1024  19  2048  0.1945E-09
 2  1024  20  2048  0.1791E-09
 2  1024  20  2048  0.1765E-09
 2  1024  20  2048  0.1774E-09
 2  1024  20  2048  0.1758E-09
 2  1024  20  2048  0.1761E-09
 2  1024  20  2048  0.1764E-09
 2  1024  20  2048  0.1775E-09
 2  1024  20  2048  0.1768E-09
 2  1024  20  2048  0.1763E-09
 2  1024  20  2048  0.1770E-09
