 2  512  3  1024  0.1373E-07
 2  512  3  1024  0.1305E-07
 2  512  3  1024  0.1299E-07
 2  512  3  1024  0.1311E-07
 2  512  3  1024  0.1311E-07
 2  512  3  1024  0.1284E-07
 2  512  3  1024  0.1288E-07
 2  512  3  1024  0.1292E-07
 2  512  3  1024  0.1294E-07
 2  512  3  1024  0.1300E-07
 2  512  4  1024  0.5871E-08
 2  512  4  1024  0.5570E-08
 2  512  4  1024  0.5516E-08
 2  512  4  1024  0.5595E-08
 2  512  4  1024  0.5483E-08
 2  512  4  1024  0.5397E-08
 2  512  4  1024  0.5524E-08
 2  512  4  1024  0.5508E-08
 2  512  4  1024  0.5467E-08
 2  512  4  1024  0.5496E-08
 2  512  5  1024  0.3168E-08
 2  512  5  1024  0.2971E-08
 2  512  5  1024  0.2949E-08
 2  512  5  1024  0.2954E-08
 2  512  5  1024  0.2949E-08
 2  512  5  1024  0.2938E-08
 2  512  5  1024  0.2957E-08
 2  512  5  1024  0.2948E-08
 2  512  5  1024  0.2935E-08
 2  512  5  1024  0.2930E-08
 2  512  6  1024  0.1992E-08
 2  512  6  1024  0.1884E-08
 2  512  6  1024  0.1845E-08
 2  512  6  1024  0.1850E-08
 2  512  6  1024  0.1866E-08
 2  512  6  1024  0.1820E-08
 2  512  6  1024  0.1842E-08
 2  512  6  1024  0.1829E-08
 2  512  6  1024  0.1836E-08
 2  512  6  1024  0.1828E-08
 2  512  7  1024  0.1360E-08
 2  512  7  1024  0.1283E-08
 2  512  7  1024  0.1276E-08
 2  512  7  1024  0.1297E-08
 2  512  7  1024  0.1280E-08
 2  512  7  1024  0.1287E-08
 2  512  7  1024  0.1273E-08
 2  512  7  1024  0.1326E-08
 2  512  7  1024  0.1264E-08
 2  512  7  1024  0.1269E-08
 2  512  8  1024  0.9971E-09
 2  512  8  1024  0.9545E-09
 2  512  8  1024  0.9416E-09
 2  512  8  1024  0.9530E-09
 2  512  8  1024  0.9575E-09
 2  512  8  1024  0.9445E-09
 2  512  8  1024  0.9550E-09
 2  512  8  1024  0.9401E-09
 2  512  8  1024  0.9388E-09
 2  512  8  1024  0.9383E-09
 2  512  9  1024  0.8383E-09
 2  512  9  1024  0.7979E-09
 2  512  9  1024  0.8054E-09
 2  512  9  1024  0.7950E-09
 2  512  9  1024  0.8010E-09
 2  512  9  1024  0.7965E-09
 2  512  9  1024  0.8017E-09
 2  512  9  1024  0.7963E-09
 2  512  9  1024  0.7912E-09
 2  512  9  1024  0.7968E-09
 2  512  10  1024  0.7429E-09
 2  512  10  1024  0.7120E-09
 2  512  10  1024  0.7055E-09
 2  512  10  1024  0.7095E-09
 2  512  10  1024  0.7137E-09
 2  512  10  1024  0.7148E-09
 2  512  10  1024  0.7086E-09
 2  512  10  1024  0.7074E-09
 2  512  10  1024  0.7074E-09
 2  512  10  1024  0.7168E-09
 2  512  11  1024  0.6626E-09
 2  512  11  1024  0.6522E-09
 2  512  11  1024  0.6506E-09
 2  512  11  1024  0.6450E-09
 2  512  11  1024  0.6476E-09
 2  512  11  1024  0.6538E-09
 2  512  11  1024  0.6498E-09
 2  512  11  1024  0.6449E-09
 2  512  11  1024  0.6457E-09
 2  512  11  1024  0.6494E-09
 2  512  12  1024  0.5728E-09
 2  512  12  1024  0.5654E-09
 2  512  12  1024  0.5654E-09
 2  512  12  1024  0.5671E-09
 2  512  12  1024  0.5650E-09
 2  512  12  1024  0.5649E-09
 2  512  12  1024  0.5665E-09
 2  512  12  1024  0.5621E-09
 2  512  12  1024  0.5651E-09
 2  512  12  1024  0.5647E-09
 2  512  13  1024  0.5237E-09
 2  512  13  1024  0.5249E-09
 2  512  13  1024  0.5174E-09
 2  512  13  1024  0.5157E-09
 2  512  13  1024  0.5292E-09
 2  512  13  1024  0.5146E-09
 2  512  13  1024  0.5166E-09
 2  512  13  1024  0.5277E-09
 2  512  13  1024  0.5143E-09
 2  512  13  1024  0.5199E-09
 2  512  14  1024  0.4645E-09
 2  512  14  1024  0.4628E-09
 2  512  14  1024  0.4598E-09
 2  512  14  1024  0.4642E-09
 2  512  14  1024  0.4624E-09
 2  512  14  1024  0.4589E-09
 2  512  14  1024  0.4638E-09
 2  512  14  1024  0.4602E-09
 2  512  14  1024  0.4664E-09
 2  512  14  1024  0.4630E-09
 2  512  15  1024  0.4276E-09
 2  512  15  1024  0.4241E-09
 2  512  15  1024  0.4246E-09
 2  512  15  1024  0.4262E-09
 2  512  15  1024  0.4232E-09
 2  512  15  1024  0.4267E-09
 2  512  15  1024  0.4242E-09
 2  512  15  1024  0.4279E-09
 2  512  15  1024  0.4241E-09
 2  512  15  1024  0.4244E-09
 2  512  16  1024  0.3798E-09
 2  512  16  1024  0.3776E-09
 2  512  16  1024  0.3769E-09
 2  512  16  1024  0.3785E-09
 2  512  16  1024  0.3784E-09
 2  512  16  1024  0.3785E-09
 2  512  16  1024  0.3795E-09
 2  512  16  1024  0.3779E-09
 2  512  16  1024  0.3779E-09
 2  512  16  1024  0.3780E-09
 2  512  17  1024  0.3864E-09
 2  512  17  1024  0.3845E-09
 2  512  17  1024  0.3864E-09
 2  512  17  1024  0.3848E-09
 2  512  17  1024  0.3860E-09
 2  512  17  1024  0.3844E-09
 2  512  17  1024  0.3853E-09
 2  512  17  1024  0.3853E-09
 2  512  17  1024  0.3854E-09
 2  512  17  1024  0.3872E-09
 2  512  18  1024  0.3565E-09
 2  512  18  1024  0.3562E-09
 2  512  18  1024  0.3551E-09
 2  512  18  1024  0.3553E-09
 2  512  18  1024  0.3557E-09
 2  512  18  1024  0.3548E-09
 2  512  18  1024  0.3550E-09
 2  512  18  1024  0.3567E-09
 2  512  18  1024  0.3554E-09
 2  512  18  1024  0.3573E-09
 2  512  19  1024  0.3495E-09
 2  512  19  1024  0.3512E-09
 2  512  19  1024  0.3473E-09
 2  512  19  1024  0.3509E-09
 2  512  19  1024  0.3490E-09
 2  512  19  1024  0.3474E-09
 2  512  19  1024  0.3495E-09
 2  512  19  1024  0.3485E-09
 2  512  19  1024  0.3481E-09
 2  512  19  1024  0.3480E-09
 2  512  20  1024  0.3416E-09
 2  512  20  1024  0.3420E-09
 2  512  20  1024  0.3425E-09
 2  512  20  1024  0.3415E-09
 2  512  20  1024  0.3410E-09
 2  512  20  1024  0.3409E-09
 2  512  20  1024  0.3425E-09
 2  512  20  1024  0.3428E-09
 2  512  20  1024  0.3415E-09
 2  512  20  1024  0.3419E-09
