 2  2  3  4  0.1792E-06
 2  2  3  4  0.1736E-06
 2  2  3  4  0.1798E-06
 2  2  3  4  0.1686E-06
 2  2  3  4  0.1661E-06
 2  2  3  4  0.1647E-06
 2  2  3  4  0.1761E-06
 2  2  3  4  0.1669E-06
 2  2  3  4  0.1612E-06
 2  2  3  4  0.1634E-06
 2  2  4  4  0.6703E-07
 2  2  4  4  0.6860E-07
 2  2  4  4  0.6838E-07
 2  2  4  4  0.6768E-07
 2  2  4  4  0.6614E-07
 2  2  4  4  0.6601E-07
 2  2  4  4  0.6728E-07
 2  2  4  4  0.6632E-07
 2  2  4  4  0.6600E-07
 2  2  4  4  0.6613E-07
 2  2  5  4  0.6416E-07
 2  2  5  4  0.6375E-07
 2  2  5  4  0.6389E-07
 2  2  5  4  0.6416E-07
 2  2  5  4  0.6398E-07
 2  2  5  4  0.6405E-07
 2  2  5  4  0.6378E-07
 2  2  5  4  0.6404E-07
 2  2  5  4  0.6354E-07
 2  2  5  4  0.6351E-07
 2  2  6  4  0.4312E-07
 2  2  6  4  0.4269E-07
 2  2  6  4  0.4272E-07
 2  2  6  4  0.4278E-07
 2  2  6  4  0.4281E-07
 2  2  6  4  0.4272E-07
 2  2  6  4  0.4269E-07
 2  2  6  4  0.4287E-07
 2  2  6  4  0.4269E-07
 2  2  6  4  0.4295E-07
 2  2  7  4  0.3674E-07
 2  2  7  4  0.3613E-07
 2  2  7  4  0.3599E-07
 2  2  7  4  0.3619E-07
 2  2  7  4  0.3618E-07
 2  2  7  4  0.3601E-07
 2  2  7  4  0.3596E-07
 2  2  7  4  0.3598E-07
 2  2  7  4  0.3642E-07
 2  2  7  4  0.3606E-07
 2  2  8  4  0.2791E-07
 2  2  8  4  0.2778E-07
 2  2  8  4  0.2776E-07
 2  2  8  4  0.2760E-07
 2  2  8  4  0.2799E-07
 2  2  8  4  0.2777E-07
 2  2  8  4  0.2763E-07
 2  2  8  4  0.2775E-07
 2  2  8  4  0.2768E-07
 2  2  8  4  0.2756E-07
 2  2  9  4  0.3082E-07
 2  2  9  4  0.3032E-07
 2  2  9  4  0.3037E-07
 2  2  9  4  0.3046E-07
 2  2  9  4  0.3034E-07
 2  2  9  4  0.3024E-07
 2  2  9  4  0.3030E-07
 2  2  9  4  0.3027E-07
 2  2  9  4  0.3029E-07
 2  2  9  4  0.3023E-07
 2  2  10  4  0.3220E-07
 2  2  10  4  0.3133E-07
 2  2  10  4  0.3136E-07
 2  2  10  4  0.3123E-07
 2  2  10  4  0.3118E-07
 2  2  10  4  0.3132E-07
 2  2  10  4  0.3120E-07
 2  2  10  4  0.3123E-07
 2  2  10  4  0.3117E-07
 2  2  10  4  0.3117E-07
 2  2  11  4  0.3660E-07
 2  2  11  4  0.3611E-07
 2  2  11  4  0.3606E-07
 2  2  11  4  0.3608E-07
 2  2  11  4  0.3612E-07
 2  2  11  4  0.3597E-07
 2  2  11  4  0.3596E-07
 2  2  11  4  0.3596E-07
 2  2  11  4  0.3710E-07
 2  2  11  4  0.3595E-07
 2  2  12  4  0.3515E-07
 2  2  12  4  0.3474E-07
 2  2  12  4  0.3481E-07
 2  2  12  4  0.3474E-07
 2  2  12  4  0.3485E-07
 2  2  12  4  0.3486E-07
 2  2  12  4  0.3493E-07
 2  2  12  4  0.3482E-07
 2  2  12  4  0.3461E-07
 2  2  12  4  0.3461E-07
 2  2  13  4  0.3954E-07
 2  2  13  4  0.3942E-07
 2  2  13  4  0.3916E-07
 2  2  13  4  0.3917E-07
 2  2  13  4  0.3912E-07
 2  2  13  4  0.3922E-07
 2  2  13  4  0.3919E-07
 2  2  13  4  0.3918E-07
 2  2  13  4  0.3915E-07
 2  2  13  4  0.3917E-07
 2  2  14  4  0.3701E-07
 2  2  14  4  0.3683E-07
 2  2  14  4  0.3665E-07
 2  2  14  4  0.3676E-07
 2  2  14  4  0.3667E-07
 2  2  14  4  0.3676E-07
 2  2  14  4  0.3671E-07
 2  2  14  4  0.3673E-07
 2  2  14  4  0.3673E-07
 2  2  14  4  0.3678E-07
 2  2  15  4  0.3902E-07
 2  2  15  4  0.3894E-07
 2  2  15  4  0.3889E-07
 2  2  15  4  0.3900E-07
 2  2  15  4  0.3890E-07
 2  2  15  4  0.3887E-07
 2  2  15  4  0.3887E-07
 2  2  15  4  0.3886E-07
 2  2  15  4  0.3892E-07
 2  2  15  4  0.3883E-07
 2  2  16  4  0.3704E-07
 2  2  16  4  0.3696E-07
 2  2  16  4  0.3691E-07
 2  2  16  4  0.3682E-07
 2  2  16  4  0.3685E-07
 2  2  16  4  0.3673E-07
 2  2  16  4  0.3679E-07
 2  2  16  4  0.3676E-07
 2  2  16  4  0.3682E-07
 2  2  16  4  0.3678E-07
 2  2  17  4  0.4390E-07
 2  2  17  4  0.4378E-07
 2  2  17  4  0.4374E-07
 2  2  17  4  0.4374E-07
 2  2  17  4  0.4378E-07
 2  2  17  4  0.4382E-07
 2  2  17  4  0.4372E-07
 2  2  17  4  0.4382E-07
 2  2  17  4  0.4375E-07
 2  2  17  4  0.4383E-07
 2  2  18  4  0.4396E-07
 2  2  18  4  0.4382E-07
 2  2  18  4  0.4390E-07
 2  2  18  4  0.4383E-07
 2  2  18  4  0.4384E-07
 2  2  18  4  0.4383E-07
 2  2  18  4  0.4382E-07
 2  2  18  4  0.4389E-07
 2  2  18  4  0.4385E-07
 2  2  18  4  0.4386E-07
 2  2  19  4  0.4514E-07
 2  2  19  4  0.4511E-07
 2  2  19  4  0.4508E-07
 2  2  19  4  0.4506E-07
 2  2  19  4  0.4508E-07
 2  2  19  4  0.4503E-07
 2  2  19  4  0.4508E-07
 2  2  19  4  0.4504E-07
 2  2  19  4  0.4504E-07
 2  2  19  4  0.4506E-07
 2  2  20  4  0.4423E-07
 2  2  20  4  0.4408E-07
 2  2  20  4  0.4410E-07
 2  2  20  4  0.4408E-07
 2  2  20  4  0.4410E-07
 2  2  20  4  0.4409E-07
 2  2  20  4  0.4408E-07
 2  2  20  4  0.4412E-07
 2  2  20  4  0.4408E-07
 2  2  20  4  0.4408E-07
