 2  16384  5  32768  0.1330E-09
 2  16384  5  32768  0.1348E-09
 2  16384  5  32768  0.1277E-09
 2  16384  5  32768  0.1246E-09
 2  16384  5  32768  0.1141E-09
 2  16384  5  32768  0.1108E-09
 2  16384  5  32768  0.1147E-09
 2  16384  5  32768  0.1244E-09
 2  16384  5  32768  0.1289E-09
 2  16384  5  32768  0.1218E-09
 2  16384  6  32768  0.8055E-10
 2  16384  6  32768  0.7883E-10
 2  16384  6  32768  0.7868E-10
 2  16384  6  32768  0.7343E-10
 2  16384  6  32768  0.6982E-10
 2  16384  6  32768  0.6862E-10
 2  16384  6  32768  0.7399E-10
 2  16384  6  32768  0.7686E-10
 2  16384  6  32768  0.7742E-10
 2  16384  6  32768  0.7346E-10
 2  16384  7  32768  0.5364E-10
 2  16384  7  32768  0.4877E-10
 2  16384  7  32768  0.5054E-10
 2  16384  7  32768  0.5536E-10
 2  16384  7  32768  0.5732E-10
 2  16384  7  32768  0.5173E-10
 2  16384  7  32768  0.4811E-10
 2  16384  7  32768  0.4737E-10
 2  16384  7  32768  0.5138E-10
 2  16384  7  32768  0.5363E-10
 2  16384  8  32768  0.4154E-10
 2  16384  8  32768  0.4058E-10
 2  16384  8  32768  0.3831E-10
 2  16384  8  32768  0.3676E-10
 2  16384  8  32768  0.3793E-10
 2  16384  8  32768  0.3973E-10
 2  16384  8  32768  0.4034E-10
 2  16384  8  32768  0.3829E-10
 2  16384  8  32768  0.3771E-10
 2  16384  8  32768  0.3827E-10
 2  16384  9  32768  0.3180E-10
 2  16384  9  32768  0.3338E-10
 2  16384  9  32768  0.3317E-10
 2  16384  9  32768  0.3110E-10
 2  16384  9  32768  0.3092E-10
 2  16384  9  32768  0.3139E-10
 2  16384  9  32768  0.3319E-10
 2  16384  9  32768  0.3147E-10
 2  16384  9  32768  0.3036E-10
 2  16384  9  32768  0.3116E-10
 2  16384  10  32768  0.2631E-10
 2  16384  10  32768  0.2737E-10
 2  16384  10  32768  0.2697E-10
 2  16384  10  32768  0.2554E-10
 2  16384  10  32768  0.2614E-10
 2  16384  10  32768  0.2768E-10
 2  16384  10  32768  0.2655E-10
 2  16384  10  32768  0.2538E-10
 2  16384  10  32768  0.2635E-10
 2  16384  10  32768  0.2790E-10
 2  16384  11  32768  0.2141E-10
 2  16384  11  32768  0.2179E-10
 2  16384  11  32768  0.2127E-10
 2  16384  11  32768  0.2091E-10
 2  16384  11  32768  0.2140E-10
 2  16384  11  32768  0.2176E-10
 2  16384  11  32768  0.2092E-10
 2  16384  11  32768  0.2107E-10
 2  16384  11  32768  0.2200E-10
 2  16384  11  32768  0.2160E-10
 2  16384  12  32768  0.1827E-10
 2  16384  12  32768  0.1785E-10
 2  16384  12  32768  0.1776E-10
 2  16384  12  32768  0.1772E-10
 2  16384  12  32768  0.1747E-10
 2  16384  12  32768  0.1754E-10
 2  16384  12  32768  0.1765E-10
 2  16384  12  32768  0.1782E-10
 2  16384  12  32768  0.1758E-10
 2  16384  12  32768  0.1798E-10
 2  16384  13  32768  0.1579E-10
 2  16384  13  32768  0.1583E-10
 2  16384  13  32768  0.1554E-10
 2  16384  13  32768  0.1507E-10
 2  16384  13  32768  0.1566E-10
 2  16384  13  32768  0.1560E-10
 2  16384  13  32768  0.1544E-10
 2  16384  13  32768  0.1603E-10
 2  16384  13  32768  0.1611E-10
 2  16384  13  32768  0.1492E-10
 2  16384  14  32768  0.1404E-10
 2  16384  14  32768  0.1310E-10
 2  16384  14  32768  0.1362E-10
 2  16384  14  32768  0.1332E-10
 2  16384  14  32768  0.1291E-10
 2  16384  14  32768  0.1338E-10
 2  16384  14  32768  0.1321E-10
 2  16384  14  32768  0.1309E-10
 2  16384  14  32768  0.1347E-10
 2  16384  14  32768  0.1297E-10
 2  16384  15  32768  0.1226E-10
 2  16384  15  32768  0.1234E-10
 2  16384  15  32768  0.1212E-10
 2  16384  15  32768  0.1211E-10
 2  16384  15  32768  0.1215E-10
 2  16384  15  32768  0.1216E-10
 2  16384  15  32768  0.1230E-10
 2  16384  15  32768  0.1210E-10
 2  16384  15  32768  0.1215E-10
 2  16384  15  32768  0.1206E-10
 2  16384  16  32768  0.1095E-10
 2  16384  16  32768  0.1078E-10
 2  16384  16  32768  0.1093E-10
 2  16384  16  32768  0.1067E-10
 2  16384  16  32768  0.1096E-10
 2  16384  16  32768  0.1079E-10
 2  16384  16  32768  0.1096E-10
 2  16384  16  32768  0.1079E-10
 2  16384  16  32768  0.1077E-10
 2  16384  16  32768  0.1090E-10
 2  16384  17  32768  0.1179E-10
 2  16384  17  32768  0.1175E-10
 2  16384  17  32768  0.1152E-10
 2  16384  17  32768  0.1173E-10
 2  16384  17  32768  0.1166E-10
 2  16384  17  32768  0.1165E-10
 2  16384  17  32768  0.1151E-10
 2  16384  17  32768  0.1171E-10
 2  16384  17  32768  0.1155E-10
 2  16384  17  32768  0.1156E-10
 2  16384  18  32768  0.9958E-11
 2  16384  18  32768  0.9978E-11
 2  16384  18  32768  0.9868E-11
 2  16384  18  32768  0.9982E-11
 2  16384  18  32768  0.9858E-11
 2  16384  18  32768  0.9913E-11
 2  16384  18  32768  0.9932E-11
 2  16384  18  32768  0.9872E-11
 2  16384  18  32768  0.9919E-11
 2  16384  18  32768  0.9885E-11
 2  16384  19  32768  0.9852E-11
 2  16384  19  32768  0.9869E-11
 2  16384  19  32768  0.9847E-11
 2  16384  19  32768  0.9792E-11
 2  16384  19  32768  0.9968E-11
 2  16384  19  32768  0.9827E-11
 2  16384  19  32768  0.9708E-11
 2  16384  19  32768  0.9828E-11
 2  16384  19  32768  0.9841E-11
 2  16384  19  32768  0.9778E-11
 2  16384  20  32768  0.9594E-11
 2  16384  20  32768  0.9429E-11
 2  16384  20  32768  0.9271E-11
 2  16384  20  32768  0.9360E-11
 2  16384  20  32768  0.9389E-11
 2  16384  20  32768  0.9281E-11
 2  16384  20  32768  0.9277E-11
 2  16384  20  32768  0.9315E-11
 2  16384  20  32768  0.9325E-11
 2  16384  20  32768  0.9279E-11
