 2  256  3  512  0.1011E-07
 2  256  3  512  0.9560E-08
 2  256  3  512  0.9390E-08
 2  256  3  512  0.2154E-07
 2  256  3  512  0.2025E-07
 2  256  3  512  0.2011E-07
 2  256  3  512  0.2011E-07
 2  256  3  512  0.1951E-07
 2  256  3  512  0.1946E-07
 2  256  3  512  0.1895E-07
 2  256  4  512  0.4635E-08
 2  256  4  512  0.4313E-08
 2  256  4  512  0.4226E-08
 2  256  4  512  0.4289E-08
 2  256  4  512  0.4187E-08
 2  256  4  512  0.4355E-08
 2  256  4  512  0.9156E-08
 2  256  4  512  0.9185E-08
 2  256  4  512  0.8891E-08
 2  256  4  512  0.9022E-08
 2  256  5  512  0.2786E-08
 2  256  5  512  0.2574E-08
 2  256  5  512  0.2525E-08
 2  256  5  512  0.2566E-08
 2  256  5  512  0.2512E-08
 2  256  5  512  0.2502E-08
 2  256  5  512  0.2489E-08
 2  256  5  512  0.2507E-08
 2  256  5  512  0.2489E-08
 2  256  5  512  0.4161E-08
 2  256  6  512  0.1927E-08
 2  256  6  512  0.1739E-08
 2  256  6  512  0.1741E-08
 2  256  6  512  0.1746E-08
 2  256  6  512  0.1722E-08
 2  256  6  512  0.1742E-08
 2  256  6  512  0.1752E-08
 2  256  6  512  0.1737E-08
 2  256  6  512  0.1726E-08
 2  256  6  512  0.1771E-08
 2  256  7  512  0.1538E-08
 2  256  7  512  0.1407E-08
 2  256  7  512  0.1409E-08
 2  256  7  512  0.1389E-08
 2  256  7  512  0.1403E-08
 2  256  7  512  0.1396E-08
 2  256  7  512  0.1407E-08
 2  256  7  512  0.1398E-08
 2  256  7  512  0.1417E-08
 2  256  7  512  0.1393E-08
 2  256  8  512  0.1314E-08
 2  256  8  512  0.1242E-08
 2  256  8  512  0.1229E-08
 2  256  8  512  0.1264E-08
 2  256  8  512  0.1234E-08
 2  256  8  512  0.1247E-08
 2  256  8  512  0.1219E-08
 2  256  8  512  0.1218E-08
 2  256  8  512  0.1220E-08
 2  256  8  512  0.1238E-08
 2  256  9  512  0.8877E-09
 2  256  9  512  0.8433E-09
 2  256  9  512  0.8465E-09
 2  256  9  512  0.8602E-09
 2  256  9  512  0.8490E-09
 2  256  9  512  0.8412E-09
 2  256  9  512  0.8372E-09
 2  256  9  512  0.8526E-09
 2  256  9  512  0.8389E-09
 2  256  9  512  0.8445E-09
 2  256  10  512  0.8022E-09
 2  256  10  512  0.7622E-09
 2  256  10  512  0.7625E-09
 2  256  10  512  0.7588E-09
 2  256  10  512  0.7614E-09
 2  256  10  512  0.7669E-09
 2  256  10  512  0.7674E-09
 2  256  10  512  0.7624E-09
 2  256  10  512  0.7633E-09
 2  256  10  512  0.7617E-09
 2  256  11  512  0.6838E-09
 2  256  11  512  0.6722E-09
 2  256  11  512  0.6669E-09
 2  256  11  512  0.6751E-09
 2  256  11  512  0.6697E-09
 2  256  11  512  0.6655E-09
 2  256  11  512  0.6625E-09
 2  256  11  512  0.6652E-09
 2  256  11  512  0.6709E-09
 2  256  11  512  0.6664E-09
 2  256  12  512  0.6016E-09
 2  256  12  512  0.5878E-09
 2  256  12  512  0.5867E-09
 2  256  12  512  0.5870E-09
 2  256  12  512  0.5921E-09
 2  256  12  512  0.5888E-09
 2  256  12  512  0.5853E-09
 2  256  12  512  0.5892E-09
 2  256  12  512  0.5886E-09
 2  256  12  512  0.5850E-09
 2  256  13  512  0.5649E-09
 2  256  13  512  0.5550E-09
 2  256  13  512  0.5541E-09
 2  256  13  512  0.5623E-09
 2  256  13  512  0.5574E-09
 2  256  13  512  0.5555E-09
 2  256  13  512  0.5534E-09
 2  256  13  512  0.5575E-09
 2  256  13  512  0.5604E-09
 2  256  13  512  0.5578E-09
 2  256  14  512  0.5306E-09
 2  256  14  512  0.5183E-09
 2  256  14  512  0.5179E-09
 2  256  14  512  0.5167E-09
 2  256  14  512  0.5142E-09
 2  256  14  512  0.5178E-09
 2  256  14  512  0.5152E-09
 2  256  14  512  0.5189E-09
 2  256  14  512  0.5171E-09
 2  256  14  512  0.5157E-09
 2  256  15  512  0.5205E-09
 2  256  15  512  0.5127E-09
 2  256  15  512  0.5069E-09
 2  256  15  512  0.5125E-09
 2  256  15  512  0.5094E-09
 2  256  15  512  0.5090E-09
 2  256  15  512  0.5081E-09
 2  256  15  512  0.5124E-09
 2  256  15  512  0.5097E-09
 2  256  15  512  0.5101E-09
 2  256  16  512  0.4711E-09
 2  256  16  512  0.4627E-09
 2  256  16  512  0.4639E-09
 2  256  16  512  0.4624E-09
 2  256  16  512  0.4617E-09
 2  256  16  512  0.4637E-09
 2  256  16  512  0.4611E-09
 2  256  16  512  0.4633E-09
 2  256  16  512  0.4644E-09
 2  256  16  512  0.4621E-09
 2  256  17  512  0.5098E-09
 2  256  17  512  0.5011E-09
 2  256  17  512  0.5025E-09
 2  256  17  512  0.5012E-09
 2  256  17  512  0.5153E-09
 2  256  17  512  0.5430E-09
 2  256  17  512  0.5748E-09
 2  256  17  512  0.5784E-09
 2  256  17  512  0.5667E-09
 2  256  17  512  0.5694E-09
 2  256  18  512  0.4806E-09
 2  256  18  512  0.4733E-09
 2  256  18  512  0.4731E-09
 2  256  18  512  0.4729E-09
 2  256  18  512  0.4728E-09
 2  256  18  512  0.4730E-09
 2  256  18  512  0.4740E-09
 2  256  18  512  0.4725E-09
 2  256  18  512  0.4728E-09
 2  256  18  512  0.4732E-09
 2  256  19  512  0.4859E-09
 2  256  19  512  0.4801E-09
 2  256  19  512  0.4806E-09
 2  256  19  512  0.4809E-09
 2  256  19  512  0.4800E-09
 2  256  19  512  0.4863E-09
 2  256  19  512  0.4802E-09
 2  256  19  512  0.4858E-09
 2  256  19  512  0.4785E-09
 2  256  19  512  0.4811E-09
 2  256  20  512  0.4619E-09
 2  256  20  512  0.4562E-09
 2  256  20  512  0.4568E-09
 2  256  20  512  0.4548E-09
 2  256  20  512  0.4556E-09
 2  256  20  512  0.4567E-09
 2  256  20  512  0.4557E-09
 2  256  20  512  0.4555E-09
 2  256  20  512  0.4560E-09
 2  256  20  512  0.4562E-09
