 2  128  3  256  0.8267E-07
 2  128  3  256  0.4079E-07
 2  128  3  256  0.3646E-07
 2  128  3  256  0.3477E-07
 2  128  3  256  0.3641E-07
 2  128  3  256  0.3569E-07
 2  128  3  256  0.3483E-07
 2  128  3  256  0.3439E-07
 2  128  3  256  0.3338E-07
 2  128  3  256  0.4822E-07
 2  128  4  256  0.2779E-07
 2  128  4  256  0.1736E-07
 2  128  4  256  0.1562E-07
 2  128  4  256  0.1577E-07
 2  128  4  256  0.1571E-07
 2  128  4  256  0.1632E-07
 2  128  4  256  0.1569E-07
 2  128  4  256  0.1548E-07
 2  128  4  256  0.1506E-07
 2  128  4  256  0.1554E-07
 2  128  5  256  0.1820E-07
 2  128  5  256  0.1007E-07
 2  128  5  256  0.9574E-08
 2  128  5  256  0.9147E-08
 2  128  5  256  0.8635E-08
 2  128  5  256  0.8980E-08
 2  128  5  256  0.8896E-08
 2  128  5  256  0.9105E-08
 2  128  5  256  0.8449E-08
 2  128  5  256  0.9062E-08
 2  128  6  256  0.3292E-08
 2  128  6  256  0.3193E-08
 2  128  6  256  0.3192E-08
 2  128  6  256  0.3205E-08
 2  128  6  256  0.3234E-08
 2  128  6  256  0.3205E-08
 2  128  6  256  0.3201E-08
 2  128  6  256  0.3175E-08
 2  128  6  256  0.3204E-08
 2  128  6  256  0.3222E-08
 2  128  7  256  0.2551E-08
 2  128  7  256  0.2469E-08
 2  128  7  256  0.2457E-08
 2  128  7  256  0.2441E-08
 2  128  7  256  0.2461E-08
 2  128  7  256  0.2441E-08
 2  128  7  256  0.2463E-08
 2  128  7  256  0.2463E-08
 2  128  7  256  0.2454E-08
 2  128  7  256  0.2443E-08
 2  128  8  256  0.1740E-08
 2  128  8  256  0.1746E-08
 2  128  8  256  0.1733E-08
 2  128  8  256  0.1728E-08
 2  128  8  256  0.1755E-08
 2  128  8  256  0.1728E-08
 2  128  8  256  0.1738E-08
 2  128  8  256  0.1739E-08
 2  128  8  256  0.1727E-08
 2  128  8  256  0.1727E-08
 2  128  9  256  0.1897E-08
 2  128  9  256  0.1890E-08
 2  128  9  256  0.1872E-08
 2  128  9  256  0.1880E-08
 2  128  9  256  0.1889E-08
 2  128  9  256  0.1882E-08
 2  128  9  256  0.1871E-08
 2  128  9  256  0.1864E-08
 2  128  9  256  0.1862E-08
 2  128  9  256  0.1876E-08
 2  128  10  256  0.1753E-08
 2  128  10  256  0.1764E-08
 2  128  10  256  0.1736E-08
 2  128  10  256  0.1731E-08
 2  128  10  256  0.1733E-08
 2  128  10  256  0.1733E-08
 2  128  10  256  0.1736E-08
 2  128  10  256  0.1726E-08
 2  128  10  256  0.1739E-08
 2  128  10  256  0.1730E-08
 2  128  11  256  0.1353E-08
 2  128  11  256  0.1328E-08
 2  128  11  256  0.1340E-08
 2  128  11  256  0.1344E-08
 2  128  11  256  0.1339E-08
 2  128  11  256  0.1333E-08
 2  128  11  256  0.1337E-08
 2  128  11  256  0.1333E-08
 2  128  11  256  0.1327E-08
 2  128  11  256  0.1328E-08
 2  128  12  256  0.1149E-08
 2  128  12  256  0.1132E-08
 2  128  12  256  0.1132E-08
 2  128  12  256  0.1137E-08
 2  128  12  256  0.1136E-08
 2  128  12  256  0.1135E-08
 2  128  12  256  0.1168E-08
 2  128  12  256  0.1141E-08
 2  128  12  256  0.1136E-08
 2  128  12  256  0.1138E-08
 2  128  13  256  0.1080E-08
 2  128  13  256  0.1070E-08
 2  128  13  256  0.1072E-08
 2  128  13  256  0.1066E-08
 2  128  13  256  0.1067E-08
 2  128  13  256  0.1072E-08
 2  128  13  256  0.1074E-08
 2  128  13  256  0.1071E-08
 2  128  13  256  0.1067E-08
 2  128  13  256  0.1067E-08
 2  128  14  256  0.9629E-09
 2  128  14  256  0.9537E-09
 2  128  14  256  0.9525E-09
 2  128  14  256  0.9523E-09
 2  128  14  256  0.9508E-09
 2  128  14  256  0.9497E-09
 2  128  14  256  0.9538E-09
 2  128  14  256  0.9514E-09
 2  128  14  256  0.9529E-09
 2  128  14  256  0.9494E-09
 2  128  15  256  0.9405E-09
 2  128  15  256  0.9335E-09
 2  128  15  256  0.9328E-09
 2  128  15  256  0.9327E-09
 2  128  15  256  0.9366E-09
 2  128  15  256  0.9333E-09
 2  128  15  256  0.9313E-09
 2  128  15  256  0.9367E-09
 2  128  15  256  0.9338E-09
 2  128  15  256  0.9370E-09
 2  128  16  256  0.8875E-09
 2  128  16  256  0.8831E-09
 2  128  16  256  0.8835E-09
 2  128  16  256  0.8808E-09
 2  128  16  256  0.8800E-09
 2  128  16  256  0.8824E-09
 2  128  16  256  0.8813E-09
 2  128  16  256  0.8790E-09
 2  128  16  256  0.8817E-09
 2  128  16  256  0.8822E-09
 2  128  17  256  0.9482E-09
 2  128  17  256  0.9420E-09
 2  128  17  256  0.9408E-09
 2  128  17  256  0.9426E-09
 2  128  17  256  0.9407E-09
 2  128  17  256  0.9407E-09
 2  128  17  256  0.9415E-09
 2  128  17  256  0.9454E-09
 2  128  17  256  0.9409E-09
 2  128  17  256  0.9446E-09
 2  128  18  256  0.9077E-09
 2  128  18  256  0.9011E-09
 2  128  18  256  0.9013E-09
 2  128  18  256  0.9017E-09
 2  128  18  256  0.9009E-09
 2  128  18  256  0.9017E-09
 2  128  18  256  0.9015E-09
 2  128  18  256  0.9013E-09
 2  128  18  256  0.9015E-09
 2  128  18  256  0.9010E-09
 2  128  19  256  0.9326E-09
 2  128  19  256  0.9287E-09
 2  128  19  256  0.9413E-09
 2  128  19  256  0.9295E-09
 2  128  19  256  0.9285E-09
 2  128  19  256  0.9307E-09
 2  128  19  256  0.9421E-09
 2  128  19  256  0.9295E-09
 2  128  19  256  0.9290E-09
 2  128  19  256  0.9301E-09
 2  128  20  256  0.8867E-09
 2  128  20  256  0.8969E-09
 2  128  20  256  0.8834E-09
 2  128  20  256  0.8830E-09
 2  128  20  256  0.8831E-09
 2  128  20  256  0.8849E-09
 2  128  20  256  0.8848E-09
 2  128  20  256  0.8837E-09
 2  128  20  256  0.8839E-09
 2  128  20  256  0.8838E-09
