 2  8192  3  16384  0.5655E-09
 2  8192  3  16384  0.5610E-09
 2  8192  3  16384  0.5608E-09
 2  8192  3  16384  0.5608E-09
 2  8192  3  16384  0.5507E-09
 2  8192  3  16384  0.5941E-09
 2  8192  3  16384  0.6052E-09
 2  8192  3  16384  0.5997E-09
 2  8192  3  16384  0.5897E-09
 2  8192  3  16384  0.5965E-09
 2  8192  4  16384  0.2394E-09
 2  8192  4  16384  0.2362E-09
 2  8192  4  16384  0.2465E-09
 2  8192  4  16384  0.2358E-09
 2  8192  4  16384  0.2373E-09
 2  8192  4  16384  0.2338E-09
 2  8192  4  16384  0.2411E-09
 2  8192  4  16384  0.2382E-09
 2  8192  4  16384  0.2428E-09
 2  8192  4  16384  0.2361E-09
 2  8192  5  16384  0.1438E-09
 2  8192  5  16384  0.1274E-09
 2  8192  5  16384  0.1287E-09
 2  8192  5  16384  0.1272E-09
 2  8192  5  16384  0.1250E-09
 2  8192  5  16384  0.1282E-09
 2  8192  5  16384  0.1290E-09
 2  8192  5  16384  0.1339E-09
 2  8192  5  16384  0.1392E-09
 2  8192  5  16384  0.1371E-09
 2  8192  6  16384  0.7454E-10
 2  8192  6  16384  0.7528E-10
 2  8192  6  16384  0.7132E-10
 2  8192  6  16384  0.7067E-10
 2  8192  6  16384  0.7260E-10
 2  8192  6  16384  0.7347E-10
 2  8192  6  16384  0.7428E-10
 2  8192  6  16384  0.7851E-10
 2  8192  6  16384  0.7920E-10
 2  8192  6  16384  0.7992E-10
 2  8192  7  16384  0.4900E-10
 2  8192  7  16384  0.4947E-10
 2  8192  7  16384  0.5101E-10
 2  8192  7  16384  0.5371E-10
 2  8192  7  16384  0.5332E-10
 2  8192  7  16384  0.5528E-10
 2  8192  7  16384  0.5529E-10
 2  8192  7  16384  0.5491E-10
 2  8192  7  16384  0.5122E-10
 2  8192  7  16384  0.4970E-10
 2  8192  8  16384  0.3820E-10
 2  8192  8  16384  0.3581E-10
 2  8192  8  16384  0.3556E-10
 2  8192  8  16384  0.3511E-10
 2  8192  8  16384  0.3720E-10
 2  8192  8  16384  0.3981E-10
 2  8192  8  16384  0.4071E-10
 2  8192  8  16384  0.4199E-10
 2  8192  8  16384  0.4057E-10
 2  8192  8  16384  0.3737E-10
 2  8192  9  16384  0.3351E-10
 2  8192  9  16384  0.3487E-10
 2  8192  9  16384  0.3583E-10
 2  8192  9  16384  0.3467E-10
 2  8192  9  16384  0.3323E-10
 2  8192  9  16384  0.3266E-10
 2  8192  9  16384  0.3252E-10
 2  8192  9  16384  0.3246E-10
 2  8192  9  16384  0.3274E-10
 2  8192  9  16384  0.3318E-10
 2  8192  10  16384  0.3093E-10
 2  8192  10  16384  0.3144E-10
 2  8192  10  16384  0.3256E-10
 2  8192  10  16384  0.3112E-10
 2  8192  10  16384  0.2995E-10
 2  8192  10  16384  0.2923E-10
 2  8192  10  16384  0.2911E-10
 2  8192  10  16384  0.3001E-10
 2  8192  10  16384  0.3220E-10
 2  8192  10  16384  0.3272E-10
 2  8192  11  16384  0.2809E-10
 2  8192  11  16384  0.2783E-10
 2  8192  11  16384  0.2780E-10
 2  8192  11  16384  0.2834E-10
 2  8192  11  16384  0.2811E-10
 2  8192  11  16384  0.2796E-10
 2  8192  11  16384  0.2801E-10
 2  8192  11  16384  0.2797E-10
 2  8192  11  16384  0.2853E-10
 2  8192  11  16384  0.2880E-10
 2  8192  12  16384  0.2289E-10
 2  8192  12  16384  0.2222E-10
 2  8192  12  16384  0.2353E-10
 2  8192  12  16384  0.2437E-10
 2  8192  12  16384  0.2377E-10
 2  8192  12  16384  0.2301E-10
 2  8192  12  16384  0.2235E-10
 2  8192  12  16384  0.2338E-10
 2  8192  12  16384  0.2476E-10
 2  8192  12  16384  0.2362E-10
 2  8192  13  16384  0.2093E-10
 2  8192  13  16384  0.2071E-10
 2  8192  13  16384  0.2111E-10
 2  8192  13  16384  0.2141E-10
 2  8192  13  16384  0.2070E-10
 2  8192  13  16384  0.2044E-10
 2  8192  13  16384  0.2111E-10
 2  8192  13  16384  0.2160E-10
 2  8192  13  16384  0.2093E-10
 2  8192  13  16384  0.2057E-10
 2  8192  14  16384  0.1844E-10
 2  8192  14  16384  0.1778E-10
 2  8192  14  16384  0.1774E-10
 2  8192  14  16384  0.1804E-10
 2  8192  14  16384  0.1828E-10
 2  8192  14  16384  0.1796E-10
 2  8192  14  16384  0.1790E-10
 2  8192  14  16384  0.1802E-10
 2  8192  14  16384  0.1823E-10
 2  8192  14  16384  0.1807E-10
 2  8192  15  16384  0.1701E-10
 2  8192  15  16384  0.1726E-10
 2  8192  15  16384  0.1710E-10
 2  8192  15  16384  0.1699E-10
 2  8192  15  16384  0.1708E-10
 2  8192  15  16384  0.1724E-10
 2  8192  15  16384  0.1729E-10
 2  8192  15  16384  0.1698E-10
 2  8192  15  16384  0.1732E-10
 2  8192  15  16384  0.1725E-10
 2  8192  16  16384  0.1561E-10
 2  8192  16  16384  0.1547E-10
 2  8192  16  16384  0.1495E-10
 2  8192  16  16384  0.1531E-10
 2  8192  16  16384  0.1564E-10
 2  8192  16  16384  0.1513E-10
 2  8192  16  16384  0.1510E-10
 2  8192  16  16384  0.1559E-10
 2  8192  16  16384  0.1499E-10
 2  8192  16  16384  0.1490E-10
 2  8192  17  16384  0.1616E-10
 2  8192  17  16384  0.1613E-10
 2  8192  17  16384  0.1604E-10
 2  8192  17  16384  0.1620E-10
 2  8192  17  16384  0.1596E-10
 2  8192  17  16384  0.1608E-10
 2  8192  17  16384  0.1627E-10
 2  8192  17  16384  0.1607E-10
 2  8192  17  16384  0.1617E-10
 2  8192  17  16384  0.1615E-10
 2  8192  18  16384  0.1536E-10
 2  8192  18  16384  0.1519E-10
 2  8192  18  16384  0.1541E-10
 2  8192  18  16384  0.1516E-10
 2  8192  18  16384  0.1551E-10
 2  8192  18  16384  0.1513E-10
 2  8192  18  16384  0.1551E-10
 2  8192  18  16384  0.1528E-10
 2  8192  18  16384  0.1513E-10
 2  8192  18  16384  0.1548E-10
 2  8192  19  16384  0.1563E-10
 2  8192  19  16384  0.1526E-10
 2  8192  19  16384  0.1540E-10
 2  8192  19  16384  0.1533E-10
 2  8192  19  16384  0.1547E-10
 2  8192  19  16384  0.1544E-10
 2  8192  19  16384  0.1543E-10
 2  8192  19  16384  0.1545E-10
 2  8192  19  16384  0.1535E-10
 2  8192  19  16384  0.1549E-10
 2  8192  20  16384  0.1469E-10
 2  8192  20  16384  0.1477E-10
 2  8192  20  16384  0.1464E-10
 2  8192  20  16384  0.1482E-10
 2  8192  20  16384  0.1478E-10
 2  8192  20  16384  0.1472E-10
 2  8192  20  16384  0.1480E-10
 2  8192  20  16384  0.1468E-10
 2  8192  20  16384  0.1486E-10
 2  8192  20  16384  0.1475E-10
