 2  16  3  32  0.5036E-07
 2  16  3  32  0.4877E-07
 2  16  3  32  0.4846E-07
 2  16  3  32  0.4824E-07
 2  16  3  32  0.4819E-07
 2  16  3  32  0.4863E-07
 2  16  3  32  0.4818E-07
 2  16  3  32  0.4811E-07
 2  16  3  32  0.4785E-07
 2  16  3  32  0.4821E-07
 2  16  4  32  0.2422E-07
 2  16  4  32  0.2347E-07
 2  16  4  32  0.2306E-07
 2  16  4  32  0.2279E-07
 2  16  4  32  0.2289E-07
 2  16  4  32  0.2280E-07
 2  16  4  32  0.2289E-07
 2  16  4  32  0.2284E-07
 2  16  4  32  0.2280E-07
 2  16  4  32  0.2319E-07
 2  16  5  32  0.1497E-07
 2  16  5  32  0.1428E-07
 2  16  5  32  0.1417E-07
 2  16  5  32  0.1433E-07
 2  16  5  32  0.1415E-07
 2  16  5  32  0.1410E-07
 2  16  5  32  0.1408E-07
 2  16  5  32  0.1409E-07
 2  16  5  32  0.1408E-07
 2  16  5  32  0.1409E-07
 2  16  6  32  0.1015E-07
 2  16  6  32  0.9635E-08
 2  16  6  32  0.9679E-08
 2  16  6  32  0.9501E-08
 2  16  6  32  0.9472E-08
 2  16  6  32  0.9454E-08
 2  16  6  32  0.9473E-08
 2  16  6  32  0.9506E-08
 2  16  6  32  0.9480E-08
 2  16  6  32  0.9443E-08
 2  16  7  32  0.8116E-08
 2  16  7  32  0.7661E-08
 2  16  7  32  0.7583E-08
 2  16  7  32  0.7578E-08
 2  16  7  32  0.7567E-08
 2  16  7  32  0.7610E-08
 2  16  7  32  0.7560E-08
 2  16  7  32  0.7551E-08
 2  16  7  32  0.7562E-08
 2  16  7  32  0.7554E-08
 2  16  8  32  0.6353E-08
 2  16  8  32  0.6023E-08
 2  16  8  32  0.5995E-08
 2  16  8  32  0.5966E-08
 2  16  8  32  0.5969E-08
 2  16  8  32  0.6036E-08
 2  16  8  32  0.5969E-08
 2  16  8  32  0.5966E-08
 2  16  8  32  0.5949E-08
 2  16  8  32  0.5993E-08
 2  16  9  32  0.6882E-08
 2  16  9  32  0.6586E-08
 2  16  9  32  0.6581E-08
 2  16  9  32  0.6591E-08
 2  16  9  32  0.6589E-08
 2  16  9  32  0.6582E-08
 2  16  9  32  0.6571E-08
 2  16  9  32  0.6567E-08
 2  16  9  32  0.6545E-08
 2  16  9  32  0.6576E-08
 2  16  12  32  0.6384E-08
 2  16  12  32  0.6267E-08
 2  16  12  32  0.6281E-08
 2  16  12  32  0.6292E-08
 2  16  12  32  0.6274E-08
 2  16  12  32  0.6268E-08
 2  16  12  32  0.6280E-08
 2  16  12  32  0.6269E-08
 2  16  12  32  0.6266E-08
 2  16  12  32  0.6262E-08
 2  16  13  32  0.6580E-08
 2  16  13  32  0.6511E-08
 2  16  13  32  0.6504E-08
 2  16  13  32  0.6508E-08
 2  16  13  32  0.6574E-08
 2  16  13  32  0.6511E-08
 2  16  13  32  0.6526E-08
 2  16  13  32  0.6510E-08
 2  16  13  32  0.6507E-08
 2  16  13  32  0.6503E-08
 2  16  14  32  0.6191E-08
 2  16  14  32  0.6156E-08
 2  16  14  32  0.6146E-08
 2  16  14  32  0.6143E-08
 2  16  14  32  0.6137E-08
 2  16  14  32  0.6157E-08
 2  16  14  32  0.6146E-08
 2  16  14  32  0.6170E-08
 2  16  14  32  0.6144E-08
 2  16  14  32  0.6147E-08
 2  16  15  32  0.6280E-08
 2  16  15  32  0.6242E-08
 2  16  15  32  0.6248E-08
 2  16  15  32  0.6226E-08
 2  16  15  32  0.6228E-08
 2  16  15  32  0.6227E-08
 2  16  15  32  0.6249E-08
 2  16  15  32  0.6241E-08
 2  16  15  32  0.6227E-08
 2  16  15  32  0.6231E-08
 2  16  16  32  0.6031E-08
 2  16  16  32  0.5995E-08
 2  16  16  32  0.5999E-08
 2  16  16  32  0.6005E-08
 2  16  16  32  0.6019E-08
 2  16  16  32  0.6002E-08
 2  16  16  32  0.5999E-08
 2  16  16  32  0.5996E-08
 2  16  16  32  0.6024E-08
 2  16  16  32  0.6004E-08
 2  16  17  32  0.6840E-08
 2  16  17  32  0.6818E-08
 2  16  17  32  0.6821E-08
 2  16  17  32  0.6835E-08
 2  16  17  32  0.6825E-08
 2  16  17  32  0.6820E-08
 2  16  17  32  0.6822E-08
 2  16  17  32  0.6822E-08
 2  16  17  32  0.6820E-08
 2  16  17  32  0.6830E-08
 2  16  18  32  0.6585E-08
 2  16  18  32  0.6563E-08
 2  16  18  32  0.6566E-08
 2  16  18  32  0.6570E-08
 2  16  18  32  0.6565E-08
 2  16  18  32  0.6575E-08
 2  16  18  32  0.6577E-08
 2  16  18  32  0.6569E-08
 2  16  18  32  0.6573E-08
 2  16  18  32  0.6564E-08
 2  16  19  32  0.6898E-08
 2  16  19  32  0.6882E-08
 2  16  19  32  0.6893E-08
 2  16  19  32  0.6881E-08
 2  16  19  32  0.6885E-08
 2  16  19  32  0.6882E-08
 2  16  19  32  0.6883E-08
 2  16  19  32  0.6890E-08
 2  16  19  32  0.6885E-08
 2  16  19  32  0.6888E-08
 2  16  20  32  0.6940E-08
 2  16  20  32  0.6926E-08
 2  16  20  32  0.6925E-08
 2  16  20  32  0.6925E-08
 2  16  20  32  0.6925E-08
 2  16  20  32  0.6937E-08
 2  16  20  32  0.6927E-08
 2  16  20  32  0.6927E-08
 2  16  20  32  0.6925E-08
 2  16  20  32  0.6928E-08
