 2  512  3  1024  0.1705E-07
 2  512  3  1024  0.1646E-07
 2  512  3  1024  0.1633E-07
 2  512  3  1024  0.1620E-07
 2  512  3  1024  0.1622E-07
 2  512  3  1024  0.1651E-07
 2  512  3  1024  0.1638E-07
 2  512  3  1024  0.1622E-07
 2  512  3  1024  0.1623E-07
 2  512  3  1024  0.1646E-07
 2  512  4  1024  0.7382E-08
 2  512  4  1024  0.6915E-08
 2  512  4  1024  0.6816E-08
 2  512  4  1024  0.6894E-08
 2  512  4  1024  0.6749E-08
 2  512  4  1024  0.6779E-08
 2  512  4  1024  0.6772E-08
 2  512  4  1024  0.6881E-08
 2  512  4  1024  0.6868E-08
 2  512  4  1024  0.6761E-08
 2  512  5  1024  0.3971E-08
 2  512  5  1024  0.3673E-08
 2  512  5  1024  0.3641E-08
 2  512  5  1024  0.3624E-08
 2  512  5  1024  0.3695E-08
 2  512  5  1024  0.3566E-08
 2  512  5  1024  0.3617E-08
 2  512  5  1024  0.3638E-08
 2  512  5  1024  0.3625E-08
 2  512  5  1024  0.3642E-08
 2  512  6  1024  0.2447E-08
 2  512  6  1024  0.2243E-08
 2  512  6  1024  0.2257E-08
 2  512  6  1024  0.2257E-08
 2  512  6  1024  0.2260E-08
 2  512  6  1024  0.2234E-08
 2  512  6  1024  0.2247E-08
 2  512  6  1024  0.2223E-08
 2  512  6  1024  0.2393E-08
 2  512  6  1024  0.2231E-08
 2  512  7  1024  0.1675E-08
 2  512  7  1024  0.1537E-08
 2  512  7  1024  0.1530E-08
 2  512  7  1024  0.1535E-08
 2  512  7  1024  0.1526E-08
 2  512  7  1024  0.1531E-08
 2  512  7  1024  0.1546E-08
 2  512  7  1024  0.1530E-08
 2  512  7  1024  0.1538E-08
 2  512  7  1024  0.1516E-08
 2  512  8  1024  0.1179E-08
 2  512  8  1024  0.1118E-08
 2  512  8  1024  0.1121E-08
 2  512  8  1024  0.1107E-08
 2  512  8  1024  0.1097E-08
 2  512  8  1024  0.1098E-08
 2  512  8  1024  0.1101E-08
 2  512  8  1024  0.1104E-08
 2  512  8  1024  0.1115E-08
 2  512  8  1024  0.1109E-08
 2  512  9  1024  0.9566E-09
 2  512  9  1024  0.9180E-09
 2  512  9  1024  0.9232E-09
 2  512  9  1024  0.9089E-09
 2  512  9  1024  0.9179E-09
 2  512  9  1024  0.9079E-09
 2  512  9  1024  0.9171E-09
 2  512  9  1024  0.9148E-09
 2  512  9  1024  0.9091E-09
 2  512  9  1024  0.9090E-09
 2  512  10  1024  0.8368E-09
 2  512  10  1024  0.7875E-09
 2  512  10  1024  0.7939E-09
 2  512  10  1024  0.7987E-09
 2  512  10  1024  0.7941E-09
 2  512  10  1024  0.7908E-09
 2  512  10  1024  0.7932E-09
 2  512  10  1024  0.7969E-09
 2  512  10  1024  0.7935E-09
 2  512  10  1024  0.7889E-09
 2  512  11  1024  0.7438E-09
 2  512  11  1024  0.7095E-09
 2  512  11  1024  0.7135E-09
 2  512  11  1024  0.7173E-09
 2  512  11  1024  0.7106E-09
 2  512  11  1024  0.7099E-09
 2  512  11  1024  0.7204E-09
 2  512  11  1024  0.7120E-09
 2  512  11  1024  0.7107E-09
 2  512  11  1024  0.7120E-09
 2  512  12  1024  0.6311E-09
 2  512  12  1024  0.6119E-09
 2  512  12  1024  0.6148E-09
 2  512  12  1024  0.6135E-09
 2  512  12  1024  0.6126E-09
 2  512  12  1024  0.6139E-09
 2  512  12  1024  0.6124E-09
 2  512  12  1024  0.6132E-09
 2  512  12  1024  0.6154E-09
 2  512  12  1024  0.6104E-09
 2  512  13  1024  0.5846E-09
 2  512  13  1024  0.5691E-09
 2  512  13  1024  0.5608E-09
 2  512  13  1024  0.5735E-09
 2  512  13  1024  0.5608E-09
 2  512  13  1024  0.5646E-09
 2  512  13  1024  0.5738E-09
 2  512  13  1024  0.5612E-09
 2  512  13  1024  0.5733E-09
 2  512  13  1024  0.5645E-09
 2  512  14  1024  0.4997E-09
 2  512  14  1024  0.4829E-09
 2  512  14  1024  0.4869E-09
 2  512  14  1024  0.4884E-09
 2  512  14  1024  0.4889E-09
 2  512  14  1024  0.4867E-09
 2  512  14  1024  0.4878E-09
 2  512  14  1024  0.4875E-09
 2  512  14  1024  0.4839E-09
 2  512  14  1024  0.4896E-09
 2  512  15  1024  0.4596E-09
 2  512  15  1024  0.4455E-09
 2  512  15  1024  0.4517E-09
 2  512  15  1024  0.4484E-09
 2  512  15  1024  0.4494E-09
 2  512  15  1024  0.4475E-09
 2  512  15  1024  0.4504E-09
 2  512  15  1024  0.4487E-09
 2  512  15  1024  0.4500E-09
 2  512  15  1024  0.4497E-09
 2  512  16  1024  0.3933E-09
 2  512  16  1024  0.3868E-09
 2  512  16  1024  0.3860E-09
 2  512  16  1024  0.3861E-09
 2  512  16  1024  0.3869E-09
 2  512  16  1024  0.3863E-09
 2  512  16  1024  0.3856E-09
 2  512  16  1024  0.3857E-09
 2  512  16  1024  0.3865E-09
 2  512  16  1024  0.3861E-09
 2  512  17  1024  0.3961E-09
 2  512  17  1024  0.3937E-09
 2  512  17  1024  0.3938E-09
 2  512  17  1024  0.3934E-09
 2  512  17  1024  0.3938E-09
 2  512  17  1024  0.3911E-09
 2  512  17  1024  0.3928E-09
 2  512  17  1024  0.3912E-09
 2  512  17  1024  0.3913E-09
 2  512  17  1024  0.3923E-09
 2  512  18  1024  0.3636E-09
 2  512  18  1024  0.3598E-09
 2  512  18  1024  0.3603E-09
 2  512  18  1024  0.3606E-09
 2  512  18  1024  0.3614E-09
 2  512  18  1024  0.3612E-09
 2  512  18  1024  0.3605E-09
 2  512  18  1024  0.3605E-09
 2  512  18  1024  0.3596E-09
 2  512  18  1024  0.3617E-09
 2  512  19  1024  0.3514E-09
 2  512  19  1024  0.3473E-09
 2  512  19  1024  0.3495E-09
 2  512  19  1024  0.3472E-09
 2  512  19  1024  0.3477E-09
 2  512  19  1024  0.3473E-09
 2  512  19  1024  0.3456E-09
 2  512  19  1024  0.3472E-09
 2  512  19  1024  0.3467E-09
 2  512  19  1024  0.3477E-09
 2  512  20  1024  0.3253E-09
 2  512  20  1024  0.3246E-09
 2  512  20  1024  0.3241E-09
 2  512  20  1024  0.3235E-09
 2  512  20  1024  0.3229E-09
 2  512  20  1024  0.3232E-09
 2  512  20  1024  0.3240E-09
 2  512  20  1024  0.3249E-09
 2  512  20  1024  0.3254E-09
 2  512  20  1024  0.3244E-09
