 2  256  3  512  0.1717E-07
 2  256  3  512  0.1709E-07
 2  256  3  512  0.1732E-07
 2  256  3  512  0.1721E-07
 2  256  3  512  0.1742E-07
 2  256  4  512  0.7435E-08
 2  256  4  512  0.7438E-08
 2  256  4  512  0.7348E-08
 2  256  4  512  0.7341E-08
 2  256  4  512  0.7347E-08
 2  256  5  512  0.4093E-08
 2  256  5  512  0.4058E-08
 2  256  5  512  0.4040E-08
 2  256  5  512  0.4039E-08
 2  256  5  512  0.4059E-08
 2  256  6  512  0.2538E-08
 2  256  6  512  0.2504E-08
 2  256  6  512  0.2481E-08
 2  256  6  512  0.2496E-08
 2  256  6  512  0.2488E-08
 2  256  7  512  0.1783E-08
 2  256  7  512  0.1795E-08
 2  256  7  512  0.1775E-08
 2  256  7  512  0.1795E-08
 2  256  7  512  0.1800E-08
 2  256  8  512  0.1397E-08
 2  256  8  512  0.1400E-08
 2  256  8  512  0.1425E-08
 2  256  8  512  0.1426E-08
 2  256  8  512  0.1420E-08
 2  256  9  512  0.1257E-08
 2  256  9  512  0.1259E-08
 2  256  9  512  0.1259E-08
 2  256  9  512  0.1253E-08
 2  256  9  512  0.1261E-08
 2  256  10  512  0.1203E-08
 2  256  10  512  0.1209E-08
 2  256  10  512  0.1211E-08
 2  256  10  512  0.1215E-08
 2  256  10  512  0.1215E-08
 2  256  11  512  0.1130E-08
 2  256  11  512  0.1133E-08
 2  256  11  512  0.1127E-08
 2  256  11  512  0.1125E-08
 2  256  11  512  0.1129E-08
 2  256  12  512  0.1002E-08
 2  256  12  512  0.1003E-08
 2  256  12  512  0.9984E-09
 2  256  12  512  0.9995E-09
 2  256  12  512  0.1002E-08
 2  256  13  512  0.8974E-09
 2  256  13  512  0.8961E-09
 2  256  13  512  0.9003E-09
 2  256  13  512  0.9030E-09
 2  256  13  512  0.9003E-09
 2  256  14  512  0.8352E-09
 2  256  14  512  0.8547E-09
 2  256  14  512  0.8638E-09
 2  256  14  512  0.8656E-09
 2  256  14  512  0.8613E-09
 2  256  15  512  0.7928E-09
 2  256  15  512  0.7956E-09
 2  256  15  512  0.7809E-09
 2  256  15  512  0.7894E-09
 2  256  15  512  0.7927E-09
 2  256  16  512  0.7459E-09
 2  256  16  512  0.7306E-09
 2  256  16  512  0.6928E-09
 2  256  16  512  0.7163E-09
 2  256  16  512  0.7483E-09
 2  256  17  512  0.7456E-09
 2  256  17  512  0.7249E-09
 2  256  17  512  0.7416E-09
 2  256  17  512  0.7533E-09
 2  256  17  512  0.6976E-09
 2  256  18  512  0.6825E-09
 2  256  18  512  0.6887E-09
 2  256  18  512  0.6793E-09
 2  256  18  512  0.6631E-09
 2  256  18  512  0.6626E-09
 2  256  19  512  0.6644E-09
 2  256  19  512  0.6704E-09
 2  256  19  512  0.6765E-09
 2  256  19  512  0.6787E-09
 2  256  19  512  0.6477E-09
 2  256  20  512  0.6283E-09
 2  256  20  512  0.6421E-09
 2  256  20  512  0.6465E-09
 2  256  20  512  0.6356E-09
 2  256  20  512  0.6472E-09
