 2  512  3  1024  0.2322E-07
 2  512  3  1024  0.1160E-07
 2  512  3  1024  0.1131E-07
 2  512  3  1024  0.1096E-07
 2  512  3  1024  0.1284E-07
 2  512  3  1024  0.1028E-07
 2  512  3  1024  0.1089E-07
 2  512  3  1024  0.9379E-08
 2  512  3  1024  0.1110E-07
 2  512  3  1024  0.1092E-07
 2  512  4  1024  0.8224E-08
 2  512  4  1024  0.5538E-08
 2  512  4  1024  0.5296E-08
 2  512  4  1024  0.5122E-08
 2  512  4  1024  0.5056E-08
 2  512  4  1024  0.5529E-08
 2  512  4  1024  0.5514E-08
 2  512  4  1024  0.5284E-08
 2  512  4  1024  0.6242E-08
 2  512  4  1024  0.5254E-08
 2  512  5  1024  0.1715E-08
 2  512  5  1024  0.1707E-08
 2  512  5  1024  0.1682E-08
 2  512  5  1024  0.1689E-08
 2  512  5  1024  0.1673E-08
 2  512  5  1024  0.1688E-08
 2  512  5  1024  0.1684E-08
 2  512  5  1024  0.1690E-08
 2  512  5  1024  0.1693E-08
 2  512  5  1024  0.1662E-08
 2  512  6  1024  0.1118E-08
 2  512  6  1024  0.1092E-08
 2  512  6  1024  0.1085E-08
 2  512  6  1024  0.1099E-08
 2  512  6  1024  0.1094E-08
 2  512  6  1024  0.1096E-08
 2  512  6  1024  0.1104E-08
 2  512  6  1024  0.1135E-08
 2  512  6  1024  0.1092E-08
 2  512  6  1024  0.1086E-08
 2  512  7  1024  0.7920E-09
 2  512  7  1024  0.7861E-09
 2  512  7  1024  0.7787E-09
 2  512  7  1024  0.7829E-09
 2  512  7  1024  0.7762E-09
 2  512  7  1024  0.7832E-09
 2  512  7  1024  0.8007E-09
 2  512  7  1024  0.7906E-09
 2  512  7  1024  0.7794E-09
 2  512  7  1024  0.7830E-09
 2  512  8  1024  0.6130E-09
 2  512  8  1024  0.6004E-09
 2  512  8  1024  0.6025E-09
 2  512  8  1024  0.6046E-09
 2  512  8  1024  0.6025E-09
 2  512  8  1024  0.6172E-09
 2  512  8  1024  0.6052E-09
 2  512  8  1024  0.6085E-09
 2  512  8  1024  0.5987E-09
 2  512  8  1024  0.5999E-09
 2  512  9  1024  0.5348E-09
 2  512  9  1024  0.5371E-09
 2  512  9  1024  0.5409E-09
 2  512  9  1024  0.5349E-09
 2  512  9  1024  0.5357E-09
 2  512  9  1024  0.5361E-09
 2  512  9  1024  0.5316E-09
 2  512  9  1024  0.5338E-09
 2  512  9  1024  0.5290E-09
 2  512  9  1024  0.5331E-09
 2  512  10  1024  0.4826E-09
 2  512  10  1024  0.4756E-09
 2  512  10  1024  0.4791E-09
 2  512  10  1024  0.4778E-09
 2  512  10  1024  0.4763E-09
 2  512  10  1024  0.4807E-09
 2  512  10  1024  0.4750E-09
 2  512  10  1024  0.4811E-09
 2  512  10  1024  0.4768E-09
 2  512  10  1024  0.4782E-09
 2  512  11  1024  0.4243E-09
 2  512  11  1024  0.4238E-09
 2  512  11  1024  0.4231E-09
 2  512  11  1024  0.4220E-09
 2  512  11  1024  0.4200E-09
 2  512  11  1024  0.4225E-09
 2  512  11  1024  0.4205E-09
 2  512  11  1024  0.4245E-09
 2  512  11  1024  0.4271E-09
 2  512  11  1024  0.4251E-09
 2  512  12  1024  0.3537E-09
 2  512  12  1024  0.3540E-09
 2  512  12  1024  0.3499E-09
 2  512  12  1024  0.3532E-09
 2  512  12  1024  0.3516E-09
 2  512  12  1024  0.3513E-09
 2  512  12  1024  0.3519E-09
 2  512  12  1024  0.3532E-09
 2  512  12  1024  0.3533E-09
 2  512  12  1024  0.3498E-09
 2  512  13  1024  0.3264E-09
 2  512  13  1024  0.3188E-09
 2  512  13  1024  0.3179E-09
 2  512  13  1024  0.3167E-09
 2  512  13  1024  0.3240E-09
 2  512  13  1024  0.3256E-09
 2  512  13  1024  0.3199E-09
 2  512  13  1024  0.3162E-09
 2  512  13  1024  0.3180E-09
 2  512  13  1024  0.3255E-09
 2  512  14  1024  0.2820E-09
 2  512  14  1024  0.2839E-09
 2  512  14  1024  0.2806E-09
 2  512  14  1024  0.2825E-09
 2  512  14  1024  0.2809E-09
 2  512  14  1024  0.2848E-09
 2  512  14  1024  0.2821E-09
 2  512  14  1024  0.2824E-09
 2  512  14  1024  0.2815E-09
 2  512  14  1024  0.2798E-09
 2  512  15  1024  0.2736E-09
 2  512  15  1024  0.2732E-09
 2  512  15  1024  0.2705E-09
 2  512  15  1024  0.2743E-09
 2  512  15  1024  0.2725E-09
 2  512  15  1024  0.2714E-09
 2  512  15  1024  0.2704E-09
 2  512  15  1024  0.2708E-09
 2  512  15  1024  0.2721E-09
 2  512  15  1024  0.2702E-09
 2  512  16  1024  0.2464E-09
 2  512  16  1024  0.2448E-09
 2  512  16  1024  0.2457E-09
 2  512  16  1024  0.2445E-09
 2  512  16  1024  0.2472E-09
 2  512  16  1024  0.2451E-09
 2  512  16  1024  0.2458E-09
 2  512  16  1024  0.2450E-09
 2  512  16  1024  0.2449E-09
 2  512  16  1024  0.2445E-09
 2  512  17  1024  0.2617E-09
 2  512  17  1024  0.2633E-09
 2  512  17  1024  0.2622E-09
 2  512  17  1024  0.2621E-09
 2  512  17  1024  0.2622E-09
 2  512  17  1024  0.2617E-09
 2  512  17  1024  0.2627E-09
 2  512  17  1024  0.2626E-09
 2  512  17  1024  0.2628E-09
 2  512  17  1024  0.2620E-09
 2  512  18  1024  0.2441E-09
 2  512  18  1024  0.2443E-09
 2  512  18  1024  0.2441E-09
 2  512  18  1024  0.2434E-09
 2  512  18  1024  0.2451E-09
 2  512  18  1024  0.2442E-09
 2  512  18  1024  0.2453E-09
 2  512  18  1024  0.2438E-09
 2  512  18  1024  0.2444E-09
 2  512  18  1024  0.2430E-09
 2  512  19  1024  0.2496E-09
 2  512  19  1024  0.2465E-09
 2  512  19  1024  0.2497E-09
 2  512  19  1024  0.2474E-09
 2  512  19  1024  0.2468E-09
 2  512  19  1024  0.2466E-09
 2  512  19  1024  0.2496E-09
 2  512  19  1024  0.2468E-09
 2  512  19  1024  0.2459E-09
 2  512  19  1024  0.2487E-09
 2  512  20  1024  0.2403E-09
 2  512  20  1024  0.2447E-09
 2  512  20  1024  0.2450E-09
 2  512  20  1024  0.2439E-09
 2  512  20  1024  0.2448E-09
 2  512  20  1024  0.2439E-09
 2  512  20  1024  0.2448E-09
 2  512  20  1024  0.2466E-09
 2  512  20  1024  0.2442E-09
 2  512  20  1024  0.2462E-09
