 2  1  3  2  0.1477E-06
 2  1  3  2  0.1505E-06
 2  1  3  2  0.1499E-06
 2  1  3  2  0.1479E-06
 2  1  3  2  0.1507E-06
 2  1  4  2  0.1541E-06
 2  1  4  2  0.1531E-06
 2  1  4  2  0.1535E-06
 2  1  4  2  0.1528E-06
 2  1  4  2  0.1564E-06
 2  1  5  2  0.1100E-06
 2  1  5  2  0.1084E-06
 2  1  5  2  0.1084E-06
 2  1  5  2  0.1090E-06
 2  1  5  2  0.1093E-06
 2  1  6  2  0.8208E-07
 2  1  6  2  0.8173E-07
 2  1  6  2  0.8099E-07
 2  1  6  2  0.8149E-07
 2  1  6  2  0.8155E-07
 2  1  7  2  0.6967E-07
 2  1  7  2  0.6980E-07
 2  1  7  2  0.6991E-07
 2  1  7  2  0.6962E-07
 2  1  7  2  0.6961E-07
 2  1  8  2  0.6216E-07
 2  1  8  2  0.6219E-07
 2  1  8  2  0.6213E-07
 2  1  8  2  0.6223E-07
 2  1  8  2  0.6204E-07
 2  1  9  2  0.5908E-07
 2  1  9  2  0.5902E-07
 2  1  9  2  0.5912E-07
 2  1  9  2  0.5893E-07
 2  1  9  2  0.5889E-07
 2  1  10  2  0.5977E-07
 2  1  10  2  0.5964E-07
 2  1  10  2  0.5993E-07
 2  1  10  2  0.6038E-07
 2  1  10  2  0.5981E-07
 2  1  11  2  0.6090E-07
 2  1  11  2  0.6105E-07
 2  1  11  2  0.6100E-07
 2  1  11  2  0.6093E-07
 2  1  11  2  0.6082E-07
 2  1  12  2  0.5730E-07
 2  1  12  2  0.5721E-07
 2  1  12  2  0.5724E-07
 2  1  12  2  0.5713E-07
 2  1  12  2  0.5750E-07
 2  1  13  2  0.6426E-07
 2  1  13  2  0.6392E-07
 2  1  13  2  0.6396E-07
 2  1  13  2  0.6395E-07
 2  1  13  2  0.6399E-07
 2  1  14  2  0.6519E-07
 2  1  14  2  0.6515E-07
 2  1  14  2  0.6521E-07
 2  1  14  2  0.6533E-07
 2  1  14  2  0.6526E-07
 2  1  15  2  0.7262E-07
 2  1  15  2  0.7268E-07
 2  1  15  2  0.7258E-07
 2  1  15  2  0.7253E-07
 2  1  15  2  0.7253E-07
 2  1  16  2  0.7157E-07
 2  1  16  2  0.7157E-07
 2  1  16  2  0.7175E-07
 2  1  16  2  0.7159E-07
 2  1  16  2  0.7151E-07
 2  1  17  2  0.8526E-07
 2  1  17  2  0.8525E-07
 2  1  17  2  0.8533E-07
 2  1  17  2  0.8527E-07
 2  1  17  2  0.8528E-07
 2  1  18  2  0.8263E-07
 2  1  18  2  0.8260E-07
 2  1  18  2  0.8264E-07
 2  1  18  2  0.8268E-07
 2  1  18  2  0.8268E-07
 2  1  19  2  0.8444E-07
 2  1  19  2  0.8456E-07
 2  1  19  2  0.8448E-07
 2  1  19  2  0.8446E-07
 2  1  19  2  0.8450E-07
 2  1  20  2  0.8101E-07
 2  1  20  2  0.8101E-07
 2  1  20  2  0.8106E-07
 2  1  20  2  0.8095E-07
 2  1  20  2  0.8110E-07
