 2  128  3  256  0.3846E-07
 2  128  3  256  0.3656E-07
 2  128  3  256  0.3671E-07
 2  128  3  256  0.3619E-07
 2  128  3  256  0.3646E-07
 2  128  3  256  0.3618E-07
 2  128  3  256  0.3649E-07
 2  128  3  256  0.3617E-07
 2  128  3  256  0.3622E-07
 2  128  3  256  0.3631E-07
 2  128  4  256  0.1668E-07
 2  128  4  256  0.1612E-07
 2  128  4  256  0.1609E-07
 2  128  4  256  0.1601E-07
 2  128  4  256  0.1597E-07
 2  128  4  256  0.1577E-07
 2  128  4  256  0.1582E-07
 2  128  4  256  0.1600E-07
 2  128  4  256  0.1598E-07
 2  128  4  256  0.1586E-07
 2  128  5  256  0.9137E-08
 2  128  5  256  0.8610E-08
 2  128  5  256  0.8548E-08
 2  128  5  256  0.8576E-08
 2  128  5  256  0.8568E-08
 2  128  5  256  0.8550E-08
 2  128  5  256  0.8481E-08
 2  128  5  256  0.8525E-08
 2  128  5  256  0.8499E-08
 2  128  5  256  0.8483E-08
 2  128  6  256  0.5488E-08
 2  128  6  256  0.5248E-08
 2  128  6  256  0.5230E-08
 2  128  6  256  0.5234E-08
 2  128  6  256  0.5238E-08
 2  128  6  256  0.5229E-08
 2  128  6  256  0.5222E-08
 2  128  6  256  0.5218E-08
 2  128  6  256  0.5195E-08
 2  128  6  256  0.5213E-08
 2  128  7  256  0.3950E-08
 2  128  7  256  0.3732E-08
 2  128  7  256  0.3712E-08
 2  128  7  256  0.3701E-08
 2  128  7  256  0.3717E-08
 2  128  7  256  0.4233E-08
 2  128  7  256  0.3805E-08
 2  128  7  256  0.3700E-08
 2  128  7  256  0.3703E-08
 2  128  7  256  0.3684E-08
 2  128  8  256  0.2737E-08
 2  128  8  256  0.2583E-08
 2  128  8  256  0.2588E-08
 2  128  8  256  0.2566E-08
 2  128  8  256  0.2589E-08
 2  128  8  256  0.2566E-08
 2  128  8  256  0.2560E-08
 2  128  8  256  0.2554E-08
 2  128  8  256  0.2572E-08
 2  128  8  256  0.2573E-08
 2  128  9  256  0.2627E-08
 2  128  9  256  0.2484E-08
 2  128  9  256  0.2471E-08
 2  128  9  256  0.2485E-08
 2  128  9  256  0.2474E-08
 2  128  9  256  0.2478E-08
 2  128  9  256  0.2482E-08
 2  128  9  256  0.2483E-08
 2  128  9  256  0.2474E-08
 2  128  9  256  0.2535E-08
 2  128  10  256  0.2446E-08
 2  128  10  256  0.2360E-08
 2  128  10  256  0.2332E-08
 2  128  10  256  0.2331E-08
 2  128  10  256  0.2351E-08
 2  128  10  256  0.2350E-08
 2  128  10  256  0.2330E-08
 2  128  10  256  0.2336E-08
 2  128  10  256  0.2329E-08
 2  128  10  256  0.2327E-08
 2  128  11  256  0.1916E-08
 2  128  11  256  0.1840E-08
 2  128  11  256  0.1836E-08
 2  128  11  256  0.1839E-08
 2  128  11  256  0.1840E-08
 2  128  11  256  0.1846E-08
 2  128  11  256  0.1834E-08
 2  128  11  256  0.1840E-08
 2  128  11  256  0.1839E-08
 2  128  11  256  0.1842E-08
 2  128  12  256  0.1691E-08
 2  128  12  256  0.1633E-08
 2  128  12  256  0.1629E-08
 2  128  12  256  0.1631E-08
 2  128  12  256  0.1634E-08
 2  128  12  256  0.1633E-08
 2  128  12  256  0.1637E-08
 2  128  12  256  0.1623E-08
 2  128  12  256  0.1630E-08
 2  128  12  256  0.1635E-08
 2  128  13  256  0.1635E-08
 2  128  13  256  0.1595E-08
 2  128  13  256  0.1595E-08
 2  128  13  256  0.1595E-08
 2  128  13  256  0.1595E-08
 2  128  13  256  0.1597E-08
 2  128  13  256  0.1597E-08
 2  128  13  256  0.1596E-08
 2  128  13  256  0.1598E-08
 2  128  13  256  0.1597E-08
 2  128  14  256  0.1424E-08
 2  128  14  256  0.1392E-08
 2  128  14  256  0.1392E-08
 2  128  14  256  0.1397E-08
 2  128  14  256  0.1396E-08
 2  128  14  256  0.1395E-08
 2  128  14  256  0.1400E-08
 2  128  14  256  0.1398E-08
 2  128  14  256  0.1391E-08
 2  128  14  256  0.1401E-08
 2  128  15  256  0.1343E-08
 2  128  15  256  0.1321E-08
 2  128  15  256  0.1323E-08
 2  128  15  256  0.1323E-08
 2  128  15  256  0.1327E-08
 2  128  15  256  0.1329E-08
 2  128  15  256  0.1323E-08
 2  128  15  256  0.1327E-08
 2  128  15  256  0.1325E-08
 2  128  15  256  0.1323E-08
 2  128  17  256  0.1231E-08
 2  128  17  256  0.1219E-08
 2  128  17  256  0.1219E-08
 2  128  17  256  0.1218E-08
 2  128  17  256  0.1224E-08
 2  128  17  256  0.1218E-08
 2  128  17  256  0.1215E-08
 2  128  17  256  0.1217E-08
 2  128  17  256  0.1214E-08
 2  128  17  256  0.1221E-08
 2  128  18  256  0.1178E-08
 2  128  18  256  0.1167E-08
 2  128  18  256  0.1168E-08
 2  128  18  256  0.1163E-08
 2  128  18  256  0.1173E-08
 2  128  18  256  0.1163E-08
 2  128  18  256  0.1167E-08
 2  128  18  256  0.1167E-08
 2  128  18  256  0.1167E-08
 2  128  18  256  0.1164E-08
 2  128  19  256  0.1168E-08
 2  128  19  256  0.1154E-08
 2  128  19  256  0.1150E-08
 2  128  19  256  0.1157E-08
 2  128  19  256  0.1154E-08
 2  128  19  256  0.1153E-08
 2  128  19  256  0.1153E-08
 2  128  19  256  0.1150E-08
 2  128  19  256  0.1150E-08
 2  128  19  256  0.1150E-08
 2  128  20  256  0.1080E-08
 2  128  20  256  0.1069E-08
 2  128  20  256  0.1079E-08
 2  128  20  256  0.1068E-08
 2  128  20  256  0.1069E-08
 2  128  20  256  0.1068E-08
 2  128  20  256  0.1070E-08
 2  128  20  256  0.1069E-08
 2  128  20  256  0.1071E-08
 2  128  20  256  0.1070E-08
