 2  32  3  64  0.1391E-06
 2  32  3  64  0.3836E-07
 2  32  3  64  0.4319E-07
 2  32  3  64  0.4227E-07
 2  32  3  64  0.4245E-07
 2  32  3  64  0.4263E-07
 2  32  3  64  0.4898E-07
 2  32  3  64  0.4227E-07
 2  32  3  64  0.4148E-07
 2  32  3  64  0.4107E-07
 2  32  4  64  0.4329E-07
 2  32  4  64  0.2066E-07
 2  32  4  64  0.2028E-07
 2  32  4  64  0.1969E-07
 2  32  4  64  0.1506E-07
 2  32  4  64  0.1872E-07
 2  32  4  64  0.1830E-07
 2  32  4  64  0.1775E-07
 2  32  4  64  0.1610E-07
 2  32  4  64  0.1758E-07
 2  32  5  64  0.4487E-07
 2  32  5  64  0.1188E-07
 2  32  5  64  0.1195E-07
 2  32  5  64  0.1162E-07
 2  32  5  64  0.1108E-07
 2  32  5  64  0.1100E-07
 2  32  5  64  0.1096E-07
 2  32  5  64  0.1054E-07
 2  32  5  64  0.1130E-07
 2  32  5  64  0.1104E-07
 2  32  6  64  0.2792E-07
 2  32  6  64  0.9089E-08
 2  32  6  64  0.9014E-08
 2  32  6  64  0.8750E-08
 2  32  6  64  0.8756E-08
 2  32  6  64  0.8779E-08
 2  32  6  64  0.8267E-08
 2  32  6  64  0.8848E-08
 2  32  6  64  0.8485E-08
 2  32  6  64  0.8560E-08
 2  32  7  64  0.1940E-07
 2  32  7  64  0.7697E-08
 2  32  7  64  0.7244E-08
 2  32  7  64  0.7031E-08
 2  32  7  64  0.7273E-08
 2  32  7  64  0.7154E-08
 2  32  7  64  0.7002E-08
 2  32  7  64  0.7758E-08
 2  32  7  64  0.6998E-08
 2  32  7  64  0.7121E-08
 2  32  8  64  0.1546E-07
 2  32  8  64  0.5583E-08
 2  32  8  64  0.5370E-08
 2  32  8  64  0.5270E-08
 2  32  8  64  0.6003E-08
 2  32  8  64  0.5452E-08
 2  32  8  64  0.5290E-08
 2  32  8  64  0.5697E-08
 2  32  8  64  0.5503E-08
 2  32  8  64  0.5360E-08
 2  32  9  64  0.2763E-08
 2  32  9  64  0.2692E-08
 2  32  9  64  0.2677E-08
 2  32  9  64  0.2686E-08
 2  32  9  64  0.2675E-08
 2  32  9  64  0.2696E-08
 2  32  9  64  0.2672E-08
 2  32  9  64  0.2680E-08
 2  32  9  64  0.2677E-08
 2  32  9  64  0.2698E-08
 2  32  10  64  0.2944E-08
 2  32  10  64  0.2835E-08
 2  32  10  64  0.2829E-08
 2  32  10  64  0.2830E-08
 2  32  10  64  0.2847E-08
 2  32  10  64  0.2845E-08
 2  32  10  64  0.2845E-08
 2  32  10  64  0.2863E-08
 2  32  10  64  0.2844E-08
 2  32  10  64  0.2855E-08
 2  32  11  64  0.2925E-08
 2  32  11  64  0.2866E-08
 2  32  11  64  0.2871E-08
 2  32  11  64  0.2871E-08
 2  32  11  64  0.2873E-08
 2  32  11  64  0.2874E-08
 2  32  11  64  0.2896E-08
 2  32  11  64  0.2878E-08
 2  32  11  64  0.2880E-08
 2  32  11  64  0.2865E-08
 2  32  12  64  0.2574E-08
 2  32  12  64  0.2542E-08
 2  32  12  64  0.2548E-08
 2  32  12  64  0.2554E-08
 2  32  12  64  0.2550E-08
 2  32  12  64  0.2545E-08
 2  32  12  64  0.2562E-08
 2  32  12  64  0.2547E-08
 2  32  12  64  0.2546E-08
 2  32  12  64  0.2553E-08
 2  32  13  64  0.2444E-08
 2  32  13  64  0.2415E-08
 2  32  13  64  0.2423E-08
 2  32  13  64  0.2416E-08
 2  32  13  64  0.2414E-08
 2  32  13  64  0.2425E-08
 2  32  13  64  0.2412E-08
 2  32  13  64  0.2419E-08
 2  32  13  64  0.2417E-08
 2  32  13  64  0.2417E-08
 2  32  14  64  0.2281E-08
 2  32  14  64  0.2248E-08
 2  32  14  64  0.2247E-08
 2  32  14  64  0.2246E-08
 2  32  14  64  0.2259E-08
 2  32  14  64  0.2266E-08
 2  32  14  64  0.2247E-08
 2  32  14  64  0.2246E-08
 2  32  14  64  0.2254E-08
 2  32  14  64  0.2247E-08
 2  32  15  64  0.2438E-08
 2  32  15  64  0.2424E-08
 2  32  15  64  0.2419E-08
 2  32  15  64  0.2422E-08
 2  32  15  64  0.2421E-08
 2  32  15  64  0.2432E-08
 2  32  15  64  0.2420E-08
 2  32  15  64  0.2420E-08
 2  32  15  64  0.2422E-08
 2  32  15  64  0.2421E-08
 2  32  16  64  0.2337E-08
 2  32  16  64  0.2318E-08
 2  32  16  64  0.2318E-08
 2  32  16  64  0.2318E-08
 2  32  16  64  0.2323E-08
 2  32  16  64  0.2319E-08
 2  32  16  64  0.2321E-08
 2  32  16  64  0.2319E-08
 2  32  16  64  0.2316E-08
 2  32  16  64  0.2323E-08
 2  32  17  64  0.2785E-08
 2  32  17  64  0.2771E-08
 2  32  17  64  0.2769E-08
 2  32  17  64  0.2773E-08
 2  32  17  64  0.2777E-08
 2  32  17  64  0.2772E-08
 2  32  17  64  0.2774E-08
 2  32  17  64  0.2774E-08
 2  32  17  64  0.2772E-08
 2  32  17  64  0.2772E-08
 2  32  18  64  0.2721E-08
 2  32  18  64  0.2715E-08
 2  32  18  64  0.2714E-08
 2  32  18  64  0.2710E-08
 2  32  18  64  0.2714E-08
 2  32  18  64  0.2712E-08
 2  32  18  64  0.2710E-08
 2  32  18  64  0.2712E-08
 2  32  18  64  0.2713E-08
 2  32  18  64  0.2712E-08
 2  32  19  64  0.2889E-08
 2  32  19  64  0.2878E-08
 2  32  19  64  0.2880E-08
 2  32  19  64  0.2881E-08
 2  32  19  64  0.2883E-08
 2  32  19  64  0.2883E-08
 2  32  19  64  0.2882E-08
 2  32  19  64  0.2881E-08
 2  32  19  64  0.2882E-08
 2  32  19  64  0.2880E-08
 2  32  20  64  0.2805E-08
 2  32  20  64  0.2797E-08
 2  32  20  64  0.2801E-08
 2  32  20  64  0.2801E-08
 2  32  20  64  0.2797E-08
 2  32  20  64  0.2800E-08
 2  32  20  64  0.2798E-08
 2  32  20  64  0.2800E-08
 2  32  20  64  0.2799E-08
 2  32  20  64  0.2800E-08
