 2  1  3  2  0.2708E-06
 2  1  3  2  0.1913E-06
 2  1  3  2  0.1854E-06
 2  1  3  2  0.1854E-06
 2  1  3  2  0.1781E-06
 2  1  3  2  0.1854E-06
 2  1  3  2  0.1854E-06
 2  1  3  2  0.1781E-06
 2  1  3  2  0.1854E-06
 2  1  3  2  0.1854E-06
 2  1  4  2  0.1354E-06
 2  1  4  2  0.2527E-06
 2  1  4  2  0.1093E-06
 2  1  4  2  0.9872E-07
 2  1  4  2  0.1695E-06
 2  1  4  2  0.1459E-06
 2  1  4  2  0.9934E-07
 2  1  4  2  0.1695E-06
 2  1  4  2  0.1670E-06
 2  1  4  2  0.1664E-06
 2  1  5  2  0.1853E-06
 2  1  5  2  0.1532E-06
 2  1  5  2  0.1265E-06
 2  1  5  2  0.1189E-06
 2  1  5  2  0.1148E-06
 2  1  5  2  0.1119E-06
 2  1  5  2  0.1106E-06
 2  1  5  2  0.1090E-06
 2  1  5  2  0.1119E-06
 2  1  5  2  0.1176E-06
 2  1  6  2  0.1242E-06
 2  1  6  2  0.6476E-07
 2  1  6  2  0.9033E-07
 2  1  6  2  0.8941E-07
 2  1  6  2  0.7947E-07
 2  1  6  2  0.9953E-07
 2  1  6  2  0.1017E-06
 2  1  6  2  0.1003E-06
 2  1  6  2  0.1027E-06
 2  1  6  2  0.1025E-06
 2  1  7  2  0.9523E-07
 2  1  7  2  0.5827E-07
 2  1  7  2  0.8214E-07
 2  1  7  2  0.5735E-07
 2  1  7  2  0.1133E-06
 2  1  7  2  0.5885E-07
 2  1  7  2  0.7044E-07
 2  1  7  2  0.5688E-07
 2  1  7  2  0.8306E-07
 2  1  7  2  0.8109E-07
 2  1  8  2  0.5666E-07
 2  1  8  2  0.5045E-07
 2  1  8  2  0.5014E-07
 2  1  8  2  0.5208E-07
 2  1  8  2  0.5083E-07
 2  1  8  2  0.5076E-07
 2  1  8  2  0.5045E-07
 2  1  8  2  0.5014E-07
 2  1  8  2  0.5052E-07
 2  1  8  2  0.5076E-07
 2  1  9  2  0.7702E-07
 2  1  9  2  0.6814E-07
 2  1  9  2  0.7250E-07
 2  1  9  2  0.6770E-07
 2  1  9  2  0.6721E-07
 2  1  9  2  0.6585E-07
 2  1  9  2  0.6541E-07
 2  1  9  2  0.6950E-07
 2  1  9  2  0.7958E-07
 2  1  9  2  0.6764E-07
 2  1  10  2  0.9302E-07
 2  1  10  2  0.8849E-07
 2  1  10  2  0.8786E-07
 2  1  10  2  0.9100E-07
 2  1  10  2  0.9700E-07
 2  1  10  2  0.8802E-07
 2  1  10  2  0.8698E-07
 2  1  10  2  0.8853E-07
 2  1  10  2  0.8583E-07
 2  1  10  2  0.9052E-07
 2  1  11  2  0.8741E-07
 2  1  11  2  0.8165E-07
 2  1  11  2  0.8201E-07
 2  1  11  2  0.8111E-07
 2  1  11  2  0.8616E-07
 2  1  11  2  0.8440E-07
 2  1  11  2  0.8377E-07
 2  1  11  2  0.8326E-07
 2  1  11  2  0.8314E-07
 2  1  11  2  0.9079E-07
 2  1  12  2  0.7830E-07
 2  1  12  2  0.7021E-07
 2  1  12  2  0.7283E-07
 2  1  12  2  0.7090E-07
 2  1  12  2  0.7119E-07
 2  1  12  2  0.7370E-07
 2  1  12  2  0.6837E-07
 2  1  12  2  0.7069E-07
 2  1  12  2  0.7041E-07
 2  1  12  2  0.7464E-07
 2  1  13  2  0.7935E-07
 2  1  13  2  0.7450E-07
 2  1  13  2  0.7397E-07
 2  1  13  2  0.7616E-07
 2  1  13  2  0.7381E-07
 2  1  13  2  0.7412E-07
 2  1  13  2  0.7251E-07
 2  1  13  2  0.7542E-07
 2  1  13  2  0.7381E-07
 2  1  13  2  0.7200E-07
 2  1  14  2  0.7301E-07
 2  1  14  2  0.7186E-07
 2  1  14  2  0.7313E-07
 2  1  14  2  0.7028E-07
 2  1  14  2  0.7057E-07
 2  1  14  2  0.7391E-07
 2  1  14  2  0.7028E-07
 2  1  14  2  0.7041E-07
 2  1  14  2  0.7606E-07
 2  1  14  2  0.7003E-07
 2  1  15  2  0.7842E-07
 2  1  15  2  0.7872E-07
 2  1  15  2  0.7708E-07
 2  1  15  2  0.7625E-07
 2  1  15  2  0.7373E-07
 2  1  15  2  0.7640E-07
 2  1  15  2  0.7382E-07
 2  1  15  2  0.7313E-07
 2  1  15  2  0.7348E-07
 2  1  15  2  0.7432E-07
 2  1  16  2  0.8528E-07
 2  1  16  2  0.7515E-07
 2  1  16  2  0.7796E-07
 2  1  16  2  0.7519E-07
 2  1  16  2  0.7825E-07
 2  1  16  2  0.7499E-07
 2  1  16  2  0.7829E-07
 2  1  16  2  0.7467E-07
 2  1  16  2  0.7759E-07
 2  1  16  2  0.7479E-07
 2  1  17  2  0.8610E-07
 2  1  17  2  0.8399E-07
 2  1  17  2  0.8593E-07
 2  1  17  2  0.8304E-07
 2  1  17  2  0.8793E-07
 2  1  17  2  0.8942E-07
 2  1  17  2  0.8637E-07
 2  1  17  2  0.8382E-07
 2  1  17  2  0.8661E-07
 2  1  17  2  0.8596E-07
 2  1  18  2  0.8822E-07
 2  1  18  2  0.9176E-07
 2  1  18  2  0.8894E-07
 2  1  18  2  0.8962E-07
 2  1  18  2  0.8945E-07
 2  1  18  2  0.9114E-07
 2  1  18  2  0.8705E-07
 2  1  18  2  0.8804E-07
 2  1  18  2  0.8859E-07
 2  1  18  2  0.8896E-07
 2  1  19  2  0.9593E-07
 2  1  19  2  0.9447E-07
 2  1  19  2  0.9474E-07
 2  1  19  2  0.9455E-07
 2  1  19  2  0.9418E-07
 2  1  19  2  0.9430E-07
 2  1  19  2  0.9438E-07
 2  1  19  2  0.9418E-07
 2  1  19  2  0.9618E-07
 2  1  19  2  0.9452E-07
 2  1  20  2  0.9335E-07
 2  1  20  2  0.9346E-07
 2  1  20  2  0.9273E-07
 2  1  20  2  0.9277E-07
 2  1  20  2  0.9319E-07
 2  1  20  2  0.9294E-07
 2  1  20  2  0.9385E-07
 2  1  20  2  0.9287E-07
 2  1  20  2  0.9289E-07
 2  1  20  2  0.9271E-07
