 2  16384  4  32768  0.3883E-09
 2  16384  4  32768  0.3336E-09
 2  16384  4  32768  0.3356E-09
 2  16384  4  32768  0.3948E-09
 2  16384  4  32768  0.3987E-09
 2  16384  5  32768  0.2021E-09
 2  16384  5  32768  0.2103E-09
 2  16384  5  32768  0.1973E-09
 2  16384  5  32768  0.1987E-09
 2  16384  5  32768  0.2043E-09
 2  16384  7  32768  0.8703E-10
 2  16384  7  32768  0.8578E-10
 2  16384  7  32768  0.8918E-10
 2  16384  7  32768  0.8667E-10
 2  16384  7  32768  0.8704E-10
 2  16384  8  32768  0.6171E-10
 2  16384  8  32768  0.5888E-10
 2  16384  8  32768  0.5890E-10
 2  16384  8  32768  0.6067E-10
 2  16384  8  32768  0.5974E-10
 2  16384  9  32768  0.5737E-10
 2  16384  9  32768  0.5737E-10
 2  16384  9  32768  0.5802E-10
 2  16384  9  32768  0.5591E-10
 2  16384  9  32768  0.5801E-10
 2  16384  10  32768  0.4609E-10
 2  16384  10  32768  0.4753E-10
 2  16384  10  32768  0.4592E-10
 2  16384  10  32768  0.4792E-10
 2  16384  10  32768  0.4581E-10
 2  16384  11  32768  0.3923E-10
 2  16384  11  32768  0.3941E-10
 2  16384  11  32768  0.3879E-10
 2  16384  11  32768  0.3908E-10
 2  16384  11  32768  0.3836E-10
 2  16384  12  32768  0.3214E-10
 2  16384  12  32768  0.3223E-10
 2  16384  12  32768  0.3224E-10
 2  16384  12  32768  0.3193E-10
 2  16384  12  32768  0.3238E-10
 2  16384  13  32768  0.2538E-10
 2  16384  13  32768  0.2547E-10
 2  16384  13  32768  0.2500E-10
 2  16384  13  32768  0.2500E-10
 2  16384  13  32768  0.2539E-10
 2  16384  14  32768  0.2101E-10
 2  16384  14  32768  0.2091E-10
 2  16384  14  32768  0.2110E-10
 2  16384  14  32768  0.2102E-10
 2  16384  14  32768  0.2134E-10
 2  16384  15  32768  0.2053E-10
 2  16384  15  32768  0.2041E-10
 2  16384  15  32768  0.2041E-10
 2  16384  15  32768  0.2060E-10
 2  16384  15  32768  0.2047E-10
 2  16384  16  32768  0.1606E-10
 2  16384  16  32768  0.1615E-10
 2  16384  16  32768  0.1605E-10
 2  16384  16  32768  0.1617E-10
 2  16384  16  32768  0.1625E-10
 2  16384  17  32768  0.1720E-10
 2  16384  17  32768  0.1724E-10
 2  16384  17  32768  0.1720E-10
 2  16384  17  32768  0.1711E-10
 2  16384  17  32768  0.1712E-10
 2  16384  18  32768  0.1387E-10
 2  16384  18  32768  0.1411E-10
 2  16384  18  32768  0.1399E-10
 2  16384  18  32768  0.1415E-10
 2  16384  18  32768  0.1390E-10
 2  16384  19  32768  0.1459E-10
 2  16384  19  32768  0.1444E-10
 2  16384  19  32768  0.1451E-10
 2  16384  19  32768  0.1446E-10
 2  16384  19  32768  0.1442E-10
 2  16384  20  32768  0.1372E-10
 2  16384  20  32768  0.1366E-10
 2  16384  20  32768  0.1350E-10
 2  16384  20  32768  0.1358E-10
 2  16384  20  32768  0.1360E-10
