 2  4  3  8  0.3985E-07
 2  4  3  8  0.3704E-07
 2  4  3  8  0.3747E-07
 2  4  3  8  0.3742E-07
 2  4  3  8  0.3634E-07
 2  4  3  8  0.3645E-07
 2  4  3  8  0.3682E-07
 2  4  3  8  0.3639E-07
 2  4  3  8  0.3617E-07
 2  4  3  8  0.3552E-07
 2  4  4  8  0.4081E-07
 2  4  4  8  0.4072E-07
 2  4  4  8  0.4031E-07
 2  4  4  8  0.4047E-07
 2  4  4  8  0.4031E-07
 2  4  4  8  0.3981E-07
 2  4  4  8  0.4018E-07
 2  4  4  8  0.3998E-07
 2  4  4  8  0.3990E-07
 2  4  4  8  0.3980E-07
 2  4  5  8  0.4063E-07
 2  4  5  8  0.3976E-07
 2  4  5  8  0.3956E-07
 2  4  5  8  0.3958E-07
 2  4  5  8  0.3992E-07
 2  4  5  8  0.3951E-07
 2  4  5  8  0.3950E-07
 2  4  5  8  0.3946E-07
 2  4  5  8  0.3955E-07
 2  4  5  8  0.3941E-07
 2  4  6  8  0.2810E-07
 2  4  6  8  0.2720E-07
 2  4  6  8  0.2712E-07
 2  4  6  8  0.2713E-07
 2  4  6  8  0.2699E-07
 2  4  6  8  0.2700E-07
 2  4  6  8  0.2695E-07
 2  4  6  8  0.2713E-07
 2  4  6  8  0.2690E-07
 2  4  6  8  0.2706E-07
 2  4  7  8  0.2256E-07
 2  4  7  8  0.2232E-07
 2  4  7  8  0.2216E-07
 2  4  7  8  0.2248E-07
 2  4  7  8  0.2212E-07
 2  4  7  8  0.2213E-07
 2  4  7  8  0.2218E-07
 2  4  7  8  0.2218E-07
 2  4  7  8  0.2216E-07
 2  4  7  8  0.2208E-07
 2  4  8  8  0.1796E-07
 2  4  8  8  0.1752E-07
 2  4  8  8  0.1731E-07
 2  4  8  8  0.1738E-07
 2  4  8  8  0.1747E-07
 2  4  8  8  0.1723E-07
 2  4  8  8  0.1721E-07
 2  4  8  8  0.1727E-07
 2  4  8  8  0.1720E-07
 2  4  8  8  0.1742E-07
 2  4  9  8  0.1919E-07
 2  4  9  8  0.1858E-07
 2  4  9  8  0.1855E-07
 2  4  9  8  0.1854E-07
 2  4  9  8  0.1863E-07
 2  4  9  8  0.1863E-07
 2  4  9  8  0.1853E-07
 2  4  9  8  0.1852E-07
 2  4  9  8  0.1852E-07
 2  4  9  8  0.1860E-07
 2  4  10  8  0.2059E-07
 2  4  10  8  0.1994E-07
 2  4  10  8  0.1995E-07
 2  4  10  8  0.1999E-07
 2  4  10  8  0.1994E-07
 2  4  10  8  0.1993E-07
 2  4  10  8  0.1996E-07
 2  4  10  8  0.1994E-07
 2  4  10  8  0.2000E-07
 2  4  10  8  0.1988E-07
 2  4  11  8  0.2304E-07
 2  4  11  8  0.2264E-07
 2  4  11  8  0.2270E-07
 2  4  11  8  0.2260E-07
 2  4  11  8  0.2265E-07
 2  4  11  8  0.2263E-07
 2  4  11  8  0.2259E-07
 2  4  11  8  0.2262E-07
 2  4  11  8  0.2263E-07
 2  4  11  8  0.2265E-07
 2  4  12  8  0.2204E-07
 2  4  12  8  0.2173E-07
 2  4  12  8  0.2171E-07
 2  4  12  8  0.2169E-07
 2  4  12  8  0.2172E-07
 2  4  12  8  0.2171E-07
 2  4  12  8  0.2173E-07
 2  4  12  8  0.2175E-07
 2  4  12  8  0.2177E-07
 2  4  12  8  0.2169E-07
 2  4  13  8  0.2426E-07
 2  4  13  8  0.2402E-07
 2  4  13  8  0.2404E-07
 2  4  13  8  0.2407E-07
 2  4  13  8  0.2404E-07
 2  4  13  8  0.2404E-07
 2  4  13  8  0.2407E-07
 2  4  13  8  0.2402E-07
 2  4  13  8  0.2407E-07
 2  4  13  8  0.2402E-07
 2  4  14  8  0.2243E-07
 2  4  14  8  0.2232E-07
 2  4  14  8  0.2234E-07
 2  4  14  8  0.2233E-07
 2  4  14  8  0.2231E-07
 2  4  14  8  0.2232E-07
 2  4  14  8  0.2232E-07
 2  4  14  8  0.2232E-07
 2  4  14  8  0.2234E-07
 2  4  14  8  0.2234E-07
 2  4  15  8  0.2300E-07
 2  4  15  8  0.2294E-07
 2  4  15  8  0.2291E-07
 2  4  15  8  0.2292E-07
 2  4  15  8  0.2294E-07
 2  4  15  8  0.2291E-07
 2  4  15  8  0.2292E-07
 2  4  15  8  0.2290E-07
 2  4  15  8  0.2292E-07
 2  4  15  8  0.2291E-07
 2  4  16  8  0.2225E-07
 2  4  16  8  0.2223E-07
 2  4  16  8  0.2222E-07
 2  4  16  8  0.2222E-07
 2  4  16  8  0.2220E-07
 2  4  16  8  0.2225E-07
 2  4  16  8  0.2225E-07
 2  4  16  8  0.2221E-07
 2  4  16  8  0.2223E-07
 2  4  16  8  0.2221E-07
 2  4  17  8  0.2552E-07
 2  4  17  8  0.2548E-07
 2  4  17  8  0.2551E-07
 2  4  17  8  0.2548E-07
 2  4  17  8  0.2549E-07
 2  4  17  8  0.2546E-07
 2  4  17  8  0.2553E-07
 2  4  17  8  0.2546E-07
 2  4  17  8  0.2550E-07
 2  4  17  8  0.2552E-07
 2  4  18  8  0.2485E-07
 2  4  18  8  0.2477E-07
 2  4  18  8  0.2481E-07
 2  4  18  8  0.2479E-07
 2  4  18  8  0.2478E-07
 2  4  18  8  0.2478E-07
 2  4  18  8  0.2479E-07
 2  4  18  8  0.2477E-07
 2  4  18  8  0.2478E-07
 2  4  18  8  0.2479E-07
 2  4  19  8  0.2618E-07
 2  4  19  8  0.2617E-07
 2  4  19  8  0.2614E-07
 2  4  19  8  0.2617E-07
 2  4  19  8  0.2615E-07
 2  4  19  8  0.2617E-07
 2  4  19  8  0.2615E-07
 2  4  19  8  0.2614E-07
 2  4  19  8  0.2616E-07
 2  4  19  8  0.2615E-07
 2  4  20  8  0.2649E-07
 2  4  20  8  0.2648E-07
 2  4  20  8  0.2646E-07
 2  4  20  8  0.2646E-07
 2  4  20  8  0.2646E-07
 2  4  20  8  0.2647E-07
 2  4  20  8  0.2646E-07
 2  4  20  8  0.2648E-07
 2  4  20  8  0.2646E-07
 2  4  20  8  0.2646E-07
