 2  64  3  128  0.2130E-07
 2  64  3  128  0.1980E-07
 2  64  3  128  0.5622E-07
 2  64  3  128  0.5673E-07
 2  64  3  128  0.5266E-07
 2  64  3  128  0.5478E-07
 2  64  3  128  0.4919E-07
 2  64  3  128  0.4958E-07
 2  64  3  128  0.4822E-07
 2  64  3  128  0.5188E-07
 2  64  4  128  0.1050E-07
 2  64  4  128  0.9227E-08
 2  64  4  128  0.9192E-08
 2  64  4  128  0.9356E-08
 2  64  4  128  0.2279E-07
 2  64  4  128  0.2352E-07
 2  64  4  128  0.2250E-07
 2  64  4  128  0.2279E-07
 2  64  4  128  0.2205E-07
 2  64  4  128  0.2295E-07
 2  64  5  128  0.6270E-08
 2  64  5  128  0.5844E-08
 2  64  5  128  0.5688E-08
 2  64  5  128  0.5748E-08
 2  64  5  128  0.5739E-08
 2  64  5  128  0.5767E-08
 2  64  5  128  0.1383E-07
 2  64  5  128  0.1346E-07
 2  64  5  128  0.1340E-07
 2  64  5  128  0.1510E-07
 2  64  6  128  0.4597E-08
 2  64  6  128  0.4049E-08
 2  64  6  128  0.3996E-08
 2  64  6  128  0.4015E-08
 2  64  6  128  0.3995E-08
 2  64  6  128  0.3995E-08
 2  64  6  128  0.3982E-08
 2  64  6  128  0.3990E-08
 2  64  6  128  0.4151E-08
 2  64  6  128  0.9259E-08
 2  64  7  128  0.3696E-08
 2  64  7  128  0.3333E-08
 2  64  7  128  0.3293E-08
 2  64  7  128  0.3371E-08
 2  64  7  128  0.3303E-08
 2  64  7  128  0.3292E-08
 2  64  7  128  0.3285E-08
 2  64  7  128  0.3292E-08
 2  64  7  128  0.3315E-08
 2  64  7  128  0.3275E-08
 2  64  8  128  0.3317E-08
 2  64  8  128  0.3036E-08
 2  64  8  128  0.2983E-08
 2  64  8  128  0.2995E-08
 2  64  8  128  0.2995E-08
 2  64  8  128  0.2981E-08
 2  64  8  128  0.2975E-08
 2  64  8  128  0.2983E-08
 2  64  8  128  0.2982E-08
 2  64  8  128  0.2972E-08
 2  64  9  128  0.3273E-08
 2  64  9  128  0.3093E-08
 2  64  9  128  0.3068E-08
 2  64  9  128  0.3070E-08
 2  64  9  128  0.3073E-08
 2  64  9  128  0.3047E-08
 2  64  9  128  0.3056E-08
 2  64  9  128  0.3043E-08
 2  64  9  128  0.3060E-08
 2  64  9  128  0.3064E-08
 2  64  10  128  0.3039E-08
 2  64  10  128  0.2915E-08
 2  64  10  128  0.2902E-08
 2  64  10  128  0.2895E-08
 2  64  10  128  0.2884E-08
 2  64  10  128  0.2911E-08
 2  64  10  128  0.2890E-08
 2  64  10  128  0.2893E-08
 2  64  10  128  0.2899E-08
 2  64  10  128  0.2887E-08
 2  64  11  128  0.2839E-08
 2  64  11  128  0.2733E-08
 2  64  11  128  0.2732E-08
 2  64  11  128  0.2732E-08
 2  64  11  128  0.2742E-08
 2  64  11  128  0.2743E-08
 2  64  11  128  0.2739E-08
 2  64  11  128  0.2735E-08
 2  64  11  128  0.2726E-08
 2  64  11  128  0.2739E-08
 2  64  12  128  0.2507E-08
 2  64  12  128  0.2421E-08
 2  64  12  128  0.2431E-08
 2  64  12  128  0.2421E-08
 2  64  12  128  0.2420E-08
 2  64  12  128  0.2419E-08
 2  64  12  128  0.2423E-08
 2  64  12  128  0.2432E-08
 2  64  12  128  0.2420E-08
 2  64  12  128  0.2420E-08
 2  64  12  128  0.2525E-08
 2  64  12  128  0.2425E-08
 2  64  12  128  0.2422E-08
 2  64  12  128  0.2432E-08
 2  64  12  128  0.2431E-08
 2  64  12  128  0.2433E-08
 2  64  12  128  0.2434E-08
 2  64  12  128  0.2430E-08
 2  64  12  128  0.2426E-08
 2  64  12  128  0.2425E-08
 2  64  13  128  0.1743E-08
 2  64  13  128  0.1714E-08
 2  64  13  128  0.1710E-08
 2  64  13  128  0.1703E-08
 2  64  13  128  0.1709E-08
 2  64  13  128  0.1712E-08
 2  64  13  128  0.1716E-08
 2  64  13  128  0.1716E-08
 2  64  13  128  0.1710E-08
 2  64  13  128  0.1711E-08
 2  64  14  128  0.1675E-08
 2  64  14  128  0.1635E-08
 2  64  14  128  0.1625E-08
 2  64  14  128  0.1628E-08
 2  64  14  128  0.1628E-08
 2  64  14  128  0.1623E-08
 2  64  14  128  0.1623E-08
 2  64  14  128  0.1633E-08
 2  64  14  128  0.1624E-08
 2  64  14  128  0.1626E-08
 2  64  15  128  0.1686E-08
 2  64  15  128  0.1669E-08
 2  64  15  128  0.1661E-08
 2  64  15  128  0.1659E-08
 2  64  15  128  0.1656E-08
 2  64  15  128  0.1659E-08
 2  64  15  128  0.1657E-08
 2  64  15  128  0.1657E-08
 2  64  15  128  0.1659E-08
 2  64  15  128  0.1658E-08
 2  64  16  128  0.1608E-08
 2  64  16  128  0.1575E-08
 2  64  16  128  0.1570E-08
 2  64  16  128  0.1566E-08
 2  64  16  128  0.1566E-08
 2  64  16  128  0.1573E-08
 2  64  16  128  0.1565E-08
 2  64  16  128  0.1565E-08
 2  64  16  128  0.1567E-08
 2  64  16  128  0.1572E-08
 2  64  17  128  0.1771E-08
 2  64  17  128  0.1742E-08
 2  64  17  128  0.1734E-08
 2  64  17  128  0.1737E-08
 2  64  17  128  0.1738E-08
 2  64  17  128  0.1742E-08
 2  64  17  128  0.1738E-08
 2  64  17  128  0.1736E-08
 2  64  17  128  0.1738E-08
 2  64  17  128  0.1735E-08
 2  64  18  128  0.1704E-08
 2  64  18  128  0.1683E-08
 2  64  18  128  0.1678E-08
 2  64  18  128  0.1679E-08
 2  64  18  128  0.1679E-08
 2  64  18  128  0.1682E-08
 2  64  18  128  0.1680E-08
 2  64  18  128  0.1679E-08
 2  64  18  128  0.1682E-08
 2  64  18  128  0.1680E-08
 2  64  19  128  0.1781E-08
 2  64  19  128  0.1754E-08
 2  64  19  128  0.1752E-08
 2  64  19  128  0.1759E-08
 2  64  19  128  0.1750E-08
 2  64  19  128  0.1753E-08
 2  64  19  128  0.1748E-08
 2  64  19  128  0.1750E-08
 2  64  19  128  0.1777E-08
 2  64  19  128  0.1750E-08
 2  64  20  128  0.1698E-08
 2  64  20  128  0.1669E-08
 2  64  20  128  0.1666E-08
 2  64  20  128  0.1666E-08
 2  64  20  128  0.1663E-08
 2  64  20  128  0.1668E-08
 2  64  20  128  0.1664E-08
 2  64  20  128  0.1664E-08
 2  64  20  128  0.1665E-08
 2  64  20  128  0.1663E-08
