 2  64  3  128  0.1106E-06
 2  64  3  128  0.4245E-07
 2  64  3  128  0.4052E-07
 2  64  3  128  0.3714E-07
 2  64  3  128  0.3578E-07
 2  64  3  128  0.4167E-07
 2  64  3  128  0.3695E-07
 2  64  3  128  0.3762E-07
 2  64  3  128  0.3569E-07
 2  64  3  128  0.3530E-07
 2  64  4  128  0.5684E-07
 2  64  4  128  0.1912E-07
 2  64  4  128  0.1847E-07
 2  64  4  128  0.1713E-07
 2  64  4  128  0.2572E-07
 2  64  4  128  0.1688E-07
 2  64  4  128  0.1892E-07
 2  64  4  128  0.1717E-07
 2  64  4  128  0.1689E-07
 2  64  4  128  0.1628E-07
 2  64  5  128  0.3383E-07
 2  64  5  128  0.1169E-07
 2  64  5  128  0.1040E-07
 2  64  5  128  0.1115E-07
 2  64  5  128  0.1056E-07
 2  64  5  128  0.1029E-07
 2  64  5  128  0.1002E-07
 2  64  5  128  0.9502E-08
 2  64  5  128  0.9249E-08
 2  64  5  128  0.9894E-08
 2  64  6  128  0.2082E-07
 2  64  6  128  0.7111E-08
 2  64  6  128  0.6971E-08
 2  64  6  128  0.6870E-08
 2  64  6  128  0.6919E-08
 2  64  6  128  0.6922E-08
 2  64  6  128  0.6870E-08
 2  64  6  128  0.6787E-08
 2  64  6  128  0.7318E-08
 2  64  6  128  0.6873E-08
 2  64  7  128  0.1550E-08
 2  64  7  128  0.1486E-08
 2  64  7  128  0.1491E-08
 2  64  7  128  0.1501E-08
 2  64  7  128  0.1494E-08
 2  64  7  128  0.1484E-08
 2  64  7  128  0.1515E-08
 2  64  7  128  0.1495E-08
 2  64  7  128  0.1491E-08
 2  64  7  128  0.1490E-08
 2  64  8  128  0.1183E-08
 2  64  8  128  0.1160E-08
 2  64  8  128  0.1137E-08
 2  64  8  128  0.1138E-08
 2  64  8  128  0.1140E-08
 2  64  8  128  0.1131E-08
 2  64  8  128  0.1136E-08
 2  64  8  128  0.1146E-08
 2  64  8  128  0.1135E-08
 2  64  8  128  0.1145E-08
 2  64  9  128  0.1303E-08
 2  64  9  128  0.1250E-08
 2  64  9  128  0.1246E-08
 2  64  9  128  0.1269E-08
 2  64  9  128  0.1254E-08
 2  64  9  128  0.1251E-08
 2  64  9  128  0.1254E-08
 2  64  9  128  0.1255E-08
 2  64  9  128  0.1249E-08
 2  64  9  128  0.1269E-08
 2  64  10  128  0.1391E-08
 2  64  10  128  0.1343E-08
 2  64  10  128  0.1337E-08
 2  64  10  128  0.1331E-08
 2  64  10  128  0.1353E-08
 2  64  10  128  0.1330E-08
 2  64  10  128  0.1340E-08
 2  64  10  128  0.1337E-08
 2  64  10  128  0.1333E-08
 2  64  10  128  0.1335E-08
 2  64  11  128  0.1481E-08
 2  64  11  128  0.1438E-08
 2  64  11  128  0.1438E-08
 2  64  11  128  0.1441E-08
 2  64  11  128  0.1446E-08
 2  64  11  128  0.1459E-08
 2  64  11  128  0.1436E-08
 2  64  11  128  0.1445E-08
 2  64  11  128  0.1431E-08
 2  64  11  128  0.1433E-08
 2  64  12  128  0.1352E-08
 2  64  12  128  0.1319E-08
 2  64  12  128  0.1319E-08
 2  64  12  128  0.1321E-08
 2  64  12  128  0.1313E-08
 2  64  12  128  0.1321E-08
 2  64  12  128  0.1322E-08
 2  64  12  128  0.1317E-08
 2  64  12  128  0.1319E-08
 2  64  12  128  0.1317E-08
 2  64  12  128  0.1359E-08
 2  64  12  128  0.1329E-08
 2  64  12  128  0.1326E-08
 2  64  12  128  0.1322E-08
 2  64  12  128  0.1324E-08
 2  64  12  128  0.1326E-08
 2  64  12  128  0.1325E-08
 2  64  12  128  0.1324E-08
 2  64  12  128  0.1318E-08
 2  64  12  128  0.1328E-08
 2  64  13  128  0.1351E-08
 2  64  13  128  0.1324E-08
 2  64  13  128  0.1325E-08
 2  64  13  128  0.1331E-08
 2  64  13  128  0.1343E-08
 2  64  13  128  0.1331E-08
 2  64  13  128  0.1333E-08
 2  64  13  128  0.1330E-08
 2  64  13  128  0.1325E-08
 2  64  13  128  0.1326E-08
 2  64  14  128  0.1232E-08
 2  64  14  128  0.1214E-08
 2  64  14  128  0.1209E-08
 2  64  14  128  0.1214E-08
 2  64  14  128  0.1214E-08
 2  64  14  128  0.1213E-08
 2  64  14  128  0.1212E-08
 2  64  14  128  0.1213E-08
 2  64  14  128  0.1212E-08
 2  64  14  128  0.1213E-08
 2  64  15  128  0.1310E-08
 2  64  15  128  0.1294E-08
 2  64  15  128  0.1295E-08
 2  64  15  128  0.1292E-08
 2  64  15  128  0.1293E-08
 2  64  15  128  0.1293E-08
 2  64  15  128  0.1293E-08
 2  64  15  128  0.1293E-08
 2  64  15  128  0.1295E-08
 2  64  15  128  0.1292E-08
 2  64  16  128  0.1246E-08
 2  64  16  128  0.1235E-08
 2  64  16  128  0.1235E-08
 2  64  16  128  0.1234E-08
 2  64  16  128  0.1237E-08
 2  64  16  128  0.1237E-08
 2  64  16  128  0.1235E-08
 2  64  16  128  0.1239E-08
 2  64  16  128  0.1236E-08
 2  64  16  128  0.1239E-08
 2  64  17  128  0.1459E-08
 2  64  17  128  0.1451E-08
 2  64  17  128  0.1451E-08
 2  64  17  128  0.1451E-08
 2  64  17  128  0.1453E-08
 2  64  17  128  0.1450E-08
 2  64  17  128  0.1451E-08
 2  64  17  128  0.1448E-08
 2  64  17  128  0.1451E-08
 2  64  17  128  0.1450E-08
 2  64  18  128  0.1417E-08
 2  64  18  128  0.1408E-08
 2  64  18  128  0.1408E-08
 2  64  18  128  0.1409E-08
 2  64  18  128  0.1410E-08
 2  64  18  128  0.1410E-08
 2  64  18  128  0.1409E-08
 2  64  18  128  0.1409E-08
 2  64  18  128  0.1408E-08
 2  64  18  128  0.1409E-08
 2  64  19  128  0.1510E-08
 2  64  19  128  0.1504E-08
 2  64  19  128  0.1504E-08
 2  64  19  128  0.1505E-08
 2  64  19  128  0.1503E-08
 2  64  19  128  0.1502E-08
 2  64  19  128  0.1504E-08
 2  64  19  128  0.1502E-08
 2  64  19  128  0.1503E-08
 2  64  19  128  0.1507E-08
 2  64  20  128  0.1432E-08
 2  64  20  128  0.1425E-08
 2  64  20  128  0.1424E-08
 2  64  20  128  0.1424E-08
 2  64  20  128  0.1425E-08
 2  64  20  128  0.1426E-08
 2  64  20  128  0.1424E-08
 2  64  20  128  0.1424E-08
 2  64  20  128  0.1426E-08
 2  64  20  128  0.1424E-08
