 2  2048  3  4096  0.2450E-08
 2  2048  3  4096  0.2415E-08
 2  2048  3  4096  0.2318E-08
 2  2048  3  4096  0.2264E-08
 2  2048  3  4096  0.2261E-08
 2  2048  3  4096  0.2239E-08
 2  2048  3  4096  0.2248E-08
 2  2048  3  4096  0.2269E-08
 2  2048  3  4096  0.2236E-08
 2  2048  3  4096  0.2207E-08
 2  2048  4  4096  0.1070E-08
 2  2048  4  4096  0.9781E-09
 2  2048  4  4096  0.1001E-08
 2  2048  4  4096  0.1015E-08
 2  2048  4  4096  0.9827E-09
 2  2048  4  4096  0.9709E-09
 2  2048  4  4096  0.1026E-08
 2  2048  4  4096  0.1004E-08
 2  2048  4  4096  0.9777E-09
 2  2048  4  4096  0.9681E-09
 2  2048  5  4096  0.6407E-09
 2  2048  5  4096  0.5937E-09
 2  2048  5  4096  0.5856E-09
 2  2048  5  4096  0.5928E-09
 2  2048  5  4096  0.5815E-09
 2  2048  5  4096  0.5842E-09
 2  2048  5  4096  0.5644E-09
 2  2048  5  4096  0.6004E-09
 2  2048  5  4096  0.5693E-09
 2  2048  5  4096  0.5670E-09
 2  2048  6  4096  0.4036E-09
 2  2048  6  4096  0.3803E-09
 2  2048  6  4096  0.3639E-09
 2  2048  6  4096  0.3714E-09
 2  2048  6  4096  0.3758E-09
 2  2048  6  4096  0.3580E-09
 2  2048  6  4096  0.3537E-09
 2  2048  6  4096  0.3553E-09
 2  2048  6  4096  0.3540E-09
 2  2048  6  4096  0.3493E-09
 2  2048  7  4096  0.2752E-09
 2  2048  7  4096  0.2606E-09
 2  2048  7  4096  0.2609E-09
 2  2048  7  4096  0.2685E-09
 2  2048  7  4096  0.2751E-09
 2  2048  7  4096  0.2739E-09
 2  2048  7  4096  0.2686E-09
 2  2048  7  4096  0.2568E-09
 2  2048  7  4096  0.2538E-09
 2  2048  7  4096  0.2531E-09
 2  2048  8  4096  0.2194E-09
 2  2048  8  4096  0.2058E-09
 2  2048  8  4096  0.2054E-09
 2  2048  8  4096  0.2040E-09
 2  2048  8  4096  0.2055E-09
 2  2048  8  4096  0.2044E-09
 2  2048  8  4096  0.2023E-09
 2  2048  8  4096  0.2011E-09
 2  2048  8  4096  0.2016E-09
 2  2048  8  4096  0.2022E-09
 2  2048  9  4096  0.1805E-09
 2  2048  9  4096  0.1734E-09
 2  2048  9  4096  0.1731E-09
 2  2048  9  4096  0.1740E-09
 2  2048  9  4096  0.1735E-09
 2  2048  9  4096  0.1744E-09
 2  2048  9  4096  0.1718E-09
 2  2048  9  4096  0.1710E-09
 2  2048  9  4096  0.1716E-09
 2  2048  9  4096  0.1732E-09
 2  2048  10  4096  0.1493E-09
 2  2048  10  4096  0.1481E-09
 2  2048  10  4096  0.1459E-09
 2  2048  10  4096  0.1432E-09
 2  2048  10  4096  0.1413E-09
 2  2048  10  4096  0.1451E-09
 2  2048  10  4096  0.1461E-09
 2  2048  10  4096  0.1469E-09
 2  2048  10  4096  0.1442E-09
 2  2048  10  4096  0.1417E-09
 2  2048  11  4096  0.1331E-09
 2  2048  11  4096  0.1312E-09
 2  2048  11  4096  0.1268E-09
 2  2048  11  4096  0.1269E-09
 2  2048  11  4096  0.1273E-09
 2  2048  11  4096  0.1281E-09
 2  2048  11  4096  0.1298E-09
 2  2048  11  4096  0.1267E-09
 2  2048  11  4096  0.1270E-09
 2  2048  11  4096  0.1308E-09
 2  2048  12  4096  0.1078E-09
 2  2048  12  4096  0.1060E-09
 2  2048  12  4096  0.1075E-09
 2  2048  12  4096  0.1080E-09
 2  2048  12  4096  0.1065E-09
 2  2048  12  4096  0.1065E-09
 2  2048  12  4096  0.1077E-09
 2  2048  12  4096  0.1097E-09
 2  2048  12  4096  0.1079E-09
 2  2048  12  4096  0.1055E-09
 2  2048  13  4096  0.9674E-10
 2  2048  13  4096  0.9588E-10
 2  2048  13  4096  0.9645E-10
 2  2048  13  4096  0.9567E-10
 2  2048  13  4096  0.9612E-10
 2  2048  13  4096  0.9617E-10
 2  2048  13  4096  0.9723E-10
 2  2048  13  4096  0.9624E-10
 2  2048  13  4096  0.9598E-10
 2  2048  13  4096  0.9687E-10
 2  2048  14  4096  0.8641E-10
 2  2048  14  4096  0.8449E-10
 2  2048  14  4096  0.8332E-10
 2  2048  14  4096  0.8391E-10
 2  2048  14  4096  0.8583E-10
 2  2048  14  4096  0.8417E-10
 2  2048  14  4096  0.8367E-10
 2  2048  14  4096  0.8456E-10
 2  2048  14  4096  0.8501E-10
 2  2048  14  4096  0.8390E-10
 2  2048  15  4096  0.8150E-10
 2  2048  15  4096  0.7945E-10
 2  2048  15  4096  0.8050E-10
 2  2048  15  4096  0.8010E-10
 2  2048  15  4096  0.7949E-10
 2  2048  15  4096  0.8057E-10
 2  2048  15  4096  0.8009E-10
 2  2048  15  4096  0.7953E-10
 2  2048  15  4096  0.8078E-10
 2  2048  15  4096  0.7967E-10
 2  2048  16  4096  0.7430E-10
 2  2048  16  4096  0.7257E-10
 2  2048  16  4096  0.7367E-10
 2  2048  16  4096  0.7179E-10
 2  2048  16  4096  0.7253E-10
 2  2048  16  4096  0.7367E-10
 2  2048  16  4096  0.7166E-10
 2  2048  16  4096  0.7320E-10
 2  2048  16  4096  0.7290E-10
 2  2048  16  4096  0.7159E-10
 2  2048  17  4096  0.7476E-10
 2  2048  17  4096  0.7479E-10
 2  2048  17  4096  0.7369E-10
 2  2048  17  4096  0.7521E-10
 2  2048  17  4096  0.7346E-10
 2  2048  17  4096  0.7495E-10
 2  2048  17  4096  0.7373E-10
 2  2048  17  4096  0.7478E-10
 2  2048  17  4096  0.7420E-10
 2  2048  17  4096  0.7419E-10
 2  2048  18  4096  0.6994E-10
 2  2048  18  4096  0.6994E-10
 2  2048  18  4096  0.6893E-10
 2  2048  18  4096  0.6988E-10
 2  2048  18  4096  0.6916E-10
 2  2048  18  4096  0.6985E-10
 2  2048  18  4096  0.6885E-10
 2  2048  18  4096  0.6965E-10
 2  2048  18  4096  0.6868E-10
 2  2048  18  4096  0.7010E-10
 2  2048  19  4096  0.7065E-10
 2  2048  19  4096  0.7182E-10
 2  2048  19  4096  0.7122E-10
 2  2048  19  4096  0.7133E-10
 2  2048  19  4096  0.7176E-10
 2  2048  19  4096  0.7150E-10
 2  2048  19  4096  0.7146E-10
 2  2048  19  4096  0.7130E-10
 2  2048  19  4096  0.7188E-10
 2  2048  19  4096  0.7184E-10
 2  2048  20  4096  0.6636E-10
 2  2048  20  4096  0.6591E-10
 2  2048  20  4096  0.6589E-10
 2  2048  20  4096  0.6532E-10
 2  2048  20  4096  0.6509E-10
 2  2048  20  4096  0.6663E-10
 2  2048  20  4096  0.6590E-10
 2  2048  20  4096  0.6588E-10
 2  2048  20  4096  0.6606E-10
 2  2048  20  4096  0.6572E-10
