 2  16  3  32  0.2789E-07
 2  16  3  32  0.7671E-07
 2  16  3  32  0.9566E-07
 2  16  3  32  0.1011E-06
 2  16  3  32  0.9723E-07
 2  16  3  32  0.9299E-07
 2  16  3  32  0.1134E-06
 2  16  3  32  0.8104E-07
 2  16  3  32  0.9060E-07
 2  16  3  32  0.8720E-07
 2  16  4  32  0.1534E-07
 2  16  4  32  0.1422E-07
 2  16  4  32  0.4443E-07
 2  16  4  32  0.4723E-07
 2  16  4  32  0.4948E-07
 2  16  4  32  0.4020E-07
 2  16  4  32  0.4005E-07
 2  16  4  32  0.4214E-07
 2  16  4  32  0.3760E-07
 2  16  4  32  0.4199E-07
 2  16  5  32  0.1077E-07
 2  16  5  32  0.1008E-07
 2  16  5  32  0.1007E-07
 2  16  5  32  0.1105E-07
 2  16  5  32  0.2984E-07
 2  16  5  32  0.3050E-07
 2  16  5  32  0.3076E-07
 2  16  5  32  0.2883E-07
 2  16  5  32  0.2891E-07
 2  16  5  32  0.2883E-07
 2  16  6  32  0.8221E-08
 2  16  6  32  0.7512E-08
 2  16  6  32  0.7492E-08
 2  16  6  32  0.7446E-08
 2  16  6  32  0.7809E-08
 2  16  6  32  0.2112E-07
 2  16  6  32  0.2035E-07
 2  16  6  32  0.2340E-07
 2  16  6  32  0.2064E-07
 2  16  6  32  0.2006E-07
 2  16  7  32  0.7316E-08
 2  16  7  32  0.6658E-08
 2  16  7  32  0.6721E-08
 2  16  7  32  0.6641E-08
 2  16  7  32  0.6703E-08
 2  16  7  32  0.6610E-08
 2  16  7  32  0.7009E-08
 2  16  7  32  0.1294E-07
 2  16  7  32  0.1467E-07
 2  16  7  32  0.1427E-07
 2  16  8  32  0.6846E-08
 2  16  8  32  0.6254E-08
 2  16  8  32  0.6168E-08
 2  16  8  32  0.6112E-08
 2  16  8  32  0.6132E-08
 2  16  8  32  0.6128E-08
 2  16  8  32  0.6131E-08
 2  16  8  32  0.6127E-08
 2  16  8  32  0.1473E-07
 2  16  8  32  0.1339E-07
 2  16  9  32  0.7410E-08
 2  16  9  32  0.7097E-08
 2  16  9  32  0.7022E-08
 2  16  9  32  0.7031E-08
 2  16  9  32  0.6988E-08
 2  16  9  32  0.7031E-08
 2  16  9  32  0.6989E-08
 2  16  9  32  0.7005E-08
 2  16  9  32  0.7049E-08
 2  16  9  32  0.7001E-08
 2  16  12  32  0.4898E-08
 2  16  12  32  0.4757E-08
 2  16  12  32  0.4757E-08
 2  16  12  32  0.4763E-08
 2  16  12  32  0.4780E-08
 2  16  12  32  0.4762E-08
 2  16  12  32  0.4765E-08
 2  16  12  32  0.4804E-08
 2  16  12  32  0.4768E-08
 2  16  12  32  0.4755E-08
 2  16  13  32  0.4892E-08
 2  16  13  32  0.4804E-08
 2  16  13  32  0.4797E-08
 2  16  13  32  0.4797E-08
 2  16  13  32  0.4814E-08
 2  16  13  32  0.4805E-08
 2  16  13  32  0.4800E-08
 2  16  13  32  0.4829E-08
 2  16  13  32  0.4809E-08
 2  16  13  32  0.4794E-08
 2  16  14  32  0.4780E-08
 2  16  14  32  0.4642E-08
 2  16  14  32  0.4614E-08
 2  16  14  32  0.4616E-08
 2  16  14  32  0.4601E-08
 2  16  14  32  0.4595E-08
 2  16  14  32  0.4588E-08
 2  16  14  32  0.4602E-08
 2  16  14  32  0.4586E-08
 2  16  14  32  0.4595E-08
 2  16  15  32  0.5094E-08
 2  16  15  32  0.4973E-08
 2  16  15  32  0.4940E-08
 2  16  15  32  0.4942E-08
 2  16  15  32  0.4951E-08
 2  16  15  32  0.4927E-08
 2  16  15  32  0.4946E-08
 2  16  15  32  0.4940E-08
 2  16  15  32  0.4922E-08
 2  16  15  32  0.4921E-08
 2  16  16  32  0.4881E-08
 2  16  16  32  0.4782E-08
 2  16  16  32  0.4763E-08
 2  16  16  32  0.4770E-08
 2  16  16  32  0.4780E-08
 2  16  16  32  0.4756E-08
 2  16  16  32  0.4754E-08
 2  16  16  32  0.4760E-08
 2  16  16  32  0.4745E-08
 2  16  16  32  0.4761E-08
 2  16  17  32  0.5732E-08
 2  16  17  32  0.5674E-08
 2  16  17  32  0.5656E-08
 2  16  17  32  0.5661E-08
 2  16  17  32  0.5650E-08
 2  16  17  32  0.5637E-08
 2  16  17  32  0.5640E-08
 2  16  17  32  0.5638E-08
 2  16  17  32  0.5638E-08
 2  16  17  32  0.5639E-08
 2  16  18  32  0.5604E-08
 2  16  18  32  0.5544E-08
 2  16  18  32  0.5537E-08
 2  16  18  32  0.5529E-08
 2  16  18  32  0.5535E-08
 2  16  18  32  0.5525E-08
 2  16  18  32  0.5525E-08
 2  16  18  32  0.5526E-08
 2  16  18  32  0.5518E-08
 2  16  18  32  0.5522E-08
 2  16  19  32  0.5958E-08
 2  16  19  32  0.5910E-08
 2  16  19  32  0.5893E-08
 2  16  19  32  0.5891E-08
 2  16  19  32  0.5888E-08
 2  16  19  32  0.5886E-08
 2  16  19  32  0.5890E-08
 2  16  19  32  0.5887E-08
 2  16  19  32  0.5886E-08
 2  16  19  32  0.5885E-08
 2  16  20  32  0.5766E-08
 2  16  20  32  0.5705E-08
 2  16  20  32  0.5698E-08
 2  16  20  32  0.5704E-08
 2  16  20  32  0.5701E-08
 2  16  20  32  0.5700E-08
 2  16  20  32  0.5702E-08
 2  16  20  32  0.5699E-08
 2  16  20  32  0.5695E-08
 2  16  20  32  0.5695E-08
