 2  4096  3  8192  0.3331E-08
 2  4096  3  8192  0.2854E-08
 2  4096  3  8192  0.2832E-08
 2  4096  3  8192  0.2780E-08
 2  4096  3  8192  0.2816E-08
 2  4096  3  8192  0.3013E-08
 2  4096  3  8192  0.2930E-08
 2  4096  3  8192  0.2768E-08
 2  4096  3  8192  0.2775E-08
 2  4096  3  8192  0.2830E-08
 2  4096  4  8192  0.1414E-08
 2  4096  4  8192  0.1215E-08
 2  4096  4  8192  0.1214E-08
 2  4096  4  8192  0.1215E-08
 2  4096  4  8192  0.1260E-08
 2  4096  4  8192  0.1257E-08
 2  4096  4  8192  0.1219E-08
 2  4096  4  8192  0.1239E-08
 2  4096  4  8192  0.1194E-08
 2  4096  4  8192  0.1259E-08
 2  4096  5  8192  0.7252E-09
 2  4096  5  8192  0.6451E-09
 2  4096  5  8192  0.6526E-09
 2  4096  5  8192  0.6548E-09
 2  4096  5  8192  0.6612E-09
 2  4096  5  8192  0.6368E-09
 2  4096  5  8192  0.6321E-09
 2  4096  5  8192  0.6511E-09
 2  4096  5  8192  0.6616E-09
 2  4096  5  8192  0.6677E-09
 2  4096  6  8192  0.4561E-09
 2  4096  6  8192  0.4120E-09
 2  4096  6  8192  0.4205E-09
 2  4096  6  8192  0.4412E-09
 2  4096  6  8192  0.4199E-09
 2  4096  6  8192  0.4080E-09
 2  4096  6  8192  0.4050E-09
 2  4096  6  8192  0.4272E-09
 2  4096  6  8192  0.4240E-09
 2  4096  6  8192  0.4114E-09
 2  4096  7  8192  0.3020E-09
 2  4096  7  8192  0.2938E-09
 2  4096  7  8192  0.2956E-09
 2  4096  7  8192  0.2801E-09
 2  4096  7  8192  0.2781E-09
 2  4096  7  8192  0.2899E-09
 2  4096  7  8192  0.2945E-09
 2  4096  7  8192  0.2818E-09
 2  4096  7  8192  0.2822E-09
 2  4096  7  8192  0.2923E-09
 2  4096  8  8192  0.2275E-09
 2  4096  8  8192  0.2170E-09
 2  4096  8  8192  0.2176E-09
 2  4096  8  8192  0.2140E-09
 2  4096  8  8192  0.2118E-09
 2  4096  8  8192  0.2174E-09
 2  4096  8  8192  0.2185E-09
 2  4096  8  8192  0.2138E-09
 2  4096  8  8192  0.2149E-09
 2  4096  8  8192  0.2165E-09
 2  4096  9  8192  0.1783E-09
 2  4096  9  8192  0.1821E-09
 2  4096  9  8192  0.1779E-09
 2  4096  9  8192  0.1706E-09
 2  4096  9  8192  0.1794E-09
 2  4096  9  8192  0.1811E-09
 2  4096  9  8192  0.1696E-09
 2  4096  9  8192  0.1770E-09
 2  4096  9  8192  0.1802E-09
 2  4096  9  8192  0.1692E-09
 2  4096  10  8192  0.1471E-09
 2  4096  10  8192  0.1495E-09
 2  4096  10  8192  0.1467E-09
 2  4096  10  8192  0.1432E-09
 2  4096  10  8192  0.1515E-09
 2  4096  10  8192  0.1456E-09
 2  4096  10  8192  0.1474E-09
 2  4096  10  8192  0.1510E-09
 2  4096  10  8192  0.1420E-09
 2  4096  10  8192  0.1465E-09
 2  4096  11  8192  0.1354E-09
 2  4096  11  8192  0.1267E-09
 2  4096  11  8192  0.1264E-09
 2  4096  11  8192  0.1247E-09
 2  4096  11  8192  0.1276E-09
 2  4096  11  8192  0.1255E-09
 2  4096  11  8192  0.1282E-09
 2  4096  11  8192  0.1265E-09
 2  4096  11  8192  0.1254E-09
 2  4096  11  8192  0.1277E-09
 2  4096  12  8192  0.1098E-09
 2  4096  12  8192  0.1037E-09
 2  4096  12  8192  0.1075E-09
 2  4096  12  8192  0.1047E-09
 2  4096  12  8192  0.1062E-09
 2  4096  12  8192  0.1072E-09
 2  4096  12  8192  0.1064E-09
 2  4096  12  8192  0.1070E-09
 2  4096  12  8192  0.1047E-09
 2  4096  12  8192  0.1075E-09
