 2  1  3  2  0.3295E-07
 2  1  3  2  0.2605E-07
 2  1  3  2  0.2555E-07
 2  1  3  2  0.2555E-07
 2  1  3  2  0.2605E-07
 2  1  3  2  0.2562E-07
 2  1  3  2  0.2562E-07
 2  1  3  2  0.2679E-07
 2  1  3  2  0.2698E-07
 2  1  3  2  0.2684E-07
 2  1  4  2  0.3526E-07
 2  1  4  2  0.3349E-07
 2  1  4  2  0.3169E-07
 2  1  4  2  0.3180E-07
 2  1  4  2  0.3255E-07
 2  1  4  2  0.3175E-07
 2  1  4  2  0.3164E-07
 2  1  4  2  0.3235E-07
 2  1  4  2  0.3196E-07
 2  1  4  2  0.3164E-07
 2  1  5  2  0.5079E-07
 2  1  5  2  0.4880E-07
 2  1  5  2  0.4884E-07
 2  1  5  2  0.4888E-07
 2  1  5  2  0.4855E-07
 2  1  5  2  0.4871E-07
 2  1  5  2  0.4902E-07
 2  1  5  2  0.4890E-07
 2  1  5  2  0.4864E-07
 2  1  5  2  0.4854E-07
 2  1  6  2  0.5257E-07
 2  1  6  2  0.5171E-07
 2  1  6  2  0.5109E-07
 2  1  6  2  0.5136E-07
 2  1  6  2  0.5142E-07
 2  1  6  2  0.5103E-07
 2  1  6  2  0.5168E-07
 2  1  6  2  0.5183E-07
 2  1  6  2  0.5171E-07
 2  1  6  2  0.5145E-07
 2  1  7  2  0.5039E-07
 2  1  7  2  0.5000E-07
 2  1  7  2  0.4976E-07
 2  1  7  2  0.4993E-07
 2  1  7  2  0.4974E-07
 2  1  7  2  0.4978E-07
 2  1  7  2  0.4987E-07
 2  1  7  2  0.4974E-07
 2  1  7  2  0.4981E-07
 2  1  7  2  0.4976E-07
 2  1  8  2  0.3952E-07
 2  1  8  2  0.3922E-07
 2  1  8  2  0.3903E-07
 2  1  8  2  0.3916E-07
 2  1  8  2  0.3901E-07
 2  1  8  2  0.3899E-07
 2  1  8  2  0.3901E-07
 2  1  8  2  0.3897E-07
 2  1  8  2  0.3897E-07
 2  1  8  2  0.3898E-07
 2  1  9  2  0.4763E-07
 2  1  9  2  0.4715E-07
 2  1  9  2  0.4717E-07
 2  1  9  2  0.4711E-07
 2  1  9  2  0.4722E-07
 2  1  9  2  0.4762E-07
 2  1  9  2  0.4712E-07
 2  1  9  2  0.4712E-07
 2  1  9  2  0.4711E-07
 2  1  9  2  0.4715E-07
 2  1  10  2  0.4955E-07
 2  1  10  2  0.4969E-07
 2  1  10  2  0.4941E-07
 2  1  10  2  0.4926E-07
 2  1  10  2  0.4977E-07
 2  1  10  2  0.4927E-07
 2  1  10  2  0.4936E-07
 2  1  10  2  0.4919E-07
 2  1  10  2  0.4925E-07
 2  1  10  2  0.4940E-07
 2  1  11  2  0.5377E-07
 2  1  11  2  0.5388E-07
 2  1  11  2  0.5348E-07
 2  1  11  2  0.5354E-07
 2  1  11  2  0.5352E-07
 2  1  11  2  0.5338E-07
 2  1  11  2  0.5358E-07
 2  1  11  2  0.5349E-07
 2  1  11  2  0.5344E-07
 2  1  11  2  0.5338E-07
 2  1  12  2  0.4747E-07
 2  1  12  2  0.4713E-07
 2  1  12  2  0.4724E-07
 2  1  12  2  0.4710E-07
 2  1  12  2  0.4711E-07
 2  1  12  2  0.4805E-07
 2  1  12  2  0.4728E-07
 2  1  12  2  0.4715E-07
 2  1  12  2  0.4717E-07
 2  1  12  2  0.4716E-07
 2  1  13  2  0.5234E-07
 2  1  13  2  0.5248E-07
 2  1  13  2  0.5183E-07
 2  1  13  2  0.5165E-07
 2  1  13  2  0.5170E-07
 2  1  13  2  0.5180E-07
 2  1  13  2  0.5178E-07
 2  1  13  2  0.5155E-07
 2  1  13  2  0.5195E-07
 2  1  13  2  0.5161E-07
 2  1  14  2  0.5159E-07
 2  1  14  2  0.5109E-07
 2  1  14  2  0.5102E-07
 2  1  14  2  0.5123E-07
 2  1  14  2  0.5099E-07
 2  1  14  2  0.5134E-07
 2  1  14  2  0.5105E-07
 2  1  14  2  0.5083E-07
 2  1  14  2  0.5075E-07
 2  1  14  2  0.5094E-07
 2  1  15  2  0.5945E-07
 2  1  15  2  0.5930E-07
 2  1  15  2  0.5919E-07
 2  1  15  2  0.5901E-07
 2  1  15  2  0.5902E-07
 2  1  15  2  0.5902E-07
 2  1  15  2  0.5912E-07
 2  1  15  2  0.5904E-07
 2  1  15  2  0.5912E-07
 2  1  15  2  0.5888E-07
 2  1  16  2  0.6015E-07
 2  1  16  2  0.5994E-07
 2  1  16  2  0.5998E-07
 2  1  16  2  0.5992E-07
 2  1  16  2  0.5997E-07
 2  1  16  2  0.5984E-07
 2  1  16  2  0.5987E-07
 2  1  16  2  0.6002E-07
 2  1  16  2  0.5982E-07
 2  1  16  2  0.5984E-07
 2  1  17  2  0.7620E-07
 2  1  17  2  0.7611E-07
 2  1  17  2  0.7619E-07
 2  1  17  2  0.7607E-07
 2  1  17  2  0.7613E-07
 2  1  17  2  0.7611E-07
 2  1  17  2  0.7622E-07
 2  1  17  2  0.7607E-07
 2  1  17  2  0.7610E-07
 2  1  17  2  0.7616E-07
 2  1  18  2  0.7305E-07
 2  1  18  2  0.7284E-07
 2  1  18  2  0.7294E-07
 2  1  18  2  0.7291E-07
 2  1  18  2  0.7293E-07
 2  1  18  2  0.7286E-07
 2  1  18  2  0.7285E-07
 2  1  18  2  0.7295E-07
 2  1  18  2  0.7291E-07
 2  1  18  2  0.7282E-07
 2  1  19  2  0.7860E-07
 2  1  19  2  0.7856E-07
 2  1  19  2  0.7850E-07
 2  1  19  2  0.7863E-07
 2  1  19  2  0.7855E-07
 2  1  19  2  0.7852E-07
 2  1  19  2  0.7865E-07
 2  1  19  2  0.7854E-07
 2  1  19  2  0.7853E-07
 2  1  19  2  0.7862E-07
 2  1  20  2  0.7766E-07
 2  1  20  2  0.7761E-07
 2  1  20  2  0.7768E-07
 2  1  20  2  0.7762E-07
 2  1  20  2  0.7778E-07
 2  1  20  2  0.7763E-07
 2  1  20  2  0.7762E-07
 2  1  20  2  0.7770E-07
 2  1  20  2  0.7759E-07
 2  1  20  2  0.7765E-07
