 2  32  3  64  0.1774E-07
 2  32  3  64  0.4052E-07
 2  32  3  64  0.5496E-07
 2  32  3  64  0.4843E-07
 2  32  3  64  0.5574E-07
 2  32  3  64  0.5418E-07
 2  32  3  64  0.5248E-07
 2  32  3  64  0.5211E-07
 2  32  3  64  0.5151E-07
 2  32  3  64  0.5960E-07
 2  32  4  64  0.1000E-07
 2  32  4  64  0.8508E-08
 2  32  4  64  0.2515E-07
 2  32  4  64  0.2744E-07
 2  32  4  64  0.2718E-07
 2  32  4  64  0.2619E-07
 2  32  4  64  0.2881E-07
 2  32  4  64  0.2767E-07
 2  32  4  64  0.2507E-07
 2  32  4  64  0.2456E-07
 2  32  5  64  0.6646E-08
 2  32  5  64  0.6022E-08
 2  32  5  64  0.5923E-08
 2  32  5  64  0.6474E-08
 2  32  5  64  0.1366E-07
 2  32  5  64  0.1449E-07
 2  32  5  64  0.1667E-07
 2  32  5  64  0.1533E-07
 2  32  5  64  0.1538E-07
 2  32  5  64  0.1504E-07
 2  32  6  64  0.5142E-08
 2  32  6  64  0.4504E-08
 2  32  6  64  0.4553E-08
 2  32  6  64  0.4465E-08
 2  32  6  64  0.4487E-08
 2  32  6  64  0.1099E-07
 2  32  6  64  0.1095E-07
 2  32  6  64  0.1138E-07
 2  32  6  64  0.1135E-07
 2  32  6  64  0.1203E-07
 2  32  7  64  0.4446E-08
 2  32  7  64  0.3987E-08
 2  32  7  64  0.3950E-08
 2  32  7  64  0.3926E-08
 2  32  7  64  0.3915E-08
 2  32  7  64  0.3935E-08
 2  32  7  64  0.3948E-08
 2  32  7  64  0.9170E-08
 2  32  7  64  0.8960E-08
 2  32  7  64  0.8957E-08
 2  32  8  64  0.4091E-08
 2  32  8  64  0.3696E-08
 2  32  8  64  0.3690E-08
 2  32  8  64  0.3674E-08
 2  32  8  64  0.3668E-08
 2  32  8  64  0.3715E-08
 2  32  8  64  0.3666E-08
 2  32  8  64  0.3743E-08
 2  32  8  64  0.3681E-08
 2  32  8  64  0.3959E-08
 2  32  9  64  0.4390E-08
 2  32  9  64  0.4130E-08
 2  32  9  64  0.4137E-08
 2  32  9  64  0.4131E-08
 2  32  9  64  0.4151E-08
 2  32  9  64  0.4117E-08
 2  32  9  64  0.4120E-08
 2  32  9  64  0.4111E-08
 2  32  9  64  0.4119E-08
 2  32  9  64  0.4142E-08
 2  32  10  64  0.4216E-08
 2  32  10  64  0.4103E-08
 2  32  10  64  0.4118E-08
 2  32  10  64  0.4090E-08
 2  32  10  64  0.4081E-08
 2  32  10  64  0.4083E-08
 2  32  10  64  0.4100E-08
 2  32  10  64  0.4087E-08
 2  32  10  64  0.4091E-08
 2  32  10  64  0.4128E-08
 2  32  11  64  0.4069E-08
 2  32  11  64  0.3992E-08
 2  32  11  64  0.3953E-08
 2  32  11  64  0.3959E-08
 2  32  11  64  0.3947E-08
 2  32  11  64  0.3957E-08
 2  32  11  64  0.3942E-08
 2  32  11  64  0.3940E-08
 2  32  11  64  0.3969E-08
 2  32  11  64  0.3950E-08
 2  32  12  64  0.3637E-08
 2  32  12  64  0.3543E-08
 2  32  12  64  0.3509E-08
 2  32  12  64  0.3515E-08
 2  32  12  64  0.3514E-08
 2  32  12  64  0.3522E-08
 2  32  12  64  0.3504E-08
 2  32  12  64  0.3505E-08
 2  32  12  64  0.3531E-08
 2  32  12  64  0.3509E-08
 2  32  13  64  0.2740E-08
 2  32  13  64  0.2637E-08
 2  32  13  64  0.2636E-08
 2  32  13  64  0.2640E-08
 2  32  13  64  0.2644E-08
 2  32  13  64  0.2642E-08
 2  32  13  64  0.2643E-08
 2  32  13  64  0.2662E-08
 2  32  13  64  0.2635E-08
 2  32  13  64  0.2644E-08
 2  32  14  64  0.2663E-08
 2  32  14  64  0.2561E-08
 2  32  14  64  0.2548E-08
 2  32  14  64  0.2546E-08
 2  32  14  64  0.2532E-08
 2  32  14  64  0.2548E-08
 2  32  14  64  0.2528E-08
 2  32  14  64  0.2555E-08
 2  32  14  64  0.2527E-08
 2  32  14  64  0.2523E-08
 2  32  15  64  0.2752E-08
 2  32  15  64  0.2703E-08
 2  32  15  64  0.2684E-08
 2  32  15  64  0.2685E-08
 2  32  15  64  0.2675E-08
 2  32  15  64  0.2697E-08
 2  32  15  64  0.2671E-08
 2  32  15  64  0.2673E-08
 2  32  15  64  0.2667E-08
 2  32  15  64  0.2665E-08
 2  32  16  64  0.2640E-08
 2  32  16  64  0.2576E-08
 2  32  16  64  0.2564E-08
 2  32  16  64  0.2560E-08
 2  32  16  64  0.2562E-08
 2  32  16  64  0.2561E-08
 2  32  16  64  0.2551E-08
 2  32  16  64  0.2554E-08
 2  32  16  64  0.2549E-08
 2  32  16  64  0.2557E-08
 2  32  17  64  0.3061E-08
 2  32  17  64  0.3003E-08
 2  32  17  64  0.2997E-08
 2  32  17  64  0.2995E-08
 2  32  17  64  0.2996E-08
 2  32  17  64  0.2986E-08
 2  32  17  64  0.2992E-08
 2  32  17  64  0.2989E-08
 2  32  17  64  0.2988E-08
 2  32  17  64  0.2982E-08
 2  32  18  64  0.2989E-08
 2  32  18  64  0.2942E-08
 2  32  18  64  0.2936E-08
 2  32  18  64  0.2936E-08
 2  32  18  64  0.2932E-08
 2  32  18  64  0.2932E-08
 2  32  18  64  0.2933E-08
 2  32  18  64  0.2932E-08
 2  32  18  64  0.2930E-08
 2  32  18  64  0.2927E-08
 2  32  19  64  0.3154E-08
 2  32  19  64  0.3120E-08
 2  32  19  64  0.3117E-08
 2  32  19  64  0.3114E-08
 2  32  19  64  0.3109E-08
 2  32  19  64  0.3102E-08
 2  32  19  64  0.3108E-08
 2  32  19  64  0.3106E-08
 2  32  19  64  0.3102E-08
 2  32  19  64  0.3099E-08
 2  32  20  64  0.3049E-08
 2  32  20  64  0.3025E-08
 2  32  20  64  0.3024E-08
 2  32  20  64  0.3018E-08
 2  32  20  64  0.3017E-08
 2  32  20  64  0.3016E-08
 2  32  20  64  0.3018E-08
 2  32  20  64  0.3012E-08
 2  32  20  64  0.3014E-08
 2  32  20  64  0.3012E-08
