 2  4096  3  8192  0.1266E-08
 2  4096  3  8192  0.1228E-08
 2  4096  3  8192  0.1260E-08
 2  4096  3  8192  0.1263E-08
 2  4096  3  8192  0.1267E-08
 2  4096  3  8192  0.1315E-08
 2  4096  3  8192  0.1275E-08
 2  4096  3  8192  0.1256E-08
 2  4096  3  8192  0.1236E-08
 2  4096  3  8192  0.1253E-08
 2  4096  4  8192  0.5586E-09
 2  4096  4  8192  0.5368E-09
 2  4096  4  8192  0.5631E-09
 2  4096  4  8192  0.5221E-09
 2  4096  4  8192  0.5298E-09
 2  4096  4  8192  0.5386E-09
 2  4096  4  8192  0.5413E-09
 2  4096  4  8192  0.5552E-09
 2  4096  4  8192  0.5487E-09
 2  4096  4  8192  0.5446E-09
 2  4096  5  8192  0.3096E-09
 2  4096  5  8192  0.3016E-09
 2  4096  5  8192  0.3079E-09
 2  4096  5  8192  0.3027E-09
 2  4096  5  8192  0.2913E-09
 2  4096  5  8192  0.2878E-09
 2  4096  5  8192  0.2910E-09
 2  4096  5  8192  0.2941E-09
 2  4096  5  8192  0.2925E-09
 2  4096  5  8192  0.2974E-09
 2  4096  6  8192  0.1996E-09
 2  4096  6  8192  0.1853E-09
 2  4096  6  8192  0.1878E-09
 2  4096  6  8192  0.1883E-09
 2  4096  6  8192  0.1950E-09
 2  4096  6  8192  0.2000E-09
 2  4096  6  8192  0.2008E-09
 2  4096  6  8192  0.1982E-09
 2  4096  6  8192  0.1977E-09
 2  4096  6  8192  0.1912E-09
 2  4096  7  8192  0.1472E-09
 2  4096  7  8192  0.1433E-09
 2  4096  7  8192  0.1412E-09
 2  4096  7  8192  0.1374E-09
 2  4096  7  8192  0.1372E-09
 2  4096  7  8192  0.1379E-09
 2  4096  7  8192  0.1359E-09
 2  4096  7  8192  0.1395E-09
 2  4096  7  8192  0.1414E-09
 2  4096  7  8192  0.1430E-09
 2  4096  8  8192  0.1146E-09
 2  4096  8  8192  0.1116E-09
 2  4096  8  8192  0.1094E-09
 2  4096  8  8192  0.1087E-09
 2  4096  8  8192  0.1099E-09
 2  4096  8  8192  0.1101E-09
 2  4096  8  8192  0.1101E-09
 2  4096  8  8192  0.1093E-09
 2  4096  8  8192  0.1085E-09
 2  4096  8  8192  0.1112E-09
 2  4096  9  8192  0.9662E-10
 2  4096  9  8192  0.9290E-10
 2  4096  9  8192  0.9005E-10
 2  4096  9  8192  0.8825E-10
 2  4096  9  8192  0.9289E-10
 2  4096  9  8192  0.9465E-10
 2  4096  9  8192  0.9652E-10
 2  4096  9  8192  0.9311E-10
 2  4096  9  8192  0.9032E-10
 2  4096  9  8192  0.8920E-10
 2  4096  10  8192  0.7780E-10
 2  4096  10  8192  0.7844E-10
 2  4096  10  8192  0.7811E-10
 2  4096  10  8192  0.7623E-10
 2  4096  10  8192  0.7508E-10
 2  4096  10  8192  0.7679E-10
 2  4096  10  8192  0.7932E-10
 2  4096  10  8192  0.7993E-10
 2  4096  10  8192  0.7711E-10
 2  4096  10  8192  0.7565E-10
 2  4096  11  8192  0.6679E-10
 2  4096  11  8192  0.6598E-10
 2  4096  11  8192  0.6433E-10
 2  4096  11  8192  0.6556E-10
 2  4096  11  8192  0.6691E-10
 2  4096  11  8192  0.6620E-10
 2  4096  11  8192  0.6542E-10
 2  4096  11  8192  0.6605E-10
 2  4096  11  8192  0.6682E-10
 2  4096  11  8192  0.6622E-10
 2  4096  12  8192  0.5599E-10
 2  4096  12  8192  0.5397E-10
 2  4096  12  8192  0.5313E-10
 2  4096  12  8192  0.5418E-10
 2  4096  12  8192  0.5558E-10
 2  4096  12  8192  0.5481E-10
 2  4096  12  8192  0.5336E-10
 2  4096  12  8192  0.5408E-10
 2  4096  12  8192  0.5583E-10
 2  4096  12  8192  0.5519E-10
 2  4096  13  8192  0.4831E-10
 2  4096  13  8192  0.4926E-10
 2  4096  13  8192  0.4855E-10
 2  4096  13  8192  0.4734E-10
 2  4096  13  8192  0.4851E-10
 2  4096  13  8192  0.4882E-10
 2  4096  13  8192  0.4791E-10
 2  4096  13  8192  0.4741E-10
 2  4096  13  8192  0.4886E-10
 2  4096  13  8192  0.4878E-10
 2  4096  14  8192  0.4148E-10
 2  4096  14  8192  0.4200E-10
 2  4096  14  8192  0.4084E-10
 2  4096  14  8192  0.4080E-10
 2  4096  14  8192  0.4194E-10
 2  4096  14  8192  0.4155E-10
 2  4096  14  8192  0.4054E-10
 2  4096  14  8192  0.4150E-10
 2  4096  14  8192  0.4227E-10
 2  4096  14  8192  0.4133E-10
 2  4096  15  8192  0.3892E-10
 2  4096  15  8192  0.3866E-10
 2  4096  15  8192  0.3893E-10
 2  4096  15  8192  0.3879E-10
 2  4096  15  8192  0.3891E-10
 2  4096  15  8192  0.3930E-10
 2  4096  15  8192  0.3893E-10
 2  4096  15  8192  0.3872E-10
 2  4096  15  8192  0.3906E-10
 2  4096  15  8192  0.3881E-10
 2  4096  16  8192  0.3459E-10
 2  4096  16  8192  0.3482E-10
 2  4096  16  8192  0.3500E-10
 2  4096  16  8192  0.3434E-10
 2  4096  16  8192  0.3530E-10
 2  4096  16  8192  0.3507E-10
 2  4096  16  8192  0.3473E-10
 2  4096  16  8192  0.3518E-10
 2  4096  16  8192  0.3642E-10
 2  4096  16  8192  0.3928E-10
 2  4096  17  8192  0.3590E-10
 2  4096  17  8192  0.3541E-10
 2  4096  17  8192  0.3557E-10
 2  4096  17  8192  0.3566E-10
 2  4096  17  8192  0.3533E-10
 2  4096  17  8192  0.3592E-10
 2  4096  17  8192  0.3567E-10
 2  4096  17  8192  0.3612E-10
 2  4096  17  8192  0.3514E-10
 2  4096  17  8192  0.3590E-10
 2  4096  18  8192  0.3374E-10
 2  4096  18  8192  0.3327E-10
 2  4096  18  8192  0.3303E-10
 2  4096  18  8192  0.3281E-10
 2  4096  18  8192  0.3337E-10
 2  4096  18  8192  0.3321E-10
 2  4096  18  8192  0.3324E-10
 2  4096  18  8192  0.3335E-10
 2  4096  18  8192  0.3303E-10
 2  4096  18  8192  0.3316E-10
 2  4096  19  8192  0.3260E-10
 2  4096  19  8192  0.3295E-10
 2  4096  19  8192  0.3263E-10
 2  4096  19  8192  0.3294E-10
 2  4096  19  8192  0.3265E-10
 2  4096  19  8192  0.3324E-10
 2  4096  19  8192  0.3274E-10
 2  4096  19  8192  0.3299E-10
 2  4096  19  8192  0.3316E-10
 2  4096  19  8192  0.3262E-10
 2  4096  20  8192  0.3099E-10
 2  4096  20  8192  0.3025E-10
 2  4096  20  8192  0.3072E-10
 2  4096  20  8192  0.3077E-10
 2  4096  20  8192  0.3067E-10
 2  4096  20  8192  0.3071E-10
 2  4096  20  8192  0.3025E-10
 2  4096  20  8192  0.3049E-10
 2  4096  20  8192  0.3047E-10
 2  4096  20  8192  0.3055E-10
