 2  16384  5  32768  0.1629E-09
 2  16384  5  32768  0.1487E-09
 2  16384  5  32768  0.1400E-09
 2  16384  5  32768  0.1422E-09
 2  16384  5  32768  0.1559E-09
 2  16384  5  32768  0.1662E-09
 2  16384  5  32768  0.1508E-09
 2  16384  5  32768  0.1435E-09
 2  16384  5  32768  0.1368E-09
 2  16384  5  32768  0.1542E-09
 2  16384  6  32768  0.9056E-10
 2  16384  6  32768  0.9306E-10
 2  16384  6  32768  0.9871E-10
 2  16384  6  32768  0.1012E-09
 2  16384  6  32768  0.9412E-10
 2  16384  6  32768  0.8951E-10
 2  16384  6  32768  0.9486E-10
 2  16384  6  32768  0.1014E-09
 2  16384  6  32768  0.9969E-10
 2  16384  6  32768  0.9492E-10
 2  16384  7  32768  0.6262E-10
 2  16384  7  32768  0.6910E-10
 2  16384  7  32768  0.7126E-10
 2  16384  7  32768  0.6451E-10
 2  16384  7  32768  0.6100E-10
 2  16384  7  32768  0.6609E-10
 2  16384  7  32768  0.7103E-10
 2  16384  7  32768  0.6833E-10
 2  16384  7  32768  0.6451E-10
 2  16384  7  32768  0.6269E-10
 2  16384  8  32768  0.5496E-10
 2  16384  8  32768  0.5188E-10
 2  16384  8  32768  0.5487E-10
 2  16384  8  32768  0.5674E-10
 2  16384  8  32768  0.5455E-10
 2  16384  8  32768  0.5302E-10
 2  16384  8  32768  0.5643E-10
 2  16384  8  32768  0.5568E-10
 2  16384  8  32768  0.5200E-10
 2  16384  8  32768  0.5326E-10
 2  16384  9  32768  0.4463E-10
 2  16384  9  32768  0.4234E-10
 2  16384  9  32768  0.4352E-10
 2  16384  9  32768  0.4466E-10
 2  16384  9  32768  0.4205E-10
 2  16384  9  32768  0.4303E-10
 2  16384  9  32768  0.4580E-10
 2  16384  9  32768  0.4295E-10
 2  16384  9  32768  0.4268E-10
 2  16384  9  32768  0.4497E-10
 2  16384  10  32768  0.3365E-10
 2  16384  10  32768  0.3365E-10
 2  16384  10  32768  0.3610E-10
 2  16384  10  32768  0.3401E-10
 2  16384  10  32768  0.3433E-10
 2  16384  10  32768  0.3613E-10
 2  16384  10  32768  0.3401E-10
 2  16384  10  32768  0.3427E-10
 2  16384  10  32768  0.3610E-10
 2  16384  10  32768  0.3370E-10
 2  16384  11  32768  0.2769E-10
 2  16384  11  32768  0.2842E-10
 2  16384  11  32768  0.2788E-10
 2  16384  11  32768  0.2772E-10
 2  16384  11  32768  0.2884E-10
 2  16384  11  32768  0.2784E-10
 2  16384  11  32768  0.2857E-10
 2  16384  11  32768  0.2872E-10
 2  16384  11  32768  0.2754E-10
 2  16384  11  32768  0.2861E-10
 2  16384  12  32768  0.2256E-10
 2  16384  12  32768  0.2300E-10
 2  16384  12  32768  0.2252E-10
 2  16384  12  32768  0.2285E-10
 2  16384  12  32768  0.2270E-10
 2  16384  12  32768  0.2283E-10
 2  16384  12  32768  0.2302E-10
 2  16384  12  32768  0.2279E-10
 2  16384  12  32768  0.2278E-10
 2  16384  12  32768  0.2309E-10
 2  16384  13  32768  0.1982E-10
 2  16384  13  32768  0.1904E-10
 2  16384  13  32768  0.1967E-10
 2  16384  13  32768  0.1879E-10
 2  16384  13  32768  0.1963E-10
 2  16384  13  32768  0.1914E-10
 2  16384  13  32768  0.1913E-10
 2  16384  13  32768  0.1944E-10
 2  16384  13  32768  0.1887E-10
 2  16384  13  32768  0.1987E-10
 2  16384  14  32768  0.1601E-10
 2  16384  14  32768  0.1650E-10
 2  16384  14  32768  0.1594E-10
 2  16384  14  32768  0.1658E-10
 2  16384  14  32768  0.1613E-10
 2  16384  14  32768  0.1644E-10
 2  16384  14  32768  0.1664E-10
 2  16384  14  32768  0.1594E-10
 2  16384  14  32768  0.1638E-10
 2  16384  14  32768  0.1592E-10
 2  16384  15  32768  0.1471E-10
 2  16384  15  32768  0.1483E-10
 2  16384  15  32768  0.1451E-10
 2  16384  15  32768  0.1460E-10
 2  16384  15  32768  0.1446E-10
 2  16384  15  32768  0.1450E-10
 2  16384  15  32768  0.1441E-10
 2  16384  15  32768  0.1467E-10
 2  16384  15  32768  0.1447E-10
 2  16384  15  32768  0.1474E-10
 2  16384  16  32768  0.1296E-10
 2  16384  16  32768  0.1300E-10
 2  16384  16  32768  0.1282E-10
 2  16384  16  32768  0.1301E-10
 2  16384  16  32768  0.1284E-10
 2  16384  16  32768  0.1301E-10
 2  16384  16  32768  0.1285E-10
 2  16384  16  32768  0.1284E-10
 2  16384  16  32768  0.1285E-10
 2  16384  16  32768  0.1285E-10
 2  16384  17  32768  0.1265E-10
 2  16384  17  32768  0.1268E-10
 2  16384  17  32768  0.1279E-10
 2  16384  17  32768  0.1270E-10
 2  16384  17  32768  0.1261E-10
 2  16384  17  32768  0.1250E-10
 2  16384  17  32768  0.1260E-10
 2  16384  17  32768  0.1251E-10
 2  16384  17  32768  0.1252E-10
 2  16384  17  32768  0.1281E-10
 2  16384  18  32768  0.1140E-10
 2  16384  18  32768  0.1131E-10
 2  16384  18  32768  0.1131E-10
 2  16384  18  32768  0.1135E-10
 2  16384  18  32768  0.1127E-10
 2  16384  18  32768  0.1129E-10
 2  16384  18  32768  0.1141E-10
 2  16384  18  32768  0.1134E-10
 2  16384  18  32768  0.1135E-10
 2  16384  18  32768  0.1138E-10
 2  16384  19  32768  0.1098E-10
 2  16384  19  32768  0.1091E-10
 2  16384  19  32768  0.1102E-10
 2  16384  19  32768  0.1098E-10
 2  16384  19  32768  0.1092E-10
 2  16384  19  32768  0.1090E-10
 2  16384  19  32768  0.1093E-10
 2  16384  19  32768  0.1090E-10
 2  16384  19  32768  0.1096E-10
 2  16384  19  32768  0.1113E-10
 2  16384  20  32768  0.1010E-10
 2  16384  20  32768  0.1014E-10
 2  16384  20  32768  0.1007E-10
 2  16384  20  32768  0.9997E-11
 2  16384  20  32768  0.9988E-11
 2  16384  20  32768  0.1002E-10
 2  16384  20  32768  0.1003E-10
 2  16384  20  32768  0.9988E-11
 2  16384  20  32768  0.1013E-10
 2  16384  20  32768  0.1005E-10
