 2  4  3  8  0.9085E-07
 2  4  3  8  0.2138E-06
 2  4  3  8  0.2888E-06
 2  4  3  8  0.2778E-06
 2  4  3  8  0.2656E-06
 2  4  3  8  0.3024E-06
 2  4  3  8  0.3212E-06
 2  4  3  8  0.2531E-06
 2  4  3  8  0.2870E-06
 2  4  3  8  0.3503E-06
 2  4  4  8  0.4055E-07
 2  4  4  8  0.1738E-06
 2  4  4  8  0.1465E-06
 2  4  4  8  0.1361E-06
 2  4  4  8  0.1380E-06
 2  4  4  8  0.1263E-06
 2  4  4  8  0.1290E-06
 2  4  4  8  0.1602E-06
 2  4  4  8  0.1270E-06
 2  4  4  8  0.1445E-06
 2  4  5  8  0.2781E-07
 2  4  5  8  0.2943E-07
 2  4  5  8  0.4601E-07
 2  4  5  8  0.6668E-07
 2  4  5  8  0.6898E-07
 2  4  5  8  0.4307E-07
 2  4  5  8  0.6032E-07
 2  4  5  8  0.7836E-07
 2  4  5  8  0.4236E-07
 2  4  5  8  0.5031E-07
 2  4  6  8  0.2143E-07
 2  4  6  8  0.2035E-07
 2  4  6  8  0.5556E-07
 2  4  6  8  0.5556E-07
 2  4  6  8  0.6287E-07
 2  4  6  8  0.6172E-07
 2  4  6  8  0.6002E-07
 2  4  6  8  0.6328E-07
 2  4  6  8  0.6020E-07
 2  4  6  8  0.5809E-07
 2  4  7  8  0.1844E-07
 2  4  7  8  0.1712E-07
 2  4  7  8  0.2320E-07
 2  4  7  8  0.5210E-07
 2  4  7  8  0.5092E-07
 2  4  7  8  0.5708E-07
 2  4  7  8  0.5077E-07
 2  4  7  8  0.4993E-07
 2  4  7  8  0.4932E-07
 2  4  7  8  0.5697E-07
 2  4  8  8  0.1570E-07
 2  4  8  8  0.1435E-07
 2  4  8  8  0.1444E-07
 2  4  8  8  0.4102E-07
 2  4  8  8  0.4305E-07
 2  4  8  8  0.4344E-07
 2  4  8  8  0.4369E-07
 2  4  8  8  0.4664E-07
 2  4  8  8  0.4385E-07
 2  4  8  8  0.4354E-07
 2  4  9  8  0.1936E-07
 2  4  9  8  0.1816E-07
 2  4  9  8  0.1818E-07
 2  4  9  8  0.1843E-07
 2  4  9  8  0.3978E-07
 2  4  9  8  0.3967E-07
 2  4  9  8  0.3920E-07
 2  4  9  8  0.4309E-07
 2  4  9  8  0.3949E-07
 2  4  9  8  0.4047E-07
 2  4  10  8  0.2180E-07
 2  4  10  8  0.2104E-07
 2  4  10  8  0.2083E-07
 2  4  10  8  0.2083E-07
 2  4  10  8  0.2114E-07
 2  4  10  8  0.4388E-07
 2  4  10  8  0.4517E-07
 2  4  10  8  0.4375E-07
 2  4  10  8  0.4299E-07
 2  4  10  8  0.4308E-07
 2  4  11  8  0.1889E-07
 2  4  11  8  0.1866E-07
 2  4  11  8  0.1856E-07
 2  4  11  8  0.1856E-07
 2  4  11  8  0.1850E-07
 2  4  11  8  0.1862E-07
 2  4  11  8  0.1855E-07
 2  4  11  8  0.1853E-07
 2  4  11  8  0.1866E-07
 2  4  11  8  0.1854E-07
 2  4  12  8  0.1726E-07
 2  4  12  8  0.1691E-07
 2  4  12  8  0.1692E-07
 2  4  12  8  0.1694E-07
 2  4  12  8  0.1695E-07
 2  4  12  8  0.1697E-07
 2  4  12  8  0.1690E-07
 2  4  12  8  0.1702E-07
 2  4  12  8  0.1692E-07
 2  4  12  8  0.1693E-07
 2  4  13  8  0.1920E-07
 2  4  13  8  0.1882E-07
 2  4  13  8  0.1879E-07
 2  4  13  8  0.1879E-07
 2  4  13  8  0.1880E-07
 2  4  13  8  0.1883E-07
 2  4  13  8  0.1879E-07
 2  4  13  8  0.1906E-07
 2  4  13  8  0.3046E-07
 2  4  13  8  0.3034E-07
 2  4  14  8  0.1709E-07
 2  4  14  8  0.1662E-07
 2  4  14  8  0.1663E-07
 2  4  14  8  0.1660E-07
 2  4  14  8  0.1667E-07
 2  4  14  8  0.1664E-07
 2  4  14  8  0.1662E-07
 2  4  14  8  0.1663E-07
 2  4  14  8  0.1661E-07
 2  4  14  8  0.1663E-07
 2  4  15  8  0.1845E-07
 2  4  15  8  0.1812E-07
 2  4  15  8  0.1808E-07
 2  4  15  8  0.1809E-07
 2  4  15  8  0.1813E-07
 2  4  15  8  0.1806E-07
 2  4  15  8  0.1811E-07
 2  4  15  8  0.1807E-07
 2  4  15  8  0.1810E-07
 2  4  15  8  0.1807E-07
 2  4  16  8  0.1787E-07
 2  4  16  8  0.1759E-07
 2  4  16  8  0.1759E-07
 2  4  16  8  0.1760E-07
 2  4  16  8  0.1759E-07
 2  4  16  8  0.1759E-07
 2  4  16  8  0.1759E-07
 2  4  16  8  0.1758E-07
 2  4  16  8  0.1757E-07
 2  4  16  8  0.1755E-07
 2  4  17  8  0.2146E-07
 2  4  17  8  0.2122E-07
 2  4  17  8  0.2120E-07
 2  4  17  8  0.2121E-07
 2  4  17  8  0.2123E-07
 2  4  17  8  0.2118E-07
 2  4  17  8  0.2121E-07
 2  4  17  8  0.2119E-07
 2  4  17  8  0.2121E-07
 2  4  17  8  0.2118E-07
 2  4  18  8  0.2093E-07
 2  4  18  8  0.2075E-07
 2  4  18  8  0.2076E-07
 2  4  18  8  0.2075E-07
 2  4  18  8  0.2074E-07
 2  4  18  8  0.2079E-07
 2  4  18  8  0.2073E-07
 2  4  18  8  0.2074E-07
 2  4  18  8  0.2076E-07
 2  4  18  8  0.2075E-07
 2  4  19  8  0.2240E-07
 2  4  19  8  0.2224E-07
 2  4  19  8  0.2226E-07
 2  4  19  8  0.2224E-07
 2  4  19  8  0.2225E-07
 2  4  19  8  0.2226E-07
 2  4  19  8  0.2223E-07
 2  4  19  8  0.2224E-07
 2  4  19  8  0.2222E-07
 2  4  19  8  0.2224E-07
 2  4  20  8  0.2186E-07
 2  4  20  8  0.2164E-07
 2  4  20  8  0.2162E-07
 2  4  20  8  0.2163E-07
 2  4  20  8  0.2162E-07
 2  4  20  8  0.2162E-07
 2  4  20  8  0.2163E-07
 2  4  20  8  0.2161E-07
 2  4  20  8  0.2162E-07
 2  4  20  8  0.2163E-07
