 2  2  3  4  0.1661E-06
 2  2  3  4  0.3981E-06
 2  2  3  4  0.4996E-06
 2  2  3  4  0.5158E-06
 2  2  3  4  0.4820E-06
 2  2  3  4  0.4503E-06
 2  2  3  4  0.4415E-06
 2  2  3  4  0.4077E-06
 2  2  3  4  0.3826E-06
 2  2  3  4  0.5835E-06
 2  2  4  4  0.7292E-07
 2  2  4  4  0.1990E-06
 2  2  4  4  0.1822E-06
 2  2  4  4  0.1717E-06
 2  2  4  4  0.1667E-06
 2  2  4  4  0.1614E-06
 2  2  4  4  0.1577E-06
 2  2  4  4  0.1512E-06
 2  2  4  4  0.1471E-06
 2  2  4  4  0.1574E-06
 2  2  5  4  0.4262E-07
 2  2  5  4  0.5651E-07
 2  2  5  4  0.1400E-06
 2  2  5  4  0.1834E-06
 2  2  5  4  0.1361E-06
 2  2  5  4  0.1613E-06
 2  2  5  4  0.1426E-06
 2  2  5  4  0.1486E-06
 2  2  5  4  0.1340E-06
 2  2  5  4  0.1448E-06
 2  2  6  4  0.3232E-07
 2  2  6  4  0.3258E-07
 2  2  6  4  0.1096E-06
 2  2  6  4  0.1176E-06
 2  2  6  4  0.1208E-06
 2  2  6  4  0.1173E-06
 2  2  6  4  0.1408E-06
 2  2  6  4  0.1196E-06
 2  2  6  4  0.1115E-06
 2  2  6  4  0.1107E-06
 2  2  7  4  0.2957E-07
 2  2  7  4  0.2821E-07
 2  2  7  4  0.3461E-07
 2  2  7  4  0.9407E-07
 2  2  7  4  0.1110E-06
 2  2  7  4  0.9256E-07
 2  2  7  4  0.9181E-07
 2  2  7  4  0.9088E-07
 2  2  7  4  0.9986E-07
 2  2  7  4  0.9181E-07
 2  2  8  4  0.2494E-07
 2  2  8  4  0.2379E-07
 2  2  8  4  0.2365E-07
 2  2  8  4  0.6511E-07
 2  2  8  4  0.6414E-07
 2  2  8  4  0.6869E-07
 2  2  8  4  0.6787E-07
 2  2  8  4  0.6997E-07
 2  2  8  4  0.7016E-07
 2  2  8  4  0.7175E-07
 2  2  9  4  0.3097E-07
 2  2  9  4  0.2928E-07
 2  2  9  4  0.2895E-07
 2  2  9  4  0.2910E-07
 2  2  9  4  0.7487E-07
 2  2  9  4  0.7211E-07
 2  2  9  4  0.7190E-07
 2  2  9  4  0.7086E-07
 2  2  9  4  0.7168E-07
 2  2  9  4  0.7121E-07
 2  2  10  4  0.3405E-07
 2  2  10  4  0.3333E-07
 2  2  10  4  0.3342E-07
 2  2  10  4  0.3329E-07
 2  2  10  4  0.3384E-07
 2  2  10  4  0.8009E-07
 2  2  10  4  0.7735E-07
 2  2  10  4  0.7727E-07
 2  2  10  4  0.8142E-07
 2  2  10  4  0.7701E-07
 2  2  11  4  0.3527E-07
 2  2  11  4  0.3478E-07
 2  2  11  4  0.3466E-07
 2  2  11  4  0.3471E-07
 2  2  11  4  0.3480E-07
 2  2  11  4  0.3489E-07
 2  2  11  4  0.6317E-07
 2  2  11  4  0.6223E-07
 2  2  11  4  0.6241E-07
 2  2  11  4  0.6443E-07
 2  2  12  4  0.3175E-07
 2  2  12  4  0.3140E-07
 2  2  12  4  0.3144E-07
 2  2  12  4  0.3136E-07
 2  2  12  4  0.3143E-07
 2  2  12  4  0.3144E-07
 2  2  12  4  0.3146E-07
 2  2  12  4  0.5213E-07
 2  2  12  4  0.5218E-07
 2  2  12  4  0.5425E-07
 2  2  13  4  0.3300E-07
 2  2  13  4  0.3256E-07
 2  2  13  4  0.3256E-07
 2  2  13  4  0.3258E-07
 2  2  13  4  0.3259E-07
 2  2  13  4  0.3256E-07
 2  2  13  4  0.3261E-07
 2  2  13  4  0.3275E-07
 2  2  13  4  0.5245E-07
 2  2  13  4  0.5132E-07
 2  2  14  4  0.3192E-07
 2  2  14  4  0.3141E-07
 2  2  14  4  0.3153E-07
 2  2  14  4  0.3146E-07
 2  2  14  4  0.3143E-07
 2  2  14  4  0.3145E-07
 2  2  14  4  0.3145E-07
 2  2  14  4  0.3148E-07
 2  2  14  4  0.3197E-07
 2  2  14  4  0.4638E-07
 2  2  15  4  0.3474E-07
 2  2  15  4  0.3426E-07
 2  2  15  4  0.3432E-07
 2  2  15  4  0.3429E-07
 2  2  15  4  0.3424E-07
 2  2  15  4  0.3428E-07
 2  2  15  4  0.3425E-07
 2  2  15  4  0.3428E-07
 2  2  15  4  0.3430E-07
 2  2  15  4  0.4817E-07
 2  2  16  4  0.3391E-07
 2  2  16  4  0.3358E-07
 2  2  16  4  0.3355E-07
 2  2  16  4  0.3355E-07
 2  2  16  4  0.3360E-07
 2  2  16  4  0.3359E-07
 2  2  16  4  0.3357E-07
 2  2  16  4  0.3358E-07
 2  2  16  4  0.3356E-07
 2  2  16  4  0.3356E-07
 2  2  17  4  0.4116E-07
 2  2  17  4  0.4093E-07
 2  2  17  4  0.4087E-07
 2  2  17  4  0.4089E-07
 2  2  17  4  0.4093E-07
 2  2  17  4  0.4093E-07
 2  2  17  4  0.4094E-07
 2  2  17  4  0.4094E-07
 2  2  17  4  0.4097E-07
 2  2  17  4  0.4092E-07
 2  2  18  4  0.4046E-07
 2  2  18  4  0.4015E-07
 2  2  18  4  0.4013E-07
 2  2  18  4  0.4016E-07
 2  2  18  4  0.4022E-07
 2  2  18  4  0.4013E-07
 2  2  18  4  0.4017E-07
 2  2  18  4  0.4018E-07
 2  2  18  4  0.4036E-07
 2  2  18  4  0.4014E-07
 2  2  19  4  0.4280E-07
 2  2  19  4  0.4260E-07
 2  2  19  4  0.4260E-07
 2  2  19  4  0.4258E-07
 2  2  19  4  0.4259E-07
 2  2  19  4  0.4261E-07
 2  2  19  4  0.4263E-07
 2  2  19  4  0.4258E-07
 2  2  19  4  0.4260E-07
 2  2  19  4  0.4257E-07
 2  2  20  4  0.4204E-07
 2  2  20  4  0.4205E-07
 2  2  20  4  0.4192E-07
 2  2  20  4  0.4193E-07
 2  2  20  4  0.4192E-07
 2  2  20  4  0.4193E-07
 2  2  20  4  0.4197E-07
 2  2  20  4  0.4184E-07
 2  2  20  4  0.4194E-07
 2  2  20  4  0.4191E-07
