 2  8192  3  16384  0.7581E-09
 2  8192  3  16384  0.7506E-09
 2  8192  3  16384  0.7405E-09
 2  8192  3  16384  0.7511E-09
 2  8192  3  16384  0.7587E-09
 2  8192  3  16384  0.7766E-09
 2  8192  3  16384  0.8080E-09
 2  8192  3  16384  0.8100E-09
 2  8192  3  16384  0.8097E-09
 2  8192  3  16384  0.8122E-09
 2  8192  4  16384  0.3386E-09
 2  8192  4  16384  0.3251E-09
 2  8192  4  16384  0.3288E-09
 2  8192  4  16384  0.3182E-09
 2  8192  4  16384  0.3368E-09
 2  8192  4  16384  0.3316E-09
 2  8192  4  16384  0.3347E-09
 2  8192  4  16384  0.3301E-09
 2  8192  4  16384  0.3398E-09
 2  8192  4  16384  0.3374E-09
 2  8192  5  16384  0.1859E-09
 2  8192  5  16384  0.1758E-09
 2  8192  5  16384  0.1750E-09
 2  8192  5  16384  0.1733E-09
 2  8192  5  16384  0.1741E-09
 2  8192  5  16384  0.1739E-09
 2  8192  5  16384  0.1725E-09
 2  8192  5  16384  0.2307E-09
 2  8192  5  16384  0.2517E-09
 2  8192  5  16384  0.2341E-09
 2  8192  6  16384  0.1263E-09
 2  8192  6  16384  0.1145E-09
 2  8192  6  16384  0.1174E-09
 2  8192  6  16384  0.1125E-09
 2  8192  6  16384  0.1107E-09
 2  8192  6  16384  0.1128E-09
 2  8192  6  16384  0.1171E-09
 2  8192  6  16384  0.1159E-09
 2  8192  6  16384  0.1186E-09
 2  8192  6  16384  0.1148E-09
 2  8192  7  16384  0.7955E-10
 2  8192  7  16384  0.7694E-10
 2  8192  7  16384  0.8012E-10
 2  8192  7  16384  0.8335E-10
 2  8192  7  16384  0.8522E-10
 2  8192  7  16384  0.8491E-10
 2  8192  7  16384  0.7953E-10
 2  8192  7  16384  0.7822E-10
 2  8192  7  16384  0.7611E-10
 2  8192  7  16384  0.7796E-10
 2  8192  8  16384  0.6222E-10
 2  8192  8  16384  0.5919E-10
 2  8192  8  16384  0.5914E-10
 2  8192  8  16384  0.6258E-10
 2  8192  8  16384  0.6641E-10
 2  8192  8  16384  0.6542E-10
 2  8192  8  16384  0.6051E-10
 2  8192  8  16384  0.5885E-10
 2  8192  8  16384  0.5832E-10
 2  8192  8  16384  0.6184E-10
 2  8192  9  16384  0.5441E-10
 2  8192  9  16384  0.5316E-10
 2  8192  9  16384  0.5167E-10
 2  8192  9  16384  0.5239E-10
 2  8192  9  16384  0.5278E-10
 2  8192  9  16384  0.5469E-10
 2  8192  9  16384  0.5413E-10
 2  8192  9  16384  0.5218E-10
 2  8192  9  16384  0.5239E-10
 2  8192  9  16384  0.5214E-10
 2  8192  10  16384  0.4293E-10
 2  8192  10  16384  0.4078E-10
 2  8192  10  16384  0.4177E-10
 2  8192  10  16384  0.4481E-10
 2  8192  10  16384  0.4466E-10
 2  8192  10  16384  0.4220E-10
 2  8192  10  16384  0.4147E-10
 2  8192  10  16384  0.4245E-10
 2  8192  10  16384  0.4490E-10
 2  8192  10  16384  0.4379E-10
 2  8192  11  16384  0.3698E-10
 2  8192  11  16384  0.3603E-10
 2  8192  11  16384  0.3638E-10
 2  8192  11  16384  0.3751E-10
 2  8192  11  16384  0.3695E-10
 2  8192  11  16384  0.3618E-10
 2  8192  11  16384  0.3673E-10
 2  8192  11  16384  0.3712E-10
 2  8192  11  16384  0.3746E-10
 2  8192  11  16384  0.3608E-10
 2  8192  12  16384  0.2917E-10
 2  8192  12  16384  0.2872E-10
 2  8192  12  16384  0.3084E-10
 2  8192  12  16384  0.3071E-10
 2  8192  12  16384  0.2920E-10
 2  8192  12  16384  0.2925E-10
 2  8192  12  16384  0.3139E-10
 2  8192  12  16384  0.3056E-10
 2  8192  12  16384  0.2909E-10
 2  8192  12  16384  0.2961E-10
 2  8192  13  16384  0.2634E-10
 2  8192  13  16384  0.2673E-10
 2  8192  13  16384  0.2611E-10
 2  8192  13  16384  0.2561E-10
 2  8192  13  16384  0.2648E-10
 2  8192  13  16384  0.2654E-10
 2  8192  13  16384  0.2587E-10
 2  8192  13  16384  0.2590E-10
 2  8192  13  16384  0.2681E-10
 2  8192  13  16384  0.2647E-10
 2  8192  14  16384  0.2240E-10
 2  8192  14  16384  0.2245E-10
 2  8192  14  16384  0.2275E-10
 2  8192  14  16384  0.2243E-10
 2  8192  14  16384  0.2243E-10
 2  8192  14  16384  0.2271E-10
 2  8192  14  16384  0.2229E-10
 2  8192  14  16384  0.2256E-10
 2  8192  14  16384  0.2244E-10
 2  8192  14  16384  0.2250E-10
 2  8192  15  16384  0.2079E-10
 2  8192  15  16384  0.2080E-10
 2  8192  15  16384  0.2074E-10
 2  8192  15  16384  0.2060E-10
 2  8192  15  16384  0.2082E-10
 2  8192  15  16384  0.2088E-10
 2  8192  15  16384  0.2080E-10
 2  8192  15  16384  0.2098E-10
 2  8192  15  16384  0.2090E-10
 2  8192  15  16384  0.2055E-10
 2  8192  16  16384  0.1896E-10
 2  8192  16  16384  0.1846E-10
 2  8192  16  16384  0.1829E-10
 2  8192  16  16384  0.1879E-10
 2  8192  16  16384  0.1793E-10
 2  8192  16  16384  0.1873E-10
 2  8192  16  16384  0.1916E-10
 2  8192  16  16384  0.1817E-10
 2  8192  16  16384  0.1929E-10
 2  8192  16  16384  0.1837E-10
 2  8192  17  16384  0.1907E-10
 2  8192  17  16384  0.1887E-10
 2  8192  17  16384  0.1875E-10
 2  8192  17  16384  0.1891E-10
 2  8192  17  16384  0.1866E-10
 2  8192  17  16384  0.1894E-10
 2  8192  17  16384  0.1850E-10
 2  8192  17  16384  0.1890E-10
 2  8192  17  16384  0.1881E-10
 2  8192  17  16384  0.1899E-10
 2  8192  18  16384  0.1771E-10
 2  8192  18  16384  0.1782E-10
 2  8192  18  16384  0.1763E-10
 2  8192  18  16384  0.1787E-10
 2  8192  18  16384  0.1741E-10
 2  8192  18  16384  0.1783E-10
 2  8192  18  16384  0.1738E-10
 2  8192  18  16384  0.1766E-10
 2  8192  18  16384  0.1749E-10
 2  8192  18  16384  0.1776E-10
 2  8192  19  16384  0.1737E-10
 2  8192  19  16384  0.1735E-10
 2  8192  19  16384  0.1728E-10
 2  8192  19  16384  0.1731E-10
 2  8192  19  16384  0.1724E-10
 2  8192  19  16384  0.1736E-10
 2  8192  19  16384  0.1736E-10
 2  8192  19  16384  0.1723E-10
 2  8192  19  16384  0.1747E-10
 2  8192  19  16384  0.1718E-10
 2  8192  20  16384  0.1648E-10
 2  8192  20  16384  0.1645E-10
 2  8192  20  16384  0.1636E-10
 2  8192  20  16384  0.1654E-10
 2  8192  20  16384  0.1646E-10
 2  8192  20  16384  0.1631E-10
 2  8192  20  16384  0.1646E-10
 2  8192  20  16384  0.1649E-10
 2  8192  20  16384  0.1639E-10
 2  8192  20  16384  0.1649E-10
