 2  4  3  8  0.3624E-06
 2  4  3  8  0.2918E-06
 2  4  3  8  0.2373E-06
 2  4  3  8  0.2300E-06
 2  4  3  8  0.2454E-06
 2  4  3  8  0.2484E-06
 2  4  3  8  0.2266E-06
 2  4  3  8  0.2222E-06
 2  4  3  8  0.2222E-06
 2  4  3  8  0.2222E-06
 2  4  4  8  0.1537E-06
 2  4  4  8  0.1139E-06
 2  4  4  8  0.1178E-06
 2  4  4  8  0.1048E-06
 2  4  4  8  0.1302E-06
 2  4  4  8  0.1048E-06
 2  4  4  8  0.1042E-06
 2  4  4  8  0.1060E-06
 2  4  4  8  0.1094E-06
 2  4  4  8  0.1029E-06
 2  4  5  8  0.7971E-07
 2  4  5  8  0.5635E-07
 2  4  5  8  0.5269E-07
 2  4  5  8  0.3735E-07
 2  4  5  8  0.5396E-07
 2  4  5  8  0.5301E-07
 2  4  5  8  0.3695E-07
 2  4  5  8  0.5301E-07
 2  4  5  8  0.6032E-07
 2  4  5  8  0.6700E-07
 2  4  6  8  0.6637E-07
 2  4  6  8  0.5436E-07
 2  4  6  8  0.5188E-07
 2  4  6  8  0.5110E-07
 2  4  6  8  0.5326E-07
 2  4  6  8  0.5386E-07
 2  4  6  8  0.6195E-07
 2  4  6  8  0.5169E-07
 2  4  6  8  0.5091E-07
 2  4  6  8  0.5110E-07
 2  4  7  8  0.4703E-07
 2  4  7  8  0.4214E-07
 2  4  7  8  0.4069E-07
 2  4  7  8  0.4069E-07
 2  4  7  8  0.4130E-07
 2  4  7  8  0.4046E-07
 2  4  7  8  0.4034E-07
 2  4  7  8  0.4385E-07
 2  4  7  8  0.4104E-07
 2  4  7  8  0.4081E-07
 2  4  8  8  0.4168E-07
 2  4  8  8  0.3882E-07
 2  4  8  8  0.4362E-07
 2  4  8  8  0.3972E-07
 2  4  8  8  0.3906E-07
 2  4  8  8  0.3824E-07
 2  4  8  8  0.3882E-07
 2  4  8  8  0.3849E-07
 2  4  8  8  0.4158E-07
 2  4  8  8  0.3857E-07
 2  4  9  8  0.4258E-07
 2  4  9  8  0.3915E-07
 2  4  9  8  0.3715E-07
 2  4  9  8  0.3589E-07
 2  4  9  8  0.3613E-07
 2  4  9  8  0.3625E-07
 2  4  9  8  0.3956E-07
 2  4  9  8  0.3618E-07
 2  4  9  8  0.3641E-07
 2  4  9  8  0.3584E-07
 2  4  10  8  0.5043E-07
 2  4  10  8  0.4096E-07
 2  4  10  8  0.4166E-07
 2  4  10  8  0.4328E-07
 2  4  10  8  0.4108E-07
 2  4  10  8  0.4150E-07
 2  4  10  8  0.4113E-07
 2  4  10  8  0.4533E-07
 2  4  10  8  0.4108E-07
 2  4  10  8  0.4129E-07
 2  4  11  8  0.1843E-07
 2  4  11  8  0.1829E-07
 2  4  11  8  0.1817E-07
 2  4  11  8  0.1821E-07
 2  4  11  8  0.1817E-07
 2  4  11  8  0.1825E-07
 2  4  11  8  0.1827E-07
 2  4  11  8  0.1818E-07
 2  4  11  8  0.1820E-07
 2  4  11  8  0.1818E-07
 2  4  12  8  0.1664E-07
 2  4  12  8  0.1657E-07
 2  4  12  8  0.1660E-07
 2  4  12  8  0.1663E-07
 2  4  12  8  0.1658E-07
 2  4  12  8  0.1659E-07
 2  4  12  8  0.1661E-07
 2  4  12  8  0.1659E-07
 2  4  12  8  0.1655E-07
 2  4  12  8  0.1658E-07
 2  4  13  8  0.3252E-07
 2  4  13  8  0.2873E-07
 2  4  13  8  0.2937E-07
 2  4  13  8  0.2850E-07
 2  4  13  8  0.2832E-07
 2  4  13  8  0.2926E-07
 2  4  13  8  0.2833E-07
 2  4  13  8  0.2915E-07
 2  4  13  8  0.2831E-07
 2  4  13  8  0.2961E-07
 2  4  14  8  0.1600E-07
 2  4  14  8  0.1599E-07
 2  4  14  8  0.1596E-07
 2  4  14  8  0.1599E-07
 2  4  14  8  0.1598E-07
 2  4  14  8  0.1596E-07
 2  4  14  8  0.1597E-07
 2  4  14  8  0.1595E-07
 2  4  14  8  0.1598E-07
 2  4  14  8  0.1597E-07
 2  4  15  8  0.1752E-07
 2  4  15  8  0.1746E-07
 2  4  15  8  0.1746E-07
 2  4  15  8  0.1745E-07
 2  4  15  8  0.1747E-07
 2  4  15  8  0.1746E-07
 2  4  15  8  0.1745E-07
 2  4  15  8  0.1751E-07
 2  4  15  8  0.1747E-07
 2  4  15  8  0.1747E-07
 2  4  16  8  0.1705E-07
 2  4  16  8  0.1702E-07
 2  4  16  8  0.1710E-07
 2  4  16  8  0.1702E-07
 2  4  16  8  0.1701E-07
 2  4  16  8  0.1705E-07
 2  4  16  8  0.1701E-07
 2  4  16  8  0.1700E-07
 2  4  16  8  0.1702E-07
 2  4  16  8  0.1704E-07
 2  4  17  8  0.2073E-07
 2  4  17  8  0.2166E-07
 2  4  17  8  0.2072E-07
 2  4  17  8  0.2075E-07
 2  4  17  8  0.2072E-07
 2  4  17  8  0.2073E-07
 2  4  17  8  0.2073E-07
 2  4  17  8  0.2074E-07
 2  4  17  8  0.2072E-07
 2  4  17  8  0.2072E-07
 2  4  18  8  0.2029E-07
 2  4  18  8  0.2025E-07
 2  4  18  8  0.2025E-07
 2  4  18  8  0.2025E-07
 2  4  18  8  0.2026E-07
 2  4  18  8  0.2025E-07
 2  4  18  8  0.2025E-07
 2  4  18  8  0.2027E-07
 2  4  18  8  0.2027E-07
 2  4  18  8  0.2025E-07
 2  4  19  8  0.2170E-07
 2  4  19  8  0.2168E-07
 2  4  19  8  0.2169E-07
 2  4  19  8  0.2168E-07
 2  4  19  8  0.2168E-07
 2  4  19  8  0.2169E-07
 2  4  19  8  0.2167E-07
 2  4  19  8  0.2168E-07
 2  4  19  8  0.2168E-07
 2  4  19  8  0.2168E-07
 2  4  20  8  0.2115E-07
 2  4  20  8  0.2116E-07
 2  4  20  8  0.2115E-07
 2  4  20  8  0.2117E-07
 2  4  20  8  0.2115E-07
 2  4  20  8  0.2114E-07
 2  4  20  8  0.2116E-07
 2  4  20  8  0.2114E-07
 2  4  20  8  0.2117E-07
 2  4  20  8  0.2114E-07
