 2  32  3  64  0.4091E-07
 2  32  3  64  0.4068E-07
 2  32  3  64  0.4052E-07
 2  32  3  64  0.4062E-07
 2  32  3  64  0.4041E-07
 2  32  4  64  0.1578E-07
 2  32  4  64  0.1572E-07
 2  32  4  64  0.1583E-07
 2  32  4  64  0.1575E-07
 2  32  4  64  0.1573E-07
 2  32  5  64  0.9502E-08
 2  32  5  64  0.9500E-08
 2  32  5  64  0.9549E-08
 2  32  5  64  0.9553E-08
 2  32  5  64  0.9506E-08
 2  32  6  64  0.6343E-08
 2  32  6  64  0.6322E-08
 2  32  6  64  0.6314E-08
 2  32  6  64  0.6325E-08
 2  32  6  64  0.6380E-08
 2  32  7  64  0.4852E-08
 2  32  7  64  0.4839E-08
 2  32  7  64  0.4840E-08
 2  32  7  64  0.4935E-08
 2  32  7  64  0.4846E-08
 2  32  8  64  0.4163E-08
 2  32  8  64  0.4141E-08
 2  32  8  64  0.4157E-08
 2  32  8  64  0.4147E-08
 2  32  8  64  0.4157E-08
 2  32  9  64  0.4219E-08
 2  32  9  64  0.4201E-08
 2  32  9  64  0.4212E-08
 2  32  9  64  0.4205E-08
 2  32  9  64  0.4193E-08
 2  32  10  64  0.4533E-08
 2  32  10  64  0.4536E-08
 2  32  10  64  0.4555E-08
 2  32  10  64  0.4556E-08
 2  32  10  64  0.4542E-08
 2  32  11  64  0.4761E-08
 2  32  11  64  0.4763E-08
 2  32  11  64  0.4758E-08
 2  32  11  64  0.4779E-08
 2  32  11  64  0.4771E-08
 2  32  12  64  0.4296E-08
 2  32  12  64  0.4306E-08
 2  32  12  64  0.4286E-08
 2  32  12  64  0.4290E-08
 2  32  12  64  0.4290E-08
 2  32  13  64  0.4227E-08
 2  32  13  64  0.4218E-08
 2  32  13  64  0.4216E-08
 2  32  13  64  0.4233E-08
 2  32  13  64  0.4229E-08
 2  32  14  64  0.3827E-08
 2  32  14  64  0.3824E-08
 2  32  14  64  0.3834E-08
 2  32  14  64  0.3829E-08
 2  32  14  64  0.3822E-08
 2  32  15  64  0.3826E-08
 2  32  15  64  0.3824E-08
 2  32  15  64  0.3824E-08
 2  32  15  64  0.3825E-08
 2  32  15  64  0.3825E-08
 2  32  16  64  0.3620E-08
 2  32  16  64  0.3614E-08
 2  32  16  64  0.3622E-08
 2  32  16  64  0.3625E-08
 2  32  16  64  0.3617E-08
 2  32  17  64  0.3949E-08
 2  32  17  64  0.3946E-08
 2  32  17  64  0.3955E-08
 2  32  17  64  0.3950E-08
 2  32  17  64  0.3948E-08
 2  32  18  64  0.3817E-08
 2  32  18  64  0.3811E-08
 2  32  18  64  0.3817E-08
 2  32  18  64  0.3809E-08
 2  32  18  64  0.3821E-08
 2  32  19  64  0.3824E-08
 2  32  19  64  0.3832E-08
 2  32  19  64  0.3827E-08
 2  32  19  64  0.3831E-08
 2  32  19  64  0.3828E-08
 2  32  20  64  0.3740E-08
 2  32  20  64  0.3739E-08
 2  32  20  64  0.3740E-08
 2  32  20  64  0.3742E-08
 2  32  20  64  0.3745E-08
