 2  4096  3  8192  0.1887E-08
 2  4096  3  8192  0.1864E-08
 2  4096  3  8192  0.1883E-08
 2  4096  3  8192  0.1922E-08
 2  4096  3  8192  0.1956E-08
 2  4096  3  8192  0.1900E-08
 2  4096  3  8192  0.1896E-08
 2  4096  3  8192  0.1893E-08
 2  4096  3  8192  0.1823E-08
 2  4096  3  8192  0.1808E-08
 2  4096  4  8192  0.8316E-09
 2  4096  4  8192  0.8052E-09
 2  4096  4  8192  0.7950E-09
 2  4096  4  8192  0.7920E-09
 2  4096  4  8192  0.8029E-09
 2  4096  4  8192  0.8403E-09
 2  4096  4  8192  0.8217E-09
 2  4096  4  8192  0.8489E-09
 2  4096  4  8192  0.8142E-09
 2  4096  4  8192  0.7940E-09
 2  4096  5  8192  0.4468E-09
 2  4096  5  8192  0.4476E-09
 2  4096  5  8192  0.4422E-09
 2  4096  5  8192  0.4309E-09
 2  4096  5  8192  0.4257E-09
 2  4096  5  8192  0.4322E-09
 2  4096  5  8192  0.4443E-09
 2  4096  5  8192  0.4545E-09
 2  4096  5  8192  0.4536E-09
 2  4096  5  8192  0.4405E-09
 2  4096  6  8192  0.2944E-09
 2  4096  6  8192  0.3074E-09
 2  4096  6  8192  0.3062E-09
 2  4096  6  8192  0.2962E-09
 2  4096  6  8192  0.2867E-09
 2  4096  6  8192  0.2849E-09
 2  4096  6  8192  0.2851E-09
 2  4096  6  8192  0.2978E-09
 2  4096  6  8192  0.3041E-09
 2  4096  6  8192  0.3008E-09
 2  4096  7  8192  0.2017E-09
 2  4096  7  8192  0.2064E-09
 2  4096  7  8192  0.2109E-09
 2  4096  7  8192  0.2111E-09
 2  4096  7  8192  0.2059E-09
 2  4096  7  8192  0.2030E-09
 2  4096  7  8192  0.2022E-09
 2  4096  7  8192  0.2107E-09
 2  4096  7  8192  0.2117E-09
 2  4096  7  8192  0.2120E-09
 2  4096  8  8192  0.1627E-09
 2  4096  8  8192  0.1614E-09
 2  4096  8  8192  0.1613E-09
 2  4096  8  8192  0.1605E-09
 2  4096  8  8192  0.1612E-09
 2  4096  8  8192  0.1610E-09
 2  4096  8  8192  0.1589E-09
 2  4096  8  8192  0.1601E-09
 2  4096  8  8192  0.1606E-09
 2  4096  8  8192  0.1618E-09
 2  4096  9  8192  0.1313E-09
 2  4096  9  8192  0.1365E-09
 2  4096  9  8192  0.1303E-09
 2  4096  9  8192  0.1261E-09
 2  4096  9  8192  0.1278E-09
 2  4096  9  8192  0.1340E-09
 2  4096  9  8192  0.1333E-09
 2  4096  9  8192  0.1257E-09
 2  4096  9  8192  0.1261E-09
 2  4096  9  8192  0.1313E-09
 2  4096  10  8192  0.1120E-09
 2  4096  10  8192  0.1065E-09
 2  4096  10  8192  0.1042E-09
 2  4096  10  8192  0.1082E-09
 2  4096  10  8192  0.1084E-09
 2  4096  10  8192  0.1063E-09
 2  4096  10  8192  0.1045E-09
 2  4096  10  8192  0.1099E-09
 2  4096  10  8192  0.1095E-09
 2  4096  10  8192  0.1053E-09
 2  4096  11  8192  0.8993E-10
 2  4096  11  8192  0.8919E-10
 2  4096  11  8192  0.8724E-10
 2  4096  11  8192  0.8917E-10
 2  4096  11  8192  0.8919E-10
 2  4096  11  8192  0.8833E-10
 2  4096  11  8192  0.8763E-10
 2  4096  11  8192  0.9015E-10
 2  4096  11  8192  0.8895E-10
 2  4096  11  8192  0.8729E-10
 2  4096  12  8192  0.7377E-10
 2  4096  12  8192  0.7113E-10
 2  4096  12  8192  0.7277E-10
 2  4096  12  8192  0.7405E-10
 2  4096  12  8192  0.7165E-10
 2  4096  12  8192  0.7225E-10
 2  4096  12  8192  0.7457E-10
 2  4096  12  8192  0.7069E-10
 2  4096  12  8192  0.7098E-10
 2  4096  12  8192  0.7349E-10
 2  4096  13  8192  0.6181E-10
 2  4096  13  8192  0.6238E-10
 2  4096  13  8192  0.6454E-10
 2  4096  13  8192  0.6129E-10
 2  4096  13  8192  0.6743E-10
 2  4096  13  8192  0.6330E-10
 2  4096  13  8192  0.6223E-10
 2  4096  13  8192  0.6441E-10
 2  4096  13  8192  0.6359E-10
 2  4096  13  8192  0.6127E-10
 2  4096  14  8192  0.5408E-10
 2  4096  14  8192  0.5394E-10
 2  4096  14  8192  0.5257E-10
 2  4096  14  8192  0.5504E-10
 2  4096  14  8192  0.5359E-10
 2  4096  14  8192  0.5269E-10
 2  4096  14  8192  0.5461E-10
 2  4096  14  8192  0.5284E-10
 2  4096  14  8192  0.5342E-10
 2  4096  14  8192  0.5410E-10
 2  4096  15  8192  0.4969E-10
 2  4096  15  8192  0.4942E-10
 2  4096  15  8192  0.4941E-10
 2  4096  15  8192  0.4905E-10
 2  4096  15  8192  0.4938E-10
 2  4096  15  8192  0.4964E-10
 2  4096  15  8192  0.4970E-10
 2  4096  15  8192  0.4925E-10
 2  4096  15  8192  0.4928E-10
 2  4096  15  8192  0.4944E-10
 2  4096  16  8192  0.4457E-10
 2  4096  16  8192  0.4391E-10
 2  4096  16  8192  0.4474E-10
 2  4096  16  8192  0.4353E-10
 2  4096  16  8192  0.4444E-10
 2  4096  16  8192  0.4358E-10
 2  4096  16  8192  0.4444E-10
 2  4096  16  8192  0.4357E-10
 2  4096  16  8192  0.4443E-10
 2  4096  16  8192  0.4467E-10
 2  4096  17  8192  0.4421E-10
 2  4096  17  8192  0.4319E-10
 2  4096  17  8192  0.4382E-10
 2  4096  17  8192  0.4319E-10
 2  4096  17  8192  0.4373E-10
 2  4096  17  8192  0.4347E-10
 2  4096  17  8192  0.4385E-10
 2  4096  17  8192  0.4392E-10
 2  4096  17  8192  0.4311E-10
 2  4096  17  8192  0.4402E-10
 2  4096  18  8192  0.4139E-10
 2  4096  18  8192  0.4070E-10
 2  4096  18  8192  0.3996E-10
 2  4096  18  8192  0.4062E-10
 2  4096  18  8192  0.4041E-10
 2  4096  18  8192  0.4070E-10
 2  4096  18  8192  0.4014E-10
 2  4096  18  8192  0.4038E-10
 2  4096  18  8192  0.4057E-10
 2  4096  18  8192  0.4068E-10
 2  4096  19  8192  0.3985E-10
 2  4096  19  8192  0.4034E-10
 2  4096  19  8192  0.3919E-10
 2  4096  19  8192  0.3942E-10
 2  4096  19  8192  0.3968E-10
 2  4096  19  8192  0.3932E-10
 2  4096  19  8192  0.3943E-10
 2  4096  19  8192  0.3982E-10
 2  4096  19  8192  0.3978E-10
 2  4096  19  8192  0.3956E-10
 2  4096  20  8192  0.3647E-10
 2  4096  20  8192  0.3642E-10
 2  4096  20  8192  0.3646E-10
 2  4096  20  8192  0.3634E-10
 2  4096  20  8192  0.3655E-10
 2  4096  20  8192  0.3651E-10
 2  4096  20  8192  0.3663E-10
 2  4096  20  8192  0.3646E-10
 2  4096  20  8192  0.3665E-10
 2  4096  20  8192  0.3675E-10
