 2  2048  3  4096  0.2786E-08
 2  2048  3  4096  0.2972E-08
 2  2048  3  4096  0.2750E-08
 2  2048  3  4096  0.2790E-08
 2  2048  3  4096  0.2753E-08
 2  2048  3  4096  0.2877E-08
 2  2048  3  4096  0.2834E-08
 2  2048  3  4096  0.2815E-08
 2  2048  3  4096  0.2838E-08
 2  2048  3  4096  0.2755E-08
 2  2048  4  4096  0.1124E-08
 2  2048  4  4096  0.1101E-08
 2  2048  4  4096  0.1166E-08
 2  2048  4  4096  0.1191E-08
 2  2048  4  4096  0.1164E-08
 2  2048  4  4096  0.1197E-08
 2  2048  4  4096  0.1190E-08
 2  2048  4  4096  0.1148E-08
 2  2048  4  4096  0.1127E-08
 2  2048  4  4096  0.1112E-08
 2  2048  5  4096  0.6398E-09
 2  2048  5  4096  0.6349E-09
 2  2048  5  4096  0.6206E-09
 2  2048  5  4096  0.6146E-09
 2  2048  5  4096  0.6114E-09
 2  2048  5  4096  0.6050E-09
 2  2048  5  4096  0.6210E-09
 2  2048  5  4096  0.6178E-09
 2  2048  5  4096  0.6230E-09
 2  2048  5  4096  0.6274E-09
 2  2048  6  4096  0.4342E-09
 2  2048  6  4096  0.4190E-09
 2  2048  6  4096  0.4292E-09
 2  2048  6  4096  0.4090E-09
 2  2048  6  4096  0.4094E-09
 2  2048  6  4096  0.4244E-09
 2  2048  6  4096  0.4350E-09
 2  2048  6  4096  0.4229E-09
 2  2048  6  4096  0.4372E-09
 2  2048  6  4096  0.4219E-09
 2  2048  7  4096  0.2988E-09
 2  2048  7  4096  0.2920E-09
 2  2048  7  4096  0.2887E-09
 2  2048  7  4096  0.2875E-09
 2  2048  7  4096  0.2982E-09
 2  2048  7  4096  0.3046E-09
 2  2048  7  4096  0.3080E-09
 2  2048  7  4096  0.3051E-09
 2  2048  7  4096  0.2924E-09
 2  2048  7  4096  0.2956E-09
 2  2048  8  4096  0.2385E-09
 2  2048  8  4096  0.2335E-09
 2  2048  8  4096  0.2381E-09
 2  2048  8  4096  0.2370E-09
 2  2048  8  4096  0.2326E-09
 2  2048  8  4096  0.2348E-09
 2  2048  8  4096  0.2366E-09
 2  2048  8  4096  0.2343E-09
 2  2048  8  4096  0.2329E-09
 2  2048  8  4096  0.2347E-09
 2  2048  9  4096  0.1994E-09
 2  2048  9  4096  0.1968E-09
 2  2048  9  4096  0.1957E-09
 2  2048  9  4096  0.1979E-09
 2  2048  9  4096  0.1987E-09
 2  2048  9  4096  0.1969E-09
 2  2048  9  4096  0.1980E-09
 2  2048  9  4096  0.1988E-09
 2  2048  9  4096  0.1970E-09
 2  2048  9  4096  0.1984E-09
 2  2048  10  4096  0.1643E-09
 2  2048  10  4096  0.1630E-09
 2  2048  10  4096  0.1660E-09
 2  2048  10  4096  0.1661E-09
 2  2048  10  4096  0.1633E-09
 2  2048  10  4096  0.1637E-09
 2  2048  10  4096  0.1638E-09
 2  2048  10  4096  0.1647E-09
 2  2048  10  4096  0.1653E-09
 2  2048  10  4096  0.1638E-09
 2  2048  11  4096  0.1399E-09
 2  2048  11  4096  0.1401E-09
 2  2048  11  4096  0.1450E-09
 2  2048  11  4096  0.1436E-09
 2  2048  11  4096  0.1390E-09
 2  2048  11  4096  0.1378E-09
 2  2048  11  4096  0.1441E-09
 2  2048  11  4096  0.1424E-09
 2  2048  11  4096  0.1404E-09
 2  2048  11  4096  0.1382E-09
 2  2048  12  4096  0.1152E-09
 2  2048  12  4096  0.1143E-09
 2  2048  12  4096  0.1169E-09
 2  2048  12  4096  0.1162E-09
 2  2048  12  4096  0.1135E-09
 2  2048  12  4096  0.1149E-09
 2  2048  12  4096  0.1175E-09
 2  2048  12  4096  0.1177E-09
 2  2048  12  4096  0.1135E-09
 2  2048  12  4096  0.1140E-09
 2  2048  13  4096  0.1017E-09
 2  2048  13  4096  0.1022E-09
 2  2048  13  4096  0.1024E-09
 2  2048  13  4096  0.1027E-09
 2  2048  13  4096  0.1017E-09
 2  2048  13  4096  0.1018E-09
 2  2048  13  4096  0.1039E-09
 2  2048  13  4096  0.1016E-09
 2  2048  13  4096  0.1026E-09
 2  2048  13  4096  0.1029E-09
 2  2048  14  4096  0.8804E-10
 2  2048  14  4096  0.8690E-10
 2  2048  14  4096  0.8959E-10
 2  2048  14  4096  0.8724E-10
 2  2048  14  4096  0.8637E-10
 2  2048  14  4096  0.8823E-10
 2  2048  14  4096  0.8782E-10
 2  2048  14  4096  0.8657E-10
 2  2048  14  4096  0.8716E-10
 2  2048  14  4096  0.8854E-10
 2  2048  15  4096  0.8374E-10
 2  2048  15  4096  0.8116E-10
 2  2048  15  4096  0.8214E-10
 2  2048  15  4096  0.8265E-10
 2  2048  15  4096  0.8148E-10
 2  2048  15  4096  0.8212E-10
 2  2048  15  4096  0.8270E-10
 2  2048  15  4096  0.8140E-10
 2  2048  15  4096  0.8224E-10
 2  2048  15  4096  0.8328E-10
 2  2048  16  4096  0.7563E-10
 2  2048  16  4096  0.7383E-10
 2  2048  16  4096  0.7455E-10
 2  2048  16  4096  0.7567E-10
 2  2048  16  4096  0.7286E-10
 2  2048  16  4096  0.7475E-10
 2  2048  16  4096  0.7469E-10
 2  2048  16  4096  0.7386E-10
 2  2048  16  4096  0.7548E-10
 2  2048  16  4096  0.7363E-10
 2  2048  17  4096  0.7635E-10
 2  2048  17  4096  0.7467E-10
 2  2048  17  4096  0.7567E-10
 2  2048  17  4096  0.7606E-10
 2  2048  17  4096  0.7488E-10
 2  2048  17  4096  0.7626E-10
 2  2048  17  4096  0.7435E-10
 2  2048  17  4096  0.7639E-10
 2  2048  17  4096  0.7486E-10
 2  2048  17  4096  0.7670E-10
 2  2048  18  4096  0.7082E-10
 2  2048  18  4096  0.6965E-10
 2  2048  18  4096  0.7037E-10
 2  2048  18  4096  0.6976E-10
 2  2048  18  4096  0.7040E-10
 2  2048  18  4096  0.6973E-10
 2  2048  18  4096  0.6977E-10
 2  2048  18  4096  0.6992E-10
 2  2048  18  4096  0.7003E-10
 2  2048  18  4096  0.6996E-10
 2  2048  19  4096  0.7198E-10
 2  2048  19  4096  0.7131E-10
 2  2048  19  4096  0.7140E-10
 2  2048  19  4096  0.7199E-10
 2  2048  19  4096  0.7128E-10
 2  2048  19  4096  0.7219E-10
 2  2048  19  4096  0.7155E-10
 2  2048  19  4096  0.7187E-10
 2  2048  19  4096  0.7142E-10
 2  2048  19  4096  0.7123E-10
 2  2048  20  4096  0.6578E-10
 2  2048  20  4096  0.6597E-10
 2  2048  20  4096  0.6582E-10
 2  2048  20  4096  0.6589E-10
 2  2048  20  4096  0.6616E-10
 2  2048  20  4096  0.6553E-10
 2  2048  20  4096  0.6577E-10
 2  2048  20  4096  0.6542E-10
 2  2048  20  4096  0.6546E-10
 2  2048  20  4096  0.6587E-10
