 2  64  3  128  0.5089E-07
 2  64  3  128  0.4877E-07
 2  64  3  128  0.4890E-07
 2  64  3  128  0.4875E-07
 2  64  3  128  0.4864E-07
 2  64  3  128  0.4902E-07
 2  64  3  128  0.4862E-07
 2  64  3  128  0.4869E-07
 2  64  3  128  0.4908E-07
 2  64  3  128  0.4833E-07
 2  64  4  128  0.2213E-07
 2  64  4  128  0.2151E-07
 2  64  4  128  0.2147E-07
 2  64  4  128  0.2154E-07
 2  64  4  128  0.2145E-07
 2  64  4  128  0.2126E-07
 2  64  4  128  0.2123E-07
 2  64  4  128  0.2126E-07
 2  64  4  128  0.2125E-07
 2  64  4  128  0.2139E-07
 2  64  5  128  0.1233E-07
 2  64  5  128  0.1186E-07
 2  64  5  128  0.1177E-07
 2  64  5  128  0.1191E-07
 2  64  5  128  0.1172E-07
 2  64  5  128  0.1183E-07
 2  64  5  128  0.1181E-07
 2  64  5  128  0.1172E-07
 2  64  5  128  0.1176E-07
 2  64  5  128  0.1175E-07
 2  64  6  128  0.7605E-08
 2  64  6  128  0.7273E-08
 2  64  6  128  0.7215E-08
 2  64  6  128  0.7342E-08
 2  64  6  128  0.7281E-08
 2  64  6  128  0.7299E-08
 2  64  6  128  0.7264E-08
 2  64  6  128  0.7258E-08
 2  64  6  128  0.7219E-08
 2  64  6  128  0.7212E-08
 2  64  7  128  0.5354E-08
 2  64  7  128  0.5173E-08
 2  64  7  128  0.5157E-08
 2  64  7  128  0.5144E-08
 2  64  7  128  0.5143E-08
 2  64  7  128  0.5127E-08
 2  64  7  128  0.5125E-08
 2  64  7  128  0.5125E-08
 2  64  7  128  0.5150E-08
 2  64  7  128  0.5107E-08
 2  64  8  128  0.4123E-08
 2  64  8  128  0.3987E-08
 2  64  8  128  0.3942E-08
 2  64  8  128  0.3955E-08
 2  64  8  128  0.3965E-08
 2  64  8  128  0.3985E-08
 2  64  8  128  0.3985E-08
 2  64  8  128  0.3962E-08
 2  64  8  128  0.3942E-08
 2  64  8  128  0.3971E-08
 2  64  9  128  0.3716E-08
 2  64  9  128  0.3547E-08
 2  64  9  128  0.3550E-08
 2  64  9  128  0.3528E-08
 2  64  9  128  0.3530E-08
 2  64  9  128  0.3538E-08
 2  64  9  128  0.3533E-08
 2  64  9  128  0.3544E-08
 2  64  9  128  0.3541E-08
 2  64  9  128  0.3547E-08
 2  64  10  128  0.3572E-08
 2  64  10  128  0.3421E-08
 2  64  10  128  0.3410E-08
 2  64  10  128  0.3421E-08
 2  64  10  128  0.3422E-08
 2  64  10  128  0.3404E-08
 2  64  10  128  0.3413E-08
 2  64  10  128  0.3406E-08
 2  64  10  128  0.3418E-08
 2  64  10  128  0.3416E-08
 2  64  11  128  0.3569E-08
 2  64  11  128  0.3473E-08
 2  64  11  128  0.3479E-08
 2  64  11  128  0.3492E-08
 2  64  11  128  0.3488E-08
 2  64  11  128  0.3460E-08
 2  64  11  128  0.3464E-08
 2  64  11  128  0.3489E-08
 2  64  11  128  0.3478E-08
 2  64  11  128  0.3479E-08
 2  64  12  128  0.3266E-08
 2  64  12  128  0.3174E-08
 2  64  12  128  0.3171E-08
 2  64  12  128  0.3164E-08
 2  64  12  128  0.3167E-08
 2  64  12  128  0.3168E-08
 2  64  12  128  0.3174E-08
 2  64  12  128  0.3164E-08
 2  64  12  128  0.3170E-08
 2  64  12  128  0.3165E-08
 2  64  13  128  0.2722E-08
 2  64  13  128  0.2678E-08
 2  64  13  128  0.2688E-08
 2  64  13  128  0.2683E-08
 2  64  13  128  0.2673E-08
 2  64  13  128  0.2675E-08
 2  64  13  128  0.2678E-08
 2  64  13  128  0.2685E-08
 2  64  13  128  0.2685E-08
 2  64  13  128  0.2669E-08
 2  64  14  128  0.2411E-08
 2  64  14  128  0.2375E-08
 2  64  14  128  0.2383E-08
 2  64  14  128  0.2376E-08
 2  64  14  128  0.2380E-08
 2  64  14  128  0.2378E-08
 2  64  14  128  0.2383E-08
 2  64  14  128  0.2384E-08
 2  64  14  128  0.2380E-08
 2  64  14  128  0.2378E-08
 2  64  15  128  0.2358E-08
 2  64  15  128  0.2325E-08
 2  64  15  128  0.2333E-08
 2  64  15  128  0.2336E-08
 2  64  15  128  0.2329E-08
 2  64  15  128  0.2332E-08
 2  64  15  128  0.2334E-08
 2  64  15  128  0.2336E-08
 2  64  15  128  0.2334E-08
 2  64  15  128  0.2337E-08
 2  64  16  128  0.2110E-08
 2  64  16  128  0.2092E-08
 2  64  16  128  0.2092E-08
 2  64  16  128  0.2093E-08
 2  64  16  128  0.2097E-08
 2  64  16  128  0.2093E-08
 2  64  16  128  0.2096E-08
 2  64  16  128  0.2097E-08
 2  64  16  128  0.2092E-08
 2  64  16  128  0.2094E-08
 2  64  17  128  0.2230E-08
 2  64  17  128  0.2216E-08
 2  64  17  128  0.2220E-08
 2  64  17  128  0.2215E-08
 2  64  17  128  0.2219E-08
 2  64  17  128  0.2218E-08
 2  64  17  128  0.2217E-08
 2  64  17  128  0.2221E-08
 2  64  17  128  0.2214E-08
 2  64  17  128  0.2227E-08
 2  64  18  128  0.2131E-08
 2  64  18  128  0.2116E-08
 2  64  18  128  0.2121E-08
 2  64  18  128  0.2119E-08
 2  64  18  128  0.2120E-08
 2  64  18  128  0.2122E-08
 2  64  18  128  0.2120E-08
 2  64  18  128  0.2121E-08
 2  64  18  128  0.2119E-08
 2  64  18  128  0.2127E-08
 2  64  19  128  0.2148E-08
 2  64  19  128  0.2128E-08
 2  64  19  128  0.2136E-08
 2  64  19  128  0.2130E-08
 2  64  19  128  0.2130E-08
 2  64  19  128  0.2134E-08
 2  64  19  128  0.2132E-08
 2  64  19  128  0.2133E-08
 2  64  19  128  0.2129E-08
 2  64  19  128  0.2145E-08
 2  64  20  128  0.2008E-08
 2  64  20  128  0.1989E-08
 2  64  20  128  0.1986E-08
 2  64  20  128  0.1978E-08
 2  64  20  128  0.1989E-08
 2  64  20  128  0.1986E-08
 2  64  20  128  0.1989E-08
 2  64  20  128  0.1982E-08
 2  64  20  128  0.1983E-08
 2  64  20  128  0.1990E-08
