 2  128  3  256  0.3091E-07
 2  128  3  256  0.2996E-07
 2  128  3  256  0.2974E-07
 2  128  3  256  0.2967E-07
 2  128  3  256  0.2975E-07
 2  128  3  256  0.2962E-07
 2  128  3  256  0.2932E-07
 2  128  3  256  0.2927E-07
 2  128  3  256  0.2943E-07
 2  128  3  256  0.2959E-07
 2  128  4  256  0.1407E-07
 2  128  4  256  0.1331E-07
 2  128  4  256  0.1314E-07
 2  128  4  256  0.1272E-07
 2  128  4  256  0.1291E-07
 2  128  4  256  0.1304E-07
 2  128  4  256  0.1313E-07
 2  128  4  256  0.1291E-07
 2  128  4  256  0.1321E-07
 2  128  4  256  0.1282E-07
 2  128  5  256  0.7490E-08
 2  128  5  256  0.7147E-08
 2  128  5  256  0.7121E-08
 2  128  5  256  0.7065E-08
 2  128  5  256  0.7083E-08
 2  128  5  256  0.7065E-08
 2  128  5  256  0.7057E-08
 2  128  5  256  0.7082E-08
 2  128  5  256  0.7129E-08
 2  128  5  256  0.7015E-08
 2  128  6  256  0.4801E-08
 2  128  6  256  0.4491E-08
 2  128  6  256  0.4460E-08
 2  128  6  256  0.4419E-08
 2  128  6  256  0.4427E-08
 2  128  6  256  0.4396E-08
 2  128  6  256  0.4567E-08
 2  128  6  256  0.4464E-08
 2  128  6  256  0.4431E-08
 2  128  6  256  0.4414E-08
 2  128  7  256  0.3477E-08
 2  128  7  256  0.3270E-08
 2  128  7  256  0.3258E-08
 2  128  7  256  0.3252E-08
 2  128  7  256  0.3247E-08
 2  128  7  256  0.3224E-08
 2  128  7  256  0.3238E-08
 2  128  7  256  0.3213E-08
 2  128  7  256  0.3222E-08
 2  128  7  256  0.3315E-08
 2  128  8  256  0.2364E-08
 2  128  8  256  0.2246E-08
 2  128  8  256  0.2243E-08
 2  128  8  256  0.2221E-08
 2  128  8  256  0.2236E-08
 2  128  8  256  0.2223E-08
 2  128  8  256  0.2230E-08
 2  128  8  256  0.2233E-08
 2  128  8  256  0.2239E-08
 2  128  8  256  0.2233E-08
 2  128  9  256  0.2448E-08
 2  128  9  256  0.2332E-08
 2  128  9  256  0.2363E-08
 2  128  9  256  0.2310E-08
 2  128  9  256  0.2320E-08
 2  128  9  256  0.2317E-08
 2  128  9  256  0.2335E-08
 2  128  9  256  0.2325E-08
 2  128  9  256  0.2335E-08
 2  128  9  256  0.2336E-08
 2  128  10  256  0.2344E-08
 2  128  10  256  0.2246E-08
 2  128  10  256  0.2239E-08
 2  128  10  256  0.2239E-08
 2  128  10  256  0.2258E-08
 2  128  10  256  0.2246E-08
 2  128  10  256  0.2245E-08
 2  128  10  256  0.2238E-08
 2  128  10  256  0.2232E-08
 2  128  10  256  0.2239E-08
 2  128  11  256  0.1831E-08
 2  128  11  256  0.1776E-08
 2  128  11  256  0.1770E-08
 2  128  11  256  0.1774E-08
 2  128  11  256  0.1769E-08
 2  128  11  256  0.1785E-08
 2  128  11  256  0.1775E-08
 2  128  11  256  0.1776E-08
 2  128  11  256  0.1774E-08
 2  128  11  256  0.1780E-08
 2  128  12  256  0.1618E-08
 2  128  12  256  0.1580E-08
 2  128  12  256  0.1584E-08
 2  128  12  256  0.1583E-08
 2  128  12  256  0.1586E-08
 2  128  12  256  0.1584E-08
 2  128  12  256  0.1579E-08
 2  128  12  256  0.1577E-08
 2  128  12  256  0.1582E-08
 2  128  12  256  0.1586E-08
 2  128  13  256  0.1560E-08
 2  128  13  256  0.1543E-08
 2  128  13  256  0.1543E-08
 2  128  13  256  0.1543E-08
 2  128  13  256  0.1549E-08
 2  128  13  256  0.1544E-08
 2  128  13  256  0.1548E-08
 2  128  13  256  0.1545E-08
 2  128  13  256  0.1540E-08
 2  128  13  256  0.1544E-08
 2  128  14  256  0.1396E-08
 2  128  14  256  0.1384E-08
 2  128  14  256  0.1381E-08
 2  128  14  256  0.1384E-08
 2  128  14  256  0.1384E-08
 2  128  14  256  0.1391E-08
 2  128  14  256  0.1380E-08
 2  128  14  256  0.1386E-08
 2  128  14  256  0.1383E-08
 2  128  14  256  0.1379E-08
 2  128  15  256  0.1318E-08
 2  128  15  256  0.1310E-08
 2  128  15  256  0.1310E-08
 2  128  15  256  0.1309E-08
 2  128  15  256  0.1312E-08
 2  128  15  256  0.1309E-08
 2  128  15  256  0.1309E-08
 2  128  15  256  0.1317E-08
 2  128  15  256  0.1315E-08
 2  128  15  256  0.1314E-08
 2  128  17  256  0.1250E-08
 2  128  17  256  0.1247E-08
 2  128  17  256  0.1248E-08
 2  128  17  256  0.1246E-08
 2  128  17  256  0.1250E-08
 2  128  17  256  0.1246E-08
 2  128  17  256  0.1249E-08
 2  128  17  256  0.1248E-08
 2  128  17  256  0.1248E-08
 2  128  17  256  0.1254E-08
 2  128  18  256  0.1201E-08
 2  128  18  256  0.1195E-08
 2  128  18  256  0.1194E-08
 2  128  18  256  0.1195E-08
 2  128  18  256  0.1196E-08
 2  128  18  256  0.1196E-08
 2  128  18  256  0.1195E-08
 2  128  18  256  0.1194E-08
 2  128  18  256  0.1195E-08
 2  128  18  256  0.1194E-08
 2  128  19  256  0.1201E-08
 2  128  19  256  0.1202E-08
 2  128  19  256  0.1196E-08
 2  128  19  256  0.1196E-08
 2  128  19  256  0.1195E-08
 2  128  19  256  0.1194E-08
 2  128  19  256  0.1196E-08
 2  128  19  256  0.1196E-08
 2  128  19  256  0.1197E-08
 2  128  19  256  0.1196E-08
 2  128  20  256  0.1163E-08
 2  128  20  256  0.1163E-08
 2  128  20  256  0.1162E-08
 2  128  20  256  0.1162E-08
 2  128  20  256  0.1161E-08
 2  128  20  256  0.1162E-08
 2  128  20  256  0.1162E-08
 2  128  20  256  0.1160E-08
 2  128  20  256  0.1167E-08
 2  128  20  256  0.1161E-08
