 2  32  3  64  0.3097E-07
 2  32  3  64  0.2891E-07
 2  32  3  64  0.2864E-07
 2  32  3  64  0.2840E-07
 2  32  3  64  0.2841E-07
 2  32  3  64  0.2859E-07
 2  32  3  64  0.2828E-07
 2  32  3  64  0.2839E-07
 2  32  3  64  0.2863E-07
 2  32  3  64  0.2830E-07
 2  32  4  64  0.1520E-07
 2  32  4  64  0.1374E-07
 2  32  4  64  0.1363E-07
 2  32  4  64  0.1356E-07
 2  32  4  64  0.1366E-07
 2  32  4  64  0.1358E-07
 2  32  4  64  0.1345E-07
 2  32  4  64  0.1363E-07
 2  32  4  64  0.1349E-07
 2  32  4  64  0.1348E-07
 2  32  5  64  0.9140E-08
 2  32  5  64  0.8605E-08
 2  32  5  64  0.8418E-08
 2  32  5  64  0.8397E-08
 2  32  5  64  0.8267E-08
 2  32  5  64  0.8240E-08
 2  32  5  64  0.8286E-08
 2  32  5  64  0.8250E-08
 2  32  5  64  0.8372E-08
 2  32  5  64  0.8300E-08
 2  32  6  64  0.6208E-08
 2  32  6  64  0.5746E-08
 2  32  6  64  0.5688E-08
 2  32  6  64  0.5639E-08
 2  32  6  64  0.5683E-08
 2  32  6  64  0.5610E-08
 2  32  6  64  0.5568E-08
 2  32  6  64  0.5552E-08
 2  32  6  64  0.5574E-08
 2  32  6  64  0.5531E-08
 2  32  7  64  0.4931E-08
 2  32  7  64  0.4521E-08
 2  32  7  64  0.4529E-08
 2  32  7  64  0.4413E-08
 2  32  7  64  0.4444E-08
 2  32  7  64  0.4484E-08
 2  32  7  64  0.4444E-08
 2  32  7  64  0.4394E-08
 2  32  7  64  0.4423E-08
 2  32  7  64  0.4411E-08
 2  32  8  64  0.3915E-08
 2  32  8  64  0.3584E-08
 2  32  8  64  0.3566E-08
 2  32  8  64  0.3563E-08
 2  32  8  64  0.3596E-08
 2  32  8  64  0.3584E-08
 2  32  8  64  0.3580E-08
 2  32  8  64  0.3565E-08
 2  32  8  64  0.3554E-08
 2  32  8  64  0.3537E-08
 2  32  9  64  0.4035E-08
 2  32  9  64  0.3783E-08
 2  32  9  64  0.3772E-08
 2  32  9  64  0.3807E-08
 2  32  9  64  0.3790E-08
 2  32  9  64  0.3771E-08
 2  32  9  64  0.3773E-08
 2  32  9  64  0.3790E-08
 2  32  9  64  0.3771E-08
 2  32  9  64  0.3762E-08
 2  32  10  64  0.4206E-08
 2  32  10  64  0.4052E-08
 2  32  10  64  0.4056E-08
 2  32  10  64  0.4056E-08
 2  32  10  64  0.4058E-08
 2  32  10  64  0.4056E-08
 2  32  10  64  0.4074E-08
 2  32  10  64  0.4080E-08
 2  32  10  64  0.4062E-08
 2  32  10  64  0.4065E-08
 2  32  11  64  0.4599E-08
 2  32  11  64  0.4476E-08
 2  32  11  64  0.4465E-08
 2  32  11  64  0.4466E-08
 2  32  11  64  0.4454E-08
 2  32  11  64  0.4480E-08
 2  32  11  64  0.4466E-08
 2  32  11  64  0.4464E-08
 2  32  11  64  0.4480E-08
 2  32  11  64  0.4464E-08
 2  32  12  64  0.4256E-08
 2  32  12  64  0.4159E-08
 2  32  12  64  0.4166E-08
 2  32  12  64  0.4166E-08
 2  32  12  64  0.4170E-08
 2  32  12  64  0.4164E-08
 2  32  12  64  0.4183E-08
 2  32  12  64  0.4164E-08
 2  32  12  64  0.4171E-08
 2  32  12  64  0.4175E-08
 2  32  13  64  0.3727E-08
 2  32  13  64  0.3686E-08
 2  32  13  64  0.3687E-08
 2  32  13  64  0.3680E-08
 2  32  13  64  0.3676E-08
 2  32  13  64  0.3683E-08
 2  32  13  64  0.3685E-08
 2  32  13  64  0.3685E-08
 2  32  13  64  0.3679E-08
 2  32  13  64  0.3683E-08
 2  32  14  64  0.3444E-08
 2  32  14  64  0.3422E-08
 2  32  14  64  0.3419E-08
 2  32  14  64  0.3416E-08
 2  32  14  64  0.3434E-08
 2  32  14  64  0.3425E-08
 2  32  14  64  0.3421E-08
 2  32  14  64  0.3428E-08
 2  32  14  64  0.3420E-08
 2  32  14  64  0.3417E-08
 2  32  15  64  0.3469E-08
 2  32  15  64  0.3428E-08
 2  32  15  64  0.3433E-08
 2  32  15  64  0.3435E-08
 2  32  15  64  0.3432E-08
 2  32  15  64  0.3431E-08
 2  32  15  64  0.3430E-08
 2  32  15  64  0.3434E-08
 2  32  15  64  0.3431E-08
 2  32  15  64  0.3442E-08
 2  32  16  64  0.3285E-08
 2  32  16  64  0.3256E-08
 2  32  16  64  0.3257E-08
 2  32  16  64  0.3264E-08
 2  32  16  64  0.3261E-08
 2  32  16  64  0.3259E-08
 2  32  16  64  0.3255E-08
 2  32  16  64  0.3261E-08
 2  32  16  64  0.3260E-08
 2  32  16  64  0.3255E-08
 2  32  17  64  0.3682E-08
 2  32  17  64  0.3675E-08
 2  32  17  64  0.3664E-08
 2  32  17  64  0.3667E-08
 2  32  17  64  0.3666E-08
 2  32  17  64  0.3664E-08
 2  32  17  64  0.3668E-08
 2  32  17  64  0.3664E-08
 2  32  17  64  0.3660E-08
 2  32  17  64  0.3669E-08
 2  32  18  64  0.3556E-08
 2  32  18  64  0.3528E-08
 2  32  18  64  0.3527E-08
 2  32  18  64  0.3525E-08
 2  32  18  64  0.3526E-08
 2  32  18  64  0.3527E-08
 2  32  18  64  0.3527E-08
 2  32  18  64  0.3527E-08
 2  32  18  64  0.3527E-08
 2  32  18  64  0.3524E-08
 2  32  19  64  0.3711E-08
 2  32  19  64  0.3689E-08
 2  32  19  64  0.3691E-08
 2  32  19  64  0.3692E-08
 2  32  19  64  0.3691E-08
 2  32  19  64  0.3691E-08
 2  32  19  64  0.3693E-08
 2  32  19  64  0.3695E-08
 2  32  19  64  0.3693E-08
 2  32  19  64  0.3689E-08
 2  32  20  64  0.3706E-08
 2  32  20  64  0.3687E-08
 2  32  20  64  0.3691E-08
 2  32  20  64  0.3689E-08
 2  32  20  64  0.3692E-08
 2  32  20  64  0.3692E-08
 2  32  20  64  0.3690E-08
 2  32  20  64  0.3692E-08
 2  32  20  64  0.3691E-08
 2  32  20  64  0.3690E-08
