 2  2  3  4  0.2995E-06
 2  2  3  4  0.2649E-06
 2  2  3  4  0.2715E-06
 2  2  3  4  0.2002E-06
 2  2  3  4  0.2568E-06
 2  2  3  4  0.2620E-06
 2  2  3  4  0.2436E-06
 2  2  3  4  0.2715E-06
 2  2  3  4  0.2627E-06
 2  2  3  4  0.2340E-06
 2  2  4  4  0.1471E-06
 2  2  4  4  0.1040E-06
 2  2  4  4  0.1015E-06
 2  2  4  4  0.1003E-06
 2  2  4  4  0.1031E-06
 2  2  4  4  0.1018E-06
 2  2  4  4  0.1003E-06
 2  2  4  4  0.9903E-07
 2  2  4  4  0.1028E-06
 2  2  4  4  0.1031E-06
 2  2  5  4  0.1473E-06
 2  2  5  4  0.1254E-06
 2  2  5  4  0.1294E-06
 2  2  5  4  0.1259E-06
 2  2  5  4  0.1087E-06
 2  2  5  4  0.1079E-06
 2  2  5  4  0.1127E-06
 2  2  5  4  0.1586E-06
 2  2  5  4  0.1167E-06
 2  2  5  4  0.1233E-06
 2  2  6  4  0.1238E-06
 2  2  6  4  0.1011E-06
 2  2  6  4  0.1173E-06
 2  2  6  4  0.9759E-07
 2  2  6  4  0.9299E-07
 2  2  6  4  0.9566E-07
 2  2  6  4  0.9989E-07
 2  2  6  4  0.9686E-07
 2  2  6  4  0.9456E-07
 2  2  6  4  0.9263E-07
 2  2  7  4  0.1154E-06
 2  2  7  4  0.8579E-07
 2  2  7  4  0.8573E-07
 2  2  7  4  0.8503E-07
 2  2  7  4  0.9523E-07
 2  2  7  4  0.8503E-07
 2  2  7  4  0.8359E-07
 2  2  7  4  0.8191E-07
 2  2  7  4  0.8480E-07
 2  2  7  4  0.8260E-07
 2  2  8  4  0.7388E-07
 2  2  8  4  0.6543E-07
 2  2  8  4  0.6593E-07
 2  2  8  4  0.6640E-07
 2  2  8  4  0.6527E-07
 2  2  8  4  0.6884E-07
 2  2  8  4  0.6543E-07
 2  2  8  4  0.6349E-07
 2  2  8  4  0.6577E-07
 2  2  8  4  0.7245E-07
 2  2  9  4  0.7626E-07
 2  2  9  4  0.6653E-07
 2  2  9  4  0.6688E-07
 2  2  9  4  0.6666E-07
 2  2  9  4  0.7053E-07
 2  2  9  4  0.6653E-07
 2  2  9  4  0.6688E-07
 2  2  9  4  0.6606E-07
 2  2  9  4  0.7419E-07
 2  2  9  4  0.6628E-07
 2  2  10  4  0.8617E-07
 2  2  10  4  0.7625E-07
 2  2  10  4  0.7659E-07
 2  2  10  4  0.8001E-07
 2  2  10  4  0.7584E-07
 2  2  10  4  0.7625E-07
 2  2  10  4  0.8051E-07
 2  2  10  4  0.7568E-07
 2  2  10  4  0.7576E-07
 2  2  10  4  0.8200E-07
 2  2  11  4  0.6687E-07
 2  2  11  4  0.6055E-07
 2  2  11  4  0.6062E-07
 2  2  11  4  0.5972E-07
 2  2  11  4  0.6029E-07
 2  2  11  4  0.6474E-07
 2  2  11  4  0.6043E-07
 2  2  11  4  0.6055E-07
 2  2  11  4  0.6066E-07
 2  2  11  4  0.5978E-07
 2  2  12  4  0.5237E-07
 2  2  12  4  0.5135E-07
 2  2  12  4  0.5382E-07
 2  2  12  4  0.5184E-07
 2  2  12  4  0.5242E-07
 2  2  12  4  0.5195E-07
 2  2  12  4  0.5131E-07
 2  2  12  4  0.5175E-07
 2  2  12  4  0.5169E-07
 2  2  12  4  0.5483E-07
 2  2  13  4  0.5355E-07
 2  2  13  4  0.5003E-07
 2  2  13  4  0.5306E-07
 2  2  13  4  0.5018E-07
 2  2  13  4  0.5390E-07
 2  2  13  4  0.5052E-07
 2  2  13  4  0.4980E-07
 2  2  13  4  0.5193E-07
 2  2  13  4  0.4980E-07
 2  2  13  4  0.5223E-07
 2  2  14  4  0.5017E-07
 2  2  14  4  0.4497E-07
 2  2  14  4  0.4680E-07
 2  2  14  4  0.4589E-07
 2  2  14  4  0.4525E-07
 2  2  14  4  0.4528E-07
 2  2  14  4  0.4538E-07
 2  2  14  4  0.4707E-07
 2  2  14  4  0.4528E-07
 2  2  14  4  0.4945E-07
 2  2  15  4  0.5049E-07
 2  2  15  4  0.4699E-07
 2  2  15  4  0.4788E-07
 2  2  15  4  0.4718E-07
 2  2  15  4  0.4755E-07
 2  2  15  4  0.4701E-07
 2  2  15  4  0.4783E-07
 2  2  15  4  0.5059E-07
 2  2  15  4  0.4694E-07
 2  2  15  4  0.4830E-07
 2  2  16  4  0.5279E-07
 2  2  16  4  0.5194E-07
 2  2  16  4  0.5223E-07
 2  2  16  4  0.5111E-07
 2  2  16  4  0.5121E-07
 2  2  16  4  0.5196E-07
 2  2  16  4  0.5202E-07
 2  2  16  4  0.5088E-07
 2  2  16  4  0.5225E-07
 2  2  16  4  0.5184E-07
 2  2  17  4  0.5421E-07
 2  2  17  4  0.5355E-07
 2  2  17  4  0.5393E-07
 2  2  17  4  0.5562E-07
 2  2  17  4  0.5380E-07
 2  2  17  4  0.5367E-07
 2  2  17  4  0.5290E-07
 2  2  17  4  0.5340E-07
 2  2  17  4  0.5353E-07
 2  2  17  4  0.5394E-07
 2  2  18  4  0.5680E-07
 2  2  18  4  0.5505E-07
 2  2  18  4  0.5486E-07
 2  2  18  4  0.5501E-07
 2  2  18  4  0.5493E-07
 2  2  18  4  0.5523E-07
 2  2  18  4  0.5501E-07
 2  2  18  4  0.5489E-07
 2  2  18  4  0.5499E-07
 2  2  18  4  0.5494E-07
 2  2  19  4  0.6003E-07
 2  2  19  4  0.5838E-07
 2  2  19  4  0.5810E-07
 2  2  19  4  0.5854E-07
 2  2  19  4  0.5828E-07
 2  2  19  4  0.5814E-07
 2  2  19  4  0.5794E-07
 2  2  19  4  0.5794E-07
 2  2  19  4  0.5810E-07
 2  2  19  4  0.5810E-07
 2  2  20  4  0.4194E-07
 2  2  20  4  0.5937E-07
 2  2  20  4  0.5860E-07
 2  2  20  4  0.5866E-07
 2  2  20  4  0.5923E-07
 2  2  20  4  0.5894E-07
 2  2  20  4  0.5842E-07
 2  2  20  4  0.5925E-07
 2  2  20  4  0.5822E-07
 2  2  20  4  0.5896E-07
