 2  16  3  32  0.6766E-07
 2  16  3  32  0.6768E-07
 2  16  3  32  0.6771E-07
 2  16  3  32  0.6723E-07
 2  16  3  32  0.6771E-07
 2  16  4  32  0.3355E-07
 2  16  4  32  0.3367E-07
 2  16  4  32  0.3393E-07
 2  16  4  32  0.3367E-07
 2  16  4  32  0.3362E-07
 2  16  5  32  0.2140E-07
 2  16  5  32  0.2135E-07
 2  16  5  32  0.2151E-07
 2  16  5  32  0.2139E-07
 2  16  5  32  0.2143E-07
 2  16  6  32  0.1126E-07
 2  16  6  32  0.1125E-07
 2  16  6  32  0.1136E-07
 2  16  6  32  0.1123E-07
 2  16  6  32  0.1126E-07
 2  16  7  32  0.8716E-08
 2  16  7  32  0.8758E-08
 2  16  7  32  0.8746E-08
 2  16  7  32  0.8756E-08
 2  16  7  32  0.8746E-08
 2  16  8  32  0.7502E-08
 2  16  8  32  0.7574E-08
 2  16  8  32  0.7490E-08
 2  16  8  32  0.7495E-08
 2  16  8  32  0.7605E-08
 2  16  9  32  0.7329E-08
 2  16  9  32  0.7312E-08
 2  16  9  32  0.7344E-08
 2  16  9  32  0.7320E-08
 2  16  9  32  0.7306E-08
 2  16  10  32  0.8119E-08
 2  16  10  32  0.8123E-08
 2  16  10  32  0.8124E-08
 2  16  10  32  0.8117E-08
 2  16  10  32  0.8123E-08
 2  16  11  32  0.8637E-08
 2  16  11  32  0.8651E-08
 2  16  11  32  0.8629E-08
 2  16  11  32  0.8635E-08
 2  16  11  32  0.8646E-08
 2  16  12  32  0.7871E-08
 2  16  12  32  0.7880E-08
 2  16  12  32  0.7885E-08
 2  16  12  32  0.7875E-08
 2  16  12  32  0.7906E-08
 2  16  13  32  0.7810E-08
 2  16  13  32  0.7812E-08
 2  16  13  32  0.7802E-08
 2  16  13  32  0.7794E-08
 2  16  13  32  0.7796E-08
 2  16  14  32  0.7169E-08
 2  16  14  32  0.7152E-08
 2  16  14  32  0.7139E-08
 2  16  14  32  0.7138E-08
 2  16  14  32  0.7132E-08
 2  16  15  32  0.7168E-08
 2  16  15  32  0.7164E-08
 2  16  15  32  0.7175E-08
 2  16  15  32  0.7166E-08
 2  16  15  32  0.7165E-08
 2  16  16  32  0.6841E-08
 2  16  16  32  0.6832E-08
 2  16  16  32  0.6856E-08
 2  16  16  32  0.6848E-08
 2  16  16  32  0.6840E-08
 2  16  17  32  0.7506E-08
 2  16  17  32  0.7501E-08
 2  16  17  32  0.7499E-08
 2  16  17  32  0.7499E-08
 2  16  17  32  0.7501E-08
 2  16  18  32  0.7242E-08
 2  16  18  32  0.7257E-08
 2  16  18  32  0.7235E-08
 2  16  18  32  0.7237E-08
 2  16  18  32  0.7250E-08
 2  16  19  32  0.7335E-08
 2  16  19  32  0.7329E-08
 2  16  19  32  0.7323E-08
 2  16  19  32  0.7330E-08
 2  16  19  32  0.7332E-08
 2  16  20  32  0.7163E-08
 2  16  20  32  0.7167E-08
 2  16  20  32  0.7171E-08
 2  16  20  32  0.7170E-08
 2  16  20  32  0.7172E-08
