 2  8192  3  16384  0.9418E-09
 2  8192  3  16384  0.9352E-09
 2  8192  3  16384  0.9093E-09
 2  8192  3  16384  0.9240E-09
 2  8192  3  16384  0.9519E-09
 2  8192  3  16384  0.9959E-09
 2  8192  3  16384  0.1013E-08
 2  8192  3  16384  0.9477E-09
 2  8192  3  16384  0.9127E-09
 2  8192  3  16384  0.9299E-09
 2  8192  4  16384  0.4030E-09
 2  8192  4  16384  0.4007E-09
 2  8192  4  16384  0.3996E-09
 2  8192  4  16384  0.3974E-09
 2  8192  4  16384  0.3944E-09
 2  8192  4  16384  0.3928E-09
 2  8192  4  16384  0.4038E-09
 2  8192  4  16384  0.4082E-09
 2  8192  4  16384  0.3989E-09
 2  8192  4  16384  0.4047E-09
 2  8192  5  16384  0.2177E-09
 2  8192  5  16384  0.2240E-09
 2  8192  5  16384  0.2196E-09
 2  8192  5  16384  0.2211E-09
 2  8192  5  16384  0.2310E-09
 2  8192  5  16384  0.2327E-09
 2  8192  5  16384  0.2263E-09
 2  8192  5  16384  0.2128E-09
 2  8192  5  16384  0.2184E-09
 2  8192  5  16384  0.2138E-09
 2  8192  6  16384  0.1409E-09
 2  8192  6  16384  0.1339E-09
 2  8192  6  16384  0.1376E-09
 2  8192  6  16384  0.1424E-09
 2  8192  6  16384  0.1506E-09
 2  8192  6  16384  0.1517E-09
 2  8192  6  16384  0.1399E-09
 2  8192  6  16384  0.1401E-09
 2  8192  6  16384  0.1371E-09
 2  8192  6  16384  0.1402E-09
 2  8192  7  16384  0.1033E-09
 2  8192  7  16384  0.1043E-09
 2  8192  7  16384  0.1034E-09
 2  8192  7  16384  0.9845E-10
 2  8192  7  16384  0.9488E-10
 2  8192  7  16384  0.9535E-10
 2  8192  7  16384  0.1014E-09
 2  8192  7  16384  0.1043E-09
 2  8192  7  16384  0.1027E-09
 2  8192  7  16384  0.9748E-10
 2  8192  8  16384  0.8145E-10
 2  8192  8  16384  0.7947E-10
 2  8192  8  16384  0.7535E-10
 2  8192  8  16384  0.7195E-10
 2  8192  8  16384  0.7397E-10
 2  8192  8  16384  0.7891E-10
 2  8192  8  16384  0.8168E-10
 2  8192  8  16384  0.7518E-10
 2  8192  8  16384  0.7338E-10
 2  8192  8  16384  0.7421E-10
 2  8192  9  16384  0.6489E-10
 2  8192  9  16384  0.6414E-10
 2  8192  9  16384  0.6204E-10
 2  8192  9  16384  0.6103E-10
 2  8192  9  16384  0.6307E-10
 2  8192  9  16384  0.6435E-10
 2  8192  9  16384  0.6302E-10
 2  8192  9  16384  0.6182E-10
 2  8192  9  16384  0.6152E-10
 2  8192  9  16384  0.6483E-10
 2  8192  10  16384  0.4972E-10
 2  8192  10  16384  0.4983E-10
 2  8192  10  16384  0.5263E-10
 2  8192  10  16384  0.5266E-10
 2  8192  10  16384  0.4967E-10
 2  8192  10  16384  0.4973E-10
 2  8192  10  16384  0.5266E-10
 2  8192  10  16384  0.5253E-10
 2  8192  10  16384  0.4946E-10
 2  8192  10  16384  0.5054E-10
 2  8192  11  16384  0.4272E-10
 2  8192  11  16384  0.4345E-10
 2  8192  11  16384  0.4310E-10
 2  8192  11  16384  0.4241E-10
 2  8192  11  16384  0.4314E-10
 2  8192  11  16384  0.4368E-10
 2  8192  11  16384  0.4279E-10
 2  8192  11  16384  0.4282E-10
 2  8192  11  16384  0.4372E-10
 2  8192  11  16384  0.4342E-10
 2  8192  12  16384  0.3630E-10
 2  8192  12  16384  0.3537E-10
 2  8192  12  16384  0.3348E-10
 2  8192  12  16384  0.3542E-10
 2  8192  12  16384  0.3597E-10
 2  8192  12  16384  0.3347E-10
 2  8192  12  16384  0.3493E-10
 2  8192  12  16384  0.3647E-10
 2  8192  12  16384  0.3507E-10
 2  8192  12  16384  0.3343E-10
 2  8192  13  16384  0.2975E-10
 2  8192  13  16384  0.3069E-10
 2  8192  13  16384  0.3034E-10
 2  8192  13  16384  0.2966E-10
 2  8192  13  16384  0.3045E-10
 2  8192  13  16384  0.3044E-10
 2  8192  13  16384  0.2975E-10
 2  8192  13  16384  0.3116E-10
 2  8192  13  16384  0.3076E-10
 2  8192  13  16384  0.3008E-10
 2  8192  14  16384  0.2598E-10
 2  8192  14  16384  0.2617E-10
 2  8192  14  16384  0.2570E-10
 2  8192  14  16384  0.2578E-10
 2  8192  14  16384  0.2592E-10
 2  8192  14  16384  0.2550E-10
 2  8192  14  16384  0.2550E-10
 2  8192  14  16384  0.2614E-10
 2  8192  14  16384  0.2552E-10
 2  8192  14  16384  0.2612E-10
 2  8192  15  16384  0.2389E-10
 2  8192  15  16384  0.2360E-10
 2  8192  15  16384  0.2372E-10
 2  8192  15  16384  0.2406E-10
 2  8192  15  16384  0.2365E-10
 2  8192  15  16384  0.2404E-10
 2  8192  15  16384  0.2370E-10
 2  8192  15  16384  0.2356E-10
 2  8192  15  16384  0.2384E-10
 2  8192  15  16384  0.2354E-10
 2  8192  16  16384  0.2094E-10
 2  8192  16  16384  0.2158E-10
 2  8192  16  16384  0.2063E-10
 2  8192  16  16384  0.2164E-10
 2  8192  16  16384  0.2049E-10
 2  8192  16  16384  0.2135E-10
 2  8192  16  16384  0.2115E-10
 2  8192  16  16384  0.2100E-10
 2  8192  16  16384  0.2160E-10
 2  8192  16  16384  0.2065E-10
 2  8192  17  16384  0.2099E-10
 2  8192  17  16384  0.2122E-10
 2  8192  17  16384  0.2084E-10
 2  8192  17  16384  0.2121E-10
 2  8192  17  16384  0.2115E-10
 2  8192  17  16384  0.2133E-10
 2  8192  17  16384  0.2099E-10
 2  8192  17  16384  0.2126E-10
 2  8192  17  16384  0.2121E-10
 2  8192  17  16384  0.2115E-10
 2  8192  18  16384  0.1981E-10
 2  8192  18  16384  0.1962E-10
 2  8192  18  16384  0.1968E-10
 2  8192  18  16384  0.1960E-10
 2  8192  18  16384  0.1973E-10
 2  8192  18  16384  0.1947E-10
 2  8192  18  16384  0.1954E-10
 2  8192  18  16384  0.1946E-10
 2  8192  18  16384  0.1974E-10
 2  8192  18  16384  0.1986E-10
 2  8192  19  16384  0.1907E-10
 2  8192  19  16384  0.1906E-10
 2  8192  19  16384  0.1889E-10
 2  8192  19  16384  0.1903E-10
 2  8192  19  16384  0.1901E-10
 2  8192  19  16384  0.1887E-10
 2  8192  19  16384  0.1909E-10
 2  8192  19  16384  0.1896E-10
 2  8192  19  16384  0.1882E-10
 2  8192  19  16384  0.1908E-10
 2  8192  20  16384  0.1793E-10
 2  8192  20  16384  0.1769E-10
 2  8192  20  16384  0.1789E-10
 2  8192  20  16384  0.1792E-10
 2  8192  20  16384  0.1779E-10
 2  8192  20  16384  0.1795E-10
 2  8192  20  16384  0.1790E-10
 2  8192  20  16384  0.1783E-10
 2  8192  20  16384  0.1770E-10
 2  8192  20  16384  0.1795E-10
