 2  2  3  4  0.3874E-07
 2  2  3  4  0.3691E-07
 2  2  3  4  0.3565E-07
 2  2  3  4  0.3651E-07
 2  2  3  4  0.3522E-07
 2  2  3  4  0.3450E-07
 2  2  3  4  0.3633E-07
 2  2  3  4  0.3469E-07
 2  2  3  4  0.3417E-07
 2  2  3  4  0.3587E-07
 2  2  4  4  0.4294E-07
 2  2  4  4  0.4323E-07
 2  2  4  4  0.4301E-07
 2  2  4  4  0.4249E-07
 2  2  4  4  0.4188E-07
 2  2  4  4  0.4130E-07
 2  2  4  4  0.4266E-07
 2  2  4  4  0.4228E-07
 2  2  4  4  0.4203E-07
 2  2  4  4  0.4201E-07
 2  2  5  4  0.6601E-07
 2  2  5  4  0.6601E-07
 2  2  5  4  0.6625E-07
 2  2  5  4  0.6574E-07
 2  2  5  4  0.6585E-07
 2  2  5  4  0.6560E-07
 2  2  5  4  0.6573E-07
 2  2  5  4  0.6519E-07
 2  2  5  4  0.6569E-07
 2  2  5  4  0.6521E-07
 2  2  6  4  0.4580E-07
 2  2  6  4  0.4566E-07
 2  2  6  4  0.4546E-07
 2  2  6  4  0.4544E-07
 2  2  6  4  0.4546E-07
 2  2  6  4  0.4529E-07
 2  2  6  4  0.4551E-07
 2  2  6  4  0.4528E-07
 2  2  6  4  0.4511E-07
 2  2  6  4  0.4503E-07
 2  2  7  4  0.3862E-07
 2  2  7  4  0.3790E-07
 2  2  7  4  0.3782E-07
 2  2  7  4  0.3773E-07
 2  2  7  4  0.3818E-07
 2  2  7  4  0.3779E-07
 2  2  7  4  0.3766E-07
 2  2  7  4  0.3776E-07
 2  2  7  4  0.3764E-07
 2  2  7  4  0.3791E-07
 2  2  8  4  0.3030E-07
 2  2  8  4  0.2988E-07
 2  2  8  4  0.2990E-07
 2  2  8  4  0.2999E-07
 2  2  8  4  0.2971E-07
 2  2  8  4  0.2984E-07
 2  2  8  4  0.2972E-07
 2  2  8  4  0.2961E-07
 2  2  8  4  0.2981E-07
 2  2  8  4  0.2969E-07
 2  2  9  4  0.3307E-07
 2  2  9  4  0.3201E-07
 2  2  9  4  0.3209E-07
 2  2  9  4  0.3191E-07
 2  2  9  4  0.3197E-07
 2  2  9  4  0.3191E-07
 2  2  9  4  0.3199E-07
 2  2  9  4  0.3199E-07
 2  2  9  4  0.3207E-07
 2  2  9  4  0.3196E-07
 2  2  10  4  0.3487E-07
 2  2  10  4  0.3417E-07
 2  2  10  4  0.3411E-07
 2  2  10  4  0.3412E-07
 2  2  10  4  0.3401E-07
 2  2  10  4  0.3396E-07
 2  2  10  4  0.3411E-07
 2  2  10  4  0.3404E-07
 2  2  10  4  0.3412E-07
 2  2  10  4  0.3403E-07
 2  2  11  4  0.4175E-07
 2  2  11  4  0.4060E-07
 2  2  11  4  0.4062E-07
 2  2  11  4  0.4064E-07
 2  2  11  4  0.4062E-07
 2  2  11  4  0.4081E-07
 2  2  11  4  0.4057E-07
 2  2  11  4  0.4081E-07
 2  2  11  4  0.4065E-07
 2  2  11  4  0.4056E-07
 2  2  12  4  0.4015E-07
 2  2  12  4  0.3974E-07
 2  2  12  4  0.3971E-07
 2  2  12  4  0.3978E-07
 2  2  12  4  0.3971E-07
 2  2  12  4  0.3975E-07
 2  2  12  4  0.3974E-07
 2  2  12  4  0.3974E-07
 2  2  12  4  0.3967E-07
 2  2  12  4  0.3980E-07
 2  2  13  4  0.4394E-07
 2  2  13  4  0.4352E-07
 2  2  13  4  0.4350E-07
 2  2  13  4  0.4340E-07
 2  2  13  4  0.4345E-07
 2  2  13  4  0.4344E-07
 2  2  13  4  0.4344E-07
 2  2  13  4  0.4345E-07
 2  2  13  4  0.4348E-07
 2  2  13  4  0.4347E-07
 2  2  14  4  0.4230E-07
 2  2  14  4  0.4219E-07
 2  2  14  4  0.4215E-07
 2  2  14  4  0.4216E-07
 2  2  14  4  0.4201E-07
 2  2  14  4  0.4212E-07
 2  2  14  4  0.4203E-07
 2  2  14  4  0.4200E-07
 2  2  14  4  0.4205E-07
 2  2  14  4  0.4205E-07
 2  2  15  4  0.4331E-07
 2  2  15  4  0.4319E-07
 2  2  15  4  0.4321E-07
 2  2  15  4  0.4318E-07
 2  2  15  4  0.4317E-07
 2  2  15  4  0.4321E-07
 2  2  15  4  0.4315E-07
 2  2  15  4  0.4316E-07
 2  2  15  4  0.4320E-07
 2  2  15  4  0.4316E-07
 2  2  16  4  0.4244E-07
 2  2  16  4  0.4232E-07
 2  2  16  4  0.4231E-07
 2  2  16  4  0.4233E-07
 2  2  16  4  0.4231E-07
 2  2  16  4  0.4230E-07
 2  2  16  4  0.4232E-07
 2  2  16  4  0.4233E-07
 2  2  16  4  0.4231E-07
 2  2  16  4  0.4396E-07
 2  2  17  4  0.4902E-07
 2  2  17  4  0.4884E-07
 2  2  17  4  0.4893E-07
 2  2  17  4  0.4880E-07
 2  2  17  4  0.4881E-07
 2  2  17  4  0.4885E-07
 2  2  17  4  0.4881E-07
 2  2  17  4  0.4880E-07
 2  2  17  4  0.4886E-07
 2  2  17  4  0.4884E-07
 2  2  18  4  0.4810E-07
 2  2  18  4  0.4801E-07
 2  2  18  4  0.4798E-07
 2  2  18  4  0.4803E-07
 2  2  18  4  0.4800E-07
 2  2  18  4  0.4798E-07
 2  2  18  4  0.4799E-07
 2  2  18  4  0.4799E-07
 2  2  18  4  0.4799E-07
 2  2  18  4  0.4800E-07
 2  2  19  4  0.5025E-07
 2  2  19  4  0.5008E-07
 2  2  19  4  0.5009E-07
 2  2  19  4  0.5008E-07
 2  2  19  4  0.5007E-07
 2  2  19  4  0.5007E-07
 2  2  19  4  0.5010E-07
 2  2  19  4  0.5013E-07
 2  2  19  4  0.5008E-07
 2  2  19  4  0.5010E-07
 2  2  20  4  0.5155E-07
 2  2  20  4  0.5147E-07
 2  2  20  4  0.5151E-07
 2  2  20  4  0.5147E-07
 2  2  20  4  0.5148E-07
 2  2  20  4  0.5149E-07
 2  2  20  4  0.5147E-07
 2  2  20  4  0.5148E-07
 2  2  20  4  0.5148E-07
 2  2  20  4  0.5146E-07
