 2  32  3  64  0.3316E-07
 2  32  3  64  0.3081E-07
 2  32  3  64  0.3084E-07
 2  32  3  64  0.3063E-07
 2  32  3  64  0.3069E-07
 2  32  3  64  0.3054E-07
 2  32  3  64  0.3079E-07
 2  32  3  64  0.3053E-07
 2  32  3  64  0.3060E-07
 2  32  3  64  0.3058E-07
 2  32  4  64  0.1527E-07
 2  32  4  64  0.1432E-07
 2  32  4  64  0.1420E-07
 2  32  4  64  0.1412E-07
 2  32  4  64  0.1420E-07
 2  32  4  64  0.1436E-07
 2  32  4  64  0.1410E-07
 2  32  4  64  0.1429E-07
 2  32  4  64  0.1417E-07
 2  32  4  64  0.1422E-07
 2  32  5  64  0.9317E-08
 2  32  5  64  0.8814E-08
 2  32  5  64  0.8687E-08
 2  32  5  64  0.8657E-08
 2  32  5  64  0.8626E-08
 2  32  5  64  0.8623E-08
 2  32  5  64  0.8726E-08
 2  32  5  64  0.8705E-08
 2  32  5  64  0.8630E-08
 2  32  5  64  0.8660E-08
 2  32  6  64  0.6103E-08
 2  32  6  64  0.5770E-08
 2  32  6  64  0.5674E-08
 2  32  6  64  0.5698E-08
 2  32  6  64  0.5700E-08
 2  32  6  64  0.5757E-08
 2  32  6  64  0.5689E-08
 2  32  6  64  0.5655E-08
 2  32  6  64  0.5726E-08
 2  32  6  64  0.5695E-08
 2  32  7  64  0.4791E-08
 2  32  7  64  0.4472E-08
 2  32  7  64  0.4511E-08
 2  32  7  64  0.4480E-08
 2  32  7  64  0.4483E-08
 2  32  7  64  0.4489E-08
 2  32  7  64  0.4480E-08
 2  32  7  64  0.4440E-08
 2  32  7  64  0.4437E-08
 2  32  7  64  0.4439E-08
 2  32  8  64  0.3670E-08
 2  32  8  64  0.3498E-08
 2  32  8  64  0.3494E-08
 2  32  8  64  0.3473E-08
 2  32  8  64  0.3481E-08
 2  32  8  64  0.3467E-08
 2  32  8  64  0.3462E-08
 2  32  8  64  0.3478E-08
 2  32  8  64  0.3481E-08
 2  32  8  64  0.3492E-08
 2  32  9  64  0.3731E-08
 2  32  9  64  0.3555E-08
 2  32  9  64  0.3523E-08
 2  32  9  64  0.3522E-08
 2  32  9  64  0.3546E-08
 2  32  9  64  0.3539E-08
 2  32  9  64  0.3540E-08
 2  32  9  64  0.3532E-08
 2  32  9  64  0.3514E-08
 2  32  9  64  0.3510E-08
 2  32  10  64  0.3933E-08
 2  32  10  64  0.3813E-08
 2  32  10  64  0.3817E-08
 2  32  10  64  0.3809E-08
 2  32  10  64  0.3799E-08
 2  32  10  64  0.3785E-08
 2  32  10  64  0.3789E-08
 2  32  10  64  0.3795E-08
 2  32  10  64  0.3796E-08
 2  32  10  64  0.3809E-08
 2  32  11  64  0.4321E-08
 2  32  11  64  0.4244E-08
 2  32  11  64  0.4210E-08
 2  32  11  64  0.4230E-08
 2  32  11  64  0.4221E-08
 2  32  11  64  0.4217E-08
 2  32  11  64  0.4244E-08
 2  32  11  64  0.4240E-08
 2  32  11  64  0.4211E-08
 2  32  11  64  0.4214E-08
 2  32  12  64  0.4036E-08
 2  32  12  64  0.3970E-08
 2  32  12  64  0.3972E-08
 2  32  12  64  0.3962E-08
 2  32  12  64  0.3970E-08
 2  32  12  64  0.3970E-08
 2  32  12  64  0.3967E-08
 2  32  12  64  0.3955E-08
 2  32  12  64  0.3960E-08
 2  32  12  64  0.3966E-08
 2  32  13  64  0.3587E-08
 2  32  13  64  0.3519E-08
 2  32  13  64  0.3515E-08
 2  32  13  64  0.3517E-08
 2  32  13  64  0.3522E-08
 2  32  13  64  0.3523E-08
 2  32  13  64  0.3525E-08
 2  32  13  64  0.3527E-08
 2  32  13  64  0.3523E-08
 2  32  13  64  0.3520E-08
 2  32  14  64  0.3248E-08
 2  32  14  64  0.3188E-08
 2  32  14  64  0.3178E-08
 2  32  14  64  0.3181E-08
 2  32  14  64  0.3181E-08
 2  32  14  64  0.3176E-08
 2  32  14  64  0.3197E-08
 2  32  14  64  0.3182E-08
 2  32  14  64  0.3176E-08
 2  32  14  64  0.3184E-08
 2  32  15  64  0.3322E-08
 2  32  15  64  0.3302E-08
 2  32  15  64  0.3294E-08
 2  32  15  64  0.3284E-08
 2  32  15  64  0.3292E-08
 2  32  15  64  0.3284E-08
 2  32  15  64  0.3287E-08
 2  32  15  64  0.3284E-08
 2  32  15  64  0.3289E-08
 2  32  15  64  0.3292E-08
 2  32  16  64  0.2973E-08
 2  32  16  64  0.2952E-08
 2  32  16  64  0.2947E-08
 2  32  16  64  0.2945E-08
 2  32  16  64  0.2949E-08
 2  32  16  64  0.2947E-08
 2  32  16  64  0.2955E-08
 2  32  16  64  0.2951E-08
 2  32  16  64  0.2945E-08
 2  32  16  64  0.2949E-08
 2  32  17  64  0.3393E-08
 2  32  17  64  0.3379E-08
 2  32  17  64  0.3375E-08
 2  32  17  64  0.3378E-08
 2  32  17  64  0.3376E-08
 2  32  17  64  0.3371E-08
 2  32  17  64  0.3384E-08
 2  32  17  64  0.3372E-08
 2  32  17  64  0.3378E-08
 2  32  17  64  0.3380E-08
 2  32  18  64  0.3318E-08
 2  32  18  64  0.3307E-08
 2  32  18  64  0.3311E-08
 2  32  18  64  0.3307E-08
 2  32  18  64  0.3308E-08
 2  32  18  64  0.3303E-08
 2  32  18  64  0.3311E-08
 2  32  18  64  0.3306E-08
 2  32  18  64  0.3306E-08
 2  32  18  64  0.3307E-08
 2  32  19  64  0.3415E-08
 2  32  19  64  0.3409E-08
 2  32  19  64  0.3406E-08
 2  32  19  64  0.3407E-08
 2  32  19  64  0.3405E-08
 2  32  19  64  0.3404E-08
 2  32  19  64  0.3412E-08
 2  32  19  64  0.3402E-08
 2  32  19  64  0.3405E-08
 2  32  19  64  0.3404E-08
 2  32  20  64  0.3230E-08
 2  32  20  64  0.3229E-08
 2  32  20  64  0.3224E-08
 2  32  20  64  0.3223E-08
 2  32  20  64  0.3226E-08
 2  32  20  64  0.3223E-08
 2  32  20  64  0.3226E-08
 2  32  20  64  0.3220E-08
 2  32  20  64  0.3230E-08
 2  32  20  64  0.3221E-08
