 2  1  3  2  0.2840E-06
 2  1  3  2  0.1854E-06
 2  1  3  2  0.1854E-06
 2  1  3  2  0.1795E-06
 2  1  3  2  0.1854E-06
 2  1  3  2  0.1854E-06
 2  1  3  2  0.1854E-06
 2  1  3  2  0.1854E-06
 2  1  3  2  0.1854E-06
 2  1  3  2  0.1854E-06
 2  1  4  2  0.1354E-06
 2  1  4  2  0.1068E-06
 2  1  4  2  0.1720E-06
 2  1  4  2  0.1484E-06
 2  1  4  2  0.1043E-06
 2  1  4  2  0.1223E-06
 2  1  4  2  0.1751E-06
 2  1  4  2  0.1459E-06
 2  1  4  2  0.1018E-06
 2  1  4  2  0.1043E-06
 2  1  5  2  0.1733E-06
 2  1  5  2  0.8519E-07
 2  1  5  2  0.1186E-06
 2  1  5  2  0.1148E-06
 2  1  5  2  0.8806E-07
 2  1  5  2  0.1265E-06
 2  1  5  2  0.1135E-06
 2  1  5  2  0.1148E-06
 2  1  5  2  0.1119E-06
 2  1  5  2  0.1373E-06
 2  1  6  2  0.8168E-07
 2  1  6  2  0.1065E-06
 2  1  6  2  0.1043E-06
 2  1  6  2  0.1058E-06
 2  1  6  2  0.1164E-06
 2  1  6  2  0.1089E-06
 2  1  6  2  0.1058E-06
 2  1  6  2  0.1027E-06
 2  1  6  2  0.6328E-07
 2  1  6  2  0.8720E-07
 2  1  7  2  0.9824E-07
 2  1  7  2  0.5781E-07
 2  1  7  2  0.8457E-07
 2  1  7  2  0.5735E-07
 2  1  7  2  0.8167E-07
 2  1  7  2  0.5723E-07
 2  1  7  2  0.8364E-07
 2  1  7  2  0.1019E-06
 2  1  7  2  0.8700E-07
 2  1  7  2  0.5839E-07
 2  1  8  2  0.6186E-07
 2  1  8  2  0.5464E-07
 2  1  8  2  0.5309E-07
 2  1  8  2  0.5045E-07
 2  1  8  2  0.4983E-07
 2  1  8  2  0.4983E-07
 2  1  8  2  0.4983E-07
 2  1  8  2  0.5014E-07
 2  1  8  2  0.4983E-07
 2  1  8  2  0.5014E-07
 2  1  9  2  0.8525E-07
 2  1  9  2  0.9762E-07
 2  1  9  2  0.8710E-07
 2  1  9  2  0.8552E-07
 2  1  9  2  0.8552E-07
 2  1  9  2  0.7408E-07
 2  1  9  2  0.7157E-07
 2  1  9  2  0.7637E-07
 2  1  9  2  0.7315E-07
 2  1  9  2  0.7707E-07
 2  1  10  2  0.9183E-07
 2  1  10  2  0.8885E-07
 2  1  10  2  0.9267E-07
 2  1  10  2  0.8786E-07
 2  1  10  2  0.9084E-07
 2  1  10  2  0.9100E-07
 2  1  10  2  0.8885E-07
 2  1  10  2  0.8583E-07
 2  1  10  2  0.8984E-07
 2  1  10  2  0.8980E-07
 2  1  11  2  0.9243E-07
 2  1  11  2  0.8341E-07
 2  1  11  2  0.8201E-07
 2  1  11  2  0.8201E-07
 2  1  11  2  0.8992E-07
 2  1  11  2  0.8464E-07
 2  1  11  2  0.8416E-07
 2  1  11  2  0.8404E-07
 2  1  11  2  0.8464E-07
 2  1  11  2  0.8828E-07
 2  1  12  2  0.7457E-07
 2  1  12  2  0.7119E-07
 2  1  12  2  0.7494E-07
 2  1  12  2  0.7030E-07
 2  1  12  2  0.7099E-07
 2  1  12  2  0.6830E-07
 2  1  12  2  0.7283E-07
 2  1  12  2  0.6781E-07
 2  1  12  2  0.6818E-07
 2  1  12  2  0.7041E-07
 2  1  13  2  0.7927E-07
 2  1  13  2  0.7215E-07
 2  1  13  2  0.7358E-07
 2  1  13  2  0.7875E-07
 2  1  13  2  0.7269E-07
 2  1  13  2  0.7419E-07
 2  1  13  2  0.7754E-07
 2  1  13  2  0.7236E-07
 2  1  13  2  0.7405E-07
 2  1  13  2  0.7367E-07
 2  1  14  2  0.7604E-07
 2  1  14  2  0.7039E-07
 2  1  14  2  0.7047E-07
 2  1  14  2  0.7422E-07
 2  1  14  2  0.7009E-07
 2  1  14  2  0.6955E-07
 2  1  14  2  0.7355E-07
 2  1  14  2  0.7028E-07
 2  1  14  2  0.7009E-07
 2  1  14  2  0.7368E-07
 2  1  15  2  0.8074E-07
 2  1  15  2  0.7575E-07
 2  1  15  2  0.7575E-07
 2  1  15  2  0.7566E-07
 2  1  15  2  0.7762E-07
 2  1  15  2  0.7546E-07
 2  1  15  2  0.7842E-07
 2  1  15  2  0.7585E-07
 2  1  15  2  0.7861E-07
 2  1  15  2  0.7560E-07
 2  1  16  2  0.8011E-07
 2  1  16  2  0.7881E-07
 2  1  16  2  0.7698E-07
 2  1  16  2  0.7877E-07
 2  1  16  2  0.7764E-07
 2  1  16  2  0.7751E-07
 2  1  16  2  0.7682E-07
 2  1  16  2  0.7736E-07
 2  1  16  2  0.7691E-07
 2  1  16  2  0.8094E-07
 2  1  17  2  0.8708E-07
 2  1  17  2  0.8291E-07
 2  1  17  2  0.8491E-07
 2  1  17  2  0.8572E-07
 2  1  17  2  0.8332E-07
 2  1  17  2  0.8484E-07
 2  1  17  2  0.8647E-07
 2  1  17  2  0.8302E-07
 2  1  17  2  0.8441E-07
 2  1  17  2  0.8562E-07
 2  1  18  2  0.8919E-07
 2  1  18  2  0.8848E-07
 2  1  18  2  0.9048E-07
 2  1  18  2  0.8839E-07
 2  1  18  2  0.8817E-07
 2  1  18  2  0.8833E-07
 2  1  18  2  0.8919E-07
 2  1  18  2  0.8899E-07
 2  1  18  2  0.8873E-07
 2  1  18  2  0.8871E-07
 2  1  19  2  0.9610E-07
 2  1  19  2  0.9474E-07
 2  1  19  2  0.9469E-07
 2  1  19  2  0.9499E-07
 2  1  19  2  0.9491E-07
 2  1  19  2  0.9522E-07
 2  1  19  2  0.9494E-07
 2  1  19  2  0.9450E-07
 2  1  19  2  0.9484E-07
 2  1  19  2  0.9508E-07
 2  1  20  2  0.1006E-06
 2  1  20  2  0.9360E-07
 2  1  20  2  0.9327E-07
 2  1  20  2  0.9260E-07
 2  1  20  2  0.9256E-07
 2  1  20  2  0.9292E-07
 2  1  20  2  0.9275E-07
 2  1  20  2  0.9257E-07
 2  1  20  2  0.9267E-07
 2  1  20  2  0.9271E-07
