 2  8  3  16  0.8740E-07
 2  8  3  16  0.8387E-07
 2  8  3  16  0.8322E-07
 2  8  3  16  0.8332E-07
 2  8  3  16  0.8306E-07
 2  8  3  16  0.8350E-07
 2  8  3  16  0.8380E-07
 2  8  3  16  0.8275E-07
 2  8  3  16  0.8316E-07
 2  8  3  16  0.8242E-07
 2  8  4  16  0.3978E-07
 2  8  4  16  0.3804E-07
 2  8  4  16  0.3805E-07
 2  8  4  16  0.3830E-07
 2  8  4  16  0.3795E-07
 2  8  4  16  0.3797E-07
 2  8  4  16  0.3817E-07
 2  8  4  16  0.3795E-07
 2  8  4  16  0.3782E-07
 2  8  4  16  0.3788E-07
 2  8  5  16  0.2505E-07
 2  8  5  16  0.2428E-07
 2  8  5  16  0.2427E-07
 2  8  5  16  0.2421E-07
 2  8  5  16  0.2439E-07
 2  8  5  16  0.2416E-07
 2  8  5  16  0.2414E-07
 2  8  5  16  0.2423E-07
 2  8  5  16  0.2408E-07
 2  8  5  16  0.2413E-07
 2  8  6  16  0.1679E-07
 2  8  6  16  0.1632E-07
 2  8  6  16  0.1611E-07
 2  8  6  16  0.1615E-07
 2  8  6  16  0.1611E-07
 2  8  6  16  0.1610E-07
 2  8  6  16  0.1617E-07
 2  8  6  16  0.1611E-07
 2  8  6  16  0.1615E-07
 2  8  6  16  0.1608E-07
 2  8  7  16  0.1334E-07
 2  8  7  16  0.1300E-07
 2  8  7  16  0.1289E-07
 2  8  7  16  0.1288E-07
 2  8  7  16  0.1303E-07
 2  8  7  16  0.1290E-07
 2  8  7  16  0.1286E-07
 2  8  7  16  0.1291E-07
 2  8  7  16  0.1288E-07
 2  8  7  16  0.1283E-07
 2  8  8  16  0.9941E-08
 2  8  8  16  0.9797E-08
 2  8  8  16  0.9746E-08
 2  8  8  16  0.9729E-08
 2  8  8  16  0.9805E-08
 2  8  8  16  0.9770E-08
 2  8  8  16  0.9698E-08
 2  8  8  16  0.9712E-08
 2  8  8  16  0.9722E-08
 2  8  8  16  0.9731E-08
 2  8  9  16  0.1053E-07
 2  8  9  16  0.1032E-07
 2  8  9  16  0.1028E-07
 2  8  9  16  0.1029E-07
 2  8  9  16  0.1034E-07
 2  8  9  16  0.1033E-07
 2  8  9  16  0.1031E-07
 2  8  9  16  0.1027E-07
 2  8  9  16  0.1031E-07
 2  8  9  16  0.1034E-07
 2  8  10  16  0.1126E-07
 2  8  10  16  0.1103E-07
 2  8  10  16  0.1099E-07
 2  8  10  16  0.1100E-07
 2  8  10  16  0.1105E-07
 2  8  10  16  0.1103E-07
 2  8  10  16  0.1103E-07
 2  8  10  16  0.1098E-07
 2  8  10  16  0.1100E-07
 2  8  10  16  0.1102E-07
 2  8  11  16  0.1254E-07
 2  8  11  16  0.1236E-07
 2  8  11  16  0.1237E-07
 2  8  11  16  0.1236E-07
 2  8  11  16  0.1240E-07
 2  8  11  16  0.1235E-07
 2  8  11  16  0.1235E-07
 2  8  11  16  0.1237E-07
 2  8  11  16  0.1240E-07
 2  8  11  16  0.1237E-07
 2  8  12  16  0.1173E-07
 2  8  12  16  0.1162E-07
 2  8  12  16  0.1164E-07
 2  8  12  16  0.1164E-07
 2  8  12  16  0.1163E-07
 2  8  12  16  0.1163E-07
 2  8  12  16  0.1168E-07
 2  8  12  16  0.1162E-07
 2  8  12  16  0.1162E-07
 2  8  12  16  0.1166E-07
 2  8  13  16  0.1149E-07
 2  8  13  16  0.1139E-07
 2  8  13  16  0.1138E-07
 2  8  13  16  0.1144E-07
 2  8  13  16  0.1142E-07
 2  8  13  16  0.1141E-07
 2  8  13  16  0.1144E-07
 2  8  13  16  0.1141E-07
 2  8  13  16  0.1140E-07
 2  8  13  16  0.1143E-07
 2  8  14  16  0.1062E-07
 2  8  14  16  0.1057E-07
 2  8  14  16  0.1059E-07
 2  8  14  16  0.1058E-07
 2  8  14  16  0.1058E-07
 2  8  14  16  0.1057E-07
 2  8  14  16  0.1058E-07
 2  8  14  16  0.1057E-07
 2  8  14  16  0.1056E-07
 2  8  14  16  0.1060E-07
 2  8  15  16  0.1110E-07
 2  8  15  16  0.1105E-07
 2  8  15  16  0.1107E-07
 2  8  15  16  0.1104E-07
 2  8  15  16  0.1104E-07
 2  8  15  16  0.1105E-07
 2  8  15  16  0.1104E-07
 2  8  15  16  0.1105E-07
 2  8  15  16  0.1104E-07
 2  8  15  16  0.1106E-07
 2  8  16  16  0.1029E-07
 2  8  16  16  0.1023E-07
 2  8  16  16  0.1028E-07
 2  8  16  16  0.1025E-07
 2  8  16  16  0.1062E-07
 2  8  16  16  0.1031E-07
 2  8  16  16  0.1025E-07
 2  8  16  16  0.1027E-07
 2  8  16  16  0.1023E-07
 2  8  16  16  0.1027E-07
 2  8  17  16  0.1199E-07
 2  8  17  16  0.1191E-07
 2  8  17  16  0.1194E-07
 2  8  17  16  0.1191E-07
 2  8  17  16  0.1193E-07
 2  8  17  16  0.1193E-07
 2  8  17  16  0.1192E-07
 2  8  17  16  0.1192E-07
 2  8  17  16  0.1192E-07
 2  8  17  16  0.1194E-07
 2  8  18  16  0.1180E-07
 2  8  18  16  0.1179E-07
 2  8  18  16  0.1180E-07
 2  8  18  16  0.1178E-07
 2  8  18  16  0.1179E-07
 2  8  18  16  0.1179E-07
 2  8  18  16  0.1179E-07
 2  8  18  16  0.1179E-07
 2  8  18  16  0.1177E-07
 2  8  18  16  0.1180E-07
 2  8  19  16  0.1220E-07
 2  8  19  16  0.1216E-07
 2  8  19  16  0.1218E-07
 2  8  19  16  0.1215E-07
 2  8  19  16  0.1217E-07
 2  8  19  16  0.1217E-07
 2  8  19  16  0.1218E-07
 2  8  19  16  0.1216E-07
 2  8  19  16  0.1217E-07
 2  8  19  16  0.1218E-07
 2  8  20  16  0.1170E-07
 2  8  20  16  0.1168E-07
 2  8  20  16  0.1170E-07
 2  8  20  16  0.1169E-07
 2  8  20  16  0.1169E-07
 2  8  20  16  0.1169E-07
 2  8  20  16  0.1169E-07
 2  8  20  16  0.1169E-07
 2  8  20  16  0.1168E-07
 2  8  20  16  0.1170E-07
