 2  32  3  64  0.2078E-06
 2  32  3  64  0.6945E-07
 2  32  3  64  0.6480E-07
 2  32  3  64  0.5381E-07
 2  32  3  64  0.5321E-07
 2  32  3  64  0.5225E-07
 2  32  3  64  0.5054E-07
 2  32  3  64  0.6098E-07
 2  32  3  64  0.5110E-07
 2  32  3  64  0.4995E-07
 2  32  4  64  0.6273E-07
 2  32  4  64  0.2612E-07
 2  32  4  64  0.2270E-07
 2  32  4  64  0.2173E-07
 2  32  4  64  0.2255E-07
 2  32  4  64  0.2150E-07
 2  32  4  64  0.2132E-07
 2  32  4  64  0.2158E-07
 2  32  4  64  0.2158E-07
 2  32  4  64  0.2293E-07
 2  32  5  64  0.4426E-07
 2  32  5  64  0.1563E-07
 2  32  5  64  0.1358E-07
 2  32  5  64  0.1342E-07
 2  32  5  64  0.1371E-07
 2  32  5  64  0.1504E-07
 2  32  5  64  0.1308E-07
 2  32  5  64  0.1325E-07
 2  32  5  64  0.1312E-07
 2  32  5  64  0.1267E-07
 2  32  6  64  0.2551E-07
 2  32  6  64  0.1076E-07
 2  32  6  64  0.1126E-07
 2  32  6  64  0.1020E-07
 2  32  6  64  0.1003E-07
 2  32  6  64  0.1003E-07
 2  32  6  64  0.1136E-07
 2  32  6  64  0.1100E-07
 2  32  6  64  0.1027E-07
 2  32  6  64  0.1095E-07
 2  32  7  64  0.2243E-07
 2  32  7  64  0.8395E-08
 2  32  7  64  0.8852E-08
 2  32  7  64  0.8381E-08
 2  32  7  64  0.8229E-08
 2  32  7  64  0.8138E-08
 2  32  7  64  0.8138E-08
 2  32  7  64  0.8186E-08
 2  32  7  64  0.8841E-08
 2  32  7  64  0.8171E-08
 2  32  8  64  0.1296E-07
 2  32  8  64  0.6500E-08
 2  32  8  64  0.6510E-08
 2  32  8  64  0.7334E-08
 2  32  8  64  0.6480E-08
 2  32  8  64  0.6723E-08
 2  32  8  64  0.6451E-08
 2  32  8  64  0.6337E-08
 2  32  8  64  0.6878E-08
 2  32  8  64  0.6349E-08
 2  32  9  64  0.3729E-08
 2  32  9  64  0.3680E-08
 2  32  9  64  0.3647E-08
 2  32  9  64  0.3658E-08
 2  32  9  64  0.3657E-08
 2  32  9  64  0.3637E-08
 2  32  9  64  0.3621E-08
 2  32  9  64  0.3663E-08
 2  32  9  64  0.3640E-08
 2  32  9  64  0.3645E-08
 2  32  10  64  0.3741E-08
 2  32  10  64  0.3658E-08
 2  32  10  64  0.3669E-08
 2  32  10  64  0.3660E-08
 2  32  10  64  0.3664E-08
 2  32  10  64  0.3675E-08
 2  32  10  64  0.3649E-08
 2  32  10  64  0.3672E-08
 2  32  10  64  0.3658E-08
 2  32  10  64  0.3645E-08
 2  32  11  64  0.3654E-08
 2  32  11  64  0.3597E-08
 2  32  11  64  0.3591E-08
 2  32  11  64  0.3584E-08
 2  32  11  64  0.3586E-08
 2  32  11  64  0.3579E-08
 2  32  11  64  0.3590E-08
 2  32  11  64  0.3581E-08
 2  32  11  64  0.3586E-08
 2  32  11  64  0.3576E-08
 2  32  12  64  0.3205E-08
 2  32  12  64  0.3147E-08
 2  32  12  64  0.3152E-08
 2  32  12  64  0.3146E-08
 2  32  12  64  0.3155E-08
 2  32  12  64  0.3154E-08
 2  32  12  64  0.3154E-08
 2  32  12  64  0.3155E-08
 2  32  12  64  0.3150E-08
 2  32  12  64  0.3172E-08
 2  32  13  64  0.2769E-08
 2  32  13  64  0.2733E-08
 2  32  13  64  0.2734E-08
 2  32  13  64  0.2736E-08
 2  32  13  64  0.2734E-08
 2  32  13  64  0.2735E-08
 2  32  13  64  0.2734E-08
 2  32  13  64  0.2738E-08
 2  32  13  64  0.2726E-08
 2  32  13  64  0.2728E-08
 2  32  14  64  0.2571E-08
 2  32  14  64  0.2541E-08
 2  32  14  64  0.2528E-08
 2  32  14  64  0.2527E-08
 2  32  14  64  0.2538E-08
 2  32  14  64  0.2532E-08
 2  32  14  64  0.2528E-08
 2  32  14  64  0.2527E-08
 2  32  14  64  0.2542E-08
 2  32  14  64  0.2533E-08
 2  32  15  64  0.2691E-08
 2  32  15  64  0.2668E-08
 2  32  15  64  0.2663E-08
 2  32  15  64  0.2671E-08
 2  32  15  64  0.2671E-08
 2  32  15  64  0.2664E-08
 2  32  15  64  0.2668E-08
 2  32  15  64  0.2664E-08
 2  32  15  64  0.2667E-08
 2  32  15  64  0.2668E-08
 2  32  16  64  0.2572E-08
 2  32  16  64  0.2547E-08
 2  32  16  64  0.2550E-08
 2  32  16  64  0.2553E-08
 2  32  16  64  0.2549E-08
 2  32  16  64  0.2553E-08
 2  32  16  64  0.2547E-08
 2  32  16  64  0.2548E-08
 2  32  16  64  0.2552E-08
 2  32  16  64  0.2546E-08
 2  32  17  64  0.2996E-08
 2  32  17  64  0.2976E-08
 2  32  17  64  0.2981E-08
 2  32  17  64  0.2975E-08
 2  32  17  64  0.2974E-08
 2  32  17  64  0.2977E-08
 2  32  17  64  0.2978E-08
 2  32  17  64  0.2975E-08
 2  32  17  64  0.2979E-08
 2  32  17  64  0.2981E-08
 2  32  18  64  0.2932E-08
 2  32  18  64  0.2912E-08
 2  32  18  64  0.2913E-08
 2  32  18  64  0.2919E-08
 2  32  18  64  0.2914E-08
 2  32  18  64  0.2913E-08
 2  32  18  64  0.2916E-08
 2  32  18  64  0.2914E-08
 2  32  18  64  0.2913E-08
 2  32  18  64  0.2916E-08
 2  32  19  64  0.3067E-08
 2  32  19  64  0.3065E-08
 2  32  19  64  0.3066E-08
 2  32  19  64  0.3065E-08
 2  32  19  64  0.3066E-08
 2  32  19  64  0.3066E-08
 2  32  19  64  0.3065E-08
 2  32  19  64  0.3065E-08
 2  32  19  64  0.3066E-08
 2  32  19  64  0.3065E-08
 2  32  20  64  0.2998E-08
 2  32  20  64  0.2988E-08
 2  32  20  64  0.2989E-08
 2  32  20  64  0.2989E-08
 2  32  20  64  0.2990E-08
 2  32  20  64  0.2988E-08
 2  32  20  64  0.2988E-08
 2  32  20  64  0.2992E-08
 2  32  20  64  0.2987E-08
 2  32  20  64  0.2991E-08
