 2  2  3  4  0.3826E-06
 2  2  3  4  0.2649E-06
 2  2  3  4  0.2163E-06
 2  2  3  4  0.2899E-06
 2  2  3  4  0.3297E-06
 2  2  3  4  0.2958E-06
 2  2  3  4  0.2105E-06
 2  2  3  4  0.2627E-06
 2  2  3  4  0.2127E-06
 2  2  3  4  0.2899E-06
 2  2  4  4  0.1512E-06
 2  2  4  4  0.1080E-06
 2  2  4  4  0.1055E-06
 2  2  4  4  0.1040E-06
 2  2  4  4  0.1068E-06
 2  2  4  4  0.1667E-06
 2  2  4  4  0.1186E-06
 2  2  4  4  0.1083E-06
 2  2  4  4  0.1052E-06
 2  2  4  4  0.1068E-06
 2  2  5  4  0.1554E-06
 2  2  5  4  0.1361E-06
 2  2  5  4  0.1313E-06
 2  2  5  4  0.1300E-06
 2  2  5  4  0.1287E-06
 2  2  5  4  0.1486E-06
 2  2  5  4  0.1359E-06
 2  2  5  4  0.1287E-06
 2  2  5  4  0.1254E-06
 2  2  5  4  0.1327E-06
 2  2  6  4  0.1180E-06
 2  2  6  4  0.9759E-07
 2  2  6  4  0.9640E-07
 2  2  6  4  0.9529E-07
 2  2  6  4  0.9336E-07
 2  2  6  4  0.1022E-06
 2  2  6  4  0.9529E-07
 2  2  6  4  0.9290E-07
 2  2  6  4  0.1046E-06
 2  2  6  4  0.9833E-07
 2  2  7  4  0.1006E-06
 2  2  7  4  0.8532E-07
 2  2  7  4  0.9812E-07
 2  2  7  4  0.8793E-07
 2  2  7  4  0.8527E-07
 2  2  7  4  0.8671E-07
 2  2  7  4  0.9697E-07
 2  2  7  4  0.8671E-07
 2  2  7  4  0.8312E-07
 2  2  7  4  0.8503E-07
 2  2  8  4  0.8009E-07
 2  2  8  4  0.6834E-07
 2  2  8  4  0.6771E-07
 2  2  8  4  0.6624E-07
 2  2  8  4  0.6593E-07
 2  2  8  4  0.6558E-07
 2  2  8  4  0.7276E-07
 2  2  8  4  0.6562E-07
 2  2  8  4  0.6706E-07
 2  2  8  4  0.6624E-07
 2  2  9  4  0.7053E-07
 2  2  9  4  0.6860E-07
 2  2  9  4  0.6882E-07
 2  2  9  4  0.6778E-07
 2  2  9  4  0.6754E-07
 2  2  9  4  0.6871E-07
 2  2  9  4  0.6824E-07
 2  2  9  4  0.6732E-07
 2  2  9  4  0.6756E-07
 2  2  9  4  0.6824E-07
 2  2  10  4  0.9034E-07
 2  2  10  4  0.7743E-07
 2  2  10  4  0.7735E-07
 2  2  10  4  0.8051E-07
 2  2  10  4  0.7790E-07
 2  2  10  4  0.7675E-07
 2  2  10  4  0.7717E-07
 2  2  10  4  0.8043E-07
 2  2  10  4  0.7691E-07
 2  2  10  4  0.7667E-07
 2  2  11  4  0.6668E-07
 2  2  11  4  0.6105E-07
 2  2  11  4  0.6349E-07
 2  2  11  4  0.6143E-07
 2  2  11  4  0.6104E-07
 2  2  11  4  0.6335E-07
 2  2  11  4  0.6129E-07
 2  2  11  4  0.6123E-07
 2  2  11  4  0.6129E-07
 2  2  11  4  0.6405E-07
 2  2  12  4  0.5329E-07
 2  2  12  4  0.5464E-07
 2  2  12  4  0.5560E-07
 2  2  12  4  0.5275E-07
 2  2  12  4  0.5325E-07
 2  2  12  4  0.5455E-07
 2  2  12  4  0.5184E-07
 2  2  12  4  0.5275E-07
 2  2  12  4  0.5435E-07
 2  2  12  4  0.5349E-07
 2  2  13  4  0.5428E-07
 2  2  13  4  0.5094E-07
 2  2  13  4  0.5215E-07
 2  2  13  4  0.5087E-07
 2  2  13  4  0.5053E-07
 2  2  13  4  0.5034E-07
 2  2  13  4  0.5029E-07
 2  2  13  4  0.5242E-07
 2  2  13  4  0.5355E-07
 2  2  13  4  0.5106E-07
 2  2  14  4  0.4913E-07
 2  2  14  4  0.4747E-07
 2  2  14  4  0.4546E-07
 2  2  14  4  0.4564E-07
 2  2  14  4  0.4716E-07
 2  2  14  4  0.4543E-07
 2  2  14  4  0.4722E-07
 2  2  14  4  0.4574E-07
 2  2  14  4  0.4756E-07
 2  2  14  4  0.4549E-07
 2  2  15  4  0.5020E-07
 2  2  15  4  0.4889E-07
 2  2  15  4  0.4723E-07
 2  2  15  4  0.4878E-07
 2  2  15  4  0.4761E-07
 2  2  15  4  0.4847E-07
 2  2  15  4  0.4758E-07
 2  2  15  4  0.4894E-07
 2  2  15  4  0.4745E-07
 2  2  15  4  0.4840E-07
 2  2  16  4  0.5211E-07
 2  2  16  4  0.5279E-07
 2  2  16  4  0.5267E-07
 2  2  16  4  0.5170E-07
 2  2  16  4  0.5160E-07
 2  2  16  4  0.5271E-07
 2  2  16  4  0.5251E-07
 2  2  16  4  0.5139E-07
 2  2  16  4  0.5210E-07
 2  2  16  4  0.5237E-07
 2  2  17  4  0.5513E-07
 2  2  17  4  0.5453E-07
 2  2  17  4  0.5448E-07
 2  2  17  4  0.5319E-07
 2  2  17  4  0.5424E-07
 2  2  17  4  0.5411E-07
 2  2  17  4  0.5453E-07
 2  2  17  4  0.5428E-07
 2  2  17  4  0.5421E-07
 2  2  17  4  0.5470E-07
 2  2  18  4  0.5718E-07
 2  2  18  4  0.5550E-07
 2  2  18  4  0.5537E-07
 2  2  18  4  0.5541E-07
 2  2  18  4  0.5534E-07
 2  2  18  4  0.5676E-07
 2  2  18  4  0.5550E-07
 2  2  18  4  0.5544E-07
 2  2  18  4  0.5540E-07
 2  2  18  4  0.5543E-07
 2  2  19  4  0.5999E-07
 2  2  19  4  0.5835E-07
 2  2  19  4  0.5832E-07
 2  2  19  4  0.5839E-07
 2  2  19  4  0.5881E-07
 2  2  19  4  0.5822E-07
 2  2  19  4  0.5843E-07
 2  2  19  4  0.5833E-07
 2  2  19  4  0.5903E-07
 2  2  19  4  0.5867E-07
 2  2  20  4  0.5937E-07
 2  2  20  4  0.5948E-07
 2  2  20  4  0.5902E-07
 2  2  20  4  0.5942E-07
 2  2  20  4  0.5867E-07
 2  2  20  4  0.5949E-07
 2  2  20  4  0.5857E-07
 2  2  20  4  0.6013E-07
 2  2  20  4  0.5907E-07
 2  2  20  4  0.5941E-07
