 2  1024  3  2048  0.1096E-07
 2  1024  3  2048  0.5118E-08
 2  1024  3  2048  0.5088E-08
 2  1024  3  2048  0.4708E-08
 2  1024  3  2048  0.5226E-08
 2  1024  3  2048  0.5746E-08
 2  1024  3  2048  0.4805E-08
 2  1024  3  2048  0.5371E-08
 2  1024  3  2048  0.3500E-08
 2  1024  3  2048  0.5473E-08
 2  1024  4  2048  0.1053E-08
 2  1024  4  2048  0.1053E-08
 2  1024  4  2048  0.1042E-08
 2  1024  4  2048  0.1036E-08
 2  1024  4  2048  0.1046E-08
 2  1024  4  2048  0.1063E-08
 2  1024  4  2048  0.1080E-08
 2  1024  4  2048  0.1070E-08
 2  1024  4  2048  0.1041E-08
 2  1024  4  2048  0.1043E-08
 2  1024  5  2048  0.5595E-09
 2  1024  5  2048  0.5487E-09
 2  1024  5  2048  0.5539E-09
 2  1024  5  2048  0.5581E-09
 2  1024  5  2048  0.5590E-09
 2  1024  5  2048  0.5590E-09
 2  1024  5  2048  0.5508E-09
 2  1024  5  2048  0.5692E-09
 2  1024  5  2048  0.5760E-09
 2  1024  5  2048  0.5515E-09
 2  1024  6  2048  0.3688E-09
 2  1024  6  2048  0.3483E-09
 2  1024  6  2048  0.3597E-09
 2  1024  6  2048  0.3451E-09
 2  1024  6  2048  0.3413E-09
 2  1024  6  2048  0.3380E-09
 2  1024  6  2048  0.3399E-09
 2  1024  6  2048  0.3322E-09
 2  1024  6  2048  0.3376E-09
 2  1024  6  2048  0.3312E-09
 2  1024  7  2048  0.2430E-09
 2  1024  7  2048  0.2398E-09
 2  1024  7  2048  0.2359E-09
 2  1024  7  2048  0.2323E-09
 2  1024  7  2048  0.2335E-09
 2  1024  7  2048  0.2384E-09
 2  1024  7  2048  0.2369E-09
 2  1024  7  2048  0.2391E-09
 2  1024  7  2048  0.2357E-09
 2  1024  7  2048  0.2315E-09
 2  1024  8  2048  0.1871E-09
 2  1024  8  2048  0.1792E-09
 2  1024  8  2048  0.1783E-09
 2  1024  8  2048  0.1770E-09
 2  1024  8  2048  0.1803E-09
 2  1024  8  2048  0.1796E-09
 2  1024  8  2048  0.1842E-09
 2  1024  8  2048  0.1806E-09
 2  1024  8  2048  0.1829E-09
 2  1024  8  2048  0.1763E-09
 2  1024  9  2048  0.1700E-09
 2  1024  9  2048  0.1633E-09
 2  1024  9  2048  0.1626E-09
 2  1024  9  2048  0.1639E-09
 2  1024  9  2048  0.1654E-09
 2  1024  9  2048  0.1663E-09
 2  1024  9  2048  0.1662E-09
 2  1024  9  2048  0.1628E-09
 2  1024  9  2048  0.1626E-09
 2  1024  9  2048  0.1650E-09
 2  1024  10  2048  0.1686E-09
 2  1024  10  2048  0.1628E-09
 2  1024  10  2048  0.1624E-09
 2  1024  10  2048  0.1647E-09
 2  1024  10  2048  0.1618E-09
 2  1024  10  2048  0.1641E-09
 2  1024  10  2048  0.1633E-09
 2  1024  10  2048  0.1617E-09
 2  1024  10  2048  0.1681E-09
 2  1024  10  2048  0.1676E-09
 2  1024  11  2048  0.1585E-09
 2  1024  11  2048  0.1550E-09
 2  1024  11  2048  0.1576E-09
 2  1024  11  2048  0.1586E-09
 2  1024  11  2048  0.1573E-09
 2  1024  11  2048  0.1547E-09
 2  1024  11  2048  0.1562E-09
 2  1024  11  2048  0.1567E-09
 2  1024  11  2048  0.1547E-09
 2  1024  11  2048  0.1561E-09
 2  1024  12  2048  0.1397E-09
 2  1024  12  2048  0.1365E-09
 2  1024  12  2048  0.1361E-09
 2  1024  12  2048  0.1357E-09
 2  1024  12  2048  0.1365E-09
 2  1024  12  2048  0.1370E-09
 2  1024  12  2048  0.1366E-09
 2  1024  12  2048  0.1372E-09
 2  1024  12  2048  0.1368E-09
 2  1024  12  2048  0.1349E-09
 2  1024  13  2048  0.1262E-09
 2  1024  13  2048  0.1268E-09
 2  1024  13  2048  0.1267E-09
 2  1024  13  2048  0.1256E-09
 2  1024  13  2048  0.1244E-09
 2  1024  13  2048  0.1239E-09
 2  1024  13  2048  0.1241E-09
 2  1024  13  2048  0.1250E-09
 2  1024  13  2048  0.1272E-09
 2  1024  13  2048  0.1247E-09
 2  1024  14  2048  0.1100E-09
 2  1024  14  2048  0.1087E-09
 2  1024  14  2048  0.1095E-09
 2  1024  14  2048  0.1107E-09
 2  1024  14  2048  0.1105E-09
 2  1024  14  2048  0.1102E-09
 2  1024  14  2048  0.1079E-09
 2  1024  14  2048  0.1081E-09
 2  1024  14  2048  0.1111E-09
 2  1024  14  2048  0.1101E-09
 2  1024  15  2048  0.1092E-09
 2  1024  15  2048  0.1079E-09
 2  1024  15  2048  0.1100E-09
 2  1024  15  2048  0.1091E-09
 2  1024  15  2048  0.1087E-09
 2  1024  15  2048  0.1077E-09
 2  1024  15  2048  0.1084E-09
 2  1024  15  2048  0.1120E-09
 2  1024  15  2048  0.1083E-09
 2  1024  15  2048  0.1079E-09
 2  1024  16  2048  0.1009E-09
 2  1024  16  2048  0.9983E-10
 2  1024  16  2048  0.1009E-09
 2  1024  16  2048  0.1011E-09
 2  1024  16  2048  0.9936E-10
 2  1024  16  2048  0.9990E-10
 2  1024  16  2048  0.1008E-09
 2  1024  16  2048  0.1004E-09
 2  1024  16  2048  0.1005E-09
 2  1024  16  2048  0.1005E-09
 2  1024  17  2048  0.1118E-09
 2  1024  17  2048  0.1140E-09
 2  1024  17  2048  0.1107E-09
 2  1024  17  2048  0.1111E-09
 2  1024  17  2048  0.1136E-09
 2  1024  17  2048  0.1103E-09
 2  1024  17  2048  0.1111E-09
 2  1024  17  2048  0.1127E-09
 2  1024  17  2048  0.1105E-09
 2  1024  17  2048  0.1109E-09
 2  1024  18  2048  0.1062E-09
 2  1024  18  2048  0.1063E-09
 2  1024  18  2048  0.1065E-09
 2  1024  18  2048  0.1079E-09
 2  1024  18  2048  0.1064E-09
 2  1024  18  2048  0.1062E-09
 2  1024  18  2048  0.1062E-09
 2  1024  18  2048  0.1062E-09
 2  1024  18  2048  0.1075E-09
 2  1024  18  2048  0.1060E-09
 2  1024  19  2048  0.1073E-09
 2  1024  19  2048  0.1069E-09
 2  1024  19  2048  0.1073E-09
 2  1024  19  2048  0.1083E-09
 2  1024  19  2048  0.1068E-09
 2  1024  19  2048  0.1068E-09
 2  1024  19  2048  0.1068E-09
 2  1024  19  2048  0.1083E-09
 2  1024  19  2048  0.1070E-09
 2  1024  19  2048  0.1089E-09
 2  1024  20  2048  0.1010E-09
 2  1024  20  2048  0.1001E-09
 2  1024  20  2048  0.1002E-09
 2  1024  20  2048  0.1000E-09
 2  1024  20  2048  0.1002E-09
 2  1024  20  2048  0.1002E-09
 2  1024  20  2048  0.1007E-09
 2  1024  20  2048  0.1025E-09
 2  1024  20  2048  0.1006E-09
 2  1024  20  2048  0.1004E-09
