 2  16  3  32  0.1705E-06
 2  16  3  32  0.6365E-07
 2  16  3  32  0.5712E-07
 2  16  3  32  0.5593E-07
 2  16  3  32  0.5482E-07
 2  16  3  32  0.5473E-07
 2  16  3  32  0.6522E-07
 2  16  3  32  0.5363E-07
 2  16  3  32  0.5206E-07
 2  16  3  32  0.6485E-07
 2  16  4  32  0.7520E-07
 2  16  4  32  0.2751E-07
 2  16  4  32  0.2833E-07
 2  16  4  32  0.2445E-07
 2  16  4  32  0.3271E-07
 2  16  4  32  0.2476E-07
 2  16  4  32  0.2328E-07
 2  16  4  32  0.2297E-07
 2  16  4  32  0.2441E-07
 2  16  4  32  0.2227E-07
 2  16  5  32  0.4242E-07
 2  16  5  32  0.2217E-07
 2  16  5  32  0.2374E-07
 2  16  5  32  0.2058E-07
 2  16  5  32  0.2035E-07
 2  16  5  32  0.2009E-07
 2  16  5  32  0.1933E-07
 2  16  5  32  0.1925E-07
 2  16  5  32  0.1975E-07
 2  16  5  32  0.1917E-07
 2  16  6  32  0.2845E-07
 2  16  6  32  0.1572E-07
 2  16  6  32  0.1688E-07
 2  16  6  32  0.1496E-07
 2  16  6  32  0.1596E-07
 2  16  6  32  0.1446E-07
 2  16  6  32  0.1466E-07
 2  16  6  32  0.1404E-07
 2  16  6  32  0.1389E-07
 2  16  6  32  0.1374E-07
 2  16  7  32  0.1628E-07
 2  16  7  32  0.9782E-08
 2  16  7  32  0.9753E-08
 2  16  7  32  0.9717E-08
 2  16  7  32  0.1227E-07
 2  16  7  32  0.9905E-08
 2  16  7  32  0.9869E-08
 2  16  7  32  0.1014E-07
 2  16  7  32  0.9319E-08
 2  16  7  32  0.9261E-08
 2  16  8  32  0.1434E-07
 2  16  8  32  0.1023E-07
 2  16  8  32  0.9808E-08
 2  16  8  32  0.1001E-07
 2  16  8  32  0.9852E-08
 2  16  8  32  0.1011E-07
 2  16  8  32  0.1080E-07
 2  16  8  32  0.9318E-08
 2  16  8  32  0.9357E-08
 2  16  8  32  0.9459E-08
 2  16  9  32  0.1553E-07
 2  16  9  32  0.1013E-07
 2  16  9  32  0.9372E-08
 2  16  9  32  0.9917E-08
 2  16  9  32  0.9130E-08
 2  16  9  32  0.9147E-08
 2  16  9  32  0.9089E-08
 2  16  9  32  0.9215E-08
 2  16  9  32  0.9645E-08
 2  16  9  32  0.9202E-08
 2  16  12  32  0.3808E-08
 2  16  12  32  0.3761E-08
 2  16  12  32  0.3752E-08
 2  16  12  32  0.3756E-08
 2  16  12  32  0.3751E-08
 2  16  12  32  0.3748E-08
 2  16  12  32  0.3748E-08
 2  16  12  32  0.3760E-08
 2  16  12  32  0.3747E-08
 2  16  12  32  0.3762E-08
 2  16  13  32  0.4011E-08
 2  16  13  32  0.3967E-08
 2  16  13  32  0.3961E-08
 2  16  13  32  0.3961E-08
 2  16  13  32  0.3960E-08
 2  16  13  32  0.3969E-08
 2  16  13  32  0.3967E-08
 2  16  13  32  0.3964E-08
 2  16  13  32  0.3969E-08
 2  16  13  32  0.3985E-08
 2  16  14  32  0.3770E-08
 2  16  14  32  0.3755E-08
 2  16  14  32  0.3750E-08
 2  16  14  32  0.3749E-08
 2  16  14  32  0.3742E-08
 2  16  14  32  0.3752E-08
 2  16  14  32  0.3745E-08
 2  16  14  32  0.3745E-08
 2  16  14  32  0.3745E-08
 2  16  14  32  0.3743E-08
 2  16  15  32  0.4211E-08
 2  16  15  32  0.4182E-08
 2  16  15  32  0.4164E-08
 2  16  15  32  0.4172E-08
 2  16  15  32  0.4170E-08
 2  16  15  32  0.4172E-08
 2  16  15  32  0.4175E-08
 2  16  15  32  0.4172E-08
 2  16  15  32  0.4192E-08
 2  16  15  32  0.4170E-08
 2  16  16  32  0.4079E-08
 2  16  16  32  0.4062E-08
 2  16  16  32  0.4064E-08
 2  16  16  32  0.4055E-08
 2  16  16  32  0.4057E-08
 2  16  16  32  0.4069E-08
 2  16  16  32  0.4057E-08
 2  16  16  32  0.4059E-08
 2  16  16  32  0.4059E-08
 2  16  16  32  0.4053E-08
 2  16  17  32  0.5047E-08
 2  16  17  32  0.5049E-08
 2  16  17  32  0.5036E-08
 2  16  17  32  0.5039E-08
 2  16  17  32  0.5032E-08
 2  16  17  32  0.5033E-08
 2  16  17  32  0.5037E-08
 2  16  17  32  0.5031E-08
 2  16  17  32  0.5034E-08
 2  16  17  32  0.5034E-08
 2  16  18  32  0.4963E-08
 2  16  18  32  0.4941E-08
 2  16  18  32  0.4943E-08
 2  16  18  32  0.4942E-08
 2  16  18  32  0.4947E-08
 2  16  18  32  0.4939E-08
 2  16  18  32  0.4942E-08
 2  16  18  32  0.4939E-08
 2  16  18  32  0.4939E-08
 2  16  18  32  0.4942E-08
 2  16  19  32  0.5332E-08
 2  16  19  32  0.5312E-08
 2  16  19  32  0.5314E-08
 2  16  19  32  0.5316E-08
 2  16  19  32  0.5310E-08
 2  16  19  32  0.5313E-08
 2  16  19  32  0.5315E-08
 2  16  19  32  0.5312E-08
 2  16  19  32  0.5316E-08
 2  16  19  32  0.5314E-08
 2  16  20  32  0.5184E-08
 2  16  20  32  0.5177E-08
 2  16  20  32  0.5176E-08
 2  16  20  32  0.5179E-08
 2  16  20  32  0.5177E-08
 2  16  20  32  0.5171E-08
 2  16  20  32  0.5177E-08
 2  16  20  32  0.5174E-08
 2  16  20  32  0.5178E-08
 2  16  20  32  0.5175E-08
