 2  16384  5  32768  0.1081E-09
 2  16384  5  32768  0.1024E-09
 2  16384  5  32768  0.9587E-10
 2  16384  5  32768  0.9565E-10
 2  16384  5  32768  0.1044E-09
 2  16384  5  32768  0.1121E-09
 2  16384  5  32768  0.1192E-09
 2  16384  5  32768  0.1102E-09
 2  16384  5  32768  0.1002E-09
 2  16384  5  32768  0.9653E-10
 2  16384  6  32768  0.6585E-10
 2  16384  6  32768  0.6093E-10
 2  16384  6  32768  0.6250E-10
 2  16384  6  32768  0.6554E-10
 2  16384  6  32768  0.6746E-10
 2  16384  6  32768  0.7003E-10
 2  16384  6  32768  0.6512E-10
 2  16384  6  32768  0.6409E-10
 2  16384  6  32768  0.6061E-10
 2  16384  6  32768  0.6081E-10
 2  16384  7  32768  0.4889E-10
 2  16384  7  32768  0.4520E-10
 2  16384  7  32768  0.4296E-10
 2  16384  7  32768  0.4134E-10
 2  16384  7  32768  0.4538E-10
 2  16384  7  32768  0.4874E-10
 2  16384  7  32768  0.5017E-10
 2  16384  7  32768  0.4545E-10
 2  16384  7  32768  0.4390E-10
 2  16384  7  32768  0.4180E-10
 2  16384  8  32768  0.3905E-10
 2  16384  8  32768  0.3680E-10
 2  16384  8  32768  0.3517E-10
 2  16384  8  32768  0.3541E-10
 2  16384  8  32768  0.3719E-10
 2  16384  8  32768  0.3806E-10
 2  16384  8  32768  0.3782E-10
 2  16384  8  32768  0.3635E-10
 2  16384  8  32768  0.3464E-10
 2  16384  8  32768  0.3583E-10
 2  16384  9  32768  0.2975E-10
 2  16384  9  32768  0.2952E-10
 2  16384  9  32768  0.3033E-10
 2  16384  9  32768  0.3135E-10
 2  16384  9  32768  0.3063E-10
 2  16384  9  32768  0.2907E-10
 2  16384  9  32768  0.2941E-10
 2  16384  9  32768  0.3065E-10
 2  16384  9  32768  0.3129E-10
 2  16384  9  32768  0.2988E-10
 2  16384  10  32768  0.2602E-10
 2  16384  10  32768  0.2520E-10
 2  16384  10  32768  0.2351E-10
 2  16384  10  32768  0.2398E-10
 2  16384  10  32768  0.2561E-10
 2  16384  10  32768  0.2483E-10
 2  16384  10  32768  0.2329E-10
 2  16384  10  32768  0.2343E-10
 2  16384  10  32768  0.2527E-10
 2  16384  10  32768  0.2494E-10
 2  16384  11  32768  0.2019E-10
 2  16384  11  32768  0.2087E-10
 2  16384  11  32768  0.2115E-10
 2  16384  11  32768  0.2029E-10
 2  16384  11  32768  0.2024E-10
 2  16384  11  32768  0.2078E-10
 2  16384  11  32768  0.2067E-10
 2  16384  11  32768  0.2009E-10
 2  16384  11  32768  0.2051E-10
 2  16384  11  32768  0.2090E-10
 2  16384  12  32768  0.1667E-10
 2  16384  12  32768  0.1657E-10
 2  16384  12  32768  0.1694E-10
 2  16384  12  32768  0.1673E-10
 2  16384  12  32768  0.1644E-10
 2  16384  12  32768  0.1656E-10
 2  16384  12  32768  0.1698E-10
 2  16384  12  32768  0.1649E-10
 2  16384  12  32768  0.1646E-10
 2  16384  12  32768  0.1687E-10
 2  16384  13  32768  0.1413E-10
 2  16384  13  32768  0.1424E-10
 2  16384  13  32768  0.1488E-10
 2  16384  13  32768  0.1447E-10
 2  16384  13  32768  0.1427E-10
 2  16384  13  32768  0.1541E-10
 2  16384  13  32768  0.1446E-10
 2  16384  13  32768  0.1416E-10
 2  16384  13  32768  0.1468E-10
 2  16384  13  32768  0.1464E-10
 2  16384  14  32768  0.1234E-10
 2  16384  14  32768  0.1210E-10
 2  16384  14  32768  0.1251E-10
 2  16384  14  32768  0.1206E-10
 2  16384  14  32768  0.1211E-10
 2  16384  14  32768  0.1248E-10
 2  16384  14  32768  0.1217E-10
 2  16384  14  32768  0.1202E-10
 2  16384  14  32768  0.1263E-10
 2  16384  14  32768  0.1212E-10
 2  16384  15  32768  0.1113E-10
 2  16384  15  32768  0.1121E-10
 2  16384  15  32768  0.1115E-10
 2  16384  15  32768  0.1118E-10
 2  16384  15  32768  0.1135E-10
 2  16384  15  32768  0.1115E-10
 2  16384  15  32768  0.1126E-10
 2  16384  15  32768  0.1134E-10
 2  16384  15  32768  0.1130E-10
 2  16384  15  32768  0.1174E-10
 2  16384  16  32768  0.1019E-10
 2  16384  16  32768  0.9983E-11
 2  16384  16  32768  0.9986E-11
 2  16384  16  32768  0.1009E-10
 2  16384  16  32768  0.9941E-11
 2  16384  16  32768  0.1013E-10
 2  16384  16  32768  0.9984E-11
 2  16384  16  32768  0.9930E-11
 2  16384  16  32768  0.1016E-10
 2  16384  16  32768  0.9880E-11
 2  16384  17  32768  0.1007E-10
 2  16384  17  32768  0.1009E-10
 2  16384  17  32768  0.1012E-10
 2  16384  17  32768  0.1009E-10
 2  16384  17  32768  0.1031E-10
 2  16384  17  32768  0.1015E-10
 2  16384  17  32768  0.1012E-10
 2  16384  17  32768  0.9921E-11
 2  16384  17  32768  0.1009E-10
 2  16384  17  32768  0.1003E-10
 2  16384  18  32768  0.9169E-11
 2  16384  18  32768  0.9230E-11
 2  16384  18  32768  0.9137E-11
 2  16384  18  32768  0.9231E-11
 2  16384  18  32768  0.9110E-11
 2  16384  18  32768  0.9196E-11
 2  16384  18  32768  0.9163E-11
 2  16384  18  32768  0.9156E-11
 2  16384  18  32768  0.9208E-11
 2  16384  18  32768  0.9175E-11
 2  16384  19  32768  0.9112E-11
 2  16384  19  32768  0.9134E-11
 2  16384  19  32768  0.8980E-11
 2  16384  19  32768  0.9006E-11
 2  16384  19  32768  0.8989E-11
 2  16384  19  32768  0.8950E-11
 2  16384  19  32768  0.8993E-11
 2  16384  19  32768  0.8970E-11
 2  16384  19  32768  0.9057E-11
 2  16384  19  32768  0.9062E-11
 2  16384  20  32768  0.8474E-11
 2  16384  20  32768  0.8425E-11
 2  16384  20  32768  0.8362E-11
 2  16384  20  32768  0.8411E-11
 2  16384  20  32768  0.8435E-11
 2  16384  20  32768  0.8356E-11
 2  16384  20  32768  0.8405E-11
 2  16384  20  32768  0.8444E-11
 2  16384  20  32768  0.8372E-11
 2  16384  20  32768  0.8391E-11
