 2  8  3  16  0.4805E-07
 2  8  3  16  0.1650E-06
 2  8  3  16  0.1821E-06
 2  8  3  16  0.1558E-06
 2  8  3  16  0.1751E-06
 2  8  3  16  0.1389E-06
 2  8  3  16  0.1599E-06
 2  8  3  16  0.1652E-06
 2  8  3  16  0.1372E-06
 2  8  3  16  0.1582E-06
 2  8  4  16  0.2492E-07
 2  8  4  16  0.2368E-07
 2  8  4  16  0.4005E-07
 2  8  4  16  0.5929E-07
 2  8  4  16  0.3943E-07
 2  8  4  16  0.5076E-07
 2  8  4  16  0.6154E-07
 2  8  4  16  0.3834E-07
 2  8  4  16  0.4494E-07
 2  8  4  16  0.5340E-07
 2  8  5  16  0.1735E-07
 2  8  5  16  0.1632E-07
 2  8  5  16  0.1671E-07
 2  8  5  16  0.2531E-07
 2  8  5  16  0.2535E-07
 2  8  5  16  0.2619E-07
 2  8  5  16  0.3282E-07
 2  8  5  16  0.2364E-07
 2  8  5  16  0.3616E-07
 2  8  5  16  0.3266E-07
 2  8  6  16  0.1334E-07
 2  8  6  16  0.1237E-07
 2  8  6  16  0.1230E-07
 2  8  6  16  0.1257E-07
 2  8  6  16  0.3461E-07
 2  8  6  16  0.3502E-07
 2  8  6  16  0.3116E-07
 2  8  6  16  0.3339E-07
 2  8  6  16  0.3511E-07
 2  8  6  16  0.3364E-07
 2  8  7  16  0.1159E-07
 2  8  7  16  0.1066E-07
 2  8  7  16  0.1059E-07
 2  8  7  16  0.1050E-07
 2  8  7  16  0.1068E-07
 2  8  7  16  0.2837E-07
 2  8  7  16  0.2643E-07
 2  8  7  16  0.2672E-07
 2  8  7  16  0.2641E-07
 2  8  7  16  0.2982E-07
 2  8  8  16  0.1062E-07
 2  8  8  16  0.9697E-08
 2  8  8  16  0.9665E-08
 2  8  8  16  0.9722E-08
 2  8  8  16  0.9611E-08
 2  8  8  16  0.9612E-08
 2  8  8  16  0.1908E-07
 2  8  8  16  0.1965E-07
 2  8  8  16  0.2010E-07
 2  8  8  16  0.2165E-07
 2  8  9  16  0.1263E-07
 2  8  9  16  0.1178E-07
 2  8  9  16  0.1171E-07
 2  8  9  16  0.1168E-07
 2  8  9  16  0.1261E-07
 2  8  9  16  0.1236E-07
 2  8  9  16  0.1170E-07
 2  8  9  16  0.1162E-07
 2  8  9  16  0.1812E-07
 2  8  9  16  0.1683E-07
 2  8  10  16  0.1251E-07
 2  8  10  16  0.1203E-07
 2  8  10  16  0.1203E-07
 2  8  10  16  0.1197E-07
 2  8  10  16  0.1203E-07
 2  8  10  16  0.1200E-07
 2  8  10  16  0.1202E-07
 2  8  10  16  0.1203E-07
 2  8  10  16  0.1199E-07
 2  8  10  16  0.1209E-07
 2  8  11  16  0.1200E-07
 2  8  11  16  0.1174E-07
 2  8  11  16  0.1173E-07
 2  8  11  16  0.1177E-07
 2  8  11  16  0.1173E-07
 2  8  11  16  0.1174E-07
 2  8  11  16  0.1178E-07
 2  8  11  16  0.1175E-07
 2  8  11  16  0.1172E-07
 2  8  11  16  0.1172E-07
 2  8  12  16  0.1088E-07
 2  8  12  16  0.1064E-07
 2  8  12  16  0.1065E-07
 2  8  12  16  0.1066E-07
 2  8  12  16  0.1068E-07
 2  8  12  16  0.1069E-07
 2  8  12  16  0.1066E-07
 2  8  12  16  0.1069E-07
 2  8  12  16  0.1065E-07
 2  8  12  16  0.1066E-07
 2  8  13  16  0.9170E-08
 2  8  13  16  0.9100E-08
 2  8  13  16  0.9067E-08
 2  8  13  16  0.9088E-08
 2  8  13  16  0.9070E-08
 2  8  13  16  0.9084E-08
 2  8  13  16  0.9094E-08
 2  8  13  16  0.9089E-08
 2  8  13  16  0.9103E-08
 2  8  13  16  0.9081E-08
 2  8  14  16  0.8946E-08
 2  8  14  16  0.8799E-08
 2  8  14  16  0.8742E-08
 2  8  14  16  0.8710E-08
 2  8  14  16  0.8708E-08
 2  8  14  16  0.8723E-08
 2  8  14  16  0.8719E-08
 2  8  14  16  0.8706E-08
 2  8  14  16  0.8708E-08
 2  8  14  16  0.8699E-08
 2  8  15  16  0.9629E-08
 2  8  15  16  0.9471E-08
 2  8  15  16  0.9493E-08
 2  8  15  16  0.9435E-08
 2  8  15  16  0.9434E-08
 2  8  15  16  0.9445E-08
 2  8  15  16  0.9439E-08
 2  8  15  16  0.9438E-08
 2  8  15  16  0.9440E-08
 2  8  15  16  0.9438E-08
 2  8  16  16  0.9284E-08
 2  8  16  16  0.9134E-08
 2  8  16  16  0.9112E-08
 2  8  16  16  0.9157E-08
 2  8  16  16  0.9128E-08
 2  8  16  16  0.9155E-08
 2  8  16  16  0.9136E-08
 2  8  16  16  0.9166E-08
 2  8  16  16  0.9146E-08
 2  8  16  16  0.9122E-08
 2  8  17  16  0.1104E-07
 2  8  17  16  0.1092E-07
 2  8  17  16  0.1093E-07
 2  8  17  16  0.1090E-07
 2  8  17  16  0.1091E-07
 2  8  17  16  0.1090E-07
 2  8  17  16  0.1091E-07
 2  8  17  16  0.1090E-07
 2  8  17  16  0.1092E-07
 2  8  17  16  0.1089E-07
 2  8  18  16  0.1079E-07
 2  8  18  16  0.1069E-07
 2  8  18  16  0.1067E-07
 2  8  18  16  0.1069E-07
 2  8  18  16  0.1067E-07
 2  8  18  16  0.1067E-07
 2  8  18  16  0.1068E-07
 2  8  18  16  0.1067E-07
 2  8  18  16  0.1068E-07
 2  8  18  16  0.1067E-07
 2  8  19  16  0.1150E-07
 2  8  19  16  0.1144E-07
 2  8  19  16  0.1142E-07
 2  8  19  16  0.1142E-07
 2  8  19  16  0.1142E-07
 2  8  19  16  0.1142E-07
 2  8  19  16  0.1143E-07
 2  8  19  16  0.1142E-07
 2  8  19  16  0.1143E-07
 2  8  19  16  0.1142E-07
 2  8  20  16  0.1118E-07
 2  8  20  16  0.1109E-07
 2  8  20  16  0.1108E-07
 2  8  20  16  0.1108E-07
 2  8  20  16  0.1108E-07
 2  8  20  16  0.1108E-07
 2  8  20  16  0.1110E-07
 2  8  20  16  0.1109E-07
 2  8  20  16  0.1109E-07
 2  8  20  16  0.1109E-07
