 2  1024  3  2048  0.1268E-07
 2  1024  3  2048  0.6679E-08
 2  1024  3  2048  0.7407E-08
 2  1024  3  2048  0.5807E-08
 2  1024  3  2048  0.5847E-08
 2  1024  3  2048  0.6228E-08
 2  1024  3  2048  0.6473E-08
 2  1024  3  2048  0.7951E-08
 2  1024  3  2048  0.6509E-08
 2  1024  3  2048  0.6733E-08
 2  1024  4  2048  0.1957E-08
 2  1024  4  2048  0.1918E-08
 2  1024  4  2048  0.1952E-08
 2  1024  4  2048  0.2036E-08
 2  1024  4  2048  0.1961E-08
 2  1024  4  2048  0.1959E-08
 2  1024  4  2048  0.2040E-08
 2  1024  4  2048  0.1960E-08
 2  1024  4  2048  0.1904E-08
 2  1024  4  2048  0.1958E-08
 2  1024  5  2048  0.1052E-08
 2  1024  5  2048  0.1051E-08
 2  1024  5  2048  0.1046E-08
 2  1024  5  2048  0.1071E-08
 2  1024  5  2048  0.1070E-08
 2  1024  5  2048  0.1052E-08
 2  1024  5  2048  0.1028E-08
 2  1024  5  2048  0.1036E-08
 2  1024  5  2048  0.1017E-08
 2  1024  5  2048  0.1040E-08
 2  1024  6  2048  0.6592E-09
 2  1024  6  2048  0.6521E-09
 2  1024  6  2048  0.6439E-09
 2  1024  6  2048  0.6454E-09
 2  1024  6  2048  0.6427E-09
 2  1024  6  2048  0.6486E-09
 2  1024  6  2048  0.6518E-09
 2  1024  6  2048  0.6603E-09
 2  1024  6  2048  0.6758E-09
 2  1024  6  2048  0.6776E-09
 2  1024  7  2048  0.4787E-09
 2  1024  7  2048  0.4605E-09
 2  1024  7  2048  0.4640E-09
 2  1024  7  2048  0.4610E-09
 2  1024  7  2048  0.4615E-09
 2  1024  7  2048  0.4511E-09
 2  1024  7  2048  0.4619E-09
 2  1024  7  2048  0.4669E-09
 2  1024  7  2048  0.4622E-09
 2  1024  7  2048  0.4654E-09
 2  1024  8  2048  0.3683E-09
 2  1024  8  2048  0.3597E-09
 2  1024  8  2048  0.3546E-09
 2  1024  8  2048  0.3563E-09
 2  1024  8  2048  0.3529E-09
 2  1024  8  2048  0.3553E-09
 2  1024  8  2048  0.3547E-09
 2  1024  8  2048  0.3531E-09
 2  1024  8  2048  0.3583E-09
 2  1024  8  2048  0.3634E-09
 2  1024  9  2048  0.3127E-09
 2  1024  9  2048  0.3086E-09
 2  1024  9  2048  0.3101E-09
 2  1024  9  2048  0.3142E-09
 2  1024  9  2048  0.3094E-09
 2  1024  9  2048  0.3083E-09
 2  1024  9  2048  0.3022E-09
 2  1024  9  2048  0.3086E-09
 2  1024  9  2048  0.3086E-09
 2  1024  9  2048  0.3064E-09
 2  1024  10  2048  0.2780E-09
 2  1024  10  2048  0.2757E-09
 2  1024  10  2048  0.2733E-09
 2  1024  10  2048  0.2746E-09
 2  1024  10  2048  0.2744E-09
 2  1024  10  2048  0.2744E-09
 2  1024  10  2048  0.2762E-09
 2  1024  10  2048  0.2757E-09
 2  1024  10  2048  0.2761E-09
 2  1024  10  2048  0.2735E-09
 2  1024  11  2048  0.2374E-09
 2  1024  11  2048  0.2399E-09
 2  1024  11  2048  0.2400E-09
 2  1024  11  2048  0.2392E-09
 2  1024  11  2048  0.2379E-09
 2  1024  11  2048  0.2364E-09
 2  1024  11  2048  0.2369E-09
 2  1024  11  2048  0.2410E-09
 2  1024  11  2048  0.2383E-09
 2  1024  11  2048  0.2373E-09
 2  1024  12  2048  0.2090E-09
 2  1024  12  2048  0.2086E-09
 2  1024  12  2048  0.2091E-09
 2  1024  12  2048  0.2099E-09
 2  1024  12  2048  0.2062E-09
 2  1024  12  2048  0.2067E-09
 2  1024  12  2048  0.2092E-09
 2  1024  12  2048  0.2107E-09
 2  1024  12  2048  0.2096E-09
 2  1024  12  2048  0.2066E-09
 2  1024  13  2048  0.1825E-09
 2  1024  13  2048  0.1822E-09
 2  1024  13  2048  0.1838E-09
 2  1024  13  2048  0.1821E-09
 2  1024  13  2048  0.1817E-09
 2  1024  13  2048  0.1822E-09
 2  1024  13  2048  0.1847E-09
 2  1024  13  2048  0.1844E-09
 2  1024  13  2048  0.1818E-09
 2  1024  13  2048  0.1823E-09
 2  1024  14  2048  0.1575E-09
 2  1024  14  2048  0.1599E-09
 2  1024  14  2048  0.1593E-09
 2  1024  14  2048  0.1584E-09
 2  1024  14  2048  0.1581E-09
 2  1024  14  2048  0.1607E-09
 2  1024  14  2048  0.1599E-09
 2  1024  14  2048  0.1588E-09
 2  1024  14  2048  0.1588E-09
 2  1024  14  2048  0.1596E-09
 2  1024  15  2048  0.1489E-09
 2  1024  15  2048  0.1494E-09
 2  1024  15  2048  0.1503E-09
 2  1024  15  2048  0.1487E-09
 2  1024  15  2048  0.1478E-09
 2  1024  15  2048  0.1509E-09
 2  1024  15  2048  0.1484E-09
 2  1024  15  2048  0.1488E-09
 2  1024  15  2048  0.1506E-09
 2  1024  15  2048  0.1497E-09
 2  1024  16  2048  0.1389E-09
 2  1024  16  2048  0.1381E-09
 2  1024  16  2048  0.1388E-09
 2  1024  16  2048  0.1381E-09
 2  1024  16  2048  0.1377E-09
 2  1024  16  2048  0.1396E-09
 2  1024  16  2048  0.1397E-09
 2  1024  16  2048  0.1393E-09
 2  1024  16  2048  0.1380E-09
 2  1024  16  2048  0.1370E-09
 2  1024  17  2048  0.1452E-09
 2  1024  17  2048  0.1428E-09
 2  1024  17  2048  0.1445E-09
 2  1024  17  2048  0.1423E-09
 2  1024  17  2048  0.1448E-09
 2  1024  17  2048  0.1430E-09
 2  1024  17  2048  0.1431E-09
 2  1024  17  2048  0.1456E-09
 2  1024  17  2048  0.1434E-09
 2  1024  17  2048  0.1456E-09
 2  1024  18  2048  0.1342E-09
 2  1024  18  2048  0.1330E-09
 2  1024  18  2048  0.1338E-09
 2  1024  18  2048  0.1324E-09
 2  1024  18  2048  0.1326E-09
 2  1024  18  2048  0.1328E-09
 2  1024  18  2048  0.1344E-09
 2  1024  18  2048  0.1326E-09
 2  1024  18  2048  0.1326E-09
 2  1024  18  2048  0.1321E-09
 2  1024  19  2048  0.1322E-09
 2  1024  19  2048  0.1316E-09
 2  1024  19  2048  0.1320E-09
 2  1024  19  2048  0.1335E-09
 2  1024  19  2048  0.1321E-09
 2  1024  19  2048  0.1318E-09
 2  1024  19  2048  0.1334E-09
 2  1024  19  2048  0.1319E-09
 2  1024  19  2048  0.1340E-09
 2  1024  19  2048  0.1318E-09
 2  1024  20  2048  0.1233E-09
 2  1024  20  2048  0.1234E-09
 2  1024  20  2048  0.1233E-09
 2  1024  20  2048  0.1233E-09
 2  1024  20  2048  0.1234E-09
 2  1024  20  2048  0.1253E-09
 2  1024  20  2048  0.1236E-09
 2  1024  20  2048  0.1234E-09
 2  1024  20  2048  0.1247E-09
 2  1024  20  2048  0.1235E-09
