 2  1  3  2  0.1617E-06
 2  1  3  2  0.1426E-06
 2  1  3  2  0.1414E-06
 2  1  3  2  0.1408E-06
 2  1  3  2  0.1408E-06
 2  1  3  2  0.1408E-06
 2  1  3  2  0.1408E-06
 2  1  3  2  0.1407E-06
 2  1  3  2  0.1401E-06
 2  1  3  2  0.1408E-06
 2  1  4  2  0.8095E-07
 2  1  4  2  0.7476E-07
 2  1  4  2  0.7536E-07
 2  1  4  2  0.7851E-07
 2  1  4  2  0.7522E-07
 2  1  4  2  0.7507E-07
 2  1  4  2  0.8013E-07
 2  1  4  2  0.7407E-07
 2  1  4  2  0.7414E-07
 2  1  4  2  0.7469E-07
 2  1  5  2  0.6168E-07
 2  1  5  2  0.6070E-07
 2  1  5  2  0.6031E-07
 2  1  5  2  0.6064E-07
 2  1  5  2  0.5973E-07
 2  1  5  2  0.5945E-07
 2  1  5  2  0.6005E-07
 2  1  5  2  0.6038E-07
 2  1  5  2  0.6057E-07
 2  1  5  2  0.6019E-07
 2  1  6  2  0.4636E-07
 2  1  6  2  0.4593E-07
 2  1  6  2  0.4590E-07
 2  1  6  2  0.4572E-07
 2  1  6  2  0.4645E-07
 2  1  6  2  0.4605E-07
 2  1  6  2  0.4581E-07
 2  1  6  2  0.4586E-07
 2  1  6  2  0.4601E-07
 2  1  6  2  0.4572E-07
 2  1  7  2  0.4480E-07
 2  1  7  2  0.4431E-07
 2  1  7  2  0.4448E-07
 2  1  7  2  0.4441E-07
 2  1  7  2  0.4431E-07
 2  1  7  2  0.4433E-07
 2  1  7  2  0.4437E-07
 2  1  7  2  0.4437E-07
 2  1  7  2  0.4436E-07
 2  1  7  2  0.4449E-07
 2  1  8  2  0.3588E-07
 2  1  8  2  0.3574E-07
 2  1  8  2  0.3541E-07
 2  1  8  2  0.3544E-07
 2  1  8  2  0.3545E-07
 2  1  8  2  0.3540E-07
 2  1  8  2  0.3541E-07
 2  1  8  2  0.3543E-07
 2  1  8  2  0.3541E-07
 2  1  8  2  0.3532E-07
 2  1  9  2  0.4459E-07
 2  1  9  2  0.4423E-07
 2  1  9  2  0.4426E-07
 2  1  9  2  0.4426E-07
 2  1  9  2  0.4425E-07
 2  1  9  2  0.4421E-07
 2  1  9  2  0.4736E-07
 2  1  9  2  0.4424E-07
 2  1  9  2  0.4458E-07
 2  1  9  2  0.4420E-07
 2  1  10  2  0.4754E-07
 2  1  10  2  0.4740E-07
 2  1  10  2  0.4743E-07
 2  1  10  2  0.4793E-07
 2  1  10  2  0.4737E-07
 2  1  10  2  0.4723E-07
 2  1  10  2  0.4711E-07
 2  1  10  2  0.4719E-07
 2  1  10  2  0.4723E-07
 2  1  10  2  0.4738E-07
 2  1  11  2  0.4995E-07
 2  1  11  2  0.4975E-07
 2  1  11  2  0.4977E-07
 2  1  11  2  0.4977E-07
 2  1  11  2  0.4972E-07
 2  1  11  2  0.4973E-07
 2  1  11  2  0.4985E-07
 2  1  11  2  0.4990E-07
 2  1  11  2  0.4973E-07
 2  1  11  2  0.4976E-07
 2  1  12  2  0.4327E-07
 2  1  12  2  0.4320E-07
 2  1  12  2  0.4319E-07
 2  1  12  2  0.4306E-07
 2  1  12  2  0.4299E-07
 2  1  12  2  0.4302E-07
 2  1  12  2  0.4294E-07
 2  1  12  2  0.4300E-07
 2  1  12  2  0.4321E-07
 2  1  12  2  0.4312E-07
 2  1  13  2  0.4851E-07
 2  1  13  2  0.4861E-07
 2  1  13  2  0.4833E-07
 2  1  13  2  0.4818E-07
 2  1  13  2  0.4861E-07
 2  1  13  2  0.4823E-07
 2  1  13  2  0.4821E-07
 2  1  13  2  0.4821E-07
 2  1  13  2  0.4826E-07
 2  1  13  2  0.4815E-07
 2  1  14  2  0.4627E-07
 2  1  14  2  0.4627E-07
 2  1  14  2  0.4619E-07
 2  1  14  2  0.4612E-07
 2  1  14  2  0.4620E-07
 2  1  14  2  0.4616E-07
 2  1  14  2  0.4600E-07
 2  1  14  2  0.4589E-07
 2  1  14  2  0.4605E-07
 2  1  14  2  0.4587E-07
 2  1  15  2  0.5625E-07
 2  1  15  2  0.5615E-07
 2  1  15  2  0.5616E-07
 2  1  15  2  0.5610E-07
 2  1  15  2  0.5610E-07
 2  1  15  2  0.5615E-07
 2  1  15  2  0.5620E-07
 2  1  15  2  0.5614E-07
 2  1  15  2  0.5602E-07
 2  1  15  2  0.5602E-07
 2  1  16  2  0.5448E-07
 2  1  16  2  0.5454E-07
 2  1  16  2  0.5432E-07
 2  1  16  2  0.5439E-07
 2  1  16  2  0.5445E-07
 2  1  16  2  0.5447E-07
 2  1  16  2  0.5440E-07
 2  1  16  2  0.5452E-07
 2  1  16  2  0.5450E-07
 2  1  16  2  0.5452E-07
 2  1  17  2  0.7006E-07
 2  1  17  2  0.6994E-07
 2  1  17  2  0.7000E-07
 2  1  17  2  0.7000E-07
 2  1  17  2  0.7005E-07
 2  1  17  2  0.7012E-07
 2  1  17  2  0.7002E-07
 2  1  17  2  0.7015E-07
 2  1  17  2  0.7009E-07
 2  1  17  2  0.7003E-07
 2  1  18  2  0.7097E-07
 2  1  18  2  0.7094E-07
 2  1  18  2  0.7095E-07
 2  1  18  2  0.7087E-07
 2  1  18  2  0.7080E-07
 2  1  18  2  0.7079E-07
 2  1  18  2  0.7088E-07
 2  1  18  2  0.7093E-07
 2  1  18  2  0.7080E-07
 2  1  18  2  0.7078E-07
 2  1  19  2  0.7454E-07
 2  1  19  2  0.7442E-07
 2  1  19  2  0.7453E-07
 2  1  19  2  0.7437E-07
 2  1  19  2  0.7435E-07
 2  1  19  2  0.7445E-07
 2  1  19  2  0.7437E-07
 2  1  19  2  0.7435E-07
 2  1  19  2  0.7444E-07
 2  1  19  2  0.7433E-07
 2  1  20  2  0.7179E-07
 2  1  20  2  0.7183E-07
 2  1  20  2  0.7178E-07
 2  1  20  2  0.7177E-07
 2  1  20  2  0.7180E-07
 2  1  20  2  0.7180E-07
 2  1  20  2  0.7176E-07
 2  1  20  2  0.7183E-07
 2  1  20  2  0.7182E-07
 2  1  20  2  0.7175E-07
