 2  4  3  8  0.3459E-06
 2  4  3  8  0.2053E-06
 2  4  3  8  0.1899E-06
 2  4  3  8  0.1913E-06
 2  4  3  8  0.1865E-06
 2  4  3  8  0.1836E-06
 2  4  3  8  0.1869E-06
 2  4  3  8  0.2145E-06
 2  4  3  8  0.1759E-06
 2  4  3  8  0.2285E-06
 2  4  4  8  0.1810E-06
 2  4  4  8  0.1055E-06
 2  4  4  8  0.9903E-07
 2  4  4  8  0.9562E-07
 2  4  4  8  0.9639E-07
 2  4  4  8  0.1080E-06
 2  4  4  8  0.9251E-07
 2  4  4  8  0.8863E-07
 2  4  4  8  0.8149E-07
 2  4  4  8  0.7823E-07
 2  4  5  8  0.8297E-07
 2  4  5  8  0.3330E-07
 2  4  5  8  0.4435E-07
 2  4  5  8  0.4570E-07
 2  4  5  8  0.4665E-07
 2  4  5  8  0.2901E-07
 2  4  5  8  0.3831E-07
 2  4  5  8  0.4665E-07
 2  4  5  8  0.3131E-07
 2  4  5  8  0.4029E-07
 2  4  6  8  0.6094E-07
 2  4  6  8  0.4916E-07
 2  4  6  8  0.4861E-07
 2  4  6  8  0.4572E-07
 2  4  6  8  0.4590E-07
 2  4  6  8  0.3992E-07
 2  4  6  8  0.3992E-07
 2  4  6  8  0.4420E-07
 2  4  6  8  0.4438E-07
 2  4  6  8  0.4282E-07
 2  4  7  8  0.4434E-07
 2  4  7  8  0.3887E-07
 2  4  7  8  0.4324E-07
 2  4  7  8  0.3901E-07
 2  4  7  8  0.3780E-07
 2  4  7  8  0.3681E-07
 2  4  7  8  0.3742E-07
 2  4  7  8  0.3643E-07
 2  4  7  8  0.3609E-07
 2  4  7  8  0.3510E-07
 2  4  8  8  0.3842E-07
 2  4  8  8  0.4020E-07
 2  4  8  8  0.3605E-07
 2  4  8  8  0.3745E-07
 2  4  8  8  0.3491E-07
 2  4  8  8  0.3483E-07
 2  4  8  8  0.3442E-07
 2  4  8  8  0.3426E-07
 2  4  8  8  0.3459E-07
 2  4  8  8  0.3320E-07
 2  4  9  8  0.4051E-07
 2  4  9  8  0.3613E-07
 2  4  9  8  0.3441E-07
 2  4  9  8  0.3475E-07
 2  4  9  8  0.3435E-07
 2  4  9  8  0.3183E-07
 2  4  9  8  0.3213E-07
 2  4  9  8  0.3206E-07
 2  4  9  8  0.3219E-07
 2  4  9  8  0.3217E-07
 2  4  10  8  0.4596E-07
 2  4  10  8  0.3775E-07
 2  4  10  8  0.3809E-07
 2  4  10  8  0.3988E-07
 2  4  10  8  0.3801E-07
 2  4  10  8  0.3813E-07
 2  4  10  8  0.3804E-07
 2  4  10  8  0.3801E-07
 2  4  10  8  0.3788E-07
 2  4  10  8  0.3813E-07
 2  4  11  8  0.1537E-07
 2  4  11  8  0.1527E-07
 2  4  11  8  0.1529E-07
 2  4  11  8  0.1529E-07
 2  4  11  8  0.1528E-07
 2  4  11  8  0.1525E-07
 2  4  11  8  0.1528E-07
 2  4  11  8  0.1536E-07
 2  4  11  8  0.1534E-07
 2  4  11  8  0.1530E-07
 2  4  12  8  0.1425E-07
 2  4  12  8  0.1424E-07
 2  4  12  8  0.1418E-07
 2  4  12  8  0.1428E-07
 2  4  12  8  0.1419E-07
 2  4  12  8  0.1424E-07
 2  4  12  8  0.1422E-07
 2  4  12  8  0.1418E-07
 2  4  12  8  0.1424E-07
 2  4  12  8  0.1420E-07
 2  4  13  8  0.3160E-07
 2  4  13  8  0.2684E-07
 2  4  13  8  0.2613E-07
 2  4  13  8  0.2771E-07
 2  4  13  8  0.2629E-07
 2  4  13  8  0.2650E-07
 2  4  13  8  0.2687E-07
 2  4  13  8  0.2655E-07
 2  4  13  8  0.2719E-07
 2  4  13  8  0.2631E-07
 2  4  14  8  0.1440E-07
 2  4  14  8  0.1436E-07
 2  4  14  8  0.1437E-07
 2  4  14  8  0.1436E-07
 2  4  14  8  0.1439E-07
 2  4  14  8  0.1436E-07
 2  4  14  8  0.1436E-07
 2  4  14  8  0.1435E-07
 2  4  14  8  0.1436E-07
 2  4  14  8  0.1438E-07
 2  4  15  8  0.1615E-07
 2  4  15  8  0.1611E-07
 2  4  15  8  0.1609E-07
 2  4  15  8  0.1611E-07
 2  4  15  8  0.1609E-07
 2  4  15  8  0.1614E-07
 2  4  15  8  0.1609E-07
 2  4  15  8  0.1612E-07
 2  4  15  8  0.1610E-07
 2  4  15  8  0.1610E-07
 2  4  16  8  0.1579E-07
 2  4  16  8  0.1577E-07
 2  4  16  8  0.1575E-07
 2  4  16  8  0.1574E-07
 2  4  16  8  0.1576E-07
 2  4  16  8  0.1575E-07
 2  4  16  8  0.1575E-07
 2  4  16  8  0.1575E-07
 2  4  16  8  0.1576E-07
 2  4  16  8  0.1573E-07
 2  4  17  8  0.1967E-07
 2  4  17  8  0.1964E-07
 2  4  17  8  0.1967E-07
 2  4  17  8  0.1963E-07
 2  4  17  8  0.1965E-07
 2  4  17  8  0.1965E-07
 2  4  17  8  0.1967E-07
 2  4  17  8  0.1965E-07
 2  4  17  8  0.1965E-07
 2  4  17  8  0.1964E-07
 2  4  18  8  0.1930E-07
 2  4  18  8  0.1929E-07
 2  4  18  8  0.1930E-07
 2  4  18  8  0.1929E-07
 2  4  18  8  0.1928E-07
 2  4  18  8  0.1929E-07
 2  4  18  8  0.1931E-07
 2  4  18  8  0.1928E-07
 2  4  18  8  0.1928E-07
 2  4  18  8  0.1929E-07
 2  4  19  8  0.2081E-07
 2  4  19  8  0.2079E-07
 2  4  19  8  0.2080E-07
 2  4  19  8  0.2079E-07
 2  4  19  8  0.2080E-07
 2  4  19  8  0.2081E-07
 2  4  19  8  0.2080E-07
 2  4  19  8  0.2079E-07
 2  4  19  8  0.2080E-07
 2  4  19  8  0.2079E-07
 2  4  20  8  0.2032E-07
 2  4  20  8  0.2031E-07
 2  4  20  8  0.2031E-07
 2  4  20  8  0.2032E-07
 2  4  20  8  0.2032E-07
 2  4  20  8  0.2031E-07
 2  4  20  8  0.2032E-07
 2  4  20  8  0.2031E-07
 2  4  20  8  0.2032E-07
 2  4  20  8  0.2031E-07
