 2  8192  3  16384  0.8210E-09
 2  8192  3  16384  0.7918E-09
 2  8192  3  16384  0.7763E-09
 2  8192  3  16384  0.7887E-09
 2  8192  3  16384  0.8180E-09
 2  8192  3  16384  0.8150E-09
 2  8192  3  16384  0.8167E-09
 2  8192  3  16384  0.7873E-09
 2  8192  3  16384  0.7664E-09
 2  8192  3  16384  0.7502E-09
 2  8192  4  16384  0.3766E-09
 2  8192  4  16384  0.3415E-09
 2  8192  4  16384  0.3512E-09
 2  8192  4  16384  0.3463E-09
 2  8192  4  16384  0.3402E-09
 2  8192  4  16384  0.3475E-09
 2  8192  4  16384  0.3590E-09
 2  8192  4  16384  0.3423E-09
 2  8192  4  16384  0.3422E-09
 2  8192  4  16384  0.3447E-09
 2  8192  5  16384  0.2353E-09
 2  8192  5  16384  0.2297E-09
 2  8192  5  16384  0.2040E-09
 2  8192  5  16384  0.2019E-09
 2  8192  5  16384  0.1996E-09
 2  8192  5  16384  0.2023E-09
 2  8192  5  16384  0.1966E-09
 2  8192  5  16384  0.2070E-09
 2  8192  5  16384  0.2071E-09
 2  8192  5  16384  0.3700E-09
 2  8192  6  16384  0.1366E-09
 2  8192  6  16384  0.1311E-09
 2  8192  6  16384  0.1223E-09
 2  8192  6  16384  0.1268E-09
 2  8192  6  16384  0.1186E-09
 2  8192  6  16384  0.1199E-09
 2  8192  6  16384  0.1214E-09
 2  8192  6  16384  0.1254E-09
 2  8192  6  16384  0.1293E-09
 2  8192  6  16384  0.1244E-09
 2  8192  7  16384  0.9860E-10
 2  8192  7  16384  0.8686E-10
 2  8192  7  16384  0.8563E-10
 2  8192  7  16384  0.8217E-10
 2  8192  7  16384  0.8443E-10
 2  8192  7  16384  0.8839E-10
 2  8192  7  16384  0.9185E-10
 2  8192  7  16384  0.9280E-10
 2  8192  7  16384  0.8667E-10
 2  8192  7  16384  0.8746E-10
 2  8192  8  16384  0.6850E-10
 2  8192  8  16384  0.6870E-10
 2  8192  8  16384  0.7048E-10
 2  8192  8  16384  0.6751E-10
 2  8192  8  16384  0.6556E-10
 2  8192  8  16384  0.6313E-10
 2  8192  8  16384  0.6440E-10
 2  8192  8  16384  0.6940E-10
 2  8192  8  16384  0.7230E-10
 2  8192  8  16384  0.6854E-10
 2  8192  9  16384  0.5721E-10
 2  8192  9  16384  0.5710E-10
 2  8192  9  16384  0.5561E-10
 2  8192  9  16384  0.5496E-10
 2  8192  9  16384  0.5401E-10
 2  8192  9  16384  0.5515E-10
 2  8192  9  16384  0.5691E-10
 2  8192  9  16384  0.5599E-10
 2  8192  9  16384  0.5402E-10
 2  8192  9  16384  0.5419E-10
 2  8192  10  16384  0.4438E-10
 2  8192  10  16384  0.4509E-10
 2  8192  10  16384  0.4673E-10
 2  8192  10  16384  0.4553E-10
 2  8192  10  16384  0.4354E-10
 2  8192  10  16384  0.4389E-10
 2  8192  10  16384  0.4609E-10
 2  8192  10  16384  0.4717E-10
 2  8192  10  16384  0.4447E-10
 2  8192  10  16384  0.4413E-10
 2  8192  11  16384  0.4002E-10
 2  8192  11  16384  0.3978E-10
 2  8192  11  16384  0.3870E-10
 2  8192  11  16384  0.3866E-10
 2  8192  11  16384  0.3961E-10
 2  8192  11  16384  0.3947E-10
 2  8192  11  16384  0.3911E-10
 2  8192  11  16384  0.3885E-10
 2  8192  11  16384  0.4026E-10
 2  8192  11  16384  0.4009E-10
 2  8192  12  16384  0.3197E-10
 2  8192  12  16384  0.3363E-10
 2  8192  12  16384  0.3218E-10
 2  8192  12  16384  0.3080E-10
 2  8192  12  16384  0.3186E-10
 2  8192  12  16384  0.3355E-10
 2  8192  12  16384  0.3228E-10
 2  8192  12  16384  0.3132E-10
 2  8192  12  16384  0.3343E-10
 2  8192  12  16384  0.3304E-10
 2  8192  13  16384  0.2800E-10
 2  8192  13  16384  0.2802E-10
 2  8192  13  16384  0.2863E-10
 2  8192  13  16384  0.2793E-10
 2  8192  13  16384  0.2772E-10
 2  8192  13  16384  0.2850E-10
 2  8192  13  16384  0.2832E-10
 2  8192  13  16384  0.2774E-10
 2  8192  13  16384  0.2851E-10
 2  8192  13  16384  0.2859E-10
 2  8192  14  16384  0.2589E-10
 2  8192  14  16384  0.2514E-10
 2  8192  14  16384  0.2442E-10
 2  8192  14  16384  0.2451E-10
 2  8192  14  16384  0.2464E-10
 2  8192  14  16384  0.2416E-10
 2  8192  14  16384  0.2475E-10
 2  8192  14  16384  0.2484E-10
 2  8192  14  16384  0.2455E-10
 2  8192  14  16384  0.2471E-10
 2  8192  15  16384  0.2317E-10
 2  8192  15  16384  0.2290E-10
 2  8192  15  16384  0.2246E-10
 2  8192  15  16384  0.2275E-10
 2  8192  15  16384  0.2266E-10
 2  8192  15  16384  0.2262E-10
 2  8192  15  16384  0.2268E-10
 2  8192  15  16384  0.2249E-10
 2  8192  15  16384  0.2271E-10
 2  8192  15  16384  0.2307E-10
 2  8192  16  16384  0.2097E-10
 2  8192  16  16384  0.2054E-10
 2  8192  16  16384  0.1994E-10
 2  8192  16  16384  0.2058E-10
 2  8192  16  16384  0.1996E-10
 2  8192  16  16384  0.2063E-10
 2  8192  16  16384  0.2027E-10
 2  8192  16  16384  0.2013E-10
 2  8192  16  16384  0.2069E-10
 2  8192  16  16384  0.2010E-10
 2  8192  17  16384  0.2094E-10
 2  8192  17  16384  0.2037E-10
 2  8192  17  16384  0.2039E-10
 2  8192  17  16384  0.2020E-10
 2  8192  17  16384  0.2053E-10
 2  8192  17  16384  0.2046E-10
 2  8192  17  16384  0.2053E-10
 2  8192  17  16384  0.2032E-10
 2  8192  17  16384  0.2055E-10
 2  8192  17  16384  0.2026E-10
 2  8192  18  16384  0.1955E-10
 2  8192  18  16384  0.1912E-10
 2  8192  18  16384  0.1924E-10
 2  8192  18  16384  0.1909E-10
 2  8192  18  16384  0.1934E-10
 2  8192  18  16384  0.1911E-10
 2  8192  18  16384  0.1918E-10
 2  8192  18  16384  0.1913E-10
 2  8192  18  16384  0.1930E-10
 2  8192  18  16384  0.1930E-10
 2  8192  19  16384  0.1919E-10
 2  8192  19  16384  0.1877E-10
 2  8192  19  16384  0.1903E-10
 2  8192  19  16384  0.1895E-10
 2  8192  19  16384  0.1881E-10
 2  8192  19  16384  0.1893E-10
 2  8192  19  16384  0.1881E-10
 2  8192  19  16384  0.1894E-10
 2  8192  19  16384  0.1897E-10
 2  8192  19  16384  0.1878E-10
 2  8192  20  16384  0.1805E-10
 2  8192  20  16384  0.1802E-10
 2  8192  20  16384  0.1793E-10
 2  8192  20  16384  0.1784E-10
 2  8192  20  16384  0.1802E-10
 2  8192  20  16384  0.1791E-10
 2  8192  20  16384  0.1793E-10
 2  8192  20  16384  0.1778E-10
 2  8192  20  16384  0.1794E-10
 2  8192  20  16384  0.1798E-10
