 2  1  3  2  0.2840E-06
 2  1  3  2  0.2090E-06
 2  1  3  2  0.1781E-06
 2  1  3  2  0.4577E-06
 2  1  3  2  0.2090E-06
 2  1  3  2  0.1854E-06
 2  1  3  2  0.1795E-06
 2  1  3  2  0.1795E-06
 2  1  3  2  0.1722E-06
 2  1  3  2  0.1737E-06
 2  1  4  2  0.2061E-06
 2  1  4  2  0.1409E-06
 2  1  4  2  0.9624E-07
 2  1  4  2  0.1825E-06
 2  1  4  2  0.9934E-07
 2  1  4  2  0.1974E-06
 2  1  4  2  0.1037E-06
 2  1  4  2  0.1329E-06
 2  1  4  2  0.1745E-06
 2  1  4  2  0.1614E-06
 2  1  5  2  0.2426E-06
 2  1  5  2  0.8806E-07
 2  1  5  2  0.1335E-06
 2  1  5  2  0.1186E-06
 2  1  5  2  0.1148E-06
 2  1  5  2  0.8265E-07
 2  1  5  2  0.1202E-06
 2  1  5  2  0.1119E-06
 2  1  5  2  0.8011E-07
 2  1  5  2  0.7725E-07
 2  1  6  2  0.1481E-06
 2  1  6  2  0.6788E-07
 2  1  6  2  0.1119E-06
 2  1  6  2  0.6476E-07
 2  1  6  2  0.1027E-06
 2  1  6  2  0.6328E-07
 2  1  6  2  0.8646E-07
 2  1  6  2  0.6163E-07
 2  1  6  2  0.9180E-07
 2  1  6  2  0.8334E-07
 2  1  7  2  0.9627E-07
 2  1  7  2  0.8654E-07
 2  1  7  2  0.1803E-06
 2  1  7  2  0.6464E-07
 2  1  7  2  0.8642E-07
 2  1  7  2  0.5735E-07
 2  1  7  2  0.7136E-07
 2  1  7  2  0.5688E-07
 2  1  7  2  0.8399E-07
 2  1  7  2  0.5827E-07
 2  1  8  2  0.6380E-07
 2  1  8  2  0.5402E-07
 2  1  8  2  0.5340E-07
 2  1  8  2  0.5340E-07
 2  1  8  2  0.5270E-07
 2  1  8  2  0.5246E-07
 2  1  8  2  0.5246E-07
 2  1  8  2  0.5177E-07
 2  1  8  2  0.5146E-07
 2  1  8  2  0.6279E-07
 2  1  9  2  0.9991E-07
 2  1  9  2  0.8896E-07
 2  1  9  2  0.8640E-07
 2  1  9  2  0.9599E-07
 2  1  9  2  0.8759E-07
 2  1  9  2  0.8552E-07
 2  1  9  2  0.8438E-07
 2  1  9  2  0.8094E-07
 2  1  9  2  0.7915E-07
 2  1  9  2  0.7980E-07
 2  1  10  2  0.1032E-06
 2  1  10  2  0.8702E-07
 2  1  10  2  0.8786E-07
 2  1  10  2  0.8615E-07
 2  1  10  2  0.8766E-07
 2  1  10  2  0.8718E-07
 2  1  10  2  0.9267E-07
 2  1  10  2  0.8734E-07
 2  1  10  2  0.8682E-07
 2  1  10  2  0.8667E-07
 2  1  11  2  0.8816E-07
 2  1  11  2  0.8941E-07
 2  1  11  2  0.8529E-07
 2  1  11  2  0.8491E-07
 2  1  11  2  0.9165E-07
 2  1  11  2  0.9315E-07
 2  1  11  2  0.8628E-07
 2  1  11  2  0.8676E-07
 2  1  11  2  0.8526E-07
 2  1  11  2  0.8440E-07
 2  1  12  2  0.7418E-07
 2  1  12  2  0.6935E-07
 2  1  12  2  0.6742E-07
 2  1  12  2  0.6703E-07
 2  1  12  2  0.7195E-07
 2  1  12  2  0.7186E-07
 2  1  12  2  0.8044E-07
 2  1  12  2  0.7503E-07
 2  1  12  2  0.7292E-07
 2  1  12  2  0.7214E-07
 2  1  13  2  0.7699E-07
 2  1  13  2  0.7298E-07
 2  1  13  2  0.7117E-07
 2  1  13  2  0.7754E-07
 2  1  13  2  0.7350E-07
 2  1  13  2  0.7177E-07
 2  1  13  2  0.7761E-07
 2  1  13  2  0.7282E-07
 2  1  13  2  0.7162E-07
 2  1  13  2  0.7343E-07
 2  1  14  2  0.7210E-07
 2  1  14  2  0.7210E-07
 2  1  14  2  0.6887E-07
 2  1  14  2  0.6942E-07
 2  1  14  2  0.7246E-07
 2  1  14  2  0.7167E-07
 2  1  14  2  0.6986E-07
 2  1  14  2  0.7288E-07
 2  1  14  2  0.6912E-07
 2  1  14  2  0.6942E-07
 2  1  15  2  0.8034E-07
 2  1  15  2  0.7487E-07
 2  1  15  2  0.7788E-07
 2  1  15  2  0.7467E-07
 2  1  15  2  0.7487E-07
 2  1  15  2  0.7635E-07
 2  1  15  2  0.7486E-07
 2  1  15  2  0.7738E-07
 2  1  15  2  0.7487E-07
 2  1  15  2  0.7827E-07
 2  1  16  2  0.8005E-07
 2  1  16  2  0.7527E-07
 2  1  16  2  0.8178E-07
 2  1  16  2  0.8216E-07
 2  1  16  2  0.7768E-07
 2  1  16  2  0.7862E-07
 2  1  16  2  0.7662E-07
 2  1  16  2  0.7845E-07
 2  1  16  2  0.7642E-07
 2  1  16  2  0.7845E-07
 2  1  17  2  0.8715E-07
 2  1  17  2  0.8440E-07
 2  1  17  2  0.8295E-07
 2  1  17  2  0.8498E-07
 2  1  17  2  0.8491E-07
 2  1  17  2  0.8268E-07
 2  1  17  2  0.8542E-07
 2  1  17  2  0.8539E-07
 2  1  17  2  0.8236E-07
 2  1  17  2  0.8477E-07
 2  1  18  2  0.8990E-07
 2  1  18  2  0.8816E-07
 2  1  18  2  0.8776E-07
 2  1  18  2  0.8594E-07
 2  1  18  2  0.8710E-07
 2  1  18  2  0.8796E-07
 2  1  18  2  0.8770E-07
 2  1  18  2  0.8808E-07
 2  1  18  2  0.8616E-07
 2  1  18  2  0.8674E-07
 2  1  19  2  0.9554E-07
 2  1  19  2  0.9290E-07
 2  1  19  2  0.9292E-07
 2  1  19  2  0.1007E-06
 2  1  19  2  0.9549E-07
 2  1  19  2  0.9503E-07
 2  1  19  2  0.9509E-07
 2  1  19  2  0.9513E-07
 2  1  19  2  0.9457E-07
 2  1  19  2  0.9472E-07
 2  1  20  2  0.6709E-07
 2  1  20  2  0.6711E-07
 2  1  20  2  0.6712E-07
 2  1  20  2  0.6814E-07
 2  1  20  2  0.9304E-07
 2  1  20  2  0.9238E-07
 2  1  20  2  0.9241E-07
 2  1  20  2  0.9338E-07
 2  1  20  2  0.9246E-07
 2  1  20  2  0.9231E-07
