 2  4096  3  8192  0.1530E-08
 2  4096  3  8192  0.1522E-08
 2  4096  3  8192  0.1523E-08
 2  4096  3  8192  0.1582E-08
 2  4096  3  8192  0.1591E-08
 2  4096  3  8192  0.1682E-08
 2  4096  3  8192  0.1625E-08
 2  4096  3  8192  0.1565E-08
 2  4096  3  8192  0.1543E-08
 2  4096  3  8192  0.1547E-08
 2  4096  4  8192  0.7115E-09
 2  4096  4  8192  0.6890E-09
 2  4096  4  8192  0.6664E-09
 2  4096  4  8192  0.6959E-09
 2  4096  4  8192  0.6668E-09
 2  4096  4  8192  0.6621E-09
 2  4096  4  8192  0.6809E-09
 2  4096  4  8192  0.7051E-09
 2  4096  4  8192  0.6955E-09
 2  4096  4  8192  0.6985E-09
 2  4096  5  8192  0.3817E-09
 2  4096  5  8192  0.3731E-09
 2  4096  5  8192  0.3766E-09
 2  4096  5  8192  0.3721E-09
 2  4096  5  8192  0.3593E-09
 2  4096  5  8192  0.3741E-09
 2  4096  5  8192  0.3627E-09
 2  4096  5  8192  0.3611E-09
 2  4096  5  8192  0.3663E-09
 2  4096  5  8192  0.3770E-09
 2  4096  6  8192  0.2445E-09
 2  4096  6  8192  0.2405E-09
 2  4096  6  8192  0.2384E-09
 2  4096  6  8192  0.2442E-09
 2  4096  6  8192  0.2492E-09
 2  4096  6  8192  0.2493E-09
 2  4096  6  8192  0.2468E-09
 2  4096  6  8192  0.2393E-09
 2  4096  6  8192  0.2338E-09
 2  4096  6  8192  0.2396E-09
 2  4096  7  8192  0.1796E-09
 2  4096  7  8192  0.1726E-09
 2  4096  7  8192  0.1697E-09
 2  4096  7  8192  0.1681E-09
 2  4096  7  8192  0.1686E-09
 2  4096  7  8192  0.1740E-09
 2  4096  7  8192  0.1757E-09
 2  4096  7  8192  0.1756E-09
 2  4096  7  8192  0.1721E-09
 2  4096  7  8192  0.1671E-09
 2  4096  8  8192  0.1349E-09
 2  4096  8  8192  0.1333E-09
 2  4096  8  8192  0.1356E-09
 2  4096  8  8192  0.1351E-09
 2  4096  8  8192  0.1338E-09
 2  4096  8  8192  0.1346E-09
 2  4096  8  8192  0.1341E-09
 2  4096  8  8192  0.1350E-09
 2  4096  8  8192  0.1373E-09
 2  4096  8  8192  0.1369E-09
 2  4096  9  8192  0.1125E-09
 2  4096  9  8192  0.1162E-09
 2  4096  9  8192  0.1144E-09
 2  4096  9  8192  0.1091E-09
 2  4096  9  8192  0.1073E-09
 2  4096  9  8192  0.1120E-09
 2  4096  9  8192  0.1148E-09
 2  4096  9  8192  0.1144E-09
 2  4096  9  8192  0.1079E-09
 2  4096  9  8192  0.1072E-09
 2  4096  10  8192  0.9075E-10
 2  4096  10  8192  0.9646E-10
 2  4096  10  8192  0.9334E-10
 2  4096  10  8192  0.9023E-10
 2  4096  10  8192  0.8836E-10
 2  4096  10  8192  0.9253E-10
 2  4096  10  8192  0.9500E-10
 2  4096  10  8192  0.9170E-10
 2  4096  10  8192  0.8926E-10
 2  4096  10  8192  0.9214E-10
 2  4096  11  8192  0.7759E-10
 2  4096  11  8192  0.7635E-10
 2  4096  11  8192  0.7840E-10
 2  4096  11  8192  0.7969E-10
 2  4096  11  8192  0.7794E-10
 2  4096  11  8192  0.7759E-10
 2  4096  11  8192  0.7875E-10
 2  4096  11  8192  0.7845E-10
 2  4096  11  8192  0.7721E-10
 2  4096  11  8192  0.7600E-10
 2  4096  12  8192  0.6353E-10
 2  4096  12  8192  0.6300E-10
 2  4096  12  8192  0.6504E-10
 2  4096  12  8192  0.6461E-10
 2  4096  12  8192  0.6262E-10
 2  4096  12  8192  0.6389E-10
 2  4096  12  8192  0.6510E-10
 2  4096  12  8192  0.6366E-10
 2  4096  12  8192  0.6269E-10
 2  4096  12  8192  0.6397E-10
 2  4096  13  8192  0.5520E-10
 2  4096  13  8192  0.5506E-10
 2  4096  13  8192  0.5651E-10
 2  4096  13  8192  0.5560E-10
 2  4096  13  8192  0.5476E-10
 2  4096  13  8192  0.5646E-10
 2  4096  13  8192  0.5578E-10
 2  4096  13  8192  0.5465E-10
 2  4096  13  8192  0.5550E-10
 2  4096  13  8192  0.5661E-10
 2  4096  14  8192  0.4690E-10
 2  4096  14  8192  0.4833E-10
 2  4096  14  8192  0.4730E-10
 2  4096  14  8192  0.4703E-10
 2  4096  14  8192  0.4842E-10
 2  4096  14  8192  0.4803E-10
 2  4096  14  8192  0.4678E-10
 2  4096  14  8192  0.4854E-10
 2  4096  14  8192  0.4798E-10
 2  4096  14  8192  0.4706E-10
 2  4096  15  8192  0.4413E-10
 2  4096  15  8192  0.4443E-10
 2  4096  15  8192  0.4447E-10
 2  4096  15  8192  0.4433E-10
 2  4096  15  8192  0.4392E-10
 2  4096  15  8192  0.4394E-10
 2  4096  15  8192  0.4417E-10
 2  4096  15  8192  0.4413E-10
 2  4096  15  8192  0.4411E-10
 2  4096  15  8192  0.4477E-10
 2  4096  16  8192  0.4693E-10
 2  4096  16  8192  0.4429E-10
 2  4096  16  8192  0.4019E-10
 2  4096  16  8192  0.3950E-10
 2  4096  16  8192  0.3983E-10
 2  4096  16  8192  0.3972E-10
 2  4096  16  8192  0.3919E-10
 2  4096  16  8192  0.4022E-10
 2  4096  16  8192  0.3920E-10
 2  4096  16  8192  0.3941E-10
 2  4096  17  8192  0.4001E-10
 2  4096  17  8192  0.3991E-10
 2  4096  17  8192  0.4000E-10
 2  4096  17  8192  0.3977E-10
 2  4096  17  8192  0.4035E-10
 2  4096  17  8192  0.3980E-10
 2  4096  17  8192  0.4029E-10
 2  4096  17  8192  0.3950E-10
 2  4096  17  8192  0.4024E-10
 2  4096  17  8192  0.3917E-10
 2  4096  18  8192  0.3728E-10
 2  4096  18  8192  0.3696E-10
 2  4096  18  8192  0.3682E-10
 2  4096  18  8192  0.3694E-10
 2  4096  18  8192  0.3715E-10
 2  4096  18  8192  0.3680E-10
 2  4096  18  8192  0.3693E-10
 2  4096  18  8192  0.3645E-10
 2  4096  18  8192  0.3672E-10
 2  4096  18  8192  0.3659E-10
 2  4096  19  8192  0.3647E-10
 2  4096  19  8192  0.3609E-10
 2  4096  19  8192  0.3638E-10
 2  4096  19  8192  0.3674E-10
 2  4096  19  8192  0.3591E-10
 2  4096  19  8192  0.3573E-10
 2  4096  19  8192  0.3570E-10
 2  4096  19  8192  0.3608E-10
 2  4096  19  8192  0.3624E-10
 2  4096  19  8192  0.3582E-10
 2  4096  20  8192  0.3362E-10
 2  4096  20  8192  0.3340E-10
 2  4096  20  8192  0.3356E-10
 2  4096  20  8192  0.3374E-10
 2  4096  20  8192  0.3342E-10
 2  4096  20  8192  0.3363E-10
 2  4096  20  8192  0.3364E-10
 2  4096  20  8192  0.3336E-10
 2  4096  20  8192  0.3376E-10
 2  4096  20  8192  0.3391E-10
