 2  512  3  1024  0.1905E-07
 2  512  3  1024  0.9609E-08
 2  512  3  1024  0.1026E-07
 2  512  3  1024  0.1060E-07
 2  512  3  1024  0.9247E-08
 2  512  3  1024  0.1107E-07
 2  512  3  1024  0.1005E-07
 2  512  3  1024  0.9606E-08
 2  512  3  1024  0.9428E-08
 2  512  3  1024  0.9175E-08
 2  512  4  1024  0.7116E-08
 2  512  4  1024  0.5051E-08
 2  512  4  1024  0.4583E-08
 2  512  4  1024  0.4691E-08
 2  512  4  1024  0.4567E-08
 2  512  4  1024  0.4928E-08
 2  512  4  1024  0.4649E-08
 2  512  4  1024  0.4634E-08
 2  512  4  1024  0.4685E-08
 2  512  4  1024  0.4669E-08
 2  512  5  1024  0.1334E-08
 2  512  5  1024  0.1311E-08
 2  512  5  1024  0.1278E-08
 2  512  5  1024  0.1293E-08
 2  512  5  1024  0.1276E-08
 2  512  5  1024  0.1302E-08
 2  512  5  1024  0.1285E-08
 2  512  5  1024  0.1302E-08
 2  512  5  1024  0.1283E-08
 2  512  5  1024  0.1331E-08
 2  512  6  1024  0.8715E-09
 2  512  6  1024  0.8468E-09
 2  512  6  1024  0.8506E-09
 2  512  6  1024  0.8308E-09
 2  512  6  1024  0.8451E-09
 2  512  6  1024  0.8468E-09
 2  512  6  1024  0.8378E-09
 2  512  6  1024  0.8340E-09
 2  512  6  1024  0.8298E-09
 2  512  6  1024  0.8309E-09
 2  512  7  1024  0.6298E-09
 2  512  7  1024  0.6150E-09
 2  512  7  1024  0.6304E-09
 2  512  7  1024  0.6181E-09
 2  512  7  1024  0.6225E-09
 2  512  7  1024  0.6168E-09
 2  512  7  1024  0.6146E-09
 2  512  7  1024  0.6195E-09
 2  512  7  1024  0.6157E-09
 2  512  7  1024  0.6137E-09
 2  512  8  1024  0.4970E-09
 2  512  8  1024  0.4892E-09
 2  512  8  1024  0.4888E-09
 2  512  8  1024  0.4909E-09
 2  512  8  1024  0.4896E-09
 2  512  8  1024  0.4877E-09
 2  512  8  1024  0.4966E-09
 2  512  8  1024  0.4867E-09
 2  512  8  1024  0.4832E-09
 2  512  8  1024  0.4958E-09
 2  512  9  1024  0.4496E-09
 2  512  9  1024  0.4452E-09
 2  512  9  1024  0.4497E-09
 2  512  9  1024  0.4488E-09
 2  512  9  1024  0.4421E-09
 2  512  9  1024  0.4497E-09
 2  512  9  1024  0.4459E-09
 2  512  9  1024  0.4417E-09
 2  512  9  1024  0.4476E-09
 2  512  9  1024  0.4417E-09
 2  512  10  1024  0.4107E-09
 2  512  10  1024  0.4065E-09
 2  512  10  1024  0.4091E-09
 2  512  10  1024  0.4071E-09
 2  512  10  1024  0.4033E-09
 2  512  10  1024  0.4045E-09
 2  512  10  1024  0.4073E-09
 2  512  10  1024  0.4051E-09
 2  512  10  1024  0.4071E-09
 2  512  10  1024  0.4060E-09
 2  512  11  1024  0.3691E-09
 2  512  11  1024  0.3632E-09
 2  512  11  1024  0.3631E-09
 2  512  11  1024  0.3625E-09
 2  512  11  1024  0.3641E-09
 2  512  11  1024  0.3657E-09
 2  512  11  1024  0.3607E-09
 2  512  11  1024  0.3650E-09
 2  512  11  1024  0.3620E-09
 2  512  11  1024  0.3645E-09
 2  512  12  1024  0.3075E-09
 2  512  12  1024  0.3055E-09
 2  512  12  1024  0.3049E-09
 2  512  12  1024  0.3062E-09
 2  512  12  1024  0.3066E-09
 2  512  12  1024  0.3049E-09
 2  512  12  1024  0.3033E-09
 2  512  12  1024  0.3067E-09
 2  512  12  1024  0.3049E-09
 2  512  12  1024  0.3072E-09
 2  512  13  1024  0.2913E-09
 2  512  13  1024  0.2806E-09
 2  512  13  1024  0.2816E-09
 2  512  13  1024  0.2801E-09
 2  512  13  1024  0.2862E-09
 2  512  13  1024  0.2895E-09
 2  512  13  1024  0.2812E-09
 2  512  13  1024  0.2830E-09
 2  512  13  1024  0.2805E-09
 2  512  13  1024  0.2831E-09
 2  512  14  1024  0.2489E-09
 2  512  14  1024  0.2470E-09
 2  512  14  1024  0.2480E-09
 2  512  14  1024  0.2464E-09
 2  512  14  1024  0.2491E-09
 2  512  14  1024  0.2477E-09
 2  512  14  1024  0.2449E-09
 2  512  14  1024  0.2490E-09
 2  512  14  1024  0.2478E-09
 2  512  14  1024  0.2493E-09
 2  512  15  1024  0.2447E-09
 2  512  15  1024  0.2427E-09
 2  512  15  1024  0.2440E-09
 2  512  15  1024  0.2445E-09
 2  512  15  1024  0.2438E-09
 2  512  15  1024  0.2422E-09
 2  512  15  1024  0.2428E-09
 2  512  15  1024  0.2445E-09
 2  512  15  1024  0.2427E-09
 2  512  15  1024  0.2432E-09
 2  512  16  1024  0.2224E-09
 2  512  16  1024  0.2198E-09
 2  512  16  1024  0.2213E-09
 2  512  16  1024  0.2197E-09
 2  512  16  1024  0.2195E-09
 2  512  16  1024  0.2214E-09
 2  512  16  1024  0.2208E-09
 2  512  16  1024  0.2231E-09
 2  512  16  1024  0.2199E-09
 2  512  16  1024  0.2201E-09
 2  512  17  1024  0.2401E-09
 2  512  17  1024  0.2387E-09
 2  512  17  1024  0.2426E-09
 2  512  17  1024  0.2397E-09
 2  512  17  1024  0.2398E-09
 2  512  17  1024  0.2410E-09
 2  512  17  1024  0.2401E-09
 2  512  17  1024  0.2436E-09
 2  512  17  1024  0.2394E-09
 2  512  17  1024  0.2383E-09
 2  512  18  1024  0.2252E-09
 2  512  18  1024  0.2275E-09
 2  512  18  1024  0.2254E-09
 2  512  18  1024  0.2296E-09
 2  512  18  1024  0.2257E-09
 2  512  18  1024  0.2252E-09
 2  512  18  1024  0.2254E-09
 2  512  18  1024  0.2254E-09
 2  512  18  1024  0.2296E-09
 2  512  18  1024  0.2257E-09
 2  512  19  1024  0.2308E-09
 2  512  19  1024  0.2276E-09
 2  512  19  1024  0.2281E-09
 2  512  19  1024  0.2285E-09
 2  512  19  1024  0.2285E-09
 2  512  19  1024  0.2281E-09
 2  512  19  1024  0.2280E-09
 2  512  19  1024  0.2277E-09
 2  512  19  1024  0.2278E-09
 2  512  19  1024  0.2278E-09
 2  512  20  1024  0.2210E-09
 2  512  20  1024  0.2175E-09
 2  512  20  1024  0.2211E-09
 2  512  20  1024  0.2200E-09
 2  512  20  1024  0.2200E-09
 2  512  20  1024  0.2208E-09
 2  512  20  1024  0.2218E-09
 2  512  20  1024  0.2238E-09
 2  512  20  1024  0.2219E-09
 2  512  20  1024  0.2251E-09
