 2  256  3  512  0.4769E-07
 2  256  3  512  0.2899E-07
 2  256  3  512  0.2302E-07
 2  256  3  512  0.2455E-07
 2  256  3  512  0.2281E-07
 2  256  3  512  0.2293E-07
 2  256  3  512  0.2289E-07
 2  256  3  512  0.2264E-07
 2  256  3  512  0.2204E-07
 2  256  3  512  0.2481E-07
 2  256  4  512  0.1611E-07
 2  256  4  512  0.1074E-07
 2  256  4  512  0.1105E-07
 2  256  4  512  0.1007E-07
 2  256  4  512  0.1226E-07
 2  256  4  512  0.1017E-07
 2  256  4  512  0.1007E-07
 2  256  4  512  0.1031E-07
 2  256  4  512  0.9694E-08
 2  256  4  512  0.1004E-07
 2  256  5  512  0.1099E-07
 2  256  5  512  0.6260E-08
 2  256  5  512  0.5369E-08
 2  256  5  512  0.5069E-08
 2  256  5  512  0.4970E-08
 2  256  5  512  0.5979E-08
 2  256  5  512  0.4937E-08
 2  256  5  512  0.4875E-08
 2  256  5  512  0.5109E-08
 2  256  5  512  0.5297E-08
 2  256  6  512  0.2175E-08
 2  256  6  512  0.2130E-08
 2  256  6  512  0.2120E-08
 2  256  6  512  0.2195E-08
 2  256  6  512  0.2107E-08
 2  256  6  512  0.2114E-08
 2  256  6  512  0.2107E-08
 2  256  6  512  0.2101E-08
 2  256  6  512  0.2106E-08
 2  256  6  512  0.2135E-08
 2  256  7  512  0.1609E-08
 2  256  7  512  0.1590E-08
 2  256  7  512  0.1608E-08
 2  256  7  512  0.1603E-08
 2  256  7  512  0.1579E-08
 2  256  7  512  0.1599E-08
 2  256  7  512  0.1604E-08
 2  256  7  512  0.1604E-08
 2  256  7  512  0.1654E-08
 2  256  7  512  0.1587E-08
 2  256  8  512  0.1327E-08
 2  256  8  512  0.1301E-08
 2  256  8  512  0.1296E-08
 2  256  8  512  0.1299E-08
 2  256  8  512  0.1313E-08
 2  256  8  512  0.1308E-08
 2  256  8  512  0.1318E-08
 2  256  8  512  0.1287E-08
 2  256  8  512  0.1295E-08
 2  256  8  512  0.1345E-08
 2  256  9  512  0.1098E-08
 2  256  9  512  0.1089E-08
 2  256  9  512  0.1085E-08
 2  256  9  512  0.1078E-08
 2  256  9  512  0.1080E-08
 2  256  9  512  0.1080E-08
 2  256  9  512  0.1085E-08
 2  256  9  512  0.1084E-08
 2  256  9  512  0.1095E-08
 2  256  9  512  0.1148E-08
 2  256  10  512  0.9527E-09
 2  256  10  512  0.9518E-09
 2  256  10  512  0.9503E-09
 2  256  10  512  0.9493E-09
 2  256  10  512  0.9467E-09
 2  256  10  512  0.9494E-09
 2  256  10  512  0.9418E-09
 2  256  10  512  0.9415E-09
 2  256  10  512  0.9454E-09
 2  256  10  512  0.9563E-09
 2  256  11  512  0.8215E-09
 2  256  11  512  0.8160E-09
 2  256  11  512  0.8212E-09
 2  256  11  512  0.8121E-09
 2  256  11  512  0.8087E-09
 2  256  11  512  0.8139E-09
 2  256  11  512  0.8103E-09
 2  256  11  512  0.8119E-09
 2  256  11  512  0.8207E-09
 2  256  11  512  0.8121E-09
 2  256  12  512  0.7058E-09
 2  256  12  512  0.6957E-09
 2  256  12  512  0.7069E-09
 2  256  12  512  0.6957E-09
 2  256  12  512  0.6987E-09
 2  256  12  512  0.7016E-09
 2  256  12  512  0.6976E-09
 2  256  12  512  0.6955E-09
 2  256  12  512  0.6978E-09
 2  256  12  512  0.6992E-09
 2  256  13  512  0.6512E-09
 2  256  13  512  0.6433E-09
 2  256  13  512  0.6446E-09
 2  256  13  512  0.6459E-09
 2  256  13  512  0.6454E-09
 2  256  13  512  0.6436E-09
 2  256  13  512  0.6473E-09
 2  256  13  512  0.6462E-09
 2  256  13  512  0.6472E-09
 2  256  13  512  0.6482E-09
 2  256  14  512  0.5753E-09
 2  256  14  512  0.5723E-09
 2  256  14  512  0.5715E-09
 2  256  14  512  0.5704E-09
 2  256  14  512  0.5691E-09
 2  256  14  512  0.5726E-09
 2  256  14  512  0.5725E-09
 2  256  14  512  0.5694E-09
 2  256  14  512  0.5725E-09
 2  256  14  512  0.5749E-09
 2  256  15  512  0.5535E-09
 2  256  15  512  0.5502E-09
 2  256  15  512  0.5527E-09
 2  256  15  512  0.5502E-09
 2  256  15  512  0.5510E-09
 2  256  15  512  0.5516E-09
 2  256  15  512  0.5515E-09
 2  256  15  512  0.5490E-09
 2  256  15  512  0.5508E-09
 2  256  15  512  0.5502E-09
 2  256  16  512  0.5009E-09
 2  256  16  512  0.4966E-09
 2  256  16  512  0.4967E-09
 2  256  16  512  0.4989E-09
 2  256  16  512  0.4969E-09
 2  256  16  512  0.4964E-09
 2  256  16  512  0.4972E-09
 2  256  16  512  0.5049E-09
 2  256  16  512  0.4964E-09
 2  256  16  512  0.4967E-09
 2  256  17  512  0.5347E-09
 2  256  17  512  0.5349E-09
 2  256  17  512  0.5351E-09
 2  256  17  512  0.5351E-09
 2  256  17  512  0.5352E-09
 2  256  17  512  0.5348E-09
 2  256  17  512  0.5350E-09
 2  256  17  512  0.5356E-09
 2  256  17  512  0.5397E-09
 2  256  17  512  0.5351E-09
 2  256  18  512  0.5013E-09
 2  256  18  512  0.5000E-09
 2  256  18  512  0.4993E-09
 2  256  18  512  0.5002E-09
 2  256  18  512  0.5013E-09
 2  256  18  512  0.4996E-09
 2  256  18  512  0.5009E-09
 2  256  18  512  0.4996E-09
 2  256  18  512  0.5014E-09
 2  256  18  512  0.5000E-09
 2  256  19  512  0.5032E-09
 2  256  19  512  0.5000E-09
 2  256  19  512  0.4985E-09
 2  256  19  512  0.5007E-09
 2  256  19  512  0.5005E-09
 2  256  19  512  0.4994E-09
 2  256  19  512  0.4993E-09
 2  256  19  512  0.5060E-09
 2  256  19  512  0.5012E-09
 2  256  19  512  0.5060E-09
 2  256  20  512  0.4757E-09
 2  256  20  512  0.4752E-09
 2  256  20  512  0.4746E-09
 2  256  20  512  0.4750E-09
 2  256  20  512  0.4753E-09
 2  256  20  512  0.4748E-09
 2  256  20  512  0.4755E-09
 2  256  20  512  0.4755E-09
 2  256  20  512  0.4807E-09
 2  256  20  512  0.4757E-09
