 2  64  3  128  0.4108E-07
 2  64  3  128  0.4084E-07
 2  64  3  128  0.4082E-07
 2  64  3  128  0.4133E-07
 2  64  3  128  0.4068E-07
 2  64  4  128  0.1796E-07
 2  64  4  128  0.1864E-07
 2  64  4  128  0.1796E-07
 2  64  4  128  0.1787E-07
 2  64  4  128  0.1840E-07
 2  64  5  128  0.1002E-07
 2  64  5  128  0.9991E-08
 2  64  5  128  0.1001E-07
 2  64  5  128  0.9982E-08
 2  64  5  128  0.9975E-08
 2  64  6  128  0.6315E-08
 2  64  6  128  0.6291E-08
 2  64  6  128  0.6278E-08
 2  64  6  128  0.6269E-08
 2  64  6  128  0.6318E-08
 2  64  7  128  0.4521E-08
 2  64  7  128  0.4527E-08
 2  64  7  128  0.4550E-08
 2  64  7  128  0.4512E-08
 2  64  7  128  0.4544E-08
 2  64  8  128  0.3621E-08
 2  64  8  128  0.3631E-08
 2  64  8  128  0.3755E-08
 2  64  8  128  0.3721E-08
 2  64  8  128  0.3625E-08
 2  64  9  128  0.3435E-08
 2  64  9  128  0.3434E-08
 2  64  9  128  0.3437E-08
 2  64  9  128  0.3455E-08
 2  64  9  128  0.3441E-08
 2  64  10  128  0.3515E-08
 2  64  10  128  0.3520E-08
 2  64  10  128  0.3509E-08
 2  64  10  128  0.3529E-08
 2  64  10  128  0.3538E-08
 2  64  11  128  0.3481E-08
 2  64  11  128  0.3482E-08
 2  64  11  128  0.3476E-08
 2  64  11  128  0.3469E-08
 2  64  11  128  0.3481E-08
 2  64  12  128  0.3077E-08
 2  64  12  128  0.3090E-08
 2  64  12  128  0.3082E-08
 2  64  12  128  0.3072E-08
 2  64  12  128  0.3077E-08
 2  64  13  128  0.2995E-08
 2  64  13  128  0.3027E-08
 2  64  13  128  0.3006E-08
 2  64  13  128  0.3025E-08
 2  64  13  128  0.3014E-08
 2  64  14  128  0.2611E-08
 2  64  14  128  0.2620E-08
 2  64  14  128  0.2616E-08
 2  64  14  128  0.2634E-08
 2  64  14  128  0.2613E-08
 2  64  15  128  0.2523E-08
 2  64  15  128  0.2523E-08
 2  64  15  128  0.2525E-08
 2  64  15  128  0.2528E-08
 2  64  15  128  0.2522E-08
 2  64  16  128  0.2473E-08
 2  64  16  128  0.2479E-08
 2  64  16  128  0.2495E-08
 2  64  16  128  0.2473E-08
 2  64  16  128  0.2458E-08
 2  64  17  128  0.2452E-08
 2  64  17  128  0.2540E-08
 2  64  17  128  0.2527E-08
 2  64  17  128  0.2521E-08
 2  64  17  128  0.2501E-08
 2  64  18  128  0.2357E-08
 2  64  18  128  0.2441E-08
 2  64  18  128  0.2450E-08
 2  64  18  128  0.2384E-08
 2  64  18  128  0.2429E-08
 2  64  19  128  0.2284E-08
 2  64  19  128  0.2284E-08
 2  64  19  128  0.2284E-08
 2  64  19  128  0.2285E-08
 2  64  19  128  0.2289E-08
 2  64  20  128  0.2316E-08
 2  64  20  128  0.2353E-08
 2  64  20  128  0.2241E-08
 2  64  20  128  0.2272E-08
 2  64  20  128  0.2341E-08
