 4  32  3  128  0.6848E-07
 4  32  3  128  0.2815E-07
 4  32  3  128  0.2576E-07
 4  32  3  128  0.2596E-07
 4  32  3  128  0.2596E-07
 4  32  3  128  0.3058E-07
 4  32  3  128  0.2585E-07
 4  32  3  128  0.2539E-07
 4  32  3  128  0.2548E-07
 4  32  3  128  0.2470E-07
 4  32  4  128  0.2848E-07
 4  32  4  128  0.1213E-07
 4  32  4  128  0.1152E-07
 4  32  4  128  0.1152E-07
 4  32  4  128  0.1188E-07
 4  32  4  128  0.1135E-07
 4  32  4  128  0.1144E-07
 4  32  4  128  0.1127E-07
 4  32  4  128  0.1127E-07
 4  32  4  128  0.1327E-07
 4  32  5  128  0.2516E-07
 4  32  5  128  0.9378E-08
 4  32  5  128  0.8727E-08
 4  32  5  128  0.8896E-08
 4  32  5  128  0.9333E-08
 4  32  5  128  0.9353E-08
 4  32  5  128  0.8812E-08
 4  32  5  128  0.8792E-08
 4  32  5  128  0.8772E-08
 4  32  5  128  0.8583E-08
 4  32  6  128  0.1775E-07
 4  32  6  128  0.7111E-08
 4  32  6  128  0.6922E-08
 4  32  6  128  0.6548E-08
 4  32  6  128  0.6858E-08
 4  32  6  128  0.6680E-08
 4  32  6  128  0.6367E-08
 4  32  6  128  0.7692E-08
 4  32  6  128  0.6749E-08
 4  32  6  128  0.6631E-08
 4  32  7  128  0.2880E-08
 4  32  7  128  0.2820E-08
 4  32  7  128  0.2796E-08
 4  32  7  128  0.2814E-08
 4  32  7  128  0.2811E-08
 4  32  7  128  0.2793E-08
 4  32  7  128  0.2803E-08
 4  32  7  128  0.2800E-08
 4  32  7  128  0.2797E-08
 4  32  7  128  0.2782E-08
 4  32  8  128  0.2688E-08
 4  32  8  128  0.2650E-08
 4  32  8  128  0.2664E-08
 4  32  8  128  0.2662E-08
 4  32  8  128  0.2690E-08
 4  32  8  128  0.2656E-08
 4  32  8  128  0.2633E-08
 4  32  8  128  0.2643E-08
 4  32  8  128  0.2624E-08
 4  32  8  128  0.2641E-08
 4  32  9  128  0.2614E-08
 4  32  9  128  0.2572E-08
 4  32  9  128  0.2584E-08
 4  32  9  128  0.2576E-08
 4  32  9  128  0.2571E-08
 4  32  9  128  0.2583E-08
 4  32  9  128  0.2575E-08
 4  32  9  128  0.2580E-08
 4  32  9  128  0.2573E-08
 4  32  9  128  0.2578E-08
 4  32  10  128  0.2557E-08
 4  32  10  128  0.2516E-08
 4  32  10  128  0.2517E-08
 4  32  10  128  0.2516E-08
 4  32  10  128  0.2518E-08
 4  32  10  128  0.2520E-08
 4  32  10  128  0.2514E-08
 4  32  10  128  0.2521E-08
 4  32  10  128  0.2514E-08
 4  32  10  128  0.2534E-08
 4  32  11  128  0.2514E-08
 4  32  11  128  0.2494E-08
 4  32  11  128  0.2492E-08
 4  32  11  128  0.2499E-08
 4  32  11  128  0.2490E-08
 4  32  11  128  0.2495E-08
 4  32  11  128  0.2499E-08
 4  32  11  128  0.2490E-08
 4  32  11  128  0.2494E-08
 4  32  11  128  0.2497E-08
 4  32  12  128  0.2267E-08
 4  32  12  128  0.2260E-08
 4  32  12  128  0.2267E-08
 4  32  12  128  0.2257E-08
 4  32  12  128  0.2254E-08
 4  32  12  128  0.2257E-08
 4  32  12  128  0.2254E-08
 4  32  12  128  0.2255E-08
 4  32  12  128  0.2261E-08
 4  32  12  128  0.2262E-08
 4  32  13  128  0.2318E-08
 4  32  13  128  0.2304E-08
 4  32  13  128  0.2308E-08
 4  32  13  128  0.2308E-08
 4  32  13  128  0.2311E-08
 4  32  13  128  0.2308E-08
 4  32  13  128  0.2304E-08
 4  32  13  128  0.2308E-08
 4  32  13  128  0.2304E-08
 4  32  13  128  0.2306E-08
 4  32  14  128  0.2180E-08
 4  32  14  128  0.2166E-08
 4  32  14  128  0.2170E-08
 4  32  14  128  0.2164E-08
 4  32  14  128  0.2167E-08
 4  32  14  128  0.2165E-08
 4  32  14  128  0.2165E-08
 4  32  14  128  0.2169E-08
 4  32  14  128  0.2168E-08
 4  32  14  128  0.2167E-08
 4  32  15  128  0.2363E-08
 4  32  15  128  0.2356E-08
 4  32  15  128  0.2354E-08
 4  32  15  128  0.2355E-08
 4  32  15  128  0.2355E-08
 4  32  15  128  0.2358E-08
 4  32  15  128  0.2355E-08
 4  32  15  128  0.2357E-08
 4  32  15  128  0.2354E-08
 4  32  15  128  0.2358E-08
 4  32  16  128  0.2295E-08
 4  32  16  128  0.2288E-08
 4  32  16  128  0.2289E-08
 4  32  16  128  0.2286E-08
 4  32  16  128  0.2287E-08
 4  32  16  128  0.2286E-08
 4  32  16  128  0.2289E-08
 4  32  16  128  0.2288E-08
 4  32  16  128  0.2287E-08
 4  32  16  128  0.2287E-08
 4  32  17  128  0.2759E-08
 4  32  17  128  0.2754E-08
 4  32  17  128  0.2753E-08
 4  32  17  128  0.2752E-08
 4  32  17  128  0.2755E-08
 4  32  17  128  0.2753E-08
 4  32  17  128  0.2753E-08
 4  32  17  128  0.2753E-08
 4  32  17  128  0.2752E-08
 4  32  17  128  0.2758E-08
 4  32  18  128  0.2700E-08
 4  32  18  128  0.2695E-08
 4  32  18  128  0.2696E-08
 4  32  18  128  0.2694E-08
 4  32  18  128  0.2696E-08
 4  32  18  128  0.2694E-08
 4  32  18  128  0.2695E-08
 4  32  18  128  0.2695E-08
 4  32  18  128  0.2695E-08
 4  32  18  128  0.2696E-08
 4  32  19  128  0.2880E-08
 4  32  19  128  0.2873E-08
 4  32  19  128  0.2873E-08
 4  32  19  128  0.2873E-08
 4  32  19  128  0.2874E-08
 4  32  19  128  0.2873E-08
 4  32  19  128  0.2872E-08
 4  32  19  128  0.2874E-08
 4  32  19  128  0.2873E-08
 4  32  19  128  0.2874E-08
 4  32  20  128  0.2807E-08
 4  32  20  128  0.2804E-08
 4  32  20  128  0.2839E-08
 4  32  20  128  0.2804E-08
 4  32  20  128  0.2804E-08
 4  32  20  128  0.2804E-08
 4  32  20  128  0.2805E-08
 4  32  20  128  0.2804E-08
 4  32  20  128  0.2804E-08
 4  32  20  128  0.2804E-08
