 4  512  3  2048  0.3360E-08
 4  512  3  2048  0.3165E-08
 4  512  3  2048  0.3198E-08
 4  512  3  2048  0.3145E-08
 4  512  3  2048  0.3184E-08
 4  512  3  2048  0.3118E-08
 4  512  3  2048  0.5703E-08
 4  512  3  2048  0.6473E-08
 4  512  3  2048  0.6577E-08
 4  512  3  2048  0.6269E-08
 4  512  4  2048  0.1728E-08
 4  512  4  2048  0.1550E-08
 4  512  4  2048  0.1518E-08
 4  512  4  2048  0.1532E-08
 4  512  4  2048  0.1496E-08
 4  512  4  2048  0.1519E-08
 4  512  4  2048  0.1485E-08
 4  512  4  2048  0.1486E-08
 4  512  4  2048  0.1489E-08
 4  512  4  2048  0.1475E-08
 4  512  5  2048  0.1082E-08
 4  512  5  2048  0.9798E-09
 4  512  5  2048  0.9757E-09
 4  512  5  2048  0.9667E-09
 4  512  5  2048  0.9791E-09
 4  512  5  2048  0.9784E-09
 4  512  5  2048  0.9908E-09
 4  512  5  2048  0.9848E-09
 4  512  5  2048  0.9651E-09
 4  512  5  2048  0.9682E-09
 4  512  6  2048  0.6460E-09
 4  512  6  2048  0.5853E-09
 4  512  6  2048  0.5814E-09
 4  512  6  2048  0.5828E-09
 4  512  6  2048  0.5901E-09
 4  512  6  2048  0.5801E-09
 4  512  6  2048  0.5852E-09
 4  512  6  2048  0.5862E-09
 4  512  6  2048  0.5759E-09
 4  512  6  2048  0.5740E-09
 4  512  7  2048  0.5152E-09
 4  512  7  2048  0.4903E-09
 4  512  7  2048  0.4873E-09
 4  512  7  2048  0.4788E-09
 4  512  7  2048  0.4782E-09
 4  512  7  2048  0.4778E-09
 4  512  7  2048  0.4779E-09
 4  512  7  2048  0.4815E-09
 4  512  7  2048  0.4815E-09
 4  512  7  2048  0.4816E-09
 4  512  8  2048  0.4164E-09
 4  512  8  2048  0.3944E-09
 4  512  8  2048  0.3955E-09
 4  512  8  2048  0.3957E-09
 4  512  8  2048  0.4011E-09
 4  512  8  2048  0.3948E-09
 4  512  8  2048  0.3965E-09
 4  512  8  2048  0.3917E-09
 4  512  8  2048  0.3961E-09
 4  512  8  2048  0.3958E-09
 4  512  9  2048  0.3610E-09
 4  512  9  2048  0.3592E-09
 4  512  9  2048  0.3556E-09
 4  512  9  2048  0.3553E-09
 4  512  9  2048  0.3523E-09
 4  512  9  2048  0.3573E-09
 4  512  9  2048  0.3528E-09
 4  512  9  2048  0.3575E-09
 4  512  9  2048  0.3548E-09
 4  512  9  2048  0.3530E-09
 4  512  10  2048  0.3305E-09
 4  512  10  2048  0.3274E-09
 4  512  10  2048  0.3253E-09
 4  512  10  2048  0.3254E-09
 4  512  10  2048  0.3252E-09
 4  512  10  2048  0.3287E-09
 4  512  10  2048  0.3283E-09
 4  512  10  2048  0.3254E-09
 4  512  10  2048  0.3250E-09
 4  512  10  2048  0.3222E-09
 4  512  11  2048  0.2914E-09
 4  512  11  2048  0.2907E-09
 4  512  11  2048  0.2878E-09
 4  512  11  2048  0.2900E-09
 4  512  11  2048  0.2905E-09
 4  512  11  2048  0.2876E-09
 4  512  11  2048  0.2873E-09
 4  512  11  2048  0.2885E-09
 4  512  11  2048  0.2879E-09
 4  512  11  2048  0.2880E-09
 4  512  12  2048  0.2552E-09
 4  512  12  2048  0.2500E-09
 4  512  12  2048  0.2497E-09
 4  512  12  2048  0.2483E-09
 4  512  12  2048  0.2516E-09
 4  512  12  2048  0.2493E-09
 4  512  12  2048  0.2501E-09
 4  512  12  2048  0.2515E-09
 4  512  12  2048  0.2506E-09
 4  512  12  2048  0.2492E-09
 4  512  13  2048  0.2418E-09
 4  512  13  2048  0.2380E-09
 4  512  13  2048  0.2373E-09
 4  512  13  2048  0.2372E-09
 4  512  13  2048  0.2381E-09
 4  512  13  2048  0.2372E-09
 4  512  13  2048  0.2376E-09
 4  512  13  2048  0.2371E-09
 4  512  13  2048  0.2373E-09
 4  512  13  2048  0.2408E-09
 4  512  14  2048  0.2219E-09
 4  512  14  2048  0.2164E-09
 4  512  14  2048  0.2174E-09
 4  512  14  2048  0.2154E-09
 4  512  14  2048  0.2160E-09
 4  512  14  2048  0.2159E-09
 4  512  14  2048  0.2161E-09
 4  512  14  2048  0.2165E-09
 4  512  14  2048  0.2162E-09
 4  512  14  2048  0.2166E-09
 4  512  15  2048  0.2187E-09
 4  512  15  2048  0.2154E-09
 4  512  15  2048  0.2154E-09
 4  512  15  2048  0.2153E-09
 4  512  15  2048  0.2158E-09
 4  512  15  2048  0.2170E-09
 4  512  15  2048  0.2163E-09
 4  512  15  2048  0.2154E-09
 4  512  15  2048  0.2155E-09
 4  512  15  2048  0.2143E-09
 4  512  16  2048  0.2072E-09
 4  512  16  2048  0.2035E-09
 4  512  16  2048  0.2022E-09
 4  512  16  2048  0.2040E-09
 4  512  16  2048  0.2022E-09
 4  512  16  2048  0.2024E-09
 4  512  16  2048  0.2015E-09
 4  512  16  2048  0.2023E-09
 4  512  16  2048  0.2016E-09
 4  512  16  2048  0.2034E-09
 4  512  17  2048  0.2234E-09
 4  512  17  2048  0.2211E-09
 4  512  17  2048  0.2209E-09
 4  512  17  2048  0.2234E-09
 4  512  17  2048  0.2235E-09
 4  512  17  2048  0.2209E-09
 4  512  17  2048  0.2233E-09
 4  512  17  2048  0.2235E-09
 4  512  17  2048  0.2211E-09
 4  512  17  2048  0.2232E-09
 4  512  18  2048  0.2149E-09
 4  512  18  2048  0.2133E-09
 4  512  18  2048  0.2134E-09
 4  512  18  2048  0.2134E-09
 4  512  18  2048  0.2133E-09
 4  512  18  2048  0.2133E-09
 4  512  18  2048  0.2133E-09
 4  512  18  2048  0.2137E-09
 4  512  18  2048  0.2134E-09
 4  512  18  2048  0.2131E-09
 4  512  19  2048  0.2253E-09
 4  512  19  2048  0.2211E-09
 4  512  19  2048  0.2212E-09
 4  512  19  2048  0.2214E-09
 4  512  19  2048  0.2212E-09
 4  512  19  2048  0.2213E-09
 4  512  19  2048  0.2209E-09
 4  512  19  2048  0.2215E-09
 4  512  19  2048  0.2214E-09
 4  512  19  2048  0.2209E-09
 4  512  20  2048  0.2129E-09
 4  512  20  2048  0.2107E-09
 4  512  20  2048  0.2110E-09
 4  512  20  2048  0.2111E-09
 4  512  20  2048  0.2128E-09
 4  512  20  2048  0.2130E-09
 4  512  20  2048  0.2145E-09
 4  512  20  2048  0.2128E-09
 4  512  20  2048  0.2159E-09
 4  512  20  2048  0.2194E-09
