 4  8  3  32  0.1007E-06
 4  8  3  32  0.8177E-07
 4  8  3  32  0.7947E-07
 4  8  3  32  0.7837E-07
 4  8  3  32  0.7791E-07
 4  8  3  32  0.8490E-07
 4  8  3  32  0.7837E-07
 4  8  3  32  0.9336E-07
 4  8  3  32  0.8021E-07
 4  8  3  32  0.7681E-07
 4  8  4  32  0.4463E-07
 4  8  4  32  0.2018E-07
 4  8  4  32  0.2359E-07
 4  8  4  32  0.1870E-07
 4  8  4  32  0.2751E-07
 4  8  4  32  0.2635E-07
 4  8  4  32  0.2670E-07
 4  8  4  32  0.2573E-07
 4  8  4  32  0.2619E-07
 4  8  4  32  0.2507E-07
 4  8  5  32  0.3666E-07
 4  8  5  32  0.2708E-07
 4  8  5  32  0.2533E-07
 4  8  5  32  0.2468E-07
 4  8  5  32  0.2484E-07
 4  8  5  32  0.2466E-07
 4  8  5  32  0.3076E-07
 4  8  5  32  0.2700E-07
 4  8  5  32  0.2768E-07
 4  8  5  32  0.2499E-07
 4  8  6  32  0.2899E-07
 4  8  6  32  0.1558E-07
 4  8  6  32  0.1471E-07
 4  8  6  32  0.1345E-07
 4  8  6  32  0.1360E-07
 4  8  6  32  0.1427E-07
 4  8  6  32  0.1341E-07
 4  8  6  32  0.1374E-07
 4  8  6  32  0.1312E-07
 4  8  6  32  0.1587E-07
 4  8  7  32  0.7152E-08
 4  8  7  32  0.7021E-08
 4  8  7  32  0.6999E-08
 4  8  7  32  0.7022E-08
 4  8  7  32  0.7015E-08
 4  8  7  32  0.7036E-08
 4  8  7  32  0.6983E-08
 4  8  7  32  0.7063E-08
 4  8  7  32  0.7018E-08
 4  8  7  32  0.7001E-08
 4  8  8  32  0.2163E-07
 4  8  8  32  0.1717E-07
 4  8  8  32  0.1654E-07
 4  8  8  32  0.1615E-07
 4  8  8  32  0.1625E-07
 4  8  8  32  0.1707E-07
 4  8  8  32  0.1606E-07
 4  8  8  32  0.1644E-07
 4  8  8  32  0.1622E-07
 4  8  8  32  0.1699E-07
 4  8  9  32  0.1956E-07
 4  8  9  32  0.1509E-07
 4  8  9  32  0.1511E-07
 4  8  9  32  0.1573E-07
 4  8  9  32  0.1516E-07
 4  8  9  32  0.1502E-07
 4  8  9  32  0.1536E-07
 4  8  9  32  0.1532E-07
 4  8  9  32  0.1578E-07
 4  8  9  32  0.1575E-07
 4  8  10  32  0.8454E-08
 4  8  10  32  0.8390E-08
 4  8  10  32  0.8413E-08
 4  8  10  32  0.8434E-08
 4  8  10  32  0.8427E-08
 4  8  10  32  0.8400E-08
 4  8  10  32  0.8453E-08
 4  8  10  32  0.8400E-08
 4  8  10  32  0.8409E-08
 4  8  10  32  0.8403E-08
 4  8  11  32  0.8590E-08
 4  8  11  32  0.8566E-08
 4  8  11  32  0.8557E-08
 4  8  11  32  0.8562E-08
 4  8  11  32  0.8578E-08
 4  8  11  32  0.8550E-08
 4  8  11  32  0.8579E-08
 4  8  11  32  0.8557E-08
 4  8  11  32  0.8559E-08
 4  8  11  32  0.8547E-08
 4  8  12  32  0.7849E-08
 4  8  12  32  0.7814E-08
 4  8  12  32  0.7830E-08
 4  8  12  32  0.7823E-08
 4  8  12  32  0.7825E-08
 4  8  12  32  0.7840E-08
 4  8  12  32  0.7819E-08
 4  8  12  32  0.7833E-08
 4  8  12  32  0.7827E-08
 4  8  12  32  0.7823E-08
 4  8  13  32  0.8131E-08
 4  8  13  32  0.8119E-08
 4  8  13  32  0.8114E-08
 4  8  13  32  0.8114E-08
 4  8  13  32  0.8109E-08
 4  8  13  32  0.8134E-08
 4  8  13  32  0.8119E-08
 4  8  13  32  0.8109E-08
 4  8  13  32  0.8114E-08
 4  8  13  32  0.8113E-08
 4  8  14  32  0.7741E-08
 4  8  14  32  0.7731E-08
 4  8  14  32  0.7733E-08
 4  8  14  32  0.7737E-08
 4  8  14  32  0.7750E-08
 4  8  14  32  0.7739E-08
 4  8  14  32  0.7725E-08
 4  8  14  32  0.7724E-08
 4  8  14  32  0.7740E-08
 4  8  14  32  0.7746E-08
 4  8  15  32  0.8523E-08
 4  8  15  32  0.8519E-08
 4  8  15  32  0.8528E-08
 4  8  15  32  0.8524E-08
 4  8  15  32  0.8528E-08
 4  8  15  32  0.8536E-08
 4  8  15  32  0.8524E-08
 4  8  15  32  0.8530E-08
 4  8  15  32  0.8517E-08
 4  8  15  32  0.8519E-08
 4  8  16  32  0.8347E-08
 4  8  16  32  0.8336E-08
 4  8  16  32  0.8342E-08
 4  8  16  32  0.8343E-08
 4  8  16  32  0.8338E-08
 4  8  16  32  0.8350E-08
 4  8  16  32  0.8342E-08
 4  8  16  32  0.8345E-08
 4  8  16  32  0.8341E-08
 4  8  16  32  0.8345E-08
 4  8  17  32  0.1018E-07
 4  8  17  32  0.1017E-07
 4  8  17  32  0.1018E-07
 4  8  17  32  0.1039E-07
 4  8  17  32  0.1018E-07
 4  8  17  32  0.1017E-07
 4  8  17  32  0.1017E-07
 4  8  17  32  0.1016E-07
 4  8  17  32  0.1017E-07
 4  8  17  32  0.1017E-07
 4  8  18  32  0.9976E-08
 4  8  18  32  0.9966E-08
 4  8  18  32  0.9964E-08
 4  8  18  32  0.9958E-08
 4  8  18  32  0.9962E-08
 4  8  18  32  0.9958E-08
 4  8  18  32  0.9957E-08
 4  8  18  32  0.9956E-08
 4  8  18  32  0.9963E-08
 4  8  18  32  0.9956E-08
 4  8  19  32  0.1068E-07
 4  8  19  32  0.1068E-07
 4  8  19  32  0.1067E-07
 4  8  19  32  0.1068E-07
 4  8  19  32  0.1068E-07
 4  8  19  32  0.1068E-07
 4  8  19  32  0.1068E-07
 4  8  19  32  0.1068E-07
 4  8  19  32  0.1068E-07
 4  8  19  32  0.1068E-07
 4  8  20  32  0.1046E-07
 4  8  20  32  0.1046E-07
 4  8  20  32  0.1046E-07
 4  8  20  32  0.1046E-07
 4  8  20  32  0.1047E-07
 4  8  20  32  0.1046E-07
 4  8  20  32  0.1046E-07
 4  8  20  32  0.1047E-07
 4  8  20  32  0.1046E-07
 4  8  20  32  0.1046E-07
