 4  256  3  1024  0.1117E-07
 4  256  3  1024  0.1057E-07
 4  256  3  1024  0.1043E-07
 4  256  3  1024  0.1048E-07
 4  256  3  1024  0.1063E-07
 4  256  3  1024  0.1047E-07
 4  256  3  1024  0.1047E-07
 4  256  3  1024  0.1056E-07
 4  256  3  1024  0.1041E-07
 4  256  3  1024  0.1049E-07
 4  256  4  1024  0.4827E-08
 4  256  4  1024  0.4677E-08
 4  256  4  1024  0.4796E-08
 4  256  4  1024  0.4491E-08
 4  256  4  1024  0.4474E-08
 4  256  4  1024  0.4505E-08
 4  256  4  1024  0.4510E-08
 4  256  4  1024  0.4460E-08
 4  256  4  1024  0.4495E-08
 4  256  4  1024  0.4460E-08
 4  256  5  1024  0.2768E-08
 4  256  5  1024  0.2600E-08
 4  256  5  1024  0.2580E-08
 4  256  5  1024  0.2586E-08
 4  256  5  1024  0.2631E-08
 4  256  5  1024  0.2594E-08
 4  256  5  1024  0.2569E-08
 4  256  5  1024  0.2601E-08
 4  256  5  1024  0.2567E-08
 4  256  5  1024  0.2566E-08
 4  256  6  1024  0.1897E-08
 4  256  6  1024  0.1777E-08
 4  256  6  1024  0.1760E-08
 4  256  6  1024  0.1763E-08
 4  256  6  1024  0.1764E-08
 4  256  6  1024  0.1755E-08
 4  256  6  1024  0.1745E-08
 4  256  6  1024  0.1740E-08
 4  256  6  1024  0.1747E-08
 4  256  6  1024  0.1768E-08
 4  256  7  1024  0.1481E-08
 4  256  7  1024  0.1421E-08
 4  256  7  1024  0.1409E-08
 4  256  7  1024  0.1409E-08
 4  256  7  1024  0.1433E-08
 4  256  7  1024  0.1419E-08
 4  256  7  1024  0.1412E-08
 4  256  7  1024  0.1420E-08
 4  256  7  1024  0.1483E-08
 4  256  7  1024  0.1411E-08
 4  256  8  1024  0.1324E-08
 4  256  8  1024  0.1269E-08
 4  256  8  1024  0.1265E-08
 4  256  8  1024  0.1264E-08
 4  256  8  1024  0.1260E-08
 4  256  8  1024  0.1266E-08
 4  256  8  1024  0.1267E-08
 4  256  8  1024  0.1261E-08
 4  256  8  1024  0.1258E-08
 4  256  8  1024  0.1266E-08
 4  256  9  1024  0.1033E-08
 4  256  9  1024  0.1004E-08
 4  256  9  1024  0.9992E-09
 4  256  9  1024  0.9944E-09
 4  256  9  1024  0.1004E-08
 4  256  9  1024  0.1007E-08
 4  256  9  1024  0.9989E-09
 4  256  9  1024  0.9970E-09
 4  256  9  1024  0.1002E-08
 4  256  9  1024  0.1016E-08
 4  256  10  1024  0.9047E-09
 4  256  10  1024  0.8924E-09
 4  256  10  1024  0.8925E-09
 4  256  10  1024  0.8868E-09
 4  256  10  1024  0.8880E-09
 4  256  10  1024  0.8954E-09
 4  256  10  1024  0.8857E-09
 4  256  10  1024  0.8874E-09
 4  256  10  1024  0.8848E-09
 4  256  10  1024  0.8928E-09
 4  256  11  1024  0.8313E-09
 4  256  11  1024  0.8245E-09
 4  256  11  1024  0.8205E-09
 4  256  11  1024  0.8223E-09
 4  256  11  1024  0.8208E-09
 4  256  11  1024  0.8215E-09
 4  256  11  1024  0.8289E-09
 4  256  11  1024  0.8255E-09
 4  256  11  1024  0.8198E-09
 4  256  11  1024  0.8187E-09
 4  256  12  1024  0.7103E-09
 4  256  12  1024  0.7063E-09
 4  256  12  1024  0.7050E-09
 4  256  12  1024  0.7047E-09
 4  256  12  1024  0.7045E-09
 4  256  12  1024  0.7051E-09
 4  256  12  1024  0.7030E-09
 4  256  12  1024  0.7064E-09
 4  256  12  1024  0.7023E-09
 4  256  12  1024  0.7054E-09
 4  256  13  1024  0.6596E-09
 4  256  13  1024  0.6532E-09
 4  256  13  1024  0.6571E-09
 4  256  13  1024  0.6549E-09
 4  256  13  1024  0.6573E-09
 4  256  13  1024  0.6539E-09
 4  256  13  1024  0.6569E-09
 4  256  13  1024  0.6556E-09
 4  256  13  1024  0.6574E-09
 4  256  13  1024  0.6543E-09
 4  256  14  1024  0.5978E-09
 4  256  14  1024  0.5931E-09
 4  256  14  1024  0.5944E-09
 4  256  14  1024  0.5940E-09
 4  256  14  1024  0.5953E-09
 4  256  14  1024  0.5943E-09
 4  256  14  1024  0.5956E-09
 4  256  14  1024  0.5936E-09
 4  256  14  1024  0.5956E-09
 4  256  14  1024  0.5928E-09
 4  256  15  1024  0.5838E-09
 4  256  15  1024  0.5821E-09
 4  256  15  1024  0.5804E-09
 4  256  15  1024  0.5816E-09
 4  256  15  1024  0.5832E-09
 4  256  15  1024  0.5821E-09
 4  256  15  1024  0.5803E-09
 4  256  15  1024  0.5821E-09
 4  256  15  1024  0.5823E-09
 4  256  15  1024  0.5820E-09
 4  256  16  1024  0.5400E-09
 4  256  16  1024  0.5383E-09
 4  256  16  1024  0.5397E-09
 4  256  16  1024  0.5376E-09
 4  256  16  1024  0.5397E-09
 4  256  16  1024  0.5392E-09
 4  256  16  1024  0.5369E-09
 4  256  16  1024  0.5378E-09
 4  256  16  1024  0.5379E-09
 4  256  16  1024  0.5388E-09
 4  256  17  1024  0.5842E-09
 4  256  17  1024  0.5800E-09
 4  256  17  1024  0.5806E-09
 4  256  17  1024  0.5808E-09
 4  256  17  1024  0.5810E-09
 4  256  17  1024  0.5809E-09
 4  256  17  1024  0.5826E-09
 4  256  17  1024  0.5801E-09
 4  256  17  1024  0.5806E-09
 4  256  17  1024  0.5831E-09
 4  256  18  1024  0.5581E-09
 4  256  18  1024  0.5566E-09
 4  256  18  1024  0.5570E-09
 4  256  18  1024  0.5549E-09
 4  256  18  1024  0.5546E-09
 4  256  18  1024  0.5572E-09
 4  256  18  1024  0.5547E-09
 4  256  18  1024  0.5542E-09
 4  256  18  1024  0.5546E-09
 4  256  18  1024  0.5544E-09
 4  256  19  1024  0.5897E-09
 4  256  19  1024  0.5901E-09
 4  256  19  1024  0.5903E-09
 4  256  19  1024  0.5919E-09
 4  256  19  1024  0.5910E-09
 4  256  19  1024  0.5926E-09
 4  256  19  1024  0.5923E-09
 4  256  19  1024  0.5926E-09
 4  256  19  1024  0.5932E-09
 4  256  19  1024  0.5935E-09
 4  256  20  1024  0.5561E-09
 4  256  20  1024  0.5550E-09
 4  256  20  1024  0.5546E-09
 4  256  20  1024  0.5543E-09
 4  256  20  1024  0.5549E-09
 4  256  20  1024  0.5547E-09
 4  256  20  1024  0.5550E-09
 4  256  20  1024  0.5548E-09
 4  256  20  1024  0.5542E-09
 4  256  20  1024  0.5548E-09
