 4  512  3  2048  0.1500E-07
 4  512  3  2048  0.7826E-08
 4  512  3  2048  0.7251E-08
 4  512  3  2048  0.7173E-08
 4  512  3  2048  0.7167E-08
 4  512  3  2048  0.7011E-08
 4  512  3  2048  0.7167E-08
 4  512  3  2048  0.7064E-08
 4  512  3  2048  0.6994E-08
 4  512  3  2048  0.7100E-08
 4  512  4  2048  0.2106E-08
 4  512  4  2048  0.2056E-08
 4  512  4  2048  0.1994E-08
 4  512  4  2048  0.1989E-08
 4  512  4  2048  0.1988E-08
 4  512  4  2048  0.2275E-08
 4  512  4  2048  0.2027E-08
 4  512  4  2048  0.1977E-08
 4  512  4  2048  0.2011E-08
 4  512  4  2048  0.1967E-08
 4  512  5  2048  0.1217E-08
 4  512  5  2048  0.1190E-08
 4  512  5  2048  0.1186E-08
 4  512  5  2048  0.1180E-08
 4  512  5  2048  0.1196E-08
 4  512  5  2048  0.1217E-08
 4  512  5  2048  0.1201E-08
 4  512  5  2048  0.1200E-08
 4  512  5  2048  0.1188E-08
 4  512  5  2048  0.1200E-08
 4  512  6  2048  0.7943E-09
 4  512  6  2048  0.7859E-09
 4  512  6  2048  0.7858E-09
 4  512  6  2048  0.7789E-09
 4  512  6  2048  0.7963E-09
 4  512  6  2048  0.7925E-09
 4  512  6  2048  0.7864E-09
 4  512  6  2048  0.7902E-09
 4  512  6  2048  0.7774E-09
 4  512  6  2048  0.7840E-09
 4  512  7  2048  0.6261E-09
 4  512  7  2048  0.6299E-09
 4  512  7  2048  0.6167E-09
 4  512  7  2048  0.6153E-09
 4  512  7  2048  0.6209E-09
 4  512  7  2048  0.6172E-09
 4  512  7  2048  0.6134E-09
 4  512  7  2048  0.6115E-09
 4  512  7  2048  0.6096E-09
 4  512  7  2048  0.6152E-09
 4  512  8  2048  0.4988E-09
 4  512  8  2048  0.4955E-09
 4  512  8  2048  0.4913E-09
 4  512  8  2048  0.4918E-09
 4  512  8  2048  0.4920E-09
 4  512  8  2048  0.4983E-09
 4  512  8  2048  0.4978E-09
 4  512  8  2048  0.4943E-09
 4  512  8  2048  0.4928E-09
 4  512  8  2048  0.4956E-09
 4  512  9  2048  0.4308E-09
 4  512  9  2048  0.4292E-09
 4  512  9  2048  0.4306E-09
 4  512  9  2048  0.4265E-09
 4  512  9  2048  0.4254E-09
 4  512  9  2048  0.4266E-09
 4  512  9  2048  0.4284E-09
 4  512  9  2048  0.4275E-09
 4  512  9  2048  0.4284E-09
 4  512  9  2048  0.4263E-09
 4  512  10  2048  0.3725E-09
 4  512  10  2048  0.3700E-09
 4  512  10  2048  0.3690E-09
 4  512  10  2048  0.3721E-09
 4  512  10  2048  0.3701E-09
 4  512  10  2048  0.3701E-09
 4  512  10  2048  0.3697E-09
 4  512  10  2048  0.3677E-09
 4  512  10  2048  0.3731E-09
 4  512  10  2048  0.3710E-09
 4  512  11  2048  0.3282E-09
 4  512  11  2048  0.3258E-09
 4  512  11  2048  0.3238E-09
 4  512  11  2048  0.3242E-09
 4  512  11  2048  0.3252E-09
 4  512  11  2048  0.3258E-09
 4  512  11  2048  0.3274E-09
 4  512  11  2048  0.3247E-09
 4  512  11  2048  0.3275E-09
 4  512  11  2048  0.3243E-09
 4  512  12  2048  0.2771E-09
 4  512  12  2048  0.2795E-09
 4  512  12  2048  0.2764E-09
 4  512  12  2048  0.2758E-09
 4  512  12  2048  0.2783E-09
 4  512  12  2048  0.2785E-09
 4  512  12  2048  0.2767E-09
 4  512  12  2048  0.2775E-09
 4  512  12  2048  0.2794E-09
 4  512  12  2048  0.2766E-09
 4  512  13  2048  0.2608E-09
 4  512  13  2048  0.2612E-09
 4  512  13  2048  0.2608E-09
 4  512  13  2048  0.2637E-09
 4  512  13  2048  0.2615E-09
 4  512  13  2048  0.2596E-09
 4  512  13  2048  0.2637E-09
 4  512  13  2048  0.2606E-09
 4  512  13  2048  0.2600E-09
 4  512  13  2048  0.2596E-09
 4  512  14  2048  0.2373E-09
 4  512  14  2048  0.2366E-09
 4  512  14  2048  0.2365E-09
 4  512  14  2048  0.2379E-09
 4  512  14  2048  0.2353E-09
 4  512  14  2048  0.2392E-09
 4  512  14  2048  0.2368E-09
 4  512  14  2048  0.2371E-09
 4  512  14  2048  0.2374E-09
 4  512  14  2048  0.2372E-09
 4  512  15  2048  0.2313E-09
 4  512  15  2048  0.2291E-09
 4  512  15  2048  0.2293E-09
 4  512  15  2048  0.2297E-09
 4  512  15  2048  0.2299E-09
 4  512  15  2048  0.2304E-09
 4  512  15  2048  0.2318E-09
 4  512  15  2048  0.2301E-09
 4  512  15  2048  0.2288E-09
 4  512  15  2048  0.2297E-09
 4  512  16  2048  0.2146E-09
 4  512  16  2048  0.2144E-09
 4  512  16  2048  0.2155E-09
 4  512  16  2048  0.2136E-09
 4  512  16  2048  0.2150E-09
 4  512  16  2048  0.2147E-09
 4  512  16  2048  0.2145E-09
 4  512  16  2048  0.2149E-09
 4  512  16  2048  0.2129E-09
 4  512  16  2048  0.2149E-09
 4  512  17  2048  0.2391E-09
 4  512  17  2048  0.2390E-09
 4  512  17  2048  0.2365E-09
 4  512  17  2048  0.2367E-09
 4  512  17  2048  0.2365E-09
 4  512  17  2048  0.2370E-09
 4  512  17  2048  0.2367E-09
 4  512  17  2048  0.2376E-09
 4  512  17  2048  0.2364E-09
 4  512  17  2048  0.2389E-09
 4  512  18  2048  0.2269E-09
 4  512  18  2048  0.2264E-09
 4  512  18  2048  0.2258E-09
 4  512  18  2048  0.2262E-09
 4  512  18  2048  0.2260E-09
 4  512  18  2048  0.2262E-09
 4  512  18  2048  0.2258E-09
 4  512  18  2048  0.2264E-09
 4  512  18  2048  0.2265E-09
 4  512  18  2048  0.2263E-09
 4  512  19  2048  0.2313E-09
 4  512  19  2048  0.2310E-09
 4  512  19  2048  0.2310E-09
 4  512  19  2048  0.2307E-09
 4  512  19  2048  0.2306E-09
 4  512  19  2048  0.2327E-09
 4  512  19  2048  0.2312E-09
 4  512  19  2048  0.2310E-09
 4  512  19  2048  0.2307E-09
 4  512  19  2048  0.2308E-09
 4  512  20  2048  0.2272E-09
 4  512  20  2048  0.2269E-09
 4  512  20  2048  0.2272E-09
 4  512  20  2048  0.2270E-09
 4  512  20  2048  0.2269E-09
 4  512  20  2048  0.2283E-09
 4  512  20  2048  0.2270E-09
 4  512  20  2048  0.2271E-09
 4  512  20  2048  0.2283E-09
 4  512  20  2048  0.2270E-09
