 4  512  3  2048  0.7134E-08
 4  512  3  2048  0.6558E-08
 4  512  3  2048  0.6572E-08
 4  512  3  2048  0.6545E-08
 4  512  3  2048  0.6656E-08
 4  512  3  2048  0.6565E-08
 4  512  3  2048  0.6559E-08
 4  512  3  2048  0.6536E-08
 4  512  3  2048  0.6529E-08
 4  512  3  2048  0.6497E-08
 4  512  4  2048  0.3046E-08
 4  512  4  2048  0.2926E-08
 4  512  4  2048  0.2924E-08
 4  512  4  2048  0.2984E-08
 4  512  4  2048  0.2897E-08
 4  512  4  2048  0.2900E-08
 4  512  4  2048  0.2867E-08
 4  512  4  2048  0.2863E-08
 4  512  4  2048  0.2833E-08
 4  512  4  2048  0.2842E-08
 4  512  5  2048  0.1740E-08
 4  512  5  2048  0.1636E-08
 4  512  5  2048  0.1649E-08
 4  512  5  2048  0.1605E-08
 4  512  5  2048  0.1604E-08
 4  512  5  2048  0.1621E-08
 4  512  5  2048  0.1628E-08
 4  512  5  2048  0.1611E-08
 4  512  5  2048  0.1614E-08
 4  512  5  2048  0.1627E-08
 4  512  6  2048  0.1103E-08
 4  512  6  2048  0.1053E-08
 4  512  6  2048  0.1036E-08
 4  512  6  2048  0.1036E-08
 4  512  6  2048  0.1026E-08
 4  512  6  2048  0.1046E-08
 4  512  6  2048  0.1026E-08
 4  512  6  2048  0.1026E-08
 4  512  6  2048  0.1033E-08
 4  512  6  2048  0.1030E-08
 4  512  7  2048  0.8012E-09
 4  512  7  2048  0.7678E-09
 4  512  7  2048  0.7737E-09
 4  512  7  2048  0.7709E-09
 4  512  7  2048  0.7740E-09
 4  512  7  2048  0.7706E-09
 4  512  7  2048  0.7637E-09
 4  512  7  2048  0.7630E-09
 4  512  7  2048  0.7751E-09
 4  512  7  2048  0.7692E-09
 4  512  8  2048  0.6734E-09
 4  512  8  2048  0.6459E-09
 4  512  8  2048  0.6504E-09
 4  512  8  2048  0.6448E-09
 4  512  8  2048  0.6465E-09
 4  512  8  2048  0.6486E-09
 4  512  8  2048  0.6421E-09
 4  512  8  2048  0.6443E-09
 4  512  8  2048  0.6443E-09
 4  512  8  2048  0.6515E-09
 4  512  9  2048  0.5994E-09
 4  512  9  2048  0.5838E-09
 4  512  9  2048  0.5776E-09
 4  512  9  2048  0.5825E-09
 4  512  9  2048  0.5817E-09
 4  512  9  2048  0.5823E-09
 4  512  9  2048  0.5799E-09
 4  512  9  2048  0.5780E-09
 4  512  9  2048  0.5837E-09
 4  512  9  2048  0.5884E-09
 4  512  10  2048  0.5368E-09
 4  512  10  2048  0.5209E-09
 4  512  10  2048  0.5210E-09
 4  512  10  2048  0.5266E-09
 4  512  10  2048  0.5220E-09
 4  512  10  2048  0.5193E-09
 4  512  10  2048  0.5223E-09
 4  512  10  2048  0.5212E-09
 4  512  10  2048  0.5199E-09
 4  512  10  2048  0.5227E-09
 4  512  11  2048  0.4695E-09
 4  512  11  2048  0.4643E-09
 4  512  11  2048  0.4633E-09
 4  512  11  2048  0.4656E-09
 4  512  11  2048  0.4625E-09
 4  512  11  2048  0.4625E-09
 4  512  11  2048  0.4638E-09
 4  512  11  2048  0.4628E-09
 4  512  11  2048  0.4637E-09
 4  512  11  2048  0.4631E-09
 4  512  12  2048  0.3998E-09
 4  512  12  2048  0.3945E-09
 4  512  12  2048  0.3944E-09
 4  512  12  2048  0.3930E-09
 4  512  12  2048  0.3919E-09
 4  512  12  2048  0.3955E-09
 4  512  12  2048  0.3936E-09
 4  512  12  2048  0.3930E-09
 4  512  12  2048  0.3966E-09
 4  512  12  2048  0.3946E-09
 4  512  13  2048  0.3686E-09
 4  512  13  2048  0.3683E-09
 4  512  13  2048  0.3674E-09
 4  512  13  2048  0.3660E-09
 4  512  13  2048  0.3664E-09
 4  512  13  2048  0.3692E-09
 4  512  13  2048  0.3663E-09
 4  512  13  2048  0.3670E-09
 4  512  13  2048  0.3676E-09
 4  512  13  2048  0.3690E-09
 4  512  14  2048  0.3298E-09
 4  512  14  2048  0.3280E-09
 4  512  14  2048  0.3280E-09
 4  512  14  2048  0.3280E-09
 4  512  14  2048  0.3283E-09
 4  512  14  2048  0.3279E-09
 4  512  14  2048  0.3283E-09
 4  512  14  2048  0.3276E-09
 4  512  14  2048  0.3279E-09
 4  512  14  2048  0.3288E-09
 4  512  15  2048  0.3084E-09
 4  512  15  2048  0.3087E-09
 4  512  15  2048  0.3084E-09
 4  512  15  2048  0.3073E-09
 4  512  15  2048  0.3080E-09
 4  512  15  2048  0.3092E-09
 4  512  15  2048  0.3073E-09
 4  512  15  2048  0.3077E-09
 4  512  15  2048  0.3083E-09
 4  512  15  2048  0.3100E-09
 4  512  16  2048  0.2881E-09
 4  512  16  2048  0.2861E-09
 4  512  16  2048  0.2865E-09
 4  512  16  2048  0.2882E-09
 4  512  16  2048  0.2875E-09
 4  512  16  2048  0.2862E-09
 4  512  16  2048  0.2878E-09
 4  512  16  2048  0.2880E-09
 4  512  16  2048  0.2872E-09
 4  512  16  2048  0.2869E-09
 4  512  17  2048  0.3062E-09
 4  512  17  2048  0.3056E-09
 4  512  17  2048  0.3054E-09
 4  512  17  2048  0.3057E-09
 4  512  17  2048  0.3064E-09
 4  512  17  2048  0.3050E-09
 4  512  17  2048  0.3055E-09
 4  512  17  2048  0.3066E-09
 4  512  17  2048  0.3068E-09
 4  512  17  2048  0.3066E-09
 4  512  18  2048  0.2907E-09
 4  512  18  2048  0.2896E-09
 4  512  18  2048  0.2905E-09
 4  512  18  2048  0.2909E-09
 4  512  18  2048  0.2901E-09
 4  512  18  2048  0.2898E-09
 4  512  18  2048  0.2898E-09
 4  512  18  2048  0.2898E-09
 4  512  18  2048  0.2901E-09
 4  512  18  2048  0.2902E-09
 4  512  19  2048  0.2888E-09
 4  512  19  2048  0.2875E-09
 4  512  19  2048  0.2894E-09
 4  512  19  2048  0.2875E-09
 4  512  19  2048  0.2879E-09
 4  512  19  2048  0.2880E-09
 4  512  19  2048  0.2875E-09
 4  512  19  2048  0.2875E-09
 4  512  19  2048  0.2885E-09
 4  512  19  2048  0.2874E-09
 4  512  20  2048  0.2860E-09
 4  512  20  2048  0.2859E-09
 4  512  20  2048  0.2858E-09
 4  512  20  2048  0.2861E-09
 4  512  20  2048  0.2873E-09
 4  512  20  2048  0.2862E-09
 4  512  20  2048  0.2870E-09
 4  512  20  2048  0.2861E-09
 4  512  20  2048  0.2861E-09
 4  512  20  2048  0.2866E-09
