 4  2048  3  8192  0.3564E-08
 4  2048  3  8192  0.3220E-08
 4  2048  3  8192  0.3215E-08
 4  2048  3  8192  0.3184E-08
 4  2048  3  8192  0.3145E-08
 4  2048  3  8192  0.3132E-08
 4  2048  3  8192  0.3169E-08
 4  2048  3  8192  0.3201E-08
 4  2048  3  8192  0.3174E-08
 4  2048  3  8192  0.3121E-08
 4  2048  4  8192  0.1574E-08
 4  2048  4  8192  0.1355E-08
 4  2048  4  8192  0.1357E-08
 4  2048  4  8192  0.1353E-08
 4  2048  4  8192  0.1318E-08
 4  2048  4  8192  0.1385E-08
 4  2048  4  8192  0.1334E-08
 4  2048  4  8192  0.1355E-08
 4  2048  4  8192  0.1341E-08
 4  2048  4  8192  0.1345E-08
 4  2048  5  8192  0.8536E-09
 4  2048  5  8192  0.7739E-09
 4  2048  5  8192  0.7693E-09
 4  2048  5  8192  0.7609E-09
 4  2048  5  8192  0.7708E-09
 4  2048  5  8192  0.7704E-09
 4  2048  5  8192  0.7665E-09
 4  2048  5  8192  0.7812E-09
 4  2048  5  8192  0.7693E-09
 4  2048  5  8192  0.7793E-09
 4  2048  6  8192  0.5396E-09
 4  2048  6  8192  0.5008E-09
 4  2048  6  8192  0.5002E-09
 4  2048  6  8192  0.4979E-09
 4  2048  6  8192  0.4949E-09
 4  2048  6  8192  0.5058E-09
 4  2048  6  8192  0.4988E-09
 4  2048  6  8192  0.5037E-09
 4  2048  6  8192  0.4973E-09
 4  2048  6  8192  0.4983E-09
 4  2048  7  8192  0.3903E-09
 4  2048  7  8192  0.3821E-09
 4  2048  7  8192  0.3574E-09
 4  2048  7  8192  0.3633E-09
 4  2048  7  8192  0.3767E-09
 4  2048  7  8192  0.3637E-09
 4  2048  7  8192  0.3591E-09
 4  2048  7  8192  0.3828E-09
 4  2048  7  8192  0.3674E-09
 4  2048  7  8192  0.3583E-09
 4  2048  8  8192  0.2987E-09
 4  2048  8  8192  0.2826E-09
 4  2048  8  8192  0.2903E-09
 4  2048  8  8192  0.2857E-09
 4  2048  8  8192  0.2840E-09
 4  2048  8  8192  0.2925E-09
 4  2048  8  8192  0.2820E-09
 4  2048  8  8192  0.2865E-09
 4  2048  8  8192  0.2912E-09
 4  2048  8  8192  0.2813E-09
 4  2048  9  8192  0.2489E-09
 4  2048  9  8192  0.2337E-09
 4  2048  9  8192  0.2407E-09
 4  2048  9  8192  0.2347E-09
 4  2048  9  8192  0.2411E-09
 4  2048  9  8192  0.2357E-09
 4  2048  9  8192  0.2380E-09
 4  2048  9  8192  0.2389E-09
 4  2048  9  8192  0.2354E-09
 4  2048  9  8192  0.2419E-09
 4  2048  10  8192  0.2022E-09
 4  2048  10  8192  0.2007E-09
 4  2048  10  8192  0.1977E-09
 4  2048  10  8192  0.1995E-09
 4  2048  10  8192  0.1965E-09
 4  2048  10  8192  0.1982E-09
 4  2048  10  8192  0.1969E-09
 4  2048  10  8192  0.1994E-09
 4  2048  10  8192  0.1970E-09
 4  2048  10  8192  0.1985E-09
 4  2048  11  8192  0.1708E-09
 4  2048  11  8192  0.1695E-09
 4  2048  11  8192  0.1658E-09
 4  2048  11  8192  0.1683E-09
 4  2048  11  8192  0.1683E-09
 4  2048  11  8192  0.1673E-09
 4  2048  11  8192  0.1692E-09
 4  2048  11  8192  0.1881E-09
 4  2048  11  8192  0.2740E-09
 4  2048  11  8192  0.2750E-09
 4  2048  12  8192  0.1415E-09
 4  2048  12  8192  0.1384E-09
 4  2048  12  8192  0.1380E-09
 4  2048  12  8192  0.1405E-09
 4  2048  12  8192  0.1374E-09
 4  2048  12  8192  0.1399E-09
 4  2048  12  8192  0.1395E-09
 4  2048  12  8192  0.1396E-09
 4  2048  12  8192  0.1411E-09
 4  2048  12  8192  0.1381E-09
 4  2048  13  8192  0.1249E-09
 4  2048  13  8192  0.1223E-09
 4  2048  13  8192  0.1219E-09
 4  2048  13  8192  0.1222E-09
 4  2048  13  8192  0.1218E-09
 4  2048  13  8192  0.1224E-09
 4  2048  13  8192  0.1214E-09
 4  2048  13  8192  0.1216E-09
 4  2048  13  8192  0.1229E-09
 4  2048  13  8192  0.1216E-09
 4  2048  15  8192  0.9933E-10
 4  2048  15  8192  0.9766E-10
 4  2048  15  8192  0.9762E-10
 4  2048  15  8192  0.9692E-10
 4  2048  15  8192  0.9736E-10
 4  2048  15  8192  0.9739E-10
 4  2048  15  8192  0.9717E-10
 4  2048  15  8192  0.9758E-10
 4  2048  15  8192  0.9701E-10
 4  2048  15  8192  0.9635E-10
