 4  32  3  128  0.1795E-07
 4  32  3  128  0.1654E-07
 4  32  3  128  0.1663E-07
 4  32  3  128  0.1648E-07
 4  32  3  128  0.1640E-07
 4  32  3  128  0.1641E-07
 4  32  3  128  0.1636E-07
 4  32  3  128  0.1649E-07
 4  32  3  128  0.1639E-07
 4  32  3  128  0.1652E-07
 4  32  4  128  0.8741E-08
 4  32  4  128  0.7959E-08
 4  32  4  128  0.7901E-08
 4  32  4  128  0.7817E-08
 4  32  4  128  0.7801E-08
 4  32  4  128  0.7851E-08
 4  32  4  128  0.7776E-08
 4  32  4  128  0.7765E-08
 4  32  4  128  0.7803E-08
 4  32  4  128  0.7861E-08
 4  32  5  128  0.5584E-08
 4  32  5  128  0.5166E-08
 4  32  5  128  0.5108E-08
 4  32  5  128  0.5139E-08
 4  32  5  128  0.5196E-08
 4  32  5  128  0.5100E-08
 4  32  5  128  0.5128E-08
 4  32  5  128  0.5114E-08
 4  32  5  128  0.5116E-08
 4  32  5  128  0.5114E-08
 4  32  6  128  0.4104E-08
 4  32  6  128  0.3743E-08
 4  32  6  128  0.3706E-08
 4  32  6  128  0.3691E-08
 4  32  6  128  0.3753E-08
 4  32  6  128  0.3688E-08
 4  32  6  128  0.3698E-08
 4  32  6  128  0.3678E-08
 4  32  6  128  0.3693E-08
 4  32  6  128  0.3686E-08
 4  32  7  128  0.3602E-08
 4  32  7  128  0.3398E-08
 4  32  7  128  0.3409E-08
 4  32  7  128  0.3362E-08
 4  32  7  128  0.3383E-08
 4  32  7  128  0.3377E-08
 4  32  7  128  0.3361E-08
 4  32  7  128  0.3381E-08
 4  32  7  128  0.3383E-08
 4  32  7  128  0.3370E-08
 4  32  8  128  0.3508E-08
 4  32  8  128  0.3351E-08
 4  32  8  128  0.3320E-08
 4  32  8  128  0.3327E-08
 4  32  8  128  0.3332E-08
 4  32  8  128  0.3348E-08
 4  32  8  128  0.3344E-08
 4  32  8  128  0.3348E-08
 4  32  8  128  0.3333E-08
 4  32  8  128  0.3339E-08
 4  32  9  128  0.3401E-08
 4  32  9  128  0.3302E-08
 4  32  9  128  0.3280E-08
 4  32  9  128  0.3290E-08
 4  32  9  128  0.3297E-08
 4  32  9  128  0.3290E-08
 4  32  9  128  0.3298E-08
 4  32  9  128  0.3284E-08
 4  32  9  128  0.3289E-08
 4  32  9  128  0.3288E-08
 4  32  10  128  0.3508E-08
 4  32  10  128  0.3434E-08
 4  32  10  128  0.3434E-08
 4  32  10  128  0.3431E-08
 4  32  10  128  0.3448E-08
 4  32  10  128  0.3439E-08
 4  32  10  128  0.3427E-08
 4  32  10  128  0.3441E-08
 4  32  10  128  0.3436E-08
 4  32  10  128  0.3430E-08
 4  32  11  128  0.3488E-08
 4  32  11  128  0.3466E-08
 4  32  11  128  0.3455E-08
 4  32  11  128  0.3461E-08
 4  32  11  128  0.3458E-08
 4  32  11  128  0.3464E-08
 4  32  11  128  0.3462E-08
 4  32  11  128  0.3462E-08
 4  32  11  128  0.3452E-08
 4  32  11  128  0.3458E-08
 4  32  12  128  0.3131E-08
 4  32  12  128  0.3101E-08
 4  32  12  128  0.3098E-08
 4  32  12  128  0.3102E-08
 4  32  12  128  0.3106E-08
 4  32  12  128  0.3101E-08
 4  32  12  128  0.3099E-08
 4  32  12  128  0.3096E-08
 4  32  12  128  0.3103E-08
 4  32  12  128  0.3108E-08
 4  32  13  128  0.3169E-08
 4  32  13  128  0.3146E-08
 4  32  13  128  0.3149E-08
 4  32  13  128  0.3154E-08
 4  32  13  128  0.3151E-08
 4  32  13  128  0.3150E-08
 4  32  13  128  0.3151E-08
 4  32  13  128  0.3158E-08
 4  32  13  128  0.3150E-08
 4  32  13  128  0.3154E-08
 4  32  14  128  0.2989E-08
 4  32  14  128  0.2970E-08
 4  32  14  128  0.2972E-08
 4  32  14  128  0.2973E-08
 4  32  14  128  0.2971E-08
 4  32  14  128  0.2970E-08
 4  32  14  128  0.2973E-08
 4  32  14  128  0.2969E-08
 4  32  14  128  0.2971E-08
 4  32  14  128  0.2975E-08
 4  32  15  128  0.3053E-08
 4  32  15  128  0.3039E-08
 4  32  15  128  0.3035E-08
 4  32  15  128  0.3038E-08
 4  32  15  128  0.3038E-08
 4  32  15  128  0.3037E-08
 4  32  15  128  0.3039E-08
 4  32  15  128  0.3035E-08
 4  32  15  128  0.3039E-08
 4  32  15  128  0.3038E-08
 4  32  16  128  0.3007E-08
 4  32  16  128  0.2989E-08
 4  32  16  128  0.2992E-08
 4  32  16  128  0.2991E-08
 4  32  16  128  0.2991E-08
 4  32  16  128  0.2992E-08
 4  32  16  128  0.2992E-08
 4  32  16  128  0.2994E-08
 4  32  16  128  0.2991E-08
 4  32  16  128  0.2992E-08
 4  32  17  128  0.3479E-08
 4  32  17  128  0.3466E-08
 4  32  17  128  0.3468E-08
 4  32  17  128  0.3469E-08
 4  32  17  128  0.3467E-08
 4  32  17  128  0.3469E-08
 4  32  17  128  0.3467E-08
 4  32  17  128  0.3467E-08
 4  32  17  128  0.3470E-08
 4  32  17  128  0.3469E-08
 4  32  18  128  0.3431E-08
 4  32  18  128  0.3421E-08
 4  32  18  128  0.3421E-08
 4  32  18  128  0.3420E-08
 4  32  18  128  0.3425E-08
 4  32  18  128  0.3422E-08
 4  32  18  128  0.3420E-08
 4  32  18  128  0.3421E-08
 4  32  18  128  0.3421E-08
 4  32  18  128  0.3421E-08
 4  32  19  128  0.3612E-08
 4  32  19  128  0.3603E-08
 4  32  19  128  0.3603E-08
 4  32  19  128  0.3604E-08
 4  32  19  128  0.3600E-08
 4  32  19  128  0.3602E-08
 4  32  19  128  0.3602E-08
 4  32  19  128  0.3603E-08
 4  32  19  128  0.3604E-08
 4  32  19  128  0.3604E-08
 4  32  20  128  0.3639E-08
 4  32  20  128  0.3632E-08
 4  32  20  128  0.3631E-08
 4  32  20  128  0.3631E-08
 4  32  20  128  0.3630E-08
 4  32  20  128  0.3653E-08
 4  32  20  128  0.3630E-08
 4  32  20  128  0.3631E-08
 4  32  20  128  0.3630E-08
 4  32  20  128  0.3630E-08
