 4  16  3  64  0.7639E-07
 4  16  3  64  0.4167E-07
 4  16  3  64  0.4535E-07
 4  16  3  64  0.4512E-07
 4  16  3  64  0.4204E-07
 4  16  3  64  0.4282E-07
 4  16  3  64  0.4222E-07
 4  16  3  64  0.4167E-07
 4  16  3  64  0.4342E-07
 4  16  3  64  0.5018E-07
 4  16  4  64  0.2922E-07
 4  16  4  64  0.2410E-07
 4  16  4  64  0.2328E-07
 4  16  4  64  0.2270E-07
 4  16  4  64  0.2237E-07
 4  16  4  64  0.2206E-07
 4  16  4  64  0.2206E-07
 4  16  4  64  0.2604E-07
 4  16  4  64  0.2458E-07
 4  16  4  64  0.2328E-07
 4  16  5  64  0.2357E-07
 4  16  5  64  0.1749E-07
 4  16  5  64  0.1466E-07
 4  16  5  64  0.1409E-07
 4  16  5  64  0.1458E-07
 4  16  5  64  0.1413E-07
 4  16  5  64  0.1421E-07
 4  16  5  64  0.1426E-07
 4  16  5  64  0.1408E-07
 4  16  5  64  0.1388E-07
 4  16  6  64  0.1821E-07
 4  16  6  64  0.1176E-07
 4  16  6  64  0.1138E-07
 4  16  6  64  0.1174E-07
 4  16  6  64  0.1131E-07
 4  16  6  64  0.1131E-07
 4  16  6  64  0.1126E-07
 4  16  6  64  0.1131E-07
 4  16  6  64  0.1114E-07
 4  16  6  64  0.1215E-07
 4  16  7  64  0.1708E-07
 4  16  7  64  0.1078E-07
 4  16  7  64  0.1046E-07
 4  16  7  64  0.1061E-07
 4  16  7  64  0.1159E-07
 4  16  7  64  0.1052E-07
 4  16  7  64  0.1045E-07
 4  16  7  64  0.1048E-07
 4  16  7  64  0.1048E-07
 4  16  7  64  0.1115E-07
 4  16  8  64  0.1405E-07
 4  16  8  64  0.8637E-08
 4  16  8  64  0.8770E-08
 4  16  8  64  0.8891E-08
 4  16  8  64  0.9204E-08
 4  16  8  64  0.8729E-08
 4  16  8  64  0.8678E-08
 4  16  8  64  0.8678E-08
 4  16  8  64  0.8799E-08
 4  16  8  64  0.8656E-08
 4  16  9  64  0.4837E-08
 4  16  9  64  0.4763E-08
 4  16  9  64  0.4768E-08
 4  16  9  64  0.4757E-08
 4  16  9  64  0.4769E-08
 4  16  9  64  0.4767E-08
 4  16  9  64  0.4758E-08
 4  16  9  64  0.4771E-08
 4  16  9  64  0.4764E-08
 4  16  9  64  0.4777E-08
 4  16  10  64  0.4782E-08
 4  16  10  64  0.4717E-08
 4  16  10  64  0.4732E-08
 4  16  10  64  0.4729E-08
 4  16  10  64  0.4730E-08
 4  16  10  64  0.4719E-08
 4  16  10  64  0.4733E-08
 4  16  10  64  0.4729E-08
 4  16  10  64  0.4714E-08
 4  16  10  64  0.4722E-08
 4  16  11  64  0.4749E-08
 4  16  11  64  0.4730E-08
 4  16  11  64  0.4734E-08
 4  16  11  64  0.4722E-08
 4  16  11  64  0.4736E-08
 4  16  11  64  0.4727E-08
 4  16  11  64  0.4727E-08
 4  16  11  64  0.4724E-08
 4  16  11  64  0.4728E-08
 4  16  11  64  0.4733E-08
 4  16  12  64  0.4309E-08
 4  16  12  64  0.4297E-08
 4  16  12  64  0.4299E-08
 4  16  12  64  0.4295E-08
 4  16  12  64  0.4309E-08
 4  16  12  64  0.4297E-08
 4  16  12  64  0.4319E-08
 4  16  12  64  0.4300E-08
 4  16  12  64  0.4304E-08
 4  16  12  64  0.4299E-08
 4  16  13  64  0.4418E-08
 4  16  13  64  0.4398E-08
 4  16  13  64  0.4400E-08
 4  16  13  64  0.4395E-08
 4  16  13  64  0.4433E-08
 4  16  13  64  0.4399E-08
 4  16  13  64  0.4402E-08
 4  16  13  64  0.4397E-08
 4  16  13  64  0.4399E-08
 4  16  13  64  0.4401E-08
 4  16  14  64  0.4176E-08
 4  16  14  64  0.4160E-08
 4  16  14  64  0.4160E-08
 4  16  14  64  0.4155E-08
 4  16  14  64  0.4162E-08
 4  16  14  64  0.4160E-08
 4  16  14  64  0.4162E-08
 4  16  14  64  0.4158E-08
 4  16  14  64  0.4172E-08
 4  16  14  64  0.4162E-08
 4  16  15  64  0.4562E-08
 4  16  15  64  0.4550E-08
 4  16  15  64  0.4555E-08
 4  16  15  64  0.4549E-08
 4  16  15  64  0.4548E-08
 4  16  15  64  0.4551E-08
 4  16  15  64  0.4556E-08
 4  16  15  64  0.4554E-08
 4  16  15  64  0.4555E-08
 4  16  15  64  0.4555E-08
 4  16  16  64  0.4435E-08
 4  16  16  64  0.4434E-08
 4  16  16  64  0.4432E-08
 4  16  16  64  0.4430E-08
 4  16  16  64  0.4434E-08
 4  16  16  64  0.4432E-08
 4  16  16  64  0.4431E-08
 4  16  16  64  0.4431E-08
 4  16  16  64  0.4434E-08
 4  16  16  64  0.4431E-08
 4  16  17  64  0.5354E-08
 4  16  17  64  0.5351E-08
 4  16  17  64  0.5352E-08
 4  16  17  64  0.5348E-08
 4  16  17  64  0.5350E-08
 4  16  17  64  0.5349E-08
 4  16  17  64  0.5350E-08
 4  16  17  64  0.5347E-08
 4  16  17  64  0.5349E-08
 4  16  17  64  0.5354E-08
 4  16  18  64  0.5253E-08
 4  16  18  64  0.5249E-08
 4  16  18  64  0.5247E-08
 4  16  18  64  0.5246E-08
 4  16  18  64  0.5249E-08
 4  16  18  64  0.5249E-08
 4  16  18  64  0.5246E-08
 4  16  18  64  0.5249E-08
 4  16  18  64  0.5246E-08
 4  16  18  64  0.5248E-08
 4  16  19  64  0.5602E-08
 4  16  19  64  0.5601E-08
 4  16  19  64  0.5593E-08
 4  16  19  64  0.5594E-08
 4  16  19  64  0.5601E-08
 4  16  19  64  0.5595E-08
 4  16  19  64  0.5592E-08
 4  16  19  64  0.5596E-08
 4  16  19  64  0.5592E-08
 4  16  19  64  0.5596E-08
 4  16  20  64  0.5472E-08
 4  16  20  64  0.5470E-08
 4  16  20  64  0.5468E-08
 4  16  20  64  0.5468E-08
 4  16  20  64  0.5468E-08
 4  16  20  64  0.5468E-08
 4  16  20  64  0.5467E-08
 4  16  20  64  0.5467E-08
 4  16  20  64  0.5468E-08
 4  16  20  64  0.5468E-08
