 4  8192  3  32768  0.1046E-08
 4  8192  3  32768  0.9360E-09
 4  8192  3  32768  0.8451E-09
 4  8192  3  32768  0.9534E-09
 4  8192  3  32768  0.8994E-09
 4  8192  3  32768  0.9254E-09
 4  8192  3  32768  0.8544E-09
 4  8192  3  32768  0.8071E-09
 4  8192  3  32768  0.8761E-09
 4  8192  3  32768  0.9348E-09
 4  8192  5  32768  0.2321E-09
 4  8192  5  32768  0.1985E-09
 4  8192  5  32768  0.2128E-09
 4  8192  5  32768  0.2141E-09
 4  8192  5  32768  0.2041E-09
 4  8192  5  32768  0.2001E-09
 4  8192  5  32768  0.2116E-09
 4  8192  5  32768  0.2140E-09
 4  8192  5  32768  0.2012E-09
 4  8192  5  32768  0.2003E-09
