 4  1  3  4  0.1253E-06
 4  1  3  4  0.2436E-06
 4  1  3  4  0.2966E-06
 4  1  3  4  0.3613E-06
 4  1  3  4  0.2745E-06
 4  1  3  4  0.2966E-06
 4  1  3  4  0.2443E-06
 4  1  3  4  0.2590E-06
 4  1  3  4  0.3120E-06
 4  1  3  4  0.2222E-06
 4  1  4  4  0.5969E-07
 4  1  4  4  0.1263E-06
 4  1  4  4  0.1757E-06
 4  1  4  4  0.1198E-06
 4  1  4  4  0.1055E-06
 4  1  4  4  0.1068E-06
 4  1  4  4  0.1031E-06
 4  1  4  4  0.9655E-07
 4  1  4  4  0.9779E-07
 4  1  4  4  0.9220E-07
 4  1  5  4  0.5341E-07
 4  1  5  4  0.5847E-07
 4  1  5  4  0.8392E-07
 4  1  5  4  0.1227E-06
 4  1  5  4  0.1941E-06
 4  1  5  4  0.8535E-07
 4  1  5  4  0.1160E-06
 4  1  5  4  0.1206E-06
 4  1  5  4  0.7788E-07
 4  1  5  4  0.1081E-06
 4  1  6  4  0.4281E-07
 4  1  6  4  0.4243E-07
 4  1  6  4  0.6595E-07
 4  1  6  4  0.7064E-07
 4  1  6  4  0.6715E-07
 4  1  6  4  0.9483E-07
 4  1  6  4  0.9336E-07
 4  1  6  4  0.9106E-07
 4  1  6  4  0.6512E-07
 4  1  6  4  0.8794E-07
 4  1  7  4  0.4124E-07
 4  1  7  4  0.4128E-07
 4  1  7  4  0.4529E-07
 4  1  7  4  0.8451E-07
 4  1  7  4  0.8625E-07
 4  1  7  4  0.8723E-07
 4  1  7  4  0.9673E-07
 4  1  7  4  0.8480E-07
 4  1  7  4  0.8550E-07
 4  1  7  4  0.8359E-07
 4  1  8  4  0.3451E-07
 4  1  8  4  0.3372E-07
 4  1  8  4  0.3361E-07
 4  1  8  4  0.7714E-07
 4  1  8  4  0.7470E-07
 4  1  8  4  0.7811E-07
 4  1  8  4  0.8269E-07
 4  1  8  4  0.7680E-07
 4  1  8  4  0.7664E-07
 4  1  8  4  0.7342E-07
 4  1  9  4  0.4598E-07
 4  1  9  4  0.4375E-07
 4  1  9  4  0.4369E-07
 4  1  9  4  0.4355E-07
 4  1  9  4  0.7007E-07
 4  1  9  4  0.6895E-07
 4  1  9  4  0.6778E-07
 4  1  9  4  0.6814E-07
 4  1  9  4  0.7157E-07
 4  1  9  4  0.6814E-07
 4  1  10  4  0.5174E-07
 4  1  10  4  0.5039E-07
 4  1  10  4  0.5049E-07
 4  1  10  4  0.5038E-07
 4  1  10  4  0.5092E-07
 4  1  10  4  0.9892E-07
 4  1  10  4  0.9666E-07
 4  1  10  4  0.9676E-07
 4  1  10  4  0.9908E-07
 4  1  10  4  0.9692E-07
 4  1  11  4  0.5537E-07
 4  1  11  4  0.5435E-07
 4  1  11  4  0.5438E-07
 4  1  11  4  0.5437E-07
 4  1  11  4  0.5442E-07
 4  1  11  4  0.5450E-07
 4  1  11  4  0.8871E-07
 4  1  11  4  0.8747E-07
 4  1  11  4  0.9079E-07
 4  1  11  4  0.8722E-07
 4  1  12  4  0.5063E-07
 4  1  12  4  0.5018E-07
 4  1  12  4  0.5013E-07
 4  1  12  4  0.5010E-07
 4  1  12  4  0.5017E-07
 4  1  12  4  0.5017E-07
 4  1  12  4  0.5032E-07
 4  1  12  4  0.7533E-07
 4  1  12  4  0.7248E-07
 4  1  12  4  0.7538E-07
 4  1  13  4  0.5331E-07
 4  1  13  4  0.5271E-07
 4  1  13  4  0.5276E-07
 4  1  13  4  0.5291E-07
 4  1  13  4  0.5276E-07
 4  1  13  4  0.5281E-07
 4  1  13  4  0.5276E-07
 4  1  13  4  0.5303E-07
 4  1  13  4  0.7860E-07
 4  1  13  4  0.7624E-07
 4  1  14  4  0.5004E-07
 4  1  14  4  0.4959E-07
 4  1  14  4  0.4959E-07
 4  1  14  4  0.4966E-07
 4  1  14  4  0.4958E-07
 4  1  14  4  0.4959E-07
 4  1  14  4  0.4957E-07
 4  1  14  4  0.4959E-07
 4  1  14  4  0.5016E-07
 4  1  14  4  0.6627E-07
 4  1  15  4  0.5540E-07
 4  1  15  4  0.5503E-07
 4  1  15  4  0.5504E-07
 4  1  15  4  0.5504E-07
 4  1  15  4  0.5512E-07
 4  1  15  4  0.5502E-07
 4  1  15  4  0.5501E-07
 4  1  15  4  0.5498E-07
 4  1  15  4  0.5514E-07
 4  1  15  4  0.7459E-07
 4  1  16  4  0.5271E-07
 4  1  16  4  0.5227E-07
 4  1  16  4  0.5225E-07
 4  1  16  4  0.5237E-07
 4  1  16  4  0.5231E-07
 4  1  16  4  0.5222E-07
 4  1  16  4  0.5223E-07
 4  1  16  4  0.5226E-07
 4  1  16  4  0.5231E-07
 4  1  16  4  0.5223E-07
 4  1  17  4  0.6631E-07
 4  1  17  4  0.6592E-07
 4  1  17  4  0.6597E-07
 4  1  17  4  0.6590E-07
 4  1  17  4  0.6591E-07
 4  1  17  4  0.6595E-07
 4  1  17  4  0.6589E-07
 4  1  17  4  0.6597E-07
 4  1  17  4  0.6593E-07
 4  1  17  4  0.6591E-07
 4  1  18  4  0.6467E-07
 4  1  18  4  0.6435E-07
 4  1  18  4  0.6433E-07
 4  1  18  4  0.6433E-07
 4  1  18  4  0.6437E-07
 4  1  18  4  0.6434E-07
 4  1  18  4  0.6437E-07
 4  1  18  4  0.6434E-07
 4  1  18  4  0.6434E-07
 4  1  18  4  0.6436E-07
 4  1  19  4  0.6979E-07
 4  1  19  4  0.6958E-07
 4  1  19  4  0.6956E-07
 4  1  19  4  0.6960E-07
 4  1  19  4  0.6961E-07
 4  1  19  4  0.6956E-07
 4  1  19  4  0.6960E-07
 4  1  19  4  0.6957E-07
 4  1  19  4  0.6957E-07
 4  1  19  4  0.6957E-07
 4  1  20  4  0.6827E-07
 4  1  20  4  0.6806E-07
 4  1  20  4  0.6808E-07
 4  1  20  4  0.6800E-07
 4  1  20  4  0.6808E-07
 4  1  20  4  0.6819E-07
 4  1  20  4  0.6803E-07
 4  1  20  4  0.6805E-07
 4  1  20  4  0.6806E-07
 4  1  20  4  0.6804E-07
