 4  16  3  64  0.4037E-07
 4  16  3  64  0.4028E-07
 4  16  3  64  0.4022E-07
 4  16  3  64  0.4047E-07
 4  16  3  64  0.4029E-07
 4  16  4  64  0.1758E-07
 4  16  4  64  0.1749E-07
 4  16  4  64  0.1749E-07
 4  16  4  64  0.1755E-07
 4  16  4  64  0.1750E-07
 4  16  5  64  0.1220E-07
 4  16  5  64  0.1222E-07
 4  16  5  64  0.1222E-07
 4  16  5  64  0.1210E-07
 4  16  5  64  0.1231E-07
 4  16  6  64  0.8995E-08
 4  16  6  64  0.9018E-08
 4  16  6  64  0.8963E-08
 4  16  6  64  0.8964E-08
 4  16  6  64  0.8975E-08
 4  16  7  64  0.7792E-08
 4  16  7  64  0.7764E-08
 4  16  7  64  0.7779E-08
 4  16  7  64  0.7799E-08
 4  16  7  64  0.7785E-08
 4  16  8  64  0.8088E-08
 4  16  8  64  0.8101E-08
 4  16  8  64  0.8103E-08
 4  16  8  64  0.8106E-08
 4  16  8  64  0.8095E-08
 4  16  9  64  0.8547E-08
 4  16  9  64  0.8536E-08
 4  16  9  64  0.8556E-08
 4  16  9  64  0.8534E-08
 4  16  9  64  0.8528E-08
 4  16  10  64  0.8106E-08
 4  16  10  64  0.8087E-08
 4  16  10  64  0.8093E-08
 4  16  10  64  0.8104E-08
 4  16  10  64  0.8114E-08
 4  16  11  64  0.7754E-08
 4  16  11  64  0.7750E-08
 4  16  11  64  0.7750E-08
 4  16  11  64  0.7748E-08
 4  16  11  64  0.7755E-08
 4  16  12  64  0.6974E-08
 4  16  12  64  0.6973E-08
 4  16  12  64  0.6975E-08
 4  16  12  64  0.6970E-08
 4  16  12  64  0.6994E-08
 4  16  13  64  0.6909E-08
 4  16  13  64  0.6901E-08
 4  16  13  64  0.6944E-08
 4  16  13  64  0.6904E-08
 4  16  13  64  0.6910E-08
 4  16  14  64  0.6472E-08
 4  16  14  64  0.6472E-08
 4  16  14  64  0.6481E-08
 4  16  14  64  0.6471E-08
 4  16  14  64  0.6470E-08
 4  16  15  64  0.6642E-08
 4  16  15  64  0.6644E-08
 4  16  15  64  0.6640E-08
 4  16  15  64  0.6646E-08
 4  16  15  64  0.6638E-08
 4  16  16  64  0.6707E-08
 4  16  16  64  0.6715E-08
 4  16  16  64  0.6703E-08
 4  16  16  64  0.6713E-08
 4  16  16  64  0.6703E-08
 4  16  17  64  0.7298E-08
 4  16  17  64  0.7301E-08
 4  16  17  64  0.7306E-08
 4  16  17  64  0.7300E-08
 4  16  17  64  0.7304E-08
 4  16  18  64  0.7201E-08
 4  16  18  64  0.7199E-08
 4  16  18  64  0.7205E-08
 4  16  18  64  0.7201E-08
 4  16  18  64  0.7200E-08
 4  16  19  64  0.7331E-08
 4  16  19  64  0.7327E-08
 4  16  19  64  0.7330E-08
 4  16  19  64  0.7326E-08
 4  16  19  64  0.7329E-08
 4  16  20  64  0.7372E-08
 4  16  20  64  0.7374E-08
 4  16  20  64  0.7371E-08
 4  16  20  64  0.7371E-08
 4  16  20  64  0.7371E-08
