 4  32  3  128  0.6915E-07
 4  32  3  128  0.1824E-07
 4  32  3  128  0.2247E-07
 4  32  3  128  0.1948E-07
 4  32  3  128  0.1812E-07
 4  32  3  128  0.2044E-07
 4  32  3  128  0.2111E-07
 4  32  3  128  0.2219E-07
 4  32  3  128  0.2083E-07
 4  32  3  128  0.2035E-07
 4  32  4  128  0.4126E-07
 4  32  4  128  0.1079E-07
 4  32  4  128  0.1046E-07
 4  32  4  128  0.9109E-08
 4  32  4  128  0.9362E-08
 4  32  4  128  0.7984E-08
 4  32  4  128  0.9197E-08
 4  32  4  128  0.9109E-08
 4  32  4  128  0.8741E-08
 4  32  4  128  0.8624E-08
 4  32  5  128  0.2925E-07
 4  32  5  128  0.7893E-08
 4  32  5  128  0.8628E-08
 4  32  5  128  0.7729E-08
 4  32  5  128  0.7436E-08
 4  32  5  128  0.7977E-08
 4  32  5  128  0.7441E-08
 4  32  5  128  0.7187E-08
 4  32  5  128  0.7148E-08
 4  32  5  128  0.7421E-08
 4  32  6  128  0.2038E-07
 4  32  6  128  0.5726E-08
 4  32  6  128  0.5594E-08
 4  32  6  128  0.5401E-08
 4  32  6  128  0.5438E-08
 4  32  6  128  0.5473E-08
 4  32  6  128  0.5821E-08
 4  32  6  128  0.5315E-08
 4  32  6  128  0.5355E-08
 4  32  6  128  0.5387E-08
 4  32  7  128  0.1579E-08
 4  32  7  128  0.1509E-08
 4  32  7  128  0.1507E-08
 4  32  7  128  0.1514E-08
 4  32  7  128  0.1528E-08
 4  32  7  128  0.1517E-08
 4  32  7  128  0.1518E-08
 4  32  7  128  0.1521E-08
 4  32  7  128  0.1509E-08
 4  32  7  128  0.1532E-08
 4  32  8  128  0.1447E-08
 4  32  8  128  0.1394E-08
 4  32  8  128  0.1403E-08
 4  32  8  128  0.1410E-08
 4  32  8  128  0.1411E-08
 4  32  8  128  0.1403E-08
 4  32  8  128  0.1400E-08
 4  32  8  128  0.1399E-08
 4  32  8  128  0.1401E-08
 4  32  8  128  0.1404E-08
 4  32  9  128  0.1998E-08
 4  32  9  128  0.1928E-08
 4  32  9  128  0.1926E-08
 4  32  9  128  0.1921E-08
 4  32  9  128  0.1926E-08
 4  32  9  128  0.1922E-08
 4  32  9  128  0.1922E-08
 4  32  9  128  0.1932E-08
 4  32  9  128  0.1927E-08
 4  32  9  128  0.1921E-08
 4  32  10  128  0.2069E-08
 4  32  10  128  0.2016E-08
 4  32  10  128  0.2011E-08
 4  32  10  128  0.2007E-08
 4  32  10  128  0.2012E-08
 4  32  10  128  0.2015E-08
 4  32  10  128  0.2009E-08
 4  32  10  128  0.2018E-08
 4  32  10  128  0.2011E-08
 4  32  10  128  0.2014E-08
 4  32  11  128  0.2153E-08
 4  32  11  128  0.2099E-08
 4  32  11  128  0.2101E-08
 4  32  11  128  0.2099E-08
 4  32  11  128  0.2102E-08
 4  32  11  128  0.2101E-08
 4  32  11  128  0.2098E-08
 4  32  11  128  0.2104E-08
 4  32  11  128  0.2097E-08
 4  32  11  128  0.2104E-08
 4  32  12  128  0.1949E-08
 4  32  12  128  0.1923E-08
 4  32  12  128  0.1920E-08
 4  32  12  128  0.1926E-08
 4  32  12  128  0.1922E-08
 4  32  12  128  0.1916E-08
 4  32  12  128  0.1918E-08
 4  32  12  128  0.1923E-08
 4  32  12  128  0.1924E-08
 4  32  12  128  0.1919E-08
 4  32  13  128  0.2039E-08
 4  32  13  128  0.2021E-08
 4  32  13  128  0.2026E-08
 4  32  13  128  0.2021E-08
 4  32  13  128  0.2019E-08
 4  32  13  128  0.2021E-08
 4  32  13  128  0.2019E-08
 4  32  13  128  0.2021E-08
 4  32  13  128  0.2028E-08
 4  32  13  128  0.2022E-08
 4  32  14  128  0.1927E-08
 4  32  14  128  0.1911E-08
 4  32  14  128  0.1912E-08
 4  32  14  128  0.1907E-08
 4  32  14  128  0.1905E-08
 4  32  14  128  0.1912E-08
 4  32  14  128  0.1914E-08
 4  32  14  128  0.1912E-08
 4  32  14  128  0.1901E-08
 4  32  14  128  0.1911E-08
 4  32  15  128  0.2135E-08
 4  32  15  128  0.2116E-08
 4  32  15  128  0.2114E-08
 4  32  15  128  0.2116E-08
 4  32  15  128  0.2115E-08
 4  32  15  128  0.2118E-08
 4  32  15  128  0.2114E-08
 4  32  15  128  0.2116E-08
 4  32  15  128  0.2115E-08
 4  32  15  128  0.2116E-08
 4  32  16  128  0.2080E-08
 4  32  16  128  0.2069E-08
 4  32  16  128  0.2071E-08
 4  32  16  128  0.2069E-08
 4  32  16  128  0.2069E-08
 4  32  16  128  0.2069E-08
 4  32  16  128  0.2069E-08
 4  32  16  128  0.2069E-08
 4  32  16  128  0.2068E-08
 4  32  16  128  0.2068E-08
 4  32  17  128  0.2544E-08
 4  32  17  128  0.2533E-08
 4  32  17  128  0.2534E-08
 4  32  17  128  0.2532E-08
 4  32  17  128  0.2534E-08
 4  32  17  128  0.2534E-08
 4  32  17  128  0.2535E-08
 4  32  17  128  0.2533E-08
 4  32  17  128  0.2535E-08
 4  32  17  128  0.2532E-08
 4  32  18  128  0.2502E-08
 4  32  18  128  0.2493E-08
 4  32  18  128  0.2492E-08
 4  32  18  128  0.2491E-08
 4  32  18  128  0.2491E-08
 4  32  18  128  0.2492E-08
 4  32  18  128  0.2491E-08
 4  32  18  128  0.2492E-08
 4  32  18  128  0.2492E-08
 4  32  18  128  0.2492E-08
 4  32  19  128  0.2687E-08
 4  32  19  128  0.2681E-08
 4  32  19  128  0.2679E-08
 4  32  19  128  0.2680E-08
 4  32  19  128  0.2679E-08
 4  32  19  128  0.2681E-08
 4  32  19  128  0.2679E-08
 4  32  19  128  0.2680E-08
 4  32  19  128  0.2681E-08
 4  32  19  128  0.2679E-08
 4  32  20  128  0.2623E-08
 4  32  20  128  0.2616E-08
 4  32  20  128  0.2616E-08
 4  32  20  128  0.2615E-08
 4  32  20  128  0.2617E-08
 4  32  20  128  0.2614E-08
 4  32  20  128  0.2616E-08
 4  32  20  128  0.2616E-08
 4  32  20  128  0.2615E-08
 4  32  20  128  0.2615E-08
