 4  512  3  2048  0.9621E-08
 4  512  3  2048  0.6679E-08
 4  512  3  2048  0.7747E-08
 4  512  3  2048  0.4985E-08
 4  512  3  2048  0.6571E-08
 4  512  3  2048  0.6360E-08
 4  512  3  2048  0.6626E-08
 4  512  3  2048  0.6256E-08
 4  512  3  2048  0.6445E-08
 4  512  3  2048  0.6407E-08
 4  512  4  2048  0.1648E-08
 4  512  4  2048  0.1618E-08
 4  512  4  2048  0.1632E-08
 4  512  4  2048  0.1630E-08
 4  512  4  2048  0.1598E-08
 4  512  4  2048  0.1643E-08
 4  512  4  2048  0.1601E-08
 4  512  4  2048  0.1668E-08
 4  512  4  2048  0.1637E-08
 4  512  4  2048  0.1679E-08
 4  512  5  2048  0.9904E-09
 4  512  5  2048  0.9648E-09
 4  512  5  2048  0.9729E-09
 4  512  5  2048  0.9874E-09
 4  512  5  2048  0.9863E-09
 4  512  5  2048  0.9812E-09
 4  512  5  2048  0.9752E-09
 4  512  5  2048  0.9808E-09
 4  512  5  2048  0.9802E-09
 4  512  5  2048  0.9806E-09
 4  512  6  2048  0.6618E-09
 4  512  6  2048  0.6525E-09
 4  512  6  2048  0.6569E-09
 4  512  6  2048  0.6624E-09
 4  512  6  2048  0.6637E-09
 4  512  6  2048  0.6617E-09
 4  512  6  2048  0.6565E-09
 4  512  6  2048  0.6578E-09
 4  512  6  2048  0.6499E-09
 4  512  6  2048  0.6485E-09
 4  512  7  2048  0.5279E-09
 4  512  7  2048  0.5201E-09
 4  512  7  2048  0.5271E-09
 4  512  7  2048  0.5258E-09
 4  512  7  2048  0.5283E-09
 4  512  7  2048  0.5276E-09
 4  512  7  2048  0.5277E-09
 4  512  7  2048  0.5261E-09
 4  512  7  2048  0.5203E-09
 4  512  7  2048  0.5156E-09
 4  512  8  2048  0.4301E-09
 4  512  8  2048  0.4276E-09
 4  512  8  2048  0.4314E-09
 4  512  8  2048  0.4306E-09
 4  512  8  2048  0.4271E-09
 4  512  8  2048  0.4272E-09
 4  512  8  2048  0.4279E-09
 4  512  8  2048  0.4277E-09
 4  512  8  2048  0.4332E-09
 4  512  8  2048  0.4286E-09
 4  512  9  2048  0.3837E-09
 4  512  9  2048  0.3782E-09
 4  512  9  2048  0.3794E-09
 4  512  9  2048  0.3773E-09
 4  512  9  2048  0.3764E-09
 4  512  9  2048  0.3820E-09
 4  512  9  2048  0.3799E-09
 4  512  9  2048  0.3797E-09
 4  512  9  2048  0.3851E-09
 4  512  9  2048  0.3769E-09
 4  512  10  2048  0.3311E-09
 4  512  10  2048  0.3270E-09
 4  512  10  2048  0.3285E-09
 4  512  10  2048  0.3284E-09
 4  512  10  2048  0.3315E-09
 4  512  10  2048  0.3286E-09
 4  512  10  2048  0.3284E-09
 4  512  10  2048  0.3284E-09
 4  512  10  2048  0.3286E-09
 4  512  10  2048  0.3282E-09
 4  512  11  2048  0.2969E-09
 4  512  11  2048  0.2924E-09
 4  512  11  2048  0.2940E-09
 4  512  11  2048  0.2945E-09
 4  512  11  2048  0.2914E-09
 4  512  11  2048  0.2919E-09
 4  512  11  2048  0.2919E-09
 4  512  11  2048  0.2924E-09
 4  512  11  2048  0.2909E-09
 4  512  11  2048  0.2925E-09
 4  512  12  2048  0.2527E-09
 4  512  12  2048  0.2502E-09
 4  512  12  2048  0.2505E-09
 4  512  12  2048  0.2496E-09
 4  512  12  2048  0.2516E-09
 4  512  12  2048  0.2495E-09
 4  512  12  2048  0.2505E-09
 4  512  12  2048  0.2512E-09
 4  512  12  2048  0.2501E-09
 4  512  12  2048  0.2530E-09
 4  512  13  2048  0.2379E-09
 4  512  13  2048  0.2393E-09
 4  512  13  2048  0.2380E-09
 4  512  13  2048  0.2376E-09
 4  512  13  2048  0.2394E-09
 4  512  13  2048  0.2371E-09
 4  512  13  2048  0.2369E-09
 4  512  13  2048  0.2371E-09
 4  512  13  2048  0.2382E-09
 4  512  13  2048  0.2371E-09
 4  512  14  2048  0.2142E-09
 4  512  14  2048  0.2129E-09
 4  512  14  2048  0.2133E-09
 4  512  14  2048  0.2133E-09
 4  512  14  2048  0.2121E-09
 4  512  14  2048  0.2132E-09
 4  512  14  2048  0.2128E-09
 4  512  14  2048  0.2130E-09
 4  512  14  2048  0.2145E-09
 4  512  14  2048  0.2136E-09
 4  512  15  2048  0.2126E-09
 4  512  15  2048  0.2137E-09
 4  512  15  2048  0.2121E-09
 4  512  15  2048  0.2108E-09
 4  512  15  2048  0.2110E-09
 4  512  15  2048  0.2133E-09
 4  512  15  2048  0.2117E-09
 4  512  15  2048  0.2108E-09
 4  512  15  2048  0.2114E-09
 4  512  15  2048  0.2112E-09
 4  512  16  2048  0.1975E-09
 4  512  16  2048  0.1967E-09
 4  512  16  2048  0.1989E-09
 4  512  16  2048  0.1965E-09
 4  512  16  2048  0.1974E-09
 4  512  16  2048  0.1968E-09
 4  512  16  2048  0.1974E-09
 4  512  16  2048  0.1966E-09
 4  512  16  2048  0.1975E-09
 4  512  16  2048  0.1971E-09
 4  512  17  2048  0.2201E-09
 4  512  17  2048  0.2192E-09
 4  512  17  2048  0.2196E-09
 4  512  17  2048  0.2265E-09
 4  512  17  2048  0.2328E-09
 4  512  17  2048  0.2245E-09
 4  512  17  2048  0.2189E-09
 4  512  17  2048  0.2213E-09
 4  512  17  2048  0.2216E-09
 4  512  17  2048  0.2191E-09
 4  512  18  2048  0.2109E-09
 4  512  18  2048  0.2105E-09
 4  512  18  2048  0.2106E-09
 4  512  18  2048  0.2102E-09
 4  512  18  2048  0.2104E-09
 4  512  18  2048  0.2108E-09
 4  512  18  2048  0.2106E-09
 4  512  18  2048  0.2106E-09
 4  512  18  2048  0.2104E-09
 4  512  18  2048  0.2127E-09
 4  512  19  2048  0.2157E-09
 4  512  19  2048  0.2159E-09
 4  512  19  2048  0.2157E-09
 4  512  19  2048  0.2156E-09
 4  512  19  2048  0.2158E-09
 4  512  19  2048  0.2177E-09
 4  512  19  2048  0.2160E-09
 4  512  19  2048  0.2160E-09
 4  512  19  2048  0.2157E-09
 4  512  19  2048  0.2164E-09
 4  512  20  2048  0.2151E-09
 4  512  20  2048  0.2150E-09
 4  512  20  2048  0.2147E-09
 4  512  20  2048  0.2150E-09
 4  512  20  2048  0.2146E-09
 4  512  20  2048  0.2148E-09
 4  512  20  2048  0.2163E-09
 4  512  20  2048  0.2150E-09
 4  512  20  2048  0.2147E-09
 4  512  20  2048  0.2161E-09
