 4  4  3  16  0.5077E-07
 4  4  3  16  0.1790E-06
 4  4  3  16  0.1380E-06
 4  4  3  16  0.1952E-06
 4  4  3  16  0.1597E-06
 4  4  3  16  0.1829E-06
 4  4  3  16  0.1514E-06
 4  4  3  16  0.1737E-06
 4  4  3  16  0.1659E-06
 4  4  3  16  0.1621E-06
 4  4  4  16  0.2865E-07
 4  4  4  16  0.2806E-07
 4  4  4  16  0.8692E-07
 4  4  4  16  0.9569E-07
 4  4  4  16  0.9732E-07
 4  4  4  16  0.9577E-07
 4  4  4  16  0.9274E-07
 4  4  4  16  0.9150E-07
 4  4  4  16  0.9934E-07
 4  4  4  16  0.8948E-07
 4  4  5  16  0.2214E-07
 4  4  5  16  0.2082E-07
 4  4  5  16  0.2113E-07
 4  4  5  16  0.3465E-07
 4  4  5  16  0.4617E-07
 4  4  5  16  0.3799E-07
 4  4  5  16  0.3934E-07
 4  4  5  16  0.2917E-07
 4  4  5  16  0.3831E-07
 4  4  5  16  0.3715E-07
 4  4  6  16  0.1802E-07
 4  4  6  16  0.1660E-07
 4  4  6  16  0.1631E-07
 4  4  6  16  0.1680E-07
 4  4  6  16  0.4638E-07
 4  4  6  16  0.4861E-07
 4  4  6  16  0.4650E-07
 4  4  6  16  0.4523E-07
 4  4  6  16  0.4484E-07
 4  4  6  16  0.4484E-07
 4  4  7  16  0.1785E-07
 4  4  7  16  0.1664E-07
 4  4  7  16  0.1642E-07
 4  4  7  16  0.1640E-07
 4  4  7  16  0.1670E-07
 4  4  7  16  0.3911E-07
 4  4  7  16  0.3882E-07
 4  4  7  16  0.3875E-07
 4  4  7  16  0.3906E-07
 4  4  7  16  0.4111E-07
 4  4  8  16  0.1609E-07
 4  4  8  16  0.1551E-07
 4  4  8  16  0.1566E-07
 4  4  8  16  0.1551E-07
 4  4  8  16  0.1546E-07
 4  4  8  16  0.1549E-07
 4  4  8  16  0.3450E-07
 4  4  8  16  0.3276E-07
 4  4  8  16  0.3227E-07
 4  4  8  16  0.3293E-07
 4  4  9  16  0.1812E-07
 4  4  9  16  0.1782E-07
 4  4  9  16  0.1769E-07
 4  4  9  16  0.1772E-07
 4  4  9  16  0.1769E-07
 4  4  9  16  0.1772E-07
 4  4  9  16  0.1772E-07
 4  4  9  16  0.1771E-07
 4  4  9  16  0.2501E-07
 4  4  9  16  0.2644E-07
 4  4  10  16  0.1803E-07
 4  4  10  16  0.1751E-07
 4  4  10  16  0.1749E-07
 4  4  10  16  0.1744E-07
 4  4  10  16  0.1749E-07
 4  4  10  16  0.1749E-07
 4  4  10  16  0.1744E-07
 4  4  10  16  0.1751E-07
 4  4  10  16  0.1746E-07
 4  4  10  16  0.1761E-07
 4  4  11  16  0.1909E-07
 4  4  11  16  0.1875E-07
 4  4  11  16  0.1876E-07
 4  4  11  16  0.1877E-07
 4  4  11  16  0.1879E-07
 4  4  11  16  0.1875E-07
 4  4  11  16  0.1898E-07
 4  4  11  16  0.1876E-07
 4  4  11  16  0.1881E-07
 4  4  11  16  0.1877E-07
 4  4  12  16  0.1742E-07
 4  4  12  16  0.1712E-07
 4  4  12  16  0.1711E-07
 4  4  12  16  0.1710E-07
 4  4  12  16  0.1715E-07
 4  4  12  16  0.1710E-07
 4  4  12  16  0.1710E-07
 4  4  12  16  0.1716E-07
 4  4  12  16  0.1711E-07
 4  4  12  16  0.1711E-07
 4  4  13  16  0.1715E-07
 4  4  13  16  0.1689E-07
 4  4  13  16  0.1685E-07
 4  4  13  16  0.1686E-07
 4  4  13  16  0.1684E-07
 4  4  13  16  0.1689E-07
 4  4  13  16  0.1687E-07
 4  4  13  16  0.1685E-07
 4  4  13  16  0.1686E-07
 4  4  13  16  0.1686E-07
 4  4  14  16  0.1627E-07
 4  4  14  16  0.1609E-07
 4  4  14  16  0.1605E-07
 4  4  14  16  0.1605E-07
 4  4  14  16  0.1605E-07
 4  4  14  16  0.1607E-07
 4  4  14  16  0.1608E-07
 4  4  14  16  0.1605E-07
 4  4  14  16  0.1607E-07
 4  4  14  16  0.1604E-07
 4  4  15  16  0.1782E-07
 4  4  15  16  0.1772E-07
 4  4  15  16  0.1763E-07
 4  4  15  16  0.1765E-07
 4  4  15  16  0.1764E-07
 4  4  15  16  0.1765E-07
 4  4  15  16  0.1768E-07
 4  4  15  16  0.1765E-07
 4  4  15  16  0.1765E-07
 4  4  15  16  0.1765E-07
 4  4  16  16  0.1747E-07
 4  4  16  16  0.1737E-07
 4  4  16  16  0.1734E-07
 4  4  16  16  0.1732E-07
 4  4  16  16  0.1732E-07
 4  4  16  16  0.1733E-07
 4  4  16  16  0.1733E-07
 4  4  16  16  0.1733E-07
 4  4  16  16  0.1735E-07
 4  4  16  16  0.1735E-07
 4  4  17  16  0.2093E-07
 4  4  17  16  0.2086E-07
 4  4  17  16  0.2084E-07
 4  4  17  16  0.2084E-07
 4  4  17  16  0.2084E-07
 4  4  17  16  0.2085E-07
 4  4  17  16  0.2086E-07
 4  4  17  16  0.2084E-07
 4  4  17  16  0.2086E-07
 4  4  17  16  0.2083E-07
 4  4  18  16  0.2057E-07
 4  4  18  16  0.2050E-07
 4  4  18  16  0.2050E-07
 4  4  18  16  0.2049E-07
 4  4  18  16  0.2050E-07
 4  4  18  16  0.2051E-07
 4  4  18  16  0.2050E-07
 4  4  18  16  0.2050E-07
 4  4  18  16  0.2051E-07
 4  4  18  16  0.2049E-07
 4  4  19  16  0.2201E-07
 4  4  19  16  0.2197E-07
 4  4  19  16  0.2196E-07
 4  4  19  16  0.2196E-07
 4  4  19  16  0.2195E-07
 4  4  19  16  0.2196E-07
 4  4  19  16  0.2195E-07
 4  4  19  16  0.2196E-07
 4  4  19  16  0.2196E-07
 4  4  19  16  0.2195E-07
 4  4  20  16  0.2143E-07
 4  4  20  16  0.2138E-07
 4  4  20  16  0.2136E-07
 4  4  20  16  0.2136E-07
 4  4  20  16  0.2136E-07
 4  4  20  16  0.2137E-07
 4  4  20  16  0.2137E-07
 4  4  20  16  0.2136E-07
 4  4  20  16  0.2138E-07
 4  4  20  16  0.2136E-07
