 4  8192  3  32768  0.1377E-08
 4  8192  3  32768  0.1227E-08
 4  8192  3  32768  0.1295E-08
 4  8192  3  32768  0.1350E-08
 4  8192  3  32768  0.1349E-08
 4  8192  3  32768  0.1283E-08
 4  8192  3  32768  0.1315E-08
 4  8192  3  32768  0.1116E-08
 4  8192  3  32768  0.1075E-08
 4  8192  3  32768  0.1174E-08
 4  8192  4  32768  0.5794E-09
 4  8192  4  32768  0.5084E-09
 4  8192  4  32768  0.4690E-09
 4  8192  4  32768  0.4595E-09
 4  8192  4  32768  0.5054E-09
 4  8192  4  32768  0.4736E-09
 4  8192  4  32768  0.4570E-09
 4  8192  4  32768  0.4830E-09
 4  8192  4  32768  0.4917E-09
 4  8192  4  32768  0.4641E-09
 4  8192  5  32768  0.3138E-09
 4  8192  5  32768  0.2743E-09
 4  8192  5  32768  0.2539E-09
 4  8192  5  32768  0.2611E-09
 4  8192  5  32768  0.2746E-09
 4  8192  5  32768  0.2545E-09
 4  8192  5  32768  0.2575E-09
 4  8192  5  32768  0.2751E-09
 4  8192  5  32768  0.2589E-09
 4  8192  5  32768  0.2584E-09
 4  8192  7  32768  0.1333E-09
 4  8192  7  32768  0.1208E-09
 4  8192  7  32768  0.1261E-09
 4  8192  7  32768  0.1186E-09
 4  8192  7  32768  0.1295E-09
 4  8192  7  32768  0.1192E-09
 4  8192  7  32768  0.1255E-09
 4  8192  7  32768  0.1238E-09
 4  8192  7  32768  0.1211E-09
 4  8192  7  32768  0.1280E-09
