 4  8  3  32  0.1204E-06
 4  8  3  32  0.8950E-07
 4  8  3  32  0.8683E-07
 4  8  3  32  0.1100E-06
 4  8  3  32  0.8913E-07
 4  8  3  32  0.8757E-07
 4  8  3  32  0.8840E-07
 4  8  3  32  0.8646E-07
 4  8  3  32  0.9106E-07
 4  8  3  32  0.8453E-07
 4  8  4  32  0.4001E-07
 4  8  4  32  0.3174E-07
 4  8  4  32  0.3108E-07
 4  8  4  32  0.3190E-07
 4  8  4  32  0.3058E-07
 4  8  4  32  0.3209E-07
 4  8  4  32  0.3205E-07
 4  8  4  32  0.3108E-07
 4  8  4  32  0.3337E-07
 4  8  4  32  0.3093E-07
 4  8  5  32  0.3467E-07
 4  8  5  32  0.2925E-07
 4  8  5  32  0.3167E-07
 4  8  5  32  0.2925E-07
 4  8  5  32  0.2791E-07
 4  8  5  32  0.2909E-07
 4  8  5  32  0.2768E-07
 4  8  5  32  0.2825E-07
 4  8  5  32  0.2791E-07
 4  8  5  32  0.2758E-07
 4  8  6  32  0.2489E-07
 4  8  6  32  0.1592E-07
 4  8  6  32  0.1669E-07
 4  8  6  32  0.1596E-07
 4  8  6  32  0.1683E-07
 4  8  6  32  0.1606E-07
 4  8  6  32  0.1798E-07
 4  8  6  32  0.1615E-07
 4  8  6  32  0.1745E-07
 4  8  6  32  0.1626E-07
 4  8  7  32  0.8531E-08
 4  8  7  32  0.8434E-08
 4  8  7  32  0.8451E-08
 4  8  7  32  0.8448E-08
 4  8  7  32  0.8441E-08
 4  8  7  32  0.8447E-08
 4  8  7  32  0.8458E-08
 4  8  7  32  0.8451E-08
 4  8  7  32  0.8466E-08
 4  8  7  32  0.8452E-08
 4  8  8  32  0.1992E-07
 4  8  8  32  0.1825E-07
 4  8  8  32  0.1768E-07
 4  8  8  32  0.1784E-07
 4  8  8  32  0.1800E-07
 4  8  8  32  0.1766E-07
 4  8  8  32  0.1807E-07
 4  8  8  32  0.1892E-07
 4  8  8  32  0.1899E-07
 4  8  8  32  0.1762E-07
 4  8  9  32  0.1977E-07
 4  8  9  32  0.1685E-07
 4  8  9  32  0.1649E-07
 4  8  9  32  0.1626E-07
 4  8  9  32  0.1773E-07
 4  8  9  32  0.1636E-07
 4  8  9  32  0.1660E-07
 4  8  9  32  0.1707E-07
 4  8  9  32  0.1635E-07
 4  8  9  32  0.1629E-07
 4  8  10  32  0.9215E-08
 4  8  10  32  0.9163E-08
 4  8  10  32  0.9154E-08
 4  8  10  32  0.9153E-08
 4  8  10  32  0.9164E-08
 4  8  10  32  0.9166E-08
 4  8  10  32  0.9195E-08
 4  8  10  32  0.9178E-08
 4  8  10  32  0.9154E-08
 4  8  10  32  0.9168E-08
 4  8  11  32  0.9223E-08
 4  8  11  32  0.9184E-08
 4  8  11  32  0.9194E-08
 4  8  11  32  0.9186E-08
 4  8  11  32  0.9202E-08
 4  8  11  32  0.9185E-08
 4  8  11  32  0.9188E-08
 4  8  11  32  0.9194E-08
 4  8  11  32  0.9188E-08
 4  8  11  32  0.9190E-08
 4  8  12  32  0.8393E-08
 4  8  12  32  0.8357E-08
 4  8  12  32  0.8368E-08
 4  8  12  32  0.8384E-08
 4  8  12  32  0.8365E-08
 4  8  12  32  0.8358E-08
 4  8  12  32  0.8375E-08
 4  8  12  32  0.8359E-08
 4  8  12  32  0.8362E-08
 4  8  12  32  0.8362E-08
 4  8  13  32  0.8648E-08
 4  8  13  32  0.8631E-08
 4  8  13  32  0.8633E-08
 4  8  13  32  0.8635E-08
 4  8  13  32  0.8627E-08
 4  8  13  32  0.8631E-08
 4  8  13  32  0.8639E-08
 4  8  13  32  0.8628E-08
 4  8  13  32  0.8631E-08
 4  8  13  32  0.8636E-08
 4  8  14  32  0.8229E-08
 4  8  14  32  0.8208E-08
 4  8  14  32  0.8212E-08
 4  8  14  32  0.8223E-08
 4  8  14  32  0.8214E-08
 4  8  14  32  0.8212E-08
 4  8  14  32  0.8204E-08
 4  8  14  32  0.8227E-08
 4  8  14  32  0.8220E-08
 4  8  14  32  0.8208E-08
 4  8  15  32  0.9015E-08
 4  8  15  32  0.9009E-08
 4  8  15  32  0.8992E-08
 4  8  15  32  0.8994E-08
 4  8  15  32  0.8997E-08
 4  8  15  32  0.8989E-08
 4  8  15  32  0.8996E-08
 4  8  15  32  0.9004E-08
 4  8  15  32  0.8997E-08
 4  8  15  32  0.8993E-08
 4  8  16  32  0.8829E-08
 4  8  16  32  0.8818E-08
 4  8  16  32  0.8816E-08
 4  8  16  32  0.8826E-08
 4  8  16  32  0.8815E-08
 4  8  16  32  0.8814E-08
 4  8  16  32  0.8815E-08
 4  8  16  32  0.8816E-08
 4  8  16  32  0.8810E-08
 4  8  16  32  0.8818E-08
 4  8  17  32  0.1069E-07
 4  8  17  32  0.1066E-07
 4  8  17  32  0.1067E-07
 4  8  17  32  0.1089E-07
 4  8  17  32  0.1067E-07
 4  8  17  32  0.1066E-07
 4  8  17  32  0.1067E-07
 4  8  17  32  0.1066E-07
 4  8  17  32  0.1067E-07
 4  8  17  32  0.1067E-07
 4  8  18  32  0.1045E-07
 4  8  18  32  0.1045E-07
 4  8  18  32  0.1044E-07
 4  8  18  32  0.1045E-07
 4  8  18  32  0.1045E-07
 4  8  19  32  0.1117E-07
 4  8  19  32  0.1117E-07
 4  8  19  32  0.1117E-07
 4  8  19  32  0.1117E-07
 4  8  19  32  0.1117E-07
 4  8  19  32  0.1117E-07
 4  8  19  32  0.1117E-07
 4  8  19  32  0.1117E-07
 4  8  19  32  0.1117E-07
 4  8  19  32  0.1117E-07
 4  8  20  32  0.1092E-07
 4  8  20  32  0.1092E-07
 4  8  20  32  0.1092E-07
 4  8  20  32  0.1092E-07
 4  8  20  32  0.1092E-07
 4  8  20  32  0.1092E-07
 4  8  20  32  0.1092E-07
 4  8  20  32  0.1092E-07
 4  8  20  32  0.1092E-07
 4  8  20  32  0.1092E-07
