 4  4  3  16  0.5695E-07
 4  4  3  16  0.5675E-07
 4  4  3  16  0.5623E-07
 4  4  3  16  0.5590E-07
 4  4  3  16  0.5556E-07
 4  4  3  16  0.5549E-07
 4  4  3  16  0.5549E-07
 4  4  3  16  0.5591E-07
 4  4  3  16  0.5527E-07
 4  4  3  16  0.5553E-07
 4  4  4  16  0.3995E-07
 4  4  4  16  0.3935E-07
 4  4  4  16  0.3920E-07
 4  4  4  16  0.3927E-07
 4  4  4  16  0.3909E-07
 4  4  4  16  0.3908E-07
 4  4  4  16  0.3896E-07
 4  4  4  16  0.3901E-07
 4  4  4  16  0.3899E-07
 4  4  4  16  0.3894E-07
 4  4  5  16  0.2753E-07
 4  4  5  16  0.2686E-07
 4  4  5  16  0.2679E-07
 4  4  5  16  0.2669E-07
 4  4  5  16  0.2672E-07
 4  4  5  16  0.2671E-07
 4  4  5  16  0.2671E-07
 4  4  5  16  0.2668E-07
 4  4  5  16  0.2662E-07
 4  4  5  16  0.2665E-07
 4  4  6  16  0.2000E-07
 4  4  6  16  0.1961E-07
 4  4  6  16  0.1970E-07
 4  4  6  16  0.1965E-07
 4  4  6  16  0.1957E-07
 4  4  6  16  0.1948E-07
 4  4  6  16  0.1958E-07
 4  4  6  16  0.1949E-07
 4  4  6  16  0.1948E-07
 4  4  6  16  0.1946E-07
 4  4  7  16  0.1801E-07
 4  4  7  16  0.1750E-07
 4  4  7  16  0.1751E-07
 4  4  7  16  0.1748E-07
 4  4  7  16  0.1757E-07
 4  4  7  16  0.1753E-07
 4  4  7  16  0.1750E-07
 4  4  7  16  0.1748E-07
 4  4  7  16  0.1758E-07
 4  4  7  16  0.1753E-07
 4  4  8  16  0.1677E-07
 4  4  8  16  0.1630E-07
 4  4  8  16  0.1627E-07
 4  4  8  16  0.1625E-07
 4  4  8  16  0.1628E-07
 4  4  8  16  0.1622E-07
 4  4  8  16  0.1620E-07
 4  4  8  16  0.1622E-07
 4  4  8  16  0.1618E-07
 4  4  8  16  0.1628E-07
 4  4  9  16  0.2037E-07
 4  4  9  16  0.1990E-07
 4  4  9  16  0.1985E-07
 4  4  9  16  0.1993E-07
 4  4  9  16  0.1989E-07
 4  4  9  16  0.2001E-07
 4  4  9  16  0.1984E-07
 4  4  9  16  0.1989E-07
 4  4  9  16  0.1986E-07
 4  4  9  16  0.1983E-07
 4  4  10  16  0.2128E-07
 4  4  10  16  0.2111E-07
 4  4  10  16  0.2112E-07
 4  4  10  16  0.2113E-07
 4  4  10  16  0.2112E-07
 4  4  10  16  0.2116E-07
 4  4  10  16  0.2113E-07
 4  4  10  16  0.2108E-07
 4  4  10  16  0.2112E-07
 4  4  10  16  0.2110E-07
 4  4  11  16  0.2322E-07
 4  4  11  16  0.2309E-07
 4  4  11  16  0.2308E-07
 4  4  11  16  0.2309E-07
 4  4  11  16  0.2313E-07
 4  4  11  16  0.2308E-07
 4  4  11  16  0.2309E-07
 4  4  11  16  0.2309E-07
 4  4  11  16  0.2310E-07
 4  4  11  16  0.2306E-07
 4  4  12  16  0.2128E-07
 4  4  12  16  0.2116E-07
 4  4  12  16  0.2122E-07
 4  4  12  16  0.2119E-07
 4  4  12  16  0.2120E-07
 4  4  12  16  0.2117E-07
 4  4  12  16  0.2121E-07
 4  4  12  16  0.2117E-07
 4  4  12  16  0.2120E-07
 4  4  12  16  0.2123E-07
 4  4  13  16  0.2147E-07
 4  4  13  16  0.2136E-07
 4  4  13  16  0.2137E-07
 4  4  13  16  0.2136E-07
 4  4  13  16  0.2135E-07
 4  4  13  16  0.2141E-07
 4  4  13  16  0.2135E-07
 4  4  13  16  0.2137E-07
 4  4  13  16  0.2135E-07
 4  4  13  16  0.2139E-07
 4  4  14  16  0.2053E-07
 4  4  14  16  0.2051E-07
 4  4  14  16  0.2048E-07
 4  4  14  16  0.2054E-07
 4  4  14  16  0.2051E-07
 4  4  14  16  0.2049E-07
 4  4  14  16  0.2049E-07
 4  4  14  16  0.2048E-07
 4  4  14  16  0.2052E-07
 4  4  14  16  0.2049E-07
 4  4  15  16  0.2129E-07
 4  4  15  16  0.2126E-07
 4  4  15  16  0.2127E-07
 4  4  15  16  0.2125E-07
 4  4  15  16  0.2126E-07
 4  4  15  16  0.2126E-07
 4  4  15  16  0.2125E-07
 4  4  15  16  0.2126E-07
 4  4  15  16  0.2125E-07
 4  4  15  16  0.2126E-07
 4  4  16  16  0.2123E-07
 4  4  16  16  0.2117E-07
 4  4  16  16  0.2118E-07
 4  4  16  16  0.2119E-07
 4  4  16  16  0.2118E-07
 4  4  16  16  0.2117E-07
 4  4  16  16  0.2119E-07
 4  4  16  16  0.2117E-07
 4  4  16  16  0.2117E-07
 4  4  16  16  0.2118E-07
 4  4  17  16  0.2500E-07
 4  4  17  16  0.2498E-07
 4  4  17  16  0.2498E-07
 4  4  17  16  0.2498E-07
 4  4  17  16  0.2497E-07
 4  4  17  16  0.2497E-07
 4  4  17  16  0.2499E-07
 4  4  17  16  0.2498E-07
 4  4  17  16  0.2498E-07
 4  4  17  16  0.2497E-07
 4  4  18  16  0.2456E-07
 4  4  18  16  0.2458E-07
 4  4  18  16  0.2455E-07
 4  4  18  16  0.2456E-07
 4  4  18  16  0.2456E-07
 4  4  18  16  0.2455E-07
 4  4  18  16  0.2455E-07
 4  4  18  16  0.2456E-07
 4  4  18  16  0.2455E-07
 4  4  18  16  0.2456E-07
 4  4  19  16  0.2620E-07
 4  4  19  16  0.2619E-07
 4  4  19  16  0.2619E-07
 4  4  19  16  0.2618E-07
 4  4  19  16  0.2619E-07
 4  4  19  16  0.2619E-07
 4  4  19  16  0.2618E-07
 4  4  19  16  0.2619E-07
 4  4  19  16  0.2619E-07
 4  4  19  16  0.2619E-07
 4  4  20  16  0.2669E-07
 4  4  20  16  0.2666E-07
 4  4  20  16  0.2666E-07
 4  4  20  16  0.2665E-07
 4  4  20  16  0.2665E-07
 4  4  20  16  0.2667E-07
 4  4  20  16  0.2667E-07
 4  4  20  16  0.2666E-07
 4  4  20  16  0.2667E-07
 4  4  20  16  0.2666E-07
