 4  256  3  1024  0.1689E-07
 4  256  3  1024  0.9055E-08
 4  256  3  1024  0.9141E-08
 4  256  3  1024  0.9029E-08
 4  256  3  1024  0.8715E-08
 4  256  3  1024  0.8077E-08
 4  256  3  1024  0.8873E-08
 4  256  3  1024  0.8908E-08
 4  256  3  1024  0.8353E-08
 4  256  3  1024  0.8658E-08
 4  256  4  1024  0.6393E-08
 4  256  4  1024  0.4242E-08
 4  256  4  1024  0.4638E-08
 4  256  4  1024  0.4435E-08
 4  256  4  1024  0.4339E-08
 4  256  4  1024  0.4232E-08
 4  256  4  1024  0.5473E-08
 4  256  4  1024  0.4262E-08
 4  256  4  1024  0.4323E-08
 4  256  4  1024  0.4242E-08
 4  256  5  1024  0.1277E-08
 4  256  5  1024  0.1225E-08
 4  256  5  1024  0.1255E-08
 4  256  5  1024  0.1255E-08
 4  256  5  1024  0.1230E-08
 4  256  5  1024  0.1229E-08
 4  256  5  1024  0.1221E-08
 4  256  5  1024  0.1221E-08
 4  256  5  1024  0.1233E-08
 4  256  5  1024  0.1227E-08
 4  256  6  1024  0.9366E-09
 4  256  6  1024  0.9196E-09
 4  256  6  1024  0.9145E-09
 4  256  6  1024  0.9194E-09
 4  256  6  1024  0.9155E-09
 4  256  6  1024  0.9114E-09
 4  256  6  1024  0.9063E-09
 4  256  6  1024  0.9149E-09
 4  256  6  1024  0.9120E-09
 4  256  6  1024  0.9080E-09
 4  256  7  1024  0.8110E-09
 4  256  7  1024  0.7935E-09
 4  256  7  1024  0.7896E-09
 4  256  7  1024  0.7902E-09
 4  256  7  1024  0.7968E-09
 4  256  7  1024  0.7973E-09
 4  256  7  1024  0.7975E-09
 4  256  7  1024  0.7957E-09
 4  256  7  1024  0.7882E-09
 4  256  7  1024  0.7890E-09
 4  256  8  1024  0.6754E-09
 4  256  8  1024  0.6658E-09
 4  256  8  1024  0.6689E-09
 4  256  8  1024  0.6692E-09
 4  256  8  1024  0.6742E-09
 4  256  8  1024  0.6722E-09
 4  256  8  1024  0.6664E-09
 4  256  8  1024  0.6634E-09
 4  256  8  1024  0.6652E-09
 4  256  8  1024  0.6680E-09
 4  256  9  1024  0.5982E-09
 4  256  9  1024  0.5822E-09
 4  256  9  1024  0.5826E-09
 4  256  9  1024  0.5879E-09
 4  256  9  1024  0.5893E-09
 4  256  9  1024  0.5835E-09
 4  256  9  1024  0.5831E-09
 4  256  9  1024  0.5870E-09
 4  256  9  1024  0.5919E-09
 4  256  9  1024  0.5822E-09
 4  256  10  1024  0.5174E-09
 4  256  10  1024  0.5106E-09
 4  256  10  1024  0.5094E-09
 4  256  10  1024  0.5120E-09
 4  256  10  1024  0.5113E-09
 4  256  10  1024  0.5119E-09
 4  256  10  1024  0.5127E-09
 4  256  10  1024  0.5147E-09
 4  256  10  1024  0.5099E-09
 4  256  10  1024  0.5120E-09
 4  256  11  1024  0.4740E-09
 4  256  11  1024  0.4697E-09
 4  256  11  1024  0.4710E-09
 4  256  11  1024  0.4733E-09
 4  256  11  1024  0.4707E-09
 4  256  11  1024  0.4682E-09
 4  256  11  1024  0.4705E-09
 4  256  11  1024  0.4680E-09
 4  256  11  1024  0.4684E-09
 4  256  11  1024  0.4674E-09
 4  256  12  1024  0.4015E-09
 4  256  12  1024  0.4030E-09
 4  256  12  1024  0.4019E-09
 4  256  12  1024  0.4022E-09
 4  256  12  1024  0.4004E-09
 4  256  12  1024  0.4016E-09
 4  256  12  1024  0.4029E-09
 4  256  12  1024  0.4004E-09
 4  256  12  1024  0.4020E-09
 4  256  12  1024  0.4006E-09
 4  256  13  1024  0.3917E-09
 4  256  13  1024  0.3903E-09
 4  256  13  1024  0.3909E-09
 4  256  13  1024  0.3898E-09
 4  256  13  1024  0.3907E-09
 4  256  13  1024  0.3922E-09
 4  256  13  1024  0.3901E-09
 4  256  13  1024  0.3899E-09
 4  256  13  1024  0.3925E-09
 4  256  13  1024  0.3900E-09
 4  256  14  1024  0.3577E-09
 4  256  14  1024  0.3550E-09
 4  256  14  1024  0.3546E-09
 4  256  14  1024  0.3571E-09
 4  256  14  1024  0.3553E-09
 4  256  14  1024  0.3547E-09
 4  256  14  1024  0.3566E-09
 4  256  14  1024  0.3568E-09
 4  256  14  1024  0.3560E-09
 4  256  14  1024  0.3559E-09
 4  256  15  1024  0.3653E-09
 4  256  15  1024  0.3654E-09
 4  256  15  1024  0.3640E-09
 4  256  15  1024  0.3646E-09
 4  256  15  1024  0.3640E-09
 4  256  15  1024  0.3698E-09
 4  256  15  1024  0.3657E-09
 4  256  15  1024  0.3654E-09
 4  256  15  1024  0.3640E-09
 4  256  15  1024  0.3657E-09
 4  256  16  1024  0.3461E-09
 4  256  16  1024  0.3446E-09
 4  256  16  1024  0.3447E-09
 4  256  16  1024  0.3439E-09
 4  256  16  1024  0.3447E-09
 4  256  16  1024  0.3439E-09
 4  256  16  1024  0.3447E-09
 4  256  16  1024  0.3446E-09
 4  256  16  1024  0.3452E-09
 4  256  16  1024  0.3442E-09
 4  256  17  1024  0.3950E-09
 4  256  17  1024  0.3892E-09
 4  256  17  1024  0.3893E-09
 4  256  17  1024  0.3933E-09
 4  256  17  1024  0.3896E-09
 4  256  17  1024  0.3882E-09
 4  256  17  1024  0.3895E-09
 4  256  17  1024  0.3895E-09
 4  256  17  1024  0.3894E-09
 4  256  17  1024  0.3893E-09
 4  256  18  1024  0.3758E-09
 4  256  18  1024  0.3749E-09
 4  256  18  1024  0.3749E-09
 4  256  18  1024  0.3748E-09
 4  256  18  1024  0.3802E-09
 4  256  18  1024  0.3798E-09
 4  256  18  1024  0.3751E-09
 4  256  18  1024  0.3803E-09
 4  256  18  1024  0.3755E-09
 4  256  18  1024  0.3743E-09
 4  256  19  1024  0.3926E-09
 4  256  19  1024  0.3925E-09
 4  256  19  1024  0.3924E-09
 4  256  19  1024  0.3920E-09
 4  256  19  1024  0.3928E-09
 4  256  19  1024  0.3954E-09
 4  256  19  1024  0.3937E-09
 4  256  19  1024  0.3927E-09
 4  256  19  1024  0.3960E-09
 4  256  19  1024  0.3923E-09
 4  256  20  1024  0.3802E-09
 4  256  20  1024  0.3798E-09
 4  256  20  1024  0.3796E-09
 4  256  20  1024  0.3796E-09
 4  256  20  1024  0.3794E-09
 4  256  20  1024  0.3800E-09
 4  256  20  1024  0.3795E-09
 4  256  20  1024  0.3802E-09
 4  256  20  1024  0.3797E-09
 4  256  20  1024  0.3797E-09
