 4  4  3  16  0.1147E-06
 4  4  3  16  0.1144E-06
 4  4  3  16  0.1144E-06
 4  4  3  16  0.1188E-06
 4  4  3  16  0.1154E-06
 4  4  4  16  0.6136E-07
 4  4  4  16  0.6202E-07
 4  4  4  16  0.6143E-07
 4  4  4  16  0.6124E-07
 4  4  4  16  0.6167E-07
 4  4  5  16  0.4316E-07
 4  4  5  16  0.4304E-07
 4  4  5  16  0.4309E-07
 4  4  5  16  0.4305E-07
 4  4  5  16  0.4306E-07
 4  4  6  16  0.3157E-07
 4  4  6  16  0.3137E-07
 4  4  6  16  0.3134E-07
 4  4  6  16  0.3135E-07
 4  4  6  16  0.3133E-07
 4  4  7  16  0.2641E-07
 4  4  7  16  0.2659E-07
 4  4  7  16  0.2641E-07
 4  4  7  16  0.2640E-07
 4  4  7  16  0.2657E-07
 4  4  8  16  0.2764E-07
 4  4  8  16  0.2758E-07
 4  4  8  16  0.2755E-07
 4  4  8  16  0.2758E-07
 4  4  8  16  0.2764E-07
 4  4  9  16  0.2907E-07
 4  4  9  16  0.2902E-07
 4  4  9  16  0.2905E-07
 4  4  9  16  0.2902E-07
 4  4  9  16  0.2900E-07
 4  4  10  16  0.2996E-07
 4  4  10  16  0.2989E-07
 4  4  10  16  0.2994E-07
 4  4  10  16  0.2988E-07
 4  4  10  16  0.2992E-07
 4  4  11  16  0.2927E-07
 4  4  11  16  0.2925E-07
 4  4  11  16  0.2926E-07
 4  4  11  16  0.2923E-07
 4  4  11  16  0.2923E-07
 4  4  12  16  0.2536E-07
 4  4  12  16  0.2539E-07
 4  4  12  16  0.2534E-07
 4  4  12  16  0.2537E-07
 4  4  12  16  0.2538E-07
 4  4  13  16  0.2547E-07
 4  4  13  16  0.2545E-07
 4  4  13  16  0.2546E-07
 4  4  13  16  0.2547E-07
 4  4  13  16  0.2546E-07
 4  4  14  16  0.2406E-07
 4  4  14  16  0.2405E-07
 4  4  14  16  0.2407E-07
 4  4  14  16  0.2408E-07
 4  4  14  16  0.2406E-07
 4  4  15  16  0.2475E-07
 4  4  15  16  0.2477E-07
 4  4  15  16  0.2479E-07
 4  4  15  16  0.2477E-07
 4  4  15  16  0.2475E-07
 4  4  16  16  0.2500E-07
 4  4  16  16  0.2498E-07
 4  4  16  16  0.2500E-07
 4  4  16  16  0.2498E-07
 4  4  16  16  0.2500E-07
 4  4  17  16  0.2758E-07
 4  4  17  16  0.2756E-07
 4  4  17  16  0.2758E-07
 4  4  17  16  0.2756E-07
 4  4  17  16  0.2757E-07
 4  4  18  16  0.2722E-07
 4  4  18  16  0.2723E-07
 4  4  18  16  0.2722E-07
 4  4  18  16  0.2724E-07
 4  4  18  16  0.2724E-07
 4  4  19  16  0.2847E-07
 4  4  19  16  0.2847E-07
 4  4  19  16  0.2847E-07
 4  4  19  16  0.2849E-07
 4  4  19  16  0.2848E-07
 4  4  20  16  0.2735E-07
 4  4  20  16  0.2735E-07
 4  4  20  16  0.2735E-07
 4  4  20  16  0.2736E-07
 4  4  20  16  0.2737E-07
