 4  1024  3  4096  0.5712E-08
 4  1024  3  4096  0.5192E-08
 4  1024  3  4096  0.5185E-08
 4  1024  3  4096  0.5256E-08
 4  1024  3  4096  0.5232E-08
 4  1024  3  4096  0.5206E-08
 4  1024  3  4096  0.5202E-08
 4  1024  3  4096  0.5164E-08
 4  1024  3  4096  0.5140E-08
 4  1024  3  4096  0.5282E-08
 4  1024  4  4096  0.2474E-08
 4  1024  4  4096  0.2267E-08
 4  1024  4  4096  0.2267E-08
 4  1024  4  4096  0.2255E-08
 4  1024  4  4096  0.2261E-08
 4  1024  4  4096  0.2251E-08
 4  1024  4  4096  0.2240E-08
 4  1024  4  4096  0.2237E-08
 4  1024  4  4096  0.2270E-08
 4  1024  4  4096  0.2238E-08
 4  1024  5  4096  0.1355E-08
 4  1024  5  4096  0.1240E-08
 4  1024  5  4096  0.1228E-08
 4  1024  5  4096  0.1223E-08
 4  1024  5  4096  0.1211E-08
 4  1024  5  4096  0.1239E-08
 4  1024  5  4096  0.1228E-08
 4  1024  5  4096  0.1224E-08
 4  1024  5  4096  0.1222E-08
 4  1024  5  4096  0.1263E-08
 4  1024  6  4096  0.8497E-09
 4  1024  6  4096  0.7722E-09
 4  1024  6  4096  0.7752E-09
 4  1024  6  4096  0.7748E-09
 4  1024  6  4096  0.7739E-09
 4  1024  6  4096  0.7715E-09
 4  1024  6  4096  0.7775E-09
 4  1024  6  4096  0.7757E-09
 4  1024  6  4096  0.7711E-09
 4  1024  6  4096  0.7689E-09
 4  1024  8  4096  0.4828E-09
 4  1024  8  4096  0.4593E-09
 4  1024  8  4096  0.4613E-09
 4  1024  8  4096  0.4594E-09
 4  1024  8  4096  0.4610E-09
 4  1024  8  4096  0.4595E-09
 4  1024  8  4096  0.4604E-09
 4  1024  8  4096  0.4619E-09
 4  1024  8  4096  0.4637E-09
 4  1024  8  4096  0.4589E-09
 4  1024  9  4096  0.4191E-09
 4  1024  9  4096  0.4063E-09
 4  1024  9  4096  0.4072E-09
 4  1024  9  4096  0.4056E-09
 4  1024  9  4096  0.4076E-09
 4  1024  9  4096  0.4085E-09
 4  1024  9  4096  0.4067E-09
 4  1024  9  4096  0.4074E-09
 4  1024  9  4096  0.4070E-09
 4  1024  9  4096  0.4057E-09
 4  1024  10  4096  0.3554E-09
 4  1024  10  4096  0.3420E-09
 4  1024  10  4096  0.3415E-09
 4  1024  10  4096  0.3411E-09
 4  1024  10  4096  0.3438E-09
 4  1024  10  4096  0.3423E-09
 4  1024  10  4096  0.3424E-09
 4  1024  10  4096  0.3427E-09
 4  1024  10  4096  0.3412E-09
 4  1024  10  4096  0.3409E-09
 4  1024  11  4096  0.3036E-09
 4  1024  11  4096  0.2918E-09
 4  1024  11  4096  0.2958E-09
 4  1024  11  4096  0.2894E-09
 4  1024  11  4096  0.2958E-09
 4  1024  11  4096  0.2911E-09
 4  1024  11  4096  0.2961E-09
 4  1024  11  4096  0.2917E-09
 4  1024  11  4096  0.2952E-09
 4  1024  11  4096  0.2914E-09
 4  1024  12  4096  0.2539E-09
 4  1024  12  4096  0.2470E-09
 4  1024  12  4096  0.2508E-09
 4  1024  12  4096  0.2483E-09
 4  1024  12  4096  0.2489E-09
 4  1024  12  4096  0.2476E-09
 4  1024  12  4096  0.2485E-09
 4  1024  12  4096  0.2478E-09
 4  1024  12  4096  0.2463E-09
 4  1024  12  4096  0.2496E-09
 4  1024  13  4096  0.2248E-09
 4  1024  13  4096  0.2199E-09
 4  1024  13  4096  0.2198E-09
 4  1024  13  4096  0.2207E-09
 4  1024  13  4096  0.2222E-09
 4  1024  13  4096  0.2193E-09
 4  1024  13  4096  0.2201E-09
 4  1024  13  4096  0.2205E-09
 4  1024  13  4096  0.2210E-09
 4  1024  13  4096  0.2214E-09
 4  1024  14  4096  0.1943E-09
 4  1024  14  4096  0.1903E-09
 4  1024  14  4096  0.1890E-09
 4  1024  14  4096  0.1912E-09
 4  1024  14  4096  0.1894E-09
 4  1024  14  4096  0.1885E-09
 4  1024  14  4096  0.1904E-09
 4  1024  14  4096  0.1890E-09
 4  1024  14  4096  0.1896E-09
 4  1024  14  4096  0.1906E-09
 4  1024  15  4096  0.1800E-09
 4  1024  15  4096  0.1774E-09
 4  1024  15  4096  0.1773E-09
 4  1024  15  4096  0.1751E-09
 4  1024  15  4096  0.1767E-09
 4  1024  15  4096  0.1774E-09
 4  1024  15  4096  0.1760E-09
 4  1024  15  4096  0.1754E-09
 4  1024  15  4096  0.1768E-09
 4  1024  15  4096  0.1770E-09
 4  1024  16  4096  0.1634E-09
 4  1024  16  4096  0.1607E-09
 4  1024  16  4096  0.1610E-09
 4  1024  16  4096  0.1604E-09
 4  1024  16  4096  0.1607E-09
 4  1024  16  4096  0.1612E-09
 4  1024  16  4096  0.1610E-09
 4  1024  16  4096  0.1606E-09
 4  1024  16  4096  0.1607E-09
 4  1024  16  4096  0.1605E-09
 4  1024  17  4096  0.1649E-09
 4  1024  17  4096  0.1641E-09
 4  1024  17  4096  0.1637E-09
 4  1024  17  4096  0.1640E-09
 4  1024  17  4096  0.1638E-09
 4  1024  17  4096  0.1638E-09
 4  1024  17  4096  0.1634E-09
 4  1024  17  4096  0.1638E-09
 4  1024  17  4096  0.1639E-09
 4  1024  17  4096  0.1631E-09
 4  1024  18  4096  0.1552E-09
 4  1024  18  4096  0.1539E-09
 4  1024  18  4096  0.1537E-09
 4  1024  18  4096  0.1538E-09
 4  1024  18  4096  0.1536E-09
 4  1024  18  4096  0.1530E-09
 4  1024  18  4096  0.1529E-09
 4  1024  18  4096  0.1539E-09
 4  1024  18  4096  0.1533E-09
 4  1024  18  4096  0.1531E-09
 4  1024  19  4096  0.1501E-09
 4  1024  19  4096  0.1491E-09
 4  1024  19  4096  0.1485E-09
 4  1024  19  4096  0.1480E-09
 4  1024  19  4096  0.1478E-09
 4  1024  19  4096  0.1484E-09
 4  1024  19  4096  0.1484E-09
 4  1024  19  4096  0.1485E-09
 4  1024  19  4096  0.1490E-09
 4  1024  19  4096  0.1493E-09
 4  1024  20  4096  0.1408E-09
 4  1024  20  4096  0.1398E-09
 4  1024  20  4096  0.1398E-09
 4  1024  20  4096  0.1395E-09
 4  1024  20  4096  0.1394E-09
 4  1024  20  4096  0.1387E-09
 4  1024  20  4096  0.1389E-09
 4  1024  20  4096  0.1390E-09
 4  1024  20  4096  0.1399E-09
 4  1024  20  4096  0.1395E-09
