 4  4  3  16  0.2020E-06
 4  4  3  16  0.1520E-06
 4  4  3  16  0.1488E-06
 4  4  3  16  0.1413E-06
 4  4  3  16  0.1411E-06
 4  4  3  16  0.1428E-06
 4  4  3  16  0.1428E-06
 4  4  3  16  0.1435E-06
 4  4  3  16  0.1418E-06
 4  4  3  16  0.1418E-06
 4  4  4  16  0.9476E-07
 4  4  4  16  0.8103E-07
 4  4  4  16  0.9119E-07
 4  4  4  16  0.8071E-07
 4  4  4  16  0.7745E-07
 4  4  4  16  0.7908E-07
 4  4  4  16  0.7714E-07
 4  4  4  16  0.7520E-07
 4  4  4  16  0.7559E-07
 4  4  4  16  0.7458E-07
 4  4  5  16  0.4919E-07
 4  4  5  16  0.3731E-07
 4  4  5  16  0.2698E-07
 4  4  5  16  0.3465E-07
 4  4  5  16  0.7133E-07
 4  4  5  16  0.3950E-07
 4  4  5  16  0.3584E-07
 4  4  5  16  0.3517E-07
 4  4  5  16  0.4486E-07
 4  4  5  16  0.3469E-07
 4  4  6  16  0.4677E-07
 4  4  6  16  0.4100E-07
 4  4  6  16  0.4013E-07
 4  4  6  16  0.4535E-07
 4  4  6  16  0.4004E-07
 4  4  6  16  0.3962E-07
 4  4  6  16  0.3859E-07
 4  4  6  16  0.3916E-07
 4  4  6  16  0.3935E-07
 4  4  6  16  0.3840E-07
 4  4  7  16  0.4731E-07
 4  4  7  16  0.3664E-07
 4  4  7  16  0.3742E-07
 4  4  7  16  0.3651E-07
 4  4  7  16  0.3620E-07
 4  4  7  16  0.3919E-07
 4  4  7  16  0.3681E-07
 4  4  7  16  0.3704E-07
 4  4  7  16  0.3668E-07
 4  4  7  16  0.3633E-07
 4  4  8  16  0.3459E-07
 4  4  8  16  0.3028E-07
 4  4  8  16  0.2978E-07
 4  4  8  16  0.3003E-07
 4  4  8  16  0.3043E-07
 4  4  8  16  0.2987E-07
 4  4  8  16  0.3234E-07
 4  4  8  16  0.2979E-07
 4  4  8  16  0.2949E-07
 4  4  8  16  0.3015E-07
 4  4  9  16  0.2989E-07
 4  4  9  16  0.2390E-07
 4  4  9  16  0.2403E-07
 4  4  9  16  0.2498E-07
 4  4  9  16  0.2407E-07
 4  4  9  16  0.2403E-07
 4  4  9  16  0.2424E-07
 4  4  9  16  0.2409E-07
 4  4  9  16  0.2443E-07
 4  4  9  16  0.2389E-07
 4  4  10  16  0.3777E-07
 4  4  10  16  0.3275E-07
 4  4  10  16  0.3292E-07
 4  4  10  16  0.3292E-07
 4  4  10  16  0.3354E-07
 4  4  10  16  0.3279E-07
 4  4  10  16  0.3373E-07
 4  4  10  16  0.3271E-07
 4  4  10  16  0.3406E-07
 4  4  10  16  0.3260E-07
 4  4  11  16  0.3253E-07
 4  4  11  16  0.2988E-07
 4  4  11  16  0.2938E-07
 4  4  11  16  0.2979E-07
 4  4  11  16  0.3018E-07
 4  4  11  16  0.2941E-07
 4  4  11  16  0.3018E-07
 4  4  11  16  0.2949E-07
 4  4  11  16  0.3034E-07
 4  4  11  16  0.2934E-07
 4  4  12  16  0.2432E-07
 4  4  12  16  0.2223E-07
 4  4  12  16  0.2279E-07
 4  4  12  16  0.2226E-07
 4  4  12  16  0.2294E-07
 4  4  12  16  0.2212E-07
 4  4  12  16  0.2269E-07
 4  4  12  16  0.2218E-07
 4  4  12  16  0.2304E-07
 4  4  12  16  0.2223E-07
 4  4  13  16  0.1629E-07
 4  4  13  16  0.1626E-07
 4  4  13  16  0.1626E-07
 4  4  13  16  0.1626E-07
 4  4  13  16  0.1625E-07
 4  4  13  16  0.1630E-07
 4  4  13  16  0.1625E-07
 4  4  13  16  0.1627E-07
 4  4  13  16  0.1627E-07
 4  4  13  16  0.1626E-07
 4  4  14  16  0.1549E-07
 4  4  14  16  0.1549E-07
 4  4  14  16  0.1549E-07
 4  4  14  16  0.1548E-07
 4  4  14  16  0.1548E-07
 4  4  14  16  0.1548E-07
 4  4  14  16  0.1550E-07
 4  4  14  16  0.1547E-07
 4  4  14  16  0.1547E-07
 4  4  14  16  0.1547E-07
 4  4  15  16  0.1708E-07
 4  4  15  16  0.1706E-07
 4  4  15  16  0.1706E-07
 4  4  15  16  0.1706E-07
 4  4  15  16  0.1706E-07
 4  4  15  16  0.1705E-07
 4  4  15  16  0.1706E-07
 4  4  15  16  0.1707E-07
 4  4  15  16  0.1705E-07
 4  4  15  16  0.1707E-07
 4  4  16  16  0.1678E-07
 4  4  16  16  0.1676E-07
 4  4  16  16  0.1678E-07
 4  4  16  16  0.1678E-07
 4  4  16  16  0.1678E-07
 4  4  16  16  0.1676E-07
 4  4  16  16  0.1677E-07
 4  4  16  16  0.1676E-07
 4  4  16  16  0.1677E-07
 4  4  16  16  0.1678E-07
 4  4  17  16  0.2043E-07
 4  4  17  16  0.2042E-07
 4  4  17  16  0.2043E-07
 4  4  17  16  0.2042E-07
 4  4  17  16  0.2043E-07
 4  4  17  16  0.2042E-07
 4  4  17  16  0.2042E-07
 4  4  17  16  0.2042E-07
 4  4  17  16  0.2043E-07
 4  4  17  16  0.2042E-07
 4  4  18  16  0.2009E-07
 4  4  18  16  0.2009E-07
 4  4  18  16  0.2008E-07
 4  4  18  16  0.2008E-07
 4  4  18  16  0.2008E-07
 4  4  18  16  0.2008E-07
 4  4  18  16  0.2008E-07
 4  4  18  16  0.2008E-07
 4  4  18  16  0.2008E-07
 4  4  18  16  0.2008E-07
 4  4  19  16  0.2150E-07
 4  4  19  16  0.2148E-07
 4  4  19  16  0.2148E-07
 4  4  19  16  0.2149E-07
 4  4  19  16  0.2149E-07
 4  4  19  16  0.2148E-07
 4  4  19  16  0.2148E-07
 4  4  19  16  0.2149E-07
 4  4  19  16  0.2149E-07
 4  4  19  16  0.2148E-07
 4  4  20  16  0.2100E-07
 4  4  20  16  0.2100E-07
 4  4  20  16  0.2101E-07
 4  4  20  16  0.2100E-07
 4  4  20  16  0.2100E-07
 4  4  20  16  0.2101E-07
 4  4  20  16  0.2100E-07
 4  4  20  16  0.2101E-07
 4  4  20  16  0.2100E-07
 4  4  20  16  0.2101E-07
