 4  2  3  8  0.2576E-06
 4  2  3  8  0.1943E-06
 4  2  3  8  0.1865E-06
 4  2  3  8  0.1851E-06
 4  2  3  8  0.1803E-06
 4  2  3  8  0.1788E-06
 4  2  3  8  0.2068E-06
 4  2  3  8  0.1899E-06
 4  2  3  8  0.1788E-06
 4  2  3  8  0.1773E-06
 4  2  4  8  0.1895E-06
 4  2  4  8  0.1133E-06
 4  2  4  8  0.1315E-06
 4  2  4  8  0.1270E-06
 4  2  4  8  0.1068E-06
 4  2  4  8  0.1394E-06
 4  2  4  8  0.1347E-06
 4  2  4  8  0.1251E-06
 4  2  4  8  0.1035E-06
 4  2  4  8  0.1178E-06
 4  2  5  8  0.1033E-06
 4  2  5  8  0.1040E-06
 4  2  5  8  0.9727E-07
 4  2  5  8  0.9672E-07
 4  2  5  8  0.9267E-07
 4  2  5  8  0.9267E-07
 4  2  5  8  0.8901E-07
 4  2  5  8  0.8639E-07
 4  2  5  8  0.8599E-07
 4  2  5  8  0.8734E-07
 4  2  6  8  0.8545E-07
 4  2  6  8  0.7464E-07
 4  2  6  8  0.6981E-07
 4  2  6  8  0.6903E-07
 4  2  6  8  0.7446E-07
 4  2  6  8  0.6195E-07
 4  2  6  8  0.7193E-07
 4  2  6  8  0.6770E-07
 4  2  6  8  0.6866E-07
 4  2  6  8  0.6752E-07
 4  2  7  8  0.5297E-07
 4  2  7  8  0.3898E-07
 4  2  7  8  0.3924E-07
 4  2  7  8  0.4446E-07
 4  2  7  8  0.4286E-07
 4  2  7  8  0.4081E-07
 4  2  7  8  0.3936E-07
 4  2  7  8  0.4092E-07
 4  2  7  8  0.4483E-07
 4  2  7  8  0.4336E-07
 4  2  8  8  0.5582E-07
 4  2  8  8  0.5516E-07
 4  2  8  8  0.5485E-07
 4  2  8  8  0.5518E-07
 4  2  8  8  0.5567E-07
 4  2  8  8  0.5541E-07
 4  2  8  8  0.5508E-07
 4  2  8  8  0.5949E-07
 4  2  8  8  0.5485E-07
 4  2  8  8  0.5167E-07
 4  2  9  8  0.5366E-07
 4  2  9  8  0.4836E-07
 4  2  9  8  0.4858E-07
 4  2  9  8  0.5042E-07
 4  2  9  8  0.4904E-07
 4  2  9  8  0.4853E-07
 4  2  9  8  0.4858E-07
 4  2  9  8  0.5094E-07
 4  2  9  8  0.4933E-07
 4  2  9  8  0.4842E-07
 4  2  10  8  0.5816E-07
 4  2  10  8  0.5258E-07
 4  2  10  8  0.5371E-07
 4  2  10  8  0.5233E-07
 4  2  10  8  0.5334E-07
 4  2  10  8  0.5224E-07
 4  2  10  8  0.5233E-07
 4  2  10  8  0.5512E-07
 4  2  10  8  0.5212E-07
 4  2  10  8  0.5254E-07
 4  2  11  8  0.5622E-07
 4  2  11  8  0.5275E-07
 4  2  11  8  0.5200E-07
 4  2  11  8  0.5363E-07
 4  2  11  8  0.5190E-07
 4  2  11  8  0.5400E-07
 4  2  11  8  0.5203E-07
 4  2  11  8  0.5444E-07
 4  2  11  8  0.5206E-07
 4  2  11  8  0.5193E-07
 4  2  12  8  0.4762E-07
 4  2  12  8  0.4471E-07
 4  2  12  8  0.4499E-07
 4  2  12  8  0.4458E-07
 4  2  12  8  0.4497E-07
 4  2  12  8  0.5001E-07
 4  2  12  8  0.4753E-07
 4  2  12  8  0.4466E-07
 4  2  12  8  0.4423E-07
 4  2  12  8  0.4639E-07
 4  2  13  8  0.4651E-07
 4  2  13  8  0.4451E-07
 4  2  13  8  0.4504E-07
 4  2  13  8  0.4282E-07
 4  2  13  8  0.4448E-07
 4  2  13  8  0.4518E-07
 4  2  13  8  0.4278E-07
 4  2  13  8  0.4459E-07
 4  2  13  8  0.4472E-07
 4  2  13  8  0.4294E-07
 4  2  14  8  0.4225E-07
 4  2  14  8  0.4062E-07
 4  2  14  8  0.4261E-07
 4  2  14  8  0.4121E-07
 4  2  14  8  0.4024E-07
 4  2  14  8  0.4079E-07
 4  2  14  8  0.4109E-07
 4  2  14  8  0.4095E-07
 4  2  14  8  0.4024E-07
 4  2  14  8  0.4089E-07
 4  2  15  8  0.4551E-07
 4  2  15  8  0.4404E-07
 4  2  15  8  0.4290E-07
 4  2  15  8  0.4299E-07
 4  2  15  8  0.4337E-07
 4  2  15  8  0.4326E-07
 4  2  15  8  0.4352E-07
 4  2  15  8  0.4351E-07
 4  2  15  8  0.4368E-07
 4  2  15  8  0.4369E-07
 4  2  16  8  0.3134E-07
 4  2  16  8  0.3131E-07
 4  2  16  8  0.3131E-07
 4  2  16  8  0.3232E-07
 4  2  16  8  0.4641E-07
 4  2  16  8  0.4725E-07
 4  2  16  8  0.4714E-07
 4  2  16  8  0.4694E-07
 4  2  16  8  0.4655E-07
 4  2  16  8  0.4713E-07
 4  2  17  8  0.3851E-07
 4  2  17  8  0.3852E-07
 4  2  17  8  0.3849E-07
 4  2  17  8  0.3851E-07
 4  2  17  8  0.3850E-07
 4  2  17  8  0.3850E-07
 4  2  17  8  0.3851E-07
 4  2  17  8  0.3906E-07
 4  2  17  8  0.4822E-07
 4  2  17  8  0.4803E-07
 4  2  18  8  0.3811E-07
 4  2  18  8  0.3810E-07
 4  2  18  8  0.3809E-07
 4  2  18  8  0.3810E-07
 4  2  18  8  0.3809E-07
 4  2  18  8  0.3809E-07
 4  2  18  8  0.3809E-07
 4  2  18  8  0.3811E-07
 4  2  18  8  0.3832E-07
 4  2  18  8  0.5156E-07
 4  2  19  8  0.4082E-07
 4  2  19  8  0.4149E-07
 4  2  19  8  0.4081E-07
 4  2  19  8  0.4082E-07
 4  2  19  8  0.4080E-07
 4  2  19  8  0.4080E-07
 4  2  19  8  0.4081E-07
 4  2  19  8  0.4079E-07
 4  2  19  8  0.4081E-07
 4  2  19  8  0.4081E-07
 4  2  20  8  0.4027E-07
 4  2  20  8  0.4027E-07
 4  2  20  8  0.4029E-07
 4  2  20  8  0.4026E-07
 4  2  20  8  0.4028E-07
 4  2  20  8  0.4027E-07
 4  2  20  8  0.4027E-07
 4  2  20  8  0.4029E-07
 4  2  20  8  0.4028E-07
 4  2  20  8  0.4028E-07
