 4  256  3  1024  0.1769E-07
 4  256  3  1024  0.1043E-07
 4  256  3  1024  0.9655E-08
 4  256  3  1024  0.9635E-08
 4  256  3  1024  0.1061E-07
 4  256  3  1024  0.9414E-08
 4  256  3  1024  0.9489E-08
 4  256  3  1024  0.7637E-08
 4  256  3  1024  0.9813E-08
 4  256  3  1024  0.9670E-08
 4  256  4  1024  0.2850E-08
 4  256  4  1024  0.3174E-08
 4  256  4  1024  0.4811E-08
 4  256  4  1024  0.4796E-08
 4  256  4  1024  0.4806E-08
 4  256  4  1024  0.5351E-08
 4  256  4  1024  0.4842E-08
 4  256  4  1024  0.4746E-08
 4  256  4  1024  0.5046E-08
 4  256  4  1024  0.4848E-08
 4  256  5  1024  0.1601E-08
 4  256  5  1024  0.1579E-08
 4  256  5  1024  0.1570E-08
 4  256  5  1024  0.1569E-08
 4  256  5  1024  0.1585E-08
 4  256  5  1024  0.1609E-08
 4  256  5  1024  0.1570E-08
 4  256  5  1024  0.1570E-08
 4  256  5  1024  0.1562E-08
 4  256  5  1024  0.1576E-08
 4  256  6  1024  0.1173E-08
 4  256  6  1024  0.1142E-08
 4  256  6  1024  0.1154E-08
 4  256  6  1024  0.1156E-08
 4  256  6  1024  0.1167E-08
 4  256  6  1024  0.1167E-08
 4  256  6  1024  0.1161E-08
 4  256  6  1024  0.1168E-08
 4  256  6  1024  0.1151E-08
 4  256  6  1024  0.1159E-08
 4  256  7  1024  0.9878E-09
 4  256  7  1024  0.9853E-09
 4  256  7  1024  0.9738E-09
 4  256  7  1024  0.9705E-09
 4  256  7  1024  0.9742E-09
 4  256  7  1024  0.9877E-09
 4  256  7  1024  0.9884E-09
 4  256  7  1024  0.9780E-09
 4  256  7  1024  0.9747E-09
 4  256  7  1024  0.9677E-09
 4  256  8  1024  0.8246E-09
 4  256  8  1024  0.8242E-09
 4  256  8  1024  0.8185E-09
 4  256  8  1024  0.8200E-09
 4  256  8  1024  0.8192E-09
 4  256  8  1024  0.8156E-09
 4  256  8  1024  0.8194E-09
 4  256  8  1024  0.8135E-09
 4  256  8  1024  0.8165E-09
 4  256  8  1024  0.8208E-09
 4  256  9  1024  0.6740E-09
 4  256  9  1024  0.6657E-09
 4  256  9  1024  0.6668E-09
 4  256  9  1024  0.6688E-09
 4  256  9  1024  0.6741E-09
 4  256  9  1024  0.6749E-09
 4  256  9  1024  0.6682E-09
 4  256  9  1024  0.6703E-09
 4  256  9  1024  0.6643E-09
 4  256  9  1024  0.6698E-09
 4  256  10  1024  0.5882E-09
 4  256  10  1024  0.5825E-09
 4  256  10  1024  0.5894E-09
 4  256  10  1024  0.5951E-09
 4  256  10  1024  0.5846E-09
 4  256  10  1024  0.5839E-09
 4  256  10  1024  0.5813E-09
 4  256  10  1024  0.5893E-09
 4  256  10  1024  0.5850E-09
 4  256  10  1024  0.5786E-09
 4  256  11  1024  0.5300E-09
 4  256  11  1024  0.5278E-09
 4  256  11  1024  0.5262E-09
 4  256  11  1024  0.5387E-09
 4  256  11  1024  0.5245E-09
 4  256  11  1024  0.5270E-09
 4  256  11  1024  0.5267E-09
 4  256  11  1024  0.5255E-09
 4  256  11  1024  0.5263E-09
 4  256  11  1024  0.5261E-09
 4  256  12  1024  0.4568E-09
 4  256  12  1024  0.4540E-09
 4  256  12  1024  0.4645E-09
 4  256  12  1024  0.4518E-09
 4  256  12  1024  0.4546E-09
 4  256  12  1024  0.4548E-09
 4  256  12  1024  0.4536E-09
 4  256  12  1024  0.4539E-09
 4  256  12  1024  0.4546E-09
 4  256  12  1024  0.4544E-09
 4  256  13  1024  0.4318E-09
 4  256  13  1024  0.4286E-09
 4  256  13  1024  0.4326E-09
 4  256  13  1024  0.4313E-09
 4  256  13  1024  0.4296E-09
 4  256  13  1024  0.4306E-09
 4  256  13  1024  0.4327E-09
 4  256  13  1024  0.4286E-09
 4  256  13  1024  0.4294E-09
 4  256  13  1024  0.4320E-09
 4  256  14  1024  0.3972E-09
 4  256  14  1024  0.3932E-09
 4  256  14  1024  0.3930E-09
 4  256  14  1024  0.3937E-09
 4  256  14  1024  0.3938E-09
 4  256  14  1024  0.3946E-09
 4  256  14  1024  0.3940E-09
 4  256  14  1024  0.3928E-09
 4  256  14  1024  0.3920E-09
 4  256  14  1024  0.3940E-09
 4  256  15  1024  0.3961E-09
 4  256  15  1024  0.3967E-09
 4  256  15  1024  0.3955E-09
 4  256  15  1024  0.3952E-09
 4  256  15  1024  0.3947E-09
 4  256  15  1024  0.3956E-09
 4  256  15  1024  0.3941E-09
 4  256  15  1024  0.3932E-09
 4  256  15  1024  0.3934E-09
 4  256  15  1024  0.3964E-09
 4  256  16  1024  0.3767E-09
 4  256  16  1024  0.3765E-09
 4  256  16  1024  0.3749E-09
 4  256  16  1024  0.3754E-09
 4  256  16  1024  0.3802E-09
 4  256  16  1024  0.3763E-09
 4  256  16  1024  0.3740E-09
 4  256  16  1024  0.3779E-09
 4  256  16  1024  0.3753E-09
 4  256  16  1024  0.3775E-09
 4  256  17  1024  0.4267E-09
 4  256  17  1024  0.4248E-09
 4  256  17  1024  0.4239E-09
 4  256  17  1024  0.4215E-09
 4  256  17  1024  0.4217E-09
 4  256  17  1024  0.4216E-09
 4  256  17  1024  0.4260E-09
 4  256  17  1024  0.4219E-09
 4  256  17  1024  0.4224E-09
 4  256  17  1024  0.4279E-09
 4  256  18  1024  0.4062E-09
 4  256  18  1024  0.4101E-09
 4  256  18  1024  0.4053E-09
 4  256  18  1024  0.4053E-09
 4  256  18  1024  0.4052E-09
 4  256  18  1024  0.4067E-09
 4  256  18  1024  0.4057E-09
 4  256  18  1024  0.4061E-09
 4  256  18  1024  0.4104E-09
 4  256  18  1024  0.4097E-09
 4  256  19  1024  0.4441E-09
 4  256  19  1024  0.4433E-09
 4  256  19  1024  0.4564E-09
 4  256  19  1024  0.4565E-09
 4  256  19  1024  0.4577E-09
 4  256  19  1024  0.4575E-09
 4  256  19  1024  0.4604E-09
 4  256  19  1024  0.4579E-09
 4  256  19  1024  0.4575E-09
 4  256  19  1024  0.4593E-09
 4  256  20  1024  0.4072E-09
 4  256  20  1024  0.4066E-09
 4  256  20  1024  0.4069E-09
 4  256  20  1024  0.4064E-09
 4  256  20  1024  0.4068E-09
 4  256  20  1024  0.4066E-09
 4  256  20  1024  0.4066E-09
 4  256  20  1024  0.4068E-09
 4  256  20  1024  0.4061E-09
 4  256  20  1024  0.4068E-09
