 4  32  3  128  0.6770E-07
 4  32  3  128  0.2518E-07
 4  32  3  128  0.2507E-07
 4  32  3  128  0.2373E-07
 4  32  3  128  0.2325E-07
 4  32  3  128  0.2313E-07
 4  32  3  128  0.2720E-07
 4  32  3  128  0.2403E-07
 4  32  3  128  0.2479E-07
 4  32  3  128  0.2373E-07
 4  32  4  128  0.1867E-07
 4  32  4  128  0.1201E-07
 4  32  4  128  0.1074E-07
 4  32  4  128  0.1090E-07
 4  32  4  128  0.1042E-07
 4  32  4  128  0.1058E-07
 4  32  4  128  0.1033E-07
 4  32  4  128  0.1087E-07
 4  32  4  128  0.1090E-07
 4  32  4  128  0.1038E-07
 4  32  5  128  0.2469E-07
 4  32  5  128  0.9269E-08
 4  32  5  128  0.8603E-08
 4  32  5  128  0.8101E-08
 4  32  5  128  0.8250E-08
 4  32  5  128  0.8062E-08
 4  32  5  128  0.7957E-08
 4  32  5  128  0.8419E-08
 4  32  5  128  0.8211E-08
 4  32  5  128  0.8146E-08
 4  32  6  128  0.1643E-07
 4  32  6  128  0.7005E-08
 4  32  6  128  0.6318E-08
 4  32  6  128  0.6269E-08
 4  32  6  128  0.6209E-08
 4  32  6  128  0.6174E-08
 4  32  6  128  0.6016E-08
 4  32  6  128  0.6450E-08
 4  32  6  128  0.6039E-08
 4  32  6  128  0.6054E-08
 4  32  7  128  0.2471E-08
 4  32  7  128  0.2374E-08
 4  32  7  128  0.2393E-08
 4  32  7  128  0.2376E-08
 4  32  7  128  0.2381E-08
 4  32  7  128  0.2386E-08
 4  32  7  128  0.2381E-08
 4  32  7  128  0.2385E-08
 4  32  7  128  0.2362E-08
 4  32  7  128  0.2369E-08
 4  32  8  128  0.2317E-08
 4  32  8  128  0.2252E-08
 4  32  8  128  0.2262E-08
 4  32  8  128  0.2252E-08
 4  32  8  128  0.2263E-08
 4  32  8  128  0.2287E-08
 4  32  8  128  0.2258E-08
 4  32  8  128  0.2253E-08
 4  32  8  128  0.2247E-08
 4  32  8  128  0.2268E-08
 4  32  9  128  0.2443E-08
 4  32  9  128  0.2389E-08
 4  32  9  128  0.2387E-08
 4  32  9  128  0.2414E-08
 4  32  9  128  0.2391E-08
 4  32  9  128  0.2389E-08
 4  32  9  128  0.2385E-08
 4  32  9  128  0.2401E-08
 4  32  9  128  0.2406E-08
 4  32  9  128  0.2392E-08
 4  32  10  128  0.2401E-08
 4  32  10  128  0.2367E-08
 4  32  10  128  0.2385E-08
 4  32  10  128  0.2373E-08
 4  32  10  128  0.2370E-08
 4  32  10  128  0.2367E-08
 4  32  10  128  0.2371E-08
 4  32  10  128  0.2372E-08
 4  32  10  128  0.2377E-08
 4  32  10  128  0.2380E-08
 4  32  11  128  0.2408E-08
 4  32  11  128  0.2375E-08
 4  32  11  128  0.2369E-08
 4  32  11  128  0.2369E-08
 4  32  11  128  0.2372E-08
 4  32  11  128  0.2369E-08
 4  32  11  128  0.2368E-08
 4  32  11  128  0.2371E-08
 4  32  11  128  0.2382E-08
 4  32  11  128  0.2367E-08
 4  32  12  128  0.2166E-08
 4  32  12  128  0.2145E-08
 4  32  12  128  0.2144E-08
 4  32  12  128  0.2143E-08
 4  32  12  128  0.2155E-08
 4  32  12  128  0.2155E-08
 4  32  12  128  0.2148E-08
 4  32  12  128  0.2150E-08
 4  32  12  128  0.2148E-08
 4  32  12  128  0.2144E-08
 4  32  13  128  0.2214E-08
 4  32  13  128  0.2207E-08
 4  32  13  128  0.2205E-08
 4  32  13  128  0.2201E-08
 4  32  13  128  0.2213E-08
 4  32  13  128  0.2201E-08
 4  32  13  128  0.2201E-08
 4  32  13  128  0.2203E-08
 4  32  13  128  0.2216E-08
 4  32  13  128  0.2204E-08
 4  32  14  128  0.2081E-08
 4  32  14  128  0.2075E-08
 4  32  14  128  0.2071E-08
 4  32  14  128  0.2064E-08
 4  32  14  128  0.2069E-08
 4  32  14  128  0.2071E-08
 4  32  14  128  0.2068E-08
 4  32  14  128  0.2069E-08
 4  32  14  128  0.2072E-08
 4  32  14  128  0.2070E-08
 4  32  15  128  0.2274E-08
 4  32  15  128  0.2265E-08
 4  32  15  128  0.2267E-08
 4  32  15  128  0.2261E-08
 4  32  15  128  0.2264E-08
 4  32  15  128  0.2263E-08
 4  32  15  128  0.2262E-08
 4  32  15  128  0.2263E-08
 4  32  15  128  0.2264E-08
 4  32  15  128  0.2269E-08
 4  32  16  128  0.2206E-08
 4  32  16  128  0.2196E-08
 4  32  16  128  0.2202E-08
 4  32  16  128  0.2197E-08
 4  32  16  128  0.2196E-08
 4  32  16  128  0.2198E-08
 4  32  16  128  0.2199E-08
 4  32  16  128  0.2197E-08
 4  32  16  128  0.2197E-08
 4  32  16  128  0.2203E-08
 4  32  17  128  0.2664E-08
 4  32  17  128  0.2658E-08
 4  32  17  128  0.2660E-08
 4  32  17  128  0.2658E-08
 4  32  17  128  0.2659E-08
 4  32  17  128  0.2658E-08
 4  32  17  128  0.2660E-08
 4  32  17  128  0.2658E-08
 4  32  17  128  0.2660E-08
 4  32  17  128  0.2658E-08
 4  32  18  128  0.2613E-08
 4  32  18  128  0.2606E-08
 4  32  18  128  0.2607E-08
 4  32  18  128  0.2605E-08
 4  32  18  128  0.2604E-08
 4  32  18  128  0.2608E-08
 4  32  18  128  0.2605E-08
 4  32  18  128  0.2606E-08
 4  32  18  128  0.2604E-08
 4  32  18  128  0.2609E-08
 4  32  19  128  0.2791E-08
 4  32  19  128  0.2784E-08
 4  32  19  128  0.2786E-08
 4  32  19  128  0.2785E-08
 4  32  19  128  0.2783E-08
 4  32  19  128  0.2782E-08
 4  32  19  128  0.2784E-08
 4  32  19  128  0.2783E-08
 4  32  19  128  0.2783E-08
 4  32  19  128  0.2788E-08
 4  32  20  128  0.2751E-08
 4  32  20  128  0.2716E-08
 4  32  20  128  0.2718E-08
 4  32  20  128  0.2714E-08
 4  32  20  128  0.2714E-08
 4  32  20  128  0.2718E-08
 4  32  20  128  0.2716E-08
 4  32  20  128  0.2716E-08
 4  32  20  128  0.2715E-08
 4  32  20  128  0.2716E-08
