 4  64  3  256  0.5748E-07
 4  64  3  256  0.2595E-07
 4  64  3  256  0.2397E-07
 4  64  3  256  0.2493E-07
 4  64  3  256  0.2417E-07
 4  64  3  256  0.2566E-07
 4  64  3  256  0.2354E-07
 4  64  3  256  0.2624E-07
 4  64  3  256  0.2459E-07
 4  64  3  256  0.2305E-07
 4  64  4  256  0.1953E-07
 4  64  4  256  0.1123E-07
 4  64  4  256  0.1087E-07
 4  64  4  256  0.1359E-07
 4  64  4  256  0.1104E-07
 4  64  4  256  0.1076E-07
 4  64  4  256  0.1087E-07
 4  64  4  256  0.1090E-07
 4  64  4  256  0.1094E-07
 4  64  4  256  0.1109E-07
 4  64  5  256  0.1701E-07
 4  64  5  256  0.7833E-08
 4  64  5  256  0.7783E-08
 4  64  5  256  0.7458E-08
 4  64  5  256  0.7498E-08
 4  64  5  256  0.7592E-08
 4  64  5  256  0.7406E-08
 4  64  5  256  0.7470E-08
 4  64  5  256  0.7458E-08
 4  64  5  256  0.7677E-08
 4  64  6  256  0.2643E-08
 4  64  6  256  0.2570E-08
 4  64  6  256  0.2562E-08
 4  64  6  256  0.2555E-08
 4  64  6  256  0.2585E-08
 4  64  6  256  0.2586E-08
 4  64  6  256  0.2585E-08
 4  64  6  256  0.2602E-08
 4  64  6  256  0.2569E-08
 4  64  6  256  0.2590E-08
 4  64  7  256  0.2404E-08
 4  64  7  256  0.2435E-08
 4  64  7  256  0.2436E-08
 4  64  7  256  0.2351E-08
 4  64  7  256  0.2370E-08
 4  64  7  256  0.2362E-08
 4  64  7  256  0.2342E-08
 4  64  7  256  0.2347E-08
 4  64  7  256  0.2346E-08
 4  64  7  256  0.2337E-08
 4  64  8  256  0.2193E-08
 4  64  8  256  0.2138E-08
 4  64  8  256  0.2130E-08
 4  64  8  256  0.2139E-08
 4  64  8  256  0.2149E-08
 4  64  8  256  0.2136E-08
 4  64  8  256  0.2135E-08
 4  64  8  256  0.2138E-08
 4  64  8  256  0.2168E-08
 4  64  8  256  0.2126E-08
 4  64  9  256  0.2158E-08
 4  64  9  256  0.2133E-08
 4  64  9  256  0.2122E-08
 4  64  9  256  0.2131E-08
 4  64  9  256  0.2140E-08
 4  64  9  256  0.2136E-08
 4  64  9  256  0.2129E-08
 4  64  9  256  0.2136E-08
 4  64  9  256  0.2131E-08
 4  64  9  256  0.2129E-08
 4  64  9  256  0.2166E-08
 4  64  9  256  0.2136E-08
 4  64  9  256  0.2137E-08
 4  64  9  256  0.2132E-08
 4  64  9  256  0.2140E-08
 4  64  9  256  0.2141E-08
 4  64  9  256  0.2138E-08
 4  64  9  256  0.2133E-08
 4  64  9  256  0.2133E-08
 4  64  9  256  0.2137E-08
 4  64  10  256  0.1790E-08
 4  64  10  256  0.1772E-08
 4  64  10  256  0.1784E-08
 4  64  10  256  0.1837E-08
 4  64  10  256  0.1759E-08
 4  64  10  256  0.1794E-08
 4  64  10  256  0.1782E-08
 4  64  10  256  0.1776E-08
 4  64  10  256  0.1771E-08
 4  64  10  256  0.1775E-08
 4  64  11  256  0.1691E-08
 4  64  11  256  0.1671E-08
 4  64  11  256  0.1672E-08
 4  64  11  256  0.1670E-08
 4  64  11  256  0.1670E-08
 4  64  11  256  0.1670E-08
 4  64  11  256  0.1672E-08
 4  64  11  256  0.1673E-08
 4  64  11  256  0.1673E-08
 4  64  11  256  0.1669E-08
 4  64  12  256  0.1485E-08
 4  64  12  256  0.1483E-08
 4  64  12  256  0.1479E-08
 4  64  12  256  0.1482E-08
 4  64  12  256  0.1484E-08
 4  64  12  256  0.1476E-08
 4  64  12  256  0.1484E-08
 4  64  12  256  0.1478E-08
 4  64  12  256  0.1484E-08
 4  64  12  256  0.1558E-08
 4  64  13  256  0.1471E-08
 4  64  13  256  0.1464E-08
 4  64  13  256  0.1465E-08
 4  64  13  256  0.1464E-08
 4  64  13  256  0.1470E-08
 4  64  13  256  0.1466E-08
 4  64  13  256  0.1465E-08
 4  64  13  256  0.1464E-08
 4  64  13  256  0.1468E-08
 4  64  13  256  0.1464E-08
 4  64  14  256  0.1336E-08
 4  64  14  256  0.1327E-08
 4  64  14  256  0.1327E-08
 4  64  14  256  0.1328E-08
 4  64  14  256  0.1329E-08
 4  64  14  256  0.1330E-08
 4  64  14  256  0.1327E-08
 4  64  14  256  0.1327E-08
 4  64  14  256  0.1329E-08
 4  64  14  256  0.1327E-08
 4  64  15  256  0.1389E-08
 4  64  15  256  0.1383E-08
 4  64  15  256  0.1381E-08
 4  64  15  256  0.1388E-08
 4  64  15  256  0.1381E-08
 4  64  15  256  0.1382E-08
 4  64  15  256  0.1381E-08
 4  64  15  256  0.1382E-08
 4  64  15  256  0.1382E-08
 4  64  15  256  0.1383E-08
 4  64  16  256  0.1326E-08
 4  64  16  256  0.1323E-08
 4  64  16  256  0.1320E-08
 4  64  16  256  0.1325E-08
 4  64  16  256  0.1323E-08
 4  64  16  256  0.1322E-08
 4  64  16  256  0.1326E-08
 4  64  16  256  0.1322E-08
 4  64  16  256  0.1323E-08
 4  64  16  256  0.1322E-08
 4  64  17  256  0.1556E-08
 4  64  17  256  0.1552E-08
 4  64  17  256  0.1554E-08
 4  64  17  256  0.1552E-08
 4  64  17  256  0.1552E-08
 4  64  17  256  0.1553E-08
 4  64  17  256  0.1573E-08
 4  64  17  256  0.1553E-08
 4  64  17  256  0.1552E-08
 4  64  17  256  0.1553E-08
 4  64  18  256  0.1510E-08
 4  64  18  256  0.1508E-08
 4  64  18  256  0.1507E-08
 4  64  18  256  0.1508E-08
 4  64  18  256  0.1510E-08
 4  64  18  256  0.1507E-08
 4  64  18  256  0.1508E-08
 4  64  18  256  0.1507E-08
 4  64  18  256  0.1507E-08
 4  64  18  256  0.1507E-08
 4  64  19  256  0.1586E-08
 4  64  19  256  0.1584E-08
 4  64  19  256  0.1584E-08
 4  64  19  256  0.1583E-08
 4  64  19  256  0.1584E-08
 4  64  19  256  0.1585E-08
 4  64  19  256  0.1584E-08
 4  64  19  256  0.1583E-08
 4  64  19  256  0.1584E-08
 4  64  19  256  0.1583E-08
 4  64  20  256  0.1533E-08
 4  64  20  256  0.1532E-08
 4  64  20  256  0.1532E-08
 4  64  20  256  0.1531E-08
 4  64  20  256  0.1531E-08
 4  64  20  256  0.1531E-08
 4  64  20  256  0.1531E-08
 4  64  20  256  0.1531E-08
 4  64  20  256  0.1532E-08
 4  64  20  256  0.1546E-08
