 4  2048  3  8192  0.7875E-09
 4  2048  3  8192  0.7702E-09
 4  2048  3  8192  0.7817E-09
 4  2048  3  8192  0.7814E-09
 4  2048  3  8192  0.7795E-09
 4  2048  3  8192  0.7942E-09
 4  2048  3  8192  0.7869E-09
 4  2048  3  8192  0.8005E-09
 4  2048  3  8192  0.7908E-09
 4  2048  3  8192  0.7817E-09
 4  2048  4  8192  0.3451E-09
 4  2048  4  8192  0.3327E-09
 4  2048  4  8192  0.3416E-09
 4  2048  4  8192  0.3309E-09
 4  2048  4  8192  0.3321E-09
 4  2048  4  8192  0.3256E-09
 4  2048  4  8192  0.3259E-09
 4  2048  4  8192  0.3333E-09
 4  2048  4  8192  0.3688E-09
 4  2048  4  8192  0.3405E-09
 4  2048  5  8192  0.1955E-09
 4  2048  5  8192  0.1981E-09
 4  2048  5  8192  0.1931E-09
 4  2048  5  8192  0.1916E-09
 4  2048  5  8192  0.1915E-09
 4  2048  5  8192  0.1928E-09
 4  2048  5  8192  0.1893E-09
 4  2048  5  8192  0.1898E-09
 4  2048  5  8192  0.1976E-09
 4  2048  5  8192  0.1923E-09
 4  2048  6  8192  0.1238E-09
 4  2048  6  8192  0.1215E-09
 4  2048  6  8192  0.1250E-09
 4  2048  6  8192  0.1195E-09
 4  2048  6  8192  0.1213E-09
 4  2048  6  8192  0.1203E-09
 4  2048  6  8192  0.1205E-09
 4  2048  6  8192  0.1209E-09
 4  2048  6  8192  0.1211E-09
 4  2048  6  8192  0.1240E-09
 4  2048  7  8192  0.9515E-10
 4  2048  7  8192  0.9388E-10
 4  2048  7  8192  0.9216E-10
 4  2048  7  8192  0.9227E-10
 4  2048  7  8192  0.9254E-10
 4  2048  7  8192  0.9492E-10
 4  2048  7  8192  0.9715E-10
 4  2048  7  8192  0.9886E-10
 4  2048  7  8192  0.9921E-10
 4  2048  7  8192  0.1012E-09
 4  2048  8  8192  0.8557E-10
 4  2048  8  8192  0.8572E-10
 4  2048  8  8192  0.8611E-10
 4  2048  8  8192  0.8437E-10
 4  2048  8  8192  0.8318E-10
 4  2048  8  8192  0.8320E-10
 4  2048  8  8192  0.8124E-10
 4  2048  8  8192  0.8299E-10
 4  2048  8  8192  0.8365E-10
 4  2048  8  8192  0.8649E-10
 4  2048  9  8192  0.8378E-10
 4  2048  9  8192  0.8114E-10
 4  2048  9  8192  0.8003E-10
 4  2048  9  8192  0.8218E-10
 4  2048  9  8192  0.8239E-10
 4  2048  9  8192  0.8333E-10
 4  2048  9  8192  0.8190E-10
 4  2048  9  8192  0.8069E-10
 4  2048  9  8192  0.7983E-10
 4  2048  9  8192  0.8082E-10
 4  2048  10  8192  0.7194E-10
 4  2048  10  8192  0.7128E-10
 4  2048  10  8192  0.7206E-10
 4  2048  10  8192  0.7180E-10
 4  2048  10  8192  0.7148E-10
 4  2048  10  8192  0.7026E-10
 4  2048  10  8192  0.7055E-10
 4  2048  10  8192  0.7086E-10
 4  2048  10  8192  0.7185E-10
 4  2048  10  8192  0.7120E-10
 4  2048  11  8192  0.6470E-10
 4  2048  11  8192  0.6291E-10
 4  2048  11  8192  0.6342E-10
 4  2048  11  8192  0.6486E-10
 4  2048  11  8192  0.6479E-10
 4  2048  11  8192  0.6426E-10
 4  2048  11  8192  0.6292E-10
 4  2048  11  8192  0.6403E-10
 4  2048  11  8192  0.6462E-10
 4  2048  11  8192  0.6427E-10
 4  2048  12  8192  0.5497E-10
 4  2048  12  8192  0.5510E-10
 4  2048  12  8192  0.5495E-10
 4  2048  12  8192  0.5443E-10
 4  2048  12  8192  0.5402E-10
 4  2048  12  8192  0.5542E-10
 4  2048  12  8192  0.5532E-10
 4  2048  12  8192  0.5514E-10
 4  2048  12  8192  0.5404E-10
 4  2048  12  8192  0.5472E-10
 4  2048  13  8192  0.5153E-10
 4  2048  13  8192  0.5158E-10
 4  2048  13  8192  0.5094E-10
 4  2048  13  8192  0.5166E-10
 4  2048  13  8192  0.5129E-10
 4  2048  13  8192  0.5096E-10
 4  2048  13  8192  0.5168E-10
 4  2048  13  8192  0.5126E-10
 4  2048  13  8192  0.5151E-10
 4  2048  13  8192  0.5084E-10
 4  2048  14  8192  0.4600E-10
 4  2048  14  8192  0.4601E-10
 4  2048  14  8192  0.4568E-10
 4  2048  14  8192  0.4638E-10
 4  2048  14  8192  0.4643E-10
 4  2048  14  8192  0.4538E-10
 4  2048  14  8192  0.4551E-10
 4  2048  14  8192  0.4639E-10
 4  2048  14  8192  0.4585E-10
 4  2048  14  8192  0.4533E-10
 4  2048  15  8192  0.4722E-10
 4  2048  15  8192  0.4705E-10
 4  2048  15  8192  0.4755E-10
 4  2048  15  8192  0.4705E-10
 4  2048  15  8192  0.4785E-10
 4  2048  15  8192  0.4687E-10
 4  2048  15  8192  0.4698E-10
 4  2048  15  8192  0.4741E-10
 4  2048  15  8192  0.4704E-10
 4  2048  15  8192  0.4774E-10
 4  2048  16  8192  0.4270E-10
 4  2048  16  8192  0.4323E-10
 4  2048  16  8192  0.4263E-10
 4  2048  16  8192  0.4287E-10
 4  2048  16  8192  0.4304E-10
 4  2048  16  8192  0.4228E-10
 4  2048  16  8192  0.4358E-10
 4  2048  16  8192  0.4238E-10
 4  2048  16  8192  0.4323E-10
 4  2048  16  8192  0.4266E-10
 4  2048  17  8192  0.4823E-10
 4  2048  17  8192  0.4818E-10
 4  2048  17  8192  0.4873E-10
 4  2048  17  8192  0.4885E-10
 4  2048  17  8192  0.4816E-10
 4  2048  17  8192  0.4822E-10
 4  2048  17  8192  0.4807E-10
 4  2048  17  8192  0.4811E-10
 4  2048  17  8192  0.4807E-10
 4  2048  17  8192  0.4882E-10
 4  2048  18  8192  0.4976E-10
 4  2048  18  8192  0.4931E-10
 4  2048  18  8192  0.4983E-10
 4  2048  18  8192  0.4975E-10
 4  2048  18  8192  0.4929E-10
 4  2048  18  8192  0.4967E-10
 4  2048  18  8192  0.4964E-10
 4  2048  18  8192  0.4975E-10
 4  2048  18  8192  0.4941E-10
 4  2048  18  8192  0.4961E-10
 4  2048  19  8192  0.5052E-10
 4  2048  19  8192  0.5097E-10
 4  2048  19  8192  0.5051E-10
 4  2048  19  8192  0.5071E-10
 4  2048  19  8192  0.5080E-10
 4  2048  19  8192  0.5082E-10
 4  2048  19  8192  0.5079E-10
 4  2048  19  8192  0.5055E-10
 4  2048  19  8192  0.5090E-10
 4  2048  19  8192  0.5092E-10
 4  2048  20  8192  0.5036E-10
 4  2048  20  8192  0.5028E-10
 4  2048  20  8192  0.5002E-10
 4  2048  20  8192  0.5037E-10
 4  2048  20  8192  0.5031E-10
 4  2048  20  8192  0.5009E-10
 4  2048  20  8192  0.5012E-10
 4  2048  20  8192  0.5034E-10
 4  2048  20  8192  0.5048E-10
 4  2048  20  8192  0.5032E-10
