 4  4096  3  16384  0.8309E-09
 4  4096  3  16384  0.8112E-09
 4  4096  3  16384  0.7911E-09
 4  4096  3  16384  0.7802E-09
 4  4096  3  16384  0.7775E-09
 4  4096  3  16384  0.7768E-09
 4  4096  3  16384  0.7961E-09
 4  4096  3  16384  0.8105E-09
 4  4096  3  16384  0.8378E-09
 4  4096  3  16384  0.8412E-09
 4  4096  4  16384  0.3552E-09
 4  4096  4  16384  0.3595E-09
 4  4096  4  16384  0.3646E-09
 4  4096  4  16384  0.3556E-09
 4  4096  4  16384  0.3556E-09
 4  4096  4  16384  0.3545E-09
 4  4096  4  16384  0.3623E-09
 4  4096  4  16384  0.3521E-09
 4  4096  4  16384  0.3522E-09
 4  4096  4  16384  0.3469E-09
 4  4096  5  16384  0.2138E-09
 4  4096  5  16384  0.2201E-09
 4  4096  5  16384  0.2144E-09
 4  4096  5  16384  0.2161E-09
 4  4096  5  16384  0.2145E-09
 4  4096  5  16384  0.2124E-09
 4  4096  5  16384  0.2114E-09
 4  4096  5  16384  0.2062E-09
 4  4096  5  16384  0.2164E-09
 4  4096  5  16384  0.2199E-09
 4  4096  6  16384  0.1559E-09
 4  4096  6  16384  0.1484E-09
 4  4096  6  16384  0.1480E-09
 4  4096  6  16384  0.1458E-09
 4  4096  6  16384  0.1517E-09
 4  4096  6  16384  0.1570E-09
 4  4096  6  16384  0.1552E-09
 4  4096  6  16384  0.1497E-09
 4  4096  6  16384  0.1491E-09
 4  4096  6  16384  0.1442E-09
 4  4096  7  16384  0.1145E-09
 4  4096  7  16384  0.1167E-09
 4  4096  7  16384  0.1164E-09
 4  4096  7  16384  0.1147E-09
 4  4096  7  16384  0.1095E-09
 4  4096  7  16384  0.1122E-09
 4  4096  7  16384  0.1150E-09
 4  4096  7  16384  0.1169E-09
 4  4096  7  16384  0.1138E-09
 4  4096  7  16384  0.1104E-09
 4  4096  8  16384  0.8643E-10
 4  4096  8  16384  0.8809E-10
 4  4096  8  16384  0.8838E-10
 4  4096  8  16384  0.8432E-10
 4  4096  8  16384  0.8382E-10
 4  4096  8  16384  0.8695E-10
 4  4096  8  16384  0.8937E-10
 4  4096  8  16384  0.8667E-10
 4  4096  8  16384  0.8444E-10
 4  4096  8  16384  0.8392E-10
 4  4096  9  16384  0.6989E-10
 4  4096  9  16384  0.7183E-10
 4  4096  9  16384  0.7133E-10
 4  4096  9  16384  0.6939E-10
 4  4096  9  16384  0.6930E-10
 4  4096  9  16384  0.7274E-10
 4  4096  9  16384  0.7203E-10
 4  4096  9  16384  0.7001E-10
 4  4096  9  16384  0.7019E-10
 4  4096  9  16384  0.7300E-10
 4  4096  10  16384  0.5752E-10
 4  4096  10  16384  0.5818E-10
 4  4096  10  16384  0.5948E-10
 4  4096  10  16384  0.5737E-10
 4  4096  10  16384  0.5727E-10
 4  4096  10  16384  0.5872E-10
 4  4096  10  16384  0.5882E-10
 4  4096  10  16384  0.5740E-10
 4  4096  10  16384  0.5914E-10
 4  4096  10  16384  0.5947E-10
 4  4096  11  16384  0.5048E-10
 4  4096  11  16384  0.4899E-10
 4  4096  11  16384  0.4960E-10
 4  4096  11  16384  0.5050E-10
 4  4096  11  16384  0.4891E-10
 4  4096  11  16384  0.5057E-10
 4  4096  11  16384  0.5025E-10
 4  4096  11  16384  0.4921E-10
 4  4096  11  16384  0.5009E-10
 4  4096  11  16384  0.5063E-10
 4  4096  11  16384  0.4981E-10
 4  4096  11  16384  0.4985E-10
 4  4096  11  16384  0.4924E-10
 4  4096  11  16384  0.4951E-10
 4  4096  11  16384  0.4973E-10
 4  4096  11  16384  0.4951E-10
 4  4096  11  16384  0.4960E-10
 4  4096  11  16384  0.4974E-10
 4  4096  11  16384  0.4900E-10
 4  4096  11  16384  0.4980E-10
 4  4096  12  16384  0.4071E-10
 4  4096  12  16384  0.4110E-10
 4  4096  12  16384  0.4262E-10
 4  4096  12  16384  0.4052E-10
 4  4096  12  16384  0.4171E-10
 4  4096  12  16384  0.4197E-10
 4  4096  12  16384  0.4079E-10
 4  4096  12  16384  0.4324E-10
 4  4096  12  16384  0.4151E-10
 4  4096  12  16384  0.4077E-10
 4  4096  13  16384  0.3807E-10
 4  4096  13  16384  0.3762E-10
 4  4096  13  16384  0.3789E-10
 4  4096  13  16384  0.3749E-10
 4  4096  13  16384  0.3801E-10
 4  4096  13  16384  0.3795E-10
 4  4096  13  16384  0.3766E-10
 4  4096  13  16384  0.3818E-10
 4  4096  13  16384  0.3728E-10
 4  4096  13  16384  0.3785E-10
 4  4096  14  16384  0.3368E-10
 4  4096  14  16384  0.3328E-10
 4  4096  14  16384  0.3321E-10
 4  4096  14  16384  0.3311E-10
 4  4096  14  16384  0.3302E-10
 4  4096  14  16384  0.3389E-10
 4  4096  14  16384  0.3287E-10
 4  4096  14  16384  0.3355E-10
 4  4096  14  16384  0.3305E-10
 4  4096  14  16384  0.3339E-10
 4  4096  15  16384  0.3218E-10
 4  4096  15  16384  0.3150E-10
 4  4096  15  16384  0.3226E-10
 4  4096  15  16384  0.3169E-10
 4  4096  15  16384  0.3214E-10
 4  4096  15  16384  0.3147E-10
 4  4096  15  16384  0.3203E-10
 4  4096  15  16384  0.3154E-10
 4  4096  15  16384  0.3229E-10
 4  4096  15  16384  0.3159E-10
 4  4096  16  16384  0.2965E-10
 4  4096  16  16384  0.2956E-10
 4  4096  16  16384  0.2924E-10
 4  4096  16  16384  0.2961E-10
 4  4096  16  16384  0.2923E-10
 4  4096  16  16384  0.2947E-10
 4  4096  16  16384  0.2942E-10
 4  4096  16  16384  0.2921E-10
 4  4096  16  16384  0.2964E-10
 4  4096  16  16384  0.2952E-10
 4  4096  17  16384  0.3118E-10
 4  4096  17  16384  0.3108E-10
 4  4096  17  16384  0.3087E-10
 4  4096  17  16384  0.3110E-10
 4  4096  17  16384  0.3114E-10
 4  4096  17  16384  0.3101E-10
 4  4096  17  16384  0.3097E-10
 4  4096  17  16384  0.3138E-10
 4  4096  17  16384  0.3106E-10
 4  4096  17  16384  0.3109E-10
 4  4096  18  16384  0.3028E-10
 4  4096  18  16384  0.3026E-10
 4  4096  18  16384  0.3029E-10
 4  4096  18  16384  0.3018E-10
 4  4096  18  16384  0.3022E-10
 4  4096  18  16384  0.3024E-10
 4  4096  18  16384  0.3002E-10
 4  4096  18  16384  0.3015E-10
 4  4096  18  16384  0.3014E-10
 4  4096  18  16384  0.3024E-10
 4  4096  19  16384  0.3004E-10
 4  4096  19  16384  0.3008E-10
 4  4096  19  16384  0.3016E-10
 4  4096  19  16384  0.3000E-10
 4  4096  19  16384  0.3005E-10
 4  4096  19  16384  0.2997E-10
 4  4096  19  16384  0.3003E-10
 4  4096  19  16384  0.3004E-10
 4  4096  19  16384  0.3006E-10
 4  4096  19  16384  0.2989E-10
 4  4096  20  16384  0.2913E-10
 4  4096  20  16384  0.2906E-10
 4  4096  20  16384  0.2905E-10
 4  4096  20  16384  0.2906E-10
 4  4096  20  16384  0.2901E-10
 4  4096  20  16384  0.2912E-10
 4  4096  20  16384  0.2911E-10
 4  4096  20  16384  0.2908E-10
 4  4096  20  16384  0.2905E-10
 4  4096  20  16384  0.2908E-10
