 4  4096  3  16384  0.6610E-09
 4  4096  3  16384  0.6274E-09
 4  4096  3  16384  0.6223E-09
 4  4096  3  16384  0.6208E-09
 4  4096  3  16384  0.6148E-09
 4  4096  3  16384  0.6472E-09
 4  4096  3  16384  0.6502E-09
 4  4096  3  16384  0.6432E-09
 4  4096  3  16384  0.6640E-09
 4  4096  3  16384  0.6851E-09
 4  4096  4  16384  0.2842E-09
 4  4096  4  16384  0.2763E-09
 4  4096  4  16384  0.2812E-09
 4  4096  4  16384  0.2863E-09
 4  4096  4  16384  0.2888E-09
 4  4096  4  16384  0.2908E-09
 4  4096  4  16384  0.2878E-09
 4  4096  4  16384  0.2890E-09
 4  4096  4  16384  0.2842E-09
 4  4096  4  16384  0.2892E-09
 4  4096  5  16384  0.1706E-09
 4  4096  5  16384  0.1718E-09
 4  4096  5  16384  0.1781E-09
 4  4096  5  16384  0.1733E-09
 4  4096  5  16384  0.1759E-09
 4  4096  5  16384  0.1732E-09
 4  4096  5  16384  0.1683E-09
 4  4096  5  16384  0.1690E-09
 4  4096  5  16384  0.1687E-09
 4  4096  5  16384  0.1686E-09
 4  4096  6  16384  0.1259E-09
 4  4096  6  16384  0.1237E-09
 4  4096  6  16384  0.1222E-09
 4  4096  6  16384  0.1217E-09
 4  4096  6  16384  0.1171E-09
 4  4096  6  16384  0.1174E-09
 4  4096  6  16384  0.1173E-09
 4  4096  6  16384  0.1209E-09
 4  4096  6  16384  0.1237E-09
 4  4096  6  16384  0.1230E-09
 4  4096  7  16384  0.9587E-10
 4  4096  7  16384  0.8946E-10
 4  4096  7  16384  0.8947E-10
 4  4096  7  16384  0.8849E-10
 4  4096  7  16384  0.9299E-10
 4  4096  7  16384  0.9589E-10
 4  4096  7  16384  0.9610E-10
 4  4096  7  16384  0.9160E-10
 4  4096  7  16384  0.8956E-10
 4  4096  7  16384  0.8882E-10
 4  4096  8  16384  0.7482E-10
 4  4096  8  16384  0.7576E-10
 4  4096  8  16384  0.7218E-10
 4  4096  8  16384  0.7018E-10
 4  4096  8  16384  0.7023E-10
 4  4096  8  16384  0.7232E-10
 4  4096  8  16384  0.7498E-10
 4  4096  8  16384  0.7416E-10
 4  4096  8  16384  0.7001E-10
 4  4096  8  16384  0.7035E-10
 4  4096  9  16384  0.5975E-10
 4  4096  9  16384  0.5946E-10
 4  4096  9  16384  0.6203E-10
 4  4096  9  16384  0.6116E-10
 4  4096  9  16384  0.5993E-10
 4  4096  9  16384  0.5857E-10
 4  4096  9  16384  0.6128E-10
 4  4096  9  16384  0.6175E-10
 4  4096  9  16384  0.6033E-10
 4  4096  9  16384  0.5941E-10
 4  4096  10  16384  0.5092E-10
 4  4096  10  16384  0.5036E-10
 4  4096  10  16384  0.4878E-10
 4  4096  10  16384  0.5013E-10
 4  4096  10  16384  0.5087E-10
 4  4096  10  16384  0.5044E-10
 4  4096  10  16384  0.5003E-10
 4  4096  10  16384  0.4976E-10
 4  4096  10  16384  0.5074E-10
 4  4096  10  16384  0.5057E-10
 4  4096  11  16384  0.4305E-10
 4  4096  11  16384  0.4251E-10
 4  4096  11  16384  0.4338E-10
 4  4096  11  16384  0.4382E-10
 4  4096  11  16384  0.4245E-10
 4  4096  11  16384  0.4299E-10
 4  4096  11  16384  0.4385E-10
 4  4096  11  16384  0.4308E-10
 4  4096  11  16384  0.4245E-10
 4  4096  11  16384  0.4380E-10
 4  4096  11  16384  0.4410E-10
 4  4096  11  16384  0.4324E-10
 4  4096  11  16384  0.4714E-10
 4  4096  11  16384  0.5000E-10
 4  4096  11  16384  0.4373E-10
 4  4096  11  16384  0.4298E-10
 4  4096  11  16384  0.4288E-10
 4  4096  11  16384  0.4375E-10
 4  4096  11  16384  0.4301E-10
 4  4096  11  16384  0.4282E-10
 4  4096  12  16384  0.3625E-10
 4  4096  12  16384  0.3557E-10
 4  4096  12  16384  0.3703E-10
 4  4096  12  16384  0.3626E-10
 4  4096  12  16384  0.3555E-10
 4  4096  12  16384  0.3697E-10
 4  4096  12  16384  0.3650E-10
 4  4096  12  16384  0.3529E-10
 4  4096  12  16384  0.3632E-10
 4  4096  12  16384  0.3681E-10
 4  4096  13  16384  0.3286E-10
 4  4096  13  16384  0.3320E-10
 4  4096  13  16384  0.3298E-10
 4  4096  13  16384  0.3285E-10
 4  4096  13  16384  0.3294E-10
 4  4096  13  16384  0.3295E-10
 4  4096  13  16384  0.3318E-10
 4  4096  13  16384  0.3340E-10
 4  4096  13  16384  0.3256E-10
 4  4096  13  16384  0.3340E-10
 4  4096  14  16384  0.2954E-10
 4  4096  14  16384  0.2909E-10
 4  4096  14  16384  0.2883E-10
 4  4096  14  16384  0.2979E-10
 4  4096  14  16384  0.2897E-10
 4  4096  14  16384  0.2956E-10
 4  4096  14  16384  0.2932E-10
 4  4096  14  16384  0.2883E-10
 4  4096  14  16384  0.2966E-10
 4  4096  14  16384  0.2890E-10
 4  4096  15  16384  0.2872E-10
 4  4096  15  16384  0.2827E-10
 4  4096  15  16384  0.2911E-10
 4  4096  15  16384  0.2819E-10
 4  4096  15  16384  0.2875E-10
 4  4096  15  16384  0.2813E-10
 4  4096  15  16384  0.2880E-10
 4  4096  15  16384  0.2807E-10
 4  4096  15  16384  0.2862E-10
 4  4096  15  16384  0.2820E-10
 4  4096  16  16384  0.2678E-10
 4  4096  16  16384  0.2656E-10
 4  4096  16  16384  0.2675E-10
 4  4096  16  16384  0.2662E-10
 4  4096  16  16384  0.2672E-10
 4  4096  16  16384  0.2672E-10
 4  4096  16  16384  0.2682E-10
 4  4096  16  16384  0.2648E-10
 4  4096  16  16384  0.2673E-10
 4  4096  16  16384  0.2647E-10
 4  4096  17  16384  0.2828E-10
 4  4096  17  16384  0.2820E-10
 4  4096  17  16384  0.2804E-10
 4  4096  17  16384  0.2862E-10
 4  4096  17  16384  0.2820E-10
 4  4096  17  16384  0.2813E-10
 4  4096  17  16384  0.2845E-10
 4  4096  17  16384  0.2833E-10
 4  4096  17  16384  0.2799E-10
 4  4096  17  16384  0.2831E-10
 4  4096  18  16384  0.2803E-10
 4  4096  18  16384  0.2796E-10
 4  4096  18  16384  0.2795E-10
 4  4096  18  16384  0.2796E-10
 4  4096  18  16384  0.2776E-10
 4  4096  18  16384  0.2796E-10
 4  4096  18  16384  0.2797E-10
 4  4096  18  16384  0.2798E-10
 4  4096  18  16384  0.2788E-10
 4  4096  18  16384  0.2784E-10
 4  4096  19  16384  0.2784E-10
 4  4096  19  16384  0.2796E-10
 4  4096  19  16384  0.2795E-10
 4  4096  19  16384  0.2795E-10
 4  4096  19  16384  0.2797E-10
 4  4096  19  16384  0.2794E-10
 4  4096  19  16384  0.2790E-10
 4  4096  19  16384  0.2793E-10
 4  4096  19  16384  0.2787E-10
 4  4096  19  16384  0.2781E-10
 4  4096  20  16384  0.2704E-10
 4  4096  20  16384  0.2704E-10
 4  4096  20  16384  0.2703E-10
 4  4096  20  16384  0.2699E-10
 4  4096  20  16384  0.2706E-10
 4  4096  20  16384  0.2702E-10
 4  4096  20  16384  0.2711E-10
 4  4096  20  16384  0.2701E-10
 4  4096  20  16384  0.2702E-10
 4  4096  20  16384  0.2702E-10
