 4  1  3  4  0.2068E-06
 4  1  3  4  0.1634E-06
 4  1  3  4  0.2281E-06
 4  1  3  4  0.1413E-06
 4  1  3  4  0.1354E-06
 4  1  3  4  0.1604E-06
 4  1  3  4  0.2163E-06
 4  1  3  4  0.2193E-06
 4  1  3  4  0.1943E-06
 4  1  3  4  0.2311E-06
 4  1  4  4  0.2303E-06
 4  1  4  4  0.9499E-07
 4  1  4  4  0.8196E-07
 4  1  4  4  0.8071E-07
 4  1  4  4  0.8103E-07
 4  1  4  4  0.7947E-07
 4  1  4  4  0.7823E-07
 4  1  4  4  0.7792E-07
 4  1  4  4  0.7916E-07
 4  1  4  4  0.7916E-07
 4  1  5  4  0.1187E-06
 4  1  5  4  0.9998E-07
 4  1  5  4  0.1040E-06
 4  1  5  4  0.1033E-06
 4  1  5  4  0.1027E-06
 4  1  5  4  0.1033E-06
 4  1  5  4  0.1020E-06
 4  1  5  4  0.1008E-06
 4  1  5  4  0.1019E-06
 4  1  5  4  0.1067E-06
 4  1  6  4  0.8720E-07
 4  1  6  4  0.7681E-07
 4  1  6  4  0.8637E-07
 4  1  6  4  0.8140E-07
 4  1  6  4  0.5749E-07
 4  1  6  4  0.7487E-07
 4  1  6  4  0.5675E-07
 4  1  6  4  0.7414E-07
 4  1  6  4  0.7635E-07
 4  1  6  4  0.7487E-07
 4  1  7  4  0.6922E-07
 4  1  7  4  0.6829E-07
 4  1  7  4  0.7310E-07
 4  1  7  4  0.6464E-07
 4  1  7  4  0.6389E-07
 4  1  7  4  0.6314E-07
 4  1  7  4  0.6725E-07
 4  1  7  4  0.6366E-07
 4  1  7  4  0.6702E-07
 4  1  7  4  0.6656E-07
 4  1  8  4  0.6380E-07
 4  1  8  4  0.5941E-07
 4  1  8  4  0.6120E-07
 4  1  8  4  0.6659E-07
 4  1  8  4  0.6186E-07
 4  1  8  4  0.6104E-07
 4  1  8  4  0.5891E-07
 4  1  8  4  0.5941E-07
 4  1  8  4  0.6069E-07
 4  1  8  4  0.6007E-07
 4  1  9  4  0.7258E-07
 4  1  9  4  0.6699E-07
 4  1  9  4  0.6617E-07
 4  1  9  4  0.6620E-07
 4  1  9  4  0.6789E-07
 4  1  9  4  0.6871E-07
 4  1  9  4  0.6734E-07
 4  1  9  4  0.6685E-07
 4  1  9  4  0.6585E-07
 4  1  9  4  0.6620E-07
 4  1  10  4  0.9958E-07
 4  1  10  4  0.9900E-07
 4  1  10  4  0.9791E-07
 4  1  10  4  0.9725E-07
 4  1  10  4  0.9875E-07
 4  1  10  4  0.9692E-07
 4  1  10  4  0.9626E-07
 4  1  10  4  0.1010E-06
 4  1  10  4  0.9600E-07
 4  1  10  4  0.9676E-07
 4  1  11  4  0.9391E-07
 4  1  11  4  0.8709E-07
 4  1  11  4  0.8721E-07
 4  1  11  4  0.9010E-07
 4  1  11  4  0.8703E-07
 4  1  11  4  0.9041E-07
 4  1  11  4  0.8697E-07
 4  1  11  4  0.8710E-07
 4  1  11  4  0.8877E-07
 4  1  11  4  0.8715E-07
 4  1  12  4  0.7682E-07
 4  1  12  4  0.7244E-07
 4  1  12  4  0.7485E-07
 4  1  12  4  0.7195E-07
 4  1  12  4  0.7494E-07
 4  1  12  4  0.7205E-07
 4  1  12  4  0.7205E-07
 4  1  12  4  0.7505E-07
 4  1  12  4  0.7610E-07
 4  1  12  4  0.7556E-07
 4  1  13  4  0.7824E-07
 4  1  13  4  0.7620E-07
 4  1  13  4  0.7647E-07
 4  1  13  4  0.7544E-07
 4  1  13  4  0.7462E-07
 4  1  13  4  0.7995E-07
 4  1  13  4  0.7435E-07
 4  1  13  4  0.7757E-07
 4  1  13  4  0.7427E-07
 4  1  13  4  0.7746E-07
 4  1  14  4  0.6778E-07
 4  1  14  4  0.6761E-07
 4  1  14  4  0.6496E-07
 4  1  14  4  0.6766E-07
 4  1  14  4  0.6502E-07
 4  1  14  4  0.6706E-07
 4  1  14  4  0.6687E-07
 4  1  14  4  0.6578E-07
 4  1  14  4  0.6851E-07
 4  1  14  4  0.6599E-07
 4  1  15  4  0.7827E-07
 4  1  15  4  0.7472E-07
 4  1  15  4  0.7370E-07
 4  1  15  4  0.7476E-07
 4  1  15  4  0.7506E-07
 4  1  15  4  0.7571E-07
 4  1  15  4  0.7530E-07
 4  1  15  4  0.7363E-07
 4  1  15  4  0.7452E-07
 4  1  15  4  0.7469E-07
 4  1  16  4  0.7800E-07
 4  1  16  4  0.7677E-07
 4  1  16  4  0.7672E-07
 4  1  16  4  0.7654E-07
 4  1  16  4  0.7658E-07
 4  1  16  4  0.7678E-07
 4  1  16  4  0.7668E-07
 4  1  16  4  0.7658E-07
 4  1  16  4  0.7649E-07
 4  1  16  4  0.7668E-07
 4  1  17  4  0.8435E-07
 4  1  17  4  0.8311E-07
 4  1  17  4  0.8400E-07
 4  1  17  4  0.8367E-07
 4  1  17  4  0.8330E-07
 4  1  17  4  0.8318E-07
 4  1  17  4  0.8391E-07
 4  1  17  4  0.8310E-07
 4  1  17  4  0.8310E-07
 4  1  17  4  0.8364E-07
 4  1  18  4  0.8739E-07
 4  1  18  4  0.9102E-07
 4  1  18  4  0.8868E-07
 4  1  18  4  0.8776E-07
 4  1  18  4  0.8818E-07
 4  1  18  4  0.8856E-07
 4  1  18  4  0.8692E-07
 4  1  18  4  0.8813E-07
 4  1  18  4  0.8662E-07
 4  1  18  4  0.8760E-07
 4  1  19  4  0.9500E-07
 4  1  19  4  0.9456E-07
 4  1  19  4  0.9456E-07
 4  1  19  4  0.9538E-07
 4  1  19  4  0.9497E-07
 4  1  19  4  0.9472E-07
 4  1  19  4  0.9476E-07
 4  1  19  4  0.9533E-07
 4  1  19  4  0.9427E-07
 4  1  19  4  0.9452E-07
 4  1  20  4  0.9229E-07
 4  1  20  4  0.9122E-07
 4  1  20  4  0.9108E-07
 4  1  20  4  0.9123E-07
 4  1  20  4  0.9192E-07
 4  1  20  4  0.9102E-07
 4  1  20  4  0.9104E-07
 4  1  20  4  0.9293E-07
 4  1  20  4  0.9825E-07
 4  1  20  4  0.9661E-07
