 4  2  3  8  0.2561E-06
 4  2  3  8  0.1928E-06
 4  2  3  8  0.2377E-06
 4  2  3  8  0.1976E-06
 4  2  3  8  0.1854E-06
 4  2  3  8  0.1869E-06
 4  2  3  8  0.1928E-06
 4  2  3  8  0.2208E-06
 4  2  3  8  0.1913E-06
 4  2  3  8  0.1854E-06
 4  2  4  8  0.1465E-06
 4  2  4  8  0.1316E-06
 4  2  4  8  0.1341E-06
 4  2  4  8  0.1263E-06
 4  2  4  8  0.1284E-06
 4  2  4  8  0.1257E-06
 4  2  4  8  0.1549E-06
 4  2  4  8  0.1270E-06
 4  2  4  8  0.8599E-07
 4  2  4  8  0.1172E-06
 4  2  5  8  0.1077E-06
 4  2  5  8  0.1103E-06
 4  2  5  8  0.9799E-07
 4  2  5  8  0.9306E-07
 4  2  5  8  0.9235E-07
 4  2  5  8  0.9163E-07
 4  2  5  8  0.9060E-07
 4  2  5  8  0.9131E-07
 4  2  5  8  0.9267E-07
 4  2  5  8  0.9632E-07
 4  2  6  8  0.8545E-07
 4  2  6  8  0.8062E-07
 4  2  6  8  0.8738E-07
 4  2  6  8  0.7621E-07
 4  2  6  8  0.7409E-07
 4  2  6  8  0.7175E-07
 4  2  6  8  0.7175E-07
 4  2  6  8  0.7023E-07
 4  2  6  8  0.7119E-07
 4  2  6  8  0.7851E-07
 4  2  7  8  0.5332E-07
 4  2  7  8  0.4556E-07
 4  2  7  8  0.4518E-07
 4  2  7  8  0.4130E-07
 4  2  7  8  0.4993E-07
 4  2  7  8  0.4579E-07
 4  2  7  8  0.4495E-07
 4  2  7  8  0.4420E-07
 4  2  7  8  0.4130E-07
 4  2  7  8  0.4156E-07
 4  2  8  8  0.6203E-07
 4  2  8  8  0.5559E-07
 4  2  8  8  0.5551E-07
 4  2  8  8  0.5534E-07
 4  2  8  8  0.5541E-07
 4  2  8  8  0.5510E-07
 4  2  8  8  0.6104E-07
 4  2  8  8  0.5671E-07
 4  2  8  8  0.5526E-07
 4  2  8  8  0.5549E-07
 4  2  9  8  0.5796E-07
 4  2  9  8  0.5368E-07
 4  2  9  8  0.5321E-07
 4  2  9  8  0.5167E-07
 4  2  9  8  0.5361E-07
 4  2  9  8  0.5212E-07
 4  2  9  8  0.5109E-07
 4  2  9  8  0.5132E-07
 4  2  9  8  0.5377E-07
 4  2  9  8  0.5189E-07
 4  2  10  8  0.6096E-07
 4  2  10  8  0.5467E-07
 4  2  10  8  0.5463E-07
 4  2  10  8  0.5467E-07
 4  2  10  8  0.5446E-07
 4  2  10  8  0.5679E-07
 4  2  10  8  0.5467E-07
 4  2  10  8  0.5488E-07
 4  2  10  8  0.5579E-07
 4  2  10  8  0.5471E-07
 4  2  11  8  0.5738E-07
 4  2  11  8  0.5372E-07
 4  2  11  8  0.5393E-07
 4  2  11  8  0.5369E-07
 4  2  11  8  0.5513E-07
 4  2  11  8  0.5425E-07
 4  2  11  8  0.5554E-07
 4  2  11  8  0.5356E-07
 4  2  11  8  0.5519E-07
 4  2  11  8  0.5428E-07
 4  2  12  8  0.4736E-07
 4  2  12  8  0.4832E-07
 4  2  12  8  0.4603E-07
 4  2  12  8  0.4806E-07
 4  2  12  8  0.4591E-07
 4  2  12  8  0.4787E-07
 4  2  12  8  0.4608E-07
 4  2  12  8  0.4748E-07
 4  2  12  8  0.4553E-07
 4  2  12  8  0.4714E-07
 4  2  13  8  0.4825E-07
 4  2  13  8  0.4553E-07
 4  2  13  8  0.4523E-07
 4  2  13  8  0.4531E-07
 4  2  13  8  0.4510E-07
 4  2  13  8  0.4605E-07
 4  2  13  8  0.4646E-07
 4  2  13  8  0.4548E-07
 4  2  13  8  0.4625E-07
 4  2  13  8  0.4632E-07
 4  2  14  8  0.4443E-07
 4  2  14  8  0.4273E-07
 4  2  14  8  0.4167E-07
 4  2  14  8  0.4212E-07
 4  2  14  8  0.4259E-07
 4  2  14  8  0.4243E-07
 4  2  14  8  0.4153E-07
 4  2  14  8  0.4224E-07
 4  2  14  8  0.4369E-07
 4  2  14  8  0.4261E-07
 4  2  15  8  0.4649E-07
 4  2  15  8  0.4488E-07
 4  2  15  8  0.4514E-07
 4  2  15  8  0.4495E-07
 4  2  15  8  0.4478E-07
 4  2  15  8  0.4468E-07
 4  2  15  8  0.4508E-07
 4  2  15  8  0.4488E-07
 4  2  15  8  0.4467E-07
 4  2  15  8  0.4469E-07
 4  2  16  8  0.4898E-07
 4  2  16  8  0.4769E-07
 4  2  16  8  0.4775E-07
 4  2  16  8  0.4767E-07
 4  2  16  8  0.4855E-07
 4  2  16  8  0.4771E-07
 4  2  16  8  0.4753E-07
 4  2  16  8  0.4803E-07
 4  2  16  8  0.4809E-07
 4  2  16  8  0.4762E-07
 4  2  17  8  0.4988E-07
 4  2  17  8  0.4888E-07
 4  2  17  8  0.4906E-07
 4  2  17  8  0.4892E-07
 4  2  17  8  0.4924E-07
 4  2  17  8  0.4887E-07
 4  2  17  8  0.4944E-07
 4  2  17  8  0.4898E-07
 4  2  17  8  0.4917E-07
 4  2  17  8  0.4911E-07
 4  2  18  8  0.5388E-07
 4  2  18  8  0.5271E-07
 4  2  18  8  0.5329E-07
 4  2  18  8  0.5269E-07
 4  2  18  8  0.5269E-07
 4  2  18  8  0.5281E-07
 4  2  18  8  0.5263E-07
 4  2  18  8  0.5249E-07
 4  2  18  8  0.5246E-07
 4  2  18  8  0.5250E-07
 4  2  19  8  0.4165E-07
 4  2  19  8  0.4178E-07
 4  2  19  8  0.4194E-07
 4  2  19  8  0.4200E-07
 4  2  19  8  0.4207E-07
 4  2  19  8  0.4195E-07
 4  2  19  8  0.4202E-07
 4  2  19  8  0.4191E-07
 4  2  19  8  0.4188E-07
 4  2  19  8  0.4197E-07
 4  2  20  8  0.4106E-07
 4  2  20  8  0.4107E-07
 4  2  20  8  0.4107E-07
 4  2  20  8  0.4108E-07
 4  2  20  8  0.4105E-07
 4  2  20  8  0.4104E-07
 4  2  20  8  0.4105E-07
 4  2  20  8  0.4105E-07
 4  2  20  8  0.4105E-07
 4  2  20  8  0.4106E-07
