 4  128  3  512  0.4162E-07
 4  128  3  512  0.2310E-07
 4  128  3  512  0.1502E-07
 4  128  3  512  0.1490E-07
 4  128  3  512  0.1447E-07
 4  128  3  512  0.1464E-07
 4  128  3  512  0.1656E-07
 4  128  3  512  0.1543E-07
 4  128  3  512  0.1454E-07
 4  128  3  512  0.1548E-07
 4  128  4  512  0.1434E-07
 4  128  4  512  0.8777E-08
 4  128  4  512  0.9226E-08
 4  128  4  512  0.9012E-08
 4  128  4  512  0.8758E-08
 4  128  4  512  0.8758E-08
 4  128  4  512  0.8472E-08
 4  128  4  512  0.8738E-08
 4  128  4  512  0.8435E-08
 4  128  4  512  0.8433E-08
 4  128  5  512  0.1079E-07
 4  128  5  512  0.5443E-08
 4  128  5  512  0.5286E-08
 4  128  5  512  0.5068E-08
 4  128  5  512  0.5287E-08
 4  128  5  512  0.5412E-08
 4  128  5  512  0.5161E-08
 4  128  5  512  0.5261E-08
 4  128  5  512  0.5511E-08
 4  128  5  512  0.5369E-08
 4  128  6  512  0.2211E-08
 4  128  6  512  0.2153E-08
 4  128  6  512  0.2143E-08
 4  128  6  512  0.2162E-08
 4  128  6  512  0.2142E-08
 4  128  6  512  0.2143E-08
 4  128  6  512  0.2171E-08
 4  128  6  512  0.2172E-08
 4  128  6  512  0.2141E-08
 4  128  6  512  0.2156E-08
 4  128  7  512  0.1868E-08
 4  128  7  512  0.1851E-08
 4  128  7  512  0.1855E-08
 4  128  7  512  0.1835E-08
 4  128  7  512  0.1827E-08
 4  128  7  512  0.1838E-08
 4  128  7  512  0.1834E-08
 4  128  7  512  0.1830E-08
 4  128  7  512  0.1841E-08
 4  128  7  512  0.1846E-08
 4  128  8  512  0.1576E-08
 4  128  8  512  0.1569E-08
 4  128  8  512  0.1571E-08
 4  128  8  512  0.1564E-08
 4  128  8  512  0.1566E-08
 4  128  8  512  0.1573E-08
 4  128  8  512  0.1568E-08
 4  128  8  512  0.1569E-08
 4  128  8  512  0.1564E-08
 4  128  8  512  0.1564E-08
 4  128  9  512  0.1345E-08
 4  128  9  512  0.1336E-08
 4  128  9  512  0.1345E-08
 4  128  9  512  0.1335E-08
 4  128  9  512  0.1339E-08
 4  128  9  512  0.1334E-08
 4  128  9  512  0.1337E-08
 4  128  9  512  0.1337E-08
 4  128  9  512  0.1337E-08
 4  128  9  512  0.1341E-08
 4  128  10  512  0.1190E-08
 4  128  10  512  0.1178E-08
 4  128  10  512  0.1180E-08
 4  128  10  512  0.1179E-08
 4  128  10  512  0.1176E-08
 4  128  10  512  0.1180E-08
 4  128  10  512  0.1180E-08
 4  128  10  512  0.1179E-08
 4  128  10  512  0.1183E-08
 4  128  10  512  0.1176E-08
 4  128  11  512  0.1070E-08
 4  128  11  512  0.1061E-08
 4  128  11  512  0.1059E-08
 4  128  11  512  0.1058E-08
 4  128  11  512  0.1058E-08
 4  128  11  512  0.1062E-08
 4  128  11  512  0.1057E-08
 4  128  11  512  0.1060E-08
 4  128  11  512  0.1059E-08
 4  128  11  512  0.1060E-08
 4  128  12  512  0.9270E-09
 4  128  12  512  0.9262E-09
 4  128  12  512  0.9212E-09
 4  128  12  512  0.9212E-09
 4  128  12  512  0.9208E-09
 4  128  12  512  0.9243E-09
 4  128  12  512  0.9262E-09
 4  128  12  512  0.9218E-09
 4  128  12  512  0.9206E-09
 4  128  12  512  0.9244E-09
 4  128  13  512  0.8982E-09
 4  128  13  512  0.8942E-09
 4  128  13  512  0.8945E-09
 4  128  13  512  0.8966E-09
 4  128  13  512  0.8908E-09
 4  128  13  512  0.8948E-09
 4  128  13  512  0.8937E-09
 4  128  13  512  0.8914E-09
 4  128  13  512  0.8939E-09
 4  128  13  512  0.8957E-09
 4  128  14  512  0.8141E-09
 4  128  14  512  0.8138E-09
 4  128  14  512  0.8113E-09
 4  128  14  512  0.8102E-09
 4  128  14  512  0.8117E-09
 4  128  14  512  0.8085E-09
 4  128  14  512  0.8093E-09
 4  128  14  512  0.8129E-09
 4  128  14  512  0.8108E-09
 4  128  14  512  0.8105E-09
 4  128  15  512  0.8185E-09
 4  128  15  512  0.8163E-09
 4  128  15  512  0.8179E-09
 4  128  15  512  0.8164E-09
 4  128  15  512  0.8161E-09
 4  128  15  512  0.8157E-09
 4  128  15  512  0.8162E-09
 4  128  15  512  0.8149E-09
 4  128  15  512  0.8156E-09
 4  128  15  512  0.8174E-09
 4  128  16  512  0.7774E-09
 4  128  16  512  0.7769E-09
 4  128  16  512  0.7829E-09
 4  128  16  512  0.7759E-09
 4  128  16  512  0.7764E-09
 4  128  16  512  0.7746E-09
 4  128  16  512  0.7756E-09
 4  128  16  512  0.7761E-09
 4  128  16  512  0.7756E-09
 4  128  16  512  0.7763E-09
 4  128  17  512  0.8794E-09
 4  128  17  512  0.8768E-09
 4  128  17  512  0.8771E-09
 4  128  17  512  0.8764E-09
 4  128  17  512  0.8759E-09
 4  128  17  512  0.8769E-09
 4  128  17  512  0.8764E-09
 4  128  17  512  0.8770E-09
 4  128  17  512  0.8781E-09
 4  128  17  512  0.8770E-09
 4  128  19  512  0.8779E-09
 4  128  19  512  0.8757E-09
 4  128  19  512  0.8768E-09
 4  128  19  512  0.8765E-09
 4  128  19  512  0.8774E-09
 4  128  19  512  0.8767E-09
 4  128  19  512  0.8775E-09
 4  128  19  512  0.8764E-09
 4  128  19  512  0.8773E-09
 4  128  19  512  0.8779E-09
 4  128  20  512  0.8483E-09
 4  128  20  512  0.8473E-09
 4  128  20  512  0.8474E-09
 4  128  20  512  0.8480E-09
 4  128  20  512  0.8474E-09
 4  128  20  512  0.8473E-09
 4  128  20  512  0.8472E-09
 4  128  20  512  0.8471E-09
 4  128  20  512  0.8472E-09
 4  128  20  512  0.8478E-09
