 4  1024  3  4096  0.1334E-08
 4  1024  3  4096  0.1253E-08
 4  1024  3  4096  0.1242E-08
 4  1024  3  4096  0.1226E-08
 4  1024  3  4096  0.1306E-08
 4  1024  3  4096  0.1238E-08
 4  1024  3  4096  0.1257E-08
 4  1024  3  4096  0.1256E-08
 4  1024  3  4096  0.1229E-08
 4  1024  3  4096  0.1246E-08
 4  1024  4  4096  0.5595E-09
 4  1024  4  4096  0.5552E-09
 4  1024  4  4096  0.5657E-09
 4  1024  4  4096  0.5475E-09
 4  1024  4  4096  0.5378E-09
 4  1024  4  4096  0.5395E-09
 4  1024  4  4096  0.5791E-09
 4  1024  4  4096  0.5480E-09
 4  1024  4  4096  0.5393E-09
 4  1024  4  4096  0.5479E-09
 4  1024  5  4096  0.3168E-09
 4  1024  5  4096  0.3080E-09
 4  1024  5  4096  0.3082E-09
 4  1024  5  4096  0.3128E-09
 4  1024  5  4096  0.3168E-09
 4  1024  5  4096  0.3115E-09
 4  1024  5  4096  0.3074E-09
 4  1024  5  4096  0.3128E-09
 4  1024  5  4096  0.3234E-09
 4  1024  5  4096  0.3162E-09
 4  1024  6  4096  0.2067E-09
 4  1024  6  4096  0.2004E-09
 4  1024  6  4096  0.2037E-09
 4  1024  6  4096  0.2007E-09
 4  1024  6  4096  0.2021E-09
 4  1024  6  4096  0.2011E-09
 4  1024  6  4096  0.1980E-09
 4  1024  6  4096  0.2184E-09
 4  1024  6  4096  0.2150E-09
 4  1024  6  4096  0.1989E-09
 4  1024  7  4096  0.1633E-09
 4  1024  7  4096  0.1640E-09
 4  1024  7  4096  0.1617E-09
 4  1024  7  4096  0.1620E-09
 4  1024  7  4096  0.1586E-09
 4  1024  7  4096  0.1610E-09
 4  1024  7  4096  0.1578E-09
 4  1024  7  4096  0.1640E-09
 4  1024  7  4096  0.1630E-09
 4  1024  7  4096  0.1609E-09
 4  1024  8  4096  0.1486E-09
 4  1024  8  4096  0.1449E-09
 4  1024  8  4096  0.1450E-09
 4  1024  8  4096  0.1465E-09
 4  1024  8  4096  0.1459E-09
 4  1024  8  4096  0.1452E-09
 4  1024  8  4096  0.1471E-09
 4  1024  8  4096  0.1450E-09
 4  1024  8  4096  0.1472E-09
 4  1024  8  4096  0.1443E-09
 4  1024  9  4096  0.1498E-09
 4  1024  9  4096  0.1454E-09
 4  1024  9  4096  0.1459E-09
 4  1024  9  4096  0.1470E-09
 4  1024  9  4096  0.1458E-09
 4  1024  9  4096  0.1471E-09
 4  1024  9  4096  0.1472E-09
 4  1024  9  4096  0.1471E-09
 4  1024  9  4096  0.1472E-09
 4  1024  9  4096  0.1472E-09
 4  1024  10  4096  0.1290E-09
 4  1024  10  4096  0.1280E-09
 4  1024  10  4096  0.1276E-09
 4  1024  10  4096  0.1289E-09
 4  1024  10  4096  0.1264E-09
 4  1024  10  4096  0.1266E-09
 4  1024  10  4096  0.1276E-09
 4  1024  10  4096  0.1285E-09
 4  1024  10  4096  0.1285E-09
 4  1024  10  4096  0.1279E-09
 4  1024  11  4096  0.1193E-09
 4  1024  11  4096  0.1180E-09
 4  1024  11  4096  0.1152E-09
 4  1024  11  4096  0.1152E-09
 4  1024  11  4096  0.1165E-09
 4  1024  11  4096  0.1181E-09
 4  1024  11  4096  0.1181E-09
 4  1024  11  4096  0.1156E-09
 4  1024  11  4096  0.1157E-09
 4  1024  11  4096  0.1164E-09
 4  1024  12  4096  0.1024E-09
 4  1024  12  4096  0.1003E-09
 4  1024  12  4096  0.1010E-09
 4  1024  12  4096  0.9955E-10
 4  1024  12  4096  0.1006E-09
 4  1024  12  4096  0.1013E-09
 4  1024  12  4096  0.9956E-10
 4  1024  12  4096  0.1015E-09
 4  1024  12  4096  0.1002E-09
 4  1024  12  4096  0.1008E-09
 4  1024  13  4096  0.9711E-10
 4  1024  13  4096  0.9712E-10
 4  1024  13  4096  0.9589E-10
 4  1024  13  4096  0.9719E-10
 4  1024  13  4096  0.9664E-10
 4  1024  13  4096  0.9696E-10
 4  1024  13  4096  0.9562E-10
 4  1024  13  4096  0.9666E-10
 4  1024  13  4096  0.9607E-10
 4  1024  13  4096  0.9601E-10
 4  1024  14  4096  0.8754E-10
 4  1024  14  4096  0.8618E-10
 4  1024  14  4096  0.8535E-10
 4  1024  14  4096  0.8704E-10
 4  1024  14  4096  0.8660E-10
 4  1024  14  4096  0.8691E-10
 4  1024  14  4096  0.8603E-10
 4  1024  14  4096  0.8677E-10
 4  1024  14  4096  0.8775E-10
 4  1024  14  4096  0.8520E-10
 4  1024  15  4096  0.8848E-10
 4  1024  15  4096  0.8683E-10
 4  1024  15  4096  0.8886E-10
 4  1024  15  4096  0.8712E-10
 4  1024  15  4096  0.8722E-10
 4  1024  15  4096  0.8937E-10
 4  1024  15  4096  0.8709E-10
 4  1024  15  4096  0.8719E-10
 4  1024  15  4096  0.8902E-10
 4  1024  15  4096  0.8683E-10
 4  1024  16  4096  0.8392E-10
 4  1024  16  4096  0.8246E-10
 4  1024  16  4096  0.8336E-10
 4  1024  16  4096  0.8265E-10
 4  1024  16  4096  0.8225E-10
 4  1024  16  4096  0.8241E-10
 4  1024  16  4096  0.8269E-10
 4  1024  16  4096  0.8297E-10
 4  1024  16  4096  0.8290E-10
 4  1024  16  4096  0.8263E-10
 4  1024  17  4096  0.9853E-10
 4  1024  17  4096  0.9758E-10
 4  1024  17  4096  0.9877E-10
 4  1024  17  4096  0.9772E-10
 4  1024  17  4096  0.9798E-10
 4  1024  17  4096  0.9787E-10
 4  1024  17  4096  0.9787E-10
 4  1024  17  4096  0.9885E-10
 4  1024  17  4096  0.9776E-10
 4  1024  17  4096  0.9802E-10
 4  1024  18  4096  0.9511E-10
 4  1024  18  4096  0.9559E-10
 4  1024  18  4096  0.9494E-10
 4  1024  18  4096  0.9505E-10
 4  1024  18  4096  0.9609E-10
 4  1024  18  4096  0.9505E-10
 4  1024  18  4096  0.9510E-10
 4  1024  18  4096  0.9611E-10
 4  1024  18  4096  0.9497E-10
 4  1024  18  4096  0.9517E-10
 4  1024  19  4096  0.1021E-09
 4  1024  19  4096  0.1033E-09
 4  1024  19  4096  0.1034E-09
 4  1024  19  4096  0.1025E-09
 4  1024  19  4096  0.1024E-09
 4  1024  19  4096  0.1026E-09
 4  1024  19  4096  0.1029E-09
 4  1024  19  4096  0.1027E-09
 4  1024  19  4096  0.1033E-09
 4  1024  19  4096  0.1030E-09
 4  1024  20  4096  0.9197E-10
 4  1024  20  4096  0.9159E-10
 4  1024  20  4096  0.9077E-10
 4  1024  20  4096  0.9180E-10
 4  1024  20  4096  0.9173E-10
 4  1024  20  4096  0.9079E-10
 4  1024  20  4096  0.9072E-10
 4  1024  20  4096  0.9094E-10
 4  1024  20  4096  0.9077E-10
 4  1024  20  4096  0.9170E-10
