 4  512  3  2048  0.5362E-08
 4  512  3  2048  0.5332E-08
 4  512  3  2048  0.5300E-08
 4  512  3  2048  0.5279E-08
 4  512  3  2048  0.7497E-08
 4  512  4  2048  0.2356E-08
 4  512  4  2048  0.2320E-08
 4  512  4  2048  0.2333E-08
 4  512  4  2048  0.2352E-08
 4  512  4  2048  0.2373E-08
 4  512  5  2048  0.1384E-08
 4  512  5  2048  0.1365E-08
 4  512  5  2048  0.1367E-08
 4  512  5  2048  0.1366E-08
 4  512  5  2048  0.1365E-08
 4  512  6  2048  0.9369E-09
 4  512  6  2048  0.9499E-09
 4  512  6  2048  0.9416E-09
 4  512  6  2048  0.9452E-09
 4  512  6  2048  0.9520E-09
 4  512  7  2048  0.7621E-09
 4  512  7  2048  0.7638E-09
 4  512  7  2048  0.7653E-09
 4  512  7  2048  0.7802E-09
 4  512  7  2048  0.7693E-09
 4  512  8  2048  0.6841E-09
 4  512  8  2048  0.6933E-09
 4  512  8  2048  0.6923E-09
 4  512  8  2048  0.6857E-09
 4  512  8  2048  0.6869E-09
 4  512  9  2048  0.6076E-09
 4  512  9  2048  0.6055E-09
 4  512  9  2048  0.6113E-09
 4  512  9  2048  0.6050E-09
 4  512  9  2048  0.6104E-09
 4  512  10  2048  0.5236E-09
 4  512  10  2048  0.5268E-09
 4  512  10  2048  0.5257E-09
 4  512  10  2048  0.5232E-09
 4  512  10  2048  0.5249E-09
 4  512  11  2048  0.4613E-09
 4  512  11  2048  0.4579E-09
 4  512  11  2048  0.4593E-09
 4  512  11  2048  0.4592E-09
 4  512  11  2048  0.4581E-09
 4  512  12  2048  0.3985E-09
 4  512  12  2048  0.4002E-09
 4  512  12  2048  0.3986E-09
 4  512  12  2048  0.4034E-09
 4  512  12  2048  0.4008E-09
 4  512  13  2048  0.3677E-09
 4  512  13  2048  0.3706E-09
 4  512  13  2048  0.3684E-09
 4  512  13  2048  0.3705E-09
 4  512  13  2048  0.3672E-09
 4  512  14  2048  0.3540E-09
 4  512  14  2048  0.3473E-09
 4  512  14  2048  0.3563E-09
 4  512  14  2048  0.3342E-09
 4  512  14  2048  0.3404E-09
 4  512  15  2048  0.3335E-09
 4  512  15  2048  0.3298E-09
 4  512  15  2048  0.3377E-09
 4  512  15  2048  0.3361E-09
 4  512  15  2048  0.3273E-09
 4  512  16  2048  0.3202E-09
 4  512  16  2048  0.3322E-09
 4  512  16  2048  0.3298E-09
 4  512  16  2048  0.3257E-09
 4  512  16  2048  0.3288E-09
 4  512  17  2048  0.3160E-09
 4  512  17  2048  0.3228E-09
 4  512  17  2048  0.3233E-09
 4  512  17  2048  0.3221E-09
 4  512  17  2048  0.3160E-09
 4  512  18  2048  0.3072E-09
 4  512  18  2048  0.3061E-09
 4  512  18  2048  0.3084E-09
 4  512  18  2048  0.3019E-09
 4  512  18  2048  0.3108E-09
 4  512  19  2048  0.3024E-09
 4  512  19  2048  0.2983E-09
 4  512  19  2048  0.3015E-09
 4  512  19  2048  0.3023E-09
 4  512  19  2048  0.2969E-09
 4  512  20  2048  0.2897E-09
 4  512  20  2048  0.2973E-09
 4  512  20  2048  0.2974E-09
 4  512  20  2048  0.2921E-09
 4  512  20  2048  0.2945E-09
