 4  128  3  512  0.3048E-07
 4  128  3  512  0.1244E-07
 4  128  3  512  0.1193E-07
 4  128  3  512  0.1162E-07
 4  128  3  512  0.1099E-07
 4  128  3  512  0.1264E-07
 4  128  3  512  0.1145E-07
 4  128  3  512  0.1119E-07
 4  128  3  512  0.7866E-08
 4  128  3  512  0.1129E-07
 4  128  4  512  0.1113E-07
 4  128  4  512  0.5626E-08
 4  128  4  512  0.7252E-08
 4  128  4  512  0.7111E-08
 4  128  4  512  0.7070E-08
 4  128  4  512  0.7080E-08
 4  128  4  512  0.7477E-08
 4  128  4  512  0.7050E-08
 4  128  4  512  0.6713E-08
 4  128  4  512  0.6764E-08
 4  128  5  512  0.8979E-08
 4  128  5  512  0.4249E-08
 4  128  5  512  0.4386E-08
 4  128  5  512  0.4177E-08
 4  128  5  512  0.4244E-08
 4  128  5  512  0.4094E-08
 4  128  5  512  0.4218E-08
 4  128  5  512  0.2992E-08
 4  128  5  512  0.4078E-08
 4  128  5  512  0.4114E-08
 4  128  6  512  0.1445E-08
 4  128  6  512  0.1412E-08
 4  128  6  512  0.1429E-08
 4  128  6  512  0.1414E-08
 4  128  6  512  0.1397E-08
 4  128  6  512  0.1393E-08
 4  128  6  512  0.1393E-08
 4  128  6  512  0.1411E-08
 4  128  6  512  0.1403E-08
 4  128  6  512  0.1396E-08
 4  128  7  512  0.1343E-08
 4  128  7  512  0.1268E-08
 4  128  7  512  0.1272E-08
 4  128  7  512  0.1276E-08
 4  128  7  512  0.1279E-08
 4  128  7  512  0.1279E-08
 4  128  7  512  0.1269E-08
 4  128  7  512  0.1277E-08
 4  128  7  512  0.1263E-08
 4  128  7  512  0.1269E-08
 4  128  8  512  0.1131E-08
 4  128  8  512  0.1122E-08
 4  128  8  512  0.1117E-08
 4  128  8  512  0.1105E-08
 4  128  8  512  0.1115E-08
 4  128  8  512  0.1111E-08
 4  128  8  512  0.1119E-08
 4  128  8  512  0.1118E-08
 4  128  8  512  0.1112E-08
 4  128  8  512  0.1111E-08
 4  128  9  512  0.1028E-08
 4  128  9  512  0.1029E-08
 4  128  9  512  0.1024E-08
 4  128  9  512  0.1029E-08
 4  128  9  512  0.1023E-08
 4  128  9  512  0.1025E-08
 4  128  9  512  0.1027E-08
 4  128  9  512  0.1032E-08
 4  128  9  512  0.1030E-08
 4  128  9  512  0.1027E-08
 4  128  10  512  0.9373E-09
 4  128  10  512  0.9322E-09
 4  128  10  512  0.9284E-09
 4  128  10  512  0.9306E-09
 4  128  10  512  0.9321E-09
 4  128  10  512  0.9317E-09
 4  128  10  512  0.9323E-09
 4  128  10  512  0.9275E-09
 4  128  10  512  0.9332E-09
 4  128  10  512  0.9333E-09
 4  128  11  512  0.8571E-09
 4  128  11  512  0.8556E-09
 4  128  11  512  0.8529E-09
 4  128  11  512  0.8499E-09
 4  128  11  512  0.8586E-09
 4  128  11  512  0.8545E-09
 4  128  11  512  0.8489E-09
 4  128  11  512  0.8766E-09
 4  128  11  512  0.8484E-09
 4  128  11  512  0.8532E-09
 4  128  12  512  0.7565E-09
 4  128  12  512  0.7488E-09
 4  128  12  512  0.7513E-09
 4  128  12  512  0.7528E-09
 4  128  12  512  0.7515E-09
 4  128  12  512  0.7533E-09
 4  128  12  512  0.7507E-09
 4  128  12  512  0.7540E-09
 4  128  12  512  0.7507E-09
 4  128  12  512  0.7476E-09
 4  128  13  512  0.7399E-09
 4  128  13  512  0.7342E-09
 4  128  13  512  0.7312E-09
 4  128  13  512  0.7361E-09
 4  128  13  512  0.7351E-09
 4  128  13  512  0.7346E-09
 4  128  13  512  0.7328E-09
 4  128  13  512  0.7361E-09
 4  128  13  512  0.7320E-09
 4  128  13  512  0.7366E-09
 4  128  14  512  0.6725E-09
 4  128  14  512  0.6740E-09
 4  128  14  512  0.6711E-09
 4  128  14  512  0.6691E-09
 4  128  14  512  0.6733E-09
 4  128  14  512  0.6717E-09
 4  128  14  512  0.6692E-09
 4  128  14  512  0.6683E-09
 4  128  14  512  0.6715E-09
 4  128  14  512  0.6710E-09
 4  128  15  512  0.6947E-09
 4  128  15  512  0.6939E-09
 4  128  15  512  0.6923E-09
 4  128  15  512  0.6931E-09
 4  128  15  512  0.6942E-09
 4  128  15  512  0.6936E-09
 4  128  15  512  0.6940E-09
 4  128  15  512  0.6939E-09
 4  128  15  512  0.6938E-09
 4  128  15  512  0.6932E-09
 4  128  16  512  0.6612E-09
 4  128  16  512  0.6572E-09
 4  128  16  512  0.6574E-09
 4  128  16  512  0.6588E-09
 4  128  16  512  0.6585E-09
 4  128  16  512  0.6574E-09
 4  128  16  512  0.6593E-09
 4  128  16  512  0.6591E-09
 4  128  16  512  0.6597E-09
 4  128  16  512  0.6673E-09
 4  128  17  512  0.7555E-09
 4  128  17  512  0.7556E-09
 4  128  17  512  0.7556E-09
 4  128  17  512  0.7549E-09
 4  128  17  512  0.7547E-09
 4  128  17  512  0.7543E-09
 4  128  17  512  0.7541E-09
 4  128  17  512  0.7535E-09
 4  128  17  512  0.7530E-09
 4  128  17  512  0.7544E-09
 4  128  18  512  0.7350E-09
 4  128  19  512  0.7647E-09
 4  128  19  512  0.7627E-09
 4  128  19  512  0.7630E-09
 4  128  19  512  0.7626E-09
 4  128  19  512  0.7622E-09
 4  128  19  512  0.7630E-09
 4  128  19  512  0.7627E-09
 4  128  19  512  0.7626E-09
 4  128  19  512  0.7627E-09
 4  128  19  512  0.7664E-09
 4  128  20  512  0.7458E-09
 4  128  20  512  0.7454E-09
 4  128  20  512  0.7443E-09
 4  128  20  512  0.7449E-09
 4  128  20  512  0.7449E-09
 4  128  20  512  0.7443E-09
 4  128  20  512  0.7442E-09
 4  128  20  512  0.7441E-09
 4  128  20  512  0.7448E-09
 4  128  20  512  0.7451E-09
