 4  1  3  4  0.3149E-06
 4  1  3  4  0.2340E-06
 4  1  3  4  0.2252E-06
 4  1  3  4  0.2406E-06
 4  1  3  4  0.1670E-06
 4  1  3  4  0.1450E-06
 4  1  3  4  0.2134E-06
 4  1  3  4  0.1884E-06
 4  1  3  4  0.2097E-06
 4  1  3  4  0.2068E-06
 4  1  4  4  0.1226E-06
 4  1  4  4  0.8475E-07
 4  1  4  4  0.7792E-07
 4  1  4  4  0.7699E-07
 4  1  4  4  0.7792E-07
 4  1  4  4  0.7544E-07
 4  1  4  4  0.7668E-07
 4  1  4  4  0.7420E-07
 4  1  4  4  0.7699E-07
 4  1  4  4  0.7544E-07
 4  1  5  4  0.1260E-06
 4  1  5  4  0.7200E-07
 4  1  5  4  0.1020E-06
 4  1  5  4  0.1040E-06
 4  1  5  4  0.6930E-07
 4  1  5  4  0.1033E-06
 4  1  5  4  0.6866E-07
 4  1  5  4  0.1068E-06
 4  1  5  4  0.1008E-06
 4  1  5  4  0.1467E-06
 4  1  6  4  0.7257E-07
 4  1  6  4  0.8370E-07
 4  1  6  4  0.5905E-07
 4  1  6  4  0.8481E-07
 4  1  6  4  0.8481E-07
 4  1  6  4  0.8867E-07
 4  1  6  4  0.6098E-07
 4  1  6  4  0.8140E-07
 4  1  6  4  0.5675E-07
 4  1  6  4  0.7754E-07
 4  1  7  4  0.8434E-07
 4  1  7  4  0.7698E-07
 4  1  7  4  0.7553E-07
 4  1  7  4  0.7582E-07
 4  1  7  4  0.7438E-07
 4  1  7  4  0.7970E-07
 4  1  7  4  0.7553E-07
 4  1  7  4  0.7484E-07
 4  1  7  4  0.7409E-07
 4  1  7  4  0.7333E-07
 4  1  8  4  0.8626E-07
 4  1  8  4  0.7128E-07
 4  1  8  4  0.7132E-07
 4  1  8  4  0.7179E-07
 4  1  8  4  0.6931E-07
 4  1  8  4  0.6884E-07
 4  1  8  4  0.6756E-07
 4  1  8  4  0.7047E-07
 4  1  8  4  0.7047E-07
 4  1  8  4  0.6900E-07
 4  1  9  4  0.7021E-07
 4  1  9  4  0.6653E-07
 4  1  9  4  0.6288E-07
 4  1  9  4  0.6710E-07
 4  1  9  4  0.6563E-07
 4  1  9  4  0.6563E-07
 4  1  9  4  0.6470E-07
 4  1  9  4  0.6470E-07
 4  1  9  4  0.6369E-07
 4  1  9  4  0.6754E-07
 4  1  10  4  0.9900E-07
 4  1  10  4  0.9710E-07
 4  1  10  4  0.9433E-07
 4  1  10  4  0.9441E-07
 4  1  10  4  0.9843E-07
 4  1  10  4  0.9533E-07
 4  1  10  4  0.9418E-07
 4  1  10  4  0.9708E-07
 4  1  10  4  0.9451E-07
 4  1  10  4  0.9475E-07
 4  1  11  4  0.9134E-07
 4  1  11  4  0.8477E-07
 4  1  11  4  0.8503E-07
 4  1  11  4  0.8885E-07
 4  1  11  4  0.8489E-07
 4  1  11  4  0.8546E-07
 4  1  11  4  0.8979E-07
 4  1  11  4  0.8853E-07
 4  1  11  4  0.9028E-07
 4  1  11  4  0.8697E-07
 4  1  12  4  0.7388E-07
 4  1  12  4  0.7026E-07
 4  1  12  4  0.7182E-07
 4  1  12  4  0.7055E-07
 4  1  12  4  0.7345E-07
 4  1  12  4  0.7037E-07
 4  1  12  4  0.7379E-07
 4  1  12  4  0.7032E-07
 4  1  12  4  0.7046E-07
 4  1  12  4  0.7195E-07
 4  1  13  4  0.7582E-07
 4  1  13  4  0.7287E-07
 4  1  13  4  0.7541E-07
 4  1  13  4  0.7495E-07
 4  1  13  4  0.7586E-07
 4  1  13  4  0.7279E-07
 4  1  13  4  0.7563E-07
 4  1  13  4  0.7302E-07
 4  1  13  4  0.7548E-07
 4  1  13  4  0.7298E-07
 4  1  14  4  0.6614E-07
 4  1  14  4  0.6654E-07
 4  1  14  4  0.6393E-07
 4  1  14  4  0.6635E-07
 4  1  14  4  0.6378E-07
 4  1  14  4  0.6557E-07
 4  1  14  4  0.6553E-07
 4  1  14  4  0.6451E-07
 4  1  14  4  0.6624E-07
 4  1  14  4  0.6469E-07
 4  1  15  4  0.7491E-07
 4  1  15  4  0.7343E-07
 4  1  15  4  0.7212E-07
 4  1  15  4  0.7380E-07
 4  1  15  4  0.7323E-07
 4  1  15  4  0.7380E-07
 4  1  15  4  0.7346E-07
 4  1  15  4  0.7215E-07
 4  1  15  4  0.7291E-07
 4  1  15  4  0.7340E-07
 4  1  16  4  0.5094E-07
 4  1  16  4  0.5090E-07
 4  1  16  4  0.5236E-07
 4  1  16  4  0.7542E-07
 4  1  16  4  0.7509E-07
 4  1  16  4  0.7516E-07
 4  1  16  4  0.7516E-07
 4  1  16  4  0.7534E-07
 4  1  16  4  0.7538E-07
 4  1  16  4  0.7523E-07
 4  1  17  4  0.6470E-07
 4  1  17  4  0.6464E-07
 4  1  17  4  0.6466E-07
 4  1  17  4  0.6472E-07
 4  1  17  4  0.8293E-07
 4  1  17  4  0.8209E-07
 4  1  17  4  0.8213E-07
 4  1  17  4  0.8191E-07
 4  1  17  4  0.8208E-07
 4  1  17  4  0.8235E-07
 4  1  18  4  0.6314E-07
 4  1  18  4  0.6309E-07
 4  1  18  4  0.6313E-07
 4  1  18  4  0.6312E-07
 4  1  18  4  0.6310E-07
 4  1  18  4  0.6348E-07
 4  1  18  4  0.8659E-07
 4  1  18  4  0.8563E-07
 4  1  18  4  0.8678E-07
 4  1  18  4  0.8540E-07
 4  1  19  4  0.6837E-07
 4  1  19  4  0.6836E-07
 4  1  19  4  0.6836E-07
 4  1  19  4  0.6836E-07
 4  1  19  4  0.6842E-07
 4  1  19  4  0.6832E-07
 4  1  19  4  0.6830E-07
 4  1  19  4  0.6875E-07
 4  1  19  4  0.9349E-07
 4  1  19  4  0.9376E-07
 4  1  20  4  0.6697E-07
 4  1  20  4  0.6694E-07
 4  1  20  4  0.6695E-07
 4  1  20  4  0.6704E-07
 4  1  20  4  0.6691E-07
 4  1  20  4  0.6697E-07
 4  1  20  4  0.6702E-07
 4  1  20  4  0.6695E-07
 4  1  20  4  0.6696E-07
 4  1  20  4  0.6699E-07
