 4  2  3  8  0.1093E-06
 4  2  3  8  0.3595E-06
 4  2  3  8  0.3628E-06
 4  2  3  8  0.2995E-06
 4  2  3  8  0.3657E-06
 4  2  3  8  0.3580E-06
 4  2  3  8  0.3488E-06
 4  2  3  8  0.3378E-06
 4  2  3  8  0.3319E-06
 4  2  3  8  0.3396E-06
 4  2  4  8  0.4465E-07
 4  2  4  8  0.1700E-06
 4  2  4  8  0.1763E-06
 4  2  4  8  0.1498E-06
 4  2  4  8  0.1745E-06
 4  2  4  8  0.2030E-06
 4  2  4  8  0.1510E-06
 4  2  4  8  0.1641E-06
 4  2  4  8  0.1594E-06
 4  2  4  8  0.1517E-06
 4  2  5  8  0.3652E-07
 4  2  5  8  0.4680E-07
 4  2  5  8  0.1240E-06
 4  2  5  8  0.1156E-06
 4  2  5  8  0.1230E-06
 4  2  5  8  0.1177E-06
 4  2  5  8  0.1147E-06
 4  2  5  8  0.1140E-06
 4  2  5  8  0.1100E-06
 4  2  5  8  0.1113E-06
 4  2  6  8  0.2948E-07
 4  2  6  8  0.2913E-07
 4  2  6  8  0.8679E-07
 4  2  6  8  0.8642E-07
 4  2  6  8  0.9184E-07
 4  2  6  8  0.8527E-07
 4  2  6  8  0.8720E-07
 4  2  6  8  0.9240E-07
 4  2  6  8  0.7717E-07
 4  2  6  8  0.8430E-07
 4  2  7  8  0.2998E-07
 4  2  7  8  0.2785E-07
 4  2  7  8  0.2965E-07
 4  2  7  8  0.5066E-07
 4  2  7  8  0.4906E-07
 4  2  7  8  0.4871E-07
 4  2  7  8  0.4860E-07
 4  2  7  8  0.4773E-07
 4  2  7  8  0.4799E-07
 4  2  7  8  0.5297E-07
 4  2  8  8  0.2757E-07
 4  2  8  8  0.2699E-07
 4  2  8  8  0.2707E-07
 4  2  8  8  0.6316E-07
 4  2  8  8  0.6395E-07
 4  2  8  8  0.6079E-07
 4  2  8  8  0.6030E-07
 4  2  8  8  0.6104E-07
 4  2  8  8  0.6463E-07
 4  2  8  8  0.6061E-07
 4  2  9  8  0.3207E-07
 4  2  9  8  0.3169E-07
 4  2  9  8  0.3176E-07
 4  2  9  8  0.3196E-07
 4  2  9  8  0.5447E-07
 4  2  9  8  0.5355E-07
 4  2  9  8  0.5704E-07
 4  2  9  8  0.5373E-07
 4  2  9  8  0.5368E-07
 4  2  9  8  0.5527E-07
 4  2  10  8  0.3439E-07
 4  2  10  8  0.3361E-07
 4  2  10  8  0.3360E-07
 4  2  10  8  0.3358E-07
 4  2  10  8  0.3387E-07
 4  2  10  8  0.5720E-07
 4  2  10  8  0.5696E-07
 4  2  10  8  0.5958E-07
 4  2  10  8  0.5700E-07
 4  2  10  8  0.6067E-07
 4  2  11  8  0.3471E-07
 4  2  11  8  0.3422E-07
 4  2  11  8  0.3420E-07
 4  2  11  8  0.3420E-07
 4  2  11  8  0.3418E-07
 4  2  11  8  0.3440E-07
 4  2  11  8  0.5575E-07
 4  2  11  8  0.5688E-07
 4  2  11  8  0.5613E-07
 4  2  11  8  0.6055E-07
 4  2  12  8  0.3204E-07
 4  2  12  8  0.3166E-07
 4  2  12  8  0.3159E-07
 4  2  12  8  0.3157E-07
 4  2  12  8  0.3159E-07
 4  2  12  8  0.3162E-07
 4  2  12  8  0.3161E-07
 4  2  12  8  0.4820E-07
 4  2  12  8  0.4869E-07
 4  2  12  8  0.4852E-07
 4  2  13  8  0.3292E-07
 4  2  13  8  0.3258E-07
 4  2  13  8  0.3261E-07
 4  2  13  8  0.3258E-07
 4  2  13  8  0.3259E-07
 4  2  13  8  0.3263E-07
 4  2  13  8  0.3261E-07
 4  2  13  8  0.3277E-07
 4  2  13  8  0.4778E-07
 4  2  13  8  0.4812E-07
 4  2  14  8  0.3142E-07
 4  2  14  8  0.3111E-07
 4  2  14  8  0.3112E-07
 4  2  14  8  0.3111E-07
 4  2  14  8  0.3114E-07
 4  2  14  8  0.3116E-07
 4  2  14  8  0.3109E-07
 4  2  14  8  0.3111E-07
 4  2  14  8  0.3110E-07
 4  2  14  8  0.3157E-07
 4  2  15  8  0.3451E-07
 4  2  15  8  0.3430E-07
 4  2  15  8  0.3434E-07
 4  2  15  8  0.3437E-07
 4  2  15  8  0.3432E-07
 4  2  15  8  0.3435E-07
 4  2  15  8  0.3438E-07
 4  2  15  8  0.3432E-07
 4  2  15  8  0.3433E-07
 4  2  15  8  0.3443E-07
 4  2  16  8  0.3411E-07
 4  2  16  8  0.3399E-07
 4  2  16  8  0.3396E-07
 4  2  16  8  0.3401E-07
 4  2  16  8  0.3401E-07
 4  2  16  8  0.3398E-07
 4  2  16  8  0.3404E-07
 4  2  16  8  0.3397E-07
 4  2  16  8  0.3399E-07
 4  2  16  8  0.3398E-07
 4  2  17  8  0.4106E-07
 4  2  17  8  0.4092E-07
 4  2  17  8  0.4091E-07
 4  2  17  8  0.4093E-07
 4  2  17  8  0.4091E-07
 4  2  17  8  0.4093E-07
 4  2  17  8  0.4092E-07
 4  2  17  8  0.4093E-07
 4  2  17  8  0.4090E-07
 4  2  17  8  0.4092E-07
 4  2  18  8  0.4051E-07
 4  2  18  8  0.4038E-07
 4  2  18  8  0.4039E-07
 4  2  18  8  0.4038E-07
 4  2  18  8  0.4040E-07
 4  2  18  8  0.4040E-07
 4  2  18  8  0.4039E-07
 4  2  18  8  0.4039E-07
 4  2  18  8  0.4038E-07
 4  2  18  8  0.4040E-07
 4  2  19  8  0.4312E-07
 4  2  19  8  0.4303E-07
 4  2  19  8  0.4304E-07
 4  2  19  8  0.4303E-07
 4  2  19  8  0.4301E-07
 4  2  19  8  0.4306E-07
 4  2  19  8  0.4301E-07
 4  2  19  8  0.4306E-07
 4  2  19  8  0.4302E-07
 4  2  19  8  0.4304E-07
 4  2  20  8  0.4240E-07
 4  2  20  8  0.4231E-07
 4  2  20  8  0.4232E-07
 4  2  20  8  0.4233E-07
 4  2  20  8  0.4231E-07
 4  2  20  8  0.4231E-07
 4  2  20  8  0.4230E-07
 4  2  20  8  0.4233E-07
 4  2  20  8  0.4231E-07
 4  2  20  8  0.4232E-07
