 4  4096  3  16384  0.2109E-08
 4  4096  3  16384  0.1829E-08
 4  4096  3  16384  0.1896E-08
 4  4096  3  16384  0.1913E-08
 4  4096  3  16384  0.1816E-08
 4  4096  3  16384  0.1815E-08
 4  4096  3  16384  0.1880E-08
 4  4096  3  16384  0.1891E-08
 4  4096  3  16384  0.1799E-08
 4  4096  3  16384  0.1816E-08
 4  4096  4  16384  0.8994E-09
 4  4096  4  16384  0.8261E-09
 4  4096  4  16384  0.8072E-09
 4  4096  4  16384  0.8244E-09
 4  4096  4  16384  0.8163E-09
 4  4096  4  16384  0.8094E-09
 4  4096  4  16384  0.8010E-09
 4  4096  4  16384  0.8335E-09
 4  4096  4  16384  0.8296E-09
 4  4096  4  16384  0.8249E-09
 4  4096  5  16384  0.5393E-09
 4  4096  5  16384  0.4501E-09
 4  4096  5  16384  0.4507E-09
 4  4096  5  16384  0.4711E-09
 4  4096  5  16384  0.4573E-09
 4  4096  5  16384  0.4535E-09
 4  4096  5  16384  0.4580E-09
 4  4096  5  16384  0.4616E-09
 4  4096  5  16384  0.4560E-09
 4  4096  5  16384  0.4471E-09
 4  4096  6  16384  0.3295E-09
 4  4096  6  16384  0.3020E-09
 4  4096  6  16384  0.2934E-09
 4  4096  6  16384  0.2848E-09
 4  4096  6  16384  0.2993E-09
 4  4096  6  16384  0.2932E-09
 4  4096  6  16384  0.2822E-09
 4  4096  6  16384  0.3007E-09
 4  4096  6  16384  0.3011E-09
 4  4096  6  16384  0.2847E-09
 4  4096  8  16384  0.1783E-09
 4  4096  8  16384  0.1607E-09
 4  4096  8  16384  0.1686E-09
 4  4096  8  16384  0.1633E-09
 4  4096  8  16384  0.1626E-09
 4  4096  8  16384  0.1695E-09
 4  4096  8  16384  0.1587E-09
 4  4096  8  16384  0.1672E-09
 4  4096  8  16384  0.1617E-09
 4  4096  8  16384  0.1635E-09
 4  4096  9  16384  0.1410E-09
 4  4096  9  16384  0.1417E-09
 4  4096  9  16384  0.1340E-09
 4  4096  9  16384  0.1409E-09
 4  4096  9  16384  0.1346E-09
 4  4096  9  16384  0.1413E-09
 4  4096  9  16384  0.1340E-09
 4  4096  9  16384  0.1395E-09
 4  4096  9  16384  0.1341E-09
 4  4096  9  16384  0.1397E-09
 4  4096  10  16384  0.1167E-09
 4  4096  10  16384  0.1108E-09
 4  4096  10  16384  0.1129E-09
 4  4096  10  16384  0.1125E-09
 4  4096  10  16384  0.1118E-09
 4  4096  10  16384  0.1145E-09
 4  4096  10  16384  0.1105E-09
 4  4096  10  16384  0.1142E-09
 4  4096  10  16384  0.1099E-09
 4  4096  10  16384  0.1136E-09
 4  4096  11  16384  0.9682E-10
 4  4096  11  16384  0.9172E-10
 4  4096  11  16384  0.9399E-10
 4  4096  11  16384  0.9286E-10
 4  4096  11  16384  0.9307E-10
 4  4096  11  16384  0.9402E-10
 4  4096  11  16384  0.9206E-10
 4  4096  11  16384  0.9497E-10
 4  4096  11  16384  0.9635E-10
 4  4096  11  16384  0.9185E-10
 4  4096  11  16384  0.9693E-10
 4  4096  11  16384  0.9438E-10
 4  4096  11  16384  0.9341E-10
 4  4096  11  16384  0.9359E-10
 4  4096  11  16384  0.9398E-10
 4  4096  11  16384  0.9277E-10
 4  4096  11  16384  0.9339E-10
 4  4096  11  16384  0.9348E-10
 4  4096  11  16384  0.9266E-10
 4  4096  11  16384  0.9423E-10
