 4  256  3  1024  0.1351E-07
 4  256  3  1024  0.1322E-07
 4  256  3  1024  0.1288E-07
 4  256  3  1024  0.1279E-07
 4  256  3  1024  0.1282E-07
 4  256  3  1024  0.1288E-07
 4  256  3  1024  0.1285E-07
 4  256  3  1024  0.1297E-07
 4  256  3  1024  0.1279E-07
 4  256  3  1024  0.1286E-07
 4  256  4  1024  0.5841E-08
 4  256  4  1024  0.5610E-08
 4  256  4  1024  0.5639E-08
 4  256  4  1024  0.5493E-08
 4  256  4  1024  0.5483E-08
 4  256  4  1024  0.5460E-08
 4  256  4  1024  0.5489E-08
 4  256  4  1024  0.5440E-08
 4  256  4  1024  0.5487E-08
 4  256  4  1024  0.5448E-08
 4  256  5  1024  0.3304E-08
 4  256  5  1024  0.3101E-08
 4  256  5  1024  0.3086E-08
 4  256  5  1024  0.3122E-08
 4  256  5  1024  0.3056E-08
 4  256  5  1024  0.3080E-08
 4  256  5  1024  0.3092E-08
 4  256  5  1024  0.3053E-08
 4  256  5  1024  0.3089E-08
 4  256  5  1024  0.3072E-08
 4  256  6  1024  0.2228E-08
 4  256  6  1024  0.2069E-08
 4  256  6  1024  0.2061E-08
 4  256  6  1024  0.2071E-08
 4  256  6  1024  0.2091E-08
 4  256  6  1024  0.2082E-08
 4  256  6  1024  0.2064E-08
 4  256  6  1024  0.2071E-08
 4  256  6  1024  0.2052E-08
 4  256  6  1024  0.2054E-08
 4  256  7  1024  0.1718E-08
 4  256  7  1024  0.1613E-08
 4  256  7  1024  0.1599E-08
 4  256  7  1024  0.1652E-08
 4  256  7  1024  0.1640E-08
 4  256  7  1024  0.1598E-08
 4  256  7  1024  0.1618E-08
 4  256  7  1024  0.1612E-08
 4  256  7  1024  0.1595E-08
 4  256  7  1024  0.1606E-08
 4  256  8  1024  0.1445E-08
 4  256  8  1024  0.1383E-08
 4  256  8  1024  0.1383E-08
 4  256  8  1024  0.1370E-08
 4  256  8  1024  0.1370E-08
 4  256  8  1024  0.1381E-08
 4  256  8  1024  0.1384E-08
 4  256  8  1024  0.1377E-08
 4  256  8  1024  0.1379E-08
 4  256  8  1024  0.1368E-08
 4  256  9  1024  0.1132E-08
 4  256  9  1024  0.1104E-08
 4  256  9  1024  0.1103E-08
 4  256  9  1024  0.1098E-08
 4  256  9  1024  0.1099E-08
 4  256  9  1024  0.1097E-08
 4  256  9  1024  0.1104E-08
 4  256  9  1024  0.1096E-08
 4  256  9  1024  0.1096E-08
 4  256  9  1024  0.1102E-08
 4  256  10  1024  0.9991E-09
 4  256  10  1024  0.9684E-09
 4  256  10  1024  0.9696E-09
 4  256  10  1024  0.9680E-09
 4  256  10  1024  0.9670E-09
 4  256  10  1024  0.9674E-09
 4  256  10  1024  0.9706E-09
 4  256  10  1024  0.9635E-09
 4  256  10  1024  0.9648E-09
 4  256  10  1024  0.9716E-09
 4  256  11  1024  0.8801E-09
 4  256  11  1024  0.8574E-09
 4  256  11  1024  0.8565E-09
 4  256  11  1024  0.8650E-09
 4  256  11  1024  0.8603E-09
 4  256  11  1024  0.8636E-09
 4  256  11  1024  0.8609E-09
 4  256  11  1024  0.8601E-09
 4  256  11  1024  0.8649E-09
 4  256  11  1024  0.8629E-09
 4  256  12  1024  0.7360E-09
 4  256  12  1024  0.7264E-09
 4  256  12  1024  0.7220E-09
 4  256  12  1024  0.7233E-09
 4  256  12  1024  0.7232E-09
 4  256  12  1024  0.7223E-09
 4  256  12  1024  0.7248E-09
 4  256  12  1024  0.7237E-09
 4  256  12  1024  0.7234E-09
 4  256  12  1024  0.7229E-09
 4  256  13  1024  0.6777E-09
 4  256  13  1024  0.6691E-09
 4  256  13  1024  0.6655E-09
 4  256  13  1024  0.6699E-09
 4  256  13  1024  0.6661E-09
 4  256  13  1024  0.6672E-09
 4  256  13  1024  0.6681E-09
 4  256  13  1024  0.6665E-09
 4  256  13  1024  0.6680E-09
 4  256  13  1024  0.6656E-09
 4  256  14  1024  0.5976E-09
 4  256  14  1024  0.5881E-09
 4  256  14  1024  0.5891E-09
 4  256  14  1024  0.5852E-09
 4  256  14  1024  0.5906E-09
 4  256  14  1024  0.5883E-09
 4  256  14  1024  0.5889E-09
 4  256  14  1024  0.5872E-09
 4  256  14  1024  0.5917E-09
 4  256  14  1024  0.5888E-09
 4  256  15  1024  0.5863E-09
 4  256  15  1024  0.5821E-09
 4  256  15  1024  0.5804E-09
 4  256  15  1024  0.5801E-09
 4  256  15  1024  0.5804E-09
 4  256  15  1024  0.5801E-09
 4  256  15  1024  0.5804E-09
 4  256  15  1024  0.5806E-09
 4  256  15  1024  0.5819E-09
 4  256  15  1024  0.5802E-09
 4  256  16  1024  0.5286E-09
 4  256  16  1024  0.5234E-09
 4  256  16  1024  0.5246E-09
 4  256  16  1024  0.5241E-09
 4  256  16  1024  0.5223E-09
 4  256  16  1024  0.5246E-09
 4  256  16  1024  0.5283E-09
 4  256  16  1024  0.5223E-09
 4  256  16  1024  0.5261E-09
 4  256  16  1024  0.5234E-09
 4  256  17  1024  0.5658E-09
 4  256  17  1024  0.5619E-09
 4  256  17  1024  0.5611E-09
 4  256  17  1024  0.5656E-09
 4  256  17  1024  0.5609E-09
 4  256  17  1024  0.5644E-09
 4  256  17  1024  0.5621E-09
 4  256  17  1024  0.5613E-09
 4  256  17  1024  0.5610E-09
 4  256  17  1024  0.5607E-09
 4  256  18  1024  0.5392E-09
 4  256  18  1024  0.5387E-09
 4  256  18  1024  0.5378E-09
 4  256  18  1024  0.5392E-09
 4  256  18  1024  0.5346E-09
 4  256  18  1024  0.5365E-09
 4  256  18  1024  0.5385E-09
 4  256  18  1024  0.5343E-09
 4  256  18  1024  0.5339E-09
 4  256  18  1024  0.5345E-09
 4  256  19  1024  0.5487E-09
 4  256  19  1024  0.5444E-09
 4  256  19  1024  0.5458E-09
 4  256  19  1024  0.5451E-09
 4  256  19  1024  0.5447E-09
 4  256  19  1024  0.5453E-09
 4  256  19  1024  0.5448E-09
 4  256  19  1024  0.5479E-09
 4  256  19  1024  0.5450E-09
 4  256  19  1024  0.5462E-09
 4  256  20  1024  0.4987E-09
 4  256  20  1024  0.4953E-09
 4  256  20  1024  0.4945E-09
 4  256  20  1024  0.4940E-09
 4  256  20  1024  0.4961E-09
 4  256  20  1024  0.4945E-09
 4  256  20  1024  0.4945E-09
 4  256  20  1024  0.4945E-09
 4  256  20  1024  0.4951E-09
 4  256  20  1024  0.4945E-09
