 4  32  3  128  0.1093E-07
 4  32  3  128  0.9712E-08
 4  32  3  128  0.2845E-07
 4  32  3  128  0.3086E-07
 4  32  3  128  0.3104E-07
 4  32  3  128  0.2989E-07
 4  32  3  128  0.2960E-07
 4  32  3  128  0.2893E-07
 4  32  3  128  0.2941E-07
 4  32  3  128  0.2884E-07
 4  32  4  128  0.6192E-08
 4  32  4  128  0.5427E-08
 4  32  4  128  0.5417E-08
 4  32  4  128  0.5501E-08
 4  32  4  128  0.1506E-07
 4  32  4  128  0.1432E-07
 4  32  4  128  0.1306E-07
 4  32  4  128  0.1290E-07
 4  32  4  128  0.1310E-07
 4  32  4  128  0.1274E-07
 4  32  5  128  0.4650E-08
 4  32  5  128  0.4270E-08
 4  32  5  128  0.4225E-08
 4  32  5  128  0.4263E-08
 4  32  5  128  0.4218E-08
 4  32  5  128  0.4299E-08
 4  32  5  128  0.1023E-07
 4  32  5  128  0.1044E-07
 4  32  5  128  0.1006E-07
 4  32  5  128  0.1019E-07
 4  32  6  128  0.3986E-08
 4  32  6  128  0.3566E-08
 4  32  6  128  0.3533E-08
 4  32  6  128  0.3505E-08
 4  32  6  128  0.3486E-08
 4  32  6  128  0.3497E-08
 4  32  6  128  0.3485E-08
 4  32  6  128  0.3533E-08
 4  32  6  128  0.3648E-08
 4  32  6  128  0.7318E-08
 4  32  7  128  0.4043E-08
 4  32  7  128  0.3770E-08
 4  32  7  128  0.3722E-08
 4  32  7  128  0.3732E-08
 4  32  7  128  0.3701E-08
 4  32  7  128  0.3720E-08
 4  32  7  128  0.3719E-08
 4  32  7  128  0.3709E-08
 4  32  7  128  0.3714E-08
 4  32  7  128  0.3712E-08
 4  32  8  128  0.3614E-08
 4  32  8  128  0.3388E-08
 4  32  8  128  0.3352E-08
 4  32  8  128  0.3357E-08
 4  32  8  128  0.3364E-08
 4  32  8  128  0.3350E-08
 4  32  8  128  0.3351E-08
 4  32  8  128  0.3370E-08
 4  32  8  128  0.3368E-08
 4  32  8  128  0.3371E-08
 4  32  9  128  0.2715E-08
 4  32  9  128  0.2665E-08
 4  32  9  128  0.2670E-08
 4  32  9  128  0.2645E-08
 4  32  9  128  0.2656E-08
 4  32  9  128  0.2663E-08
 4  32  9  128  0.2646E-08
 4  32  9  128  0.2652E-08
 4  32  9  128  0.2650E-08
 4  32  9  128  0.2656E-08
 4  32  10  128  0.2747E-08
 4  32  10  128  0.2668E-08
 4  32  10  128  0.2655E-08
 4  32  10  128  0.2659E-08
 4  32  10  128  0.2701E-08
 4  32  10  128  0.2656E-08
 4  32  10  128  0.2652E-08
 4  32  10  128  0.2650E-08
 4  32  10  128  0.2660E-08
 4  32  10  128  0.2651E-08
 4  32  11  128  0.2691E-08
 4  32  11  128  0.2621E-08
 4  32  11  128  0.2623E-08
 4  32  11  128  0.2629E-08
 4  32  11  128  0.2605E-08
 4  32  11  128  0.2607E-08
 4  32  11  128  0.2614E-08
 4  32  11  128  0.2615E-08
 4  32  11  128  0.2609E-08
 4  32  11  128  0.2610E-08
 4  32  12  128  0.2458E-08
 4  32  12  128  0.2373E-08
 4  32  12  128  0.2377E-08
 4  32  12  128  0.2373E-08
 4  32  12  128  0.2372E-08
 4  32  12  128  0.2369E-08
 4  32  12  128  0.2374E-08
 4  32  12  128  0.2367E-08
 4  32  12  128  0.2370E-08
 4  32  12  128  0.2377E-08
 4  32  13  128  0.2483E-08
 4  32  13  128  0.2420E-08
 4  32  13  128  0.2416E-08
 4  32  13  128  0.2419E-08
 4  32  13  128  0.2411E-08
 4  32  13  128  0.2415E-08
 4  32  13  128  0.2420E-08
 4  32  13  128  0.2425E-08
 4  32  13  128  0.2413E-08
 4  32  13  128  0.2408E-08
 4  32  14  128  0.2348E-08
 4  32  14  128  0.2303E-08
 4  32  14  128  0.2293E-08
 4  32  14  128  0.2300E-08
 4  32  14  128  0.2291E-08
 4  32  14  128  0.2289E-08
 4  32  14  128  0.2290E-08
 4  32  14  128  0.2292E-08
 4  32  14  128  0.2287E-08
 4  32  14  128  0.2290E-08
 4  32  15  128  0.2526E-08
 4  32  15  128  0.2489E-08
 4  32  15  128  0.2483E-08
 4  32  15  128  0.2478E-08
 4  32  15  128  0.2484E-08
 4  32  15  128  0.2479E-08
 4  32  15  128  0.2477E-08
 4  32  15  128  0.2475E-08
 4  32  15  128  0.2481E-08
 4  32  15  128  0.2477E-08
 4  32  16  128  0.2442E-08
 4  32  16  128  0.2406E-08
 4  32  16  128  0.2405E-08
 4  32  16  128  0.2401E-08
 4  32  16  128  0.2402E-08
 4  32  16  128  0.2398E-08
 4  32  16  128  0.2400E-08
 4  32  16  128  0.2399E-08
 4  32  16  128  0.2404E-08
 4  32  16  128  0.2398E-08
 4  32  17  128  0.2876E-08
 4  32  17  128  0.2845E-08
 4  32  17  128  0.2843E-08
 4  32  17  128  0.2840E-08
 4  32  17  128  0.2842E-08
 4  32  17  128  0.2837E-08
 4  32  17  128  0.2838E-08
 4  32  17  128  0.2839E-08
 4  32  17  128  0.2841E-08
 4  32  17  128  0.2839E-08
 4  32  18  128  0.2822E-08
 4  32  18  128  0.2793E-08
 4  32  18  128  0.2792E-08
 4  32  18  128  0.2788E-08
 4  32  18  128  0.2792E-08
 4  32  18  128  0.2789E-08
 4  32  18  128  0.2786E-08
 4  32  18  128  0.2786E-08
 4  32  18  128  0.2788E-08
 4  32  18  128  0.2786E-08
 4  32  19  128  0.3017E-08
 4  32  19  128  0.2991E-08
 4  32  19  128  0.2988E-08
 4  32  19  128  0.2987E-08
 4  32  19  128  0.2989E-08
 4  32  19  128  0.2984E-08
 4  32  19  128  0.2985E-08
 4  32  19  128  0.2985E-08
 4  32  19  128  0.2985E-08
 4  32  19  128  0.2984E-08
 4  32  20  128  0.2910E-08
 4  32  20  128  0.2887E-08
 4  32  20  128  0.2884E-08
 4  32  20  128  0.2882E-08
 4  32  20  128  0.2883E-08
 4  32  20  128  0.2881E-08
 4  32  20  128  0.2881E-08
 4  32  20  128  0.2881E-08
 4  32  20  128  0.2916E-08
 4  32  20  128  0.2882E-08
