 4  8  3  32  0.4932E-07
 4  8  3  32  0.4819E-07
 4  8  3  32  0.4792E-07
 4  8  3  32  0.4802E-07
 4  8  3  32  0.4783E-07
 4  8  3  32  0.4813E-07
 4  8  3  32  0.4774E-07
 4  8  3  32  0.4784E-07
 4  8  3  32  0.4832E-07
 4  8  3  32  0.4783E-07
 4  8  4  32  0.2421E-07
 4  8  4  32  0.2340E-07
 4  8  4  32  0.2344E-07
 4  8  4  32  0.2324E-07
 4  8  4  32  0.2375E-07
 4  8  4  32  0.2349E-07
 4  8  4  32  0.2331E-07
 4  8  4  32  0.2327E-07
 4  8  4  32  0.2324E-07
 4  8  4  32  0.2326E-07
 4  8  5  32  0.1633E-07
 4  8  5  32  0.1610E-07
 4  8  5  32  0.1610E-07
 4  8  5  32  0.1601E-07
 4  8  5  32  0.1602E-07
 4  8  5  32  0.1612E-07
 4  8  5  32  0.1602E-07
 4  8  5  32  0.1603E-07
 4  8  5  32  0.1596E-07
 4  8  5  32  0.1603E-07
 4  8  6  32  0.1159E-07
 4  8  6  32  0.1134E-07
 4  8  6  32  0.1128E-07
 4  8  6  32  0.1124E-07
 4  8  6  32  0.1126E-07
 4  8  6  32  0.1121E-07
 4  8  6  32  0.1133E-07
 4  8  6  32  0.1123E-07
 4  8  6  32  0.1125E-07
 4  8  6  32  0.1126E-07
 4  8  7  32  0.9757E-08
 4  8  7  32  0.9584E-08
 4  8  7  32  0.9599E-08
 4  8  7  32  0.9581E-08
 4  8  7  32  0.9572E-08
 4  8  7  32  0.9606E-08
 4  8  7  32  0.9589E-08
 4  8  7  32  0.9552E-08
 4  8  7  32  0.9569E-08
 4  8  7  32  0.9569E-08
 4  8  8  32  0.9388E-08
 4  8  8  32  0.9181E-08
 4  8  8  32  0.9200E-08
 4  8  8  32  0.9202E-08
 4  8  8  32  0.9253E-08
 4  8  8  32  0.9190E-08
 4  8  8  32  0.9193E-08
 4  8  8  32  0.9200E-08
 4  8  8  32  0.9207E-08
 4  8  8  32  0.9186E-08
 4  8  9  32  0.1129E-07
 4  8  9  32  0.1115E-07
 4  8  9  32  0.1114E-07
 4  8  9  32  0.1112E-07
 4  8  9  32  0.1114E-07
 4  8  9  32  0.1120E-07
 4  8  9  32  0.1120E-07
 4  8  9  32  0.1113E-07
 4  8  9  32  0.1118E-07
 4  8  9  32  0.1111E-07
 4  8  10  32  0.1098E-07
 4  8  10  32  0.1084E-07
 4  8  10  32  0.1091E-07
 4  8  10  32  0.1087E-07
 4  8  10  32  0.1085E-07
 4  8  10  32  0.1090E-07
 4  8  10  32  0.1086E-07
 4  8  10  32  0.1087E-07
 4  8  10  32  0.1085E-07
 4  8  10  32  0.1089E-07
 4  8  11  32  0.1119E-07
 4  8  11  32  0.1113E-07
 4  8  11  32  0.1117E-07
 4  8  11  32  0.1113E-07
 4  8  11  32  0.1115E-07
 4  8  11  32  0.1114E-07
 4  8  11  32  0.1117E-07
 4  8  11  32  0.1114E-07
 4  8  11  32  0.1113E-07
 4  8  11  32  0.1116E-07
 4  8  12  32  0.9961E-08
 4  8  12  32  0.9935E-08
 4  8  12  32  0.9922E-08
 4  8  12  32  0.9916E-08
 4  8  12  32  0.9946E-08
 4  8  12  32  0.9917E-08
 4  8  12  32  0.9929E-08
 4  8  12  32  0.9959E-08
 4  8  12  32  0.9924E-08
 4  8  12  32  0.9931E-08
 4  8  13  32  0.1026E-07
 4  8  13  32  0.1022E-07
 4  8  13  32  0.1023E-07
 4  8  13  32  0.1023E-07
 4  8  13  32  0.1027E-07
 4  8  13  32  0.1022E-07
 4  8  13  32  0.1024E-07
 4  8  13  32  0.1022E-07
 4  8  13  32  0.1023E-07
 4  8  13  32  0.1023E-07
 4  8  14  32  0.9605E-08
 4  8  14  32  0.9570E-08
 4  8  14  32  0.9562E-08
 4  8  14  32  0.9554E-08
 4  8  14  32  0.9597E-08
 4  8  14  32  0.9564E-08
 4  8  14  32  0.9568E-08
 4  8  14  32  0.9572E-08
 4  8  14  32  0.9582E-08
 4  8  14  32  0.9572E-08
 4  8  15  32  0.1020E-07
 4  8  15  32  0.1016E-07
 4  8  15  32  0.1017E-07
 4  8  15  32  0.1017E-07
 4  8  15  32  0.1017E-07
 4  8  15  32  0.1016E-07
 4  8  15  32  0.1017E-07
 4  8  15  32  0.1016E-07
 4  8  15  32  0.1016E-07
 4  8  15  32  0.1017E-07
 4  8  16  32  0.9590E-08
 4  8  16  32  0.9583E-08
 4  8  16  32  0.9585E-08
 4  8  16  32  0.9580E-08
 4  8  16  32  0.9602E-08
 4  8  16  32  0.9577E-08
 4  8  16  32  0.9586E-08
 4  8  16  32  0.9588E-08
 4  8  16  32  0.9587E-08
 4  8  16  32  0.9592E-08
 4  8  17  32  0.1151E-07
 4  8  17  32  0.1151E-07
 4  8  17  32  0.1149E-07
 4  8  17  32  0.1151E-07
 4  8  17  32  0.1150E-07
 4  8  17  32  0.1149E-07
 4  8  17  32  0.1151E-07
 4  8  17  32  0.1150E-07
 4  8  17  32  0.1151E-07
 4  8  17  32  0.1149E-07
 4  8  19  32  0.1181E-07
 4  8  19  32  0.1180E-07
 4  8  19  32  0.1181E-07
 4  8  19  32  0.1180E-07
 4  8  19  32  0.1182E-07
 4  8  19  32  0.1179E-07
 4  8  19  32  0.1181E-07
 4  8  19  32  0.1181E-07
 4  8  19  32  0.1180E-07
 4  8  19  32  0.1181E-07
