 4  8192  3  32768  0.3850E-09
 4  8192  3  32768  0.3912E-09
 4  8192  3  32768  0.4006E-09
 4  8192  3  32768  0.4147E-09
 4  8192  3  32768  0.4172E-09
 4  8192  3  32768  0.4012E-09
 4  8192  3  32768  0.3722E-09
 4  8192  3  32768  0.3717E-09
 4  8192  3  32768  0.3549E-09
 4  8192  3  32768  0.3663E-09
 4  8192  4  32768  0.1579E-09
 4  8192  4  32768  0.1585E-09
 4  8192  4  32768  0.1605E-09
 4  8192  4  32768  0.1654E-09
 4  8192  4  32768  0.1727E-09
 4  8192  4  32768  0.1800E-09
 4  8192  4  32768  0.1816E-09
 4  8192  4  32768  0.1709E-09
 4  8192  4  32768  0.1604E-09
 4  8192  4  32768  0.1629E-09
 4  8192  5  32768  0.1032E-09
 4  8192  5  32768  0.9770E-10
 4  8192  5  32768  0.9664E-10
 4  8192  5  32768  0.9452E-10
 4  8192  5  32768  0.9623E-10
 4  8192  5  32768  0.9872E-10
 4  8192  5  32768  0.1019E-09
 4  8192  5  32768  0.1040E-09
 4  8192  5  32768  0.1012E-09
 4  8192  5  32768  0.9629E-10
 4  8192  6  32768  0.7309E-10
 4  8192  6  32768  0.6769E-10
 4  8192  6  32768  0.6811E-10
 4  8192  6  32768  0.6646E-10
 4  8192  6  32768  0.6700E-10
 4  8192  6  32768  0.6807E-10
 4  8192  6  32768  0.7191E-10
 4  8192  6  32768  0.6990E-10
 4  8192  6  32768  0.6775E-10
 4  8192  6  32768  0.6533E-10
 4  8192  7  32768  0.5256E-10
 4  8192  7  32768  0.5391E-10
 4  8192  7  32768  0.5654E-10
 4  8192  7  32768  0.5590E-10
 4  8192  7  32768  0.5446E-10
 4  8192  7  32768  0.5168E-10
 4  8192  7  32768  0.5079E-10
 4  8192  7  32768  0.5209E-10
 4  8192  7  32768  0.5423E-10
 4  8192  7  32768  0.5421E-10
 4  8192  8  32768  0.4265E-10
 4  8192  8  32768  0.4052E-10
 4  8192  8  32768  0.3984E-10
 4  8192  8  32768  0.4165E-10
 4  8192  8  32768  0.4256E-10
 4  8192  8  32768  0.4225E-10
 4  8192  8  32768  0.4026E-10
 4  8192  8  32768  0.4019E-10
 4  8192  8  32768  0.4234E-10
 4  8192  8  32768  0.4358E-10
 4  8192  9  32768  0.3474E-10
 4  8192  9  32768  0.3429E-10
 4  8192  9  32768  0.3416E-10
 4  8192  9  32768  0.3419E-10
 4  8192  9  32768  0.3504E-10
 4  8192  9  32768  0.3416E-10
 4  8192  9  32768  0.3396E-10
 4  8192  9  32768  0.3382E-10
 4  8192  9  32768  0.3407E-10
 4  8192  9  32768  0.3405E-10
 4  8192  10  32768  0.2801E-10
 4  8192  10  32768  0.2770E-10
 4  8192  10  32768  0.2787E-10
 4  8192  10  32768  0.2803E-10
 4  8192  10  32768  0.2768E-10
 4  8192  10  32768  0.2787E-10
 4  8192  10  32768  0.2763E-10
 4  8192  10  32768  0.2805E-10
 4  8192  10  32768  0.2794E-10
 4  8192  10  32768  0.2784E-10
 4  8192  11  32768  0.2375E-10
 4  8192  11  32768  0.2415E-10
 4  8192  11  32768  0.2351E-10
 4  8192  11  32768  0.2335E-10
 4  8192  11  32768  0.2409E-10
 4  8192  11  32768  0.2362E-10
 4  8192  11  32768  0.2333E-10
 4  8192  11  32768  0.2439E-10
 4  8192  11  32768  0.2413E-10
 4  8192  11  32768  0.2358E-10
 4  8192  12  32768  0.1997E-10
 4  8192  12  32768  0.1962E-10
 4  8192  12  32768  0.1985E-10
 4  8192  12  32768  0.2000E-10
 4  8192  12  32768  0.1963E-10
 4  8192  12  32768  0.1998E-10
 4  8192  12  32768  0.1986E-10
 4  8192  12  32768  0.1961E-10
 4  8192  12  32768  0.1999E-10
 4  8192  12  32768  0.1991E-10
 4  8192  13  32768  0.1795E-10
 4  8192  13  32768  0.1755E-10
 4  8192  13  32768  0.1810E-10
 4  8192  13  32768  0.1768E-10
 4  8192  13  32768  0.1799E-10
 4  8192  13  32768  0.1797E-10
 4  8192  13  32768  0.1765E-10
 4  8192  13  32768  0.1822E-10
 4  8192  13  32768  0.1780E-10
 4  8192  13  32768  0.1794E-10
 4  8192  14  32768  0.1569E-10
 4  8192  14  32768  0.1577E-10
 4  8192  14  32768  0.1537E-10
 4  8192  14  32768  0.1568E-10
 4  8192  14  32768  0.1564E-10
 4  8192  14  32768  0.1571E-10
 4  8192  14  32768  0.1574E-10
 4  8192  14  32768  0.1562E-10
 4  8192  14  32768  0.1587E-10
 4  8192  14  32768  0.1570E-10
 4  8192  15  32768  0.1507E-10
 4  8192  15  32768  0.1509E-10
 4  8192  15  32768  0.1496E-10
 4  8192  15  32768  0.1505E-10
 4  8192  15  32768  0.1495E-10
 4  8192  15  32768  0.1505E-10
 4  8192  15  32768  0.1497E-10
 4  8192  15  32768  0.1505E-10
 4  8192  15  32768  0.1499E-10
 4  8192  15  32768  0.1512E-10
 4  8192  16  32768  0.1380E-10
 4  8192  16  32768  0.1404E-10
 4  8192  16  32768  0.1377E-10
 4  8192  16  32768  0.1396E-10
 4  8192  16  32768  0.1398E-10
 4  8192  16  32768  0.1387E-10
 4  8192  16  32768  0.1403E-10
 4  8192  16  32768  0.1381E-10
 4  8192  16  32768  0.1404E-10
 4  8192  16  32768  0.1378E-10
 4  8192  17  32768  0.1505E-10
 4  8192  17  32768  0.1501E-10
 4  8192  17  32768  0.1494E-10
 4  8192  17  32768  0.1502E-10
 4  8192  17  32768  0.1506E-10
 4  8192  17  32768  0.1495E-10
 4  8192  17  32768  0.1502E-10
 4  8192  17  32768  0.1507E-10
 4  8192  17  32768  0.1501E-10
 4  8192  17  32768  0.1491E-10
 4  8192  18  32768  0.1413E-10
 4  8192  18  32768  0.1427E-10
 4  8192  18  32768  0.1423E-10
 4  8192  18  32768  0.1425E-10
 4  8192  18  32768  0.1419E-10
 4  8192  18  32768  0.1412E-10
 4  8192  18  32768  0.1421E-10
 4  8192  18  32768  0.1421E-10
 4  8192  18  32768  0.1430E-10
 4  8192  18  32768  0.1420E-10
 4  8192  19  32768  0.1513E-10
 4  8192  19  32768  0.1507E-10
 4  8192  19  32768  0.1505E-10
 4  8192  19  32768  0.1508E-10
 4  8192  19  32768  0.1510E-10
 4  8192  19  32768  0.1509E-10
 4  8192  19  32768  0.1507E-10
 4  8192  19  32768  0.1508E-10
 4  8192  19  32768  0.1507E-10
 4  8192  19  32768  0.1513E-10
 4  8192  20  32768  0.1669E-10
 4  8192  20  32768  0.1445E-10
 4  8192  20  32768  0.1423E-10
 4  8192  20  32768  0.1421E-10
 4  8192  20  32768  0.1423E-10
 4  8192  20  32768  0.1424E-10
 4  8192  20  32768  0.1425E-10
 4  8192  20  32768  0.1423E-10
 4  8192  20  32768  0.1422E-10
 4  8192  20  32768  0.1432E-10
