 4  1024  3  4096  0.1867E-08
 4  1024  3  4096  0.1825E-08
 4  1024  3  4096  0.1780E-08
 4  1024  3  4096  0.1809E-08
 4  1024  3  4096  0.1775E-08
 4  1024  3  4096  0.1830E-08
 4  1024  3  4096  0.1811E-08
 4  1024  3  4096  0.1795E-08
 4  1024  3  4096  0.1827E-08
 4  1024  3  4096  0.1823E-08
 4  1024  4  4096  0.8549E-09
 4  1024  4  4096  0.8198E-09
 4  1024  4  4096  0.8165E-09
 4  1024  4  4096  0.8270E-09
 4  1024  4  4096  0.7876E-09
 4  1024  4  4096  0.8256E-09
 4  1024  4  4096  0.8233E-09
 4  1024  4  4096  0.8028E-09
 4  1024  4  4096  0.8128E-09
 4  1024  4  4096  0.8243E-09
 4  1024  5  4096  0.4896E-09
 4  1024  5  4096  0.4746E-09
 4  1024  5  4096  0.4775E-09
 4  1024  5  4096  0.4734E-09
 4  1024  5  4096  0.4674E-09
 4  1024  5  4096  0.4796E-09
 4  1024  5  4096  0.4687E-09
 4  1024  5  4096  0.4712E-09
 4  1024  5  4096  0.4751E-09
 4  1024  5  4096  0.5080E-09
 4  1024  6  4096  0.3359E-09
 4  1024  6  4096  0.3314E-09
 4  1024  6  4096  0.3247E-09
 4  1024  6  4096  0.3274E-09
 4  1024  6  4096  0.3255E-09
 4  1024  6  4096  0.3271E-09
 4  1024  6  4096  0.3269E-09
 4  1024  6  4096  0.3234E-09
 4  1024  6  4096  0.3272E-09
 4  1024  6  4096  0.3228E-09
 4  1024  7  4096  0.2699E-09
 4  1024  7  4096  0.2680E-09
 4  1024  7  4096  0.2654E-09
 4  1024  7  4096  0.2663E-09
 4  1024  7  4096  0.2681E-09
 4  1024  7  4096  0.2672E-09
 4  1024  7  4096  0.2637E-09
 4  1024  7  4096  0.2675E-09
 4  1024  7  4096  0.2697E-09
 4  1024  7  4096  0.2663E-09
 4  1024  8  4096  0.2212E-09
 4  1024  8  4096  0.2166E-09
 4  1024  8  4096  0.2159E-09
 4  1024  8  4096  0.2131E-09
 4  1024  8  4096  0.2154E-09
 4  1024  8  4096  0.2185E-09
 4  1024  8  4096  0.2162E-09
 4  1024  8  4096  0.2135E-09
 4  1024  8  4096  0.2136E-09
 4  1024  8  4096  0.2139E-09
 4  1024  9  4096  0.1958E-09
 4  1024  9  4096  0.1927E-09
 4  1024  9  4096  0.1967E-09
 4  1024  9  4096  0.1936E-09
 4  1024  9  4096  0.1935E-09
 4  1024  9  4096  0.1930E-09
 4  1024  9  4096  0.1934E-09
 4  1024  9  4096  0.1950E-09
 4  1024  9  4096  0.1951E-09
 4  1024  9  4096  0.1930E-09
 4  1024  10  4096  0.1643E-09
 4  1024  10  4096  0.1648E-09
 4  1024  10  4096  0.1642E-09
 4  1024  10  4096  0.1635E-09
 4  1024  10  4096  0.1658E-09
 4  1024  10  4096  0.1643E-09
 4  1024  10  4096  0.1653E-09
 4  1024  10  4096  0.1633E-09
 4  1024  10  4096  0.1652E-09
 4  1024  10  4096  0.1648E-09
 4  1024  11  4096  0.1466E-09
 4  1024  11  4096  0.1468E-09
 4  1024  11  4096  0.1452E-09
 4  1024  11  4096  0.1439E-09
 4  1024  11  4096  0.1466E-09
 4  1024  11  4096  0.1461E-09
 4  1024  11  4096  0.1440E-09
 4  1024  11  4096  0.1440E-09
 4  1024  11  4096  0.1476E-09
 4  1024  11  4096  0.1477E-09
 4  1024  12  4096  0.1266E-09
 4  1024  12  4096  0.1248E-09
 4  1024  12  4096  0.1246E-09
 4  1024  12  4096  0.1261E-09
 4  1024  12  4096  0.1251E-09
 4  1024  12  4096  0.1245E-09
 4  1024  12  4096  0.1253E-09
 4  1024  12  4096  0.1263E-09
 4  1024  12  4096  0.1258E-09
 4  1024  12  4096  0.1247E-09
 4  1024  13  4096  0.1167E-09
 4  1024  13  4096  0.1157E-09
 4  1024  13  4096  0.1169E-09
 4  1024  13  4096  0.1160E-09
 4  1024  13  4096  0.1158E-09
 4  1024  13  4096  0.1151E-09
 4  1024  13  4096  0.1160E-09
 4  1024  13  4096  0.1164E-09
 4  1024  13  4096  0.1155E-09
 4  1024  13  4096  0.1178E-09
 4  1024  14  4096  0.1050E-09
 4  1024  14  4096  0.1039E-09
 4  1024  14  4096  0.1031E-09
 4  1024  14  4096  0.1046E-09
 4  1024  14  4096  0.1057E-09
 4  1024  14  4096  0.1042E-09
 4  1024  14  4096  0.1047E-09
 4  1024  14  4096  0.1049E-09
 4  1024  14  4096  0.1039E-09
 4  1024  14  4096  0.1049E-09
 4  1024  15  4096  0.1031E-09
 4  1024  15  4096  0.1024E-09
 4  1024  15  4096  0.1019E-09
 4  1024  15  4096  0.1034E-09
 4  1024  15  4096  0.1028E-09
 4  1024  15  4096  0.1029E-09
 4  1024  15  4096  0.1023E-09
 4  1024  15  4096  0.1041E-09
 4  1024  15  4096  0.1023E-09
 4  1024  15  4096  0.1021E-09
 4  1024  16  4096  0.9664E-10
 4  1024  16  4096  0.9690E-10
 4  1024  16  4096  0.9626E-10
 4  1024  16  4096  0.9590E-10
 4  1024  16  4096  0.9643E-10
 4  1024  16  4096  0.9604E-10
 4  1024  16  4096  0.9625E-10
 4  1024  16  4096  0.9638E-10
 4  1024  16  4096  0.9680E-10
 4  1024  16  4096  0.9609E-10
 4  1024  17  4096  0.1086E-09
 4  1024  17  4096  0.1080E-09
 4  1024  17  4096  0.1090E-09
 4  1024  17  4096  0.1082E-09
 4  1024  17  4096  0.1082E-09
 4  1024  17  4096  0.1094E-09
 4  1024  17  4096  0.1084E-09
 4  1024  17  4096  0.1092E-09
 4  1024  17  4096  0.1092E-09
 4  1024  17  4096  0.1081E-09
 4  1024  18  4096  0.1052E-09
 4  1024  18  4096  0.1060E-09
 4  1024  18  4096  0.1048E-09
 4  1024  18  4096  0.1048E-09
 4  1024  18  4096  0.1050E-09
 4  1024  18  4096  0.1058E-09
 4  1024  18  4096  0.1049E-09
 4  1024  18  4096  0.1051E-09
 4  1024  18  4096  0.1059E-09
 4  1024  18  4096  0.1048E-09
 4  1024  19  4096  0.1114E-09
 4  1024  19  4096  0.1114E-09
 4  1024  19  4096  0.1114E-09
 4  1024  19  4096  0.1111E-09
 4  1024  19  4096  0.1106E-09
 4  1024  19  4096  0.1106E-09
 4  1024  19  4096  0.1109E-09
 4  1024  19  4096  0.1107E-09
 4  1024  19  4096  0.1109E-09
 4  1024  19  4096  0.1109E-09
 4  1024  20  4096  0.1006E-09
 4  1024  20  4096  0.1005E-09
 4  1024  20  4096  0.1003E-09
 4  1024  20  4096  0.1005E-09
 4  1024  20  4096  0.1004E-09
 4  1024  20  4096  0.9960E-10
 4  1024  20  4096  0.9959E-10
 4  1024  20  4096  0.9962E-10
 4  1024  20  4096  0.9980E-10
 4  1024  20  4096  0.1004E-09
