 4  2048  3  8192  0.1683E-08
 4  2048  3  8192  0.1684E-08
 4  2048  3  8192  0.1639E-08
 4  2048  3  8192  0.1666E-08
 4  2048  3  8192  0.1654E-08
 4  2048  3  8192  0.1647E-08
 4  2048  3  8192  0.1656E-08
 4  2048  3  8192  0.1664E-08
 4  2048  3  8192  0.1678E-08
 4  2048  3  8192  0.1661E-08
 4  2048  4  8192  0.7328E-09
 4  2048  4  8192  0.7183E-09
 4  2048  4  8192  0.7199E-09
 4  2048  4  8192  0.7320E-09
 4  2048  4  8192  0.7156E-09
 4  2048  4  8192  0.7383E-09
 4  2048  4  8192  0.7305E-09
 4  2048  4  8192  0.7235E-09
 4  2048  4  8192  0.7280E-09
 4  2048  4  8192  0.7249E-09
 4  2048  5  8192  0.4481E-09
 4  2048  5  8192  0.4510E-09
 4  2048  5  8192  0.4387E-09
 4  2048  5  8192  0.4456E-09
 4  2048  5  8192  0.4434E-09
 4  2048  5  8192  0.4575E-09
 4  2048  5  8192  0.4502E-09
 4  2048  5  8192  0.4456E-09
 4  2048  5  8192  0.4516E-09
 4  2048  5  8192  0.4471E-09
 4  2048  6  8192  0.3207E-09
 4  2048  6  8192  0.3131E-09
 4  2048  6  8192  0.3140E-09
 4  2048  6  8192  0.3189E-09
 4  2048  6  8192  0.3122E-09
 4  2048  6  8192  0.3127E-09
 4  2048  6  8192  0.3152E-09
 4  2048  6  8192  0.3140E-09
 4  2048  6  8192  0.3216E-09
 4  2048  6  8192  0.3180E-09
 4  2048  7  8192  0.2379E-09
 4  2048  7  8192  0.2327E-09
 4  2048  7  8192  0.2323E-09
 4  2048  7  8192  0.2379E-09
 4  2048  7  8192  0.2419E-09
 4  2048  7  8192  0.2364E-09
 4  2048  7  8192  0.2313E-09
 4  2048  7  8192  0.2334E-09
 4  2048  7  8192  0.2408E-09
 4  2048  7  8192  0.2389E-09
 4  2048  8  8192  0.1766E-09
 4  2048  8  8192  0.1795E-09
 4  2048  8  8192  0.1824E-09
 4  2048  8  8192  0.1790E-09
 4  2048  8  8192  0.1763E-09
 4  2048  8  8192  0.1814E-09
 4  2048  8  8192  0.1828E-09
 4  2048  8  8192  0.1815E-09
 4  2048  8  8192  0.1758E-09
 4  2048  8  8192  0.1779E-09
 4  2048  9  8192  0.1488E-09
 4  2048  9  8192  0.1463E-09
 4  2048  9  8192  0.1465E-09
 4  2048  9  8192  0.1492E-09
 4  2048  9  8192  0.1480E-09
 4  2048  9  8192  0.1456E-09
 4  2048  9  8192  0.1482E-09
 4  2048  9  8192  0.1487E-09
 4  2048  9  8192  0.1477E-09
 4  2048  9  8192  0.1451E-09
 4  2048  10  8192  0.1215E-09
 4  2048  10  8192  0.1198E-09
 4  2048  10  8192  0.1214E-09
 4  2048  10  8192  0.1223E-09
 4  2048  10  8192  0.1195E-09
 4  2048  10  8192  0.1214E-09
 4  2048  10  8192  0.1222E-09
 4  2048  10  8192  0.1202E-09
 4  2048  10  8192  0.1198E-09
 4  2048  10  8192  0.1202E-09
 4  2048  11  8192  0.1053E-09
 4  2048  11  8192  0.1028E-09
 4  2048  11  8192  0.1031E-09
 4  2048  11  8192  0.1039E-09
 4  2048  11  8192  0.1022E-09
 4  2048  11  8192  0.1036E-09
 4  2048  11  8192  0.1048E-09
 4  2048  11  8192  0.1023E-09
 4  2048  11  8192  0.1043E-09
 4  2048  11  8192  0.1052E-09
 4  2048  12  8192  0.8814E-10
 4  2048  12  8192  0.8683E-10
 4  2048  12  8192  0.8840E-10
 4  2048  12  8192  0.8610E-10
 4  2048  12  8192  0.8766E-10
 4  2048  12  8192  0.8810E-10
 4  2048  12  8192  0.8671E-10
 4  2048  12  8192  0.8858E-10
 4  2048  12  8192  0.8862E-10
 4  2048  12  8192  0.8766E-10
 4  2048  13  8192  0.7941E-10
 4  2048  13  8192  0.7892E-10
 4  2048  13  8192  0.7970E-10
 4  2048  13  8192  0.7867E-10
 4  2048  13  8192  0.7971E-10
 4  2048  13  8192  0.7911E-10
 4  2048  13  8192  0.7926E-10
 4  2048  13  8192  0.7880E-10
 4  2048  13  8192  0.7930E-10
 4  2048  13  8192  0.7903E-10
 4  2048  14  8192  0.7054E-10
 4  2048  14  8192  0.6951E-10
 4  2048  14  8192  0.6962E-10
 4  2048  14  8192  0.7015E-10
 4  2048  14  8192  0.7023E-10
 4  2048  14  8192  0.6993E-10
 4  2048  14  8192  0.7045E-10
 4  2048  14  8192  0.7018E-10
 4  2048  14  8192  0.6993E-10
 4  2048  14  8192  0.6992E-10
 4  2048  15  8192  0.6794E-10
 4  2048  15  8192  0.6640E-10
 4  2048  15  8192  0.6709E-10
 4  2048  15  8192  0.6639E-10
 4  2048  15  8192  0.6761E-10
 4  2048  15  8192  0.6644E-10
 4  2048  15  8192  0.6701E-10
 4  2048  15  8192  0.6649E-10
 4  2048  15  8192  0.6663E-10
 4  2048  15  8192  0.6723E-10
 4  2048  16  8192  0.6130E-10
 4  2048  16  8192  0.6189E-10
 4  2048  16  8192  0.6158E-10
 4  2048  16  8192  0.6140E-10
 4  2048  16  8192  0.6169E-10
 4  2048  16  8192  0.6159E-10
 4  2048  16  8192  0.6183E-10
 4  2048  16  8192  0.6202E-10
 4  2048  16  8192  0.6100E-10
 4  2048  16  8192  0.6230E-10
 4  2048  17  8192  0.6541E-10
 4  2048  17  8192  0.6534E-10
 4  2048  17  8192  0.6571E-10
 4  2048  17  8192  0.6576E-10
 4  2048  17  8192  0.6510E-10
 4  2048  17  8192  0.6513E-10
 4  2048  17  8192  0.6499E-10
 4  2048  17  8192  0.6558E-10
 4  2048  17  8192  0.6583E-10
 4  2048  17  8192  0.6558E-10
 4  2048  18  8192  0.6370E-10
 4  2048  18  8192  0.6344E-10
 4  2048  18  8192  0.6368E-10
 4  2048  18  8192  0.6309E-10
 4  2048  18  8192  0.6319E-10
 4  2048  18  8192  0.6346E-10
 4  2048  18  8192  0.6358E-10
 4  2048  18  8192  0.6369E-10
 4  2048  18  8192  0.6330E-10
 4  2048  18  8192  0.6352E-10
 4  2048  19  8192  0.6362E-10
 4  2048  19  8192  0.6379E-10
 4  2048  19  8192  0.6351E-10
 4  2048  19  8192  0.6318E-10
 4  2048  19  8192  0.6350E-10
 4  2048  19  8192  0.6370E-10
 4  2048  19  8192  0.6365E-10
 4  2048  19  8192  0.6350E-10
 4  2048  19  8192  0.6368E-10
 4  2048  19  8192  0.6362E-10
 4  2048  20  8192  0.6133E-10
 4  2048  20  8192  0.6155E-10
 4  2048  20  8192  0.6155E-10
 4  2048  20  8192  0.6137E-10
 4  2048  20  8192  0.6154E-10
 4  2048  20  8192  0.6175E-10
 4  2048  20  8192  0.6164E-10
 4  2048  20  8192  0.6194E-10
 4  2048  20  8192  0.6147E-10
 4  2048  20  8192  0.6161E-10
