 4  8  3  32  0.1220E-06
 4  8  3  32  0.8840E-07
 4  8  3  32  0.8407E-07
 4  8  3  32  0.8214E-07
 4  8  3  32  0.8177E-07
 4  8  3  32  0.7984E-07
 4  8  3  32  0.9456E-07
 4  8  3  32  0.8610E-07
 4  8  3  32  0.7947E-07
 4  8  3  32  0.8177E-07
 4  8  4  32  0.4199E-07
 4  8  4  32  0.3093E-07
 4  8  4  32  0.3139E-07
 4  8  4  32  0.2980E-07
 4  8  4  32  0.2899E-07
 4  8  4  32  0.3644E-07
 4  8  4  32  0.3058E-07
 4  8  4  32  0.2965E-07
 4  8  4  32  0.2817E-07
 4  8  4  32  0.2945E-07
 4  8  5  32  0.3684E-07
 4  8  5  32  0.2726E-07
 4  8  5  32  0.2708E-07
 4  8  5  32  0.2549E-07
 4  8  5  32  0.2650E-07
 4  8  5  32  0.3084E-07
 4  8  5  32  0.2650E-07
 4  8  5  32  0.2726E-07
 4  8  5  32  0.2557E-07
 4  8  5  32  0.2541E-07
 4  8  6  32  0.2574E-07
 4  8  6  32  0.1504E-07
 4  8  6  32  0.1446E-07
 4  8  6  32  0.1471E-07
 4  8  6  32  0.1408E-07
 4  8  6  32  0.1404E-07
 4  8  6  32  0.1504E-07
 4  8  6  32  0.1668E-07
 4  8  6  32  0.1471E-07
 4  8  6  32  0.1552E-07
 4  8  7  32  0.7931E-08
 4  8  7  32  0.7820E-08
 4  8  7  32  0.7796E-08
 4  8  7  32  0.7802E-08
 4  8  7  32  0.7796E-08
 4  8  7  32  0.7829E-08
 4  8  7  32  0.7844E-08
 4  8  7  32  0.7842E-08
 4  8  7  32  0.7809E-08
 4  8  7  32  0.7841E-08
 4  8  8  32  0.2161E-07
 4  8  8  32  0.1689E-07
 4  8  8  32  0.1983E-07
 4  8  8  32  0.1689E-07
 4  8  8  32  0.1705E-07
 4  8  8  32  0.1693E-07
 4  8  8  32  0.1772E-07
 4  8  8  32  0.1703E-07
 4  8  8  32  0.1707E-07
 4  8  8  32  0.1690E-07
 4  8  9  32  0.1906E-07
 4  8  9  32  0.1563E-07
 4  8  9  32  0.1633E-07
 4  8  9  32  0.1570E-07
 4  8  9  32  0.1563E-07
 4  8  9  32  0.1613E-07
 4  8  9  32  0.1573E-07
 4  8  9  32  0.1562E-07
 4  8  9  32  0.1660E-07
 4  8  9  32  0.1589E-07
 4  8  10  32  0.8849E-08
 4  8  10  32  0.8827E-08
 4  8  10  32  0.8822E-08
 4  8  10  32  0.8806E-08
 4  8  10  32  0.8819E-08
 4  8  10  32  0.8820E-08
 4  8  10  32  0.8819E-08
 4  8  10  32  0.8808E-08
 4  8  10  32  0.8814E-08
 4  8  10  32  0.8814E-08
 4  8  11  32  0.8912E-08
 4  8  11  32  0.8899E-08
 4  8  11  32  0.8883E-08
 4  8  11  32  0.8912E-08
 4  8  11  32  0.8888E-08
 4  8  11  32  0.8904E-08
 4  8  11  32  0.8893E-08
 4  8  11  32  0.8882E-08
 4  8  11  32  0.8884E-08
 4  8  11  32  0.8892E-08
 4  8  12  32  0.8111E-08
 4  8  12  32  0.8116E-08
 4  8  12  32  0.8093E-08
 4  8  12  32  0.8099E-08
 4  8  12  32  0.8132E-08
 4  8  12  32  0.8093E-08
 4  8  12  32  0.8111E-08
 4  8  12  32  0.8092E-08
 4  8  12  32  0.8100E-08
 4  8  12  32  0.8107E-08
 4  8  13  32  0.8395E-08
 4  8  13  32  0.8392E-08
 4  8  13  32  0.8406E-08
 4  8  13  32  0.8377E-08
 4  8  13  32  0.8385E-08
 4  8  13  32  0.8386E-08
 4  8  13  32  0.8389E-08
 4  8  13  32  0.8386E-08
 4  8  13  32  0.8396E-08
 4  8  13  32  0.8387E-08
 4  8  14  32  0.7996E-08
 4  8  14  32  0.7975E-08
 4  8  14  32  0.7973E-08
 4  8  14  32  0.7983E-08
 4  8  14  32  0.7986E-08
 4  8  14  32  0.7980E-08
 4  8  14  32  0.7973E-08
 4  8  14  32  0.7981E-08
 4  8  14  32  0.7988E-08
 4  8  14  32  0.7981E-08
 4  8  15  32  0.8781E-08
 4  8  15  32  0.8757E-08
 4  8  15  32  0.8771E-08
 4  8  15  32  0.8759E-08
 4  8  15  32  0.8762E-08
 4  8  15  32  0.8759E-08
 4  8  15  32  0.8761E-08
 4  8  15  32  0.8769E-08
 4  8  15  32  0.8756E-08
 4  8  15  32  0.8762E-08
 4  8  16  32  0.8580E-08
 4  8  16  32  0.8574E-08
 4  8  16  32  0.8578E-08
 4  8  16  32  0.8576E-08
 4  8  16  32  0.8581E-08
 4  8  16  32  0.8581E-08
 4  8  16  32  0.8588E-08
 4  8  16  32  0.8579E-08
 4  8  16  32  0.8592E-08
 4  8  16  32  0.8579E-08
 4  8  17  32  0.1043E-07
 4  8  17  32  0.1042E-07
 4  8  17  32  0.1043E-07
 4  8  17  32  0.1042E-07
 4  8  17  32  0.1043E-07
 4  8  17  32  0.1042E-07
 4  8  17  32  0.1043E-07
 4  8  17  32  0.1042E-07
 4  8  17  32  0.1043E-07
 4  8  17  32  0.1042E-07
 4  8  18  32  0.1021E-07
 4  8  18  32  0.1021E-07
 4  8  18  32  0.1021E-07
 4  8  18  32  0.1020E-07
 4  8  18  32  0.1020E-07
 4  8  18  32  0.1020E-07
 4  8  18  32  0.1020E-07
 4  8  18  32  0.1021E-07
 4  8  18  32  0.1020E-07
 4  8  18  32  0.1020E-07
 4  8  19  32  0.1093E-07
 4  8  19  32  0.1092E-07
 4  8  19  32  0.1093E-07
 4  8  19  32  0.1092E-07
 4  8  19  32  0.1092E-07
 4  8  19  32  0.1092E-07
 4  8  19  32  0.1093E-07
 4  8  19  32  0.1092E-07
 4  8  19  32  0.1093E-07
 4  8  19  32  0.1093E-07
 4  8  20  32  0.1069E-07
 4  8  20  32  0.1069E-07
 4  8  20  32  0.1069E-07
 4  8  20  32  0.1069E-07
 4  8  20  32  0.1069E-07
 4  8  20  32  0.1068E-07
 4  8  20  32  0.1070E-07
 4  8  20  32  0.1069E-07
 4  8  20  32  0.1069E-07
 4  8  20  32  0.1069E-07
