 4  128  3  512  0.1658E-07
 4  128  3  512  0.1268E-07
 4  128  3  512  0.1319E-07
 4  128  3  512  0.1230E-07
 4  128  3  512  0.1283E-07
 4  128  3  512  0.1288E-07
 4  128  3  512  0.1323E-07
 4  128  3  512  0.1246E-07
 4  128  3  512  0.1370E-07
 4  128  3  512  0.1323E-07
 4  128  4  512  0.1533E-07
 4  128  4  512  0.7943E-08
 4  128  4  512  0.7904E-08
 4  128  4  512  0.7628E-08
 4  128  4  512  0.8576E-08
 4  128  4  512  0.7802E-08
 4  128  4  512  0.7984E-08
 4  128  4  512  0.8496E-08
 4  128  4  512  0.8270E-08
 4  128  4  512  0.7843E-08
 4  128  5  512  0.9912E-08
 4  128  5  512  0.4709E-08
 4  128  5  512  0.3008E-08
 4  128  5  512  0.4776E-08
 4  128  5  512  0.4552E-08
 4  128  5  512  0.4760E-08
 4  128  5  512  0.4657E-08
 4  128  5  512  0.4542E-08
 4  128  5  512  0.4640E-08
 4  128  5  512  0.5089E-08
 4  128  6  512  0.1812E-08
 4  128  6  512  0.1808E-08
 4  128  6  512  0.1774E-08
 4  128  6  512  0.1783E-08
 4  128  6  512  0.1767E-08
 4  128  6  512  0.1770E-08
 4  128  6  512  0.1780E-08
 4  128  6  512  0.1786E-08
 4  128  6  512  0.1785E-08
 4  128  6  512  0.1751E-08
 4  128  7  512  0.1616E-08
 4  128  7  512  0.1566E-08
 4  128  7  512  0.1561E-08
 4  128  7  512  0.1568E-08
 4  128  7  512  0.1573E-08
 4  128  7  512  0.1566E-08
 4  128  7  512  0.1569E-08
 4  128  7  512  0.1584E-08
 4  128  7  512  0.1591E-08
 4  128  7  512  0.1583E-08
 4  128  8  512  0.1370E-08
 4  128  8  512  0.1343E-08
 4  128  8  512  0.1350E-08
 4  128  8  512  0.1343E-08
 4  128  8  512  0.1344E-08
 4  128  8  512  0.1351E-08
 4  128  8  512  0.1344E-08
 4  128  8  512  0.1347E-08
 4  128  8  512  0.1348E-08
 4  128  8  512  0.1348E-08
 4  128  9  512  0.1210E-08
 4  128  9  512  0.1187E-08
 4  128  9  512  0.1188E-08
 4  128  9  512  0.1190E-08
 4  128  9  512  0.1191E-08
 4  128  9  512  0.1199E-08
 4  128  9  512  0.1187E-08
 4  128  9  512  0.1189E-08
 4  128  9  512  0.1189E-08
 4  128  9  512  0.1189E-08
 4  128  10  512  0.1069E-08
 4  128  10  512  0.1059E-08
 4  128  10  512  0.1050E-08
 4  128  10  512  0.1059E-08
 4  128  10  512  0.1056E-08
 4  128  10  512  0.1053E-08
 4  128  10  512  0.1056E-08
 4  128  10  512  0.1061E-08
 4  128  10  512  0.1055E-08
 4  128  10  512  0.1057E-08
 4  128  11  512  0.9744E-09
 4  128  11  512  0.9622E-09
 4  128  11  512  0.9682E-09
 4  128  11  512  0.9642E-09
 4  128  11  512  0.9671E-09
 4  128  11  512  0.9678E-09
 4  128  11  512  0.9665E-09
 4  128  11  512  0.9681E-09
 4  128  11  512  0.9660E-09
 4  128  11  512  0.9641E-09
 4  128  12  512  0.8389E-09
 4  128  12  512  0.8311E-09
 4  128  12  512  0.8362E-09
 4  128  12  512  0.8331E-09
 4  128  12  512  0.8319E-09
 4  128  12  512  0.8344E-09
 4  128  12  512  0.8308E-09
 4  128  12  512  0.8377E-09
 4  128  12  512  0.8322E-09
 4  128  12  512  0.8347E-09
 4  128  13  512  0.8168E-09
 4  128  13  512  0.8169E-09
 4  128  13  512  0.8170E-09
 4  128  13  512  0.8156E-09
 4  128  13  512  0.8132E-09
 4  128  13  512  0.8153E-09
 4  128  13  512  0.8139E-09
 4  128  13  512  0.8141E-09
 4  128  13  512  0.8157E-09
 4  128  13  512  0.8152E-09
 4  128  14  512  0.7445E-09
 4  128  14  512  0.7431E-09
 4  128  14  512  0.7431E-09
 4  128  14  512  0.7413E-09
 4  128  14  512  0.7435E-09
 4  128  14  512  0.7438E-09
 4  128  14  512  0.7431E-09
 4  128  14  512  0.7407E-09
 4  128  14  512  0.7433E-09
 4  128  14  512  0.7425E-09
 4  128  15  512  0.7692E-09
 4  128  15  512  0.7724E-09
 4  128  15  512  0.7693E-09
 4  128  15  512  0.7652E-09
 4  128  15  512  0.7657E-09
 4  128  15  512  0.7607E-09
 4  128  15  512  0.7641E-09
 4  128  15  512  0.7701E-09
 4  128  15  512  0.7710E-09
 4  128  15  512  0.7658E-09
 4  128  16  512  0.7204E-09
 4  128  16  512  0.7274E-09
 4  128  16  512  0.7186E-09
 4  128  16  512  0.7192E-09
 4  128  16  512  0.7198E-09
 4  128  16  512  0.7175E-09
 4  128  16  512  0.7195E-09
 4  128  16  512  0.7195E-09
 4  128  16  512  0.7189E-09
 4  128  16  512  0.7186E-09
 4  128  17  512  0.8161E-09
 4  128  17  512  0.8162E-09
 4  128  17  512  0.8158E-09
 4  128  17  512  0.8162E-09
 4  128  17  512  0.8150E-09
 4  128  17  512  0.8251E-09
 4  128  17  512  0.8163E-09
 4  128  17  512  0.8160E-09
 4  128  17  512  0.8160E-09
 4  128  17  512  0.8158E-09
 4  128  19  512  0.8222E-09
 4  128  19  512  0.8215E-09
 4  128  19  512  0.8219E-09
 4  128  19  512  0.8226E-09
 4  128  19  512  0.8213E-09
 4  128  19  512  0.8217E-09
 4  128  19  512  0.8215E-09
 4  128  19  512  0.8215E-09
 4  128  19  512  0.8227E-09
 4  128  19  512  0.8220E-09
 4  128  20  512  0.7965E-09
 4  128  20  512  0.7954E-09
 4  128  20  512  0.7949E-09
 4  128  20  512  0.7960E-09
 4  128  20  512  0.7957E-09
 4  128  20  512  0.7947E-09
 4  128  20  512  0.7950E-09
 4  128  20  512  0.7954E-09
 4  128  20  512  0.7950E-09
 4  128  20  512  0.7954E-09
