 4  1  3  4  0.3392E-06
 4  1  3  4  0.1420E-06
 4  1  3  4  0.1354E-06
 4  1  3  4  0.1420E-06
 4  1  3  4  0.2127E-06
 4  1  3  4  0.1361E-06
 4  1  3  4  0.1354E-06
 4  1  3  4  0.1361E-06
 4  1  3  4  0.2097E-06
 4  1  3  4  0.2134E-06
 4  1  4  4  0.9624E-07
 4  1  4  4  0.8071E-07
 4  1  4  4  0.8071E-07
 4  1  4  4  0.8227E-07
 4  1  4  4  0.7947E-07
 4  1  4  4  0.7792E-07
 4  1  4  4  0.7947E-07
 4  1  4  4  0.7823E-07
 4  1  4  4  0.7823E-07
 4  1  4  4  0.7792E-07
 4  1  5  4  0.1154E-06
 4  1  5  4  0.1033E-06
 4  1  5  4  0.1020E-06
 4  1  5  4  0.1006E-06
 4  1  5  4  0.1187E-06
 4  1  5  4  0.1079E-06
 4  1  5  4  0.1040E-06
 4  1  5  4  0.1154E-06
 4  1  5  4  0.1133E-06
 4  1  5  4  0.1033E-06
 4  1  6  4  0.6558E-07
 4  1  6  4  0.7910E-07
 4  1  6  4  0.5786E-07
 4  1  6  4  0.7598E-07
 4  1  6  4  0.5749E-07
 4  1  6  4  0.7947E-07
 4  1  6  4  0.5712E-07
 4  1  6  4  0.7754E-07
 4  1  6  4  0.7681E-07
 4  1  6  4  0.7561E-07
 4  1  7  4  0.7675E-07
 4  1  7  4  0.6609E-07
 4  1  7  4  0.7941E-07
 4  1  7  4  0.7119E-07
 4  1  7  4  0.7090E-07
 4  1  7  4  0.6563E-07
 4  1  7  4  0.6876E-07
 4  1  7  4  0.6441E-07
 4  1  7  4  0.6459E-07
 4  1  7  4  0.6395E-07
 4  1  8  4  0.7699E-07
 4  1  8  4  0.5825E-07
 4  1  8  4  0.5778E-07
 4  1  8  4  0.6023E-07
 4  1  8  4  0.6248E-07
 4  1  8  4  0.6624E-07
 4  1  8  4  0.6139E-07
 4  1  8  4  0.5972E-07
 4  1  8  4  0.5922E-07
 4  1  8  4  0.5860E-07
 4  1  9  4  0.6996E-07
 4  1  9  4  0.6435E-07
 4  1  9  4  0.6399E-07
 4  1  9  4  0.6323E-07
 4  1  9  4  0.7018E-07
 4  1  9  4  0.6642E-07
 4  1  9  4  0.6538E-07
 4  1  9  4  0.6598E-07
 4  1  9  4  0.6585E-07
 4  1  9  4  0.6525E-07
 4  1  10  4  0.9908E-07
 4  1  10  4  0.9658E-07
 4  1  10  4  0.9851E-07
 4  1  10  4  0.9642E-07
 4  1  10  4  0.9584E-07
 4  1  10  4  0.9908E-07
 4  1  10  4  0.9592E-07
 4  1  10  4  0.9608E-07
 4  1  10  4  0.9801E-07
 4  1  10  4  0.9642E-07
 4  1  11  4  0.9285E-07
 4  1  11  4  0.8665E-07
 4  1  11  4  0.8691E-07
 4  1  11  4  0.9279E-07
 4  1  11  4  0.8703E-07
 4  1  11  4  0.9003E-07
 4  1  11  4  0.8697E-07
 4  1  11  4  0.8685E-07
 4  1  11  4  0.8904E-07
 4  1  11  4  0.8665E-07
 4  1  12  4  0.7648E-07
 4  1  12  4  0.7152E-07
 4  1  12  4  0.7195E-07
 4  1  12  4  0.7426E-07
 4  1  12  4  0.7180E-07
 4  1  12  4  0.7543E-07
 4  1  12  4  0.7185E-07
 4  1  12  4  0.7514E-07
 4  1  12  4  0.7200E-07
 4  1  12  4  0.7171E-07
 4  1  13  4  0.7601E-07
 4  1  13  4  0.7628E-07
 4  1  13  4  0.7412E-07
 4  1  13  4  0.7472E-07
 4  1  13  4  0.7627E-07
 4  1  13  4  0.7472E-07
 4  1  13  4  0.7692E-07
 4  1  13  4  0.7454E-07
 4  1  13  4  0.7643E-07
 4  1  13  4  0.7480E-07
 4  1  14  4  0.6718E-07
 4  1  14  4  0.6751E-07
 4  1  14  4  0.6472E-07
 4  1  14  4  0.6742E-07
 4  1  14  4  0.6459E-07
 4  1  14  4  0.6669E-07
 4  1  14  4  0.6664E-07
 4  1  14  4  0.6551E-07
 4  1  14  4  0.6661E-07
 4  1  14  4  0.6527E-07
 4  1  15  4  0.7603E-07
 4  1  15  4  0.7455E-07
 4  1  15  4  0.7319E-07
 4  1  15  4  0.7380E-07
 4  1  15  4  0.7474E-07
 4  1  15  4  0.7486E-07
 4  1  15  4  0.7445E-07
 4  1  15  4  0.7331E-07
 4  1  15  4  0.7410E-07
 4  1  15  4  0.7454E-07
 4  1  16  4  0.7686E-07
 4  1  16  4  0.7570E-07
 4  1  16  4  0.7609E-07
 4  1  16  4  0.7613E-07
 4  1  16  4  0.7632E-07
 4  1  16  4  0.7619E-07
 4  1  16  4  0.7725E-07
 4  1  16  4  0.7633E-07
 4  1  16  4  0.8020E-07
 4  1  16  4  0.7709E-07
 4  1  17  4  0.8338E-07
 4  1  17  4  0.8289E-07
 4  1  17  4  0.8384E-07
 4  1  17  4  0.8335E-07
 4  1  17  4  0.8297E-07
 4  1  17  4  0.8350E-07
 4  1  17  4  0.8289E-07
 4  1  17  4  0.8281E-07
 4  1  17  4  0.8323E-07
 4  1  17  4  0.8374E-07
 4  1  18  4  0.8879E-07
 4  1  18  4  0.8659E-07
 4  1  18  4  0.8762E-07
 4  1  18  4  0.8620E-07
 4  1  18  4  0.8751E-07
 4  1  18  4  0.8773E-07
 4  1  18  4  0.8629E-07
 4  1  18  4  0.8762E-07
 4  1  18  4  0.8613E-07
 4  1  18  4  0.8723E-07
 4  1  19  4  0.9498E-07
 4  1  19  4  0.9436E-07
 4  1  19  4  0.9462E-07
 4  1  19  4  0.9446E-07
 4  1  19  4  0.9460E-07
 4  1  19  4  0.9438E-07
 4  1  19  4  0.9455E-07
 4  1  19  4  0.9439E-07
 4  1  19  4  0.9447E-07
 4  1  19  4  0.9439E-07
 4  1  20  4  0.9113E-07
 4  1  20  4  0.9087E-07
 4  1  20  4  0.9083E-07
 4  1  20  4  0.9152E-07
 4  1  20  4  0.9053E-07
 4  1  20  4  0.9090E-07
 4  1  20  4  0.9077E-07
 4  1  20  4  0.9445E-07
 4  1  20  4  0.9150E-07
 4  1  20  4  0.9119E-07
