 4  64  3  256  0.2180E-07
 4  64  3  256  0.2187E-07
 4  64  3  256  0.2168E-07
 4  64  3  256  0.2189E-07
 4  64  3  256  0.2175E-07
 4  64  4  256  0.1001E-07
 4  64  4  256  0.1009E-07
 4  64  4  256  0.1008E-07
 4  64  4  256  0.1003E-07
 4  64  4  256  0.1008E-07
 4  64  5  256  0.6059E-08
 4  64  5  256  0.6051E-08
 4  64  5  256  0.6069E-08
 4  64  5  256  0.6057E-08
 4  64  5  256  0.6067E-08
 4  64  6  256  0.4208E-08
 4  64  6  256  0.4193E-08
 4  64  6  256  0.4197E-08
 4  64  6  256  0.4198E-08
 4  64  6  256  0.4193E-08
 4  64  7  256  0.3681E-08
 4  64  7  256  0.3686E-08
 4  64  7  256  0.3689E-08
 4  64  7  256  0.3685E-08
 4  64  7  256  0.3690E-08
 4  64  8  256  0.3495E-08
 4  64  8  256  0.3503E-08
 4  64  8  256  0.3509E-08
 4  64  8  256  0.3500E-08
 4  64  8  256  0.3511E-08
 4  64  9  256  0.3349E-08
 4  64  9  256  0.3363E-08
 4  64  9  256  0.3361E-08
 4  64  9  256  0.3351E-08
 4  64  9  256  0.3341E-08
 4  64  10  256  0.2977E-08
 4  64  10  256  0.2975E-08
 4  64  10  256  0.2968E-08
 4  64  10  256  0.2983E-08
 4  64  10  256  0.2981E-08
 4  64  11  256  0.2714E-08
 4  64  11  256  0.2714E-08
 4  64  11  256  0.2718E-08
 4  64  11  256  0.2711E-08
 4  64  11  256  0.2710E-08
 4  64  12  256  0.2392E-08
 4  64  12  256  0.2393E-08
 4  64  12  256  0.2391E-08
 4  64  12  256  0.2398E-08
 4  64  12  256  0.2392E-08
 4  64  13  256  0.2315E-08
 4  64  13  256  0.2307E-08
 4  64  13  256  0.2310E-08
 4  64  13  256  0.2304E-08
 4  64  13  256  0.2313E-08
 4  64  14  256  0.2104E-08
 4  64  14  256  0.2113E-08
 4  64  14  256  0.2105E-08
 4  64  14  256  0.2107E-08
 4  64  14  256  0.2106E-08
 4  64  15  256  0.2135E-08
 4  64  15  256  0.2124E-08
 4  64  15  256  0.2138E-08
 4  64  15  256  0.2151E-08
 4  64  15  256  0.2111E-08
 4  64  16  256  0.2247E-08
 4  64  16  256  0.2226E-08
 4  64  16  256  0.2252E-08
 4  64  16  256  0.2182E-08
 4  64  16  256  0.2225E-08
 4  64  17  256  0.2221E-08
 4  64  17  256  0.2224E-08
 4  64  17  256  0.2223E-08
 4  64  17  256  0.2222E-08
 4  64  17  256  0.2223E-08
 4  64  18  256  0.2170E-08
 4  64  18  256  0.2152E-08
 4  64  18  256  0.2152E-08
 4  64  18  256  0.2154E-08
 4  64  18  256  0.2154E-08
 4  64  19  256  0.2103E-08
 4  64  19  256  0.2105E-08
 4  64  19  256  0.2104E-08
 4  64  19  256  0.2104E-08
 4  64  19  256  0.2104E-08
 4  64  20  256  0.2097E-08
 4  64  20  256  0.2131E-08
 4  64  20  256  0.2143E-08
 4  64  20  256  0.2123E-08
 4  64  20  256  0.2115E-08
