 4  8  3  32  0.6937E-07
 4  8  3  32  0.6953E-07
 4  8  3  32  0.6921E-07
 4  8  3  32  0.6960E-07
 4  8  3  32  0.6966E-07
 4  8  4  32  0.3732E-07
 4  8  4  32  0.3730E-07
 4  8  4  32  0.3712E-07
 4  8  4  32  0.3719E-07
 4  8  4  32  0.3696E-07
 4  8  5  32  0.2560E-07
 4  8  5  32  0.2547E-07
 4  8  5  32  0.2575E-07
 4  8  5  32  0.2568E-07
 4  8  5  32  0.2577E-07
 4  8  6  32  0.1601E-07
 4  8  6  32  0.1609E-07
 4  8  6  32  0.1601E-07
 4  8  6  32  0.1599E-07
 4  8  6  32  0.1595E-07
 4  8  7  32  0.1436E-07
 4  8  7  32  0.1435E-07
 4  8  7  32  0.1433E-07
 4  8  7  32  0.1433E-07
 4  8  7  32  0.1439E-07
 4  8  8  32  0.1498E-07
 4  8  8  32  0.1497E-07
 4  8  8  32  0.1500E-07
 4  8  8  32  0.1497E-07
 4  8  8  32  0.1502E-07
 4  8  9  32  0.1568E-07
 4  8  9  32  0.1568E-07
 4  8  9  32  0.1567E-07
 4  8  9  32  0.1569E-07
 4  8  9  32  0.1572E-07
 4  8  10  32  0.1505E-07
 4  8  10  32  0.1506E-07
 4  8  10  32  0.1506E-07
 4  8  10  32  0.1506E-07
 4  8  10  32  0.1507E-07
 4  8  11  32  0.1468E-07
 4  8  11  32  0.1464E-07
 4  8  11  32  0.1466E-07
 4  8  11  32  0.1466E-07
 4  8  11  32  0.1464E-07
 4  8  12  32  0.1325E-07
 4  8  12  32  0.1325E-07
 4  8  12  32  0.1325E-07
 4  8  12  32  0.1327E-07
 4  8  12  32  0.1325E-07
 4  8  13  32  0.1327E-07
 4  8  13  32  0.1328E-07
 4  8  13  32  0.1329E-07
 4  8  13  32  0.1370E-07
 4  8  13  32  0.1328E-07
 4  8  14  32  0.1244E-07
 4  8  14  32  0.1244E-07
 4  8  14  32  0.1246E-07
 4  8  14  32  0.1244E-07
 4  8  14  32  0.1244E-07
 4  8  15  32  0.1284E-07
 4  8  15  32  0.1283E-07
 4  8  15  32  0.1284E-07
 4  8  15  32  0.1284E-07
 4  8  15  32  0.1283E-07
 4  8  16  32  0.1302E-07
 4  8  16  32  0.1301E-07
 4  8  16  32  0.1302E-07
 4  8  16  32  0.1302E-07
 4  8  16  32  0.1303E-07
 4  8  17  32  0.1418E-07
 4  8  17  32  0.1419E-07
 4  8  17  32  0.1418E-07
 4  8  17  32  0.1419E-07
 4  8  17  32  0.1419E-07
 4  8  18  32  0.1403E-07
 4  8  18  32  0.1401E-07
 4  8  18  32  0.1404E-07
 4  8  18  32  0.1401E-07
 4  8  18  32  0.1402E-07
 4  8  19  32  0.1432E-07
 4  8  19  32  0.1432E-07
 4  8  19  32  0.1432E-07
 4  8  19  32  0.1432E-07
 4  8  19  32  0.1433E-07
 4  8  20  32  0.1445E-07
 4  8  20  32  0.1445E-07
 4  8  20  32  0.1445E-07
 4  8  20  32  0.1445E-07
 4  8  20  32  0.1445E-07
