 4  16  3  64  0.7777E-07
 4  16  3  64  0.3201E-07
 4  16  3  64  0.3104E-07
 4  16  3  64  0.3068E-07
 4  16  3  64  0.2833E-07
 4  16  3  64  0.3974E-07
 4  16  3  64  0.3086E-07
 4  16  3  64  0.2893E-07
 4  16  3  64  0.3610E-07
 4  16  3  64  0.3008E-07
 4  16  4  64  0.4494E-07
 4  16  4  64  0.2214E-07
 4  16  4  64  0.2247E-07
 4  16  4  64  0.1995E-07
 4  16  4  64  0.1944E-07
 4  16  4  64  0.1913E-07
 4  16  4  64  0.1911E-07
 4  16  4  64  0.2156E-07
 4  16  4  64  0.2041E-07
 4  16  4  64  0.1962E-07
 4  16  5  64  0.2700E-07
 4  16  5  64  0.1354E-07
 4  16  5  64  0.1166E-07
 4  16  5  64  0.1179E-07
 4  16  5  64  0.1287E-07
 4  16  5  64  0.1109E-07
 4  16  5  64  0.1058E-07
 4  16  5  64  0.1041E-07
 4  16  5  64  0.1121E-07
 4  16  5  64  0.1050E-07
 4  16  6  64  0.1992E-07
 4  16  6  64  0.9693E-08
 4  16  6  64  0.9307E-08
 4  16  6  64  0.1039E-07
 4  16  6  64  0.1010E-07
 4  16  6  64  0.9572E-08
 4  16  6  64  0.8945E-08
 4  16  6  64  0.8750E-08
 4  16  6  64  0.9020E-08
 4  16  6  64  0.9020E-08
 4  16  7  64  0.1273E-07
 4  16  7  64  0.1050E-07
 4  16  7  64  0.9264E-08
 4  16  7  64  0.9355E-08
 4  16  7  64  0.9264E-08
 4  16  7  64  0.9185E-08
 4  16  7  64  0.9764E-08
 4  16  7  64  0.9127E-08
 4  16  7  64  0.8580E-08
 4  16  7  64  0.8609E-08
 4  16  8  64  0.1239E-07
 4  16  8  64  0.7252E-08
 4  16  8  64  0.7426E-08
 4  16  8  64  0.7611E-08
 4  16  8  64  0.8168E-08
 4  16  8  64  0.7487E-08
 4  16  8  64  0.7293E-08
 4  16  8  64  0.7213E-08
 4  16  8  64  0.7528E-08
 4  16  8  64  0.7720E-08
 4  16  9  64  0.3676E-08
 4  16  9  64  0.3614E-08
 4  16  9  64  0.3728E-08
 4  16  9  64  0.3645E-08
 4  16  9  64  0.3615E-08
 4  16  9  64  0.3621E-08
 4  16  9  64  0.3620E-08
 4  16  9  64  0.3610E-08
 4  16  9  64  0.3623E-08
 4  16  9  64  0.3618E-08
 4  16  10  64  0.3899E-08
 4  16  10  64  0.3833E-08
 4  16  10  64  0.3841E-08
 4  16  10  64  0.3841E-08
 4  16  10  64  0.3831E-08
 4  16  10  64  0.3827E-08
 4  16  10  64  0.3831E-08
 4  16  10  64  0.3830E-08
 4  16  10  64  0.3838E-08
 4  16  10  64  0.3829E-08
 4  16  11  64  0.4057E-08
 4  16  11  64  0.4020E-08
 4  16  11  64  0.4018E-08
 4  16  11  64  0.4012E-08
 4  16  11  64  0.4021E-08
 4  16  11  64  0.4021E-08
 4  16  11  64  0.4017E-08
 4  16  11  64  0.4035E-08
 4  16  11  64  0.4016E-08
 4  16  11  64  0.4013E-08
 4  16  12  64  0.3711E-08
 4  16  12  64  0.3698E-08
 4  16  12  64  0.3690E-08
 4  16  12  64  0.3697E-08
 4  16  12  64  0.3691E-08
 4  16  12  64  0.3688E-08
 4  16  12  64  0.3688E-08
 4  16  12  64  0.3692E-08
 4  16  12  64  0.3692E-08
 4  16  12  64  0.3699E-08
 4  16  13  64  0.3904E-08
 4  16  13  64  0.3892E-08
 4  16  13  64  0.3886E-08
 4  16  13  64  0.3887E-08
 4  16  13  64  0.3885E-08
 4  16  13  64  0.3885E-08
 4  16  13  64  0.3881E-08
 4  16  13  64  0.3886E-08
 4  16  13  64  0.3887E-08
 4  16  13  64  0.3885E-08
 4  16  14  64  0.3703E-08
 4  16  14  64  0.3679E-08
 4  16  14  64  0.3683E-08
 4  16  14  64  0.3675E-08
 4  16  14  64  0.3681E-08
 4  16  14  64  0.3685E-08
 4  16  14  64  0.3679E-08
 4  16  14  64  0.3683E-08
 4  16  14  64  0.3679E-08
 4  16  14  64  0.3688E-08
 4  16  15  64  0.4143E-08
 4  16  15  64  0.4127E-08
 4  16  15  64  0.4129E-08
 4  16  15  64  0.4121E-08
 4  16  15  64  0.4124E-08
 4  16  15  64  0.4127E-08
 4  16  15  64  0.4120E-08
 4  16  15  64  0.4126E-08
 4  16  15  64  0.4122E-08
 4  16  15  64  0.4121E-08
 4  16  16  64  0.4045E-08
 4  16  16  64  0.4036E-08
 4  16  16  64  0.4032E-08
 4  16  16  64  0.4040E-08
 4  16  16  64  0.4038E-08
 4  16  16  64  0.4031E-08
 4  16  16  64  0.4038E-08
 4  16  16  64  0.4034E-08
 4  16  16  64  0.4150E-08
 4  16  16  64  0.4042E-08
 4  16  17  64  0.4963E-08
 4  16  17  64  0.4954E-08
 4  16  17  64  0.4954E-08
 4  16  17  64  0.4955E-08
 4  16  17  64  0.4952E-08
 4  16  17  64  0.4956E-08
 4  16  17  64  0.4952E-08
 4  16  17  64  0.4953E-08
 4  16  17  64  0.4955E-08
 4  16  17  64  0.4955E-08
 4  16  18  64  0.4925E-08
 4  16  18  64  0.4874E-08
 4  16  18  64  0.4873E-08
 4  16  18  64  0.4873E-08
 4  16  18  64  0.4872E-08
 4  16  18  64  0.4872E-08
 4  16  18  64  0.4874E-08
 4  16  18  64  0.4872E-08
 4  16  18  64  0.4873E-08
 4  16  18  64  0.4871E-08
 4  16  19  64  0.5252E-08
 4  16  19  64  0.5244E-08
 4  16  19  64  0.5245E-08
 4  16  19  64  0.5243E-08
 4  16  19  64  0.5247E-08
 4  16  19  64  0.5245E-08
 4  16  19  64  0.5246E-08
 4  16  19  64  0.5246E-08
 4  16  19  64  0.5242E-08
 4  16  19  64  0.5246E-08
 4  16  20  64  0.5137E-08
 4  16  20  64  0.5131E-08
 4  16  20  64  0.5130E-08
 4  16  20  64  0.5129E-08
 4  16  20  64  0.5129E-08
 4  16  20  64  0.5129E-08
 4  16  20  64  0.5130E-08
 4  16  20  64  0.5131E-08
 4  16  20  64  0.5133E-08
 4  16  20  64  0.5130E-08
