 4  2048  3  8192  0.1305E-08
 4  2048  3  8192  0.1231E-08
 4  2048  3  8192  0.1180E-08
 4  2048  3  8192  0.1143E-08
 4  2048  3  8192  0.1169E-08
 4  2048  3  8192  0.1160E-08
 4  2048  3  8192  0.1146E-08
 4  2048  3  8192  0.1144E-08
 4  2048  3  8192  0.1152E-08
 4  2048  3  8192  0.1166E-08
 4  2048  4  8192  0.6208E-09
 4  2048  4  8192  0.5570E-09
 4  2048  4  8192  0.5501E-09
 4  2048  4  8192  0.5804E-09
 4  2048  4  8192  0.5683E-09
 4  2048  4  8192  0.5484E-09
 4  2048  4  8192  0.5516E-09
 4  2048  4  8192  0.5500E-09
 4  2048  4  8192  0.5553E-09
 4  2048  4  8192  0.5618E-09
 4  2048  5  8192  0.3556E-09
 4  2048  5  8192  0.3383E-09
 4  2048  5  8192  0.3257E-09
 4  2048  5  8192  0.3282E-09
 4  2048  5  8192  0.3267E-09
 4  2048  5  8192  0.3345E-09
 4  2048  5  8192  0.3291E-09
 4  2048  5  8192  0.3314E-09
 4  2048  5  8192  0.3308E-09
 4  2048  5  8192  0.3257E-09
 4  2048  6  8192  0.2414E-09
 4  2048  6  8192  0.2260E-09
 4  2048  6  8192  0.2216E-09
 4  2048  6  8192  0.2299E-09
 4  2048  6  8192  0.2242E-09
 4  2048  6  8192  0.2237E-09
 4  2048  6  8192  0.2268E-09
 4  2048  6  8192  0.2246E-09
 4  2048  6  8192  0.2223E-09
 4  2048  6  8192  0.2233E-09
 4  2048  7  8192  0.1922E-09
 4  2048  7  8192  0.1792E-09
 4  2048  7  8192  0.1761E-09
 4  2048  7  8192  0.1687E-09
 4  2048  7  8192  0.1683E-09
 4  2048  7  8192  0.1700E-09
 4  2048  7  8192  0.1740E-09
 4  2048  7  8192  0.1776E-09
 4  2048  7  8192  0.1752E-09
 4  2048  7  8192  0.1749E-09
 4  2048  8  8192  0.1431E-09
 4  2048  8  8192  0.1350E-09
 4  2048  8  8192  0.1324E-09
 4  2048  8  8192  0.1358E-09
 4  2048  8  8192  0.1376E-09
 4  2048  8  8192  0.1376E-09
 4  2048  8  8192  0.1353E-09
 4  2048  8  8192  0.1346E-09
 4  2048  8  8192  0.1337E-09
 4  2048  8  8192  0.1353E-09
 4  2048  9  8192  0.1173E-09
 4  2048  9  8192  0.1136E-09
 4  2048  9  8192  0.1150E-09
 4  2048  9  8192  0.1162E-09
 4  2048  9  8192  0.1170E-09
 4  2048  9  8192  0.1149E-09
 4  2048  9  8192  0.1135E-09
 4  2048  9  8192  0.1154E-09
 4  2048  9  8192  0.1167E-09
 4  2048  9  8192  0.1171E-09
 4  2048  10  8192  0.1015E-09
 4  2048  10  8192  0.9783E-10
 4  2048  10  8192  0.9890E-10
 4  2048  10  8192  0.9938E-10
 4  2048  10  8192  0.9943E-10
 4  2048  10  8192  0.9866E-10
 4  2048  10  8192  0.9890E-10
 4  2048  10  8192  0.9877E-10
 4  2048  10  8192  0.9907E-10
 4  2048  10  8192  0.9889E-10
 4  2048  11  8192  0.9021E-10
 4  2048  11  8192  0.8906E-10
 4  2048  11  8192  0.9044E-10
 4  2048  11  8192  0.8997E-10
 4  2048  11  8192  0.8919E-10
 4  2048  11  8192  0.8981E-10
 4  2048  11  8192  0.9021E-10
 4  2048  11  8192  0.8906E-10
 4  2048  11  8192  0.8920E-10
 4  2048  11  8192  0.9074E-10
 4  2048  12  8192  0.7717E-10
 4  2048  12  8192  0.7622E-10
 4  2048  12  8192  0.7641E-10
 4  2048  12  8192  0.7613E-10
 4  2048  12  8192  0.7611E-10
 4  2048  12  8192  0.7668E-10
 4  2048  12  8192  0.7582E-10
 4  2048  12  8192  0.7668E-10
 4  2048  12  8192  0.7639E-10
 4  2048  12  8192  0.7529E-10
 4  2048  13  8192  0.7081E-10
 4  2048  13  8192  0.6994E-10
 4  2048  13  8192  0.6963E-10
 4  2048  13  8192  0.6962E-10
 4  2048  13  8192  0.6934E-10
 4  2048  13  8192  0.6978E-10
 4  2048  13  8192  0.6932E-10
 4  2048  13  8192  0.7003E-10
 4  2048  13  8192  0.6993E-10
 4  2048  13  8192  0.6984E-10
 4  2048  14  8192  0.6638E-10
 4  2048  14  8192  0.6609E-10
 4  2048  14  8192  0.6563E-10
 4  2048  14  8192  0.6558E-10
 4  2048  14  8192  0.6571E-10
 4  2048  14  8192  0.6539E-10
 4  2048  14  8192  0.6606E-10
 4  2048  14  8192  0.6514E-10
 4  2048  14  8192  0.6589E-10
 4  2048  14  8192  0.6500E-10
 4  2048  15  8192  0.6148E-10
 4  2048  15  8192  0.6149E-10
 4  2048  15  8192  0.6047E-10
 4  2048  15  8192  0.6126E-10
 4  2048  15  8192  0.6034E-10
 4  2048  15  8192  0.6063E-10
 4  2048  15  8192  0.6041E-10
 4  2048  15  8192  0.6105E-10
 4  2048  15  8192  0.6032E-10
 4  2048  15  8192  0.6109E-10
 4  2048  16  8192  0.5706E-10
 4  2048  16  8192  0.5612E-10
 4  2048  16  8192  0.5650E-10
 4  2048  16  8192  0.5595E-10
 4  2048  16  8192  0.5681E-10
 4  2048  16  8192  0.5589E-10
 4  2048  16  8192  0.5649E-10
 4  2048  16  8192  0.5664E-10
 4  2048  16  8192  0.5622E-10
 4  2048  16  8192  0.5679E-10
 4  2048  17  8192  0.6062E-10
 4  2048  17  8192  0.5980E-10
 4  2048  17  8192  0.5979E-10
 4  2048  17  8192  0.6034E-10
 4  2048  17  8192  0.6047E-10
 4  2048  17  8192  0.5970E-10
 4  2048  17  8192  0.6042E-10
 4  2048  17  8192  0.6037E-10
 4  2048  17  8192  0.5980E-10
 4  2048  17  8192  0.6038E-10
 4  2048  18  8192  0.5988E-10
 4  2048  18  8192  0.5955E-10
 4  2048  18  8192  0.5955E-10
 4  2048  18  8192  0.5940E-10
 4  2048  18  8192  0.5940E-10
 4  2048  18  8192  0.5917E-10
 4  2048  18  8192  0.5930E-10
 4  2048  18  8192  0.5908E-10
 4  2048  18  8192  0.5935E-10
 4  2048  18  8192  0.5941E-10
 4  2048  19  8192  0.6082E-10
 4  2048  19  8192  0.6080E-10
 4  2048  19  8192  0.6031E-10
 4  2048  19  8192  0.6050E-10
 4  2048  19  8192  0.6076E-10
 4  2048  19  8192  0.6055E-10
 4  2048  19  8192  0.6064E-10
 4  2048  19  8192  0.6072E-10
 4  2048  19  8192  0.6070E-10
 4  2048  19  8192  0.6065E-10
 4  2048  20  8192  0.5969E-10
 4  2048  20  8192  0.5893E-10
 4  2048  20  8192  0.5888E-10
 4  2048  20  8192  0.5856E-10
 4  2048  20  8192  0.5890E-10
 4  2048  20  8192  0.5882E-10
 4  2048  20  8192  0.5848E-10
 4  2048  20  8192  0.5870E-10
 4  2048  20  8192  0.5871E-10
 4  2048  20  8192  0.5883E-10
