 4  16  3  64  0.1109E-06
 4  16  3  64  0.5229E-07
 4  16  3  64  0.4728E-07
 4  16  3  64  0.4668E-07
 4  16  3  64  0.4861E-07
 4  16  3  64  0.4746E-07
 4  16  3  64  0.4898E-07
 4  16  3  64  0.4843E-07
 4  16  3  64  0.4572E-07
 4  16  3  64  0.5326E-07
 4  16  4  64  0.3816E-07
 4  16  4  64  0.2588E-07
 4  16  4  64  0.2441E-07
 4  16  4  64  0.2418E-07
 4  16  4  64  0.2645E-07
 4  16  4  64  0.2555E-07
 4  16  4  64  0.2831E-07
 4  16  4  64  0.2548E-07
 4  16  4  64  0.2400E-07
 4  16  4  64  0.2408E-07
 4  16  5  64  0.2904E-07
 4  16  5  64  0.1658E-07
 4  16  5  64  0.1555E-07
 4  16  5  64  0.1525E-07
 4  16  5  64  0.1517E-07
 4  16  5  64  0.1529E-07
 4  16  5  64  0.1617E-07
 4  16  5  64  0.1730E-07
 4  16  5  64  0.1625E-07
 4  16  5  64  0.1525E-07
 4  16  6  64  0.1768E-07
 4  16  6  64  0.1199E-07
 4  16  6  64  0.1218E-07
 4  16  6  64  0.1215E-07
 4  16  6  64  0.1189E-07
 4  16  6  64  0.1278E-07
 4  16  6  64  0.1307E-07
 4  16  6  64  0.1208E-07
 4  16  6  64  0.1203E-07
 4  16  6  64  0.1177E-07
 4  16  7  64  0.1758E-07
 4  16  7  64  0.1133E-07
 4  16  7  64  0.1136E-07
 4  16  7  64  0.1246E-07
 4  16  7  64  0.1136E-07
 4  16  7  64  0.1133E-07
 4  16  7  64  0.1133E-07
 4  16  7  64  0.1165E-07
 4  16  7  64  0.1130E-07
 4  16  7  64  0.1131E-07
 4  16  8  64  0.1286E-07
 4  16  8  64  0.9917E-08
 4  16  8  64  0.9328E-08
 4  16  8  64  0.9614E-08
 4  16  8  64  0.9318E-08
 4  16  8  64  0.9328E-08
 4  16  8  64  0.9379E-08
 4  16  8  64  0.9337E-08
 4  16  8  64  0.9684E-08
 4  16  8  64  0.9340E-08
 4  16  9  64  0.5150E-08
 4  16  9  64  0.5096E-08
 4  16  9  64  0.5090E-08
 4  16  9  64  0.5102E-08
 4  16  9  64  0.5114E-08
 4  16  9  64  0.5108E-08
 4  16  9  64  0.5094E-08
 4  16  9  64  0.5088E-08
 4  16  9  64  0.5090E-08
 4  16  9  64  0.5093E-08
 4  16  10  64  0.5031E-08
 4  16  10  64  0.4986E-08
 4  16  10  64  0.4978E-08
 4  16  10  64  0.4978E-08
 4  16  10  64  0.4978E-08
 4  16  10  64  0.4994E-08
 4  16  10  64  0.4978E-08
 4  16  10  64  0.4984E-08
 4  16  10  64  0.4984E-08
 4  16  10  64  0.4978E-08
 4  16  11  64  0.4995E-08
 4  16  11  64  0.4954E-08
 4  16  11  64  0.4957E-08
 4  16  11  64  0.4954E-08
 4  16  11  64  0.4949E-08
 4  16  11  64  0.4943E-08
 4  16  11  64  0.4952E-08
 4  16  11  64  0.4953E-08
 4  16  11  64  0.4962E-08
 4  16  11  64  0.4951E-08
 4  16  12  64  0.4503E-08
 4  16  12  64  0.4494E-08
 4  16  12  64  0.4487E-08
 4  16  12  64  0.4493E-08
 4  16  12  64  0.4491E-08
 4  16  12  64  0.4492E-08
 4  16  12  64  0.4496E-08
 4  16  12  64  0.4495E-08
 4  16  12  64  0.4492E-08
 4  16  12  64  0.4489E-08
 4  16  13  64  0.4605E-08
 4  16  13  64  0.4577E-08
 4  16  13  64  0.4572E-08
 4  16  13  64  0.4578E-08
 4  16  13  64  0.4574E-08
 4  16  13  64  0.4581E-08
 4  16  13  64  0.4578E-08
 4  16  13  64  0.4574E-08
 4  16  13  64  0.4571E-08
 4  16  13  64  0.4571E-08
 4  16  14  64  0.4346E-08
 4  16  14  64  0.4326E-08
 4  16  14  64  0.4325E-08
 4  16  14  64  0.4332E-08
 4  16  14  64  0.4326E-08
 4  16  14  64  0.4331E-08
 4  16  14  64  0.4329E-08
 4  16  14  64  0.4340E-08
 4  16  14  64  0.4327E-08
 4  16  14  64  0.4331E-08
 4  16  15  64  0.4732E-08
 4  16  15  64  0.4711E-08
 4  16  15  64  0.4712E-08
 4  16  15  64  0.4716E-08
 4  16  15  64  0.4713E-08
 4  16  15  64  0.4721E-08
 4  16  15  64  0.4718E-08
 4  16  15  64  0.4714E-08
 4  16  15  64  0.4714E-08
 4  16  15  64  0.4713E-08
 4  16  16  64  0.4597E-08
 4  16  16  64  0.4584E-08
 4  16  16  64  0.4592E-08
 4  16  16  64  0.4586E-08
 4  16  16  64  0.4590E-08
 4  16  16  64  0.4586E-08
 4  16  16  64  0.4585E-08
 4  16  16  64  0.4695E-08
 4  16  16  64  0.4588E-08
 4  16  16  64  0.4583E-08
 4  16  17  64  0.5525E-08
 4  16  17  64  0.5516E-08
 4  16  17  64  0.5516E-08
 4  16  17  64  0.5526E-08
 4  16  17  64  0.5518E-08
 4  16  17  64  0.5515E-08
 4  16  17  64  0.5516E-08
 4  16  17  64  0.5522E-08
 4  16  17  64  0.5516E-08
 4  16  17  64  0.5517E-08
 4  16  18  64  0.5419E-08
 4  16  18  64  0.5409E-08
 4  16  18  64  0.5410E-08
 4  16  18  64  0.5408E-08
 4  16  18  64  0.5408E-08
 4  16  18  64  0.5408E-08
 4  16  18  64  0.5411E-08
 4  16  18  64  0.5413E-08
 4  16  18  64  0.5408E-08
 4  16  18  64  0.5410E-08
 4  16  19  64  0.5764E-08
 4  16  19  64  0.5758E-08
 4  16  19  64  0.5761E-08
 4  16  19  64  0.5757E-08
 4  16  19  64  0.5758E-08
 4  16  19  64  0.5760E-08
 4  16  19  64  0.5756E-08
 4  16  19  64  0.5759E-08
 4  16  19  64  0.5757E-08
 4  16  19  64  0.5758E-08
 4  16  20  64  0.5634E-08
 4  16  20  64  0.5627E-08
 4  16  20  64  0.5628E-08
 4  16  20  64  0.5627E-08
 4  16  20  64  0.5627E-08
 4  16  20  64  0.5628E-08
 4  16  20  64  0.5627E-08
 4  16  20  64  0.5630E-08
 4  16  20  64  0.5627E-08
 4  16  20  64  0.5626E-08
