 4  1024  3  4096  0.2072E-08
 4  1024  3  4096  0.1910E-08
 4  1024  3  4096  0.1946E-08
 4  1024  3  4096  0.1829E-08
 4  1024  3  4096  0.1841E-08
 4  1024  3  4096  0.1842E-08
 4  1024  3  4096  0.1842E-08
 4  1024  3  4096  0.1864E-08
 4  1024  3  4096  0.1893E-08
 4  1024  3  4096  0.1892E-08
 4  1024  4  4096  0.9713E-09
 4  1024  4  4096  0.8704E-09
 4  1024  4  4096  0.9016E-09
 4  1024  4  4096  0.8752E-09
 4  1024  4  4096  0.8423E-09
 4  1024  4  4096  0.8429E-09
 4  1024  4  4096  0.8442E-09
 4  1024  4  4096  0.8606E-09
 4  1024  4  4096  0.8628E-09
 4  1024  4  4096  0.8581E-09
 4  1024  5  4096  0.5642E-09
 4  1024  5  4096  0.5211E-09
 4  1024  5  4096  0.5198E-09
 4  1024  5  4096  0.5110E-09
 4  1024  5  4096  0.5055E-09
 4  1024  5  4096  0.5015E-09
 4  1024  5  4096  0.5078E-09
 4  1024  5  4096  0.4986E-09
 4  1024  5  4096  0.5156E-09
 4  1024  5  4096  0.5090E-09
 4  1024  6  4096  0.4118E-09
 4  1024  6  4096  0.3835E-09
 4  1024  6  4096  0.3731E-09
 4  1024  6  4096  0.3708E-09
 4  1024  6  4096  0.3682E-09
 4  1024  6  4096  0.3720E-09
 4  1024  6  4096  0.3774E-09
 4  1024  6  4096  0.3727E-09
 4  1024  6  4096  0.3762E-09
 4  1024  6  4096  0.3734E-09
 4  1024  7  4096  0.3237E-09
 4  1024  7  4096  0.3057E-09
 4  1024  7  4096  0.3039E-09
 4  1024  7  4096  0.3058E-09
 4  1024  7  4096  0.3047E-09
 4  1024  7  4096  0.3056E-09
 4  1024  7  4096  0.3057E-09
 4  1024  7  4096  0.3037E-09
 4  1024  7  4096  0.3044E-09
 4  1024  7  4096  0.3039E-09
 4  1024  8  4096  0.2537E-09
 4  1024  8  4096  0.2424E-09
 4  1024  8  4096  0.2432E-09
 4  1024  8  4096  0.2461E-09
 4  1024  8  4096  0.2444E-09
 4  1024  8  4096  0.2422E-09
 4  1024  8  4096  0.2427E-09
 4  1024  8  4096  0.2445E-09
 4  1024  8  4096  0.2419E-09
 4  1024  8  4096  0.2443E-09
 4  1024  9  4096  0.2165E-09
 4  1024  9  4096  0.2121E-09
 4  1024  9  4096  0.2098E-09
 4  1024  9  4096  0.2102E-09
 4  1024  9  4096  0.2101E-09
 4  1024  9  4096  0.2107E-09
 4  1024  9  4096  0.2112E-09
 4  1024  9  4096  0.2115E-09
 4  1024  9  4096  0.2111E-09
 4  1024  9  4096  0.2104E-09
 4  1024  10  4096  0.1840E-09
 4  1024  10  4096  0.1824E-09
 4  1024  10  4096  0.1823E-09
 4  1024  10  4096  0.1837E-09
 4  1024  10  4096  0.1807E-09
 4  1024  10  4096  0.1832E-09
 4  1024  10  4096  0.1820E-09
 4  1024  10  4096  0.1813E-09
 4  1024  10  4096  0.1808E-09
 4  1024  10  4096  0.1830E-09
 4  1024  11  4096  0.1636E-09
 4  1024  11  4096  0.1601E-09
 4  1024  11  4096  0.1616E-09
 4  1024  11  4096  0.1627E-09
 4  1024  11  4096  0.1618E-09
 4  1024  11  4096  0.1611E-09
 4  1024  11  4096  0.1622E-09
 4  1024  11  4096  0.1615E-09
 4  1024  11  4096  0.1599E-09
 4  1024  11  4096  0.1604E-09
 4  1024  12  4096  0.1436E-09
 4  1024  12  4096  0.1375E-09
 4  1024  12  4096  0.1376E-09
 4  1024  12  4096  0.1389E-09
 4  1024  12  4096  0.1375E-09
 4  1024  12  4096  0.1373E-09
 4  1024  12  4096  0.1390E-09
 4  1024  12  4096  0.1384E-09
 4  1024  12  4096  0.1381E-09
 4  1024  12  4096  0.1380E-09
 4  1024  13  4096  0.1304E-09
 4  1024  13  4096  0.1285E-09
 4  1024  13  4096  0.1289E-09
 4  1024  13  4096  0.1279E-09
 4  1024  13  4096  0.1281E-09
 4  1024  13  4096  0.1291E-09
 4  1024  13  4096  0.1278E-09
 4  1024  13  4096  0.1281E-09
 4  1024  13  4096  0.1283E-09
 4  1024  13  4096  0.1286E-09
 4  1024  14  4096  0.1186E-09
 4  1024  14  4096  0.1164E-09
 4  1024  14  4096  0.1160E-09
 4  1024  14  4096  0.1167E-09
 4  1024  14  4096  0.1148E-09
 4  1024  14  4096  0.1156E-09
 4  1024  14  4096  0.1144E-09
 4  1024  14  4096  0.1153E-09
 4  1024  14  4096  0.1160E-09
 4  1024  14  4096  0.1146E-09
 4  1024  15  4096  0.1149E-09
 4  1024  15  4096  0.1143E-09
 4  1024  15  4096  0.1127E-09
 4  1024  15  4096  0.1151E-09
 4  1024  15  4096  0.1125E-09
 4  1024  15  4096  0.1146E-09
 4  1024  15  4096  0.1129E-09
 4  1024  15  4096  0.1133E-09
 4  1024  15  4096  0.1132E-09
 4  1024  15  4096  0.1136E-09
 4  1024  16  4096  0.1093E-09
 4  1024  16  4096  0.1074E-09
 4  1024  16  4096  0.1068E-09
 4  1024  16  4096  0.1069E-09
 4  1024  16  4096  0.1068E-09
 4  1024  16  4096  0.1071E-09
 4  1024  16  4096  0.1074E-09
 4  1024  16  4096  0.1066E-09
 4  1024  16  4096  0.1066E-09
 4  1024  16  4096  0.1069E-09
 4  1024  17  4096  0.1162E-09
 4  1024  17  4096  0.1143E-09
 4  1024  17  4096  0.1157E-09
 4  1024  17  4096  0.1146E-09
 4  1024  17  4096  0.1147E-09
 4  1024  17  4096  0.1149E-09
 4  1024  17  4096  0.1156E-09
 4  1024  17  4096  0.1148E-09
 4  1024  17  4096  0.1155E-09
 4  1024  17  4096  0.1169E-09
 4  1024  18  4096  0.1116E-09
 4  1024  18  4096  0.1121E-09
 4  1024  18  4096  0.1114E-09
 4  1024  18  4096  0.1123E-09
 4  1024  18  4096  0.1133E-09
 4  1024  18  4096  0.1131E-09
 4  1024  18  4096  0.1132E-09
 4  1024  18  4096  0.1142E-09
 4  1024  18  4096  0.1135E-09
 4  1024  18  4096  0.1138E-09
 4  1024  19  4096  0.1187E-09
 4  1024  19  4096  0.1181E-09
 4  1024  19  4096  0.1182E-09
 4  1024  19  4096  0.1182E-09
 4  1024  19  4096  0.1180E-09
 4  1024  19  4096  0.1184E-09
 4  1024  19  4096  0.1186E-09
 4  1024  19  4096  0.1193E-09
 4  1024  19  4096  0.1188E-09
 4  1024  19  4096  0.1190E-09
 4  1024  20  4096  0.1106E-09
 4  1024  20  4096  0.1095E-09
 4  1024  20  4096  0.1093E-09
 4  1024  20  4096  0.1094E-09
 4  1024  20  4096  0.1092E-09
 4  1024  20  4096  0.1084E-09
 4  1024  20  4096  0.1085E-09
 4  1024  20  4096  0.1087E-09
 4  1024  20  4096  0.1093E-09
 4  1024  20  4096  0.1094E-09
