 4  16  3  64  0.2976E-07
 4  16  3  64  0.2851E-07
 4  16  3  64  0.2855E-07
 4  16  3  64  0.2813E-07
 4  16  3  64  0.2820E-07
 4  16  3  64  0.2827E-07
 4  16  3  64  0.2817E-07
 4  16  3  64  0.2818E-07
 4  16  3  64  0.2802E-07
 4  16  3  64  0.2801E-07
 4  16  4  64  0.1424E-07
 4  16  4  64  0.1370E-07
 4  16  4  64  0.1350E-07
 4  16  4  64  0.1365E-07
 4  16  4  64  0.1352E-07
 4  16  4  64  0.1353E-07
 4  16  4  64  0.1350E-07
 4  16  4  64  0.1359E-07
 4  16  4  64  0.1348E-07
 4  16  4  64  0.1347E-07
 4  16  5  64  0.9581E-08
 4  16  5  64  0.9165E-08
 4  16  5  64  0.9123E-08
 4  16  5  64  0.9058E-08
 4  16  5  64  0.8990E-08
 4  16  5  64  0.8986E-08
 4  16  5  64  0.9081E-08
 4  16  5  64  0.9015E-08
 4  16  5  64  0.9013E-08
 4  16  5  64  0.9015E-08
 4  16  6  64  0.7004E-08
 4  16  6  64  0.6618E-08
 4  16  6  64  0.6541E-08
 4  16  6  64  0.6483E-08
 4  16  6  64  0.6485E-08
 4  16  6  64  0.6478E-08
 4  16  6  64  0.6459E-08
 4  16  6  64  0.6542E-08
 4  16  6  64  0.6524E-08
 4  16  6  64  0.6473E-08
 4  16  7  64  0.6313E-08
 4  16  7  64  0.5998E-08
 4  16  7  64  0.5988E-08
 4  16  7  64  0.5963E-08
 4  16  7  64  0.5983E-08
 4  16  7  64  0.6017E-08
 4  16  7  64  0.5966E-08
 4  16  7  64  0.5982E-08
 4  16  7  64  0.5952E-08
 4  16  7  64  0.5996E-08
 4  16  8  64  0.5845E-08
 4  16  8  64  0.5651E-08
 4  16  8  64  0.5607E-08
 4  16  8  64  0.5636E-08
 4  16  8  64  0.5680E-08
 4  16  8  64  0.5605E-08
 4  16  8  64  0.5634E-08
 4  16  8  64  0.5620E-08
 4  16  8  64  0.5638E-08
 4  16  8  64  0.5621E-08
 4  16  9  64  0.6122E-08
 4  16  9  64  0.5988E-08
 4  16  9  64  0.5954E-08
 4  16  9  64  0.5948E-08
 4  16  9  64  0.5957E-08
 4  16  9  64  0.5996E-08
 4  16  9  64  0.5963E-08
 4  16  9  64  0.5967E-08
 4  16  9  64  0.5962E-08
 4  16  9  64  0.5963E-08
 4  16  10  64  0.6410E-08
 4  16  10  64  0.6300E-08
 4  16  10  64  0.6310E-08
 4  16  10  64  0.6309E-08
 4  16  10  64  0.6304E-08
 4  16  10  64  0.6312E-08
 4  16  10  64  0.6300E-08
 4  16  10  64  0.6313E-08
 4  16  10  64  0.6314E-08
 4  16  10  64  0.6321E-08
 4  16  11  64  0.6487E-08
 4  16  11  64  0.6456E-08
 4  16  11  64  0.6446E-08
 4  16  11  64  0.6455E-08
 4  16  11  64  0.6444E-08
 4  16  11  64  0.6451E-08
 4  16  11  64  0.6453E-08
 4  16  11  64  0.6447E-08
 4  16  11  64  0.6451E-08
 4  16  11  64  0.6483E-08
 4  16  12  64  0.5842E-08
 4  16  12  64  0.5811E-08
 4  16  12  64  0.5813E-08
 4  16  12  64  0.5811E-08
 4  16  12  64  0.5800E-08
 4  16  12  64  0.5806E-08
 4  16  12  64  0.5805E-08
 4  16  12  64  0.5806E-08
 4  16  12  64  0.5814E-08
 4  16  12  64  0.5803E-08
 4  16  13  64  0.5929E-08
 4  16  13  64  0.5902E-08
 4  16  13  64  0.5913E-08
 4  16  13  64  0.5901E-08
 4  16  13  64  0.5904E-08
 4  16  13  64  0.5902E-08
 4  16  13  64  0.5910E-08
 4  16  13  64  0.5906E-08
 4  16  13  64  0.5905E-08
 4  16  13  64  0.5905E-08
 4  16  14  64  0.5615E-08
 4  16  14  64  0.5591E-08
 4  16  14  64  0.5600E-08
 4  16  14  64  0.5598E-08
 4  16  14  64  0.5592E-08
 4  16  14  64  0.5606E-08
 4  16  14  64  0.5596E-08
 4  16  14  64  0.5595E-08
 4  16  14  64  0.5603E-08
 4  16  14  64  0.5594E-08
 4  16  15  64  0.5766E-08
 4  16  15  64  0.5745E-08
 4  16  15  64  0.5742E-08
 4  16  15  64  0.5745E-08
 4  16  15  64  0.5757E-08
 4  16  15  64  0.5742E-08
 4  16  15  64  0.5744E-08
 4  16  15  64  0.5745E-08
 4  16  15  64  0.5739E-08
 4  16  15  64  0.5749E-08
 4  16  16  64  0.5724E-08
 4  16  16  64  0.5702E-08
 4  16  16  64  0.5703E-08
 4  16  16  64  0.5703E-08
 4  16  16  64  0.5705E-08
 4  16  16  64  0.5700E-08
 4  16  16  64  0.5704E-08
 4  16  16  64  0.5702E-08
 4  16  16  64  0.5703E-08
 4  16  16  64  0.5706E-08
 4  16  17  64  0.6659E-08
 4  16  17  64  0.6647E-08
 4  16  17  64  0.6647E-08
 4  16  17  64  0.6653E-08
 4  16  17  64  0.6650E-08
 4  16  17  64  0.6650E-08
 4  16  17  64  0.6652E-08
 4  16  17  64  0.6647E-08
 4  16  17  64  0.6647E-08
 4  16  17  64  0.6648E-08
 4  16  18  64  0.6539E-08
 4  16  18  64  0.6536E-08
 4  16  18  64  0.6535E-08
 4  16  18  64  0.6532E-08
 4  16  18  64  0.6535E-08
 4  16  18  64  0.6534E-08
 4  16  18  64  0.6535E-08
 4  16  18  64  0.6534E-08
 4  16  18  64  0.6532E-08
 4  16  18  64  0.6535E-08
 4  16  19  64  0.6918E-08
 4  16  19  64  0.6927E-08
 4  16  19  64  0.6919E-08
 4  16  19  64  0.6917E-08
 4  16  19  64  0.6920E-08
 4  16  19  64  0.6921E-08
 4  16  19  64  0.6922E-08
 4  16  19  64  0.6919E-08
 4  16  19  64  0.6923E-08
 4  16  19  64  0.6923E-08
 4  16  20  64  0.7050E-08
 4  16  20  64  0.7045E-08
 4  16  20  64  0.7046E-08
 4  16  20  64  0.7046E-08
 4  16  20  64  0.7044E-08
 4  16  20  64  0.7049E-08
 4  16  20  64  0.7047E-08
 4  16  20  64  0.7046E-08
 4  16  20  64  0.7048E-08
 4  16  20  64  0.7047E-08
