 4  2048  3  8192  0.1425E-08
 4  2048  3  8192  0.1404E-08
 4  2048  3  8192  0.1402E-08
 4  2048  3  8192  0.1405E-08
 4  2048  3  8192  0.1397E-08
 4  2048  3  8192  0.1369E-08
 4  2048  3  8192  0.1342E-08
 4  2048  3  8192  0.1380E-08
 4  2048  3  8192  0.1370E-08
 4  2048  3  8192  0.1396E-08
 4  2048  4  8192  0.5988E-09
 4  2048  4  8192  0.6312E-09
 4  2048  4  8192  0.6121E-09
 4  2048  4  8192  0.6150E-09
 4  2048  4  8192  0.5975E-09
 4  2048  4  8192  0.6019E-09
 4  2048  4  8192  0.6099E-09
 4  2048  4  8192  0.6035E-09
 4  2048  4  8192  0.6008E-09
 4  2048  4  8192  0.6031E-09
 4  2048  5  8192  0.3860E-09
 4  2048  5  8192  0.3737E-09
 4  2048  5  8192  0.3805E-09
 4  2048  5  8192  0.3706E-09
 4  2048  5  8192  0.3750E-09
 4  2048  5  8192  0.3684E-09
 4  2048  5  8192  0.3670E-09
 4  2048  5  8192  0.3691E-09
 4  2048  5  8192  0.3704E-09
 4  2048  5  8192  0.3696E-09
 4  2048  6  8192  0.2629E-09
 4  2048  6  8192  0.2584E-09
 4  2048  6  8192  0.2581E-09
 4  2048  6  8192  0.2587E-09
 4  2048  6  8192  0.2570E-09
 4  2048  6  8192  0.2613E-09
 4  2048  6  8192  0.2627E-09
 4  2048  6  8192  0.2595E-09
 4  2048  6  8192  0.2574E-09
 4  2048  6  8192  0.2568E-09
 4  2048  7  8192  0.1956E-09
 4  2048  7  8192  0.1982E-09
 4  2048  7  8192  0.2021E-09
 4  2048  7  8192  0.2054E-09
 4  2048  7  8192  0.1995E-09
 4  2048  7  8192  0.1945E-09
 4  2048  7  8192  0.1953E-09
 4  2048  7  8192  0.1969E-09
 4  2048  7  8192  0.2042E-09
 4  2048  7  8192  0.2023E-09
 4  2048  8  8192  0.1518E-09
 4  2048  8  8192  0.1529E-09
 4  2048  8  8192  0.1551E-09
 4  2048  8  8192  0.1531E-09
 4  2048  8  8192  0.1508E-09
 4  2048  8  8192  0.1516E-09
 4  2048  8  8192  0.1541E-09
 4  2048  8  8192  0.1545E-09
 4  2048  8  8192  0.1551E-09
 4  2048  8  8192  0.1497E-09
 4  2048  9  8192  0.1300E-09
 4  2048  9  8192  0.1299E-09
 4  2048  9  8192  0.1281E-09
 4  2048  9  8192  0.1268E-09
 4  2048  9  8192  0.1288E-09
 4  2048  9  8192  0.1291E-09
 4  2048  9  8192  0.1283E-09
 4  2048  9  8192  0.1263E-09
 4  2048  9  8192  0.1266E-09
 4  2048  9  8192  0.1295E-09
 4  2048  10  8192  0.1063E-09
 4  2048  10  8192  0.1070E-09
 4  2048  10  8192  0.1067E-09
 4  2048  10  8192  0.1066E-09
 4  2048  10  8192  0.1058E-09
 4  2048  10  8192  0.1070E-09
 4  2048  10  8192  0.1077E-09
 4  2048  10  8192  0.1055E-09
 4  2048  10  8192  0.1055E-09
 4  2048  10  8192  0.1066E-09
 4  2048  11  8192  0.9319E-10
 4  2048  11  8192  0.9185E-10
 4  2048  11  8192  0.9103E-10
 4  2048  11  8192  0.9222E-10
 4  2048  11  8192  0.9165E-10
 4  2048  11  8192  0.9100E-10
 4  2048  11  8192  0.9227E-10
 4  2048  11  8192  0.9252E-10
 4  2048  11  8192  0.9068E-10
 4  2048  11  8192  0.9202E-10
 4  2048  12  8192  0.7861E-10
 4  2048  12  8192  0.7757E-10
 4  2048  12  8192  0.7641E-10
 4  2048  12  8192  0.7784E-10
 4  2048  12  8192  0.7722E-10
 4  2048  12  8192  0.7629E-10
 4  2048  12  8192  0.7800E-10
 4  2048  12  8192  0.7768E-10
 4  2048  12  8192  0.7647E-10
 4  2048  12  8192  0.7779E-10
 4  2048  13  8192  0.7080E-10
 4  2048  13  8192  0.7022E-10
 4  2048  13  8192  0.7084E-10
 4  2048  13  8192  0.7115E-10
 4  2048  13  8192  0.6981E-10
 4  2048  13  8192  0.7108E-10
 4  2048  13  8192  0.7025E-10
 4  2048  13  8192  0.7119E-10
 4  2048  13  8192  0.7114E-10
 4  2048  13  8192  0.7033E-10
 4  2048  14  8192  0.6213E-10
 4  2048  14  8192  0.6287E-10
 4  2048  14  8192  0.6181E-10
 4  2048  14  8192  0.6361E-10
 4  2048  14  8192  0.6242E-10
 4  2048  14  8192  0.6235E-10
 4  2048  14  8192  0.6266E-10
 4  2048  14  8192  0.6167E-10
 4  2048  14  8192  0.6292E-10
 4  2048  14  8192  0.6239E-10
 4  2048  15  8192  0.6109E-10
 4  2048  15  8192  0.5991E-10
 4  2048  15  8192  0.6094E-10
 4  2048  15  8192  0.6013E-10
 4  2048  15  8192  0.6075E-10
 4  2048  15  8192  0.6019E-10
 4  2048  15  8192  0.6110E-10
 4  2048  15  8192  0.5996E-10
 4  2048  15  8192  0.6073E-10
 4  2048  15  8192  0.6009E-10
 4  2048  16  8192  0.5646E-10
 4  2048  16  8192  0.5546E-10
 4  2048  16  8192  0.5612E-10
 4  2048  16  8192  0.5521E-10
 4  2048  16  8192  0.5660E-10
 4  2048  16  8192  0.5585E-10
 4  2048  16  8192  0.5582E-10
 4  2048  16  8192  0.5580E-10
 4  2048  16  8192  0.5560E-10
 4  2048  16  8192  0.5586E-10
 4  2048  17  8192  0.5973E-10
 4  2048  17  8192  0.5965E-10
 4  2048  17  8192  0.5960E-10
 4  2048  17  8192  0.5996E-10
 4  2048  17  8192  0.5975E-10
 4  2048  17  8192  0.6037E-10
 4  2048  17  8192  0.6017E-10
 4  2048  17  8192  0.5948E-10
 4  2048  17  8192  0.6018E-10
 4  2048  17  8192  0.6016E-10
 4  2048  18  8192  0.5889E-10
 4  2048  18  8192  0.5850E-10
 4  2048  18  8192  0.5855E-10
 4  2048  18  8192  0.5854E-10
 4  2048  18  8192  0.5896E-10
 4  2048  18  8192  0.5895E-10
 4  2048  18  8192  0.5887E-10
 4  2048  18  8192  0.5900E-10
 4  2048  18  8192  0.5840E-10
 4  2048  18  8192  0.5887E-10
 4  2048  19  8192  0.5945E-10
 4  2048  19  8192  0.5933E-10
 4  2048  19  8192  0.5927E-10
 4  2048  19  8192  0.5950E-10
 4  2048  19  8192  0.5901E-10
 4  2048  19  8192  0.5924E-10
 4  2048  19  8192  0.5949E-10
 4  2048  19  8192  0.5929E-10
 4  2048  19  8192  0.5943E-10
 4  2048  19  8192  0.5937E-10
 4  2048  20  8192  0.5796E-10
 4  2048  20  8192  0.5752E-10
 4  2048  20  8192  0.5776E-10
 4  2048  20  8192  0.5781E-10
 4  2048  20  8192  0.5761E-10
 4  2048  20  8192  0.5758E-10
 4  2048  20  8192  0.5800E-10
 4  2048  20  8192  0.5800E-10
 4  2048  20  8192  0.5776E-10
 4  2048  20  8192  0.5794E-10
