 4  1  3  4  0.2745E-06
 4  1  3  4  0.2193E-06
 4  1  3  4  0.1943E-06
 4  1  3  4  0.1913E-06
 4  1  3  4  0.1795E-06
 4  1  3  4  0.2127E-06
 4  1  3  4  0.1825E-06
 4  1  3  4  0.2531E-06
 4  1  3  4  0.2127E-06
 4  1  3  4  0.1972E-06
 4  1  4  4  0.1003E-06
 4  1  4  4  0.8071E-07
 4  1  4  4  0.7792E-07
 4  1  4  4  0.7699E-07
 4  1  4  4  0.7544E-07
 4  1  4  4  0.7668E-07
 4  1  4  4  0.1173E-06
 4  1  4  4  0.8071E-07
 4  1  4  4  0.7792E-07
 4  1  4  4  0.7823E-07
 4  1  5  4  0.1148E-06
 4  1  5  4  0.7534E-07
 4  1  5  4  0.9060E-07
 4  1  5  4  0.7137E-07
 4  1  5  4  0.1019E-06
 4  1  5  4  0.6930E-07
 4  1  5  4  0.1068E-06
 4  1  5  4  0.1094E-06
 4  1  5  4  0.1054E-06
 4  1  5  4  0.1012E-06
 4  1  6  4  0.6862E-07
 4  1  6  4  0.7681E-07
 4  1  6  4  0.5786E-07
 4  1  6  4  0.7754E-07
 4  1  6  4  0.5629E-07
 4  1  6  4  0.7414E-07
 4  1  6  4  0.5822E-07
 4  1  6  4  0.7524E-07
 4  1  6  4  0.8600E-07
 4  1  6  4  0.7175E-07
 4  1  7  4  0.7849E-07
 4  1  7  4  0.7843E-07
 4  1  7  4  0.7941E-07
 4  1  7  4  0.7600E-07
 4  1  7  4  0.7947E-07
 4  1  7  4  0.7924E-07
 4  1  7  4  0.7750E-07
 4  1  7  4  0.8138E-07
 4  1  7  4  0.7820E-07
 4  1  7  4  0.6922E-07
 4  1  8  4  0.7435E-07
 4  1  8  4  0.7097E-07
 4  1  8  4  0.6430E-07
 4  1  8  4  0.6073E-07
 4  1  8  4  0.6085E-07
 4  1  8  4  0.5992E-07
 4  1  8  4  0.5976E-07
 4  1  8  4  0.6791E-07
 4  1  8  4  0.6248E-07
 4  1  8  4  0.5906E-07
 4  1  9  4  0.7487E-07
 4  1  9  4  0.6585E-07
 4  1  9  4  0.6560E-07
 4  1  9  4  0.6734E-07
 4  1  9  4  0.7236E-07
 4  1  9  4  0.6734E-07
 4  1  9  4  0.6606E-07
 4  1  9  4  0.6620E-07
 4  1  9  4  0.6492E-07
 4  1  9  4  0.6985E-07
 4  1  10  4  0.1013E-06
 4  1  10  4  0.9608E-07
 4  1  10  4  0.9559E-07
 4  1  10  4  0.9801E-07
 4  1  10  4  0.9491E-07
 4  1  10  4  0.9559E-07
 4  1  10  4  0.9875E-07
 4  1  10  4  0.9600E-07
 4  1  10  4  0.9533E-07
 4  1  10  4  0.9807E-07
 4  1  11  4  0.9285E-07
 4  1  11  4  0.8647E-07
 4  1  11  4  0.8658E-07
 4  1  11  4  0.8897E-07
 4  1  11  4  0.8991E-07
 4  1  11  4  0.9040E-07
 4  1  11  4  0.8640E-07
 4  1  11  4  0.8659E-07
 4  1  11  4  0.8877E-07
 4  1  11  4  0.8640E-07
 4  1  12  4  0.7336E-07
 4  1  12  4  0.7422E-07
 4  1  12  4  0.7152E-07
 4  1  12  4  0.7538E-07
 4  1  12  4  0.7138E-07
 4  1  12  4  0.7138E-07
 4  1  12  4  0.7398E-07
 4  1  12  4  0.7127E-07
 4  1  12  4  0.7533E-07
 4  1  12  4  0.7137E-07
 4  1  13  4  0.7735E-07
 4  1  13  4  0.7354E-07
 4  1  13  4  0.7699E-07
 4  1  13  4  0.7821E-07
 4  1  13  4  0.7431E-07
 4  1  13  4  0.7719E-07
 4  1  13  4  0.7404E-07
 4  1  13  4  0.7677E-07
 4  1  13  4  0.7351E-07
 4  1  13  4  0.7867E-07
 4  1  14  4  0.6860E-07
 4  1  14  4  0.6709E-07
 4  1  14  4  0.6456E-07
 4  1  14  4  0.6715E-07
 4  1  14  4  0.6429E-07
 4  1  14  4  0.6654E-07
 4  1  14  4  0.6608E-07
 4  1  14  4  0.6521E-07
 4  1  14  4  0.6621E-07
 4  1  14  4  0.6517E-07
 4  1  15  4  0.7588E-07
 4  1  15  4  0.7412E-07
 4  1  15  4  0.7284E-07
 4  1  15  4  0.7358E-07
 4  1  15  4  0.7427E-07
 4  1  15  4  0.7454E-07
 4  1  15  4  0.7407E-07
 4  1  15  4  0.7286E-07
 4  1  15  4  0.7368E-07
 4  1  15  4  0.7466E-07
 4  1  16  4  0.7684E-07
 4  1  16  4  0.7565E-07
 4  1  16  4  0.7589E-07
 4  1  16  4  0.7676E-07
 4  1  16  4  0.7593E-07
 4  1  16  4  0.7633E-07
 4  1  16  4  0.7615E-07
 4  1  16  4  0.7568E-07
 4  1  16  4  0.7577E-07
 4  1  16  4  0.7554E-07
 4  1  17  4  0.8361E-07
 4  1  17  4  0.8323E-07
 4  1  17  4  0.8242E-07
 4  1  17  4  0.8261E-07
 4  1  17  4  0.8240E-07
 4  1  17  4  0.8303E-07
 4  1  17  4  0.8232E-07
 4  1  17  4  0.8264E-07
 4  1  17  4  0.8304E-07
 4  1  17  4  0.8250E-07
 4  1  18  4  0.8768E-07
 4  1  18  4  0.8593E-07
 4  1  18  4  0.8663E-07
 4  1  18  4  0.8715E-07
 4  1  18  4  0.8598E-07
 4  1  18  4  0.8768E-07
 4  1  18  4  0.8590E-07
 4  1  18  4  0.8694E-07
 4  1  18  4  0.8592E-07
 4  1  18  4  0.8626E-07
 4  1  19  4  0.9447E-07
 4  1  19  4  0.9438E-07
 4  1  19  4  0.9467E-07
 4  1  19  4  0.9460E-07
 4  1  19  4  0.9509E-07
 4  1  19  4  0.9472E-07
 4  1  19  4  0.9435E-07
 4  1  19  4  0.9474E-07
 4  1  19  4  0.9466E-07
 4  1  19  4  0.9450E-07
 4  1  20  4  0.6820E-07
 4  1  20  4  0.9043E-07
 4  1  20  4  0.9025E-07
 4  1  20  4  0.9048E-07
 4  1  20  4  0.9112E-07
 4  1  20  4  0.9043E-07
 4  1  20  4  0.9020E-07
 4  1  20  4  0.9154E-07
 4  1  20  4  0.9075E-07
 4  1  20  4  0.9070E-07
