 4  64  3  256  0.7475E-07
 4  64  3  256  0.3352E-07
 4  64  3  256  0.2784E-07
 4  64  3  256  0.2585E-07
 4  64  3  256  0.2551E-07
 4  64  3  256  0.2753E-07
 4  64  3  256  0.2692E-07
 4  64  3  256  0.2589E-07
 4  64  3  256  0.2527E-07
 4  64  3  256  0.2653E-07
 4  64  4  256  0.2197E-07
 4  64  4  256  0.1271E-07
 4  64  4  256  0.1222E-07
 4  64  4  256  0.1284E-07
 4  64  4  256  0.1201E-07
 4  64  4  256  0.1221E-07
 4  64  4  256  0.1211E-07
 4  64  4  256  0.1209E-07
 4  64  4  256  0.1209E-07
 4  64  4  256  0.1261E-07
 4  64  5  256  0.1858E-07
 4  64  5  256  0.9574E-08
 4  64  5  256  0.8730E-08
 4  64  5  256  0.8397E-08
 4  64  5  256  0.8270E-08
 4  64  5  256  0.8459E-08
 4  64  5  256  0.9062E-08
 4  64  5  256  0.8104E-08
 4  64  5  256  0.8178E-08
 4  64  5  256  0.8290E-08
 4  64  6  256  0.3248E-08
 4  64  6  256  0.3084E-08
 4  64  6  256  0.3083E-08
 4  64  6  256  0.3112E-08
 4  64  6  256  0.3087E-08
 4  64  6  256  0.3473E-08
 4  64  6  256  0.3252E-08
 4  64  6  256  0.3111E-08
 4  64  6  256  0.3096E-08
 4  64  6  256  0.3099E-08
 4  64  7  256  0.2786E-08
 4  64  7  256  0.2743E-08
 4  64  7  256  0.2750E-08
 4  64  7  256  0.2722E-08
 4  64  7  256  0.2717E-08
 4  64  7  256  0.2738E-08
 4  64  7  256  0.2712E-08
 4  64  7  256  0.2720E-08
 4  64  7  256  0.2746E-08
 4  64  7  256  0.2744E-08
 4  64  8  256  0.2453E-08
 4  64  8  256  0.2525E-08
 4  64  8  256  0.2444E-08
 4  64  8  256  0.2422E-08
 4  64  8  256  0.2444E-08
 4  64  8  256  0.2447E-08
 4  64  8  256  0.2445E-08
 4  64  8  256  0.2437E-08
 4  64  8  256  0.2463E-08
 4  64  8  256  0.2442E-08
 4  64  9  256  0.2436E-08
 4  64  9  256  0.2400E-08
 4  64  9  256  0.2411E-08
 4  64  9  256  0.2417E-08
 4  64  9  256  0.2399E-08
 4  64  9  256  0.2404E-08
 4  64  9  256  0.2396E-08
 4  64  9  256  0.2402E-08
 4  64  9  256  0.2403E-08
 4  64  9  256  0.2411E-08
 4  64  9  256  0.2445E-08
 4  64  9  256  0.2403E-08
 4  64  9  256  0.2416E-08
 4  64  9  256  0.2410E-08
 4  64  9  256  0.2421E-08
 4  64  9  256  0.2407E-08
 4  64  9  256  0.2406E-08
 4  64  9  256  0.2401E-08
 4  64  9  256  0.2402E-08
 4  64  9  256  0.2400E-08
 4  64  10  256  0.1964E-08
 4  64  10  256  0.1937E-08
 4  64  10  256  0.1943E-08
 4  64  10  256  0.1948E-08
 4  64  10  256  0.1940E-08
 4  64  10  256  0.1938E-08
 4  64  10  256  0.1939E-08
 4  64  10  256  0.1941E-08
 4  64  10  256  0.1939E-08
 4  64  10  256  0.1943E-08
 4  64  11  256  0.1820E-08
 4  64  11  256  0.1808E-08
 4  64  11  256  0.1808E-08
 4  64  11  256  0.1812E-08
 4  64  11  256  0.1894E-08
 4  64  11  256  0.1803E-08
 4  64  11  256  0.1804E-08
 4  64  11  256  0.1809E-08
 4  64  11  256  0.1810E-08
 4  64  11  256  0.1806E-08
 4  64  12  256  0.1604E-08
 4  64  12  256  0.1594E-08
 4  64  12  256  0.1590E-08
 4  64  12  256  0.1592E-08
 4  64  12  256  0.1590E-08
 4  64  12  256  0.1590E-08
 4  64  12  256  0.1595E-08
 4  64  12  256  0.1590E-08
 4  64  12  256  0.1591E-08
 4  64  12  256  0.1590E-08
 4  64  13  256  0.1588E-08
 4  64  13  256  0.1578E-08
 4  64  13  256  0.1581E-08
 4  64  13  256  0.1581E-08
 4  64  13  256  0.1577E-08
 4  64  13  256  0.1580E-08
 4  64  13  256  0.1579E-08
 4  64  13  256  0.1582E-08
 4  64  13  256  0.1578E-08
 4  64  13  256  0.1588E-08
 4  64  14  256  0.1436E-08
 4  64  14  256  0.1427E-08
 4  64  14  256  0.1429E-08
 4  64  14  256  0.1430E-08
 4  64  14  256  0.1428E-08
 4  64  14  256  0.1427E-08
 4  64  14  256  0.1428E-08
 4  64  14  256  0.1427E-08
 4  64  14  256  0.1432E-08
 4  64  14  256  0.1429E-08
 4  64  15  256  0.1485E-08
 4  64  15  256  0.1477E-08
 4  64  15  256  0.1477E-08
 4  64  15  256  0.1476E-08
 4  64  15  256  0.1477E-08
 4  64  15  256  0.1477E-08
 4  64  15  256  0.1477E-08
 4  64  15  256  0.1476E-08
 4  64  15  256  0.1474E-08
 4  64  15  256  0.1478E-08
 4  64  16  256  0.1420E-08
 4  64  16  256  0.1413E-08
 4  64  16  256  0.1412E-08
 4  64  16  256  0.1415E-08
 4  64  16  256  0.1411E-08
 4  64  16  256  0.1413E-08
 4  64  16  256  0.1412E-08
 4  64  16  256  0.1412E-08
 4  64  16  256  0.1411E-08
 4  64  16  256  0.1413E-08
 4  64  17  256  0.1655E-08
 4  64  17  256  0.1650E-08
 4  64  17  256  0.1650E-08
 4  64  17  256  0.1650E-08
 4  64  17  256  0.1650E-08
 4  64  17  256  0.1652E-08
 4  64  17  256  0.1650E-08
 4  64  17  256  0.1651E-08
 4  64  17  256  0.1652E-08
 4  64  17  256  0.1652E-08
 4  64  18  256  0.1606E-08
 4  64  18  256  0.1602E-08
 4  64  18  256  0.1603E-08
 4  64  18  256  0.1604E-08
 4  64  18  256  0.1603E-08
 4  64  18  256  0.1602E-08
 4  64  18  256  0.1604E-08
 4  64  18  256  0.1601E-08
 4  64  18  256  0.1603E-08
 4  64  18  256  0.1603E-08
 4  64  19  256  0.1676E-08
 4  64  19  256  0.1673E-08
 4  64  19  256  0.1672E-08
 4  64  19  256  0.1673E-08
 4  64  19  256  0.1673E-08
 4  64  19  256  0.1673E-08
 4  64  19  256  0.1674E-08
 4  64  19  256  0.1674E-08
 4  64  19  256  0.1674E-08
 4  64  19  256  0.1672E-08
 4  64  20  256  0.1621E-08
 4  64  20  256  0.1618E-08
 4  64  20  256  0.1619E-08
 4  64  20  256  0.1617E-08
 4  64  20  256  0.1618E-08
 4  64  20  256  0.1617E-08
 4  64  20  256  0.1618E-08
 4  64  20  256  0.1618E-08
 4  64  20  256  0.1618E-08
 4  64  20  256  0.1632E-08
