 4  256  3  1024  0.1735E-07
 4  256  3  1024  0.7813E-08
 4  256  3  1024  0.7428E-08
 4  256  3  1024  0.7439E-08
 4  256  3  1024  0.7499E-08
 4  256  3  1024  0.7594E-08
 4  256  3  1024  0.6971E-08
 4  256  3  1024  0.7330E-08
 4  256  3  1024  0.7318E-08
 4  256  3  1024  0.6861E-08
 4  256  4  1024  0.9806E-08
 4  256  4  1024  0.3962E-08
 4  256  4  1024  0.3764E-08
 4  256  4  1024  0.3728E-08
 4  256  4  1024  0.4079E-08
 4  256  4  1024  0.3917E-08
 4  256  4  1024  0.3697E-08
 4  256  4  1024  0.3682E-08
 4  256  4  1024  0.3845E-08
 4  256  4  1024  0.2645E-08
 4  256  5  1024  0.8500E-09
 4  256  5  1024  0.8222E-09
 4  256  5  1024  0.8119E-09
 4  256  5  1024  0.8236E-09
 4  256  5  1024  0.8205E-09
 4  256  5  1024  0.8120E-09
 4  256  5  1024  0.8096E-09
 4  256  5  1024  0.8077E-09
 4  256  5  1024  0.8041E-09
 4  256  5  1024  0.7993E-09
 4  256  6  1024  0.5600E-09
 4  256  6  1024  0.5346E-09
 4  256  6  1024  0.5278E-09
 4  256  6  1024  0.5319E-09
 4  256  6  1024  0.5275E-09
 4  256  6  1024  0.5316E-09
 4  256  6  1024  0.5365E-09
 4  256  6  1024  0.5315E-09
 4  256  6  1024  0.5333E-09
 4  256  6  1024  0.5394E-09
 4  256  7  1024  0.4555E-09
 4  256  7  1024  0.4409E-09
 4  256  7  1024  0.4431E-09
 4  256  7  1024  0.4419E-09
 4  256  7  1024  0.4425E-09
 4  256  7  1024  0.4405E-09
 4  256  7  1024  0.4404E-09
 4  256  7  1024  0.4455E-09
 4  256  7  1024  0.4588E-09
 4  256  7  1024  0.4450E-09
 4  256  8  1024  0.3995E-09
 4  256  8  1024  0.3931E-09
 4  256  8  1024  0.3920E-09
 4  256  8  1024  0.3967E-09
 4  256  8  1024  0.3934E-09
 4  256  8  1024  0.3898E-09
 4  256  8  1024  0.3941E-09
 4  256  8  1024  0.3909E-09
 4  256  8  1024  0.3918E-09
 4  256  8  1024  0.3904E-09
 4  256  9  1024  0.4502E-09
 4  256  9  1024  0.4358E-09
 4  256  9  1024  0.4468E-09
 4  256  9  1024  0.4358E-09
 4  256  9  1024  0.4366E-09
 4  256  9  1024  0.4344E-09
 4  256  9  1024  0.4319E-09
 4  256  9  1024  0.4338E-09
 4  256  9  1024  0.4365E-09
 4  256  9  1024  0.4358E-09
 4  256  10  1024  0.4131E-09
 4  256  10  1024  0.4088E-09
 4  256  10  1024  0.4074E-09
 4  256  10  1024  0.4067E-09
 4  256  10  1024  0.4074E-09
 4  256  10  1024  0.4075E-09
 4  256  10  1024  0.4064E-09
 4  256  10  1024  0.4072E-09
 4  256  10  1024  0.4059E-09
 4  256  10  1024  0.4093E-09
 4  256  11  1024  0.3889E-09
 4  256  11  1024  0.3847E-09
 4  256  11  1024  0.3854E-09
 4  256  11  1024  0.3829E-09
 4  256  11  1024  0.3856E-09
 4  256  11  1024  0.3850E-09
 4  256  11  1024  0.3850E-09
 4  256  11  1024  0.3836E-09
 4  256  11  1024  0.3857E-09
 4  256  11  1024  0.3844E-09
 4  256  12  1024  0.3403E-09
 4  256  12  1024  0.3366E-09
 4  256  12  1024  0.3355E-09
 4  256  12  1024  0.3506E-09
 4  256  12  1024  0.3356E-09
 4  256  12  1024  0.3366E-09
 4  256  12  1024  0.3374E-09
 4  256  12  1024  0.3354E-09
 4  256  12  1024  0.3388E-09
 4  256  12  1024  0.3345E-09
 4  256  13  1024  0.3351E-09
 4  256  13  1024  0.3329E-09
 4  256  13  1024  0.3345E-09
 4  256  13  1024  0.3339E-09
 4  256  13  1024  0.3328E-09
 4  256  13  1024  0.3325E-09
 4  256  13  1024  0.3337E-09
 4  256  13  1024  0.3341E-09
 4  256  13  1024  0.3339E-09
 4  256  13  1024  0.3324E-09
 4  256  14  1024  0.3071E-09
 4  256  14  1024  0.3043E-09
 4  256  14  1024  0.3059E-09
 4  256  14  1024  0.3059E-09
 4  256  14  1024  0.3047E-09
 4  256  14  1024  0.3052E-09
 4  256  14  1024  0.3067E-09
 4  256  14  1024  0.3057E-09
 4  256  14  1024  0.3050E-09
 4  256  14  1024  0.3048E-09
 4  256  15  1024  0.3228E-09
 4  256  15  1024  0.3201E-09
 4  256  15  1024  0.3215E-09
 4  256  15  1024  0.3209E-09
 4  256  15  1024  0.3202E-09
 4  256  15  1024  0.3207E-09
 4  256  15  1024  0.3214E-09
 4  256  15  1024  0.3199E-09
 4  256  15  1024  0.3197E-09
 4  256  15  1024  0.3214E-09
 4  256  16  1024  0.3125E-09
 4  256  16  1024  0.3050E-09
 4  256  16  1024  0.3051E-09
 4  256  16  1024  0.3049E-09
 4  256  16  1024  0.3062E-09
 4  256  16  1024  0.3045E-09
 4  256  16  1024  0.3053E-09
 4  256  16  1024  0.3054E-09
 4  256  16  1024  0.3048E-09
 4  256  16  1024  0.3062E-09
 4  256  17  1024  0.3538E-09
 4  256  17  1024  0.3531E-09
 4  256  17  1024  0.3579E-09
 4  256  17  1024  0.3535E-09
 4  256  17  1024  0.3574E-09
 4  256  17  1024  0.3537E-09
 4  256  17  1024  0.3525E-09
 4  256  17  1024  0.3527E-09
 4  256  17  1024  0.3523E-09
 4  256  17  1024  0.3526E-09
 4  256  18  1024  0.3486E-09
 4  256  18  1024  0.3480E-09
 4  256  18  1024  0.3425E-09
 4  256  18  1024  0.3434E-09
 4  256  18  1024  0.3429E-09
 4  256  18  1024  0.3429E-09
 4  256  18  1024  0.3482E-09
 4  256  18  1024  0.3427E-09
 4  256  18  1024  0.3426E-09
 4  256  18  1024  0.3427E-09
 4  256  19  1024  0.3654E-09
 4  256  19  1024  0.3645E-09
 4  256  19  1024  0.3649E-09
 4  256  19  1024  0.3687E-09
 4  256  19  1024  0.3644E-09
 4  256  19  1024  0.3642E-09
 4  256  19  1024  0.3679E-09
 4  256  19  1024  0.3643E-09
 4  256  19  1024  0.3641E-09
 4  256  19  1024  0.3643E-09
 4  256  20  1024  0.3518E-09
 4  256  20  1024  0.3513E-09
 4  256  20  1024  0.3513E-09
 4  256  20  1024  0.3513E-09
 4  256  20  1024  0.3510E-09
 4  256  20  1024  0.3511E-09
 4  256  20  1024  0.3513E-09
 4  256  20  1024  0.3512E-09
 4  256  20  1024  0.3512E-09
 4  256  20  1024  0.3509E-09
