 4  512  3  2048  0.9579E-08
 4  512  3  2048  0.5962E-08
 4  512  3  2048  0.5926E-08
 4  512  3  2048  0.5516E-08
 4  512  3  2048  0.4524E-08
 4  512  3  2048  0.5847E-08
 4  512  3  2048  0.5528E-08
 4  512  3  2048  0.5673E-08
 4  512  3  2048  0.5377E-08
 4  512  3  2048  0.5701E-08
 4  512  4  2048  0.1317E-08
 4  512  4  2048  0.1275E-08
 4  512  4  2048  0.1353E-08
 4  512  4  2048  0.1291E-08
 4  512  4  2048  0.1292E-08
 4  512  4  2048  0.1291E-08
 4  512  4  2048  0.1263E-08
 4  512  4  2048  0.1260E-08
 4  512  4  2048  0.1300E-08
 4  512  4  2048  0.1271E-08
 4  512  5  2048  0.7865E-09
 4  512  5  2048  0.7551E-09
 4  512  5  2048  0.7592E-09
 4  512  5  2048  0.7624E-09
 4  512  5  2048  0.7696E-09
 4  512  5  2048  0.7513E-09
 4  512  5  2048  0.7608E-09
 4  512  5  2048  0.7617E-09
 4  512  5  2048  0.7415E-09
 4  512  5  2048  0.7410E-09
 4  512  6  2048  0.5425E-09
 4  512  6  2048  0.5222E-09
 4  512  6  2048  0.5271E-09
 4  512  6  2048  0.5188E-09
 4  512  6  2048  0.5272E-09
 4  512  6  2048  0.5251E-09
 4  512  6  2048  0.5170E-09
 4  512  6  2048  0.5171E-09
 4  512  6  2048  0.5212E-09
 4  512  6  2048  0.5822E-09
 4  512  7  2048  0.4361E-09
 4  512  7  2048  0.4278E-09
 4  512  7  2048  0.4304E-09
 4  512  7  2048  0.4357E-09
 4  512  7  2048  0.4355E-09
 4  512  7  2048  0.4299E-09
 4  512  7  2048  0.4377E-09
 4  512  7  2048  0.4378E-09
 4  512  7  2048  0.4344E-09
 4  512  7  2048  0.4305E-09
 4  512  8  2048  0.3659E-09
 4  512  8  2048  0.3626E-09
 4  512  8  2048  0.3680E-09
 4  512  8  2048  0.3609E-09
 4  512  8  2048  0.3660E-09
 4  512  8  2048  0.3656E-09
 4  512  8  2048  0.3605E-09
 4  512  8  2048  0.3615E-09
 4  512  8  2048  0.3613E-09
 4  512  8  2048  0.3610E-09
 4  512  9  2048  0.3309E-09
 4  512  9  2048  0.3276E-09
 4  512  9  2048  0.3289E-09
 4  512  9  2048  0.3312E-09
 4  512  9  2048  0.3297E-09
 4  512  9  2048  0.3271E-09
 4  512  9  2048  0.3271E-09
 4  512  9  2048  0.3262E-09
 4  512  9  2048  0.3252E-09
 4  512  9  2048  0.3272E-09
 4  512  10  2048  0.2911E-09
 4  512  10  2048  0.2895E-09
 4  512  10  2048  0.2884E-09
 4  512  10  2048  0.2906E-09
 4  512  10  2048  0.2905E-09
 4  512  10  2048  0.2920E-09
 4  512  10  2048  0.2940E-09
 4  512  10  2048  0.2899E-09
 4  512  10  2048  0.2888E-09
 4  512  10  2048  0.2939E-09
 4  512  11  2048  0.2606E-09
 4  512  11  2048  0.2592E-09
 4  512  11  2048  0.2591E-09
 4  512  11  2048  0.2615E-09
 4  512  11  2048  0.2592E-09
 4  512  11  2048  0.2572E-09
 4  512  11  2048  0.2598E-09
 4  512  11  2048  0.2609E-09
 4  512  11  2048  0.2598E-09
 4  512  11  2048  0.2584E-09
 4  512  12  2048  0.2222E-09
 4  512  12  2048  0.2221E-09
 4  512  12  2048  0.2219E-09
 4  512  12  2048  0.2203E-09
 4  512  12  2048  0.2207E-09
 4  512  12  2048  0.2205E-09
 4  512  12  2048  0.2213E-09
 4  512  12  2048  0.2202E-09
 4  512  12  2048  0.2209E-09
 4  512  12  2048  0.2221E-09
 4  512  13  2048  0.2126E-09
 4  512  13  2048  0.2132E-09
 4  512  13  2048  0.2141E-09
 4  512  13  2048  0.2132E-09
 4  512  13  2048  0.2167E-09
 4  512  13  2048  0.2138E-09
 4  512  13  2048  0.2128E-09
 4  512  13  2048  0.2119E-09
 4  512  13  2048  0.2125E-09
 4  512  13  2048  0.2132E-09
 4  512  14  2048  0.1928E-09
 4  512  14  2048  0.1923E-09
 4  512  14  2048  0.1926E-09
 4  512  14  2048  0.1916E-09
 4  512  14  2048  0.1914E-09
 4  512  14  2048  0.1917E-09
 4  512  14  2048  0.1912E-09
 4  512  14  2048  0.1917E-09
 4  512  14  2048  0.1912E-09
 4  512  14  2048  0.1919E-09
 4  512  15  2048  0.1935E-09
 4  512  15  2048  0.1928E-09
 4  512  15  2048  0.1943E-09
 4  512  15  2048  0.1954E-09
 4  512  15  2048  0.1944E-09
 4  512  15  2048  0.1942E-09
 4  512  15  2048  0.1931E-09
 4  512  15  2048  0.1928E-09
 4  512  15  2048  0.1928E-09
 4  512  15  2048  0.1929E-09
 4  512  16  2048  0.1808E-09
 4  512  16  2048  0.1818E-09
 4  512  16  2048  0.1810E-09
 4  512  16  2048  0.1805E-09
 4  512  16  2048  0.1812E-09
 4  512  16  2048  0.1809E-09
 4  512  16  2048  0.1813E-09
 4  512  16  2048  0.1803E-09
 4  512  16  2048  0.1796E-09
 4  512  16  2048  0.1799E-09
 4  512  17  2048  0.2019E-09
 4  512  17  2048  0.2040E-09
 4  512  17  2048  0.2026E-09
 4  512  17  2048  0.2049E-09
 4  512  17  2048  0.2047E-09
 4  512  17  2048  0.2024E-09
 4  512  17  2048  0.2048E-09
 4  512  17  2048  0.2020E-09
 4  512  17  2048  0.2016E-09
 4  512  17  2048  0.2025E-09
 4  512  18  2048  0.1947E-09
 4  512  18  2048  0.1950E-09
 4  512  18  2048  0.1956E-09
 4  512  18  2048  0.1944E-09
 4  512  18  2048  0.1943E-09
 4  512  18  2048  0.1945E-09
 4  512  18  2048  0.1966E-09
 4  512  18  2048  0.1948E-09
 4  512  18  2048  0.1948E-09
 4  512  18  2048  0.1943E-09
 4  512  19  2048  0.2017E-09
 4  512  19  2048  0.2015E-09
 4  512  19  2048  0.2013E-09
 4  512  19  2048  0.2030E-09
 4  512  19  2048  0.2013E-09
 4  512  19  2048  0.2014E-09
 4  512  19  2048  0.2009E-09
 4  512  19  2048  0.2012E-09
 4  512  19  2048  0.2013E-09
 4  512  19  2048  0.2012E-09
 4  512  20  2048  0.2018E-09
 4  512  20  2048  0.2018E-09
 4  512  20  2048  0.2017E-09
 4  512  20  2048  0.2018E-09
 4  512  20  2048  0.2016E-09
 4  512  20  2048  0.2015E-09
 4  512  20  2048  0.2029E-09
 4  512  20  2048  0.2014E-09
 4  512  20  2048  0.2019E-09
 4  512  20  2048  0.2031E-09
