 4  4  3  16  0.1968E-06
 4  4  3  16  0.1597E-06
 4  4  3  16  0.1536E-06
 4  4  3  16  0.1520E-06
 4  4  3  16  0.1560E-06
 4  4  3  16  0.1637E-06
 4  4  3  16  0.1543E-06
 4  4  3  16  0.1512E-06
 4  4  3  16  0.1558E-06
 4  4  3  16  0.1536E-06
 4  4  4  16  0.9437E-07
 4  4  4  16  0.8560E-07
 4  4  4  16  0.8203E-07
 4  4  4  16  0.9018E-07
 4  4  4  16  0.8009E-07
 4  4  4  16  0.8110E-07
 4  4  4  16  0.7971E-07
 4  4  4  16  0.7978E-07
 4  4  4  16  0.7940E-07
 4  4  4  16  0.7940E-07
 4  4  5  16  0.5333E-07
 4  4  5  16  0.3501E-07
 4  4  5  16  0.3767E-07
 4  4  5  16  0.3684E-07
 4  4  5  16  0.3787E-07
 4  4  5  16  0.4586E-07
 4  4  5  16  0.3819E-07
 4  4  5  16  0.3684E-07
 4  4  5  16  0.3699E-07
 4  4  5  16  0.3648E-07
 4  4  6  16  0.5160E-07
 4  4  6  16  0.4176E-07
 4  4  6  16  0.4139E-07
 4  4  6  16  0.4109E-07
 4  4  6  16  0.4176E-07
 4  4  6  16  0.4139E-07
 4  4  6  16  0.4146E-07
 4  4  6  16  0.4252E-07
 4  4  6  16  0.4137E-07
 4  4  6  16  0.4188E-07
 4  4  7  16  0.4276E-07
 4  4  7  16  0.3761E-07
 4  4  7  16  0.3742E-07
 4  4  7  16  0.3814E-07
 4  4  7  16  0.3772E-07
 4  4  7  16  0.4113E-07
 4  4  7  16  0.3736E-07
 4  4  7  16  0.3716E-07
 4  4  7  16  0.3991E-07
 4  4  7  16  0.3816E-07
 4  4  8  16  0.3313E-07
 4  4  8  16  0.3084E-07
 4  4  8  16  0.3088E-07
 4  4  8  16  0.3141E-07
 4  4  8  16  0.3227E-07
 4  4  8  16  0.3101E-07
 4  4  8  16  0.3056E-07
 4  4  8  16  0.3076E-07
 4  4  8  16  0.3299E-07
 4  4  8  16  0.3108E-07
 4  4  9  16  0.3183E-07
 4  4  9  16  0.2449E-07
 4  4  9  16  0.2495E-07
 4  4  9  16  0.2469E-07
 4  4  9  16  0.2598E-07
 4  4  9  16  0.2501E-07
 4  4  9  16  0.2486E-07
 4  4  9  16  0.2472E-07
 4  4  9  16  0.2486E-07
 4  4  9  16  0.2473E-07
 4  4  10  16  0.3994E-07
 4  4  10  16  0.3356E-07
 4  4  10  16  0.3356E-07
 4  4  10  16  0.3317E-07
 4  4  10  16  0.3348E-07
 4  4  10  16  0.3413E-07
 4  4  10  16  0.3352E-07
 4  4  10  16  0.3395E-07
 4  4  10  16  0.3335E-07
 4  4  10  16  0.3454E-07
 4  4  11  16  0.3619E-07
 4  4  11  16  0.3049E-07
 4  4  11  16  0.3055E-07
 4  4  11  16  0.3030E-07
 4  4  11  16  0.3074E-07
 4  4  11  16  0.2996E-07
 4  4  11  16  0.2997E-07
 4  4  11  16  0.3087E-07
 4  4  11  16  0.2996E-07
 4  4  11  16  0.3124E-07
 4  4  12  16  0.2535E-07
 4  4  12  16  0.2375E-07
 4  4  12  16  0.2306E-07
 4  4  12  16  0.2336E-07
 4  4  12  16  0.2275E-07
 4  4  12  16  0.2348E-07
 4  4  12  16  0.2271E-07
 4  4  12  16  0.2331E-07
 4  4  12  16  0.2281E-07
 4  4  12  16  0.2333E-07
 4  4  13  16  0.1663E-07
 4  4  13  16  0.1662E-07
 4  4  13  16  0.1660E-07
 4  4  13  16  0.1662E-07
 4  4  13  16  0.1661E-07
 4  4  13  16  0.1661E-07
 4  4  13  16  0.1661E-07
 4  4  13  16  0.1662E-07
 4  4  13  16  0.1660E-07
 4  4  13  16  0.1662E-07
 4  4  14  16  0.1587E-07
 4  4  14  16  0.1585E-07
 4  4  14  16  0.1584E-07
 4  4  14  16  0.1584E-07
 4  4  14  16  0.1583E-07
 4  4  14  16  0.1584E-07
 4  4  14  16  0.1586E-07
 4  4  14  16  0.1583E-07
 4  4  14  16  0.1584E-07
 4  4  14  16  0.1585E-07
 4  4  15  16  0.1743E-07
 4  4  15  16  0.1741E-07
 4  4  15  16  0.1744E-07
 4  4  15  16  0.1742E-07
 4  4  15  16  0.1740E-07
 4  4  15  16  0.1741E-07
 4  4  15  16  0.1743E-07
 4  4  15  16  0.1741E-07
 4  4  15  16  0.1741E-07
 4  4  15  16  0.1741E-07
 4  4  16  16  0.1717E-07
 4  4  16  16  0.1712E-07
 4  4  16  16  0.1713E-07
 4  4  16  16  0.1712E-07
 4  4  16  16  0.1712E-07
 4  4  16  16  0.1714E-07
 4  4  16  16  0.1711E-07
 4  4  16  16  0.1712E-07
 4  4  16  16  0.1713E-07
 4  4  16  16  0.1711E-07
 4  4  17  16  0.2080E-07
 4  4  17  16  0.2078E-07
 4  4  17  16  0.2079E-07
 4  4  17  16  0.2079E-07
 4  4  17  16  0.2079E-07
 4  4  17  16  0.2079E-07
 4  4  17  16  0.2079E-07
 4  4  17  16  0.2079E-07
 4  4  17  16  0.2081E-07
 4  4  17  16  0.2079E-07
 4  4  18  16  0.2047E-07
 4  4  18  16  0.2049E-07
 4  4  18  16  0.2046E-07
 4  4  18  16  0.2047E-07
 4  4  18  16  0.2046E-07
 4  4  18  16  0.2047E-07
 4  4  18  16  0.2047E-07
 4  4  18  16  0.2046E-07
 4  4  18  16  0.2047E-07
 4  4  18  16  0.2047E-07
 4  4  19  16  0.2187E-07
 4  4  19  16  0.2187E-07
 4  4  19  16  0.2185E-07
 4  4  19  16  0.2186E-07
 4  4  19  16  0.2186E-07
 4  4  19  16  0.2187E-07
 4  4  19  16  0.2185E-07
 4  4  19  16  0.2187E-07
 4  4  19  16  0.2186E-07
 4  4  19  16  0.2186E-07
 4  4  20  16  0.2137E-07
 4  4  20  16  0.2136E-07
 4  4  20  16  0.2136E-07
 4  4  20  16  0.2136E-07
 4  4  20  16  0.2136E-07
 4  4  20  16  0.2136E-07
 4  4  20  16  0.2136E-07
 4  4  20  16  0.2136E-07
 4  4  20  16  0.2137E-07
 4  4  20  16  0.2136E-07
