 4  16  3  64  0.1778E-07
 4  16  3  64  0.4342E-07
 4  16  3  64  0.5307E-07
 4  16  3  64  0.4765E-07
 4  16  3  64  0.5634E-07
 4  16  3  64  0.4645E-07
 4  16  3  64  0.4916E-07
 4  16  3  64  0.5169E-07
 4  16  3  64  0.4958E-07
 4  16  3  64  0.4788E-07
 4  16  4  64  0.1025E-07
 4  16  4  64  0.9546E-08
 4  16  4  64  0.2678E-07
 4  16  4  64  0.2938E-07
 4  16  4  64  0.2922E-07
 4  16  4  64  0.2953E-07
 4  16  4  64  0.2841E-07
 4  16  4  64  0.2866E-07
 4  16  4  64  0.2953E-07
 4  16  4  64  0.2831E-07
 4  16  5  64  0.8170E-08
 4  16  5  64  0.7491E-08
 4  16  5  64  0.7430E-08
 4  16  5  64  0.8069E-08
 4  16  5  64  0.1717E-07
 4  16  5  64  0.1667E-07
 4  16  5  64  0.1709E-07
 4  16  5  64  0.1863E-07
 4  16  5  64  0.1701E-07
 4  16  5  64  0.1659E-07
 4  16  6  64  0.6714E-08
 4  16  6  64  0.6076E-08
 4  16  6  64  0.6076E-08
 4  16  6  64  0.6057E-08
 4  16  6  64  0.6053E-08
 4  16  6  64  0.1273E-07
 4  16  6  64  0.1268E-07
 4  16  6  64  0.1444E-07
 4  16  6  64  0.1329E-07
 4  16  6  64  0.1316E-07
 4  16  7  64  0.6723E-08
 4  16  7  64  0.6349E-08
 4  16  7  64  0.6343E-08
 4  16  7  64  0.6335E-08
 4  16  7  64  0.6302E-08
 4  16  7  64  0.6305E-08
 4  16  7  64  0.6321E-08
 4  16  7  64  0.1278E-07
 4  16  7  64  0.1216E-07
 4  16  7  64  0.1236E-07
 4  16  8  64  0.6031E-08
 4  16  8  64  0.5760E-08
 4  16  8  64  0.5717E-08
 4  16  8  64  0.5789E-08
 4  16  8  64  0.5712E-08
 4  16  8  64  0.5745E-08
 4  16  8  64  0.5713E-08
 4  16  8  64  0.5741E-08
 4  16  8  64  0.5745E-08
 4  16  8  64  0.9827E-08
 4  16  9  64  0.4958E-08
 4  16  9  64  0.4894E-08
 4  16  9  64  0.4909E-08
 4  16  9  64  0.4866E-08
 4  16  9  64  0.4855E-08
 4  16  9  64  0.4848E-08
 4  16  9  64  0.4883E-08
 4  16  9  64  0.4862E-08
 4  16  9  64  0.4868E-08
 4  16  9  64  0.4891E-08
 4  16  10  64  0.5156E-08
 4  16  10  64  0.5019E-08
 4  16  10  64  0.5003E-08
 4  16  10  64  0.4949E-08
 4  16  10  64  0.4961E-08
 4  16  10  64  0.4942E-08
 4  16  10  64  0.4977E-08
 4  16  10  64  0.4950E-08
 4  16  10  64  0.4946E-08
 4  16  10  64  0.4974E-08
 4  16  11  64  0.5077E-08
 4  16  11  64  0.4978E-08
 4  16  11  64  0.4942E-08
 4  16  11  64  0.4940E-08
 4  16  11  64  0.4930E-08
 4  16  11  64  0.4946E-08
 4  16  11  64  0.4930E-08
 4  16  11  64  0.4936E-08
 4  16  11  64  0.4951E-08
 4  16  11  64  0.4930E-08
 4  16  12  64  0.4624E-08
 4  16  12  64  0.4517E-08
 4  16  12  64  0.4499E-08
 4  16  12  64  0.4504E-08
 4  16  12  64  0.4510E-08
 4  16  12  64  0.4500E-08
 4  16  12  64  0.4499E-08
 4  16  12  64  0.4494E-08
 4  16  12  64  0.4500E-08
 4  16  12  64  0.4496E-08
 4  16  13  64  0.4908E-08
 4  16  13  64  0.4610E-08
 4  16  13  64  0.4595E-08
 4  16  13  64  0.4590E-08
 4  16  13  64  0.4594E-08
 4  16  13  64  0.4594E-08
 4  16  13  64  0.4599E-08
 4  16  13  64  0.4591E-08
 4  16  13  64  0.4602E-08
 4  16  13  64  0.4592E-08
 4  16  14  64  0.4471E-08
 4  16  14  64  0.4410E-08
 4  16  14  64  0.4390E-08
 4  16  14  64  0.4377E-08
 4  16  14  64  0.4376E-08
 4  16  14  64  0.4369E-08
 4  16  14  64  0.4370E-08
 4  16  14  64  0.4377E-08
 4  16  14  64  0.4362E-08
 4  16  14  64  0.4376E-08
 4  16  15  64  0.4840E-08
 4  16  15  64  0.4798E-08
 4  16  15  64  0.4790E-08
 4  16  15  64  0.4785E-08
 4  16  15  64  0.4774E-08
 4  16  15  64  0.4764E-08
 4  16  15  64  0.4767E-08
 4  16  15  64  0.4770E-08
 4  16  15  64  0.4765E-08
 4  16  15  64  0.4757E-08
 4  16  16  64  0.4689E-08
 4  16  16  64  0.4661E-08
 4  16  16  64  0.4651E-08
 4  16  16  64  0.4646E-08
 4  16  16  64  0.4644E-08
 4  16  16  64  0.4639E-08
 4  16  16  64  0.4641E-08
 4  16  16  64  0.4643E-08
 4  16  16  64  0.4642E-08
 4  16  16  64  0.4635E-08
 4  16  17  64  0.5569E-08
 4  16  17  64  0.5532E-08
 4  16  17  64  0.5524E-08
 4  16  17  64  0.5526E-08
 4  16  17  64  0.5517E-08
 4  16  17  64  0.5516E-08
 4  16  17  64  0.5520E-08
 4  16  17  64  0.5516E-08
 4  16  17  64  0.5510E-08
 4  16  17  64  0.5507E-08
 4  16  18  64  0.5455E-08
 4  16  18  64  0.5432E-08
 4  16  18  64  0.5422E-08
 4  16  18  64  0.5427E-08
 4  16  18  64  0.5420E-08
 4  16  18  64  0.5418E-08
 4  16  18  64  0.5421E-08
 4  16  18  64  0.5416E-08
 4  16  18  64  0.5415E-08
 4  16  18  64  0.5416E-08
 4  16  19  64  0.5835E-08
 4  16  19  64  0.5815E-08
 4  16  19  64  0.5807E-08
 4  16  19  64  0.5807E-08
 4  16  19  64  0.5804E-08
 4  16  19  64  0.5803E-08
 4  16  19  64  0.5803E-08
 4  16  19  64  0.5799E-08
 4  16  19  64  0.5803E-08
 4  16  19  64  0.5800E-08
 4  16  20  64  0.5656E-08
 4  16  20  64  0.5632E-08
 4  16  20  64  0.5628E-08
 4  16  20  64  0.5626E-08
 4  16  20  64  0.5626E-08
 4  16  20  64  0.5625E-08
 4  16  20  64  0.5624E-08
 4  16  20  64  0.5624E-08
 4  16  20  64  0.5625E-08
 4  16  20  64  0.5625E-08
