 4  4096  3  16384  0.1643E-08
 4  4096  3  16384  0.1414E-08
 4  4096  3  16384  0.1428E-08
 4  4096  3  16384  0.1495E-08
 4  4096  3  16384  0.1487E-08
 4  4096  3  16384  0.1432E-08
 4  4096  3  16384  0.1410E-08
 4  4096  3  16384  0.1460E-08
 4  4096  3  16384  0.1473E-08
 4  4096  3  16384  0.1500E-08
 4  4096  4  16384  0.6740E-09
 4  4096  4  16384  0.6481E-09
 4  4096  4  16384  0.6498E-09
 4  4096  4  16384  0.6297E-09
 4  4096  4  16384  0.6261E-09
 4  4096  4  16384  0.6349E-09
 4  4096  4  16384  0.6394E-09
 4  4096  4  16384  0.6336E-09
 4  4096  4  16384  0.6344E-09
 4  4096  4  16384  0.6478E-09
 4  4096  5  16384  0.4111E-09
 4  4096  5  16384  0.3642E-09
 4  4096  5  16384  0.3539E-09
 4  4096  5  16384  0.3626E-09
 4  4096  5  16384  0.3672E-09
 4  4096  5  16384  0.3635E-09
 4  4096  5  16384  0.3578E-09
 4  4096  5  16384  0.3542E-09
 4  4096  5  16384  0.3687E-09
 4  4096  5  16384  0.3655E-09
 4  4096  6  16384  0.2661E-09
 4  4096  6  16384  0.2345E-09
 4  4096  6  16384  0.2321E-09
 4  4096  6  16384  0.2455E-09
 4  4096  6  16384  0.2432E-09
 4  4096  6  16384  0.2323E-09
 4  4096  6  16384  0.2335E-09
 4  4096  6  16384  0.2430E-09
 4  4096  6  16384  0.2466E-09
 4  4096  6  16384  0.2372E-09
 4  4096  8  16384  0.1484E-09
 4  4096  8  16384  0.1344E-09
 4  4096  8  16384  0.1361E-09
 4  4096  8  16384  0.1416E-09
 4  4096  8  16384  0.1330E-09
 4  4096  8  16384  0.1367E-09
 4  4096  8  16384  0.1406E-09
 4  4096  8  16384  0.1328E-09
 4  4096  8  16384  0.1382E-09
 4  4096  8  16384  0.1393E-09
 4  4096  9  16384  0.1213E-09
 4  4096  9  16384  0.1119E-09
 4  4096  9  16384  0.1151E-09
 4  4096  9  16384  0.1134E-09
 4  4096  9  16384  0.1128E-09
 4  4096  9  16384  0.1157E-09
 4  4096  9  16384  0.1116E-09
 4  4096  9  16384  0.1176E-09
 4  4096  9  16384  0.1128E-09
 4  4096  9  16384  0.1138E-09
