 4  8192  3  32768  0.6102E-09
 4  8192  3  32768  0.5992E-09
 4  8192  3  32768  0.5587E-09
 4  8192  3  32768  0.5307E-09
 4  8192  3  32768  0.5303E-09
 4  8192  3  32768  0.5603E-09
 4  8192  3  32768  0.5976E-09
 4  8192  3  32768  0.6077E-09
 4  8192  3  32768  0.5779E-09
 4  8192  3  32768  0.5646E-09
 4  8192  4  32768  0.2499E-09
 4  8192  4  32768  0.2553E-09
 4  8192  4  32768  0.2613E-09
 4  8192  4  32768  0.2470E-09
 4  8192  4  32768  0.2377E-09
 4  8192  4  32768  0.2348E-09
 4  8192  4  32768  0.2431E-09
 4  8192  4  32768  0.2626E-09
 4  8192  4  32768  0.2610E-09
 4  8192  4  32768  0.2475E-09
 4  8192  5  32768  0.1496E-09
 4  8192  5  32768  0.1524E-09
 4  8192  5  32768  0.1425E-09
 4  8192  5  32768  0.1401E-09
 4  8192  5  32768  0.1400E-09
 4  8192  5  32768  0.1480E-09
 4  8192  5  32768  0.1555E-09
 4  8192  5  32768  0.1497E-09
 4  8192  5  32768  0.1434E-09
 4  8192  5  32768  0.1373E-09
 4  8192  6  32768  0.9876E-10
 4  8192  6  32768  0.9784E-10
 4  8192  6  32768  0.1030E-09
 4  8192  6  32768  0.1052E-09
 4  8192  6  32768  0.1009E-09
 4  8192  6  32768  0.9648E-10
 4  8192  6  32768  0.9806E-10
 4  8192  6  32768  0.1035E-09
 4  8192  6  32768  0.1046E-09
 4  8192  6  32768  0.9931E-10
 4  8192  7  32768  0.7293E-10
 4  8192  7  32768  0.7334E-10
 4  8192  7  32768  0.7745E-10
 4  8192  7  32768  0.7592E-10
 4  8192  7  32768  0.7204E-10
 4  8192  7  32768  0.7336E-10
 4  8192  7  32768  0.7838E-10
 4  8192  7  32768  0.7672E-10
 4  8192  7  32768  0.7243E-10
 4  8192  7  32768  0.7443E-10
 4  8192  8  32768  0.5996E-10
 4  8192  8  32768  0.6055E-10
 4  8192  8  32768  0.5707E-10
 4  8192  8  32768  0.5777E-10
 4  8192  8  32768  0.6013E-10
 4  8192  8  32768  0.5827E-10
 4  8192  8  32768  0.5683E-10
 4  8192  8  32768  0.5990E-10
 4  8192  8  32768  0.6037E-10
 4  8192  8  32768  0.5757E-10
 4  8192  9  32768  0.4868E-10
 4  8192  9  32768  0.4955E-10
 4  8192  9  32768  0.4807E-10
 4  8192  9  32768  0.4715E-10
 4  8192  9  32768  0.4743E-10
 4  8192  9  32768  0.4836E-10
 4  8192  9  32768  0.4735E-10
 4  8192  9  32768  0.4836E-10
 4  8192  9  32768  0.4799E-10
 4  8192  9  32768  0.4735E-10
 4  8192  10  32768  0.3850E-10
 4  8192  10  32768  0.3816E-10
 4  8192  10  32768  0.3889E-10
 4  8192  10  32768  0.3821E-10
 4  8192  10  32768  0.3820E-10
 4  8192  10  32768  0.3818E-10
 4  8192  10  32768  0.3767E-10
 4  8192  10  32768  0.3873E-10
 4  8192  10  32768  0.3831E-10
 4  8192  10  32768  0.3818E-10
 4  8192  11  32768  0.3170E-10
 4  8192  11  32768  0.3228E-10
 4  8192  11  32768  0.3156E-10
 4  8192  11  32768  0.3192E-10
 4  8192  11  32768  0.3206E-10
 4  8192  11  32768  0.3173E-10
 4  8192  11  32768  0.3268E-10
 4  8192  11  32768  0.3116E-10
 4  8192  11  32768  0.3247E-10
 4  8192  11  32768  0.3140E-10
 4  8192  12  32768  0.2627E-10
 4  8192  12  32768  0.2645E-10
 4  8192  12  32768  0.2608E-10
 4  8192  12  32768  0.2664E-10
 4  8192  12  32768  0.2655E-10
 4  8192  12  32768  0.2667E-10
 4  8192  12  32768  0.2630E-10
 4  8192  12  32768  0.2596E-10
 4  8192  12  32768  0.2660E-10
 4  8192  12  32768  0.2614E-10
 4  8192  13  32768  0.2290E-10
 4  8192  13  32768  0.2331E-10
 4  8192  13  32768  0.2275E-10
 4  8192  13  32768  0.2326E-10
 4  8192  13  32768  0.2289E-10
 4  8192  13  32768  0.2342E-10
 4  8192  13  32768  0.2297E-10
 4  8192  13  32768  0.2338E-10
 4  8192  13  32768  0.2285E-10
 4  8192  13  32768  0.2343E-10
 4  8192  14  32768  0.2028E-10
 4  8192  14  32768  0.2036E-10
 4  8192  14  32768  0.2030E-10
 4  8192  14  32768  0.2014E-10
 4  8192  14  32768  0.2033E-10
 4  8192  14  32768  0.2026E-10
 4  8192  14  32768  0.2039E-10
 4  8192  14  32768  0.2019E-10
 4  8192  14  32768  0.2047E-10
 4  8192  14  32768  0.2021E-10
 4  8192  15  32768  0.1883E-10
 4  8192  15  32768  0.1907E-10
 4  8192  15  32768  0.1873E-10
 4  8192  15  32768  0.1873E-10
 4  8192  15  32768  0.1890E-10
 4  8192  15  32768  0.1868E-10
 4  8192  15  32768  0.1892E-10
 4  8192  15  32768  0.1897E-10
 4  8192  15  32768  0.1866E-10
 4  8192  15  32768  0.1911E-10
 4  8192  16  32768  0.1719E-10
 4  8192  16  32768  0.1731E-10
 4  8192  16  32768  0.1727E-10
 4  8192  16  32768  0.1720E-10
 4  8192  16  32768  0.1717E-10
 4  8192  16  32768  0.1740E-10
 4  8192  16  32768  0.1713E-10
 4  8192  16  32768  0.1707E-10
 4  8192  16  32768  0.1745E-10
 4  8192  16  32768  0.1725E-10
 4  8192  17  32768  0.1880E-10
 4  8192  17  32768  0.1874E-10
 4  8192  17  32768  0.1880E-10
 4  8192  17  32768  0.1879E-10
 4  8192  17  32768  0.1881E-10
 4  8192  17  32768  0.1882E-10
 4  8192  17  32768  0.1880E-10
 4  8192  17  32768  0.1874E-10
 4  8192  17  32768  0.1883E-10
 4  8192  17  32768  0.1883E-10
 4  8192  18  32768  0.1785E-10
 4  8192  18  32768  0.1783E-10
 4  8192  18  32768  0.1784E-10
 4  8192  18  32768  0.1780E-10
 4  8192  18  32768  0.1782E-10
 4  8192  18  32768  0.1783E-10
 4  8192  18  32768  0.1779E-10
 4  8192  18  32768  0.1776E-10
 4  8192  18  32768  0.1775E-10
 4  8192  18  32768  0.1783E-10
 4  8192  19  32768  0.1746E-10
 4  8192  19  32768  0.1738E-10
 4  8192  19  32768  0.1746E-10
 4  8192  19  32768  0.1737E-10
 4  8192  19  32768  0.1743E-10
 4  8192  19  32768  0.1746E-10
 4  8192  19  32768  0.1744E-10
 4  8192  19  32768  0.1741E-10
 4  8192  19  32768  0.1737E-10
 4  8192  19  32768  0.1738E-10
 4  8192  20  32768  0.1626E-10
 4  8192  20  32768  0.1626E-10
 4  8192  20  32768  0.1627E-10
 4  8192  20  32768  0.1631E-10
 4  8192  20  32768  0.1627E-10
 4  8192  20  32768  0.1626E-10
 4  8192  20  32768  0.1638E-10
 4  8192  20  32768  0.1627E-10
 4  8192  20  32768  0.1628E-10
 4  8192  20  32768  0.1630E-10
