 4  4  3  16  0.1921E-06
 4  4  3  16  0.1212E-06
 4  4  3  16  0.1365E-06
 4  4  3  16  0.1490E-06
 4  4  3  16  0.1220E-06
 4  4  3  16  0.1164E-06
 4  4  3  16  0.1111E-06
 4  4  3  16  0.1126E-06
 4  4  3  16  0.1027E-06
 4  4  3  16  0.1027E-06
 4  4  4  16  0.1032E-06
 4  4  4  16  0.6473E-07
 4  4  4  16  0.7326E-07
 4  4  4  16  0.6116E-07
 4  4  4  16  0.6085E-07
 4  4  4  16  0.5829E-07
 4  4  4  16  0.7063E-07
 4  4  4  16  0.7063E-07
 4  4  4  16  0.6830E-07
 4  4  4  16  0.6775E-07
 4  4  5  16  0.4486E-07
 4  4  5  16  0.2384E-07
 4  4  5  16  0.3147E-07
 4  4  5  16  0.3183E-07
 4  4  5  16  0.2197E-07
 4  4  5  16  0.2948E-07
 4  4  5  16  0.2980E-07
 4  4  5  16  0.2964E-07
 4  4  5  16  0.2952E-07
 4  4  5  16  0.2186E-07
 4  4  6  16  0.4843E-07
 4  4  6  16  0.4128E-07
 4  4  6  16  0.3840E-07
 4  4  6  16  0.3762E-07
 4  4  6  16  0.3551E-07
 4  4  6  16  0.3645E-07
 4  4  6  16  0.3532E-07
 4  4  6  16  0.3587E-07
 4  4  6  16  0.3551E-07
 4  4  6  16  0.3946E-07
 4  4  7  16  0.3565E-07
 4  4  7  16  0.3444E-07
 4  4  7  16  0.3316E-07
 4  4  7  16  0.3383E-07
 4  4  7  16  0.3360E-07
 4  4  7  16  0.3274E-07
 4  4  7  16  0.3267E-07
 4  4  7  16  0.3208E-07
 4  4  7  16  0.3232E-07
 4  4  7  16  0.3195E-07
 4  4  8  16  0.3072E-07
 4  4  8  16  0.2841E-07
 4  4  8  16  0.2865E-07
 4  4  8  16  0.2811E-07
 4  4  8  16  0.2946E-07
 4  4  8  16  0.2750E-07
 4  4  8  16  0.2666E-07
 4  4  8  16  0.2690E-07
 4  4  8  16  0.2743E-07
 4  4  8  16  0.2843E-07
 4  4  9  16  0.2703E-07
 4  4  9  16  0.2149E-07
 4  4  9  16  0.2132E-07
 4  4  9  16  0.2300E-07
 4  4  9  16  0.2135E-07
 4  4  9  16  0.2146E-07
 4  4  9  16  0.2137E-07
 4  4  9  16  0.2270E-07
 4  4  9  16  0.2123E-07
 4  4  9  16  0.2120E-07
 4  4  10  16  0.3688E-07
 4  4  10  16  0.3223E-07
 4  4  10  16  0.3110E-07
 4  4  10  16  0.3100E-07
 4  4  10  16  0.3192E-07
 4  4  10  16  0.3108E-07
 4  4  10  16  0.3196E-07
 4  4  10  16  0.3090E-07
 4  4  10  16  0.3212E-07
 4  4  10  16  0.3080E-07
 4  4  11  16  0.1546E-07
 4  4  11  16  0.1540E-07
 4  4  11  16  0.1561E-07
 4  4  11  16  0.2830E-07
 4  4  11  16  0.2747E-07
 4  4  11  16  0.2835E-07
 4  4  11  16  0.2739E-07
 4  4  11  16  0.2843E-07
 4  4  11  16  0.2741E-07
 4  4  11  16  0.2847E-07
 4  4  12  16  0.1424E-07
 4  4  12  16  0.1422E-07
 4  4  12  16  0.1422E-07
 4  4  12  16  0.1419E-07
 4  4  12  16  0.1420E-07
 4  4  12  16  0.1421E-07
 4  4  12  16  0.1428E-07
 4  4  12  16  0.2056E-07
 4  4  12  16  0.2146E-07
 4  4  12  16  0.2057E-07
 4  4  13  16  0.1513E-07
 4  4  13  16  0.1511E-07
 4  4  13  16  0.1510E-07
 4  4  13  16  0.1510E-07
 4  4  13  16  0.1511E-07
 4  4  13  16  0.1510E-07
 4  4  13  16  0.1509E-07
 4  4  13  16  0.1513E-07
 4  4  13  16  0.1510E-07
 4  4  13  16  0.1509E-07
 4  4  14  16  0.1441E-07
 4  4  14  16  0.1442E-07
 4  4  14  16  0.1438E-07
 4  4  14  16  0.1440E-07
 4  4  14  16  0.1439E-07
 4  4  14  16  0.1440E-07
 4  4  14  16  0.1440E-07
 4  4  14  16  0.1438E-07
 4  4  14  16  0.1439E-07
 4  4  14  16  0.1438E-07
 4  4  15  16  0.1609E-07
 4  4  15  16  0.1607E-07
 4  4  15  16  0.1605E-07
 4  4  15  16  0.1605E-07
 4  4  15  16  0.1606E-07
 4  4  15  16  0.1606E-07
 4  4  15  16  0.1606E-07
 4  4  15  16  0.1607E-07
 4  4  15  16  0.1605E-07
 4  4  15  16  0.1606E-07
 4  4  16  16  0.1585E-07
 4  4  16  16  0.1585E-07
 4  4  16  16  0.1584E-07
 4  4  16  16  0.1584E-07
 4  4  16  16  0.1585E-07
 4  4  16  16  0.1584E-07
 4  4  16  16  0.1584E-07
 4  4  16  16  0.1585E-07
 4  4  16  16  0.1583E-07
 4  4  16  16  0.1583E-07
 4  4  17  16  0.1950E-07
 4  4  17  16  0.1947E-07
 4  4  17  16  0.1948E-07
 4  4  17  16  0.1948E-07
 4  4  17  16  0.1948E-07
 4  4  17  16  0.1947E-07
 4  4  17  16  0.1948E-07
 4  4  17  16  0.1948E-07
 4  4  17  16  0.1948E-07
 4  4  17  16  0.1948E-07
 4  4  18  16  0.1920E-07
 4  4  18  16  0.1920E-07
 4  4  18  16  0.1919E-07
 4  4  18  16  0.1919E-07
 4  4  18  16  0.1919E-07
 4  4  18  16  0.1919E-07
 4  4  18  16  0.1919E-07
 4  4  18  16  0.1919E-07
 4  4  18  16  0.1919E-07
 4  4  18  16  0.1920E-07
 4  4  19  16  0.2066E-07
 4  4  19  16  0.2065E-07
 4  4  19  16  0.2065E-07
 4  4  19  16  0.2065E-07
 4  4  19  16  0.2065E-07
 4  4  19  16  0.2065E-07
 4  4  19  16  0.2066E-07
 4  4  19  16  0.2065E-07
 4  4  19  16  0.2064E-07
 4  4  19  16  0.2064E-07
 4  4  20  16  0.2021E-07
 4  4  20  16  0.2022E-07
 4  4  20  16  0.2021E-07
 4  4  20  16  0.2021E-07
 4  4  20  16  0.2021E-07
 4  4  20  16  0.2021E-07
 4  4  20  16  0.2021E-07
 4  4  20  16  0.2021E-07
 4  4  20  16  0.2021E-07
 4  4  20  16  0.2022E-07
