 4  32  3  128  0.1827E-07
 4  32  3  128  0.1703E-07
 4  32  3  128  0.1691E-07
 4  32  3  128  0.1684E-07
 4  32  3  128  0.1686E-07
 4  32  3  128  0.1703E-07
 4  32  3  128  0.1682E-07
 4  32  3  128  0.1684E-07
 4  32  3  128  0.1677E-07
 4  32  3  128  0.1698E-07
 4  32  4  128  0.8758E-08
 4  32  4  128  0.8313E-08
 4  32  4  128  0.8164E-08
 4  32  4  128  0.8162E-08
 4  32  4  128  0.8175E-08
 4  32  4  128  0.8167E-08
 4  32  4  128  0.8198E-08
 4  32  4  128  0.8189E-08
 4  32  4  128  0.8154E-08
 4  32  4  128  0.8136E-08
 4  32  5  128  0.5682E-08
 4  32  5  128  0.5358E-08
 4  32  5  128  0.5306E-08
 4  32  5  128  0.5355E-08
 4  32  5  128  0.5314E-08
 4  32  5  128  0.5309E-08
 4  32  5  128  0.5349E-08
 4  32  5  128  0.5274E-08
 4  32  5  128  0.5299E-08
 4  32  5  128  0.5281E-08
 4  32  6  128  0.4046E-08
 4  32  6  128  0.3849E-08
 4  32  6  128  0.3907E-08
 4  32  6  128  0.3790E-08
 4  32  6  128  0.3769E-08
 4  32  6  128  0.3766E-08
 4  32  6  128  0.3772E-08
 4  32  6  128  0.3824E-08
 4  32  6  128  0.3758E-08
 4  32  6  128  0.3794E-08
 4  32  7  128  0.3563E-08
 4  32  7  128  0.3428E-08
 4  32  7  128  0.3406E-08
 4  32  7  128  0.3408E-08
 4  32  7  128  0.3405E-08
 4  32  7  128  0.3429E-08
 4  32  7  128  0.3395E-08
 4  32  7  128  0.3414E-08
 4  32  7  128  0.3403E-08
 4  32  7  128  0.3454E-08
 4  32  8  128  0.3375E-08
 4  32  8  128  0.3307E-08
 4  32  8  128  0.3261E-08
 4  32  8  128  0.3272E-08
 4  32  8  128  0.3271E-08
 4  32  8  128  0.3246E-08
 4  32  8  128  0.3264E-08
 4  32  8  128  0.3242E-08
 4  32  8  128  0.3242E-08
 4  32  8  128  0.3249E-08
 4  32  9  128  0.3299E-08
 4  32  9  128  0.3208E-08
 4  32  9  128  0.3197E-08
 4  32  9  128  0.3205E-08
 4  32  9  128  0.3192E-08
 4  32  9  128  0.3193E-08
 4  32  9  128  0.3189E-08
 4  32  9  128  0.3212E-08
 4  32  9  128  0.3208E-08
 4  32  9  128  0.3194E-08
 4  32  10  128  0.3379E-08
 4  32  10  128  0.3312E-08
 4  32  10  128  0.3317E-08
 4  32  10  128  0.3312E-08
 4  32  10  128  0.3317E-08
 4  32  10  128  0.3316E-08
 4  32  10  128  0.3308E-08
 4  32  10  128  0.3313E-08
 4  32  10  128  0.3315E-08
 4  32  10  128  0.3312E-08
 4  32  11  128  0.3379E-08
 4  32  11  128  0.3336E-08
 4  32  11  128  0.3340E-08
 4  32  11  128  0.3356E-08
 4  32  11  128  0.3341E-08
 4  32  11  128  0.3350E-08
 4  32  11  128  0.3335E-08
 4  32  11  128  0.3333E-08
 4  32  11  128  0.3343E-08
 4  32  11  128  0.3336E-08
 4  32  12  128  0.2957E-08
 4  32  12  128  0.2915E-08
 4  32  12  128  0.2925E-08
 4  32  12  128  0.2928E-08
 4  32  12  128  0.2924E-08
 4  32  12  128  0.2930E-08
 4  32  12  128  0.2921E-08
 4  32  12  128  0.2923E-08
 4  32  12  128  0.2930E-08
 4  32  12  128  0.2920E-08
 4  32  13  128  0.2996E-08
 4  32  13  128  0.2969E-08
 4  32  13  128  0.2968E-08
 4  32  13  128  0.2971E-08
 4  32  13  128  0.2969E-08
 4  32  13  128  0.2974E-08
 4  32  13  128  0.2964E-08
 4  32  13  128  0.2982E-08
 4  32  13  128  0.2979E-08
 4  32  13  128  0.2969E-08
 4  32  14  128  0.2750E-08
 4  32  14  128  0.2727E-08
 4  32  14  128  0.2731E-08
 4  32  14  128  0.2728E-08
 4  32  14  128  0.2723E-08
 4  32  14  128  0.2732E-08
 4  32  14  128  0.2728E-08
 4  32  14  128  0.2728E-08
 4  32  14  128  0.2722E-08
 4  32  14  128  0.2731E-08
 4  32  15  128  0.2877E-08
 4  32  15  128  0.2861E-08
 4  32  15  128  0.2860E-08
 4  32  15  128  0.2873E-08
 4  32  15  128  0.2860E-08
 4  32  15  128  0.2869E-08
 4  32  15  128  0.2872E-08
 4  32  15  128  0.2865E-08
 4  32  15  128  0.2867E-08
 4  32  15  128  0.2862E-08
 4  32  16  128  0.2663E-08
 4  32  16  128  0.2651E-08
 4  32  16  128  0.2648E-08
 4  32  16  128  0.2656E-08
 4  32  16  128  0.2650E-08
 4  32  16  128  0.2650E-08
 4  32  16  128  0.2651E-08
 4  32  16  128  0.2652E-08
 4  32  16  128  0.2654E-08
 4  32  16  128  0.2652E-08
 4  32  17  128  0.3136E-08
 4  32  17  128  0.3132E-08
 4  32  17  128  0.3128E-08
 4  32  17  128  0.3132E-08
 4  32  17  128  0.3133E-08
 4  32  17  128  0.3130E-08
 4  32  17  128  0.3128E-08
 4  32  17  128  0.3128E-08
 4  32  17  128  0.3127E-08
 4  32  17  128  0.3127E-08
 4  32  18  128  0.3106E-08
 4  32  18  128  0.3096E-08
 4  32  18  128  0.3096E-08
 4  32  18  128  0.3097E-08
 4  32  18  128  0.3097E-08
 4  32  18  128  0.3098E-08
 4  32  18  128  0.3096E-08
 4  32  18  128  0.3099E-08
 4  32  18  128  0.3096E-08
 4  32  18  128  0.3097E-08
 4  32  19  128  0.3204E-08
 4  32  19  128  0.3199E-08
 4  32  19  128  0.3196E-08
 4  32  19  128  0.3199E-08
 4  32  19  128  0.3198E-08
 4  32  19  128  0.3197E-08
 4  32  19  128  0.3198E-08
 4  32  19  128  0.3199E-08
 4  32  19  128  0.3199E-08
 4  32  19  128  0.3195E-08
 4  32  20  128  0.3079E-08
 4  32  20  128  0.3077E-08
 4  32  20  128  0.3106E-08
 4  32  20  128  0.3077E-08
 4  32  20  128  0.3075E-08
 4  32  20  128  0.3076E-08
 4  32  20  128  0.3076E-08
 4  32  20  128  0.3076E-08
 4  32  20  128  0.3077E-08
 4  32  20  128  0.3073E-08
