 4  512  3  2048  0.1013E-07
 4  512  3  2048  0.5365E-08
 4  512  3  2048  0.4980E-08
 4  512  3  2048  0.5171E-08
 4  512  3  2048  0.4973E-08
 4  512  3  2048  0.4991E-08
 4  512  3  2048  0.4803E-08
 4  512  3  2048  0.5022E-08
 4  512  3  2048  0.4846E-08
 4  512  3  2048  0.4984E-08
 4  512  4  2048  0.9029E-09
 4  512  4  2048  0.9005E-09
 4  512  4  2048  0.8488E-09
 4  512  4  2048  0.8544E-09
 4  512  4  2048  0.8616E-09
 4  512  4  2048  0.8720E-09
 4  512  4  2048  0.8477E-09
 4  512  4  2048  0.8543E-09
 4  512  4  2048  0.8540E-09
 4  512  4  2048  0.8869E-09
 4  512  5  2048  0.5086E-09
 4  512  5  2048  0.4849E-09
 4  512  5  2048  0.4947E-09
 4  512  5  2048  0.4984E-09
 4  512  5  2048  0.4976E-09
 4  512  5  2048  0.5042E-09
 4  512  5  2048  0.4911E-09
 4  512  5  2048  0.4967E-09
 4  512  5  2048  0.4968E-09
 4  512  5  2048  0.4920E-09
 4  512  6  2048  0.3340E-09
 4  512  6  2048  0.3242E-09
 4  512  6  2048  0.3435E-09
 4  512  6  2048  0.3257E-09
 4  512  6  2048  0.3223E-09
 4  512  6  2048  0.3235E-09
 4  512  6  2048  0.3225E-09
 4  512  6  2048  0.3202E-09
 4  512  6  2048  0.3275E-09
 4  512  6  2048  0.3237E-09
 4  512  7  2048  0.2670E-09
 4  512  7  2048  0.2671E-09
 4  512  7  2048  0.2701E-09
 4  512  7  2048  0.2681E-09
 4  512  7  2048  0.2658E-09
 4  512  7  2048  0.2644E-09
 4  512  7  2048  0.2649E-09
 4  512  7  2048  0.2645E-09
 4  512  7  2048  0.2594E-09
 4  512  7  2048  0.2603E-09
 4  512  8  2048  0.2471E-09
 4  512  8  2048  0.2438E-09
 4  512  8  2048  0.2382E-09
 4  512  8  2048  0.2432E-09
 4  512  8  2048  0.2427E-09
 4  512  8  2048  0.2417E-09
 4  512  8  2048  0.2400E-09
 4  512  8  2048  0.2393E-09
 4  512  8  2048  0.2409E-09
 4  512  8  2048  0.2367E-09
 4  512  9  2048  0.2536E-09
 4  512  9  2048  0.2457E-09
 4  512  9  2048  0.2460E-09
 4  512  9  2048  0.2481E-09
 4  512  9  2048  0.2447E-09
 4  512  9  2048  0.2485E-09
 4  512  9  2048  0.2470E-09
 4  512  9  2048  0.2442E-09
 4  512  9  2048  0.2500E-09
 4  512  9  2048  0.2482E-09
 4  512  10  2048  0.2344E-09
 4  512  10  2048  0.2295E-09
 4  512  10  2048  0.2307E-09
 4  512  10  2048  0.2279E-09
 4  512  10  2048  0.2299E-09
 4  512  10  2048  0.2283E-09
 4  512  10  2048  0.2295E-09
 4  512  10  2048  0.2319E-09
 4  512  10  2048  0.2287E-09
 4  512  10  2048  0.2313E-09
 4  512  11  2048  0.2155E-09
 4  512  11  2048  0.2129E-09
 4  512  11  2048  0.2149E-09
 4  512  11  2048  0.2144E-09
 4  512  11  2048  0.2126E-09
 4  512  11  2048  0.2167E-09
 4  512  11  2048  0.2119E-09
 4  512  11  2048  0.2143E-09
 4  512  11  2048  0.2142E-09
 4  512  11  2048  0.2129E-09
 4  512  12  2048  0.1875E-09
 4  512  12  2048  0.1849E-09
 4  512  12  2048  0.1859E-09
 4  512  12  2048  0.1862E-09
 4  512  12  2048  0.1839E-09
 4  512  12  2048  0.1850E-09
 4  512  12  2048  0.1844E-09
 4  512  12  2048  0.1862E-09
 4  512  12  2048  0.1849E-09
 4  512  12  2048  0.1846E-09
 4  512  13  2048  0.1833E-09
 4  512  13  2048  0.1815E-09
 4  512  13  2048  0.1802E-09
 4  512  13  2048  0.1862E-09
 4  512  13  2048  0.1813E-09
 4  512  13  2048  0.1816E-09
 4  512  13  2048  0.1803E-09
 4  512  13  2048  0.1804E-09
 4  512  13  2048  0.1808E-09
 4  512  13  2048  0.1808E-09
 4  512  14  2048  0.1642E-09
 4  512  14  2048  0.1633E-09
 4  512  14  2048  0.1629E-09
 4  512  14  2048  0.1638E-09
 4  512  14  2048  0.1626E-09
 4  512  14  2048  0.1636E-09
 4  512  14  2048  0.1683E-09
 4  512  14  2048  0.1640E-09
 4  512  14  2048  0.1632E-09
 4  512  14  2048  0.1638E-09
 4  512  15  2048  0.1727E-09
 4  512  15  2048  0.1684E-09
 4  512  15  2048  0.1680E-09
 4  512  15  2048  0.1687E-09
 4  512  15  2048  0.1685E-09
 4  512  15  2048  0.1681E-09
 4  512  15  2048  0.1689E-09
 4  512  15  2048  0.1688E-09
 4  512  15  2048  0.1671E-09
 4  512  15  2048  0.1685E-09
 4  512  16  2048  0.1593E-09
 4  512  16  2048  0.1588E-09
 4  512  16  2048  0.1587E-09
 4  512  16  2048  0.1590E-09
 4  512  16  2048  0.1604E-09
 4  512  16  2048  0.1588E-09
 4  512  16  2048  0.1589E-09
 4  512  16  2048  0.1603E-09
 4  512  16  2048  0.1592E-09
 4  512  16  2048  0.1601E-09
 4  512  17  2048  0.1827E-09
 4  512  17  2048  0.1819E-09
 4  512  17  2048  0.1821E-09
 4  512  17  2048  0.1819E-09
 4  512  17  2048  0.1822E-09
 4  512  17  2048  0.1821E-09
 4  512  17  2048  0.1829E-09
 4  512  17  2048  0.1825E-09
 4  512  17  2048  0.1824E-09
 4  512  17  2048  0.1855E-09
 4  512  18  2048  0.1770E-09
 4  512  18  2048  0.1781E-09
 4  512  18  2048  0.1761E-09
 4  512  18  2048  0.1763E-09
 4  512  18  2048  0.1763E-09
 4  512  18  2048  0.1763E-09
 4  512  18  2048  0.1764E-09
 4  512  18  2048  0.1765E-09
 4  512  18  2048  0.1760E-09
 4  512  18  2048  0.1762E-09
 4  512  19  2048  0.1859E-09
 4  512  19  2048  0.1874E-09
 4  512  19  2048  0.1855E-09
 4  512  19  2048  0.1853E-09
 4  512  19  2048  0.1855E-09
 4  512  19  2048  0.1855E-09
 4  512  19  2048  0.1859E-09
 4  512  19  2048  0.1854E-09
 4  512  19  2048  0.1855E-09
 4  512  19  2048  0.1858E-09
 4  512  20  2048  0.1885E-09
 4  512  20  2048  0.1884E-09
 4  512  20  2048  0.1884E-09
 4  512  20  2048  0.1885E-09
 4  512  20  2048  0.1884E-09
 4  512  20  2048  0.1884E-09
 4  512  20  2048  0.1895E-09
 4  512  20  2048  0.1886E-09
 4  512  20  2048  0.1887E-09
 4  512  20  2048  0.1899E-09
