 4  2  3  8  0.9902E-07
 4  2  3  8  0.9928E-07
 4  2  3  8  0.1012E-06
 4  2  3  8  0.9735E-07
 4  2  3  8  0.9845E-07
 4  2  3  8  0.9672E-07
 4  2  3  8  0.9562E-07
 4  2  3  8  0.9781E-07
 4  2  3  8  0.9608E-07
 4  2  3  8  0.9670E-07
 4  2  4  8  0.6440E-07
 4  2  4  8  0.6436E-07
 4  2  4  8  0.6349E-07
 4  2  4  8  0.6403E-07
 4  2  4  8  0.6333E-07
 4  2  4  8  0.6344E-07
 4  2  4  8  0.6386E-07
 4  2  4  8  0.6341E-07
 4  2  4  8  0.6397E-07
 4  2  4  8  0.6414E-07
 4  2  5  8  0.4560E-07
 4  2  5  8  0.4548E-07
 4  2  5  8  0.4538E-07
 4  2  5  8  0.4534E-07
 4  2  5  8  0.4520E-07
 4  2  5  8  0.4535E-07
 4  2  5  8  0.4521E-07
 4  2  5  8  0.4515E-07
 4  2  5  8  0.4510E-07
 4  2  5  8  0.4508E-07
 4  2  6  8  0.3319E-07
 4  2  6  8  0.3324E-07
 4  2  6  8  0.3296E-07
 4  2  6  8  0.3290E-07
 4  2  6  8  0.3305E-07
 4  2  6  8  0.3285E-07
 4  2  6  8  0.3286E-07
 4  2  6  8  0.3284E-07
 4  2  6  8  0.3281E-07
 4  2  6  8  0.3284E-07
 4  2  7  8  0.3253E-07
 4  2  7  8  0.3213E-07
 4  2  7  8  0.3196E-07
 4  2  7  8  0.3208E-07
 4  2  7  8  0.3209E-07
 4  2  7  8  0.3190E-07
 4  2  7  8  0.3199E-07
 4  2  7  8  0.3198E-07
 4  2  7  8  0.3200E-07
 4  2  7  8  0.3200E-07
 4  2  8  8  0.2551E-07
 4  2  8  8  0.2494E-07
 4  2  8  8  0.2492E-07
 4  2  8  8  0.2486E-07
 4  2  8  8  0.2507E-07
 4  2  8  8  0.2487E-07
 4  2  8  8  0.2479E-07
 4  2  8  8  0.2501E-07
 4  2  8  8  0.2487E-07
 4  2  8  8  0.2493E-07
 4  2  9  8  0.3317E-07
 4  2  9  8  0.3272E-07
 4  2  9  8  0.3267E-07
 4  2  9  8  0.3274E-07
 4  2  9  8  0.3275E-07
 4  2  9  8  0.3271E-07
 4  2  9  8  0.3275E-07
 4  2  9  8  0.3277E-07
 4  2  9  8  0.3285E-07
 4  2  9  8  0.3268E-07
 4  2  10  8  0.3774E-07
 4  2  10  8  0.3747E-07
 4  2  10  8  0.3746E-07
 4  2  10  8  0.3739E-07
 4  2  10  8  0.3740E-07
 4  2  10  8  0.3740E-07
 4  2  10  8  0.3729E-07
 4  2  10  8  0.3722E-07
 4  2  10  8  0.3719E-07
 4  2  10  8  0.3726E-07
 4  2  11  8  0.3968E-07
 4  2  11  8  0.4098E-07
 4  2  11  8  0.3936E-07
 4  2  11  8  0.3930E-07
 4  2  11  8  0.3935E-07
 4  2  11  8  0.3941E-07
 4  2  11  8  0.3930E-07
 4  2  11  8  0.3938E-07
 4  2  11  8  0.3928E-07
 4  2  11  8  0.3932E-07
 4  2  12  8  0.3611E-07
 4  2  12  8  0.3583E-07
 4  2  12  8  0.3580E-07
 4  2  12  8  0.3587E-07
 4  2  12  8  0.3588E-07
 4  2  12  8  0.3579E-07
 4  2  12  8  0.3575E-07
 4  2  12  8  0.3582E-07
 4  2  12  8  0.3577E-07
 4  2  12  8  0.3582E-07
 4  2  13  8  0.3774E-07
 4  2  13  8  0.3754E-07
 4  2  13  8  0.3766E-07
 4  2  13  8  0.3756E-07
 4  2  13  8  0.3748E-07
 4  2  13  8  0.3760E-07
 4  2  13  8  0.3748E-07
 4  2  13  8  0.3755E-07
 4  2  13  8  0.3756E-07
 4  2  13  8  0.3754E-07
 4  2  14  8  0.3583E-07
 4  2  14  8  0.3583E-07
 4  2  14  8  0.3566E-07
 4  2  14  8  0.3590E-07
 4  2  14  8  0.3562E-07
 4  2  14  8  0.3563E-07
 4  2  14  8  0.3567E-07
 4  2  14  8  0.3562E-07
 4  2  14  8  0.3573E-07
 4  2  14  8  0.3560E-07
 4  2  15  8  0.3805E-07
 4  2  15  8  0.3797E-07
 4  2  15  8  0.3793E-07
 4  2  15  8  0.3802E-07
 4  2  15  8  0.3794E-07
 4  2  15  8  0.3795E-07
 4  2  15  8  0.3799E-07
 4  2  15  8  0.3798E-07
 4  2  15  8  0.3798E-07
 4  2  15  8  0.3795E-07
 4  2  16  8  0.3636E-07
 4  2  16  8  0.3634E-07
 4  2  16  8  0.3631E-07
 4  2  16  8  0.3630E-07
 4  2  16  8  0.3631E-07
 4  2  16  8  0.3628E-07
 4  2  16  8  0.3638E-07
 4  2  16  8  0.3627E-07
 4  2  16  8  0.3632E-07
 4  2  16  8  0.3634E-07
 4  2  17  8  0.4378E-07
 4  2  17  8  0.4365E-07
 4  2  17  8  0.4370E-07
 4  2  17  8  0.4364E-07
 4  2  17  8  0.4366E-07
 4  2  17  8  0.4367E-07
 4  2  17  8  0.4366E-07
 4  2  17  8  0.4366E-07
 4  2  17  8  0.4368E-07
 4  2  17  8  0.4366E-07
 4  2  18  8  0.4404E-07
 4  2  18  8  0.4403E-07
 4  2  18  8  0.4393E-07
 4  2  18  8  0.4395E-07
 4  2  18  8  0.4393E-07
 4  2  18  8  0.4392E-07
 4  2  18  8  0.4398E-07
 4  2  18  8  0.4394E-07
 4  2  18  8  0.4397E-07
 4  2  18  8  0.4392E-07
 4  2  19  8  0.4521E-07
 4  2  19  8  0.4517E-07
 4  2  19  8  0.4518E-07
 4  2  19  8  0.4517E-07
 4  2  19  8  0.4513E-07
 4  2  19  8  0.4518E-07
 4  2  19  8  0.4513E-07
 4  2  19  8  0.4517E-07
 4  2  19  8  0.4517E-07
 4  2  19  8  0.4519E-07
 4  2  20  8  0.4439E-07
 4  2  20  8  0.4438E-07
 4  2  20  8  0.4434E-07
 4  2  20  8  0.4435E-07
 4  2  20  8  0.4435E-07
 4  2  20  8  0.4435E-07
 4  2  20  8  0.4435E-07
 4  2  20  8  0.4433E-07
 4  2  20  8  0.4437E-07
 4  2  20  8  0.4432E-07
