 4  128  3  512  0.2000E-07
 4  128  3  512  0.1901E-07
 4  128  3  512  0.1894E-07
 4  128  3  512  0.1906E-07
 4  128  3  512  0.1874E-07
 4  128  3  512  0.1876E-07
 4  128  3  512  0.1891E-07
 4  128  3  512  0.1885E-07
 4  128  3  512  0.1888E-07
 4  128  3  512  0.1895E-07
 4  128  4  512  0.8793E-08
 4  128  4  512  0.8215E-08
 4  128  4  512  0.8261E-08
 4  128  4  512  0.8156E-08
 4  128  4  512  0.8218E-08
 4  128  4  512  0.8235E-08
 4  128  4  512  0.8189E-08
 4  128  4  512  0.8187E-08
 4  128  4  512  0.8177E-08
 4  128  4  512  0.8190E-08
 4  128  5  512  0.4911E-08
 4  128  5  512  0.4651E-08
 4  128  5  512  0.4687E-08
 4  128  5  512  0.4644E-08
 4  128  5  512  0.4655E-08
 4  128  5  512  0.4664E-08
 4  128  5  512  0.4662E-08
 4  128  5  512  0.4633E-08
 4  128  5  512  0.4652E-08
 4  128  5  512  0.4665E-08
 4  128  6  512  0.3333E-08
 4  128  6  512  0.3117E-08
 4  128  6  512  0.3116E-08
 4  128  6  512  0.3082E-08
 4  128  6  512  0.3090E-08
 4  128  6  512  0.3079E-08
 4  128  6  512  0.3100E-08
 4  128  6  512  0.3083E-08
 4  128  6  512  0.3095E-08
 4  128  6  512  0.3114E-08
 4  128  7  512  0.2627E-08
 4  128  7  512  0.2474E-08
 4  128  7  512  0.2469E-08
 4  128  7  512  0.2475E-08
 4  128  7  512  0.2476E-08
 4  128  7  512  0.2506E-08
 4  128  7  512  0.2478E-08
 4  128  7  512  0.2474E-08
 4  128  7  512  0.2488E-08
 4  128  7  512  0.2463E-08
 4  128  8  512  0.2249E-08
 4  128  8  512  0.2139E-08
 4  128  8  512  0.2138E-08
 4  128  8  512  0.2151E-08
 4  128  8  512  0.2134E-08
 4  128  8  512  0.2137E-08
 4  128  8  512  0.2139E-08
 4  128  8  512  0.2138E-08
 4  128  8  512  0.2140E-08
 4  128  8  512  0.2139E-08
 4  128  9  512  0.1929E-08
 4  128  9  512  0.1856E-08
 4  128  9  512  0.1869E-08
 4  128  9  512  0.1866E-08
 4  128  9  512  0.1860E-08
 4  128  9  512  0.1859E-08
 4  128  9  512  0.1860E-08
 4  128  9  512  0.1863E-08
 4  128  9  512  0.1876E-08
 4  128  9  512  0.1860E-08
 4  128  10  512  0.1711E-08
 4  128  10  512  0.1661E-08
 4  128  10  512  0.1658E-08
 4  128  10  512  0.1660E-08
 4  128  10  512  0.1660E-08
 4  128  10  512  0.1662E-08
 4  128  10  512  0.1663E-08
 4  128  10  512  0.1658E-08
 4  128  10  512  0.1662E-08
 4  128  10  512  0.1662E-08
 4  128  11  512  0.1534E-08
 4  128  11  512  0.1500E-08
 4  128  11  512  0.1508E-08
 4  128  11  512  0.1497E-08
 4  128  11  512  0.1500E-08
 4  128  11  512  0.1498E-08
 4  128  11  512  0.1503E-08
 4  128  11  512  0.1502E-08
 4  128  11  512  0.1496E-08
 4  128  11  512  0.1504E-08
 4  128  12  512  0.1303E-08
 4  128  12  512  0.1276E-08
 4  128  12  512  0.1277E-08
 4  128  12  512  0.1277E-08
 4  128  12  512  0.1279E-08
 4  128  12  512  0.1277E-08
 4  128  12  512  0.1273E-08
 4  128  12  512  0.1276E-08
 4  128  12  512  0.1278E-08
 4  128  12  512  0.1274E-08
 4  128  13  512  0.1223E-08
 4  128  13  512  0.1209E-08
 4  128  13  512  0.1204E-08
 4  128  13  512  0.1209E-08
 4  128  13  512  0.1209E-08
 4  128  13  512  0.1205E-08
 4  128  13  512  0.1205E-08
 4  128  13  512  0.1208E-08
 4  128  13  512  0.1208E-08
 4  128  13  512  0.1207E-08
 4  128  14  512  0.1088E-08
 4  128  14  512  0.1076E-08
 4  128  14  512  0.1076E-08
 4  128  14  512  0.1079E-08
 4  128  14  512  0.1076E-08
 4  128  14  512  0.1078E-08
 4  128  14  512  0.1077E-08
 4  128  14  512  0.1076E-08
 4  128  14  512  0.1077E-08
 4  128  14  512  0.1077E-08
 4  128  15  512  0.1052E-08
 4  128  15  512  0.1040E-08
 4  128  15  512  0.1043E-08
 4  128  15  512  0.1039E-08
 4  128  15  512  0.1042E-08
 4  128  15  512  0.1041E-08
 4  128  15  512  0.1042E-08
 4  128  15  512  0.1041E-08
 4  128  15  512  0.1041E-08
 4  128  15  512  0.1043E-08
 4  128  16  512  0.9726E-09
 4  128  16  512  0.9641E-09
 4  128  16  512  0.9656E-09
 4  128  16  512  0.9671E-09
 4  128  16  512  0.9726E-09
 4  128  16  512  0.9645E-09
 4  128  16  512  0.9646E-09
 4  128  16  512  0.9639E-09
 4  128  16  512  0.9649E-09
 4  128  16  512  0.9632E-09
 4  128  17  512  0.1056E-08
 4  128  17  512  0.1049E-08
 4  128  17  512  0.1049E-08
 4  128  17  512  0.1049E-08
 4  128  17  512  0.1053E-08
 4  128  17  512  0.1048E-08
 4  128  17  512  0.1050E-08
 4  128  17  512  0.1053E-08
 4  128  17  512  0.1049E-08
 4  128  17  512  0.1050E-08
 4  128  19  512  0.1021E-08
 4  128  19  512  0.1015E-08
 4  128  19  512  0.1016E-08
 4  128  19  512  0.1014E-08
 4  128  19  512  0.1016E-08
 4  128  19  512  0.1016E-08
 4  128  19  512  0.1016E-08
 4  128  19  512  0.1015E-08
 4  128  19  512  0.1015E-08
 4  128  19  512  0.1016E-08
 4  128  20  512  0.9635E-09
 4  128  20  512  0.9590E-09
 4  128  20  512  0.9589E-09
 4  128  20  512  0.9593E-09
 4  128  20  512  0.9605E-09
 4  128  20  512  0.9601E-09
 4  128  20  512  0.9613E-09
 4  128  20  512  0.9594E-09
 4  128  20  512  0.9604E-09
 4  128  20  512  0.9592E-09
