 4  128  3  512  0.1646E-07
 4  128  3  512  0.1565E-07
 4  128  3  512  0.1557E-07
 4  128  3  512  0.1553E-07
 4  128  3  512  0.1542E-07
 4  128  3  512  0.1563E-07
 4  128  3  512  0.1569E-07
 4  128  3  512  0.1533E-07
 4  128  3  512  0.1551E-07
 4  128  3  512  0.1553E-07
 4  128  4  512  0.7266E-08
 4  128  4  512  0.6896E-08
 4  128  4  512  0.6881E-08
 4  128  4  512  0.6771E-08
 4  128  4  512  0.6801E-08
 4  128  4  512  0.6812E-08
 4  128  4  512  0.6791E-08
 4  128  4  512  0.6792E-08
 4  128  4  512  0.6802E-08
 4  128  4  512  0.6799E-08
 4  128  5  512  0.4207E-08
 4  128  5  512  0.3959E-08
 4  128  5  512  0.3951E-08
 4  128  5  512  0.3930E-08
 4  128  5  512  0.3919E-08
 4  128  5  512  0.3915E-08
 4  128  5  512  0.3918E-08
 4  128  5  512  0.3915E-08
 4  128  5  512  0.3921E-08
 4  128  5  512  0.3898E-08
 4  128  6  512  0.2934E-08
 4  128  6  512  0.2754E-08
 4  128  6  512  0.2746E-08
 4  128  6  512  0.2722E-08
 4  128  6  512  0.2759E-08
 4  128  6  512  0.2726E-08
 4  128  6  512  0.2721E-08
 4  128  6  512  0.2710E-08
 4  128  6  512  0.2727E-08
 4  128  6  512  0.2766E-08
 4  128  7  512  0.2342E-08
 4  128  7  512  0.2256E-08
 4  128  7  512  0.2211E-08
 4  128  7  512  0.2220E-08
 4  128  7  512  0.2222E-08
 4  128  7  512  0.2212E-08
 4  128  7  512  0.2228E-08
 4  128  7  512  0.2253E-08
 4  128  7  512  0.2222E-08
 4  128  7  512  0.2233E-08
 4  128  8  512  0.2090E-08
 4  128  8  512  0.1995E-08
 4  128  8  512  0.1977E-08
 4  128  8  512  0.1980E-08
 4  128  8  512  0.1976E-08
 4  128  8  512  0.1975E-08
 4  128  8  512  0.1991E-08
 4  128  8  512  0.1988E-08
 4  128  8  512  0.1987E-08
 4  128  8  512  0.1978E-08
 4  128  9  512  0.1775E-08
 4  128  9  512  0.1725E-08
 4  128  9  512  0.1727E-08
 4  128  9  512  0.1718E-08
 4  128  9  512  0.1725E-08
 4  128  9  512  0.1732E-08
 4  128  9  512  0.1716E-08
 4  128  9  512  0.1736E-08
 4  128  9  512  0.1724E-08
 4  128  9  512  0.1724E-08
 4  128  10  512  0.1627E-08
 4  128  10  512  0.1587E-08
 4  128  10  512  0.1590E-08
 4  128  10  512  0.1599E-08
 4  128  10  512  0.1592E-08
 4  128  10  512  0.1589E-08
 4  128  10  512  0.1597E-08
 4  128  10  512  0.1603E-08
 4  128  10  512  0.1595E-08
 4  128  10  512  0.1598E-08
 4  128  11  512  0.1477E-08
 4  128  11  512  0.1472E-08
 4  128  11  512  0.1467E-08
 4  128  11  512  0.1461E-08
 4  128  11  512  0.1468E-08
 4  128  11  512  0.1466E-08
 4  128  11  512  0.1463E-08
 4  128  11  512  0.1466E-08
 4  128  11  512  0.1463E-08
 4  128  11  512  0.1469E-08
 4  128  12  512  0.1288E-08
 4  128  12  512  0.1272E-08
 4  128  12  512  0.1270E-08
 4  128  12  512  0.1270E-08
 4  128  12  512  0.1272E-08
 4  128  12  512  0.1270E-08
 4  128  12  512  0.1272E-08
 4  128  12  512  0.1272E-08
 4  128  12  512  0.1269E-08
 4  128  12  512  0.1275E-08
 4  128  13  512  0.1218E-08
 4  128  13  512  0.1214E-08
 4  128  13  512  0.1212E-08
 4  128  13  512  0.1214E-08
 4  128  13  512  0.1214E-08
 4  128  13  512  0.1214E-08
 4  128  13  512  0.1217E-08
 4  128  13  512  0.1210E-08
 4  128  13  512  0.1215E-08
 4  128  13  512  0.1216E-08
 4  128  14  512  0.1109E-08
 4  128  14  512  0.1107E-08
 4  128  14  512  0.1105E-08
 4  128  14  512  0.1107E-08
 4  128  14  512  0.1106E-08
 4  128  14  512  0.1104E-08
 4  128  14  512  0.1107E-08
 4  128  14  512  0.1103E-08
 4  128  14  512  0.1107E-08
 4  128  14  512  0.1103E-08
 4  128  15  512  0.1057E-08
 4  128  15  512  0.1057E-08
 4  128  15  512  0.1057E-08
 4  128  15  512  0.1056E-08
 4  128  15  512  0.1056E-08
 4  128  15  512  0.1055E-08
 4  128  15  512  0.1057E-08
 4  128  15  512  0.1055E-08
 4  128  15  512  0.1054E-08
 4  128  15  512  0.1055E-08
 4  128  16  512  0.1015E-08
 4  128  16  512  0.1010E-08
 4  128  16  512  0.1012E-08
 4  128  16  512  0.1012E-08
 4  128  16  512  0.1015E-08
 4  128  16  512  0.1011E-08
 4  128  16  512  0.1017E-08
 4  128  16  512  0.1011E-08
 4  128  16  512  0.1012E-08
 4  128  16  512  0.1010E-08
 4  128  17  512  0.1099E-08
 4  128  17  512  0.1097E-08
 4  128  17  512  0.1098E-08
 4  128  17  512  0.1103E-08
 4  128  17  512  0.1097E-08
 4  128  17  512  0.1098E-08
 4  128  17  512  0.1097E-08
 4  128  17  512  0.1097E-08
 4  128  17  512  0.1097E-08
 4  128  17  512  0.1098E-08
 4  128  19  512  0.1089E-08
 4  128  19  512  0.1085E-08
 4  128  19  512  0.1085E-08
 4  128  19  512  0.1085E-08
 4  128  19  512  0.1085E-08
 4  128  19  512  0.1084E-08
 4  128  19  512  0.1084E-08
 4  128  19  512  0.1085E-08
 4  128  19  512  0.1085E-08
 4  128  19  512  0.1085E-08
 4  128  20  512  0.1077E-08
 4  128  20  512  0.1075E-08
 4  128  20  512  0.1074E-08
 4  128  20  512  0.1075E-08
 4  128  20  512  0.1075E-08
 4  128  20  512  0.1075E-08
 4  128  20  512  0.1074E-08
 4  128  20  512  0.1075E-08
 4  128  20  512  0.1075E-08
 4  128  20  512  0.1074E-08
