 4  256  3  1024  0.2399E-07
 4  256  3  1024  0.1296E-07
 4  256  3  1024  0.1081E-07
 4  256  3  1024  0.1164E-07
 4  256  3  1024  0.1106E-07
 4  256  3  1024  0.1144E-07
 4  256  3  1024  0.1095E-07
 4  256  3  1024  0.1144E-07
 4  256  3  1024  0.1362E-07
 4  256  3  1024  0.1149E-07
 4  256  4  1024  0.8825E-08
 4  256  4  1024  0.6419E-08
 4  256  4  1024  0.5976E-08
 4  256  4  1024  0.5305E-08
 4  256  4  1024  0.5492E-08
 4  256  4  1024  0.5178E-08
 4  256  4  1024  0.5334E-08
 4  256  4  1024  0.5407E-08
 4  256  4  1024  0.5423E-08
 4  256  4  1024  0.5396E-08
 4  256  5  1024  0.1969E-08
 4  256  5  1024  0.1955E-08
 4  256  5  1024  0.1917E-08
 4  256  5  1024  0.1932E-08
 4  256  5  1024  0.1920E-08
 4  256  5  1024  0.1919E-08
 4  256  5  1024  0.1917E-08
 4  256  5  1024  0.1906E-08
 4  256  5  1024  0.1926E-08
 4  256  5  1024  0.1929E-08
 4  256  6  1024  0.1428E-08
 4  256  6  1024  0.1397E-08
 4  256  6  1024  0.1393E-08
 4  256  6  1024  0.1389E-08
 4  256  6  1024  0.1393E-08
 4  256  6  1024  0.1391E-08
 4  256  6  1024  0.1401E-08
 4  256  6  1024  0.1416E-08
 4  256  6  1024  0.1390E-08
 4  256  6  1024  0.1397E-08
 4  256  7  1024  0.1229E-08
 4  256  7  1024  0.1160E-08
 4  256  7  1024  0.1165E-08
 4  256  7  1024  0.1158E-08
 4  256  7  1024  0.1170E-08
 4  256  7  1024  0.1166E-08
 4  256  7  1024  0.1156E-08
 4  256  7  1024  0.1156E-08
 4  256  7  1024  0.1155E-08
 4  256  7  1024  0.1156E-08
 4  256  8  1024  0.9679E-09
 4  256  8  1024  0.9665E-09
 4  256  8  1024  0.9608E-09
 4  256  8  1024  0.9593E-09
 4  256  8  1024  0.9668E-09
 4  256  8  1024  0.9781E-09
 4  256  8  1024  0.9652E-09
 4  256  8  1024  0.9679E-09
 4  256  8  1024  0.9682E-09
 4  256  8  1024  0.9573E-09
 4  256  9  1024  0.7692E-09
 4  256  9  1024  0.7588E-09
 4  256  9  1024  0.7588E-09
 4  256  9  1024  0.7574E-09
 4  256  9  1024  0.7553E-09
 4  256  9  1024  0.7608E-09
 4  256  9  1024  0.7579E-09
 4  256  9  1024  0.7658E-09
 4  256  9  1024  0.7531E-09
 4  256  9  1024  0.7614E-09
 4  256  10  1024  0.6583E-09
 4  256  10  1024  0.6567E-09
 4  256  10  1024  0.6569E-09
 4  256  10  1024  0.6573E-09
 4  256  10  1024  0.6571E-09
 4  256  10  1024  0.6563E-09
 4  256  10  1024  0.6570E-09
 4  256  10  1024  0.6572E-09
 4  256  10  1024  0.6567E-09
 4  256  10  1024  0.6562E-09
 4  256  11  1024  0.5906E-09
 4  256  11  1024  0.5838E-09
 4  256  11  1024  0.5843E-09
 4  256  11  1024  0.5830E-09
 4  256  11  1024  0.5852E-09
 4  256  11  1024  0.5845E-09
 4  256  11  1024  0.5833E-09
 4  256  11  1024  0.5846E-09
 4  256  11  1024  0.5868E-09
 4  256  11  1024  0.5852E-09
 4  256  12  1024  0.5084E-09
 4  256  12  1024  0.5045E-09
 4  256  12  1024  0.5044E-09
 4  256  12  1024  0.5048E-09
 4  256  12  1024  0.5045E-09
 4  256  12  1024  0.5041E-09
 4  256  12  1024  0.5049E-09
 4  256  12  1024  0.5032E-09
 4  256  12  1024  0.5027E-09
 4  256  12  1024  0.5044E-09
 4  256  13  1024  0.4746E-09
 4  256  13  1024  0.4705E-09
 4  256  13  1024  0.4739E-09
 4  256  13  1024  0.4717E-09
 4  256  13  1024  0.4766E-09
 4  256  13  1024  0.4737E-09
 4  256  13  1024  0.4737E-09
 4  256  13  1024  0.4711E-09
 4  256  13  1024  0.4738E-09
 4  256  13  1024  0.4733E-09
 4  256  14  1024  0.4342E-09
 4  256  14  1024  0.4318E-09
 4  256  14  1024  0.4320E-09
 4  256  14  1024  0.4313E-09
 4  256  14  1024  0.4317E-09
 4  256  14  1024  0.4324E-09
 4  256  14  1024  0.4294E-09
 4  256  14  1024  0.4326E-09
 4  256  14  1024  0.4309E-09
 4  256  14  1024  0.4303E-09
 4  256  15  1024  0.4342E-09
 4  256  15  1024  0.4327E-09
 4  256  15  1024  0.4320E-09
 4  256  15  1024  0.4314E-09
 4  256  15  1024  0.4315E-09
 4  256  15  1024  0.4303E-09
 4  256  15  1024  0.4312E-09
 4  256  15  1024  0.4310E-09
 4  256  15  1024  0.4318E-09
 4  256  15  1024  0.4346E-09
 4  256  16  1024  0.4088E-09
 4  256  16  1024  0.4100E-09
 4  256  16  1024  0.4072E-09
 4  256  16  1024  0.4087E-09
 4  256  16  1024  0.4071E-09
 4  256  16  1024  0.4078E-09
 4  256  16  1024  0.4063E-09
 4  256  16  1024  0.4081E-09
 4  256  16  1024  0.4075E-09
 4  256  16  1024  0.4098E-09
 4  256  17  1024  0.4558E-09
 4  256  17  1024  0.4553E-09
 4  256  17  1024  0.4544E-09
 4  256  17  1024  0.4546E-09
 4  256  17  1024  0.4546E-09
 4  256  17  1024  0.4586E-09
 4  256  17  1024  0.4543E-09
 4  256  17  1024  0.4593E-09
 4  256  17  1024  0.4538E-09
 4  256  17  1024  0.4547E-09
 4  256  18  1024  0.4379E-09
 4  256  18  1024  0.4410E-09
 4  256  18  1024  0.4378E-09
 4  256  18  1024  0.4378E-09
 4  256  18  1024  0.4382E-09
 4  256  18  1024  0.4406E-09
 4  256  18  1024  0.4362E-09
 4  256  18  1024  0.4369E-09
 4  256  18  1024  0.4371E-09
 4  256  18  1024  0.4374E-09
 4  256  19  1024  0.4824E-09
 4  256  19  1024  0.4812E-09
 4  256  19  1024  0.4819E-09
 4  256  19  1024  0.4827E-09
 4  256  19  1024  0.4831E-09
 4  256  19  1024  0.4840E-09
 4  256  19  1024  0.4869E-09
 4  256  19  1024  0.4844E-09
 4  256  19  1024  0.4863E-09
 4  256  19  1024  0.4850E-09
 4  256  20  1024  0.4338E-09
 4  256  20  1024  0.4331E-09
 4  256  20  1024  0.4330E-09
 4  256  20  1024  0.4335E-09
 4  256  20  1024  0.4331E-09
 4  256  20  1024  0.4333E-09
 4  256  20  1024  0.4337E-09
 4  256  20  1024  0.4333E-09
 4  256  20  1024  0.4331E-09
 4  256  20  1024  0.4334E-09
