 4  1024  3  4096  0.2895E-08
 4  1024  3  4096  0.2915E-08
 4  1024  3  4096  0.2879E-08
 4  1024  3  4096  0.2836E-08
 4  1024  3  4096  0.2859E-08
 4  1024  3  4096  0.2826E-08
 4  1024  3  4096  0.2838E-08
 4  1024  3  4096  0.2836E-08
 4  1024  3  4096  0.2803E-08
 4  1024  3  4096  0.2819E-08
 4  1024  4  4096  0.1299E-08
 4  1024  4  4096  0.1249E-08
 4  1024  4  4096  0.1289E-08
 4  1024  4  4096  0.1271E-08
 4  1024  4  4096  0.1245E-08
 4  1024  4  4096  0.1266E-08
 4  1024  4  4096  0.1256E-08
 4  1024  4  4096  0.1240E-08
 4  1024  4  4096  0.1267E-08
 4  1024  4  4096  0.1280E-08
 4  1024  5  4096  0.7277E-09
 4  1024  5  4096  0.7265E-09
 4  1024  5  4096  0.7279E-09
 4  1024  5  4096  0.7220E-09
 4  1024  5  4096  0.7140E-09
 4  1024  5  4096  0.7137E-09
 4  1024  5  4096  0.7151E-09
 4  1024  5  4096  0.7152E-09
 4  1024  5  4096  0.7119E-09
 4  1024  5  4096  0.7131E-09
 4  1024  6  4096  0.4909E-09
 4  1024  6  4096  0.4906E-09
 4  1024  6  4096  0.4852E-09
 4  1024  6  4096  0.4857E-09
 4  1024  6  4096  0.4884E-09
 4  1024  6  4096  0.4823E-09
 4  1024  6  4096  0.4818E-09
 4  1024  6  4096  0.4781E-09
 4  1024  6  4096  0.4845E-09
 4  1024  6  4096  0.4892E-09
 4  1024  7  4096  0.3845E-09
 4  1024  7  4096  0.3747E-09
 4  1024  7  4096  0.3748E-09
 4  1024  7  4096  0.3754E-09
 4  1024  7  4096  0.3771E-09
 4  1024  7  4096  0.3755E-09
 4  1024  7  4096  0.3721E-09
 4  1024  7  4096  0.3712E-09
 4  1024  7  4096  0.3723E-09
 4  1024  7  4096  0.3754E-09
 4  1024  8  4096  0.2998E-09
 4  1024  8  4096  0.2991E-09
 4  1024  8  4096  0.2963E-09
 4  1024  8  4096  0.2984E-09
 4  1024  8  4096  0.2943E-09
 4  1024  8  4096  0.2951E-09
 4  1024  8  4096  0.2968E-09
 4  1024  8  4096  0.2970E-09
 4  1024  8  4096  0.2954E-09
 4  1024  8  4096  0.2967E-09
 4  1024  9  4096  0.2609E-09
 4  1024  9  4096  0.2603E-09
 4  1024  9  4096  0.2603E-09
 4  1024  9  4096  0.2603E-09
 4  1024  9  4096  0.2604E-09
 4  1024  9  4096  0.2586E-09
 4  1024  9  4096  0.2593E-09
 4  1024  9  4096  0.2606E-09
 4  1024  9  4096  0.2587E-09
 4  1024  9  4096  0.2587E-09
 4  1024  10  4096  0.2166E-09
 4  1024  10  4096  0.2174E-09
 4  1024  10  4096  0.2150E-09
 4  1024  10  4096  0.2161E-09
 4  1024  10  4096  0.2155E-09
 4  1024  10  4096  0.2181E-09
 4  1024  10  4096  0.2150E-09
 4  1024  10  4096  0.2158E-09
 4  1024  10  4096  0.2165E-09
 4  1024  10  4096  0.2170E-09
 4  1024  11  4096  0.1901E-09
 4  1024  11  4096  0.1863E-09
 4  1024  11  4096  0.1846E-09
 4  1024  11  4096  0.1879E-09
 4  1024  11  4096  0.1864E-09
 4  1024  11  4096  0.1850E-09
 4  1024  11  4096  0.1866E-09
 4  1024  11  4096  0.1865E-09
 4  1024  11  4096  0.1841E-09
 4  1024  11  4096  0.1857E-09
 4  1024  12  4096  0.1646E-09
 4  1024  12  4096  0.1626E-09
 4  1024  12  4096  0.1608E-09
 4  1024  12  4096  0.1639E-09
 4  1024  12  4096  0.1623E-09
 4  1024  12  4096  0.1600E-09
 4  1024  12  4096  0.1630E-09
 4  1024  12  4096  0.1620E-09
 4  1024  12  4096  0.1611E-09
 4  1024  12  4096  0.1638E-09
 4  1024  13  4096  0.1488E-09
 4  1024  13  4096  0.1481E-09
 4  1024  13  4096  0.1484E-09
 4  1024  13  4096  0.1494E-09
 4  1024  13  4096  0.1490E-09
 4  1024  13  4096  0.1482E-09
 4  1024  13  4096  0.1481E-09
 4  1024  13  4096  0.1481E-09
 4  1024  13  4096  0.1480E-09
 4  1024  13  4096  0.1479E-09
 4  1024  14  4096  0.1313E-09
 4  1024  14  4096  0.1324E-09
 4  1024  14  4096  0.1312E-09
 4  1024  14  4096  0.1310E-09
 4  1024  14  4096  0.1321E-09
 4  1024  14  4096  0.1309E-09
 4  1024  14  4096  0.1316E-09
 4  1024  14  4096  0.1305E-09
 4  1024  14  4096  0.1318E-09
 4  1024  14  4096  0.1317E-09
 4  1024  15  4096  0.1280E-09
 4  1024  15  4096  0.1263E-09
 4  1024  15  4096  0.1278E-09
 4  1024  15  4096  0.1260E-09
 4  1024  15  4096  0.1279E-09
 4  1024  15  4096  0.1268E-09
 4  1024  15  4096  0.1272E-09
 4  1024  15  4096  0.1259E-09
 4  1024  15  4096  0.1283E-09
 4  1024  15  4096  0.1260E-09
 4  1024  16  4096  0.1186E-09
 4  1024  16  4096  0.1187E-09
 4  1024  16  4096  0.1181E-09
 4  1024  16  4096  0.1185E-09
 4  1024  16  4096  0.1183E-09
 4  1024  16  4096  0.1187E-09
 4  1024  16  4096  0.1185E-09
 4  1024  16  4096  0.1180E-09
 4  1024  16  4096  0.1177E-09
 4  1024  16  4096  0.1189E-09
 4  1024  17  4096  0.1268E-09
 4  1024  17  4096  0.1272E-09
 4  1024  17  4096  0.1270E-09
 4  1024  17  4096  0.1260E-09
 4  1024  17  4096  0.1256E-09
 4  1024  17  4096  0.1262E-09
 4  1024  17  4096  0.1269E-09
 4  1024  17  4096  0.1263E-09
 4  1024  17  4096  0.1258E-09
 4  1024  17  4096  0.1263E-09
 4  1024  18  4096  0.1223E-09
 4  1024  18  4096  0.1214E-09
 4  1024  18  4096  0.1215E-09
 4  1024  18  4096  0.1220E-09
 4  1024  18  4096  0.1214E-09
 4  1024  18  4096  0.1218E-09
 4  1024  18  4096  0.1223E-09
 4  1024  18  4096  0.1217E-09
 4  1024  18  4096  0.1216E-09
 4  1024  18  4096  0.1215E-09
 4  1024  19  4096  0.1258E-09
 4  1024  19  4096  0.1269E-09
 4  1024  19  4096  0.1262E-09
 4  1024  19  4096  0.1262E-09
 4  1024  19  4096  0.1256E-09
 4  1024  19  4096  0.1257E-09
 4  1024  19  4096  0.1255E-09
 4  1024  19  4096  0.1257E-09
 4  1024  19  4096  0.1262E-09
 4  1024  19  4096  0.1258E-09
 4  1024  20  4096  0.1163E-09
 4  1024  20  4096  0.1163E-09
 4  1024  20  4096  0.1172E-09
 4  1024  20  4096  0.1163E-09
 4  1024  20  4096  0.1156E-09
 4  1024  20  4096  0.1157E-09
 4  1024  20  4096  0.1158E-09
 4  1024  20  4096  0.1156E-09
 4  1024  20  4096  0.1165E-09
 4  1024  20  4096  0.1171E-09
