 4  64  3  256  0.2257E-07
 4  64  3  256  0.2168E-07
 4  64  3  256  0.2158E-07
 4  64  3  256  0.2151E-07
 4  64  3  256  0.2145E-07
 4  64  3  256  0.2155E-07
 4  64  3  256  0.2131E-07
 4  64  3  256  0.2137E-07
 4  64  3  256  0.2158E-07
 4  64  3  256  0.2130E-07
 4  64  4  256  0.1018E-07
 4  64  4  256  0.9738E-08
 4  64  4  256  0.9633E-08
 4  64  4  256  0.9697E-08
 4  64  4  256  0.9639E-08
 4  64  4  256  0.9607E-08
 4  64  4  256  0.9567E-08
 4  64  4  256  0.9669E-08
 4  64  4  256  0.9653E-08
 4  64  4  256  0.9598E-08
 4  64  5  256  0.6066E-08
 4  64  5  256  0.5719E-08
 4  64  5  256  0.5770E-08
 4  64  5  256  0.5683E-08
 4  64  5  256  0.5656E-08
 4  64  5  256  0.5639E-08
 4  64  5  256  0.5663E-08
 4  64  5  256  0.5725E-08
 4  64  5  256  0.5632E-08
 4  64  5  256  0.5602E-08
 4  64  6  256  0.4174E-08
 4  64  6  256  0.3934E-08
 4  64  6  256  0.3892E-08
 4  64  6  256  0.3910E-08
 4  64  6  256  0.3907E-08
 4  64  6  256  0.3905E-08
 4  64  6  256  0.3883E-08
 4  64  6  256  0.3873E-08
 4  64  6  256  0.3872E-08
 4  64  6  256  0.3916E-08
 4  64  7  256  0.3444E-08
 4  64  7  256  0.3300E-08
 4  64  7  256  0.3232E-08
 4  64  7  256  0.3228E-08
 4  64  7  256  0.3233E-08
 4  64  7  256  0.3227E-08
 4  64  7  256  0.3244E-08
 4  64  7  256  0.3266E-08
 4  64  7  256  0.3252E-08
 4  64  7  256  0.3244E-08
 4  64  8  256  0.3178E-08
 4  64  8  256  0.3052E-08
 4  64  8  256  0.3051E-08
 4  64  8  256  0.3011E-08
 4  64  8  256  0.3011E-08
 4  64  8  256  0.2998E-08
 4  64  8  256  0.2998E-08
 4  64  8  256  0.3027E-08
 4  64  8  256  0.3012E-08
 4  64  8  256  0.3013E-08
 4  64  9  256  0.3241E-08
 4  64  9  256  0.3126E-08
 4  64  9  256  0.3144E-08
 4  64  9  256  0.3145E-08
 4  64  9  256  0.3128E-08
 4  64  9  256  0.3130E-08
 4  64  9  256  0.3139E-08
 4  64  9  256  0.3146E-08
 4  64  9  256  0.3136E-08
 4  64  9  256  0.3144E-08
 4  64  10  256  0.2690E-08
 4  64  10  256  0.2647E-08
 4  64  10  256  0.2641E-08
 4  64  10  256  0.2649E-08
 4  64  10  256  0.2659E-08
 4  64  10  256  0.2647E-08
 4  64  10  256  0.2649E-08
 4  64  10  256  0.2666E-08
 4  64  10  256  0.2645E-08
 4  64  10  256  0.2651E-08
 4  64  11  256  0.2532E-08
 4  64  11  256  0.2501E-08
 4  64  11  256  0.2499E-08
 4  64  11  256  0.2496E-08
 4  64  11  256  0.2500E-08
 4  64  11  256  0.2499E-08
 4  64  11  256  0.2497E-08
 4  64  11  256  0.2495E-08
 4  64  11  256  0.2498E-08
 4  64  11  256  0.2567E-08
 4  64  12  256  0.2238E-08
 4  64  12  256  0.2221E-08
 4  64  12  256  0.2221E-08
 4  64  12  256  0.2220E-08
 4  64  12  256  0.2221E-08
 4  64  12  256  0.2220E-08
 4  64  12  256  0.2261E-08
 4  64  12  256  0.2234E-08
 4  64  12  256  0.2221E-08
 4  64  12  256  0.2224E-08
 4  64  13  256  0.2150E-08
 4  64  13  256  0.2139E-08
 4  64  13  256  0.2142E-08
 4  64  13  256  0.2139E-08
 4  64  13  256  0.2136E-08
 4  64  13  256  0.2141E-08
 4  64  13  256  0.2142E-08
 4  64  13  256  0.2152E-08
 4  64  13  256  0.2139E-08
 4  64  13  256  0.2137E-08
 4  64  14  256  0.1946E-08
 4  64  14  256  0.1939E-08
 4  64  14  256  0.1947E-08
 4  64  14  256  0.1940E-08
 4  64  14  256  0.1939E-08
 4  64  14  256  0.1939E-08
 4  64  14  256  0.1940E-08
 4  64  14  256  0.1941E-08
 4  64  14  256  0.1943E-08
 4  64  14  256  0.1942E-08
 4  64  15  256  0.1913E-08
 4  64  15  256  0.1909E-08
 4  64  15  256  0.1906E-08
 4  64  15  256  0.1907E-08
 4  64  15  256  0.1908E-08
 4  64  15  256  0.1909E-08
 4  64  15  256  0.1906E-08
 4  64  15  256  0.1908E-08
 4  64  15  256  0.1908E-08
 4  64  15  256  0.1909E-08
 4  64  16  256  0.1831E-08
 4  64  16  256  0.1824E-08
 4  64  16  256  0.1824E-08
 4  64  16  256  0.1823E-08
 4  64  16  256  0.1822E-08
 4  64  16  256  0.1825E-08
 4  64  16  256  0.1823E-08
 4  64  16  256  0.1824E-08
 4  64  16  256  0.1824E-08
 4  64  16  256  0.1824E-08
 4  64  17  256  0.2050E-08
 4  64  17  256  0.2045E-08
 4  64  17  256  0.2043E-08
 4  64  17  256  0.2046E-08
 4  64  17  256  0.2047E-08
 4  64  17  256  0.2045E-08
 4  64  17  256  0.2047E-08
 4  64  17  256  0.2046E-08
 4  64  17  256  0.2048E-08
 4  64  17  256  0.2045E-08
 4  64  18  256  0.1985E-08
 4  64  18  256  0.1982E-08
 4  64  18  256  0.1981E-08
 4  64  18  256  0.1982E-08
 4  64  18  256  0.1983E-08
 4  64  18  256  0.1983E-08
 4  64  18  256  0.1981E-08
 4  64  18  256  0.1981E-08
 4  64  18  256  0.1983E-08
 4  64  18  256  0.1981E-08
 4  64  19  256  0.2044E-08
 4  64  19  256  0.2041E-08
 4  64  19  256  0.2041E-08
 4  64  19  256  0.2040E-08
 4  64  19  256  0.2042E-08
 4  64  19  256  0.2041E-08
 4  64  19  256  0.2042E-08
 4  64  19  256  0.2040E-08
 4  64  19  256  0.2042E-08
 4  64  19  256  0.2041E-08
 4  64  20  256  0.2027E-08
 4  64  20  256  0.2024E-08
 4  64  20  256  0.2030E-08
 4  64  20  256  0.2024E-08
 4  64  20  256  0.2023E-08
 4  64  20  256  0.2024E-08
 4  64  20  256  0.2023E-08
 4  64  20  256  0.2024E-08
 4  64  20  256  0.2023E-08
 4  64  20  256  0.2022E-08
