 4  2048  3  8192  0.2714E-08
 4  2048  3  8192  0.2600E-08
 4  2048  3  8192  0.2548E-08
 4  2048  3  8192  0.2489E-08
 4  2048  3  8192  0.2440E-08
 4  2048  3  8192  0.2490E-08
 4  2048  3  8192  0.2481E-08
 4  2048  3  8192  0.2528E-08
 4  2048  3  8192  0.2517E-08
 4  2048  3  8192  0.2463E-08
 4  2048  4  8192  0.1176E-08
 4  2048  4  8192  0.1085E-08
 4  2048  4  8192  0.1064E-08
 4  2048  4  8192  0.1051E-08
 4  2048  4  8192  0.1100E-08
 4  2048  4  8192  0.1055E-08
 4  2048  4  8192  0.1070E-08
 4  2048  4  8192  0.1061E-08
 4  2048  4  8192  0.1064E-08
 4  2048  4  8192  0.1039E-08
 4  2048  5  8192  0.6711E-09
 4  2048  5  8192  0.6264E-09
 4  2048  5  8192  0.6258E-09
 4  2048  5  8192  0.6210E-09
 4  2048  5  8192  0.6142E-09
 4  2048  5  8192  0.6267E-09
 4  2048  5  8192  0.6183E-09
 4  2048  5  8192  0.6259E-09
 4  2048  5  8192  0.6215E-09
 4  2048  5  8192  0.6224E-09
 4  2048  6  8192  0.4492E-09
 4  2048  6  8192  0.4154E-09
 4  2048  6  8192  0.4159E-09
 4  2048  6  8192  0.4118E-09
 4  2048  6  8192  0.4113E-09
 4  2048  6  8192  0.4089E-09
 4  2048  6  8192  0.4192E-09
 4  2048  6  8192  0.4113E-09
 4  2048  6  8192  0.4084E-09
 4  2048  6  8192  0.4146E-09
 4  2048  7  8192  0.3182E-09
 4  2048  7  8192  0.2994E-09
 4  2048  7  8192  0.2999E-09
 4  2048  7  8192  0.3128E-09
 4  2048  7  8192  0.3043E-09
 4  2048  7  8192  0.2959E-09
 4  2048  7  8192  0.3023E-09
 4  2048  7  8192  0.3124E-09
 4  2048  7  8192  0.3052E-09
 4  2048  7  8192  0.2961E-09
 4  2048  8  8192  0.2534E-09
 4  2048  8  8192  0.2372E-09
 4  2048  8  8192  0.2372E-09
 4  2048  8  8192  0.2420E-09
 4  2048  8  8192  0.2391E-09
 4  2048  8  8192  0.2354E-09
 4  2048  8  8192  0.2420E-09
 4  2048  8  8192  0.2424E-09
 4  2048  8  8192  0.2375E-09
 4  2048  8  8192  0.2445E-09
 4  2048  9  8192  0.2088E-09
 4  2048  9  8192  0.2042E-09
 4  2048  9  8192  0.2009E-09
 4  2048  9  8192  0.2047E-09
 4  2048  9  8192  0.2031E-09
 4  2048  9  8192  0.2005E-09
 4  2048  9  8192  0.2066E-09
 4  2048  9  8192  0.2021E-09
 4  2048  9  8192  0.2009E-09
 4  2048  9  8192  0.2060E-09
 4  2048  10  8192  0.1745E-09
 4  2048  10  8192  0.1704E-09
 4  2048  10  8192  0.1731E-09
 4  2048  10  8192  0.1695E-09
 4  2048  10  8192  0.1730E-09
 4  2048  10  8192  0.1719E-09
 4  2048  10  8192  0.1718E-09
 4  2048  10  8192  0.1725E-09
 4  2048  10  8192  0.1715E-09
 4  2048  10  8192  0.1725E-09
 4  2048  11  8192  0.1518E-09
 4  2048  11  8192  0.1500E-09
 4  2048  11  8192  0.1485E-09
 4  2048  11  8192  0.1501E-09
 4  2048  11  8192  0.1501E-09
 4  2048  11  8192  0.1496E-09
 4  2048  11  8192  0.1495E-09
 4  2048  11  8192  0.1487E-09
 4  2048  11  8192  0.1492E-09
 4  2048  11  8192  0.1489E-09
 4  2048  12  8192  0.1260E-09
 4  2048  12  8192  0.1265E-09
 4  2048  12  8192  0.1248E-09
 4  2048  12  8192  0.1263E-09
 4  2048  12  8192  0.1247E-09
 4  2048  12  8192  0.1255E-09
 4  2048  12  8192  0.1242E-09
 4  2048  12  8192  0.1253E-09
 4  2048  12  8192  0.1250E-09
 4  2048  12  8192  0.1255E-09
