 4  2048  3  8192  0.1139E-08
 4  2048  3  8192  0.1108E-08
 4  2048  3  8192  0.1086E-08
 4  2048  3  8192  0.1088E-08
 4  2048  3  8192  0.1082E-08
 4  2048  3  8192  0.1082E-08
 4  2048  3  8192  0.1084E-08
 4  2048  3  8192  0.1105E-08
 4  2048  3  8192  0.1107E-08
 4  2048  3  8192  0.1089E-08
 4  2048  4  8192  0.4778E-09
 4  2048  4  8192  0.4716E-09
 4  2048  4  8192  0.4744E-09
 4  2048  4  8192  0.4773E-09
 4  2048  4  8192  0.4753E-09
 4  2048  4  8192  0.4758E-09
 4  2048  4  8192  0.4763E-09
 4  2048  4  8192  0.4724E-09
 4  2048  4  8192  0.4796E-09
 4  2048  4  8192  0.4731E-09
 4  2048  5  8192  0.3010E-09
 4  2048  5  8192  0.2994E-09
 4  2048  5  8192  0.3065E-09
 4  2048  5  8192  0.2961E-09
 4  2048  5  8192  0.2940E-09
 4  2048  5  8192  0.3042E-09
 4  2048  5  8192  0.2980E-09
 4  2048  5  8192  0.2923E-09
 4  2048  5  8192  0.2922E-09
 4  2048  5  8192  0.2938E-09
 4  2048  6  8192  0.2114E-09
 4  2048  6  8192  0.2067E-09
 4  2048  6  8192  0.2101E-09
 4  2048  6  8192  0.2054E-09
 4  2048  6  8192  0.2074E-09
 4  2048  6  8192  0.2060E-09
 4  2048  6  8192  0.2075E-09
 4  2048  6  8192  0.2085E-09
 4  2048  6  8192  0.2125E-09
 4  2048  6  8192  0.2091E-09
 4  2048  7  8192  0.1671E-09
 4  2048  7  8192  0.1598E-09
 4  2048  7  8192  0.1589E-09
 4  2048  7  8192  0.1597E-09
 4  2048  7  8192  0.1611E-09
 4  2048  7  8192  0.1637E-09
 4  2048  7  8192  0.1671E-09
 4  2048  7  8192  0.1643E-09
 4  2048  7  8192  0.1588E-09
 4  2048  7  8192  0.1581E-09
 4  2048  8  8192  0.1302E-09
 4  2048  8  8192  0.1282E-09
 4  2048  8  8192  0.1263E-09
 4  2048  8  8192  0.1262E-09
 4  2048  8  8192  0.1249E-09
 4  2048  8  8192  0.1277E-09
 4  2048  8  8192  0.1285E-09
 4  2048  8  8192  0.1280E-09
 4  2048  8  8192  0.1262E-09
 4  2048  8  8192  0.1256E-09
 4  2048  9  8192  0.1110E-09
 4  2048  9  8192  0.1111E-09
 4  2048  9  8192  0.1097E-09
 4  2048  9  8192  0.1085E-09
 4  2048  9  8192  0.1081E-09
 4  2048  9  8192  0.1097E-09
 4  2048  9  8192  0.1116E-09
 4  2048  9  8192  0.1093E-09
 4  2048  9  8192  0.1098E-09
 4  2048  9  8192  0.1078E-09
 4  2048  10  8192  0.9141E-10
 4  2048  10  8192  0.8998E-10
 4  2048  10  8192  0.9107E-10
 4  2048  10  8192  0.9196E-10
 4  2048  10  8192  0.9141E-10
 4  2048  10  8192  0.9100E-10
 4  2048  10  8192  0.9041E-10
 4  2048  10  8192  0.9103E-10
 4  2048  10  8192  0.9204E-10
 4  2048  10  8192  0.9083E-10
 4  2048  11  8192  0.7987E-10
 4  2048  11  8192  0.7923E-10
 4  2048  11  8192  0.8082E-10
 4  2048  11  8192  0.8077E-10
 4  2048  11  8192  0.7922E-10
 4  2048  11  8192  0.8036E-10
 4  2048  11  8192  0.8182E-10
 4  2048  11  8192  0.8081E-10
 4  2048  11  8192  0.7935E-10
 4  2048  11  8192  0.8096E-10
 4  2048  12  8192  0.6879E-10
 4  2048  12  8192  0.6779E-10
 4  2048  12  8192  0.6688E-10
 4  2048  12  8192  0.6854E-10
 4  2048  12  8192  0.6782E-10
 4  2048  12  8192  0.6699E-10
 4  2048  12  8192  0.6751E-10
 4  2048  12  8192  0.6814E-10
 4  2048  12  8192  0.6704E-10
 4  2048  12  8192  0.6689E-10
 4  2048  13  8192  0.6292E-10
 4  2048  13  8192  0.6214E-10
 4  2048  13  8192  0.6141E-10
 4  2048  13  8192  0.6206E-10
 4  2048  13  8192  0.6201E-10
 4  2048  13  8192  0.6129E-10
 4  2048  13  8192  0.6197E-10
 4  2048  13  8192  0.6175E-10
 4  2048  13  8192  0.6170E-10
 4  2048  13  8192  0.6255E-10
 4  2048  14  8192  0.5613E-10
 4  2048  14  8192  0.5496E-10
 4  2048  14  8192  0.5545E-10
 4  2048  14  8192  0.5533E-10
 4  2048  14  8192  0.5464E-10
 4  2048  14  8192  0.5569E-10
 4  2048  14  8192  0.5536E-10
 4  2048  14  8192  0.5456E-10
 4  2048  14  8192  0.5532E-10
 4  2048  14  8192  0.5522E-10
 4  2048  15  8192  0.5406E-10
 4  2048  15  8192  0.5407E-10
 4  2048  15  8192  0.5429E-10
 4  2048  15  8192  0.5390E-10
 4  2048  15  8192  0.5483E-10
 4  2048  15  8192  0.5396E-10
 4  2048  15  8192  0.5473E-10
 4  2048  15  8192  0.5393E-10
 4  2048  15  8192  0.5433E-10
 4  2048  15  8192  0.5417E-10
 4  2048  16  8192  0.4984E-10
 4  2048  16  8192  0.4979E-10
 4  2048  16  8192  0.4956E-10
 4  2048  16  8192  0.4981E-10
 4  2048  16  8192  0.5002E-10
 4  2048  16  8192  0.4986E-10
 4  2048  16  8192  0.4969E-10
 4  2048  16  8192  0.4982E-10
 4  2048  16  8192  0.5015E-10
 4  2048  16  8192  0.5015E-10
 4  2048  17  8192  0.5501E-10
 4  2048  17  8192  0.5422E-10
 4  2048  17  8192  0.5486E-10
 4  2048  17  8192  0.5486E-10
 4  2048  17  8192  0.5429E-10
 4  2048  17  8192  0.5488E-10
 4  2048  17  8192  0.5427E-10
 4  2048  17  8192  0.5433E-10
 4  2048  17  8192  0.5485E-10
 4  2048  17  8192  0.5494E-10
 4  2048  18  8192  0.5424E-10
 4  2048  18  8192  0.5446E-10
 4  2048  18  8192  0.5406E-10
 4  2048  18  8192  0.5446E-10
 4  2048  18  8192  0.5452E-10
 4  2048  18  8192  0.5465E-10
 4  2048  18  8192  0.5421E-10
 4  2048  18  8192  0.5445E-10
 4  2048  18  8192  0.5444E-10
 4  2048  18  8192  0.5440E-10
 4  2048  19  8192  0.5507E-10
 4  2048  19  8192  0.5495E-10
 4  2048  19  8192  0.5525E-10
 4  2048  19  8192  0.5480E-10
 4  2048  19  8192  0.5512E-10
 4  2048  19  8192  0.5518E-10
 4  2048  19  8192  0.5525E-10
 4  2048  19  8192  0.5504E-10
 4  2048  19  8192  0.5485E-10
 4  2048  19  8192  0.5531E-10
 4  2048  20  8192  0.5446E-10
 4  2048  20  8192  0.5438E-10
 4  2048  20  8192  0.5410E-10
 4  2048  20  8192  0.5434E-10
 4  2048  20  8192  0.5425E-10
 4  2048  20  8192  0.5414E-10
 4  2048  20  8192  0.5413E-10
 4  2048  20  8192  0.5434E-10
 4  2048  20  8192  0.5443E-10
 4  2048  20  8192  0.5464E-10
