 4  8  3  32  0.4883E-07
 4  8  3  32  0.4844E-07
 4  8  3  32  0.4838E-07
 4  8  3  32  0.4861E-07
 4  8  3  32  0.4821E-07
 4  8  3  32  0.4813E-07
 4  8  3  32  0.4861E-07
 4  8  3  32  0.4829E-07
 4  8  3  32  0.4819E-07
 4  8  3  32  0.4827E-07
 4  8  4  32  0.2401E-07
 4  8  4  32  0.2308E-07
 4  8  4  32  0.2307E-07
 4  8  4  32  0.2290E-07
 4  8  4  32  0.2311E-07
 4  8  4  32  0.2296E-07
 4  8  4  32  0.2291E-07
 4  8  4  32  0.2301E-07
 4  8  4  32  0.2292E-07
 4  8  4  32  0.2285E-07
 4  8  5  32  0.1646E-07
 4  8  5  32  0.1610E-07
 4  8  5  32  0.1600E-07
 4  8  5  32  0.1594E-07
 4  8  5  32  0.1589E-07
 4  8  5  32  0.1590E-07
 4  8  5  32  0.1592E-07
 4  8  5  32  0.1595E-07
 4  8  5  32  0.1598E-07
 4  8  5  32  0.1598E-07
 4  8  6  32  0.1181E-07
 4  8  6  32  0.1139E-07
 4  8  6  32  0.1136E-07
 4  8  6  32  0.1132E-07
 4  8  6  32  0.1130E-07
 4  8  6  32  0.1128E-07
 4  8  6  32  0.1138E-07
 4  8  6  32  0.1128E-07
 4  8  6  32  0.1140E-07
 4  8  6  32  0.1131E-07
 4  8  7  32  0.9706E-08
 4  8  7  32  0.9391E-08
 4  8  7  32  0.9335E-08
 4  8  7  32  0.9349E-08
 4  8  7  32  0.9330E-08
 4  8  7  32  0.9317E-08
 4  8  7  32  0.9427E-08
 4  8  7  32  0.9374E-08
 4  8  7  32  0.9337E-08
 4  8  7  32  0.9317E-08
 4  8  8  32  0.9985E-08
 4  8  8  32  0.9694E-08
 4  8  8  32  0.9716E-08
 4  8  8  32  0.9676E-08
 4  8  8  32  0.9652E-08
 4  8  8  32  0.9680E-08
 4  8  8  32  0.9686E-08
 4  8  8  32  0.9721E-08
 4  8  8  32  0.9686E-08
 4  8  8  32  0.9712E-08
 4  8  9  32  0.1195E-07
 4  8  9  32  0.1169E-07
 4  8  9  32  0.1177E-07
 4  8  9  32  0.1172E-07
 4  8  9  32  0.1171E-07
 4  8  9  32  0.1173E-07
 4  8  9  32  0.1168E-07
 4  8  9  32  0.1170E-07
 4  8  9  32  0.1172E-07
 4  8  9  32  0.1172E-07
 4  8  10  32  0.1157E-07
 4  8  10  32  0.1145E-07
 4  8  10  32  0.1145E-07
 4  8  10  32  0.1145E-07
 4  8  10  32  0.1145E-07
 4  8  10  32  0.1149E-07
 4  8  10  32  0.1144E-07
 4  8  10  32  0.1148E-07
 4  8  10  32  0.1147E-07
 4  8  10  32  0.1146E-07
 4  8  11  32  0.1200E-07
 4  8  11  32  0.1192E-07
 4  8  11  32  0.1193E-07
 4  8  11  32  0.1193E-07
 4  8  11  32  0.1192E-07
 4  8  11  32  0.1193E-07
 4  8  11  32  0.1192E-07
 4  8  11  32  0.1193E-07
 4  8  11  32  0.1192E-07
 4  8  11  32  0.1191E-07
 4  8  12  32  0.1087E-07
 4  8  12  32  0.1082E-07
 4  8  12  32  0.1081E-07
 4  8  12  32  0.1080E-07
 4  8  12  32  0.1081E-07
 4  8  12  32  0.1082E-07
 4  8  12  32  0.1081E-07
 4  8  12  32  0.1082E-07
 4  8  12  32  0.1082E-07
 4  8  12  32  0.1080E-07
 4  8  13  32  0.1119E-07
 4  8  13  32  0.1114E-07
 4  8  13  32  0.1114E-07
 4  8  13  32  0.1114E-07
 4  8  13  32  0.1114E-07
 4  8  13  32  0.1114E-07
 4  8  13  32  0.1113E-07
 4  8  13  32  0.1114E-07
 4  8  13  32  0.1113E-07
 4  8  13  32  0.1113E-07
 4  8  14  32  0.1068E-07
 4  8  14  32  0.1067E-07
 4  8  14  32  0.1065E-07
 4  8  14  32  0.1064E-07
 4  8  14  32  0.1064E-07
 4  8  14  32  0.1066E-07
 4  8  14  32  0.1064E-07
 4  8  14  32  0.1065E-07
 4  8  14  32  0.1066E-07
 4  8  14  32  0.1065E-07
 4  8  15  32  0.1103E-07
 4  8  15  32  0.1100E-07
 4  8  15  32  0.1101E-07
 4  8  15  32  0.1103E-07
 4  8  15  32  0.1102E-07
 4  8  15  32  0.1102E-07
 4  8  15  32  0.1102E-07
 4  8  15  32  0.1103E-07
 4  8  15  32  0.1102E-07
 4  8  15  32  0.1102E-07
 4  8  16  32  0.1092E-07
 4  8  16  32  0.1087E-07
 4  8  16  32  0.1088E-07
 4  8  16  32  0.1087E-07
 4  8  16  32  0.1088E-07
 4  8  16  32  0.1089E-07
 4  8  16  32  0.1088E-07
 4  8  16  32  0.1088E-07
 4  8  16  32  0.1088E-07
 4  8  16  32  0.1088E-07
 4  8  17  32  0.1284E-07
 4  8  17  32  0.1284E-07
 4  8  17  32  0.1284E-07
 4  8  17  32  0.1284E-07
 4  8  17  32  0.1284E-07
 4  8  17  32  0.1284E-07
 4  8  17  32  0.1284E-07
 4  8  17  32  0.1284E-07
 4  8  17  32  0.1284E-07
 4  8  17  32  0.1284E-07
 4  8  19  32  0.1338E-07
 4  8  19  32  0.1338E-07
 4  8  19  32  0.1338E-07
 4  8  19  32  0.1339E-07
 4  8  19  32  0.1338E-07
 4  8  19  32  0.1338E-07
 4  8  19  32  0.1338E-07
 4  8  19  32  0.1339E-07
 4  8  19  32  0.1338E-07
 4  8  19  32  0.1338E-07
