 4  512  3  2048  0.8806E-08
 4  512  3  2048  0.8190E-08
 4  512  3  2048  0.8256E-08
 4  512  3  2048  0.8071E-08
 4  512  3  2048  0.8235E-08
 4  512  3  2048  0.8074E-08
 4  512  3  2048  0.8116E-08
 4  512  3  2048  0.8211E-08
 4  512  3  2048  0.8109E-08
 4  512  3  2048  0.8088E-08
 4  512  4  2048  0.3902E-08
 4  512  4  2048  0.3566E-08
 4  512  4  2048  0.3506E-08
 4  512  4  2048  0.3500E-08
 4  512  4  2048  0.3526E-08
 4  512  4  2048  0.3539E-08
 4  512  4  2048  0.3573E-08
 4  512  4  2048  0.3643E-08
 4  512  4  2048  0.3521E-08
 4  512  4  2048  0.3476E-08
 4  512  5  2048  0.2162E-08
 4  512  5  2048  0.1974E-08
 4  512  5  2048  0.1937E-08
 4  512  5  2048  0.1950E-08
 4  512  5  2048  0.1990E-08
 4  512  5  2048  0.1976E-08
 4  512  5  2048  0.1963E-08
 4  512  5  2048  0.1956E-08
 4  512  5  2048  0.1962E-08
 4  512  5  2048  0.1944E-08
 4  512  6  2048  0.1342E-08
 4  512  6  2048  0.1230E-08
 4  512  6  2048  0.1235E-08
 4  512  6  2048  0.1222E-08
 4  512  6  2048  0.1231E-08
 4  512  6  2048  0.1231E-08
 4  512  6  2048  0.1231E-08
 4  512  6  2048  0.1237E-08
 4  512  6  2048  0.1277E-08
 4  512  6  2048  0.1226E-08
 4  512  7  2048  0.9617E-09
 4  512  7  2048  0.8951E-09
 4  512  7  2048  0.9000E-09
 4  512  7  2048  0.9066E-09
 4  512  7  2048  0.9019E-09
 4  512  7  2048  0.9042E-09
 4  512  7  2048  0.8899E-09
 4  512  7  2048  0.9292E-09
 4  512  7  2048  0.9018E-09
 4  512  7  2048  0.9044E-09
 4  512  8  2048  0.7732E-09
 4  512  8  2048  0.7371E-09
 4  512  8  2048  0.7357E-09
 4  512  8  2048  0.7377E-09
 4  512  8  2048  0.7402E-09
 4  512  8  2048  0.7317E-09
 4  512  8  2048  0.7346E-09
 4  512  8  2048  0.7322E-09
 4  512  8  2048  0.7412E-09
 4  512  8  2048  0.7329E-09
 4  512  9  2048  0.6794E-09
 4  512  9  2048  0.6559E-09
 4  512  9  2048  0.6546E-09
 4  512  9  2048  0.6497E-09
 4  512  9  2048  0.6531E-09
 4  512  9  2048  0.6548E-09
 4  512  9  2048  0.6555E-09
 4  512  9  2048  0.6541E-09
 4  512  9  2048  0.6590E-09
 4  512  9  2048  0.6522E-09
 4  512  10  2048  0.5919E-09
 4  512  10  2048  0.5796E-09
 4  512  10  2048  0.5717E-09
 4  512  10  2048  0.5765E-09
 4  512  10  2048  0.5773E-09
 4  512  10  2048  0.5742E-09
 4  512  10  2048  0.5785E-09
 4  512  10  2048  0.5813E-09
 4  512  10  2048  0.5732E-09
 4  512  10  2048  0.5790E-09
 4  512  11  2048  0.5149E-09
 4  512  11  2048  0.5056E-09
 4  512  11  2048  0.5034E-09
 4  512  11  2048  0.5024E-09
 4  512  11  2048  0.5023E-09
 4  512  11  2048  0.5066E-09
 4  512  11  2048  0.5019E-09
 4  512  11  2048  0.5065E-09
 4  512  11  2048  0.5024E-09
 4  512  11  2048  0.5047E-09
 4  512  12  2048  0.4229E-09
 4  512  12  2048  0.4148E-09
 4  512  12  2048  0.4156E-09
 4  512  12  2048  0.4150E-09
 4  512  12  2048  0.4170E-09
 4  512  12  2048  0.4160E-09
 4  512  12  2048  0.4171E-09
 4  512  12  2048  0.4150E-09
 4  512  12  2048  0.4170E-09
 4  512  12  2048  0.4166E-09
 4  512  13  2048  0.3888E-09
 4  512  13  2048  0.3819E-09
 4  512  13  2048  0.3816E-09
 4  512  13  2048  0.3826E-09
 4  512  13  2048  0.3855E-09
 4  512  13  2048  0.3841E-09
 4  512  13  2048  0.3805E-09
 4  512  13  2048  0.3826E-09
 4  512  13  2048  0.3810E-09
 4  512  13  2048  0.3844E-09
 4  512  14  2048  0.3407E-09
 4  512  14  2048  0.3349E-09
 4  512  14  2048  0.3344E-09
 4  512  14  2048  0.3346E-09
 4  512  14  2048  0.3350E-09
 4  512  14  2048  0.3359E-09
 4  512  14  2048  0.3349E-09
 4  512  14  2048  0.3342E-09
 4  512  14  2048  0.3377E-09
 4  512  14  2048  0.3359E-09
 4  512  15  2048  0.3208E-09
 4  512  15  2048  0.3163E-09
 4  512  15  2048  0.3159E-09
 4  512  15  2048  0.3159E-09
 4  512  15  2048  0.3157E-09
 4  512  15  2048  0.3159E-09
 4  512  15  2048  0.3151E-09
 4  512  15  2048  0.3158E-09
 4  512  15  2048  0.3176E-09
 4  512  15  2048  0.3158E-09
 4  512  16  2048  0.2886E-09
 4  512  16  2048  0.2855E-09
 4  512  16  2048  0.2847E-09
 4  512  16  2048  0.2839E-09
 4  512  16  2048  0.2874E-09
 4  512  16  2048  0.2849E-09
 4  512  16  2048  0.2836E-09
 4  512  16  2048  0.2851E-09
 4  512  16  2048  0.2845E-09
 4  512  16  2048  0.2838E-09
 4  512  17  2048  0.3017E-09
 4  512  17  2048  0.3027E-09
 4  512  17  2048  0.3016E-09
 4  512  17  2048  0.3020E-09
 4  512  17  2048  0.3023E-09
 4  512  17  2048  0.3013E-09
 4  512  17  2048  0.3006E-09
 4  512  17  2048  0.3003E-09
 4  512  17  2048  0.3004E-09
 4  512  17  2048  0.3009E-09
 4  512  18  2048  0.2876E-09
 4  512  18  2048  0.2857E-09
 4  512  18  2048  0.2855E-09
 4  512  18  2048  0.2867E-09
 4  512  18  2048  0.2856E-09
 4  512  18  2048  0.2851E-09
 4  512  18  2048  0.2857E-09
 4  512  18  2048  0.2849E-09
 4  512  18  2048  0.2853E-09
 4  512  18  2048  0.2854E-09
 4  512  19  2048  0.2809E-09
 4  512  19  2048  0.2794E-09
 4  512  19  2048  0.2787E-09
 4  512  19  2048  0.2790E-09
 4  512  19  2048  0.2782E-09
 4  512  19  2048  0.2796E-09
 4  512  19  2048  0.2791E-09
 4  512  19  2048  0.2783E-09
 4  512  19  2048  0.2785E-09
 4  512  19  2048  0.2785E-09
 4  512  20  2048  0.2611E-09
 4  512  20  2048  0.2615E-09
 4  512  20  2048  0.2601E-09
 4  512  20  2048  0.2594E-09
 4  512  20  2048  0.2615E-09
 4  512  20  2048  0.2598E-09
 4  512  20  2048  0.2602E-09
 4  512  20  2048  0.2597E-09
 4  512  20  2048  0.2597E-09
 4  512  20  2048  0.2617E-09
