 4  4096  3  16384  0.9830E-09
 4  4096  3  16384  0.9724E-09
 4  4096  3  16384  0.9365E-09
 4  4096  3  16384  0.9438E-09
 4  4096  3  16384  0.9497E-09
 4  4096  3  16384  0.9864E-09
 4  4096  3  16384  0.9768E-09
 4  4096  3  16384  0.9939E-09
 4  4096  3  16384  0.9623E-09
 4  4096  3  16384  0.1009E-08
 4  4096  4  16384  0.4316E-09
 4  4096  4  16384  0.4174E-09
 4  4096  4  16384  0.4268E-09
 4  4096  4  16384  0.4239E-09
 4  4096  4  16384  0.4341E-09
 4  4096  4  16384  0.4296E-09
 4  4096  4  16384  0.4206E-09
 4  4096  4  16384  0.4205E-09
 4  4096  4  16384  0.4189E-09
 4  4096  4  16384  0.4210E-09
 4  4096  5  16384  0.2618E-09
 4  4096  5  16384  0.2567E-09
 4  4096  5  16384  0.2485E-09
 4  4096  5  16384  0.2509E-09
 4  4096  5  16384  0.2500E-09
 4  4096  5  16384  0.2628E-09
 4  4096  5  16384  0.2538E-09
 4  4096  5  16384  0.2608E-09
 4  4096  5  16384  0.2546E-09
 4  4096  5  16384  0.2491E-09
 4  4096  6  16384  0.1821E-09
 4  4096  6  16384  0.1871E-09
 4  4096  6  16384  0.1852E-09
 4  4096  6  16384  0.1769E-09
 4  4096  6  16384  0.1772E-09
 4  4096  6  16384  0.1789E-09
 4  4096  6  16384  0.1828E-09
 4  4096  6  16384  0.1836E-09
 4  4096  6  16384  0.1778E-09
 4  4096  6  16384  0.1766E-09
 4  4096  7  16384  0.1319E-09
 4  4096  7  16384  0.1362E-09
 4  4096  7  16384  0.1370E-09
 4  4096  7  16384  0.1305E-09
 4  4096  7  16384  0.1284E-09
 4  4096  7  16384  0.1341E-09
 4  4096  7  16384  0.1391E-09
 4  4096  7  16384  0.1318E-09
 4  4096  7  16384  0.1285E-09
 4  4096  7  16384  0.1310E-09
 4  4096  8  16384  0.1033E-09
 4  4096  8  16384  0.1023E-09
 4  4096  8  16384  0.9752E-10
 4  4096  8  16384  0.9835E-10
 4  4096  8  16384  0.1022E-09
 4  4096  8  16384  0.1018E-09
 4  4096  8  16384  0.9745E-10
 4  4096  8  16384  0.9895E-10
 4  4096  8  16384  0.1021E-09
 4  4096  8  16384  0.1015E-09
 4  4096  9  16384  0.8191E-10
 4  4096  9  16384  0.7931E-10
 4  4096  9  16384  0.8170E-10
 4  4096  9  16384  0.8341E-10
 4  4096  9  16384  0.7989E-10
 4  4096  9  16384  0.8079E-10
 4  4096  9  16384  0.8445E-10
 4  4096  9  16384  0.8160E-10
 4  4096  9  16384  0.7991E-10
 4  4096  9  16384  0.8377E-10
 4  4096  10  16384  0.6564E-10
 4  4096  10  16384  0.6618E-10
 4  4096  10  16384  0.6752E-10
 4  4096  10  16384  0.6522E-10
 4  4096  10  16384  0.6518E-10
 4  4096  10  16384  0.6708E-10
 4  4096  10  16384  0.6601E-10
 4  4096  10  16384  0.6528E-10
 4  4096  10  16384  0.6721E-10
 4  4096  10  16384  0.6648E-10
 4  4096  11  16384  0.5636E-10
 4  4096  11  16384  0.5672E-10
 4  4096  11  16384  0.5644E-10
 4  4096  11  16384  0.5505E-10
 4  4096  11  16384  0.5773E-10
 4  4096  11  16384  0.5591E-10
 4  4096  11  16384  0.5576E-10
 4  4096  11  16384  0.5732E-10
 4  4096  11  16384  0.5594E-10
 4  4096  11  16384  0.5653E-10
 4  4096  11  16384  0.5690E-10
 4  4096  11  16384  0.5620E-10
 4  4096  11  16384  0.5706E-10
 4  4096  11  16384  0.5598E-10
 4  4096  11  16384  0.5542E-10
 4  4096  11  16384  0.5641E-10
 4  4096  11  16384  0.5603E-10
 4  4096  11  16384  0.5575E-10
 4  4096  11  16384  0.5712E-10
 4  4096  11  16384  0.5618E-10
 4  4096  12  16384  0.4800E-10
 4  4096  12  16384  0.4599E-10
 4  4096  12  16384  0.4703E-10
 4  4096  12  16384  0.4779E-10
 4  4096  12  16384  0.4640E-10
 4  4096  12  16384  0.4782E-10
 4  4096  12  16384  0.4617E-10
 4  4096  12  16384  0.4686E-10
 4  4096  12  16384  0.4741E-10
 4  4096  12  16384  0.4621E-10
 4  4096  13  16384  0.4233E-10
 4  4096  13  16384  0.4178E-10
 4  4096  13  16384  0.4221E-10
 4  4096  13  16384  0.4199E-10
 4  4096  13  16384  0.4242E-10
 4  4096  13  16384  0.4199E-10
 4  4096  13  16384  0.4246E-10
 4  4096  13  16384  0.4169E-10
 4  4096  13  16384  0.4214E-10
 4  4096  13  16384  0.4184E-10
 4  4096  14  16384  0.3730E-10
 4  4096  14  16384  0.3752E-10
 4  4096  14  16384  0.3689E-10
 4  4096  14  16384  0.3731E-10
 4  4096  14  16384  0.3685E-10
 4  4096  14  16384  0.3743E-10
 4  4096  14  16384  0.3700E-10
 4  4096  14  16384  0.3737E-10
 4  4096  14  16384  0.3683E-10
 4  4096  14  16384  0.3722E-10
 4  4096  15  16384  0.3548E-10
 4  4096  15  16384  0.3525E-10
 4  4096  15  16384  0.3523E-10
 4  4096  15  16384  0.3545E-10
 4  4096  15  16384  0.3508E-10
 4  4096  15  16384  0.3551E-10
 4  4096  15  16384  0.3499E-10
 4  4096  15  16384  0.3547E-10
 4  4096  15  16384  0.3531E-10
 4  4096  15  16384  0.3505E-10
 4  4096  16  16384  0.3275E-10
 4  4096  16  16384  0.3249E-10
 4  4096  16  16384  0.3239E-10
 4  4096  16  16384  0.3253E-10
 4  4096  16  16384  0.3242E-10
 4  4096  16  16384  0.3225E-10
 4  4096  16  16384  0.3255E-10
 4  4096  16  16384  0.3217E-10
 4  4096  16  16384  0.3206E-10
 4  4096  16  16384  0.3240E-10
 4  4096  17  16384  0.3387E-10
 4  4096  17  16384  0.3399E-10
 4  4096  17  16384  0.3402E-10
 4  4096  17  16384  0.3390E-10
 4  4096  17  16384  0.3402E-10
 4  4096  17  16384  0.3378E-10
 4  4096  17  16384  0.3382E-10
 4  4096  17  16384  0.3392E-10
 4  4096  17  16384  0.3390E-10
 4  4096  17  16384  0.3414E-10
 4  4096  18  16384  0.3255E-10
 4  4096  18  16384  0.3268E-10
 4  4096  18  16384  0.3272E-10
 4  4096  18  16384  0.3283E-10
 4  4096  18  16384  0.3270E-10
 4  4096  18  16384  0.3265E-10
 4  4096  18  16384  0.3269E-10
 4  4096  18  16384  0.3255E-10
 4  4096  18  16384  0.3258E-10
 4  4096  18  16384  0.3263E-10
 4  4096  19  16384  0.3230E-10
 4  4096  19  16384  0.3222E-10
 4  4096  19  16384  0.3220E-10
 4  4096  19  16384  0.3217E-10
 4  4096  19  16384  0.3236E-10
 4  4096  19  16384  0.3222E-10
 4  4096  19  16384  0.3217E-10
 4  4096  19  16384  0.3215E-10
 4  4096  19  16384  0.3200E-10
 4  4096  19  16384  0.3214E-10
 4  4096  20  16384  0.3112E-10
 4  4096  20  16384  0.3119E-10
 4  4096  20  16384  0.3116E-10
 4  4096  20  16384  0.3107E-10
 4  4096  20  16384  0.3107E-10
 4  4096  20  16384  0.3094E-10
 4  4096  20  16384  0.3116E-10
 4  4096  20  16384  0.3108E-10
 4  4096  20  16384  0.3108E-10
 4  4096  20  16384  0.3104E-10
