 4  2048  3  8192  0.1970E-08
 4  2048  3  8192  0.1966E-08
 4  2048  3  8192  0.1949E-08
 4  2048  3  8192  0.1962E-08
 4  2048  3  8192  0.1926E-08
 4  2048  4  8192  0.9231E-09
 4  2048  4  8192  0.9168E-09
 4  2048  4  8192  0.9446E-09
 4  2048  4  8192  0.9356E-09
 4  2048  4  8192  0.9428E-09
 4  2048  5  8192  0.6149E-09
 4  2048  5  8192  0.6060E-09
 4  2048  5  8192  0.5940E-09
 4  2048  5  8192  0.5520E-09
 4  2048  5  8192  0.5264E-09
 4  2048  6  8192  0.4437E-09
 4  2048  6  8192  0.4082E-09
 4  2048  6  8192  0.4071E-09
 4  2048  6  8192  0.4058E-09
 4  2048  6  8192  0.4129E-09
 4  2048  7  8192  0.3251E-09
 4  2048  7  8192  0.3129E-09
 4  2048  7  8192  0.3096E-09
 4  2048  7  8192  0.3060E-09
 4  2048  7  8192  0.3070E-09
 4  2048  8  8192  0.2489E-09
 4  2048  8  8192  0.2515E-09
 4  2048  8  8192  0.2557E-09
 4  2048  8  8192  0.2501E-09
 4  2048  8  8192  0.2498E-09
 4  2048  9  8192  0.2090E-09
 4  2048  9  8192  0.2080E-09
 4  2048  9  8192  0.2097E-09
 4  2048  9  8192  0.2103E-09
 4  2048  9  8192  0.2075E-09
 4  2048  10  8192  0.1751E-09
 4  2048  10  8192  0.1736E-09
 4  2048  10  8192  0.1737E-09
 4  2048  10  8192  0.1744E-09
 4  2048  10  8192  0.1741E-09
 4  2048  11  8192  0.1478E-09
 4  2048  11  8192  0.1476E-09
 4  2048  11  8192  0.1469E-09
 4  2048  11  8192  0.1468E-09
 4  2048  11  8192  0.1465E-09
 4  2048  12  8192  0.1249E-09
 4  2048  12  8192  0.1250E-09
 4  2048  12  8192  0.1260E-09
 4  2048  12  8192  0.1244E-09
 4  2048  12  8192  0.1247E-09
 4  2048  13  8192  0.1113E-09
 4  2048  13  8192  0.1112E-09
 4  2048  13  8192  0.1110E-09
 4  2048  13  8192  0.1111E-09
 4  2048  13  8192  0.1108E-09
 4  2048  15  8192  0.9172E-10
 4  2048  15  8192  0.9208E-10
 4  2048  15  8192  0.9261E-10
 4  2048  15  8192  0.9208E-10
 4  2048  15  8192  0.9229E-10
 4  2048  16  8192  0.8908E-10
 4  2048  16  8192  0.8931E-10
 4  2048  16  8192  0.8879E-10
 4  2048  16  8192  0.8858E-10
 4  2048  16  8192  0.8883E-10
 4  2048  17  8192  0.8733E-10
 4  2048  17  8192  0.8737E-10
 4  2048  17  8192  0.8742E-10
 4  2048  17  8192  0.8744E-10
 4  2048  17  8192  0.8690E-10
 4  2048  18  8192  0.8177E-10
 4  2048  18  8192  0.8198E-10
 4  2048  18  8192  0.8237E-10
 4  2048  18  8192  0.8136E-10
 4  2048  18  8192  0.8170E-10
 4  2048  20  8192  0.7993E-10
 4  2048  20  8192  0.8003E-10
 4  2048  20  8192  0.8000E-10
 4  2048  20  8192  0.7998E-10
 4  2048  20  8192  0.8122E-10
