 4  64  3  256  0.5198E-07
 4  64  3  256  0.2494E-07
 4  64  3  256  0.2277E-07
 4  64  3  256  0.2363E-07
 4  64  3  256  0.2271E-07
 4  64  3  256  0.2237E-07
 4  64  3  256  0.2223E-07
 4  64  3  256  0.2204E-07
 4  64  3  256  0.2103E-07
 4  64  3  256  0.2112E-07
 4  64  4  256  0.1676E-07
 4  64  4  256  0.1088E-07
 4  64  4  256  0.1038E-07
 4  64  4  256  0.9890E-08
 4  64  4  256  0.9687E-08
 4  64  4  256  0.1020E-07
 4  64  4  256  0.9764E-08
 4  64  4  256  0.1076E-07
 4  64  4  256  0.1025E-07
 4  64  4  256  0.9706E-08
 4  64  5  256  0.1579E-07
 4  64  5  256  0.6969E-08
 4  64  5  256  0.7416E-08
 4  64  5  256  0.6688E-08
 4  64  5  256  0.6939E-08
 4  64  5  256  0.6730E-08
 4  64  5  256  0.6574E-08
 4  64  5  256  0.5006E-08
 4  64  5  256  0.6864E-08
 4  64  5  256  0.7011E-08
 4  64  6  256  0.2141E-08
 4  64  6  256  0.2061E-08
 4  64  6  256  0.2063E-08
 4  64  6  256  0.2083E-08
 4  64  6  256  0.2073E-08
 4  64  6  256  0.2061E-08
 4  64  6  256  0.2062E-08
 4  64  6  256  0.2042E-08
 4  64  6  256  0.2051E-08
 4  64  6  256  0.2043E-08
 4  64  7  256  0.2050E-08
 4  64  7  256  0.1977E-08
 4  64  7  256  0.1963E-08
 4  64  7  256  0.1966E-08
 4  64  7  256  0.1979E-08
 4  64  7  256  0.1965E-08
 4  64  7  256  0.1997E-08
 4  64  7  256  0.1989E-08
 4  64  7  256  0.1972E-08
 4  64  7  256  0.1963E-08
 4  64  8  256  0.1871E-08
 4  64  8  256  0.1830E-08
 4  64  8  256  0.1817E-08
 4  64  8  256  0.1816E-08
 4  64  8  256  0.1827E-08
 4  64  8  256  0.1836E-08
 4  64  8  256  0.1814E-08
 4  64  8  256  0.1818E-08
 4  64  8  256  0.1816E-08
 4  64  8  256  0.1818E-08
 4  64  9  256  0.1884E-08
 4  64  9  256  0.1856E-08
 4  64  9  256  0.1864E-08
 4  64  9  256  0.1854E-08
 4  64  9  256  0.1847E-08
 4  64  9  256  0.1860E-08
 4  64  9  256  0.1858E-08
 4  64  9  256  0.1852E-08
 4  64  9  256  0.1855E-08
 4  64  9  256  0.1860E-08
 4  64  9  256  0.1886E-08
 4  64  9  256  0.1857E-08
 4  64  9  256  0.1866E-08
 4  64  9  256  0.1864E-08
 4  64  9  256  0.1856E-08
 4  64  9  256  0.1867E-08
 4  64  9  256  0.1875E-08
 4  64  9  256  0.1856E-08
 4  64  9  256  0.1858E-08
 4  64  9  256  0.1863E-08
 4  64  10  256  0.1632E-08
 4  64  10  256  0.1620E-08
 4  64  10  256  0.1608E-08
 4  64  10  256  0.1606E-08
 4  64  10  256  0.1609E-08
 4  64  10  256  0.1612E-08
 4  64  10  256  0.1607E-08
 4  64  10  256  0.1611E-08
 4  64  10  256  0.1612E-08
 4  64  10  256  0.1617E-08
 4  64  11  256  0.1544E-08
 4  64  11  256  0.1530E-08
 4  64  11  256  0.1529E-08
 4  64  11  256  0.1528E-08
 4  64  11  256  0.1533E-08
 4  64  11  256  0.1530E-08
 4  64  11  256  0.1535E-08
 4  64  11  256  0.1531E-08
 4  64  11  256  0.1528E-08
 4  64  11  256  0.1525E-08
 4  64  12  256  0.1356E-08
 4  64  12  256  0.1352E-08
 4  64  12  256  0.1353E-08
 4  64  12  256  0.1353E-08
 4  64  12  256  0.1352E-08
 4  64  12  256  0.1351E-08
 4  64  12  256  0.1355E-08
 4  64  12  256  0.1353E-08
 4  64  12  256  0.1349E-08
 4  64  12  256  0.1353E-08
 4  64  13  256  0.1353E-08
 4  64  13  256  0.1350E-08
 4  64  13  256  0.1350E-08
 4  64  13  256  0.1351E-08
 4  64  13  256  0.1345E-08
 4  64  13  256  0.1349E-08
 4  64  13  256  0.1351E-08
 4  64  13  256  0.1349E-08
 4  64  13  256  0.1384E-08
 4  64  13  256  0.1346E-08
 4  64  14  256  0.1234E-08
 4  64  14  256  0.1225E-08
 4  64  14  256  0.1226E-08
 4  64  14  256  0.1226E-08
 4  64  14  256  0.1226E-08
 4  64  14  256  0.1228E-08
 4  64  14  256  0.1226E-08
 4  64  14  256  0.1227E-08
 4  64  14  256  0.1224E-08
 4  64  14  256  0.1225E-08
 4  64  15  256  0.1294E-08
 4  64  15  256  0.1291E-08
 4  64  15  256  0.1291E-08
 4  64  15  256  0.1289E-08
 4  64  15  256  0.1288E-08
 4  64  15  256  0.1292E-08
 4  64  15  256  0.1289E-08
 4  64  15  256  0.1290E-08
 4  64  15  256  0.1291E-08
 4  64  15  256  0.1290E-08
 4  64  16  256  0.1237E-08
 4  64  16  256  0.1232E-08
 4  64  16  256  0.1234E-08
 4  64  16  256  0.1234E-08
 4  64  16  256  0.1233E-08
 4  64  16  256  0.1235E-08
 4  64  16  256  0.1234E-08
 4  64  16  256  0.1233E-08
 4  64  16  256  0.1234E-08
 4  64  16  256  0.1234E-08
 4  64  17  256  0.1454E-08
 4  64  17  256  0.1454E-08
 4  64  17  256  0.1453E-08
 4  64  17  256  0.1453E-08
 4  64  17  256  0.1453E-08
 4  64  17  256  0.1454E-08
 4  64  17  256  0.1452E-08
 4  64  17  256  0.1452E-08
 4  64  17  256  0.1453E-08
 4  64  17  256  0.1453E-08
 4  64  18  256  0.1416E-08
 4  64  18  256  0.1415E-08
 4  64  18  256  0.1414E-08
 4  64  18  256  0.1414E-08
 4  64  18  256  0.1414E-08
 4  64  18  256  0.1414E-08
 4  64  18  256  0.1414E-08
 4  64  18  256  0.1415E-08
 4  64  18  256  0.1416E-08
 4  64  18  256  0.1414E-08
 4  64  19  256  0.1497E-08
 4  64  19  256  0.1496E-08
 4  64  19  256  0.1496E-08
 4  64  19  256  0.1495E-08
 4  64  19  256  0.1495E-08
 4  64  19  256  0.1494E-08
 4  64  19  256  0.1496E-08
 4  64  19  256  0.1496E-08
 4  64  19  256  0.1496E-08
 4  64  19  256  0.1496E-08
 4  64  20  256  0.1449E-08
 4  64  20  256  0.1449E-08
 4  64  20  256  0.1448E-08
 4  64  20  256  0.1447E-08
 4  64  20  256  0.1449E-08
 4  64  20  256  0.1448E-08
 4  64  20  256  0.1447E-08
 4  64  20  256  0.1447E-08
 4  64  20  256  0.1464E-08
 4  64  20  256  0.1447E-08
