 4  4096  3  16384  0.7201E-09
 4  4096  3  16384  0.7023E-09
 4  4096  3  16384  0.6781E-09
 4  4096  3  16384  0.7101E-09
 4  4096  3  16384  0.7122E-09
 4  4096  3  16384  0.6788E-09
 4  4096  3  16384  0.6805E-09
 4  4096  3  16384  0.7079E-09
 4  4096  3  16384  0.6613E-09
 4  4096  3  16384  0.6527E-09
 4  4096  4  16384  0.3561E-09
 4  4096  4  16384  0.3344E-09
 4  4096  4  16384  0.3349E-09
 4  4096  4  16384  0.3277E-09
 4  4096  4  16384  0.3330E-09
 4  4096  4  16384  0.3210E-09
 4  4096  4  16384  0.3174E-09
 4  4096  4  16384  0.3193E-09
 4  4096  4  16384  0.3202E-09
 4  4096  4  16384  0.3231E-09
 4  4096  5  16384  0.2071E-09
 4  4096  5  16384  0.2015E-09
 4  4096  5  16384  0.1972E-09
 4  4096  5  16384  0.1971E-09
 4  4096  5  16384  0.1905E-09
 4  4096  5  16384  0.1883E-09
 4  4096  5  16384  0.1876E-09
 4  4096  5  16384  0.1833E-09
 4  4096  5  16384  0.1890E-09
 4  4096  5  16384  0.1915E-09
 4  4096  6  16384  0.1328E-09
 4  4096  6  16384  0.1304E-09
 4  4096  6  16384  0.1291E-09
 4  4096  6  16384  0.1299E-09
 4  4096  6  16384  0.1275E-09
 4  4096  6  16384  0.1230E-09
 4  4096  6  16384  0.1232E-09
 4  4096  6  16384  0.1238E-09
 4  4096  6  16384  0.1296E-09
 4  4096  6  16384  0.1288E-09
 4  4096  7  16384  0.9793E-10
 4  4096  7  16384  0.9695E-10
 4  4096  7  16384  0.9968E-10
 4  4096  7  16384  0.1023E-09
 4  4096  7  16384  0.9784E-10
 4  4096  7  16384  0.9650E-10
 4  4096  7  16384  0.9393E-10
 4  4096  7  16384  0.9678E-10
 4  4096  7  16384  0.9974E-10
 4  4096  7  16384  0.1033E-09
 4  4096  8  16384  0.7820E-10
 4  4096  8  16384  0.7756E-10
 4  4096  8  16384  0.7800E-10
 4  4096  8  16384  0.7562E-10
 4  4096  8  16384  0.7387E-10
 4  4096  8  16384  0.7468E-10
 4  4096  8  16384  0.7763E-10
 4  4096  8  16384  0.7772E-10
 4  4096  8  16384  0.7589E-10
 4  4096  8  16384  0.7376E-10
 4  4096  9  16384  0.6415E-10
 4  4096  9  16384  0.6520E-10
 4  4096  9  16384  0.6560E-10
 4  4096  9  16384  0.6469E-10
 4  4096  9  16384  0.6318E-10
 4  4096  9  16384  0.6285E-10
 4  4096  9  16384  0.6530E-10
 4  4096  9  16384  0.6558E-10
 4  4096  9  16384  0.6315E-10
 4  4096  9  16384  0.6265E-10
 4  4096  10  16384  0.5417E-10
 4  4096  10  16384  0.5419E-10
 4  4096  10  16384  0.5513E-10
 4  4096  10  16384  0.5426E-10
 4  4096  10  16384  0.5308E-10
 4  4096  10  16384  0.5394E-10
 4  4096  10  16384  0.5471E-10
 4  4096  10  16384  0.5453E-10
 4  4096  10  16384  0.5341E-10
 4  4096  10  16384  0.5434E-10
 4  4096  11  16384  0.4938E-10
 4  4096  11  16384  0.4879E-10
 4  4096  11  16384  0.4736E-10
 4  4096  11  16384  0.4825E-10
 4  4096  11  16384  0.4897E-10
 4  4096  11  16384  0.4770E-10
 4  4096  11  16384  0.4821E-10
 4  4096  11  16384  0.4898E-10
 4  4096  11  16384  0.4755E-10
 4  4096  11  16384  0.4810E-10
 4  4096  11  16384  0.4881E-10
 4  4096  11  16384  0.4812E-10
 4  4096  11  16384  0.4804E-10
 4  4096  11  16384  0.4812E-10
 4  4096  11  16384  0.4776E-10
 4  4096  11  16384  0.4863E-10
 4  4096  11  16384  0.4855E-10
 4  4096  11  16384  0.5434E-10
 4  4096  11  16384  0.5499E-10
 4  4096  11  16384  0.4798E-10
 4  4096  12  16384  0.4088E-10
 4  4096  12  16384  0.4040E-10
 4  4096  12  16384  0.4119E-10
 4  4096  12  16384  0.3997E-10
 4  4096  12  16384  0.4088E-10
 4  4096  12  16384  0.4145E-10
 4  4096  12  16384  0.3986E-10
 4  4096  12  16384  0.4110E-10
 4  4096  12  16384  0.4091E-10
 4  4096  12  16384  0.3963E-10
 4  4096  13  16384  0.3749E-10
 4  4096  13  16384  0.3746E-10
 4  4096  13  16384  0.3705E-10
 4  4096  13  16384  0.3713E-10
 4  4096  13  16384  0.3719E-10
 4  4096  13  16384  0.3676E-10
 4  4096  13  16384  0.3743E-10
 4  4096  13  16384  0.3696E-10
 4  4096  13  16384  0.3716E-10
 4  4096  13  16384  0.3712E-10
 4  4096  14  16384  0.3361E-10
 4  4096  14  16384  0.3268E-10
 4  4096  14  16384  0.3326E-10
 4  4096  14  16384  0.3264E-10
 4  4096  14  16384  0.3347E-10
 4  4096  14  16384  0.3281E-10
 4  4096  14  16384  0.3317E-10
 4  4096  14  16384  0.3290E-10
 4  4096  14  16384  0.3318E-10
 4  4096  14  16384  0.3320E-10
 4  4096  15  16384  0.3254E-10
 4  4096  15  16384  0.3185E-10
 4  4096  15  16384  0.3203E-10
 4  4096  15  16384  0.3162E-10
 4  4096  15  16384  0.3217E-10
 4  4096  15  16384  0.3153E-10
 4  4096  15  16384  0.3220E-10
 4  4096  15  16384  0.3151E-10
 4  4096  15  16384  0.3201E-10
 4  4096  15  16384  0.3151E-10
 4  4096  16  16384  0.3038E-10
 4  4096  16  16384  0.2988E-10
 4  4096  16  16384  0.2987E-10
 4  4096  16  16384  0.2995E-10
 4  4096  16  16384  0.3002E-10
 4  4096  16  16384  0.3011E-10
 4  4096  16  16384  0.2997E-10
 4  4096  16  16384  0.2999E-10
 4  4096  16  16384  0.2996E-10
 4  4096  16  16384  0.2981E-10
 4  4096  17  16384  0.3152E-10
 4  4096  17  16384  0.3135E-10
 4  4096  17  16384  0.3131E-10
 4  4096  17  16384  0.3114E-10
 4  4096  17  16384  0.3085E-10
 4  4096  17  16384  0.3119E-10
 4  4096  17  16384  0.3124E-10
 4  4096  17  16384  0.3135E-10
 4  4096  17  16384  0.3100E-10
 4  4096  17  16384  0.3125E-10
 4  4096  18  16384  0.3089E-10
 4  4096  18  16384  0.3052E-10
 4  4096  18  16384  0.3059E-10
 4  4096  18  16384  0.3033E-10
 4  4096  18  16384  0.3049E-10
 4  4096  18  16384  0.3044E-10
 4  4096  18  16384  0.3038E-10
 4  4096  18  16384  0.3061E-10
 4  4096  18  16384  0.3054E-10
 4  4096  18  16384  0.3054E-10
 4  4096  19  16384  0.3101E-10
 4  4096  19  16384  0.3063E-10
 4  4096  19  16384  0.3069E-10
 4  4096  19  16384  0.3064E-10
 4  4096  19  16384  0.3064E-10
 4  4096  19  16384  0.3069E-10
 4  4096  19  16384  0.3068E-10
 4  4096  19  16384  0.3056E-10
 4  4096  19  16384  0.3072E-10
 4  4096  19  16384  0.3076E-10
 4  4096  20  16384  0.2960E-10
 4  4096  20  16384  0.2953E-10
 4  4096  20  16384  0.2953E-10
 4  4096  20  16384  0.2950E-10
 4  4096  20  16384  0.2949E-10
 4  4096  20  16384  0.2963E-10
 4  4096  20  16384  0.2954E-10
 4  4096  20  16384  0.2956E-10
 4  4096  20  16384  0.2943E-10
 4  4096  20  16384  0.2957E-10
