 4  16  3  64  0.5689E-07
 4  16  3  64  0.3647E-07
 4  16  3  64  0.4070E-07
 4  16  3  64  0.3495E-07
 4  16  3  64  0.3836E-07
 4  16  3  64  0.3739E-07
 4  16  3  64  0.3817E-07
 4  16  3  64  0.3914E-07
 4  16  3  64  0.6365E-07
 4  16  3  64  0.3624E-07
 4  16  4  64  0.2627E-07
 4  16  4  64  0.2255E-07
 4  16  4  64  0.2189E-07
 4  16  4  64  0.2115E-07
 4  16  4  64  0.2068E-07
 4  16  4  64  0.2117E-07
 4  16  4  64  0.2099E-07
 4  16  4  64  0.2051E-07
 4  16  4  64  0.2367E-07
 4  16  4  64  0.2173E-07
 4  16  5  64  0.2638E-07
 4  16  5  64  0.1388E-07
 4  16  5  64  0.1329E-07
 4  16  5  64  0.1417E-07
 4  16  5  64  0.1650E-07
 4  16  5  64  0.1487E-07
 4  16  5  64  0.1337E-07
 4  16  5  64  0.1287E-07
 4  16  5  64  0.1304E-07
 4  16  5  64  0.1246E-07
 4  16  6  64  0.1941E-07
 4  16  6  64  0.1078E-07
 4  16  6  64  0.1056E-07
 4  16  6  64  0.1059E-07
 4  16  6  64  0.1059E-07
 4  16  6  64  0.1025E-07
 4  16  6  64  0.1042E-07
 4  16  6  64  0.1112E-07
 4  16  6  64  0.1064E-07
 4  16  6  64  0.1018E-07
 4  16  7  64  0.1552E-07
 4  16  7  64  0.1119E-07
 4  16  7  64  0.9930E-08
 4  16  7  64  0.9945E-08
 4  16  7  64  0.9916E-08
 4  16  7  64  0.9836E-08
 4  16  7  64  0.1060E-07
 4  16  7  64  0.1072E-07
 4  16  7  64  0.9793E-08
 4  16  7  64  0.9811E-08
 4  16  8  64  0.1336E-07
 4  16  8  64  0.8088E-08
 4  16  8  64  0.8738E-08
 4  16  8  64  0.8149E-08
 4  16  8  64  0.8118E-08
 4  16  8  64  0.8382E-08
 4  16  8  64  0.8697E-08
 4  16  8  64  0.8045E-08
 4  16  8  64  0.8127E-08
 4  16  8  64  0.7987E-08
 4  16  9  64  0.4491E-08
 4  16  9  64  0.4417E-08
 4  16  9  64  0.4412E-08
 4  16  9  64  0.4420E-08
 4  16  9  64  0.4429E-08
 4  16  9  64  0.4413E-08
 4  16  9  64  0.4414E-08
 4  16  9  64  0.4452E-08
 4  16  9  64  0.4422E-08
 4  16  9  64  0.4424E-08
 4  16  10  64  0.4488E-08
 4  16  10  64  0.4437E-08
 4  16  10  64  0.4427E-08
 4  16  10  64  0.4431E-08
 4  16  10  64  0.4442E-08
 4  16  10  64  0.4441E-08
 4  16  10  64  0.4433E-08
 4  16  10  64  0.4450E-08
 4  16  10  64  0.4451E-08
 4  16  10  64  0.4438E-08
 4  16  11  64  0.4510E-08
 4  16  11  64  0.4489E-08
 4  16  11  64  0.4489E-08
 4  16  11  64  0.4502E-08
 4  16  11  64  0.4489E-08
 4  16  11  64  0.4490E-08
 4  16  11  64  0.4520E-08
 4  16  11  64  0.4484E-08
 4  16  11  64  0.4493E-08
 4  16  11  64  0.4487E-08
 4  16  12  64  0.4102E-08
 4  16  12  64  0.4096E-08
 4  16  12  64  0.4088E-08
 4  16  12  64  0.4092E-08
 4  16  12  64  0.4094E-08
 4  16  12  64  0.4091E-08
 4  16  12  64  0.4101E-08
 4  16  12  64  0.4090E-08
 4  16  12  64  0.4088E-08
 4  16  12  64  0.4095E-08
 4  16  13  64  0.4217E-08
 4  16  13  64  0.4201E-08
 4  16  13  64  0.4202E-08
 4  16  13  64  0.4204E-08
 4  16  13  64  0.4205E-08
 4  16  13  64  0.4210E-08
 4  16  13  64  0.4213E-08
 4  16  13  64  0.4202E-08
 4  16  13  64  0.4202E-08
 4  16  13  64  0.4206E-08
 4  16  14  64  0.3994E-08
 4  16  14  64  0.3976E-08
 4  16  14  64  0.3982E-08
 4  16  14  64  0.3973E-08
 4  16  14  64  0.3980E-08
 4  16  14  64  0.3986E-08
 4  16  14  64  0.3975E-08
 4  16  14  64  0.3979E-08
 4  16  14  64  0.3982E-08
 4  16  14  64  0.3989E-08
 4  16  15  64  0.4391E-08
 4  16  15  64  0.4385E-08
 4  16  15  64  0.4381E-08
 4  16  15  64  0.4384E-08
 4  16  15  64  0.4386E-08
 4  16  15  64  0.4394E-08
 4  16  15  64  0.4382E-08
 4  16  15  64  0.4381E-08
 4  16  15  64  0.4384E-08
 4  16  15  64  0.4382E-08
 4  16  16  64  0.4273E-08
 4  16  16  64  0.4267E-08
 4  16  16  64  0.4269E-08
 4  16  16  64  0.4266E-08
 4  16  16  64  0.4276E-08
 4  16  16  64  0.4269E-08
 4  16  16  64  0.4267E-08
 4  16  16  64  0.4268E-08
 4  16  16  64  0.4271E-08
 4  16  16  64  0.4275E-08
 4  16  17  64  0.5189E-08
 4  16  17  64  0.5183E-08
 4  16  17  64  0.5181E-08
 4  16  17  64  0.5195E-08
 4  16  17  64  0.5190E-08
 4  16  17  64  0.5180E-08
 4  16  17  64  0.5182E-08
 4  16  17  64  0.5184E-08
 4  16  17  64  0.5184E-08
 4  16  17  64  0.5182E-08
 4  16  18  64  0.5094E-08
 4  16  18  64  0.5084E-08
 4  16  18  64  0.5082E-08
 4  16  18  64  0.5079E-08
 4  16  18  64  0.5086E-08
 4  16  18  64  0.5078E-08
 4  16  18  64  0.5078E-08
 4  16  18  64  0.5079E-08
 4  16  18  64  0.5081E-08
 4  16  18  64  0.5083E-08
 4  16  19  64  0.5442E-08
 4  16  19  64  0.5432E-08
 4  16  19  64  0.5431E-08
 4  16  19  64  0.5432E-08
 4  16  19  64  0.5433E-08
 4  16  19  64  0.5431E-08
 4  16  19  64  0.5432E-08
 4  16  19  64  0.5429E-08
 4  16  19  64  0.5433E-08
 4  16  19  64  0.5432E-08
 4  16  20  64  0.5317E-08
 4  16  20  64  0.5310E-08
 4  16  20  64  0.5311E-08
 4  16  20  64  0.5313E-08
 4  16  20  64  0.5306E-08
 4  16  20  64  0.5308E-08
 4  16  20  64  0.5307E-08
 4  16  20  64  0.5309E-08
 4  16  20  64  0.5309E-08
 4  16  20  64  0.5307E-08
