 4  64  3  256  0.5468E-07
 4  64  3  256  0.2595E-07
 4  64  3  256  0.2122E-07
 4  64  3  256  0.2050E-07
 4  64  3  256  0.2663E-07
 4  64  3  256  0.2011E-07
 4  64  3  256  0.1963E-07
 4  64  3  256  0.1958E-07
 4  64  3  256  0.1987E-07
 4  64  3  256  0.1905E-07
 4  64  4  256  0.3247E-07
 4  64  4  256  0.1027E-07
 4  64  4  256  0.9968E-08
 4  64  4  256  0.9662E-08
 4  64  4  256  0.9580E-08
 4  64  4  256  0.1025E-07
 4  64  4  256  0.9357E-08
 4  64  4  256  0.8930E-08
 4  64  4  256  0.8765E-08
 4  64  4  256  0.8751E-08
 4  64  5  256  0.1755E-07
 4  64  5  256  0.6271E-08
 4  64  5  256  0.6092E-08
 4  64  5  256  0.6927E-08
 4  64  5  256  0.5978E-08
 4  64  5  256  0.6167E-08
 4  64  5  256  0.5948E-08
 4  64  5  256  0.6127E-08
 4  64  5  256  0.6127E-08
 4  64  5  256  0.5960E-08
 4  64  6  256  0.1435E-08
 4  64  6  256  0.1353E-08
 4  64  6  256  0.1338E-08
 4  64  6  256  0.1335E-08
 4  64  6  256  0.1321E-08
 4  64  6  256  0.1320E-08
 4  64  6  256  0.1326E-08
 4  64  6  256  0.1327E-08
 4  64  6  256  0.1330E-08
 4  64  6  256  0.1329E-08
 4  64  7  256  0.1203E-08
 4  64  7  256  0.1164E-08
 4  64  7  256  0.1169E-08
 4  64  7  256  0.1176E-08
 4  64  7  256  0.1168E-08
 4  64  7  256  0.1172E-08
 4  64  7  256  0.1180E-08
 4  64  7  256  0.1162E-08
 4  64  7  256  0.1163E-08
 4  64  7  256  0.1164E-08
 4  64  8  256  0.1116E-08
 4  64  8  256  0.1076E-08
 4  64  8  256  0.1083E-08
 4  64  8  256  0.1084E-08
 4  64  8  256  0.1075E-08
 4  64  8  256  0.1072E-08
 4  64  8  256  0.1077E-08
 4  64  8  256  0.1072E-08
 4  64  8  256  0.1071E-08
 4  64  8  256  0.1071E-08
 4  64  9  256  0.1355E-08
 4  64  9  256  0.1306E-08
 4  64  9  256  0.1311E-08
 4  64  9  256  0.1311E-08
 4  64  9  256  0.1311E-08
 4  64  9  256  0.1316E-08
 4  64  9  256  0.1311E-08
 4  64  9  256  0.1308E-08
 4  64  9  256  0.1305E-08
 4  64  9  256  0.1310E-08
 4  64  9  256  0.1371E-08
 4  64  9  256  0.1326E-08
 4  64  9  256  0.1323E-08
 4  64  9  256  0.1321E-08
 4  64  9  256  0.1336E-08
 4  64  9  256  0.1340E-08
 4  64  9  256  0.1322E-08
 4  64  9  256  0.1321E-08
 4  64  9  256  0.1325E-08
 4  64  9  256  0.1323E-08
 4  64  10  256  0.1342E-08
 4  64  10  256  0.1314E-08
 4  64  10  256  0.1319E-08
 4  64  10  256  0.1316E-08
 4  64  10  256  0.1315E-08
 4  64  10  256  0.1316E-08
 4  64  10  256  0.1310E-08
 4  64  10  256  0.1312E-08
 4  64  10  256  0.1311E-08
 4  64  10  256  0.1313E-08
 4  64  11  256  0.1313E-08
 4  64  11  256  0.1302E-08
 4  64  11  256  0.1294E-08
 4  64  11  256  0.1299E-08
 4  64  11  256  0.1298E-08
 4  64  11  256  0.1291E-08
 4  64  11  256  0.1297E-08
 4  64  11  256  0.1297E-08
 4  64  11  256  0.1301E-08
 4  64  11  256  0.1303E-08
 4  64  12  256  0.1172E-08
 4  64  12  256  0.1158E-08
 4  64  12  256  0.1156E-08
 4  64  12  256  0.1156E-08
 4  64  12  256  0.1159E-08
 4  64  12  256  0.1155E-08
 4  64  12  256  0.1162E-08
 4  64  12  256  0.1158E-08
 4  64  12  256  0.1158E-08
 4  64  12  256  0.1155E-08
 4  64  13  256  0.1199E-08
 4  64  13  256  0.1186E-08
 4  64  13  256  0.1189E-08
 4  64  13  256  0.1191E-08
 4  64  13  256  0.1189E-08
 4  64  13  256  0.1186E-08
 4  64  13  256  0.1190E-08
 4  64  13  256  0.1189E-08
 4  64  13  256  0.1192E-08
 4  64  13  256  0.1191E-08
 4  64  14  256  0.1100E-08
 4  64  14  256  0.1089E-08
 4  64  14  256  0.1088E-08
 4  64  14  256  0.1087E-08
 4  64  14  256  0.1088E-08
 4  64  14  256  0.1087E-08
 4  64  14  256  0.1089E-08
 4  64  14  256  0.1088E-08
 4  64  14  256  0.1088E-08
 4  64  14  256  0.1090E-08
 4  64  15  256  0.1171E-08
 4  64  15  256  0.1164E-08
 4  64  15  256  0.1166E-08
 4  64  15  256  0.1165E-08
 4  64  15  256  0.1164E-08
 4  64  15  256  0.1164E-08
 4  64  15  256  0.1164E-08
 4  64  15  256  0.1165E-08
 4  64  15  256  0.1164E-08
 4  64  15  256  0.1163E-08
 4  64  16  256  0.1133E-08
 4  64  16  256  0.1127E-08
 4  64  16  256  0.1128E-08
 4  64  16  256  0.1128E-08
 4  64  16  256  0.1126E-08
 4  64  16  256  0.1128E-08
 4  64  16  256  0.1127E-08
 4  64  16  256  0.1127E-08
 4  64  16  256  0.1128E-08
 4  64  16  256  0.1127E-08
 4  64  17  256  0.1345E-08
 4  64  17  256  0.1342E-08
 4  64  17  256  0.1341E-08
 4  64  17  256  0.1340E-08
 4  64  17  256  0.1340E-08
 4  64  17  256  0.1343E-08
 4  64  17  256  0.1340E-08
 4  64  17  256  0.1340E-08
 4  64  17  256  0.1366E-08
 4  64  17  256  0.1340E-08
 4  64  18  256  0.1318E-08
 4  64  18  256  0.1315E-08
 4  64  18  256  0.1315E-08
 4  64  18  256  0.1314E-08
 4  64  18  256  0.1315E-08
 4  64  18  256  0.1316E-08
 4  64  18  256  0.1314E-08
 4  64  18  256  0.1315E-08
 4  64  18  256  0.1315E-08
 4  64  18  256  0.1316E-08
 4  64  19  256  0.1408E-08
 4  64  19  256  0.1405E-08
 4  64  19  256  0.1404E-08
 4  64  19  256  0.1403E-08
 4  64  19  256  0.1403E-08
 4  64  19  256  0.1403E-08
 4  64  19  256  0.1403E-08
 4  64  19  256  0.1404E-08
 4  64  19  256  0.1403E-08
 4  64  19  256  0.1404E-08
 4  64  20  256  0.1364E-08
 4  64  20  256  0.1360E-08
 4  64  20  256  0.1360E-08
 4  64  20  256  0.1361E-08
 4  64  20  256  0.1363E-08
 4  64  20  256  0.1360E-08
 4  64  20  256  0.1360E-08
 4  64  20  256  0.1377E-08
 4  64  20  256  0.1361E-08
 4  64  20  256  0.1361E-08
