 8  32  3  256  0.4991E-07
 8  32  3  256  0.1472E-07
 8  32  3  256  0.1239E-07
 8  32  3  256  0.1172E-07
 8  32  3  256  0.1288E-07
 8  32  3  256  0.1196E-07
 8  32  3  256  0.1152E-07
 8  32  3  256  0.1147E-07
 8  32  3  256  0.1138E-07
 8  32  3  256  0.1123E-07
 8  32  4  256  0.1180E-07
 8  32  4  256  0.8280E-08
 8  32  4  256  0.9071E-08
 8  32  4  256  0.8319E-08
 8  32  4  256  0.8299E-08
 8  32  4  256  0.7994E-08
 8  32  4  256  0.7814E-08
 8  32  4  256  0.7853E-08
 8  32  4  256  0.7931E-08
 8  32  4  256  0.7693E-08
 8  32  5  256  0.1536E-07
 8  32  5  256  0.7334E-08
 8  32  5  256  0.6353E-08
 8  32  5  256  0.6261E-08
 8  32  5  256  0.5980E-08
 8  32  5  256  0.4318E-08
 8  32  5  256  0.5948E-08
 8  32  5  256  0.5886E-08
 8  32  5  256  0.5958E-08
 8  32  5  256  0.5896E-08
 8  32  6  256  0.2546E-08
 8  32  6  256  0.2463E-08
 8  32  6  256  0.2460E-08
 8  32  6  256  0.2456E-08
 8  32  6  256  0.2465E-08
 8  32  6  256  0.2459E-08
 8  32  6  256  0.2467E-08
 8  32  6  256  0.2455E-08
 8  32  6  256  0.2465E-08
 8  32  6  256  0.2455E-08
 8  32  7  256  0.2324E-08
 8  32  7  256  0.2283E-08
 8  32  7  256  0.2280E-08
 8  32  7  256  0.2282E-08
 8  32  7  256  0.2281E-08
 8  32  7  256  0.2309E-08
 8  32  7  256  0.2280E-08
 8  32  7  256  0.2281E-08
 8  32  7  256  0.2279E-08
 8  32  7  256  0.2283E-08
 8  32  8  256  0.1967E-08
 8  32  8  256  0.1926E-08
 8  32  8  256  0.1927E-08
 8  32  8  256  0.1935E-08
 8  32  8  256  0.1925E-08
 8  32  8  256  0.1925E-08
 8  32  8  256  0.1922E-08
 8  32  8  256  0.1929E-08
 8  32  8  256  0.1924E-08
 8  32  8  256  0.1926E-08
 8  32  9  256  0.2178E-08
 8  32  9  256  0.2171E-08
 8  32  9  256  0.2156E-08
 8  32  9  256  0.2154E-08
 8  32  9  256  0.2156E-08
 8  32  9  256  0.2173E-08
 8  32  9  256  0.2154E-08
 8  32  9  256  0.2159E-08
 8  32  9  256  0.2164E-08
 8  32  9  256  0.2157E-08
 8  32  10  256  0.2207E-08
 8  32  10  256  0.2185E-08
 8  32  10  256  0.2194E-08
 8  32  10  256  0.2189E-08
 8  32  10  256  0.2190E-08
 8  32  10  256  0.2184E-08
 8  32  10  256  0.2187E-08
 8  32  10  256  0.2186E-08
 8  32  10  256  0.2193E-08
 8  32  10  256  0.2195E-08
 8  32  11  256  0.2241E-08
 8  32  11  256  0.2232E-08
 8  32  11  256  0.2233E-08
 8  32  11  256  0.2231E-08
 8  32  11  256  0.2229E-08
 8  32  11  256  0.2231E-08
 8  32  11  256  0.2231E-08
 8  32  11  256  0.2229E-08
 8  32  11  256  0.2233E-08
 8  32  11  256  0.2234E-08
 8  32  12  256  0.2046E-08
 8  32  12  256  0.2044E-08
 8  32  12  256  0.2041E-08
 8  32  12  256  0.2041E-08
 8  32  12  256  0.2041E-08
 8  32  12  256  0.2041E-08
 8  32  12  256  0.2040E-08
 8  32  12  256  0.2040E-08
 8  32  12  256  0.2044E-08
 8  32  12  256  0.2038E-08
 8  32  13  256  0.2111E-08
 8  32  13  256  0.2106E-08
 8  32  13  256  0.2100E-08
 8  32  13  256  0.2102E-08
 8  32  13  256  0.2103E-08
 8  32  13  256  0.2103E-08
 8  32  13  256  0.2102E-08
 8  32  13  256  0.2102E-08
 8  32  13  256  0.2105E-08
 8  32  13  256  0.2106E-08
 8  32  14  256  0.2009E-08
 8  32  14  256  0.2008E-08
 8  32  14  256  0.2004E-08
 8  32  14  256  0.2003E-08
 8  32  14  256  0.2005E-08
 8  32  14  256  0.2002E-08
 8  32  14  256  0.2003E-08
 8  32  14  256  0.2003E-08
 8  32  14  256  0.2005E-08
 8  32  14  256  0.2004E-08
 8  32  15  256  0.2208E-08
 8  32  15  256  0.2203E-08
 8  32  15  256  0.2203E-08
 8  32  15  256  0.2200E-08
 8  32  15  256  0.2200E-08
 8  32  15  256  0.2204E-08
 8  32  15  256  0.2201E-08
 8  32  15  256  0.2201E-08
 8  32  15  256  0.2202E-08
 8  32  15  256  0.2203E-08
 8  32  16  256  0.2165E-08
 8  32  16  256  0.2160E-08
 8  32  16  256  0.2159E-08
 8  32  16  256  0.2160E-08
 8  32  16  256  0.2158E-08
 8  32  16  256  0.2161E-08
 8  32  16  256  0.2159E-08
 8  32  16  256  0.2159E-08
 8  32  16  256  0.2161E-08
 8  32  16  256  0.2159E-08
 8  32  18  256  0.2555E-08
 8  32  18  256  0.2551E-08
 8  32  18  256  0.2551E-08
 8  32  18  256  0.2549E-08
 8  32  18  256  0.2551E-08
 8  32  18  256  0.2550E-08
 8  32  18  256  0.2550E-08
 8  32  18  256  0.2552E-08
 8  32  18  256  0.2550E-08
 8  32  18  256  0.2551E-08
 8  32  19  256  0.2746E-08
 8  32  19  256  0.2743E-08
 8  32  19  256  0.2762E-08
 8  32  19  256  0.2744E-08
 8  32  19  256  0.2743E-08
 8  32  19  256  0.2743E-08
 8  32  19  256  0.2742E-08
 8  32  19  256  0.2743E-08
 8  32  19  256  0.2742E-08
 8  32  19  256  0.2762E-08
 8  32  20  256  0.2692E-08
 8  32  20  256  0.2690E-08
 8  32  20  256  0.2689E-08
 8  32  20  256  0.2689E-08
 8  32  20  256  0.2688E-08
 8  32  20  256  0.2688E-08
 8  32  20  256  0.2689E-08
 8  32  20  256  0.2690E-08
 8  32  20  256  0.2688E-08
 8  32  20  256  0.2689E-08
