 8  4096  3  32768  0.4064E-09
 8  4096  3  32768  0.4007E-09
 8  4096  3  32768  0.4037E-09
 8  4096  3  32768  0.3835E-09
 8  4096  3  32768  0.3697E-09
 8  4096  3  32768  0.3567E-09
 8  4096  3  32768  0.3536E-09
 8  4096  3  32768  0.3565E-09
 8  4096  3  32768  0.3671E-09
 8  4096  3  32768  0.3653E-09
 8  4096  4  32768  0.1969E-09
 8  4096  4  32768  0.1890E-09
 8  4096  4  32768  0.1897E-09
 8  4096  4  32768  0.1886E-09
 8  4096  4  32768  0.1899E-09
 8  4096  4  32768  0.1881E-09
 8  4096  4  32768  0.1839E-09
 8  4096  4  32768  0.1845E-09
 8  4096  4  32768  0.1844E-09
 8  4096  4  32768  0.1852E-09
 8  4096  5  32768  0.1333E-09
 8  4096  5  32768  0.1286E-09
 8  4096  5  32768  0.1294E-09
 8  4096  5  32768  0.1244E-09
 8  4096  5  32768  0.1259E-09
 8  4096  5  32768  0.1257E-09
 8  4096  5  32768  0.1278E-09
 8  4096  5  32768  0.1273E-09
 8  4096  5  32768  0.1284E-09
 8  4096  5  32768  0.1253E-09
 8  4096  6  32768  0.8891E-10
 8  4096  6  32768  0.8966E-10
 8  4096  6  32768  0.9056E-10
 8  4096  6  32768  0.8775E-10
 8  4096  6  32768  0.8567E-10
 8  4096  6  32768  0.8680E-10
 8  4096  6  32768  0.8772E-10
 8  4096  6  32768  0.8873E-10
 8  4096  6  32768  0.8934E-10
 8  4096  6  32768  0.8684E-10
 8  4096  7  32768  0.6760E-10
 8  4096  7  32768  0.6744E-10
 8  4096  7  32768  0.6736E-10
 8  4096  7  32768  0.6611E-10
 8  4096  7  32768  0.6515E-10
 8  4096  7  32768  0.6647E-10
 8  4096  7  32768  0.6767E-10
 8  4096  7  32768  0.6652E-10
 8  4096  7  32768  0.6498E-10
 8  4096  7  32768  0.6545E-10
 8  4096  8  32768  0.5269E-10
 8  4096  8  32768  0.5072E-10
 8  4096  8  32768  0.5010E-10
 8  4096  8  32768  0.5108E-10
 8  4096  8  32768  0.5193E-10
 8  4096  8  32768  0.5039E-10
 8  4096  8  32768  0.5022E-10
 8  4096  8  32768  0.5135E-10
 8  4096  8  32768  0.5185E-10
 8  4096  8  32768  0.5101E-10
 8  4096  9  32768  0.4424E-10
 8  4096  9  32768  0.4408E-10
 8  4096  9  32768  0.4426E-10
 8  4096  9  32768  0.4354E-10
 8  4096  9  32768  0.4368E-10
 8  4096  9  32768  0.4409E-10
 8  4096  9  32768  0.4334E-10
 8  4096  9  32768  0.4401E-10
 8  4096  9  32768  0.4482E-10
 8  4096  9  32768  0.4460E-10
 8  4096  10  32768  0.3880E-10
 8  4096  10  32768  0.3765E-10
 8  4096  10  32768  0.3789E-10
 8  4096  10  32768  0.3825E-10
 8  4096  10  32768  0.3736E-10
 8  4096  10  32768  0.3822E-10
 8  4096  10  32768  0.3792E-10
 8  4096  10  32768  0.3771E-10
 8  4096  10  32768  0.3805E-10
 8  4096  10  32768  0.3767E-10
 8  4096  12  32768  0.3080E-10
 8  4096  12  32768  0.2991E-10
 8  4096  12  32768  0.2992E-10
 8  4096  12  32768  0.2986E-10
 8  4096  12  32768  0.2978E-10
 8  4096  12  32768  0.2966E-10
 8  4096  12  32768  0.2983E-10
 8  4096  12  32768  0.2972E-10
 8  4096  12  32768  0.2984E-10
 8  4096  12  32768  0.2966E-10
 8  4096  13  32768  0.2898E-10
 8  4096  13  32768  0.2879E-10
 8  4096  13  32768  0.2867E-10
 8  4096  13  32768  0.2847E-10
 8  4096  13  32768  0.2871E-10
 8  4096  13  32768  0.2851E-10
 8  4096  13  32768  0.2844E-10
 8  4096  13  32768  0.2844E-10
 8  4096  13  32768  0.2855E-10
 8  4096  13  32768  0.2873E-10
 8  4096  14  32768  0.2643E-10
 8  4096  14  32768  0.2635E-10
 8  4096  14  32768  0.2641E-10
 8  4096  14  32768  0.2610E-10
 8  4096  14  32768  0.2629E-10
 8  4096  14  32768  0.2632E-10
 8  4096  14  32768  0.2623E-10
 8  4096  14  32768  0.2628E-10
 8  4096  14  32768  0.2636E-10
 8  4096  14  32768  0.2642E-10
 8  4096  15  32768  0.2722E-10
 8  4096  15  32768  0.2692E-10
 8  4096  15  32768  0.2675E-10
 8  4096  15  32768  0.2690E-10
 8  4096  15  32768  0.2695E-10
 8  4096  15  32768  0.2681E-10
 8  4096  15  32768  0.2674E-10
 8  4096  15  32768  0.2690E-10
 8  4096  15  32768  0.2698E-10
 8  4096  15  32768  0.2695E-10
 8  4096  16  32768  0.2557E-10
 8  4096  16  32768  0.2529E-10
 8  4096  16  32768  0.2529E-10
 8  4096  16  32768  0.2526E-10
 8  4096  16  32768  0.2520E-10
 8  4096  16  32768  0.2525E-10
 8  4096  16  32768  0.2521E-10
 8  4096  16  32768  0.2530E-10
 8  4096  16  32768  0.2531E-10
 8  4096  16  32768  0.2527E-10
 8  4096  17  32768  0.2807E-10
 8  4096  17  32768  0.2786E-10
 8  4096  17  32768  0.2784E-10
 8  4096  17  32768  0.2797E-10
 8  4096  17  32768  0.2792E-10
 8  4096  17  32768  0.2791E-10
 8  4096  17  32768  0.2800E-10
 8  4096  17  32768  0.2792E-10
 8  4096  17  32768  0.2785E-10
 8  4096  17  32768  0.2789E-10
 8  4096  18  32768  0.2933E-10
 8  4096  18  32768  0.2919E-10
 8  4096  18  32768  0.2909E-10
 8  4096  18  32768  0.2912E-10
 8  4096  18  32768  0.2907E-10
 8  4096  18  32768  0.2907E-10
 8  4096  18  32768  0.2914E-10
 8  4096  18  32768  0.2911E-10
 8  4096  18  32768  0.2905E-10
 8  4096  18  32768  0.2907E-10
 8  4096  19  32768  0.2808E-10
 8  4096  19  32768  0.2796E-10
 8  4096  19  32768  0.2789E-10
 8  4096  19  32768  0.2797E-10
 8  4096  19  32768  0.2793E-10
 8  4096  19  32768  0.2798E-10
 8  4096  19  32768  0.2788E-10
 8  4096  19  32768  0.2800E-10
 8  4096  19  32768  0.2797E-10
 8  4096  19  32768  0.2792E-10
 8  4096  20  32768  0.2723E-10
 8  4096  20  32768  0.2713E-10
 8  4096  20  32768  0.2711E-10
 8  4096  20  32768  0.2715E-10
 8  4096  20  32768  0.2713E-10
 8  4096  20  32768  0.2707E-10
 8  4096  20  32768  0.2729E-10
 8  4096  20  32768  0.2719E-10
 8  4096  20  32768  0.2720E-10
 8  4096  20  32768  0.2714E-10
