 8  32  3  256  0.7451E-08
 8  32  3  256  0.6601E-08
 8  32  3  256  0.6566E-08
 8  32  3  256  0.1481E-07
 8  32  3  256  0.1706E-07
 8  32  3  256  0.1905E-07
 8  32  3  256  0.1558E-07
 8  32  3  256  0.1538E-07
 8  32  3  256  0.1467E-07
 8  32  3  256  0.1413E-07
 8  32  4  256  0.4617E-08
 8  32  4  256  0.4110E-08
 8  32  4  256  0.4080E-08
 8  32  4  256  0.4097E-08
 8  32  4  256  0.4122E-08
 8  32  4  256  0.1029E-07
 8  32  4  256  0.9968E-08
 8  32  4  256  0.9929E-08
 8  32  4  256  0.9886E-08
 8  32  4  256  0.9968E-08
 8  32  5  256  0.4091E-08
 8  32  5  256  0.3680E-08
 8  32  5  256  0.3717E-08
 8  32  5  256  0.3680E-08
 8  32  5  256  0.3658E-08
 8  32  5  256  0.3722E-08
 8  32  5  256  0.3651E-08
 8  32  5  256  0.3744E-08
 8  32  5  256  0.7520E-08
 8  32  5  256  0.7490E-08
 8  32  6  256  0.4002E-08
 8  32  6  256  0.3683E-08
 8  32  6  256  0.3672E-08
 8  32  6  256  0.3685E-08
 8  32  6  256  0.3663E-08
 8  32  6  256  0.3664E-08
 8  32  6  256  0.3670E-08
 8  32  6  256  0.3677E-08
 8  32  6  256  0.3666E-08
 8  32  6  256  0.3662E-08
 8  32  7  256  0.2704E-08
 8  32  7  256  0.2599E-08
 8  32  7  256  0.2571E-08
 8  32  7  256  0.2576E-08
 8  32  7  256  0.2571E-08
 8  32  7  256  0.2570E-08
 8  32  7  256  0.2579E-08
 8  32  7  256  0.2588E-08
 8  32  7  256  0.2566E-08
 8  32  7  256  0.2566E-08
 8  32  8  256  0.2256E-08
 8  32  8  256  0.2174E-08
 8  32  8  256  0.2190E-08
 8  32  8  256  0.2180E-08
 8  32  8  256  0.2171E-08
 8  32  8  256  0.2177E-08
 8  32  8  256  0.2175E-08
 8  32  8  256  0.2172E-08
 8  32  8  256  0.2172E-08
 8  32  8  256  0.2185E-08
 8  32  9  256  0.2461E-08
 8  32  9  256  0.2402E-08
 8  32  9  256  0.2397E-08
 8  32  9  256  0.2406E-08
 8  32  9  256  0.2399E-08
 8  32  9  256  0.2399E-08
 8  32  9  256  0.2400E-08
 8  32  9  256  0.2418E-08
 8  32  9  256  0.2402E-08
 8  32  9  256  0.2396E-08
 8  32  10  256  0.2517E-08
 8  32  10  256  0.2489E-08
 8  32  10  256  0.2480E-08
 8  32  10  256  0.2470E-08
 8  32  10  256  0.2478E-08
 8  32  10  256  0.2468E-08
 8  32  10  256  0.2461E-08
 8  32  10  256  0.2462E-08
 8  32  10  256  0.2470E-08
 8  32  10  256  0.2469E-08
 8  32  11  256  0.2538E-08
 8  32  11  256  0.2507E-08
 8  32  11  256  0.2496E-08
 8  32  11  256  0.2491E-08
 8  32  11  256  0.2494E-08
 8  32  11  256  0.2489E-08
 8  32  11  256  0.2490E-08
 8  32  11  256  0.2487E-08
 8  32  11  256  0.2493E-08
 8  32  11  256  0.2485E-08
 8  32  12  256  0.2334E-08
 8  32  12  256  0.2295E-08
 8  32  12  256  0.2292E-08
 8  32  12  256  0.2288E-08
 8  32  12  256  0.2286E-08
 8  32  12  256  0.2285E-08
 8  32  12  256  0.2287E-08
 8  32  12  256  0.2285E-08
 8  32  12  256  0.2284E-08
 8  32  12  256  0.2281E-08
 8  32  13  256  0.2380E-08
 8  32  13  256  0.2350E-08
 8  32  13  256  0.2345E-08
 8  32  13  256  0.2348E-08
 8  32  13  256  0.2343E-08
 8  32  13  256  0.2342E-08
 8  32  13  256  0.2339E-08
 8  32  13  256  0.2343E-08
 8  32  13  256  0.2341E-08
 8  32  13  256  0.2347E-08
 8  32  14  256  0.2268E-08
 8  32  14  256  0.2240E-08
 8  32  14  256  0.2235E-08
 8  32  14  256  0.2236E-08
 8  32  14  256  0.2232E-08
 8  32  14  256  0.2235E-08
 8  32  14  256  0.2233E-08
 8  32  14  256  0.2234E-08
 8  32  14  256  0.2232E-08
 8  32  14  256  0.2231E-08
 8  32  15  256  0.2453E-08
 8  32  15  256  0.2426E-08
 8  32  15  256  0.2424E-08
 8  32  15  256  0.2421E-08
 8  32  15  256  0.2421E-08
 8  32  15  256  0.2418E-08
 8  32  15  256  0.2421E-08
 8  32  15  256  0.2420E-08
 8  32  15  256  0.2421E-08
 8  32  15  256  0.2419E-08
 8  32  16  256  0.2384E-08
 8  32  16  256  0.2358E-08
 8  32  16  256  0.2354E-08
 8  32  16  256  0.2356E-08
 8  32  16  256  0.2353E-08
 8  32  16  256  0.2353E-08
 8  32  16  256  0.2351E-08
 8  32  16  256  0.2353E-08
 8  32  16  256  0.2352E-08
 8  32  16  256  0.2352E-08
 8  32  18  256  0.2747E-08
 8  32  18  256  0.2726E-08
 8  32  18  256  0.2726E-08
 8  32  18  256  0.2725E-08
 8  32  18  256  0.2724E-08
 8  32  18  256  0.2724E-08
 8  32  18  256  0.2724E-08
 8  32  18  256  0.2725E-08
 8  32  18  256  0.2725E-08
 8  32  18  256  0.2725E-08
 8  32  19  256  0.2960E-08
 8  32  19  256  0.2937E-08
 8  32  19  256  0.2955E-08
 8  32  19  256  0.2937E-08
 8  32  19  256  0.2936E-08
 8  32  19  256  0.2936E-08
 8  32  19  256  0.2936E-08
 8  32  19  256  0.2935E-08
 8  32  19  256  0.2954E-08
 8  32  19  256  0.2938E-08
 8  32  20  256  0.2868E-08
 8  32  20  256  0.2844E-08
 8  32  20  256  0.2844E-08
 8  32  20  256  0.2843E-08
 8  32  20  256  0.2843E-08
 8  32  20  256  0.2844E-08
 8  32  20  256  0.2844E-08
 8  32  20  256  0.2843E-08
 8  32  20  256  0.2843E-08
 8  32  20  256  0.2844E-08
