 8  16  3  128  0.1173E-07
 8  16  3  128  0.1125E-07
 8  16  3  128  0.3279E-07
 8  16  3  128  0.3114E-07
 8  16  3  128  0.3348E-07
 8  16  3  128  0.3367E-07
 8  16  3  128  0.3270E-07
 8  16  3  128  0.3394E-07
 8  16  3  128  0.3173E-07
 8  16  3  128  0.3153E-07
 8  16  4  128  0.7673E-08
 8  16  4  128  0.6944E-08
 8  16  4  128  0.6882E-08
 8  16  4  128  0.7036E-08
 8  16  4  128  0.1839E-07
 8  16  4  128  0.1799E-07
 8  16  4  128  0.1791E-07
 8  16  4  128  0.1749E-07
 8  16  4  128  0.1762E-07
 8  16  4  128  0.1969E-07
 8  16  5  128  0.6832E-08
 8  16  5  128  0.6292E-08
 8  16  5  128  0.6189E-08
 8  16  5  128  0.6188E-08
 8  16  5  128  0.6161E-08
 8  16  5  128  0.6219E-08
 8  16  5  128  0.1325E-07
 8  16  5  128  0.1319E-07
 8  16  5  128  0.1364E-07
 8  16  5  128  0.1425E-07
 8  16  6  128  0.6550E-08
 8  16  6  128  0.6048E-08
 8  16  6  128  0.6019E-08
 8  16  6  128  0.6037E-08
 8  16  6  128  0.6010E-08
 8  16  6  128  0.6014E-08
 8  16  6  128  0.6002E-08
 8  16  6  128  0.6039E-08
 8  16  6  128  0.6309E-08
 8  16  6  128  0.1110E-07
 8  16  7  128  0.5882E-08
 8  16  7  128  0.5693E-08
 8  16  7  128  0.5638E-08
 8  16  7  128  0.5645E-08
 8  16  7  128  0.5637E-08
 8  16  7  128  0.5655E-08
 8  16  7  128  0.5654E-08
 8  16  7  128  0.5645E-08
 8  16  7  128  0.5681E-08
 8  16  7  128  0.5637E-08
 8  16  8  128  0.4030E-08
 8  16  8  128  0.3938E-08
 8  16  8  128  0.3920E-08
 8  16  8  128  0.3913E-08
 8  16  8  128  0.3938E-08
 8  16  8  128  0.3924E-08
 8  16  8  128  0.3917E-08
 8  16  8  128  0.3955E-08
 8  16  8  128  0.3912E-08
 8  16  8  128  0.3916E-08
 8  16  9  128  0.4453E-08
 8  16  9  128  0.4420E-08
 8  16  9  128  0.4419E-08
 8  16  9  128  0.4425E-08
 8  16  9  128  0.4430E-08
 8  16  9  128  0.4452E-08
 8  16  9  128  0.4421E-08
 8  16  9  128  0.4428E-08
 8  16  9  128  0.4421E-08
 8  16  9  128  0.4442E-08
 8  16  10  128  0.4683E-08
 8  16  10  128  0.4641E-08
 8  16  10  128  0.4610E-08
 8  16  10  128  0.4594E-08
 8  16  10  128  0.4599E-08
 8  16  10  128  0.4589E-08
 8  16  10  128  0.4584E-08
 8  16  10  128  0.4580E-08
 8  16  10  128  0.4587E-08
 8  16  10  128  0.4585E-08
 8  16  11  128  0.4767E-08
 8  16  11  128  0.4723E-08
 8  16  11  128  0.4712E-08
 8  16  11  128  0.4716E-08
 8  16  11  128  0.4690E-08
 8  16  11  128  0.4691E-08
 8  16  11  128  0.4684E-08
 8  16  11  128  0.4698E-08
 8  16  11  128  0.4682E-08
 8  16  11  128  0.4683E-08
 8  16  12  128  0.4392E-08
 8  16  12  128  0.4342E-08
 8  16  12  128  0.4340E-08
 8  16  12  128  0.4324E-08
 8  16  12  128  0.4461E-08
 8  16  12  128  0.4318E-08
 8  16  12  128  0.4316E-08
 8  16  12  128  0.4312E-08
 8  16  12  128  0.4315E-08
 8  16  12  128  0.4319E-08
 8  16  13  128  0.4517E-08
 8  16  13  128  0.4485E-08
 8  16  13  128  0.4465E-08
 8  16  13  128  0.4471E-08
 8  16  13  128  0.4462E-08
 8  16  13  128  0.4462E-08
 8  16  13  128  0.4462E-08
 8  16  13  128  0.4466E-08
 8  16  13  128  0.4463E-08
 8  16  13  128  0.4462E-08
 8  16  14  128  0.4319E-08
 8  16  14  128  0.4280E-08
 8  16  14  128  0.4273E-08
 8  16  14  128  0.4276E-08
 8  16  14  128  0.4267E-08
 8  16  14  128  0.4273E-08
 8  16  14  128  0.4266E-08
 8  16  14  128  0.4268E-08
 8  16  14  128  0.4267E-08
 8  16  14  128  0.4265E-08
 8  16  15  128  0.4672E-08
 8  16  15  128  0.4643E-08
 8  16  15  128  0.4640E-08
 8  16  15  128  0.4640E-08
 8  16  15  128  0.4646E-08
 8  16  15  128  0.4639E-08
 8  16  15  128  0.4638E-08
 8  16  15  128  0.4637E-08
 8  16  15  128  0.4639E-08
 8  16  15  128  0.4637E-08
 8  16  16  128  0.4569E-08
 8  16  16  128  0.4541E-08
 8  16  16  128  0.4538E-08
 8  16  16  128  0.4536E-08
 8  16  16  128  0.4535E-08
 8  16  16  128  0.4534E-08
 8  16  16  128  0.4535E-08
 8  16  16  128  0.4534E-08
 8  16  16  128  0.4534E-08
 8  16  16  128  0.4536E-08
 8  16  17  128  0.5398E-08
 8  16  17  128  0.5374E-08
 8  16  17  128  0.5371E-08
 8  16  17  128  0.5371E-08
 8  16  17  128  0.5371E-08
 8  16  17  128  0.5370E-08
 8  16  17  128  0.5369E-08
 8  16  17  128  0.5369E-08
 8  16  17  128  0.5370E-08
 8  16  17  128  0.5369E-08
 8  16  18  128  0.5306E-08
 8  16  18  128  0.5285E-08
 8  16  18  128  0.5283E-08
 8  16  18  128  0.5282E-08
 8  16  18  128  0.5282E-08
 8  16  18  128  0.5282E-08
 8  16  18  128  0.5281E-08
 8  16  18  128  0.5281E-08
 8  16  18  128  0.5284E-08
 8  16  18  128  0.5283E-08
 8  16  19  128  0.5720E-08
 8  16  19  128  0.5699E-08
 8  16  19  128  0.5696E-08
 8  16  19  128  0.5696E-08
 8  16  19  128  0.5696E-08
 8  16  19  128  0.5697E-08
 8  16  19  128  0.5697E-08
 8  16  19  128  0.5696E-08
 8  16  19  128  0.5699E-08
 8  16  19  128  0.5696E-08
 8  16  20  128  0.5541E-08
 8  16  20  128  0.5521E-08
 8  16  20  128  0.5518E-08
 8  16  20  128  0.5521E-08
 8  16  20  128  0.5520E-08
 8  16  20  128  0.5519E-08
 8  16  20  128  0.5520E-08
 8  16  20  128  0.5519E-08
 8  16  20  128  0.5520E-08
 8  16  20  128  0.5520E-08
