 8  2048  3  16384  0.8977E-09
 8  2048  3  16384  0.8781E-09
 8  2048  3  16384  0.8795E-09
 8  2048  3  16384  0.8610E-09
 8  2048  3  16384  0.8777E-09
 8  2048  3  16384  0.8996E-09
 8  2048  3  16384  0.8712E-09
 8  2048  3  16384  0.8655E-09
 8  2048  3  16384  0.8923E-09
 8  2048  3  16384  0.8844E-09
 8  2048  4  16384  0.4187E-09
 8  2048  4  16384  0.3996E-09
 8  2048  4  16384  0.4051E-09
 8  2048  4  16384  0.4099E-09
 8  2048  4  16384  0.4003E-09
 8  2048  4  16384  0.4003E-09
 8  2048  4  16384  0.4005E-09
 8  2048  4  16384  0.4204E-09
 8  2048  4  16384  0.4036E-09
 8  2048  4  16384  0.4042E-09
 8  2048  5  16384  0.2983E-09
 8  2048  5  16384  0.2893E-09
 8  2048  5  16384  0.2928E-09
 8  2048  5  16384  0.2926E-09
 8  2048  5  16384  0.2938E-09
 8  2048  5  16384  0.2927E-09
 8  2048  5  16384  0.2887E-09
 8  2048  5  16384  0.2907E-09
 8  2048  5  16384  0.2929E-09
 8  2048  5  16384  0.2921E-09
 8  2048  6  16384  0.2102E-09
 8  2048  6  16384  0.2083E-09
 8  2048  6  16384  0.2121E-09
 8  2048  6  16384  0.2084E-09
 8  2048  6  16384  0.2070E-09
 8  2048  6  16384  0.2087E-09
 8  2048  6  16384  0.2082E-09
 8  2048  6  16384  0.2106E-09
 8  2048  6  16384  0.2081E-09
 8  2048  6  16384  0.2085E-09
 8  2048  7  16384  0.1536E-09
 8  2048  7  16384  0.1506E-09
 8  2048  7  16384  0.1495E-09
 8  2048  7  16384  0.1520E-09
 8  2048  7  16384  0.1516E-09
 8  2048  7  16384  0.1516E-09
 8  2048  7  16384  0.1488E-09
 8  2048  7  16384  0.1512E-09
 8  2048  7  16384  0.1513E-09
 8  2048  7  16384  0.1504E-09
 8  2048  8  16384  0.1136E-09
 8  2048  8  16384  0.1127E-09
 8  2048  8  16384  0.1132E-09
 8  2048  8  16384  0.1146E-09
 8  2048  8  16384  0.1132E-09
 8  2048  8  16384  0.1129E-09
 8  2048  8  16384  0.1137E-09
 8  2048  8  16384  0.1127E-09
 8  2048  8  16384  0.1131E-09
 8  2048  8  16384  0.1131E-09
 8  2048  9  16384  0.9619E-10
 8  2048  9  16384  0.9564E-10
 8  2048  9  16384  0.9634E-10
 8  2048  9  16384  0.9559E-10
 8  2048  9  16384  0.9571E-10
 8  2048  9  16384  0.9629E-10
 8  2048  9  16384  0.9580E-10
 8  2048  9  16384  0.9454E-10
 8  2048  9  16384  0.9627E-10
 8  2048  9  16384  0.9530E-10
 8  2048  10  16384  0.8244E-10
 8  2048  10  16384  0.8220E-10
 8  2048  10  16384  0.8174E-10
 8  2048  10  16384  0.8179E-10
 8  2048  10  16384  0.8191E-10
 8  2048  10  16384  0.8145E-10
 8  2048  10  16384  0.8221E-10
 8  2048  10  16384  0.8128E-10
 8  2048  10  16384  0.8225E-10
 8  2048  10  16384  0.8194E-10
 8  2048  11  16384  0.7308E-10
 8  2048  11  16384  0.7380E-10
 8  2048  11  16384  0.7319E-10
 8  2048  11  16384  0.7370E-10
 8  2048  11  16384  0.7266E-10
 8  2048  11  16384  0.7340E-10
 8  2048  11  16384  0.7315E-10
 8  2048  11  16384  0.7319E-10
 8  2048  11  16384  0.7337E-10
 8  2048  11  16384  0.7364E-10
 8  2048  12  16384  0.6352E-10
 8  2048  12  16384  0.6260E-10
 8  2048  12  16384  0.6322E-10
 8  2048  12  16384  0.6262E-10
 8  2048  12  16384  0.6286E-10
 8  2048  12  16384  0.6295E-10
 8  2048  12  16384  0.6240E-10
 8  2048  12  16384  0.6296E-10
 8  2048  12  16384  0.6295E-10
 8  2048  12  16384  0.6322E-10
 8  2048  13  16384  0.5866E-10
 8  2048  13  16384  0.5816E-10
 8  2048  13  16384  0.5779E-10
 8  2048  13  16384  0.5828E-10
 8  2048  13  16384  0.5820E-10
 8  2048  13  16384  0.5835E-10
 8  2048  13  16384  0.5812E-10
 8  2048  13  16384  0.5864E-10
 8  2048  13  16384  0.5849E-10
 8  2048  13  16384  0.5850E-10
 8  2048  14  16384  0.5422E-10
 8  2048  14  16384  0.5441E-10
 8  2048  14  16384  0.5413E-10
 8  2048  14  16384  0.5418E-10
 8  2048  14  16384  0.5406E-10
 8  2048  14  16384  0.5456E-10
 8  2048  14  16384  0.5435E-10
 8  2048  14  16384  0.5409E-10
 8  2048  14  16384  0.5434E-10
 8  2048  14  16384  0.5453E-10
 8  2048  15  16384  0.5436E-10
 8  2048  15  16384  0.5406E-10
 8  2048  15  16384  0.5379E-10
 8  2048  15  16384  0.5406E-10
 8  2048  15  16384  0.5429E-10
 8  2048  15  16384  0.5422E-10
 8  2048  15  16384  0.5424E-10
 8  2048  15  16384  0.5424E-10
 8  2048  15  16384  0.5406E-10
 8  2048  15  16384  0.5397E-10
 8  2048  16  16384  0.5024E-10
 8  2048  16  16384  0.5021E-10
 8  2048  16  16384  0.5027E-10
 8  2048  16  16384  0.4997E-10
 8  2048  16  16384  0.4999E-10
 8  2048  16  16384  0.5027E-10
 8  2048  16  16384  0.5019E-10
 8  2048  16  16384  0.5028E-10
 8  2048  16  16384  0.5030E-10
 8  2048  16  16384  0.5019E-10
 8  2048  17  16384  0.5772E-10
 8  2048  17  16384  0.5784E-10
 8  2048  17  16384  0.5750E-10
 8  2048  17  16384  0.5775E-10
 8  2048  17  16384  0.5740E-10
 8  2048  17  16384  0.5739E-10
 8  2048  17  16384  0.5772E-10
 8  2048  17  16384  0.5751E-10
 8  2048  17  16384  0.5786E-10
 8  2048  17  16384  0.5757E-10
 8  2048  18  16384  0.5810E-10
 8  2048  18  16384  0.5836E-10
 8  2048  18  16384  0.5812E-10
 8  2048  18  16384  0.5812E-10
 8  2048  18  16384  0.5819E-10
 8  2048  18  16384  0.5808E-10
 8  2048  18  16384  0.5798E-10
 8  2048  18  16384  0.5825E-10
 8  2048  18  16384  0.5813E-10
 8  2048  18  16384  0.5824E-10
 8  2048  19  16384  0.5711E-10
 8  2048  19  16384  0.5699E-10
 8  2048  19  16384  0.5715E-10
 8  2048  19  16384  0.5728E-10
 8  2048  19  16384  0.5724E-10
 8  2048  19  16384  0.5731E-10
 8  2048  19  16384  0.5720E-10
 8  2048  19  16384  0.5729E-10
 8  2048  19  16384  0.5735E-10
 8  2048  19  16384  0.5717E-10
 8  2048  20  16384  0.5634E-10
 8  2048  20  16384  0.5656E-10
 8  2048  20  16384  0.5629E-10
 8  2048  20  16384  0.5616E-10
 8  2048  20  16384  0.5627E-10
 8  2048  20  16384  0.5627E-10
 8  2048  20  16384  0.5652E-10
 8  2048  20  16384  0.5623E-10
 8  2048  20  16384  0.5627E-10
 8  2048  20  16384  0.5635E-10
