 8  1024  3  8192  0.1126E-08
 8  1024  3  8192  0.1028E-08
 8  1024  3  8192  0.1062E-08
 8  1024  3  8192  0.1027E-08
 8  1024  3  8192  0.1015E-08
 8  1024  3  8192  0.1012E-08
 8  1024  3  8192  0.1011E-08
 8  1024  3  8192  0.1012E-08
 8  1024  3  8192  0.1011E-08
 8  1024  3  8192  0.1007E-08
 8  1024  4  8192  0.5348E-09
 8  1024  4  8192  0.5060E-09
 8  1024  4  8192  0.4853E-09
 8  1024  4  8192  0.4922E-09
 8  1024  4  8192  0.4926E-09
 8  1024  4  8192  0.4761E-09
 8  1024  4  8192  0.4755E-09
 8  1024  4  8192  0.4748E-09
 8  1024  4  8192  0.4830E-09
 8  1024  4  8192  0.4921E-09
 8  1024  5  8192  0.3645E-09
 8  1024  5  8192  0.3406E-09
 8  1024  5  8192  0.3383E-09
 8  1024  5  8192  0.3391E-09
 8  1024  5  8192  0.3459E-09
 8  1024  5  8192  0.3354E-09
 8  1024  5  8192  0.3400E-09
 8  1024  5  8192  0.3391E-09
 8  1024  5  8192  0.3368E-09
 8  1024  5  8192  0.3520E-09
 8  1024  6  8192  0.2777E-09
 8  1024  6  8192  0.2637E-09
 8  1024  6  8192  0.2652E-09
 8  1024  6  8192  0.2630E-09
 8  1024  6  8192  0.2654E-09
 8  1024  6  8192  0.2649E-09
 8  1024  6  8192  0.2666E-09
 8  1024  6  8192  0.2675E-09
 8  1024  6  8192  0.2627E-09
 8  1024  6  8192  0.2656E-09
 8  1024  7  8192  0.2132E-09
 8  1024  7  8192  0.2081E-09
 8  1024  7  8192  0.2095E-09
 8  1024  7  8192  0.2125E-09
 8  1024  7  8192  0.2128E-09
 8  1024  7  8192  0.2110E-09
 8  1024  7  8192  0.2074E-09
 8  1024  7  8192  0.2068E-09
 8  1024  7  8192  0.2102E-09
 8  1024  7  8192  0.2132E-09
 8  1024  8  8192  0.1656E-09
 8  1024  8  8192  0.1611E-09
 8  1024  8  8192  0.1616E-09
 8  1024  8  8192  0.1629E-09
 8  1024  8  8192  0.1621E-09
 8  1024  8  8192  0.1640E-09
 8  1024  8  8192  0.1623E-09
 8  1024  8  8192  0.1619E-09
 8  1024  8  8192  0.1626E-09
 8  1024  8  8192  0.1626E-09
 8  1024  9  8192  0.1514E-09
 8  1024  9  8192  0.1479E-09
 8  1024  9  8192  0.1481E-09
 8  1024  9  8192  0.1464E-09
 8  1024  9  8192  0.1473E-09
 8  1024  9  8192  0.1475E-09
 8  1024  9  8192  0.1477E-09
 8  1024  9  8192  0.1476E-09
 8  1024  9  8192  0.1472E-09
 8  1024  9  8192  0.1476E-09
 8  1024  10  8192  0.1328E-09
 8  1024  10  8192  0.1323E-09
 8  1024  10  8192  0.1311E-09
 8  1024  10  8192  0.1312E-09
 8  1024  10  8192  0.1314E-09
 8  1024  10  8192  0.1310E-09
 8  1024  10  8192  0.1309E-09
 8  1024  10  8192  0.1316E-09
 8  1024  10  8192  0.1305E-09
 8  1024  10  8192  0.1308E-09
 8  1024  11  8192  0.1221E-09
 8  1024  11  8192  0.1208E-09
 8  1024  11  8192  0.1205E-09
 8  1024  11  8192  0.1202E-09
 8  1024  11  8192  0.1208E-09
 8  1024  11  8192  0.1202E-09
 8  1024  11  8192  0.1218E-09
 8  1024  11  8192  0.1207E-09
 8  1024  11  8192  0.1211E-09
 8  1024  11  8192  0.1211E-09
 8  1024  12  8192  0.1077E-09
 8  1024  12  8192  0.1053E-09
 8  1024  12  8192  0.1061E-09
 8  1024  12  8192  0.1045E-09
 8  1024  12  8192  0.1053E-09
 8  1024  12  8192  0.1040E-09
 8  1024  12  8192  0.1049E-09
 8  1024  12  8192  0.1057E-09
 8  1024  12  8192  0.1047E-09
 8  1024  12  8192  0.1057E-09
 8  1024  13  8192  0.1019E-09
 8  1024  13  8192  0.1009E-09
 8  1024  13  8192  0.1001E-09
 8  1024  13  8192  0.9995E-10
 8  1024  13  8192  0.9987E-10
 8  1024  13  8192  0.1005E-09
 8  1024  13  8192  0.9978E-10
 8  1024  13  8192  0.1010E-09
 8  1024  13  8192  0.9987E-10
 8  1024  13  8192  0.1012E-09
 8  1024  14  8192  0.9375E-10
 8  1024  14  8192  0.9318E-10
 8  1024  14  8192  0.9173E-10
 8  1024  14  8192  0.9139E-10
 8  1024  14  8192  0.9185E-10
 8  1024  14  8192  0.9139E-10
 8  1024  14  8192  0.9212E-10
 8  1024  14  8192  0.9260E-10
 8  1024  14  8192  0.9315E-10
 8  1024  14  8192  0.9344E-10
 8  1024  15  8192  0.9683E-10
 8  1024  15  8192  0.9591E-10
 8  1024  15  8192  0.9660E-10
 8  1024  15  8192  0.9689E-10
 8  1024  15  8192  0.9713E-10
 8  1024  15  8192  0.9849E-10
 8  1024  15  8192  0.9855E-10
 8  1024  15  8192  0.9927E-10
 8  1024  15  8192  0.9929E-10
 8  1024  15  8192  0.9880E-10
 8  1024  16  8192  0.9814E-10
 8  1024  16  8192  0.9768E-10
 8  1024  16  8192  0.9781E-10
 8  1024  16  8192  0.9799E-10
 8  1024  16  8192  0.9771E-10
 8  1024  16  8192  0.9775E-10
 8  1024  16  8192  0.9772E-10
 8  1024  16  8192  0.9756E-10
 8  1024  16  8192  0.9756E-10
 8  1024  16  8192  0.9765E-10
 8  1024  17  8192  0.1029E-09
 8  1024  17  8192  0.1009E-09
 8  1024  17  8192  0.1010E-09
 8  1024  17  8192  0.1009E-09
 8  1024  17  8192  0.1015E-09
 8  1024  17  8192  0.1015E-09
 8  1024  17  8192  0.1008E-09
 8  1024  17  8192  0.1009E-09
 8  1024  17  8192  0.1022E-09
 8  1024  17  8192  0.1011E-09
 8  1024  18  8192  0.1087E-09
 8  1024  18  8192  0.1073E-09
 8  1024  18  8192  0.1076E-09
 8  1024  18  8192  0.1075E-09
 8  1024  18  8192  0.1073E-09
 8  1024  18  8192  0.1073E-09
 8  1024  18  8192  0.1081E-09
 8  1024  18  8192  0.1075E-09
 8  1024  18  8192  0.1078E-09
 8  1024  18  8192  0.1078E-09
 8  1024  19  8192  0.1046E-09
 8  1024  19  8192  0.1036E-09
 8  1024  19  8192  0.1041E-09
 8  1024  19  8192  0.1031E-09
 8  1024  19  8192  0.1036E-09
 8  1024  19  8192  0.1036E-09
 8  1024  19  8192  0.1036E-09
 8  1024  19  8192  0.1036E-09
 8  1024  19  8192  0.1040E-09
 8  1024  19  8192  0.1033E-09
 8  1024  20  8192  0.1010E-09
 8  1024  20  8192  0.9991E-10
 8  1024  20  8192  0.1007E-09
 8  1024  20  8192  0.1010E-09
 8  1024  20  8192  0.1008E-09
 8  1024  20  8192  0.1009E-09
 8  1024  20  8192  0.1004E-09
 8  1024  20  8192  0.1009E-09
 8  1024  20  8192  0.1012E-09
 8  1024  20  8192  0.1010E-09
