 8  512  3  4096  0.3613E-08
 8  512  3  4096  0.3491E-08
 8  512  3  4096  0.3469E-08
 8  512  3  4096  0.3457E-08
 8  512  3  4096  0.3366E-08
 8  512  3  4096  0.3394E-08
 8  512  3  4096  0.3364E-08
 8  512  3  4096  0.3353E-08
 8  512  3  4096  0.3414E-08
 8  512  3  4096  0.3386E-08
 8  512  4  4096  0.1696E-08
 8  512  4  4096  0.1595E-08
 8  512  4  4096  0.1565E-08
 8  512  4  4096  0.1576E-08
 8  512  4  4096  0.1592E-08
 8  512  4  4096  0.1591E-08
 8  512  4  4096  0.1587E-08
 8  512  4  4096  0.1607E-08
 8  512  4  4096  0.1580E-08
 8  512  4  4096  0.1564E-08
 8  512  5  4096  0.1009E-08
 8  512  5  4096  0.9701E-09
 8  512  5  4096  0.9748E-09
 8  512  5  4096  0.9538E-09
 8  512  5  4096  0.9560E-09
 8  512  5  4096  0.9635E-09
 8  512  5  4096  0.9602E-09
 8  512  5  4096  0.9622E-09
 8  512  5  4096  0.9657E-09
 8  512  5  4096  0.9595E-09
 8  512  6  4096  0.7308E-09
 8  512  6  4096  0.7012E-09
 8  512  6  4096  0.7037E-09
 8  512  6  4096  0.6958E-09
 8  512  6  4096  0.6909E-09
 8  512  6  4096  0.7000E-09
 8  512  6  4096  0.7026E-09
 8  512  6  4096  0.6989E-09
 8  512  6  4096  0.6945E-09
 8  512  6  4096  0.6935E-09
 8  512  7  4096  0.5994E-09
 8  512  7  4096  0.5836E-09
 8  512  7  4096  0.5802E-09
 8  512  7  4096  0.5789E-09
 8  512  7  4096  0.5816E-09
 8  512  7  4096  0.5801E-09
 8  512  7  4096  0.5821E-09
 8  512  7  4096  0.5767E-09
 8  512  7  4096  0.5822E-09
 8  512  7  4096  0.5842E-09
 8  512  8  4096  0.4914E-09
 8  512  8  4096  0.4835E-09
 8  512  8  4096  0.4810E-09
 8  512  8  4096  0.4827E-09
 8  512  8  4096  0.4813E-09
 8  512  8  4096  0.4844E-09
 8  512  8  4096  0.4812E-09
 8  512  8  4096  0.4832E-09
 8  512  8  4096  0.4827E-09
 8  512  8  4096  0.4816E-09
 8  512  9  4096  0.4377E-09
 8  512  9  4096  0.4313E-09
 8  512  9  4096  0.4302E-09
 8  512  9  4096  0.4325E-09
 8  512  9  4096  0.4331E-09
 8  512  9  4096  0.4335E-09
 8  512  9  4096  0.4311E-09
 8  512  9  4096  0.4304E-09
 8  512  9  4096  0.4325E-09
 8  512  9  4096  0.4314E-09
 8  512  10  4096  0.3802E-09
 8  512  10  4096  0.3780E-09
 8  512  10  4096  0.3760E-09
 8  512  10  4096  0.3767E-09
 8  512  10  4096  0.3769E-09
 8  512  10  4096  0.3776E-09
 8  512  10  4096  0.3774E-09
 8  512  10  4096  0.3760E-09
 8  512  10  4096  0.3775E-09
 8  512  10  4096  0.3756E-09
 8  512  11  4096  0.3387E-09
 8  512  11  4096  0.3362E-09
 8  512  11  4096  0.3374E-09
 8  512  11  4096  0.3363E-09
 8  512  11  4096  0.3368E-09
 8  512  11  4096  0.3357E-09
 8  512  11  4096  0.3372E-09
 8  512  11  4096  0.3353E-09
 8  512  11  4096  0.3368E-09
 8  512  11  4096  0.3372E-09
 8  512  12  4096  0.2895E-09
 8  512  12  4096  0.2873E-09
 8  512  12  4096  0.2881E-09
 8  512  12  4096  0.2875E-09
 8  512  12  4096  0.2865E-09
 8  512  12  4096  0.2883E-09
 8  512  12  4096  0.2878E-09
 8  512  12  4096  0.2880E-09
 8  512  12  4096  0.2880E-09
 8  512  12  4096  0.2863E-09
 8  512  13  4096  0.2745E-09
 8  512  13  4096  0.2736E-09
 8  512  13  4096  0.2730E-09
 8  512  13  4096  0.2734E-09
 8  512  13  4096  0.2738E-09
 8  512  13  4096  0.2739E-09
 8  512  13  4096  0.2736E-09
 8  512  13  4096  0.2728E-09
 8  512  13  4096  0.2739E-09
 8  512  13  4096  0.2738E-09
 8  512  15  4096  0.2513E-09
 8  512  15  4096  0.2507E-09
 8  512  15  4096  0.2512E-09
 8  512  15  4096  0.2509E-09
 8  512  15  4096  0.2517E-09
 8  512  15  4096  0.2512E-09
 8  512  15  4096  0.2511E-09
 8  512  15  4096  0.2520E-09
 8  512  15  4096  0.2515E-09
 8  512  15  4096  0.2519E-09
