 8  64  3  512  0.2841E-07
 8  64  3  512  0.1056E-07
 8  64  3  512  0.1030E-07
 8  64  3  512  0.1076E-07
 8  64  3  512  0.1157E-07
 8  64  3  512  0.1042E-07
 8  64  3  512  0.9233E-08
 8  64  3  512  0.9865E-08
 8  64  3  512  0.1068E-07
 8  64  3  512  0.9859E-08
 8  64  4  512  0.1685E-07
 8  64  4  512  0.6102E-08
 8  64  4  512  0.5767E-08
 8  64  4  512  0.5716E-08
 8  64  4  512  0.5525E-08
 8  64  4  512  0.5573E-08
 8  64  4  512  0.5270E-08
 8  64  4  512  0.5513E-08
 8  64  4  512  0.5290E-08
 8  64  4  512  0.5605E-08
 8  64  5  512  0.1062E-07
 8  64  5  512  0.3926E-08
 8  64  5  512  0.3802E-08
 8  64  5  512  0.4089E-08
 8  64  5  512  0.4786E-08
 8  64  5  512  0.3807E-08
 8  64  5  512  0.3734E-08
 8  64  5  512  0.3959E-08
 8  64  5  512  0.3807E-08
 8  64  5  512  0.3874E-08
 8  64  6  512  0.1197E-08
 8  64  6  512  0.1147E-08
 8  64  6  512  0.1154E-08
 8  64  6  512  0.1152E-08
 8  64  6  512  0.1151E-08
 8  64  6  512  0.1146E-08
 8  64  6  512  0.1154E-08
 8  64  6  512  0.1149E-08
 8  64  6  512  0.1152E-08
 8  64  6  512  0.1141E-08
 8  64  7  512  0.1253E-08
 8  64  7  512  0.1204E-08
 8  64  7  512  0.1201E-08
 8  64  7  512  0.1214E-08
 8  64  7  512  0.1202E-08
 8  64  7  512  0.1211E-08
 8  64  7  512  0.1273E-08
 8  64  7  512  0.1246E-08
 8  64  7  512  0.1206E-08
 8  64  7  512  0.1205E-08
 8  64  8  512  0.1097E-08
 8  64  8  512  0.1079E-08
 8  64  8  512  0.1072E-08
 8  64  8  512  0.1077E-08
 8  64  8  512  0.1079E-08
 8  64  8  512  0.1079E-08
 8  64  8  512  0.1073E-08
 8  64  8  512  0.1080E-08
 8  64  8  512  0.1077E-08
 8  64  8  512  0.1078E-08
 8  64  9  512  0.1185E-08
 8  64  9  512  0.1166E-08
 8  64  9  512  0.1164E-08
 8  64  9  512  0.1165E-08
 8  64  9  512  0.1161E-08
 8  64  9  512  0.1166E-08
 8  64  9  512  0.1163E-08
 8  64  9  512  0.1165E-08
 8  64  9  512  0.1165E-08
 8  64  9  512  0.1163E-08
 8  64  10  512  0.1175E-08
 8  64  10  512  0.1159E-08
 8  64  10  512  0.1160E-08
 8  64  10  512  0.1162E-08
 8  64  10  512  0.1159E-08
 8  64  10  512  0.1160E-08
 8  64  10  512  0.1159E-08
 8  64  10  512  0.1158E-08
 8  64  10  512  0.1160E-08
 8  64  10  512  0.1161E-08
 8  64  11  512  0.1177E-08
 8  64  11  512  0.1166E-08
 8  64  11  512  0.1166E-08
 8  64  11  512  0.1164E-08
 8  64  11  512  0.1166E-08
 8  64  11  512  0.1165E-08
 8  64  11  512  0.1166E-08
 8  64  11  512  0.1166E-08
 8  64  11  512  0.1166E-08
 8  64  11  512  0.1166E-08
 8  64  12  512  0.1058E-08
 8  64  12  512  0.1049E-08
 8  64  12  512  0.1048E-08
 8  64  12  512  0.1050E-08
 8  64  12  512  0.1048E-08
 8  64  12  512  0.1050E-08
 8  64  12  512  0.1049E-08
 8  64  12  512  0.1051E-08
 8  64  12  512  0.1049E-08
 8  64  12  512  0.1047E-08
 8  64  13  512  0.1082E-08
 8  64  13  512  0.1079E-08
 8  64  13  512  0.1077E-08
 8  64  13  512  0.1078E-08
 8  64  13  512  0.1078E-08
 8  64  13  512  0.1079E-08
 8  64  13  512  0.1078E-08
 8  64  13  512  0.1079E-08
 8  64  13  512  0.1077E-08
 8  64  13  512  0.1079E-08
 8  64  14  512  0.1012E-08
 8  64  14  512  0.1008E-08
 8  64  14  512  0.1010E-08
 8  64  14  512  0.1007E-08
 8  64  14  512  0.1007E-08
 8  64  14  512  0.1008E-08
 8  64  14  512  0.1008E-08
 8  64  14  512  0.1008E-08
 8  64  14  512  0.1009E-08
 8  64  14  512  0.1007E-08
 8  64  15  512  0.1104E-08
 8  64  15  512  0.1100E-08
 8  64  15  512  0.1101E-08
 8  64  15  512  0.1101E-08
 8  64  15  512  0.1101E-08
 8  64  15  512  0.1102E-08
 8  64  15  512  0.1101E-08
 8  64  15  512  0.1101E-08
 8  64  15  512  0.1102E-08
 8  64  15  512  0.1101E-08
 8  64  16  512  0.1072E-08
 8  64  16  512  0.1069E-08
 8  64  16  512  0.1070E-08
 8  64  16  512  0.1070E-08
 8  64  16  512  0.1069E-08
 8  64  16  512  0.1070E-08
 8  64  16  512  0.1069E-08
 8  64  16  512  0.1069E-08
 8  64  16  512  0.1069E-08
 8  64  16  512  0.1069E-08
 8  64  17  512  0.1288E-08
 8  64  17  512  0.1285E-08
 8  64  17  512  0.1286E-08
 8  64  17  512  0.1285E-08
 8  64  17  512  0.1285E-08
 8  64  17  512  0.1285E-08
 8  64  17  512  0.1286E-08
 8  64  17  512  0.1285E-08
 8  64  17  512  0.1285E-08
 8  64  17  512  0.1284E-08
 8  64  18  512  0.1264E-08
 8  64  18  512  0.1263E-08
 8  64  18  512  0.1262E-08
 8  64  18  512  0.1263E-08
 8  64  18  512  0.1263E-08
 8  64  18  512  0.1262E-08
 8  64  18  512  0.1263E-08
 8  64  18  512  0.1262E-08
 8  64  18  512  0.1262E-08
 8  64  18  512  0.1262E-08
 8  64  19  512  0.1358E-08
 8  64  19  512  0.1356E-08
 8  64  19  512  0.1356E-08
 8  64  19  512  0.1357E-08
 8  64  19  512  0.1356E-08
 8  64  19  512  0.1357E-08
 8  64  19  512  0.1357E-08
 8  64  19  512  0.1358E-08
 8  64  19  512  0.1358E-08
 8  64  19  512  0.1357E-08
 8  64  20  512  0.1329E-08
 8  64  20  512  0.1327E-08
 8  64  20  512  0.1327E-08
 8  64  20  512  0.1327E-08
 8  64  20  512  0.1327E-08
 8  64  20  512  0.1327E-08
 8  64  20  512  0.1327E-08
 8  64  20  512  0.1327E-08
 8  64  20  512  0.1327E-08
 8  64  20  512  0.1327E-08
