 8  256  3  2048  0.1337E-07
 8  256  3  2048  0.7492E-08
 8  256  3  2048  0.6656E-08
 8  256  3  2048  0.6709E-08
 8  256  3  2048  0.6258E-08
 8  256  3  2048  0.6643E-08
 8  256  3  2048  0.6643E-08
 8  256  3  2048  0.6258E-08
 8  256  3  2048  0.7349E-08
 8  256  3  2048  0.7445E-08
 8  256  4  2048  0.1868E-08
 8  256  4  2048  0.1819E-08
 8  256  4  2048  0.1818E-08
 8  256  4  2048  0.1820E-08
 8  256  4  2048  0.1816E-08
 8  256  4  2048  0.1809E-08
 8  256  4  2048  0.1833E-08
 8  256  4  2048  0.1833E-08
 8  256  4  2048  0.1854E-08
 8  256  4  2048  0.1830E-08
 8  256  5  2048  0.1332E-08
 8  256  5  2048  0.1313E-08
 8  256  5  2048  0.1320E-08
 8  256  5  2048  0.1307E-08
 8  256  5  2048  0.1354E-08
 8  256  5  2048  0.1313E-08
 8  256  5  2048  0.1312E-08
 8  256  5  2048  0.1312E-08
 8  256  5  2048  0.1314E-08
 8  256  5  2048  0.1312E-08
 8  256  6  2048  0.9450E-09
 8  256  6  2048  0.9375E-09
 8  256  6  2048  0.9304E-09
 8  256  6  2048  0.9281E-09
 8  256  6  2048  0.9312E-09
 8  256  6  2048  0.9308E-09
 8  256  6  2048  0.9252E-09
 8  256  6  2048  0.9269E-09
 8  256  6  2048  0.9314E-09
 8  256  6  2048  0.9321E-09
 8  256  7  2048  0.7588E-09
 8  256  7  2048  0.7504E-09
 8  256  7  2048  0.7474E-09
 8  256  7  2048  0.7419E-09
 8  256  7  2048  0.7452E-09
 8  256  7  2048  0.7462E-09
 8  256  7  2048  0.7440E-09
 8  256  7  2048  0.7516E-09
 8  256  7  2048  0.7472E-09
 8  256  7  2048  0.7400E-09
 8  256  8  2048  0.5827E-09
 8  256  8  2048  0.5810E-09
 8  256  8  2048  0.5820E-09
 8  256  8  2048  0.5776E-09
 8  256  8  2048  0.5806E-09
 8  256  8  2048  0.5809E-09
 8  256  8  2048  0.5790E-09
 8  256  8  2048  0.5825E-09
 8  256  8  2048  0.5813E-09
 8  256  8  2048  0.5786E-09
 8  256  9  2048  0.5417E-09
 8  256  9  2048  0.5361E-09
 8  256  9  2048  0.5346E-09
 8  256  9  2048  0.5347E-09
 8  256  9  2048  0.5384E-09
 8  256  9  2048  0.5358E-09
 8  256  9  2048  0.5355E-09
 8  256  9  2048  0.5347E-09
 8  256  9  2048  0.5369E-09
 8  256  9  2048  0.5375E-09
 8  256  10  2048  0.4826E-09
 8  256  10  2048  0.4797E-09
 8  256  10  2048  0.4794E-09
 8  256  10  2048  0.4781E-09
 8  256  10  2048  0.4799E-09
 8  256  10  2048  0.4778E-09
 8  256  10  2048  0.4779E-09
 8  256  10  2048  0.4798E-09
 8  256  10  2048  0.4780E-09
 8  256  10  2048  0.4859E-09
 8  256  11  2048  0.4570E-09
 8  256  11  2048  0.4587E-09
 8  256  11  2048  0.4551E-09
 8  256  11  2048  0.4542E-09
 8  256  11  2048  0.4527E-09
 8  256  11  2048  0.4543E-09
 8  256  11  2048  0.4544E-09
 8  256  11  2048  0.4527E-09
 8  256  11  2048  0.4543E-09
 8  256  11  2048  0.4532E-09
 8  256  12  2048  0.3999E-09
 8  256  12  2048  0.3947E-09
 8  256  12  2048  0.3932E-09
 8  256  12  2048  0.3933E-09
 8  256  12  2048  0.3945E-09
 8  256  12  2048  0.3934E-09
 8  256  12  2048  0.3950E-09
 8  256  12  2048  0.3938E-09
 8  256  12  2048  0.3942E-09
 8  256  12  2048  0.3941E-09
 8  256  13  2048  0.3870E-09
 8  256  13  2048  0.3847E-09
 8  256  13  2048  0.3851E-09
 8  256  13  2048  0.3845E-09
 8  256  13  2048  0.3915E-09
 8  256  13  2048  0.3846E-09
 8  256  13  2048  0.3855E-09
 8  256  13  2048  0.3856E-09
 8  256  13  2048  0.3896E-09
 8  256  13  2048  0.3848E-09
 8  256  14  2048  0.3585E-09
 8  256  14  2048  0.3569E-09
 8  256  14  2048  0.3569E-09
 8  256  14  2048  0.3568E-09
 8  256  14  2048  0.3572E-09
 8  256  14  2048  0.3565E-09
 8  256  14  2048  0.3568E-09
 8  256  14  2048  0.3568E-09
 8  256  14  2048  0.3570E-09
 8  256  14  2048  0.3567E-09
 8  256  15  2048  0.3645E-09
 8  256  15  2048  0.3633E-09
 8  256  15  2048  0.3669E-09
 8  256  15  2048  0.3636E-09
 8  256  15  2048  0.3640E-09
 8  256  15  2048  0.3639E-09
 8  256  15  2048  0.3633E-09
 8  256  15  2048  0.3639E-09
 8  256  15  2048  0.3638E-09
 8  256  15  2048  0.3640E-09
 8  256  16  2048  0.3548E-09
 8  256  16  2048  0.3510E-09
 8  256  16  2048  0.3510E-09
 8  256  16  2048  0.3510E-09
 8  256  16  2048  0.3506E-09
 8  256  16  2048  0.3512E-09
 8  256  16  2048  0.3510E-09
 8  256  16  2048  0.3510E-09
 8  256  16  2048  0.3510E-09
 8  256  16  2048  0.3510E-09
 8  256  17  2048  0.4055E-09
 8  256  17  2048  0.4049E-09
 8  256  17  2048  0.4047E-09
 8  256  17  2048  0.4078E-09
 8  256  17  2048  0.4044E-09
 8  256  17  2048  0.4045E-09
 8  256  17  2048  0.4044E-09
 8  256  17  2048  0.4073E-09
 8  256  17  2048  0.4049E-09
 8  256  17  2048  0.4049E-09
 8  256  18  2048  0.3921E-09
 8  256  18  2048  0.3916E-09
 8  256  18  2048  0.3913E-09
 8  256  18  2048  0.3911E-09
 8  256  18  2048  0.3909E-09
 8  256  18  2048  0.3915E-09
 8  256  18  2048  0.3914E-09
 8  256  18  2048  0.3914E-09
 8  256  18  2048  0.3915E-09
 8  256  18  2048  0.3914E-09
 8  256  19  2048  0.4097E-09
 8  256  19  2048  0.4114E-09
 8  256  19  2048  0.4103E-09
 8  256  19  2048  0.4102E-09
 8  256  19  2048  0.4093E-09
 8  256  19  2048  0.4094E-09
 8  256  19  2048  0.4091E-09
 8  256  19  2048  0.4114E-09
 8  256  19  2048  0.4112E-09
 8  256  19  2048  0.4095E-09
 8  256  20  2048  0.3957E-09
 8  256  20  2048  0.3956E-09
 8  256  20  2048  0.3954E-09
 8  256  20  2048  0.3954E-09
 8  256  20  2048  0.3994E-09
 8  256  20  2048  0.3953E-09
 8  256  20  2048  0.3955E-09
 8  256  20  2048  0.3952E-09
 8  256  20  2048  0.3952E-09
 8  256  20  2048  0.3993E-09
