 8  256  3  2048  0.9506E-08
 8  256  3  2048  0.4635E-08
 8  256  3  2048  0.4588E-08
 8  256  3  2048  0.4431E-08
 8  256  3  2048  0.4967E-08
 8  256  3  2048  0.4394E-08
 8  256  3  2048  0.4333E-08
 8  256  3  2048  0.4720E-08
 8  256  3  2048  0.2969E-08
 8  256  3  2048  0.4365E-08
 8  256  4  2048  0.8219E-09
 8  256  4  2048  0.7978E-09
 8  256  4  2048  0.7943E-09
 8  256  4  2048  0.8022E-09
 8  256  4  2048  0.7936E-09
 8  256  4  2048  0.8055E-09
 8  256  4  2048  0.7926E-09
 8  256  4  2048  0.7856E-09
 8  256  4  2048  0.8097E-09
 8  256  4  2048  0.8118E-09
 8  256  5  2048  0.5437E-09
 8  256  5  2048  0.5322E-09
 8  256  5  2048  0.5207E-09
 8  256  5  2048  0.5196E-09
 8  256  5  2048  0.5275E-09
 8  256  5  2048  0.5246E-09
 8  256  5  2048  0.5225E-09
 8  256  5  2048  0.5200E-09
 8  256  5  2048  0.5184E-09
 8  256  5  2048  0.5234E-09
 8  256  6  2048  0.4332E-09
 8  256  6  2048  0.4222E-09
 8  256  6  2048  0.4161E-09
 8  256  6  2048  0.4146E-09
 8  256  6  2048  0.4164E-09
 8  256  6  2048  0.4143E-09
 8  256  6  2048  0.4171E-09
 8  256  6  2048  0.4214E-09
 8  256  6  2048  0.4163E-09
 8  256  6  2048  0.4204E-09
 8  256  7  2048  0.4188E-09
 8  256  7  2048  0.4112E-09
 8  256  7  2048  0.4089E-09
 8  256  7  2048  0.4085E-09
 8  256  7  2048  0.4123E-09
 8  256  7  2048  0.4127E-09
 8  256  7  2048  0.4101E-09
 8  256  7  2048  0.4152E-09
 8  256  7  2048  0.4133E-09
 8  256  7  2048  0.4104E-09
 8  256  8  2048  0.3493E-09
 8  256  8  2048  0.3523E-09
 8  256  8  2048  0.3438E-09
 8  256  8  2048  0.3453E-09
 8  256  8  2048  0.3439E-09
 8  256  8  2048  0.3446E-09
 8  256  8  2048  0.3447E-09
 8  256  8  2048  0.3459E-09
 8  256  8  2048  0.3427E-09
 8  256  8  2048  0.3445E-09
 8  256  9  2048  0.3583E-09
 8  256  9  2048  0.3507E-09
 8  256  9  2048  0.3502E-09
 8  256  9  2048  0.3532E-09
 8  256  9  2048  0.3509E-09
 8  256  9  2048  0.3521E-09
 8  256  9  2048  0.3514E-09
 8  256  9  2048  0.3504E-09
 8  256  9  2048  0.3526E-09
 8  256  9  2048  0.3515E-09
 8  256  10  2048  0.3361E-09
 8  256  10  2048  0.3316E-09
 8  256  10  2048  0.3320E-09
 8  256  10  2048  0.3301E-09
 8  256  10  2048  0.3310E-09
 8  256  10  2048  0.3300E-09
 8  256  10  2048  0.3314E-09
 8  256  10  2048  0.3329E-09
 8  256  10  2048  0.3310E-09
 8  256  10  2048  0.3289E-09
 8  256  11  2048  0.3298E-09
 8  256  11  2048  0.3261E-09
 8  256  11  2048  0.3256E-09
 8  256  11  2048  0.3260E-09
 8  256  11  2048  0.3268E-09
 8  256  11  2048  0.3252E-09
 8  256  11  2048  0.3255E-09
 8  256  11  2048  0.3255E-09
 8  256  11  2048  0.3267E-09
 8  256  11  2048  0.3254E-09
 8  256  12  2048  0.2890E-09
 8  256  12  2048  0.2853E-09
 8  256  12  2048  0.2939E-09
 8  256  12  2048  0.2858E-09
 8  256  12  2048  0.2860E-09
 8  256  12  2048  0.2871E-09
 8  256  12  2048  0.2862E-09
 8  256  12  2048  0.2856E-09
 8  256  12  2048  0.2867E-09
 8  256  12  2048  0.2856E-09
 8  256  13  2048  0.2929E-09
 8  256  13  2048  0.2909E-09
 8  256  13  2048  0.2902E-09
 8  256  13  2048  0.2904E-09
 8  256  13  2048  0.2902E-09
 8  256  13  2048  0.2904E-09
 8  256  13  2048  0.2904E-09
 8  256  13  2048  0.2921E-09
 8  256  13  2048  0.2902E-09
 8  256  13  2048  0.2909E-09
 8  256  14  2048  0.2694E-09
 8  256  14  2048  0.2683E-09
 8  256  14  2048  0.2677E-09
 8  256  14  2048  0.2672E-09
 8  256  14  2048  0.2677E-09
 8  256  14  2048  0.2677E-09
 8  256  14  2048  0.2727E-09
 8  256  14  2048  0.2679E-09
 8  256  14  2048  0.2680E-09
 8  256  14  2048  0.2690E-09
 8  256  15  2048  0.2871E-09
 8  256  15  2048  0.2856E-09
 8  256  15  2048  0.2900E-09
 8  256  15  2048  0.2860E-09
 8  256  15  2048  0.2856E-09
 8  256  15  2048  0.2861E-09
 8  256  15  2048  0.2859E-09
 8  256  15  2048  0.2862E-09
 8  256  15  2048  0.2865E-09
 8  256  15  2048  0.2860E-09
 8  256  16  2048  0.2794E-09
 8  256  16  2048  0.2783E-09
 8  256  16  2048  0.2786E-09
 8  256  16  2048  0.2787E-09
 8  256  16  2048  0.2813E-09
 8  256  16  2048  0.2794E-09
 8  256  16  2048  0.2786E-09
 8  256  16  2048  0.2786E-09
 8  256  16  2048  0.2782E-09
 8  256  16  2048  0.2784E-09
 8  256  17  2048  0.3320E-09
 8  256  17  2048  0.3344E-09
 8  256  17  2048  0.3313E-09
 8  256  17  2048  0.3315E-09
 8  256  17  2048  0.3315E-09
 8  256  17  2048  0.3315E-09
 8  256  17  2048  0.3339E-09
 8  256  17  2048  0.3313E-09
 8  256  17  2048  0.3316E-09
 8  256  17  2048  0.3312E-09
 8  256  18  2048  0.3234E-09
 8  256  18  2048  0.3231E-09
 8  256  18  2048  0.3245E-09
 8  256  18  2048  0.3266E-09
 8  256  18  2048  0.3257E-09
 8  256  18  2048  0.3253E-09
 8  256  18  2048  0.3242E-09
 8  256  18  2048  0.3232E-09
 8  256  18  2048  0.3230E-09
 8  256  18  2048  0.3228E-09
 8  256  19  2048  0.3465E-09
 8  256  19  2048  0.3485E-09
 8  256  19  2048  0.3461E-09
 8  256  19  2048  0.3461E-09
 8  256  19  2048  0.3461E-09
 8  256  19  2048  0.3459E-09
 8  256  19  2048  0.3484E-09
 8  256  19  2048  0.3482E-09
 8  256  19  2048  0.3461E-09
 8  256  19  2048  0.3461E-09
 8  256  20  2048  0.3395E-09
 8  256  20  2048  0.3391E-09
 8  256  20  2048  0.3371E-09
 8  256  20  2048  0.3371E-09
 8  256  20  2048  0.3370E-09
 8  256  20  2048  0.3370E-09
 8  256  20  2048  0.3390E-09
 8  256  20  2048  0.3391E-09
 8  256  20  2048  0.3369E-09
 8  256  20  2048  0.3370E-09
