 8  2  3  16  0.1658E-06
 8  2  3  16  0.1172E-06
 8  2  3  16  0.1164E-06
 8  2  3  16  0.1496E-06
 8  2  3  16  0.1135E-06
 8  2  3  16  0.1575E-06
 8  2  3  16  0.1521E-06
 8  2  3  16  0.1166E-06
 8  2  3  16  0.1174E-06
 8  2  3  16  0.1913E-06
 8  2  4  16  0.8785E-07
 8  2  4  16  0.9212E-07
 8  2  4  16  0.1068E-06
 8  2  4  16  0.8560E-07
 8  2  4  16  0.9600E-07
 8  2  4  16  0.8654E-07
 8  2  4  16  0.8498E-07
 8  2  4  16  0.8265E-07
 8  2  4  16  0.9181E-07
 8  2  4  16  0.8560E-07
 8  2  5  16  0.8333E-07
 8  2  5  16  0.7900E-07
 8  2  5  16  0.8718E-07
 8  2  5  16  0.7999E-07
 8  2  5  16  0.7852E-07
 8  2  5  16  0.7800E-07
 8  2  5  16  0.7768E-07
 8  2  5  16  0.8182E-07
 8  2  5  16  0.8484E-07
 8  2  5  16  0.7900E-07
 8  2  6  16  0.7428E-07
 8  2  6  16  0.6462E-07
 8  2  6  16  0.6317E-07
 8  2  6  16  0.6308E-07
 8  2  6  16  0.6356E-07
 8  2  6  16  0.6462E-07
 8  2  6  16  0.6367E-07
 8  2  6  16  0.6347E-07
 8  2  6  16  0.6975E-07
 8  2  6  16  0.6501E-07
 8  2  7  16  0.5843E-07
 8  2  7  16  0.5218E-07
 8  2  7  16  0.5273E-07
 8  2  7  16  0.5278E-07
 8  2  7  16  0.5273E-07
 8  2  7  16  0.5577E-07
 8  2  7  16  0.5235E-07
 8  2  7  16  0.5315E-07
 8  2  7  16  0.5271E-07
 8  2  7  16  0.5412E-07
 8  2  7  16  0.5866E-07
 8  2  7  16  0.5115E-07
 8  2  7  16  0.5108E-07
 8  2  7  16  0.5157E-07
 8  2  7  16  0.5642E-07
 8  2  7  16  0.5139E-07
 8  2  7  16  0.5132E-07
 8  2  7  16  0.5138E-07
 8  2  7  16  0.5309E-07
 8  2  7  16  0.5126E-07
 8  2  8  16  0.5139E-07
 8  2  8  16  0.4829E-07
 8  2  8  16  0.4684E-07
 8  2  8  16  0.4667E-07
 8  2  8  16  0.4805E-07
 8  2  8  16  0.4656E-07
 8  2  8  16  0.4695E-07
 8  2  8  16  0.4781E-07
 8  2  8  16  0.4695E-07
 8  2  8  16  0.4656E-07
 8  2  9  16  0.5207E-07
 8  2  9  16  0.4721E-07
 8  2  9  16  0.4713E-07
 8  2  9  16  0.4718E-07
 8  2  9  16  0.4715E-07
 8  2  9  16  0.4798E-07
 8  2  9  16  0.4724E-07
 8  2  9  16  0.5058E-07
 8  2  9  16  0.4733E-07
 8  2  9  16  0.4790E-07
 8  2  10  16  0.6042E-07
 8  2  10  16  0.5752E-07
 8  2  10  16  0.5731E-07
 8  2  10  16  0.5748E-07
 8  2  10  16  0.5650E-07
 8  2  10  16  0.5759E-07
 8  2  10  16  0.5775E-07
 8  2  10  16  0.5787E-07
 8  2  10  16  0.5842E-07
 8  2  10  16  0.5766E-07
 8  2  11  16  0.5367E-07
 8  2  11  16  0.5118E-07
 8  2  11  16  0.5148E-07
 8  2  11  16  0.5157E-07
 8  2  11  16  0.5164E-07
 8  2  11  16  0.5145E-07
 8  2  11  16  0.5067E-07
 8  2  11  16  0.5048E-07
 8  2  11  16  0.5107E-07
 8  2  11  16  0.5115E-07
 8  2  12  16  0.4507E-07
 8  2  12  16  0.4373E-07
 8  2  12  16  0.4355E-07
 8  2  12  16  0.4370E-07
 8  2  12  16  0.4361E-07
 8  2  12  16  0.4361E-07
 8  2  12  16  0.4369E-07
 8  2  12  16  0.4358E-07
 8  2  12  16  0.4401E-07
 8  2  12  16  0.4358E-07
 8  2  13  16  0.3199E-07
 8  2  13  16  0.3200E-07
 8  2  13  16  0.3196E-07
 8  2  13  16  0.3195E-07
 8  2  13  16  0.3198E-07
 8  2  13  16  0.3200E-07
 8  2  13  16  0.3196E-07
 8  2  13  16  0.3197E-07
 8  2  13  16  0.3199E-07
 8  2  13  16  0.3196E-07
 8  2  14  16  0.3074E-07
 8  2  14  16  0.3075E-07
 8  2  14  16  0.3071E-07
 8  2  14  16  0.3074E-07
 8  2  14  16  0.3074E-07
 8  2  14  16  0.3078E-07
 8  2  14  16  0.3074E-07
 8  2  14  16  0.3072E-07
 8  2  14  16  0.3075E-07
 8  2  14  16  0.3073E-07
 8  2  16  16  0.3344E-07
 8  2  16  16  0.3342E-07
 8  2  16  16  0.3344E-07
 8  2  16  16  0.3340E-07
 8  2  16  16  0.3343E-07
 8  2  16  16  0.3342E-07
 8  2  16  16  0.3342E-07
 8  2  16  16  0.3344E-07
 8  2  16  16  0.3341E-07
 8  2  16  16  0.3342E-07
 8  2  17  16  0.4047E-07
 8  2  17  16  0.4047E-07
 8  2  17  16  0.4047E-07
 8  2  17  16  0.4047E-07
 8  2  17  16  0.4047E-07
 8  2  17  16  0.4048E-07
 8  2  17  16  0.4048E-07
 8  2  17  16  0.4047E-07
 8  2  17  16  0.4048E-07
 8  2  17  16  0.4047E-07
 8  2  18  16  0.3988E-07
 8  2  18  16  0.3990E-07
 8  2  18  16  0.3988E-07
 8  2  18  16  0.3990E-07
 8  2  18  16  0.3988E-07
 8  2  18  16  0.3989E-07
 8  2  18  16  0.3987E-07
 8  2  18  16  0.3989E-07
 8  2  18  16  0.3989E-07
 8  2  18  16  0.3989E-07
 8  2  19  16  0.4266E-07
 8  2  19  16  0.4264E-07
 8  2  19  16  0.4265E-07
 8  2  19  16  0.4263E-07
 8  2  19  16  0.4264E-07
 8  2  19  16  0.4264E-07
 8  2  19  16  0.4265E-07
 8  2  19  16  0.4264E-07
 8  2  19  16  0.4265E-07
 8  2  19  16  0.4264E-07
 8  2  20  16  0.4191E-07
 8  2  20  16  0.4192E-07
 8  2  20  16  0.4190E-07
 8  2  20  16  0.4189E-07
 8  2  20  16  0.4192E-07
 8  2  20  16  0.4189E-07
 8  2  20  16  0.4190E-07
 8  2  20  16  0.4191E-07
 8  2  20  16  0.4188E-07
 8  2  20  16  0.4190E-07
