 8  1024  3  8192  0.2894E-08
 8  1024  3  8192  0.2767E-08
 8  1024  3  8192  0.2725E-08
 8  1024  3  8192  0.2749E-08
 8  1024  3  8192  0.2703E-08
 8  1024  3  8192  0.2723E-08
 8  1024  3  8192  0.2733E-08
 8  1024  3  8192  0.2703E-08
 8  1024  3  8192  0.2702E-08
 8  1024  3  8192  0.2707E-08
 8  1024  4  8192  0.1386E-08
 8  1024  4  8192  0.1973E-08
 8  1024  4  8192  0.1779E-08
 8  1024  4  8192  0.1632E-08
 8  1024  4  8192  0.1602E-08
 8  1024  4  8192  0.1182E-08
 8  1024  4  8192  0.1175E-08
 8  1024  4  8192  0.1142E-08
 8  1024  4  8192  0.1153E-08
 8  1024  4  8192  0.1176E-08
 8  1024  5  8192  0.7457E-09
 8  1024  5  8192  0.7185E-09
 8  1024  5  8192  0.7014E-09
 8  1024  5  8192  0.7026E-09
 8  1024  5  8192  0.6955E-09
 8  1024  5  8192  0.6932E-09
 8  1024  5  8192  0.7074E-09
 8  1024  5  8192  0.6947E-09
 8  1024  5  8192  0.6990E-09
 8  1024  5  8192  0.7001E-09
 8  1024  6  8192  0.5198E-09
 8  1024  6  8192  0.4929E-09
 8  1024  6  8192  0.4933E-09
 8  1024  6  8192  0.4952E-09
 8  1024  6  8192  0.4945E-09
 8  1024  6  8192  0.4983E-09
 8  1024  6  8192  0.4900E-09
 8  1024  6  8192  0.4956E-09
 8  1024  6  8192  0.4893E-09
 8  1024  6  8192  0.4912E-09
 8  1024  7  8192  0.4147E-09
 8  1024  7  8192  0.4011E-09
 8  1024  7  8192  0.4039E-09
 8  1024  7  8192  0.3968E-09
 8  1024  7  8192  0.4061E-09
 8  1024  7  8192  0.4068E-09
 8  1024  7  8192  0.3946E-09
 8  1024  7  8192  0.4065E-09
 8  1024  7  8192  0.4092E-09
 8  1024  7  8192  0.3966E-09
 8  1024  8  8192  0.3245E-09
 8  1024  8  8192  0.3134E-09
 8  1024  8  8192  0.3159E-09
 8  1024  8  8192  0.3155E-09
 8  1024  8  8192  0.3144E-09
 8  1024  8  8192  0.3197E-09
 8  1024  8  8192  0.3158E-09
 8  1024  8  8192  0.3153E-09
 8  1024  8  8192  0.3187E-09
 8  1024  8  8192  0.3151E-09
 8  1024  9  8192  0.2830E-09
 8  1024  9  8192  0.2775E-09
 8  1024  9  8192  0.2764E-09
 8  1024  9  8192  0.2750E-09
 8  1024  9  8192  0.2768E-09
 8  1024  9  8192  0.2751E-09
 8  1024  9  8192  0.2754E-09
 8  1024  9  8192  0.2759E-09
 8  1024  9  8192  0.2764E-09
 8  1024  9  8192  0.2772E-09
 8  1024  10  8192  0.2348E-09
 8  1024  10  8192  0.2297E-09
 8  1024  10  8192  0.2310E-09
 8  1024  10  8192  0.2301E-09
 8  1024  10  8192  0.2306E-09
 8  1024  10  8192  0.2297E-09
 8  1024  10  8192  0.2306E-09
 8  1024  10  8192  0.2306E-09
 8  1024  10  8192  0.2305E-09
 8  1024  10  8192  0.2300E-09
 8  1024  11  8192  0.2069E-09
 8  1024  11  8192  0.2025E-09
 8  1024  11  8192  0.2027E-09
 8  1024  11  8192  0.2032E-09
 8  1024  11  8192  0.2020E-09
 8  1024  11  8192  0.2032E-09
 8  1024  11  8192  0.2040E-09
 8  1024  11  8192  0.2023E-09
 8  1024  11  8192  0.2032E-09
 8  1024  11  8192  0.2026E-09
 8  1024  12  8192  0.1716E-09
 8  1024  12  8192  0.1692E-09
 8  1024  12  8192  0.1703E-09
 8  1024  12  8192  0.1698E-09
 8  1024  12  8192  0.1692E-09
 8  1024  12  8192  0.1705E-09
 8  1024  12  8192  0.1703E-09
 8  1024  12  8192  0.1699E-09
 8  1024  12  8192  0.1695E-09
 8  1024  12  8192  0.1714E-09
 8  1024  13  8192  0.1563E-09
 8  1024  13  8192  0.1536E-09
 8  1024  13  8192  0.1544E-09
 8  1024  13  8192  0.1544E-09
 8  1024  13  8192  0.1548E-09
 8  1024  13  8192  0.1543E-09
 8  1024  13  8192  0.1547E-09
 8  1024  13  8192  0.1542E-09
 8  1024  13  8192  0.1548E-09
 8  1024  13  8192  0.1537E-09
 8  1024  14  8192  0.1376E-09
 8  1024  14  8192  0.1366E-09
 8  1024  14  8192  0.1365E-09
 8  1024  14  8192  0.1367E-09
 8  1024  14  8192  0.1361E-09
 8  1024  14  8192  0.1370E-09
 8  1024  14  8192  0.1366E-09
 8  1024  14  8192  0.1370E-09
 8  1024  14  8192  0.1366E-09
 8  1024  14  8192  0.1365E-09
 8  1024  15  8192  0.1342E-09
 8  1024  15  8192  0.1328E-09
 8  1024  15  8192  0.1341E-09
 8  1024  15  8192  0.1332E-09
 8  1024  15  8192  0.1331E-09
 8  1024  15  8192  0.1331E-09
 8  1024  15  8192  0.1329E-09
 8  1024  15  8192  0.1333E-09
 8  1024  15  8192  0.1325E-09
 8  1024  15  8192  0.1329E-09
