 8  2  3  16  0.4945E-07
 8  2  3  16  0.5010E-07
 8  2  3  16  0.4911E-07
 8  2  3  16  0.4938E-07
 8  2  3  16  0.4898E-07
 8  2  3  16  0.4857E-07
 8  2  3  16  0.4876E-07
 8  2  3  16  0.4875E-07
 8  2  3  16  0.4882E-07
 8  2  3  16  0.5049E-07
 8  2  4  16  0.4652E-07
 8  2  4  16  0.4664E-07
 8  2  4  16  0.4641E-07
 8  2  4  16  0.4629E-07
 8  2  4  16  0.4636E-07
 8  2  4  16  0.4618E-07
 8  2  4  16  0.4624E-07
 8  2  4  16  0.4641E-07
 8  2  4  16  0.4625E-07
 8  2  4  16  0.4625E-07
 8  2  5  16  0.3640E-07
 8  2  5  16  0.3609E-07
 8  2  5  16  0.3587E-07
 8  2  5  16  0.3585E-07
 8  2  5  16  0.3588E-07
 8  2  5  16  0.3589E-07
 8  2  5  16  0.3598E-07
 8  2  5  16  0.3580E-07
 8  2  5  16  0.3605E-07
 8  2  5  16  0.3606E-07
 8  2  6  16  0.2958E-07
 8  2  6  16  0.2854E-07
 8  2  6  16  0.2839E-07
 8  2  6  16  0.2856E-07
 8  2  6  16  0.2840E-07
 8  2  6  16  0.2844E-07
 8  2  6  16  0.2855E-07
 8  2  6  16  0.2859E-07
 8  2  6  16  0.2885E-07
 8  2  6  16  0.2850E-07
 8  2  7  16  0.3385E-07
 8  2  7  16  0.3291E-07
 8  2  7  16  0.3279E-07
 8  2  7  16  0.3312E-07
 8  2  7  16  0.3279E-07
 8  2  7  16  0.3283E-07
 8  2  7  16  0.3292E-07
 8  2  7  16  0.3285E-07
 8  2  7  16  0.3286E-07
 8  2  7  16  0.3280E-07
 8  2  8  16  0.3391E-07
 8  2  8  16  0.3338E-07
 8  2  8  16  0.3335E-07
 8  2  8  16  0.3346E-07
 8  2  8  16  0.3332E-07
 8  2  8  16  0.3332E-07
 8  2  8  16  0.3330E-07
 8  2  8  16  0.3336E-07
 8  2  8  16  0.3328E-07
 8  2  8  16  0.3333E-07
 8  2  9  16  0.3852E-07
 8  2  9  16  0.3827E-07
 8  2  9  16  0.3828E-07
 8  2  9  16  0.3807E-07
 8  2  9  16  0.3812E-07
 8  2  9  16  0.3812E-07
 8  2  9  16  0.3809E-07
 8  2  9  16  0.3807E-07
 8  2  9  16  0.3811E-07
 8  2  9  16  0.3810E-07
 8  2  10  16  0.3961E-07
 8  2  10  16  0.3948E-07
 8  2  10  16  0.3939E-07
 8  2  10  16  0.3938E-07
 8  2  10  16  0.3940E-07
 8  2  10  16  0.3941E-07
 8  2  10  16  0.3935E-07
 8  2  10  16  0.3935E-07
 8  2  10  16  0.3938E-07
 8  2  10  16  0.3941E-07
 8  2  11  16  0.4099E-07
 8  2  11  16  0.4084E-07
 8  2  11  16  0.4081E-07
 8  2  11  16  0.4085E-07
 8  2  11  16  0.4083E-07
 8  2  11  16  0.4084E-07
 8  2  11  16  0.4083E-07
 8  2  11  16  0.4085E-07
 8  2  11  16  0.4084E-07
 8  2  11  16  0.4082E-07
 8  2  12  16  0.3813E-07
 8  2  12  16  0.3803E-07
 8  2  12  16  0.3804E-07
 8  2  12  16  0.3801E-07
 8  2  12  16  0.3802E-07
 8  2  12  16  0.3803E-07
 8  2  12  16  0.3803E-07
 8  2  12  16  0.3801E-07
 8  2  12  16  0.3798E-07
 8  2  12  16  0.3799E-07
 8  2  13  16  0.4048E-07
 8  2  13  16  0.4045E-07
 8  2  13  16  0.4041E-07
 8  2  13  16  0.4044E-07
 8  2  13  16  0.4046E-07
 8  2  13  16  0.4045E-07
 8  2  13  16  0.4046E-07
 8  2  13  16  0.4049E-07
 8  2  13  16  0.4047E-07
 8  2  13  16  0.4045E-07
 8  2  14  16  0.3966E-07
 8  2  14  16  0.3960E-07
 8  2  14  16  0.3961E-07
 8  2  14  16  0.3961E-07
 8  2  14  16  0.3962E-07
 8  2  14  16  0.3963E-07
 8  2  14  16  0.3963E-07
 8  2  14  16  0.3962E-07
 8  2  14  16  0.3962E-07
 8  2  14  16  0.3961E-07
 8  2  16  16  0.4228E-07
 8  2  16  16  0.4224E-07
 8  2  16  16  0.4222E-07
 8  2  16  16  0.4222E-07
 8  2  16  16  0.4221E-07
 8  2  16  16  0.4221E-07
 8  2  16  16  0.4220E-07
 8  2  16  16  0.4220E-07
 8  2  16  16  0.4225E-07
 8  2  16  16  0.4221E-07
 8  2  17  16  0.4934E-07
 8  2  17  16  0.4933E-07
 8  2  17  16  0.4931E-07
 8  2  17  16  0.4933E-07
 8  2  17  16  0.4934E-07
 8  2  17  16  0.4932E-07
 8  2  17  16  0.4932E-07
 8  2  17  16  0.4931E-07
 8  2  17  16  0.4933E-07
 8  2  17  16  0.4932E-07
 8  2  18  16  0.4862E-07
 8  2  18  16  0.4860E-07
 8  2  18  16  0.4859E-07
 8  2  18  16  0.4860E-07
 8  2  18  16  0.4860E-07
 8  2  18  16  0.4859E-07
 8  2  18  16  0.4860E-07
 8  2  18  16  0.4860E-07
 8  2  18  16  0.4860E-07
 8  2  18  16  0.4861E-07
 8  2  19  16  0.5178E-07
 8  2  19  16  0.5175E-07
 8  2  19  16  0.5172E-07
 8  2  19  16  0.5175E-07
 8  2  19  16  0.5174E-07
 8  2  19  16  0.5173E-07
 8  2  19  16  0.5176E-07
 8  2  19  16  0.5174E-07
 8  2  19  16  0.5174E-07
 8  2  19  16  0.5175E-07
 8  2  20  16  0.5312E-07
 8  2  20  16  0.5311E-07
 8  2  20  16  0.5310E-07
 8  2  20  16  0.5308E-07
 8  2  20  16  0.5313E-07
 8  2  20  16  0.5310E-07
 8  2  20  16  0.5312E-07
 8  2  20  16  0.5310E-07
 8  2  20  16  0.5310E-07
 8  2  20  16  0.5310E-07
