 8  2  3  16  0.6467E-07
 8  2  3  16  0.6539E-07
 8  2  3  16  0.6370E-07
 8  2  3  16  0.6409E-07
 8  2  3  16  0.6371E-07
 8  2  3  16  0.6412E-07
 8  2  3  16  0.6315E-07
 8  2  3  16  0.6293E-07
 8  2  3  16  0.6421E-07
 8  2  3  16  0.6449E-07
 8  2  4  16  0.4563E-07
 8  2  4  16  0.4565E-07
 8  2  4  16  0.4526E-07
 8  2  4  16  0.4535E-07
 8  2  4  16  0.4513E-07
 8  2  4  16  0.4547E-07
 8  2  4  16  0.4498E-07
 8  2  4  16  0.4534E-07
 8  2  4  16  0.4504E-07
 8  2  4  16  0.4525E-07
 8  2  5  16  0.3623E-07
 8  2  5  16  0.3612E-07
 8  2  5  16  0.3605E-07
 8  2  5  16  0.3590E-07
 8  2  5  16  0.3595E-07
 8  2  5  16  0.3590E-07
 8  2  5  16  0.3592E-07
 8  2  5  16  0.3603E-07
 8  2  5  16  0.3626E-07
 8  2  5  16  0.3595E-07
 8  2  6  16  0.2878E-07
 8  2  6  16  0.2841E-07
 8  2  6  16  0.2846E-07
 8  2  6  16  0.2837E-07
 8  2  6  16  0.2848E-07
 8  2  6  16  0.2847E-07
 8  2  6  16  0.2851E-07
 8  2  6  16  0.2837E-07
 8  2  6  16  0.2835E-07
 8  2  6  16  0.2840E-07
 8  2  7  16  0.3135E-07
 8  2  7  16  0.3082E-07
 8  2  7  16  0.3087E-07
 8  2  7  16  0.3083E-07
 8  2  7  16  0.3090E-07
 8  2  7  16  0.3074E-07
 8  2  7  16  0.3106E-07
 8  2  7  16  0.3088E-07
 8  2  7  16  0.3086E-07
 8  2  7  16  0.3074E-07
 8  2  8  16  0.3116E-07
 8  2  8  16  0.3094E-07
 8  2  8  16  0.3106E-07
 8  2  8  16  0.3080E-07
 8  2  8  16  0.3079E-07
 8  2  8  16  0.3080E-07
 8  2  8  16  0.3076E-07
 8  2  8  16  0.3083E-07
 8  2  8  16  0.3078E-07
 8  2  8  16  0.3196E-07
 8  2  9  16  0.3577E-07
 8  2  9  16  0.3563E-07
 8  2  9  16  0.3559E-07
 8  2  9  16  0.3560E-07
 8  2  9  16  0.3560E-07
 8  2  9  16  0.3560E-07
 8  2  9  16  0.3562E-07
 8  2  9  16  0.3560E-07
 8  2  9  16  0.3563E-07
 8  2  9  16  0.3562E-07
 8  2  10  16  0.3701E-07
 8  2  10  16  0.3695E-07
 8  2  10  16  0.3674E-07
 8  2  10  16  0.3675E-07
 8  2  10  16  0.3673E-07
 8  2  10  16  0.3672E-07
 8  2  10  16  0.3678E-07
 8  2  10  16  0.3674E-07
 8  2  10  16  0.3681E-07
 8  2  10  16  0.3667E-07
 8  2  11  16  0.3808E-07
 8  2  11  16  0.3794E-07
 8  2  11  16  0.3800E-07
 8  2  11  16  0.3795E-07
 8  2  11  16  0.3801E-07
 8  2  11  16  0.3801E-07
 8  2  11  16  0.3792E-07
 8  2  11  16  0.3802E-07
 8  2  11  16  0.3800E-07
 8  2  11  16  0.3798E-07
 8  2  12  16  0.3512E-07
 8  2  12  16  0.3500E-07
 8  2  12  16  0.3502E-07
 8  2  12  16  0.3499E-07
 8  2  12  16  0.3503E-07
 8  2  12  16  0.3499E-07
 8  2  12  16  0.3501E-07
 8  2  12  16  0.3500E-07
 8  2  12  16  0.3499E-07
 8  2  12  16  0.3504E-07
 8  2  13  16  0.3650E-07
 8  2  13  16  0.3638E-07
 8  2  13  16  0.3650E-07
 8  2  13  16  0.3638E-07
 8  2  13  16  0.3642E-07
 8  2  13  16  0.3641E-07
 8  2  13  16  0.3641E-07
 8  2  13  16  0.3643E-07
 8  2  13  16  0.3636E-07
 8  2  13  16  0.3645E-07
 8  2  14  16  0.3488E-07
 8  2  14  16  0.3481E-07
 8  2  14  16  0.3479E-07
 8  2  14  16  0.3475E-07
 8  2  14  16  0.3481E-07
 8  2  14  16  0.3475E-07
 8  2  14  16  0.3478E-07
 8  2  14  16  0.3477E-07
 8  2  14  16  0.3476E-07
 8  2  14  16  0.3476E-07
 8  2  16  16  0.3580E-07
 8  2  16  16  0.3571E-07
 8  2  16  16  0.3576E-07
 8  2  16  16  0.3574E-07
 8  2  16  16  0.3574E-07
 8  2  16  16  0.3574E-07
 8  2  16  16  0.3575E-07
 8  2  16  16  0.3576E-07
 8  2  16  16  0.3571E-07
 8  2  16  16  0.3578E-07
 8  2  17  16  0.4296E-07
 8  2  17  16  0.4292E-07
 8  2  17  16  0.4294E-07
 8  2  17  16  0.4293E-07
 8  2  17  16  0.4292E-07
 8  2  17  16  0.4292E-07
 8  2  17  16  0.4292E-07
 8  2  17  16  0.4293E-07
 8  2  17  16  0.4292E-07
 8  2  17  16  0.4294E-07
 8  2  18  16  0.4331E-07
 8  2  18  16  0.4328E-07
 8  2  18  16  0.4329E-07
 8  2  18  16  0.4326E-07
 8  2  18  16  0.4327E-07
 8  2  18  16  0.4327E-07
 8  2  18  16  0.4327E-07
 8  2  18  16  0.4327E-07
 8  2  18  16  0.4327E-07
 8  2  18  16  0.4328E-07
 8  2  19  16  0.4459E-07
 8  2  19  16  0.4456E-07
 8  2  19  16  0.4458E-07
 8  2  19  16  0.4456E-07
 8  2  19  16  0.4458E-07
 8  2  19  16  0.4457E-07
 8  2  19  16  0.4457E-07
 8  2  19  16  0.4458E-07
 8  2  19  16  0.4457E-07
 8  2  19  16  0.4459E-07
 8  2  20  16  0.4379E-07
 8  2  20  16  0.4376E-07
 8  2  20  16  0.4377E-07
 8  2  20  16  0.4374E-07
 8  2  20  16  0.4376E-07
 8  2  20  16  0.4376E-07
 8  2  20  16  0.4376E-07
 8  2  20  16  0.4376E-07
 8  2  20  16  0.4374E-07
 8  2  20  16  0.4377E-07
