 8  2  3  16  0.6788E-07
 8  2  3  16  0.1814E-06
 8  2  3  16  0.1775E-06
 8  2  3  16  0.1783E-06
 8  2  3  16  0.2007E-06
 8  2  3  16  0.1884E-06
 8  2  3  16  0.2145E-06
 8  2  3  16  0.1751E-06
 8  2  3  16  0.1976E-06
 8  2  3  16  0.1720E-06
 8  2  4  16  0.3612E-07
 8  2  4  16  0.3690E-07
 8  2  4  16  0.9631E-07
 8  2  4  16  0.1163E-06
 8  2  4  16  0.9375E-07
 8  2  4  16  0.1067E-06
 8  2  4  16  0.1077E-06
 8  2  4  16  0.1074E-06
 8  2  4  16  0.1003E-06
 8  2  4  16  0.9732E-07
 8  2  5  16  0.3312E-07
 8  2  5  16  0.3108E-07
 8  2  5  16  0.3244E-07
 8  2  5  16  0.8484E-07
 8  2  5  16  0.9135E-07
 8  2  5  16  0.8436E-07
 8  2  5  16  0.8516E-07
 8  2  5  16  0.8535E-07
 8  2  5  16  0.8500E-07
 8  2  5  16  0.8516E-07
 8  2  6  16  0.3072E-07
 8  2  6  16  0.2942E-07
 8  2  6  16  0.2912E-07
 8  2  6  16  0.2966E-07
 8  2  6  16  0.6712E-07
 8  2  6  16  0.7069E-07
 8  2  6  16  0.6752E-07
 8  2  6  16  0.7476E-07
 8  2  6  16  0.6733E-07
 8  2  6  16  0.6761E-07
 8  2  7  16  0.2997E-07
 8  2  7  16  0.2956E-07
 8  2  7  16  0.2959E-07
 8  2  7  16  0.2959E-07
 8  2  7  16  0.2972E-07
 8  2  7  16  0.5436E-07
 8  2  7  16  0.5636E-07
 8  2  7  16  0.5187E-07
 8  2  7  16  0.5231E-07
 8  2  7  16  0.5200E-07
 8  2  7  16  0.3005E-07
 8  2  7  16  0.2958E-07
 8  2  7  16  0.2959E-07
 8  2  7  16  0.2957E-07
 8  2  7  16  0.2972E-07
 8  2  7  16  0.5358E-07
 8  2  7  16  0.5241E-07
 8  2  7  16  0.5254E-07
 8  2  7  16  0.5459E-07
 8  2  7  16  0.5254E-07
 8  2  8  16  0.2603E-07
 8  2  8  16  0.2573E-07
 8  2  8  16  0.2571E-07
 8  2  8  16  0.2585E-07
 8  2  8  16  0.2572E-07
 8  2  8  16  0.2588E-07
 8  2  8  16  0.4700E-07
 8  2  8  16  0.4884E-07
 8  2  8  16  0.4602E-07
 8  2  8  16  0.4611E-07
 8  2  9  16  0.3049E-07
 8  2  9  16  0.3035E-07
 8  2  9  16  0.3026E-07
 8  2  9  16  0.3023E-07
 8  2  9  16  0.3024E-07
 8  2  9  16  0.3027E-07
 8  2  9  16  0.3026E-07
 8  2  9  16  0.3025E-07
 8  2  9  16  0.4810E-07
 8  2  9  16  0.4690E-07
 8  2  10  16  0.3262E-07
 8  2  10  16  0.3221E-07
 8  2  10  16  0.3255E-07
 8  2  10  16  0.3223E-07
 8  2  10  16  0.3223E-07
 8  2  10  16  0.3225E-07
 8  2  10  16  0.3219E-07
 8  2  10  16  0.3223E-07
 8  2  10  16  0.3220E-07
 8  2  10  16  0.3247E-07
 8  2  11  16  0.3379E-07
 8  2  11  16  0.3350E-07
 8  2  11  16  0.3349E-07
 8  2  11  16  0.3348E-07
 8  2  11  16  0.3353E-07
 8  2  11  16  0.3348E-07
 8  2  11  16  0.3354E-07
 8  2  11  16  0.3350E-07
 8  2  11  16  0.3348E-07
 8  2  11  16  0.3351E-07
 8  2  12  16  0.3129E-07
 8  2  12  16  0.3102E-07
 8  2  12  16  0.3100E-07
 8  2  12  16  0.3103E-07
 8  2  12  16  0.3102E-07
 8  2  12  16  0.3103E-07
 8  2  12  16  0.3101E-07
 8  2  12  16  0.3103E-07
 8  2  12  16  0.3101E-07
 8  2  12  16  0.3105E-07
 8  2  13  16  0.3253E-07
 8  2  13  16  0.3237E-07
 8  2  13  16  0.3235E-07
 8  2  13  16  0.3239E-07
 8  2  13  16  0.3233E-07
 8  2  13  16  0.3237E-07
 8  2  13  16  0.3237E-07
 8  2  13  16  0.3234E-07
 8  2  13  16  0.3237E-07
 8  2  13  16  0.3233E-07
 8  2  14  16  0.3124E-07
 8  2  14  16  0.3109E-07
 8  2  14  16  0.3108E-07
 8  2  14  16  0.3107E-07
 8  2  14  16  0.3106E-07
 8  2  14  16  0.3109E-07
 8  2  14  16  0.3107E-07
 8  2  14  16  0.3110E-07
 8  2  14  16  0.3108E-07
 8  2  14  16  0.3106E-07
 8  2  16  16  0.3369E-07
 8  2  16  16  0.3362E-07
 8  2  16  16  0.3361E-07
 8  2  16  16  0.3361E-07
 8  2  16  16  0.3357E-07
 8  2  16  16  0.3362E-07
 8  2  16  16  0.3360E-07
 8  2  16  16  0.3358E-07
 8  2  16  16  0.3362E-07
 8  2  16  16  0.3357E-07
 8  2  17  16  0.4053E-07
 8  2  17  16  0.4045E-07
 8  2  17  16  0.4042E-07
 8  2  17  16  0.4042E-07
 8  2  17  16  0.4043E-07
 8  2  17  16  0.4044E-07
 8  2  17  16  0.4043E-07
 8  2  17  16  0.4043E-07
 8  2  17  16  0.4044E-07
 8  2  17  16  0.4042E-07
 8  2  18  16  0.3991E-07
 8  2  18  16  0.3985E-07
 8  2  18  16  0.3984E-07
 8  2  18  16  0.3982E-07
 8  2  18  16  0.3982E-07
 8  2  18  16  0.3983E-07
 8  2  18  16  0.3985E-07
 8  2  18  16  0.3982E-07
 8  2  18  16  0.3983E-07
 8  2  18  16  0.3983E-07
 8  2  19  16  0.4274E-07
 8  2  19  16  0.4267E-07
 8  2  19  16  0.4265E-07
 8  2  19  16  0.4265E-07
 8  2  19  16  0.4264E-07
 8  2  19  16  0.4265E-07
 8  2  19  16  0.4266E-07
 8  2  19  16  0.4265E-07
 8  2  19  16  0.4266E-07
 8  2  19  16  0.4266E-07
 8  2  20  16  0.4196E-07
 8  2  20  16  0.4188E-07
 8  2  20  16  0.4185E-07
 8  2  20  16  0.4187E-07
 8  2  20  16  0.4187E-07
 8  2  20  16  0.4187E-07
 8  2  20  16  0.4187E-07
 8  2  20  16  0.4186E-07
 8  2  20  16  0.4187E-07
 8  2  20  16  0.4185E-07
