 8  2048  3  16384  0.7365E-09
 8  2048  3  16384  0.7244E-09
 8  2048  3  16384  0.7383E-09
 8  2048  3  16384  0.7155E-09
 8  2048  3  16384  0.7241E-09
 8  2048  3  16384  0.7438E-09
 8  2048  3  16384  0.7416E-09
 8  2048  3  16384  0.7287E-09
 8  2048  3  16384  0.7136E-09
 8  2048  3  16384  0.7232E-09
 8  2048  4  16384  0.3388E-09
 8  2048  4  16384  0.3367E-09
 8  2048  4  16384  0.3383E-09
 8  2048  4  16384  0.3423E-09
 8  2048  4  16384  0.3410E-09
 8  2048  4  16384  0.3430E-09
 8  2048  4  16384  0.3340E-09
 8  2048  4  16384  0.3392E-09
 8  2048  4  16384  0.3357E-09
 8  2048  4  16384  0.3464E-09
 8  2048  5  16384  0.2474E-09
 8  2048  5  16384  0.2495E-09
 8  2048  5  16384  0.2478E-09
 8  2048  5  16384  0.2497E-09
 8  2048  5  16384  0.2431E-09
 8  2048  5  16384  0.2420E-09
 8  2048  5  16384  0.2475E-09
 8  2048  5  16384  0.2465E-09
 8  2048  5  16384  0.2493E-09
 8  2048  5  16384  0.2457E-09
 8  2048  6  16384  0.1804E-09
 8  2048  6  16384  0.1776E-09
 8  2048  6  16384  0.1792E-09
 8  2048  6  16384  0.1777E-09
 8  2048  6  16384  0.1768E-09
 8  2048  6  16384  0.1774E-09
 8  2048  6  16384  0.1782E-09
 8  2048  6  16384  0.1810E-09
 8  2048  6  16384  0.1787E-09
 8  2048  6  16384  0.1781E-09
 8  2048  7  16384  0.1317E-09
 8  2048  7  16384  0.1307E-09
 8  2048  7  16384  0.1306E-09
 8  2048  7  16384  0.1288E-09
 8  2048  7  16384  0.1292E-09
 8  2048  7  16384  0.1296E-09
 8  2048  7  16384  0.1310E-09
 8  2048  7  16384  0.1291E-09
 8  2048  7  16384  0.1305E-09
 8  2048  7  16384  0.1295E-09
 8  2048  8  16384  0.9960E-10
 8  2048  8  16384  0.9951E-10
 8  2048  8  16384  0.9920E-10
 8  2048  8  16384  0.9928E-10
 8  2048  8  16384  0.1001E-09
 8  2048  8  16384  0.9959E-10
 8  2048  8  16384  0.9987E-10
 8  2048  8  16384  0.9834E-10
 8  2048  8  16384  0.9943E-10
 8  2048  8  16384  0.9897E-10
 8  2048  9  16384  0.8514E-10
 8  2048  9  16384  0.8428E-10
 8  2048  9  16384  0.8400E-10
 8  2048  9  16384  0.8448E-10
 8  2048  9  16384  0.8450E-10
 8  2048  9  16384  0.8423E-10
 8  2048  9  16384  0.8405E-10
 8  2048  9  16384  0.8481E-10
 8  2048  9  16384  0.8401E-10
 8  2048  9  16384  0.8458E-10
 8  2048  10  16384  0.7284E-10
 8  2048  10  16384  0.7195E-10
 8  2048  10  16384  0.7241E-10
 8  2048  10  16384  0.7272E-10
 8  2048  10  16384  0.7247E-10
 8  2048  10  16384  0.7302E-10
 8  2048  10  16384  0.7337E-10
 8  2048  10  16384  0.7311E-10
 8  2048  10  16384  0.7328E-10
 8  2048  10  16384  0.7306E-10
 8  2048  11  16384  0.6523E-10
 8  2048  11  16384  0.6513E-10
 8  2048  11  16384  0.6572E-10
 8  2048  11  16384  0.6517E-10
 8  2048  11  16384  0.6604E-10
 8  2048  11  16384  0.6465E-10
 8  2048  11  16384  0.6588E-10
 8  2048  11  16384  0.6505E-10
 8  2048  11  16384  0.6557E-10
 8  2048  11  16384  0.6681E-10
 8  2048  12  16384  0.5663E-10
 8  2048  12  16384  0.5661E-10
 8  2048  12  16384  0.5706E-10
 8  2048  12  16384  0.5643E-10
 8  2048  12  16384  0.5707E-10
 8  2048  12  16384  0.5632E-10
 8  2048  12  16384  0.5693E-10
 8  2048  12  16384  0.5609E-10
 8  2048  12  16384  0.5710E-10
 8  2048  12  16384  0.5611E-10
 8  2048  13  16384  0.5317E-10
 8  2048  13  16384  0.5310E-10
 8  2048  13  16384  0.5315E-10
 8  2048  13  16384  0.5326E-10
 8  2048  13  16384  0.5289E-10
 8  2048  13  16384  0.5306E-10
 8  2048  13  16384  0.5296E-10
 8  2048  13  16384  0.5286E-10
 8  2048  13  16384  0.5282E-10
 8  2048  13  16384  0.5289E-10
 8  2048  14  16384  0.4935E-10
 8  2048  14  16384  0.4963E-10
 8  2048  14  16384  0.4967E-10
 8  2048  14  16384  0.4931E-10
 8  2048  14  16384  0.4945E-10
 8  2048  14  16384  0.4970E-10
 8  2048  14  16384  0.4943E-10
 8  2048  14  16384  0.4957E-10
 8  2048  14  16384  0.4970E-10
 8  2048  14  16384  0.4944E-10
 8  2048  15  16384  0.4970E-10
 8  2048  15  16384  0.4986E-10
 8  2048  15  16384  0.5006E-10
 8  2048  15  16384  0.4957E-10
 8  2048  15  16384  0.4983E-10
 8  2048  15  16384  0.4994E-10
 8  2048  15  16384  0.5002E-10
 8  2048  15  16384  0.4984E-10
 8  2048  15  16384  0.4993E-10
 8  2048  15  16384  0.4948E-10
 8  2048  16  16384  0.4632E-10
 8  2048  16  16384  0.4635E-10
 8  2048  16  16384  0.4638E-10
 8  2048  16  16384  0.4623E-10
 8  2048  16  16384  0.4626E-10
 8  2048  16  16384  0.4640E-10
 8  2048  16  16384  0.4636E-10
 8  2048  16  16384  0.4647E-10
 8  2048  16  16384  0.4646E-10
 8  2048  16  16384  0.4643E-10
 8  2048  17  16384  0.5417E-10
 8  2048  17  16384  0.5445E-10
 8  2048  17  16384  0.5451E-10
 8  2048  17  16384  0.5452E-10
 8  2048  17  16384  0.5443E-10
 8  2048  17  16384  0.5453E-10
 8  2048  17  16384  0.5436E-10
 8  2048  17  16384  0.5427E-10
 8  2048  17  16384  0.5435E-10
 8  2048  17  16384  0.5439E-10
 8  2048  18  16384  0.5507E-10
 8  2048  18  16384  0.5520E-10
 8  2048  18  16384  0.5505E-10
 8  2048  18  16384  0.5512E-10
 8  2048  18  16384  0.5510E-10
 8  2048  18  16384  0.5513E-10
 8  2048  18  16384  0.5514E-10
 8  2048  18  16384  0.5514E-10
 8  2048  18  16384  0.5508E-10
 8  2048  18  16384  0.5495E-10
 8  2048  19  16384  0.5422E-10
 8  2048  19  16384  0.5422E-10
 8  2048  19  16384  0.5423E-10
 8  2048  19  16384  0.5414E-10
 8  2048  19  16384  0.5417E-10
 8  2048  19  16384  0.5429E-10
 8  2048  19  16384  0.5432E-10
 8  2048  19  16384  0.5437E-10
 8  2048  19  16384  0.5443E-10
 8  2048  19  16384  0.5427E-10
 8  2048  20  16384  0.5347E-10
 8  2048  20  16384  0.5352E-10
 8  2048  20  16384  0.5361E-10
 8  2048  20  16384  0.5345E-10
 8  2048  20  16384  0.5345E-10
 8  2048  20  16384  0.5349E-10
 8  2048  20  16384  0.5350E-10
 8  2048  20  16384  0.5354E-10
 8  2048  20  16384  0.5339E-10
 8  2048  20  16384  0.5344E-10
