 8  8192  4  65536  0.1202E-09
 8  8192  4  65536  0.1140E-09
 8  8192  4  65536  0.1128E-09
 8  8192  4  65536  0.1083E-09
 8  8192  4  65536  0.1097E-09
 8  8192  4  65536  0.1157E-09
 8  8192  4  65536  0.1171E-09
 8  8192  4  65536  0.1175E-09
 8  8192  4  65536  0.1140E-09
 8  8192  4  65536  0.1112E-09
 8  8192  5  65536  0.7406E-10
 8  8192  5  65536  0.7482E-10
 8  8192  5  65536  0.7847E-10
 8  8192  5  65536  0.7992E-10
 8  8192  5  65536  0.7590E-10
 8  8192  5  65536  0.7396E-10
 8  8192  5  65536  0.7405E-10
 8  8192  5  65536  0.7938E-10
 8  8192  5  65536  0.8086E-10
 8  8192  5  65536  0.7749E-10
 8  8192  6  65536  0.5390E-10
 8  8192  6  65536  0.5359E-10
 8  8192  6  65536  0.5609E-10
 8  8192  6  65536  0.5709E-10
 8  8192  6  65536  0.5431E-10
 8  8192  6  65536  0.5347E-10
 8  8192  6  65536  0.5510E-10
 8  8192  6  65536  0.5714E-10
 8  8192  6  65536  0.5522E-10
 8  8192  6  65536  0.5393E-10
 8  8192  7  65536  0.4059E-10
 8  8192  7  65536  0.4056E-10
 8  8192  7  65536  0.4034E-10
 8  8192  7  65536  0.4034E-10
 8  8192  7  65536  0.4099E-10
 8  8192  7  65536  0.4043E-10
 8  8192  7  65536  0.4092E-10
 8  8192  7  65536  0.4104E-10
 8  8192  7  65536  0.4022E-10
 8  8192  7  65536  0.4085E-10
 8  8192  8  65536  0.3125E-10
 8  8192  8  65536  0.3024E-10
 8  8192  8  65536  0.3215E-10
 8  8192  8  65536  0.3196E-10
 8  8192  8  65536  0.2998E-10
 8  8192  8  65536  0.3188E-10
 8  8192  8  65536  0.3180E-10
 8  8192  8  65536  0.2998E-10
 8  8192  8  65536  0.3151E-10
 8  8192  8  65536  0.3202E-10
 8  8192  10  65536  0.2204E-10
 8  8192  10  65536  0.2135E-10
 8  8192  10  65536  0.2164E-10
 8  8192  10  65536  0.2133E-10
 8  8192  10  65536  0.2139E-10
 8  8192  10  65536  0.2176E-10
 8  8192  10  65536  0.2110E-10
 8  8192  10  65536  0.2184E-10
 8  8192  10  65536  0.2137E-10
 8  8192  10  65536  0.2170E-10
 8  8192  11  65536  0.1874E-10
 8  8192  11  65536  0.1905E-10
 8  8192  11  65536  0.1861E-10
 8  8192  11  65536  0.1914E-10
 8  8192  11  65536  0.1866E-10
 8  8192  11  65536  0.1905E-10
 8  8192  11  65536  0.1858E-10
 8  8192  11  65536  0.1903E-10
 8  8192  11  65536  0.1867E-10
 8  8192  11  65536  0.1912E-10
 8  8192  12  65536  0.1587E-10
 8  8192  12  65536  0.1611E-10
 8  8192  12  65536  0.1589E-10
 8  8192  12  65536  0.1600E-10
 8  8192  12  65536  0.1585E-10
 8  8192  12  65536  0.1597E-10
 8  8192  12  65536  0.1595E-10
 8  8192  12  65536  0.1591E-10
 8  8192  12  65536  0.1608E-10
 8  8192  12  65536  0.1592E-10
 8  8192  13  65536  0.1470E-10
 8  8192  13  65536  0.1479E-10
 8  8192  13  65536  0.1457E-10
 8  8192  13  65536  0.1480E-10
 8  8192  13  65536  0.1481E-10
 8  8192  13  65536  0.1458E-10
 8  8192  13  65536  0.1478E-10
 8  8192  13  65536  0.1476E-10
 8  8192  13  65536  0.1459E-10
 8  8192  13  65536  0.1485E-10
 8  8192  14  65536  0.1325E-10
 8  8192  14  65536  0.1326E-10
 8  8192  14  65536  0.1330E-10
 8  8192  14  65536  0.1316E-10
 8  8192  14  65536  0.1331E-10
 8  8192  14  65536  0.1333E-10
 8  8192  14  65536  0.1328E-10
 8  8192  14  65536  0.1320E-10
 8  8192  14  65536  0.1325E-10
 8  8192  14  65536  0.1327E-10
 8  8192  15  65536  0.1320E-10
 8  8192  15  65536  0.1318E-10
 8  8192  15  65536  0.1309E-10
 8  8192  15  65536  0.1304E-10
 8  8192  15  65536  0.1311E-10
 8  8192  15  65536  0.1311E-10
 8  8192  15  65536  0.1318E-10
 8  8192  15  65536  0.1316E-10
 8  8192  15  65536  0.1318E-10
 8  8192  15  65536  0.1319E-10
 8  8192  16  65536  0.1240E-10
 8  8192  16  65536  0.1238E-10
 8  8192  16  65536  0.1237E-10
 8  8192  16  65536  0.1240E-10
 8  8192  16  65536  0.1237E-10
 8  8192  16  65536  0.1240E-10
 8  8192  16  65536  0.1242E-10
 8  8192  16  65536  0.1238E-10
 8  8192  16  65536  0.1236E-10
 8  8192  16  65536  0.1236E-10
 8  8192  17  65536  0.1462E-10
 8  8192  17  65536  0.1458E-10
 8  8192  17  65536  0.1464E-10
 8  8192  17  65536  0.1457E-10
 8  8192  17  65536  0.1458E-10
 8  8192  17  65536  0.1461E-10
 8  8192  17  65536  0.1463E-10
 8  8192  17  65536  0.1462E-10
 8  8192  17  65536  0.1456E-10
 8  8192  17  65536  0.1460E-10
 8  8192  18  65536  0.1419E-10
 8  8192  18  65536  0.1420E-10
 8  8192  18  65536  0.1416E-10
 8  8192  18  65536  0.1422E-10
 8  8192  18  65536  0.1418E-10
 8  8192  18  65536  0.1418E-10
 8  8192  18  65536  0.1419E-10
 8  8192  18  65536  0.1416E-10
 8  8192  18  65536  0.1418E-10
 8  8192  18  65536  0.1422E-10
 8  8192  19  65536  0.1479E-10
 8  8192  19  65536  0.1482E-10
 8  8192  19  65536  0.1484E-10
 8  8192  19  65536  0.1487E-10
 8  8192  19  65536  0.1487E-10
 8  8192  19  65536  0.1489E-10
 8  8192  19  65536  0.1480E-10
 8  8192  19  65536  0.1481E-10
 8  8192  19  65536  0.1483E-10
 8  8192  19  65536  0.1481E-10
 8  8192  20  65536  0.1407E-10
 8  8192  20  65536  0.1414E-10
 8  8192  20  65536  0.1413E-10
 8  8192  20  65536  0.1410E-10
 8  8192  20  65536  0.1410E-10
 8  8192  20  65536  0.1411E-10
 8  8192  20  65536  0.1408E-10
 8  8192  20  65536  0.1411E-10
 8  8192  20  65536  0.1411E-10
 8  8192  20  65536  0.1407E-10
