 8  128  3  1024  0.1032E-07
 8  128  3  1024  0.9835E-08
 8  128  3  1024  0.9817E-08
 8  128  3  1024  0.9803E-08
 8  128  3  1024  0.9864E-08
 8  128  3  1024  0.9800E-08
 8  128  3  1024  0.1007E-07
 8  128  3  1024  0.1001E-07
 8  128  3  1024  0.9777E-08
 8  128  3  1024  0.9718E-08
 8  128  4  1024  0.4728E-08
 8  128  4  1024  0.4494E-08
 8  128  4  1024  0.4482E-08
 8  128  4  1024  0.4451E-08
 8  128  4  1024  0.4476E-08
 8  128  4  1024  0.4491E-08
 8  128  4  1024  0.4520E-08
 8  128  4  1024  0.4474E-08
 8  128  4  1024  0.4475E-08
 8  128  4  1024  0.4476E-08
 8  128  5  1024  0.2977E-08
 8  128  5  1024  0.2791E-08
 8  128  5  1024  0.2775E-08
 8  128  5  1024  0.2770E-08
 8  128  5  1024  0.2785E-08
 8  128  5  1024  0.2781E-08
 8  128  5  1024  0.2797E-08
 8  128  5  1024  0.2780E-08
 8  128  5  1024  0.2770E-08
 8  128  5  1024  0.2762E-08
 8  128  6  1024  0.2322E-08
 8  128  6  1024  0.2205E-08
 8  128  6  1024  0.2196E-08
 8  128  6  1024  0.2209E-08
 8  128  6  1024  0.2196E-08
 8  128  6  1024  0.2194E-08
 8  128  6  1024  0.2206E-08
 8  128  6  1024  0.2197E-08
 8  128  6  1024  0.2193E-08
 8  128  6  1024  0.2196E-08
 8  128  7  1024  0.2075E-08
 8  128  7  1024  0.1977E-08
 8  128  7  1024  0.1975E-08
 8  128  7  1024  0.1979E-08
 8  128  7  1024  0.1979E-08
 8  128  7  1024  0.1992E-08
 8  128  7  1024  0.1981E-08
 8  128  7  1024  0.1972E-08
 8  128  7  1024  0.1980E-08
 8  128  7  1024  0.1980E-08
 8  128  8  1024  0.1739E-08
 8  128  8  1024  0.1691E-08
 8  128  8  1024  0.1695E-08
 8  128  8  1024  0.1694E-08
 8  128  8  1024  0.1685E-08
 8  128  8  1024  0.1687E-08
 8  128  8  1024  0.1691E-08
 8  128  8  1024  0.1693E-08
 8  128  8  1024  0.1688E-08
 8  128  8  1024  0.1692E-08
 8  128  9  1024  0.1406E-08
 8  128  9  1024  0.1365E-08
 8  128  9  1024  0.1368E-08
 8  128  9  1024  0.1376E-08
 8  128  9  1024  0.1374E-08
 8  128  9  1024  0.1367E-08
 8  128  9  1024  0.1371E-08
 8  128  9  1024  0.1383E-08
 8  128  9  1024  0.1367E-08
 8  128  9  1024  0.1371E-08
 8  128  11  1024  0.1133E-08
 8  128  11  1024  0.1114E-08
 8  128  11  1024  0.1118E-08
 8  128  11  1024  0.1118E-08
 8  128  11  1024  0.1118E-08
 8  128  11  1024  0.1117E-08
 8  128  11  1024  0.1118E-08
 8  128  11  1024  0.1116E-08
 8  128  11  1024  0.1112E-08
 8  128  11  1024  0.1117E-08
 8  128  12  1024  0.9900E-09
 8  128  12  1024  0.9800E-09
 8  128  12  1024  0.9803E-09
 8  128  12  1024  0.9797E-09
 8  128  12  1024  0.9811E-09
 8  128  12  1024  0.9816E-09
 8  128  12  1024  0.9868E-09
 8  128  12  1024  0.9810E-09
 8  128  12  1024  0.9786E-09
 8  128  12  1024  0.9834E-09
 8  128  13  1024  0.9390E-09
 8  128  13  1024  0.9281E-09
 8  128  13  1024  0.9254E-09
 8  128  13  1024  0.9256E-09
 8  128  13  1024  0.9256E-09
 8  128  13  1024  0.9230E-09
 8  128  13  1024  0.9263E-09
 8  128  13  1024  0.9261E-09
 8  128  13  1024  0.9262E-09
 8  128  13  1024  0.9267E-09
 8  128  14  1024  0.8501E-09
 8  128  14  1024  0.8441E-09
 8  128  14  1024  0.8445E-09
 8  128  14  1024  0.8436E-09
 8  128  14  1024  0.8439E-09
 8  128  14  1024  0.8432E-09
 8  128  14  1024  0.8446E-09
 8  128  14  1024  0.8453E-09
 8  128  14  1024  0.8434E-09
 8  128  14  1024  0.8440E-09
 8  128  15  1024  0.8732E-09
 8  128  15  1024  0.8598E-09
 8  128  15  1024  0.8613E-09
 8  128  15  1024  0.8604E-09
 8  128  15  1024  0.8608E-09
 8  128  15  1024  0.8617E-09
 8  128  15  1024  0.8599E-09
 8  128  15  1024  0.8601E-09
 8  128  15  1024  0.8602E-09
 8  128  15  1024  0.8608E-09
 8  128  16  1024  0.7992E-09
 8  128  16  1024  0.7940E-09
 8  128  16  1024  0.7943E-09
 8  128  16  1024  0.7933E-09
 8  128  16  1024  0.7928E-09
 8  128  16  1024  0.7938E-09
 8  128  16  1024  0.7929E-09
 8  128  16  1024  0.7953E-09
 8  128  16  1024  0.7938E-09
 8  128  16  1024  0.7936E-09
 8  128  17  1024  0.8985E-09
 8  128  17  1024  0.8950E-09
 8  128  17  1024  0.8952E-09
 8  128  17  1024  0.8959E-09
 8  128  17  1024  0.8957E-09
 8  128  17  1024  0.8964E-09
 8  128  17  1024  0.8964E-09
 8  128  17  1024  0.8959E-09
 8  128  17  1024  0.8962E-09
 8  128  17  1024  0.8964E-09
 8  128  18  1024  0.8788E-09
 8  128  18  1024  0.8751E-09
 8  128  18  1024  0.8802E-09
 8  128  18  1024  0.8757E-09
 8  128  18  1024  0.8746E-09
 8  128  18  1024  0.8757E-09
 8  128  18  1024  0.8746E-09
 8  128  18  1024  0.8755E-09
 8  128  18  1024  0.8791E-09
 8  128  18  1024  0.8760E-09
 8  128  19  1024  0.8865E-09
 8  128  19  1024  0.8833E-09
 8  128  19  1024  0.8838E-09
 8  128  19  1024  0.8840E-09
 8  128  19  1024  0.8840E-09
 8  128  19  1024  0.8838E-09
 8  128  19  1024  0.8835E-09
 8  128  19  1024  0.8837E-09
 8  128  19  1024  0.8830E-09
 8  128  19  1024  0.8840E-09
 8  128  20  1024  0.8528E-09
 8  128  20  1024  0.8466E-09
 8  128  20  1024  0.8466E-09
 8  128  20  1024  0.8462E-09
 8  128  20  1024  0.8465E-09
 8  128  20  1024  0.8508E-09
 8  128  20  1024  0.8467E-09
 8  128  20  1024  0.8469E-09
 8  128  20  1024  0.8460E-09
 8  128  20  1024  0.8509E-09
