 8  128  3  1024  0.1625E-07
 8  128  3  1024  0.6318E-08
 8  128  3  1024  0.6028E-08
 8  128  3  1024  0.4854E-08
 8  128  3  1024  0.5654E-08
 8  128  3  1024  0.6232E-08
 8  128  3  1024  0.6307E-08
 8  128  3  1024  0.5861E-08
 8  128  3  1024  0.5907E-08
 8  128  3  1024  0.6077E-08
 8  128  4  1024  0.6750E-08
 8  128  4  1024  0.4419E-08
 8  128  4  1024  0.4068E-08
 8  128  4  1024  0.4145E-08
 8  128  4  1024  0.4202E-08
 8  128  4  1024  0.4303E-08
 8  128  4  1024  0.4022E-08
 8  128  4  1024  0.4035E-08
 8  128  4  1024  0.4110E-08
 8  128  4  1024  0.4175E-08
 8  128  5  1024  0.1421E-08
 8  128  5  1024  0.1383E-08
 8  128  5  1024  0.1384E-08
 8  128  5  1024  0.1383E-08
 8  128  5  1024  0.1386E-08
 8  128  5  1024  0.1380E-08
 8  128  5  1024  0.1366E-08
 8  128  5  1024  0.1374E-08
 8  128  5  1024  0.1383E-08
 8  128  5  1024  0.1375E-08
 8  128  6  1024  0.1244E-08
 8  128  6  1024  0.1215E-08
 8  128  6  1024  0.1218E-08
 8  128  6  1024  0.1215E-08
 8  128  6  1024  0.1215E-08
 8  128  6  1024  0.1212E-08
 8  128  6  1024  0.1214E-08
 8  128  6  1024  0.1225E-08
 8  128  6  1024  0.1216E-08
 8  128  6  1024  0.1221E-08
 8  128  7  1024  0.1057E-08
 8  128  7  1024  0.1041E-08
 8  128  7  1024  0.1048E-08
 8  128  7  1024  0.1044E-08
 8  128  7  1024  0.1043E-08
 8  128  7  1024  0.1050E-08
 8  128  7  1024  0.1039E-08
 8  128  7  1024  0.1038E-08
 8  128  7  1024  0.1037E-08
 8  128  7  1024  0.1046E-08
 8  128  8  1024  0.8659E-09
 8  128  8  1024  0.8555E-09
 8  128  8  1024  0.8548E-09
 8  128  8  1024  0.8536E-09
 8  128  8  1024  0.8530E-09
 8  128  8  1024  0.8544E-09
 8  128  8  1024  0.8549E-09
 8  128  8  1024  0.8553E-09
 8  128  8  1024  0.8583E-09
 8  128  8  1024  0.8542E-09
 8  128  9  1024  0.7760E-09
 8  128  9  1024  0.7696E-09
 8  128  9  1024  0.7711E-09
 8  128  9  1024  0.7708E-09
 8  128  9  1024  0.7698E-09
 8  128  9  1024  0.7752E-09
 8  128  9  1024  0.7692E-09
 8  128  9  1024  0.7708E-09
 8  128  9  1024  0.7721E-09
 8  128  9  1024  0.7734E-09
 8  128  11  1024  0.7048E-09
 8  128  11  1024  0.6987E-09
 8  128  11  1024  0.6985E-09
 8  128  11  1024  0.6991E-09
 8  128  11  1024  0.7032E-09
 8  128  11  1024  0.6994E-09
 8  128  11  1024  0.6987E-09
 8  128  11  1024  0.7017E-09
 8  128  11  1024  0.6996E-09
 8  128  11  1024  0.6980E-09
 8  128  12  1024  0.6267E-09
 8  128  12  1024  0.6241E-09
 8  128  12  1024  0.6233E-09
 8  128  12  1024  0.6261E-09
 8  128  12  1024  0.6249E-09
 8  128  12  1024  0.6237E-09
 8  128  12  1024  0.6253E-09
 8  128  12  1024  0.6246E-09
 8  128  12  1024  0.6235E-09
 8  128  12  1024  0.6247E-09
 8  128  13  1024  0.6193E-09
 8  128  13  1024  0.6179E-09
 8  128  13  1024  0.6178E-09
 8  128  13  1024  0.6183E-09
 8  128  13  1024  0.6187E-09
 8  128  13  1024  0.6198E-09
 8  128  13  1024  0.6181E-09
 8  128  13  1024  0.6183E-09
 8  128  13  1024  0.6184E-09
 8  128  13  1024  0.6171E-09
 8  128  14  1024  0.5783E-09
 8  128  14  1024  0.5758E-09
 8  128  14  1024  0.5766E-09
 8  128  14  1024  0.5761E-09
 8  128  14  1024  0.5778E-09
 8  128  14  1024  0.5760E-09
 8  128  14  1024  0.5770E-09
 8  128  14  1024  0.5759E-09
 8  128  14  1024  0.5760E-09
 8  128  14  1024  0.5760E-09
 8  128  15  1024  0.6147E-09
 8  128  15  1024  0.6139E-09
 8  128  15  1024  0.6146E-09
 8  128  15  1024  0.6141E-09
 8  128  15  1024  0.6148E-09
 8  128  15  1024  0.6144E-09
 8  128  15  1024  0.6225E-09
 8  128  15  1024  0.6147E-09
 8  128  15  1024  0.6134E-09
 8  128  15  1024  0.6147E-09
 8  128  16  1024  0.5954E-09
 8  128  16  1024  0.5934E-09
 8  128  16  1024  0.5936E-09
 8  128  16  1024  0.5944E-09
 8  128  16  1024  0.5940E-09
 8  128  16  1024  0.5933E-09
 8  128  16  1024  0.5935E-09
 8  128  16  1024  0.5946E-09
 8  128  16  1024  0.5937E-09
 8  128  16  1024  0.5937E-09
 8  128  17  1024  0.6984E-09
 8  128  17  1024  0.6971E-09
 8  128  17  1024  0.6970E-09
 8  128  17  1024  0.6966E-09
 8  128  17  1024  0.6971E-09
 8  128  17  1024  0.6968E-09
 8  128  17  1024  0.6967E-09
 8  128  17  1024  0.6968E-09
 8  128  17  1024  0.6971E-09
 8  128  17  1024  0.6968E-09
 8  128  18  1024  0.6866E-09
 8  128  18  1024  0.6810E-09
 8  128  18  1024  0.6804E-09
 8  128  18  1024  0.6805E-09
 8  128  18  1024  0.6808E-09
 8  128  18  1024  0.6806E-09
 8  128  18  1024  0.6804E-09
 8  128  18  1024  0.6807E-09
 8  128  18  1024  0.6817E-09
 8  128  18  1024  0.6842E-09
 8  128  19  1024  0.7235E-09
 8  128  19  1024  0.7226E-09
 8  128  19  1024  0.7226E-09
 8  128  19  1024  0.7230E-09
 8  128  19  1024  0.7232E-09
 8  128  19  1024  0.7235E-09
 8  128  19  1024  0.7232E-09
 8  128  19  1024  0.7227E-09
 8  128  19  1024  0.7226E-09
 8  128  19  1024  0.7226E-09
 8  128  20  1024  0.7058E-09
 8  128  20  1024  0.7048E-09
 8  128  20  1024  0.7048E-09
 8  128  20  1024  0.7051E-09
 8  128  20  1024  0.7086E-09
 8  128  20  1024  0.7050E-09
 8  128  20  1024  0.7049E-09
 8  128  20  1024  0.7048E-09
 8  128  20  1024  0.7047E-09
 8  128  20  1024  0.7050E-09
