 8  1  3  8  0.2005E-06
 8  1  3  8  0.1545E-06
 8  1  3  8  0.1788E-06
 8  1  3  8  0.1420E-06
 8  1  3  8  0.1497E-06
 8  1  3  8  0.1777E-06
 8  1  3  8  0.1435E-06
 8  1  3  8  0.1405E-06
 8  1  3  8  0.1744E-06
 8  1  3  8  0.1435E-06
 8  1  4  8  0.1270E-06
 8  1  4  8  0.7606E-07
 8  1  4  8  0.9453E-07
 8  1  4  8  0.7233E-07
 8  1  4  8  0.9111E-07
 8  1  4  8  0.7031E-07
 8  1  4  8  0.1068E-06
 8  1  4  8  0.1080E-06
 8  1  4  8  0.1453E-06
 8  1  4  8  0.1152E-06
 8  1  5  8  0.8337E-07
 8  1  5  8  0.7733E-07
 8  1  5  8  0.7407E-07
 8  1  5  8  0.7296E-07
 8  1  5  8  0.8003E-07
 8  1  5  8  0.6398E-07
 8  1  5  8  0.8098E-07
 8  1  5  8  0.7971E-07
 8  1  5  8  0.8504E-07
 8  1  5  8  0.9672E-07
 8  1  6  8  0.6945E-07
 8  1  6  8  0.6618E-07
 8  1  6  8  0.6305E-07
 8  1  6  8  0.6190E-07
 8  1  6  8  0.6466E-07
 8  1  6  8  0.6618E-07
 8  1  6  8  0.6154E-07
 8  1  6  8  0.7253E-07
 8  1  6  8  0.6384E-07
 8  1  6  8  0.6172E-07
 8  1  7  8  0.6864E-07
 8  1  7  8  0.6378E-07
 8  1  7  8  0.6111E-07
 8  1  7  8  0.5978E-07
 8  1  7  8  0.5940E-07
 8  1  7  8  0.6047E-07
 8  1  7  8  0.5978E-07
 8  1  7  8  0.6424E-07
 8  1  7  8  0.6450E-07
 8  1  7  8  0.6343E-07
 8  1  9  8  0.6946E-07
 8  1  9  8  0.7077E-07
 8  1  9  8  0.6721E-07
 8  1  9  8  0.6785E-07
 8  1  9  8  0.7162E-07
 8  1  9  8  0.6916E-07
 8  1  9  8  0.6927E-07
 8  1  9  8  0.6955E-07
 8  1  9  8  0.6796E-07
 8  1  9  8  0.7156E-07
 8  1  10  8  0.9479E-07
 8  1  10  8  0.9437E-07
 8  1  10  8  0.9088E-07
 8  1  10  8  0.9346E-07
 8  1  10  8  0.9092E-07
 8  1  10  8  0.9170E-07
 8  1  10  8  0.9346E-07
 8  1  10  8  0.9504E-07
 8  1  10  8  0.9279E-07
 8  1  10  8  0.9428E-07
 8  1  11  8  0.8759E-07
 8  1  11  8  0.8837E-07
 8  1  11  8  0.8653E-07
 8  1  11  8  0.8490E-07
 8  1  11  8  0.8671E-07
 8  1  11  8  0.8672E-07
 8  1  11  8  0.8662E-07
 8  1  11  8  0.8493E-07
 8  1  11  8  0.8606E-07
 8  1  11  8  0.8697E-07
 8  1  12  8  0.7207E-07
 8  1  12  8  0.7193E-07
 8  1  12  8  0.7161E-07
 8  1  12  8  0.7138E-07
 8  1  12  8  0.7012E-07
 8  1  12  8  0.7103E-07
 8  1  12  8  0.7161E-07
 8  1  12  8  0.7155E-07
 8  1  12  8  0.7002E-07
 8  1  12  8  0.7004E-07
 8  1  13  8  0.7205E-07
 8  1  13  8  0.7141E-07
 8  1  13  8  0.7133E-07
 8  1  13  8  0.7125E-07
 8  1  13  8  0.7137E-07
 8  1  13  8  0.7148E-07
 8  1  13  8  0.7135E-07
 8  1  13  8  0.7133E-07
 8  1  13  8  0.7131E-07
 8  1  13  8  0.7493E-07
 8  1  14  8  0.6622E-07
 8  1  14  8  0.6534E-07
 8  1  14  8  0.6555E-07
 8  1  14  8  0.6548E-07
 8  1  14  8  0.6525E-07
 8  1  14  8  0.6525E-07
 8  1  14  8  0.6515E-07
 8  1  14  8  0.6595E-07
 8  1  14  8  0.6528E-07
 8  1  14  8  0.6516E-07
 8  1  15  8  0.7204E-07
 8  1  15  8  0.7212E-07
 8  1  15  8  0.7131E-07
 8  1  15  8  0.7210E-07
 8  1  15  8  0.7148E-07
 8  1  15  8  0.7230E-07
 8  1  15  8  0.7132E-07
 8  1  15  8  0.7234E-07
 8  1  15  8  0.7123E-07
 8  1  15  8  0.7223E-07
 8  1  16  8  0.7526E-07
 8  1  16  8  0.7500E-07
 8  1  16  8  0.7468E-07
 8  1  16  8  0.7468E-07
 8  1  16  8  0.7467E-07
 8  1  16  8  0.7467E-07
 8  1  16  8  0.7433E-07
 8  1  16  8  0.7418E-07
 8  1  16  8  0.7485E-07
 8  1  16  8  0.7468E-07
 8  1  17  8  0.8192E-07
 8  1  17  8  0.8220E-07
 8  1  17  8  0.8161E-07
 8  1  17  8  0.8237E-07
 8  1  17  8  0.8154E-07
 8  1  17  8  0.8232E-07
 8  1  17  8  0.8178E-07
 8  1  17  8  0.8202E-07
 8  1  17  8  0.8150E-07
 8  1  17  8  0.8212E-07
 8  1  18  8  0.8555E-07
 8  1  18  8  0.8523E-07
 8  1  18  8  0.8505E-07
 8  1  18  8  0.8515E-07
 8  1  18  8  0.8513E-07
 8  1  18  8  0.8518E-07
 8  1  18  8  0.8550E-07
 8  1  18  8  0.8503E-07
 8  1  18  8  0.8493E-07
 8  1  18  8  0.8493E-07
 8  1  19  8  0.6889E-07
 8  1  19  8  0.6886E-07
 8  1  19  8  0.6886E-07
 8  1  19  8  0.6887E-07
 8  1  19  8  0.6887E-07
 8  1  19  8  0.6889E-07
 8  1  19  8  0.6888E-07
 8  1  19  8  0.6892E-07
 8  1  19  8  0.6890E-07
 8  1  19  8  0.6889E-07
 8  1  20  8  0.6785E-07
 8  1  20  8  0.6785E-07
 8  1  20  8  0.6787E-07
 8  1  20  8  0.6785E-07
 8  1  20  8  0.6784E-07
 8  1  20  8  0.6787E-07
 8  1  20  8  0.6784E-07
 8  1  20  8  0.6784E-07
 8  1  20  8  0.6785E-07
 8  1  20  8  0.6784E-07
