 8  32  3  256  0.6299E-07
 8  32  3  256  0.1770E-07
 8  32  3  256  0.1572E-07
 8  32  3  256  0.1533E-07
 8  32  3  256  0.1422E-07
 8  32  3  256  0.1423E-07
 8  32  3  256  0.1374E-07
 8  32  3  256  0.1673E-07
 8  32  3  256  0.1466E-07
 8  32  3  256  0.1514E-07
 8  32  4  256  0.1725E-07
 8  32  4  256  0.9337E-08
 8  32  4  256  0.1054E-07
 8  32  4  256  0.9299E-08
 8  32  4  256  0.9337E-08
 8  32  4  256  0.9114E-08
 8  32  4  256  0.1023E-07
 8  32  4  256  0.9139E-08
 8  32  4  256  0.9153E-08
 8  32  4  256  0.9236E-08
 8  32  5  256  0.1641E-07
 8  32  5  256  0.8166E-08
 8  32  5  256  0.7314E-08
 8  32  5  256  0.7282E-08
 8  32  5  256  0.6989E-08
 8  32  5  256  0.6887E-08
 8  32  5  256  0.7239E-08
 8  32  5  256  0.6750E-08
 8  32  5  256  0.7021E-08
 8  32  5  256  0.6907E-08
 8  32  6  256  0.3376E-08
 8  32  6  256  0.3250E-08
 8  32  6  256  0.3258E-08
 8  32  6  256  0.3241E-08
 8  32  6  256  0.3245E-08
 8  32  6  256  0.3273E-08
 8  32  6  256  0.3258E-08
 8  32  6  256  0.3262E-08
 8  32  6  256  0.3257E-08
 8  32  6  256  0.3244E-08
 8  32  7  256  0.2839E-08
 8  32  7  256  0.2758E-08
 8  32  7  256  0.2753E-08
 8  32  7  256  0.2761E-08
 8  32  7  256  0.2753E-08
 8  32  7  256  0.2758E-08
 8  32  7  256  0.2765E-08
 8  32  7  256  0.2760E-08
 8  32  7  256  0.2761E-08
 8  32  7  256  0.2776E-08
 8  32  8  256  0.2310E-08
 8  32  8  256  0.2284E-08
 8  32  8  256  0.2283E-08
 8  32  8  256  0.2275E-08
 8  32  8  256  0.2276E-08
 8  32  8  256  0.2275E-08
 8  32  8  256  0.2277E-08
 8  32  8  256  0.2277E-08
 8  32  8  256  0.2277E-08
 8  32  8  256  0.2277E-08
 8  32  9  256  0.2492E-08
 8  32  9  256  0.2457E-08
 8  32  9  256  0.2455E-08
 8  32  9  256  0.2449E-08
 8  32  9  256  0.2447E-08
 8  32  9  256  0.2451E-08
 8  32  9  256  0.2446E-08
 8  32  9  256  0.2455E-08
 8  32  9  256  0.2463E-08
 8  32  9  256  0.2453E-08
 8  32  10  256  0.2475E-08
 8  32  10  256  0.2447E-08
 8  32  10  256  0.2444E-08
 8  32  10  256  0.2447E-08
 8  32  10  256  0.2444E-08
 8  32  10  256  0.2449E-08
 8  32  10  256  0.2448E-08
 8  32  10  256  0.2444E-08
 8  32  10  256  0.2449E-08
 8  32  10  256  0.2449E-08
 8  32  11  256  0.2495E-08
 8  32  11  256  0.2475E-08
 8  32  11  256  0.2476E-08
 8  32  11  256  0.2475E-08
 8  32  11  256  0.2476E-08
 8  32  11  256  0.2472E-08
 8  32  11  256  0.2476E-08
 8  32  11  256  0.2476E-08
 8  32  11  256  0.2479E-08
 8  32  11  256  0.2475E-08
 8  32  12  256  0.2286E-08
 8  32  12  256  0.2271E-08
 8  32  12  256  0.2272E-08
 8  32  12  256  0.2269E-08
 8  32  12  256  0.2275E-08
 8  32  12  256  0.2272E-08
 8  32  12  256  0.2270E-08
 8  32  12  256  0.2273E-08
 8  32  12  256  0.2275E-08
 8  32  12  256  0.2272E-08
 8  32  13  256  0.2338E-08
 8  32  13  256  0.2326E-08
 8  32  13  256  0.2326E-08
 8  32  13  256  0.2329E-08
 8  32  13  256  0.2326E-08
 8  32  13  256  0.2328E-08
 8  32  13  256  0.2325E-08
 8  32  13  256  0.2327E-08
 8  32  13  256  0.2326E-08
 8  32  13  256  0.2327E-08
 8  32  14  256  0.2231E-08
 8  32  14  256  0.2222E-08
 8  32  14  256  0.2222E-08
 8  32  14  256  0.2223E-08
 8  32  14  256  0.2225E-08
 8  32  14  256  0.2221E-08
 8  32  14  256  0.2222E-08
 8  32  14  256  0.2220E-08
 8  32  14  256  0.2222E-08
 8  32  14  256  0.2222E-08
 8  32  15  256  0.2407E-08
 8  32  15  256  0.2401E-08
 8  32  15  256  0.2402E-08
 8  32  15  256  0.2401E-08
 8  32  15  256  0.2401E-08
 8  32  15  256  0.2403E-08
 8  32  15  256  0.2401E-08
 8  32  15  256  0.2401E-08
 8  32  15  256  0.2401E-08
 8  32  15  256  0.2402E-08
 8  32  16  256  0.2354E-08
 8  32  16  256  0.2347E-08
 8  32  16  256  0.2348E-08
 8  32  16  256  0.2348E-08
 8  32  16  256  0.2348E-08
 8  32  16  256  0.2348E-08
 8  32  16  256  0.2349E-08
 8  32  16  256  0.2348E-08
 8  32  16  256  0.2350E-08
 8  32  16  256  0.2349E-08
 8  32  18  256  0.2748E-08
 8  32  18  256  0.2742E-08
 8  32  18  256  0.2743E-08
 8  32  18  256  0.2743E-08
 8  32  18  256  0.2744E-08
 8  32  18  256  0.2743E-08
 8  32  18  256  0.2743E-08
 8  32  18  256  0.2743E-08
 8  32  18  256  0.2743E-08
 8  32  18  256  0.2743E-08
 8  32  19  256  0.2931E-08
 8  32  19  256  0.2926E-08
 8  32  19  256  0.2927E-08
 8  32  19  256  0.2943E-08
 8  32  19  256  0.2927E-08
 8  32  19  256  0.2927E-08
 8  32  19  256  0.2928E-08
 8  32  19  256  0.2926E-08
 8  32  19  256  0.2927E-08
 8  32  19  256  0.2944E-08
 8  32  20  256  0.2864E-08
 8  32  20  256  0.2863E-08
 8  32  20  256  0.2862E-08
 8  32  20  256  0.2862E-08
 8  32  20  256  0.2862E-08
 8  32  20  256  0.2863E-08
 8  32  20  256  0.2863E-08
 8  32  20  256  0.2862E-08
 8  32  20  256  0.2862E-08
 8  32  20  256  0.2862E-08
