 8  32  3  256  0.4822E-07
 8  32  3  256  0.1471E-07
 8  32  3  256  0.1379E-07
 8  32  3  256  0.1331E-07
 8  32  3  256  0.1331E-07
 8  32  3  256  0.1336E-07
 8  32  3  256  0.1273E-07
 8  32  3  256  0.1384E-07
 8  32  3  256  0.1321E-07
 8  32  3  256  0.1269E-07
 8  32  4  256  0.1673E-07
 8  32  4  256  0.9318E-08
 8  32  4  256  0.8484E-08
 8  32  4  256  0.8363E-08
 8  32  4  256  0.8445E-08
 8  32  4  256  0.8484E-08
 8  32  4  256  0.9396E-08
 8  32  4  256  0.8605E-08
 8  32  4  256  0.8445E-08
 8  32  4  256  0.8139E-08
 8  32  5  256  0.1504E-07
 8  32  5  256  0.6398E-08
 8  32  5  256  0.6388E-08
 8  32  5  256  0.6480E-08
 8  32  5  256  0.6375E-08
 8  32  5  256  0.6375E-08
 8  32  5  256  0.6417E-08
 8  32  5  256  0.7073E-08
 8  32  5  256  0.6407E-08
 8  32  5  256  0.6470E-08
 8  32  6  256  0.2957E-08
 8  32  6  256  0.2872E-08
 8  32  6  256  0.2885E-08
 8  32  6  256  0.2873E-08
 8  32  6  256  0.2864E-08
 8  32  6  256  0.2866E-08
 8  32  6  256  0.2879E-08
 8  32  6  256  0.2877E-08
 8  32  6  256  0.2880E-08
 8  32  6  256  0.2868E-08
 8  32  7  256  0.2575E-08
 8  32  7  256  0.2539E-08
 8  32  7  256  0.2545E-08
 8  32  7  256  0.2541E-08
 8  32  7  256  0.2544E-08
 8  32  7  256  0.2557E-08
 8  32  7  256  0.2535E-08
 8  32  7  256  0.2538E-08
 8  32  7  256  0.2529E-08
 8  32  7  256  0.2534E-08
 8  32  8  256  0.2146E-08
 8  32  8  256  0.2110E-08
 8  32  8  256  0.2105E-08
 8  32  8  256  0.2110E-08
 8  32  8  256  0.2106E-08
 8  32  8  256  0.2113E-08
 8  32  8  256  0.2107E-08
 8  32  8  256  0.2107E-08
 8  32  8  256  0.2106E-08
 8  32  8  256  0.2105E-08
 8  32  9  256  0.2328E-08
 8  32  9  256  0.2300E-08
 8  32  9  256  0.2299E-08
 8  32  9  256  0.2315E-08
 8  32  9  256  0.2306E-08
 8  32  9  256  0.2300E-08
 8  32  9  256  0.2302E-08
 8  32  9  256  0.2302E-08
 8  32  9  256  0.2300E-08
 8  32  9  256  0.2298E-08
 8  32  10  256  0.2337E-08
 8  32  10  256  0.2316E-08
 8  32  10  256  0.2319E-08
 8  32  10  256  0.2317E-08
 8  32  10  256  0.2318E-08
 8  32  10  256  0.2321E-08
 8  32  10  256  0.2315E-08
 8  32  10  256  0.2319E-08
 8  32  10  256  0.2318E-08
 8  32  10  256  0.2320E-08
 8  32  11  256  0.2368E-08
 8  32  11  256  0.2364E-08
 8  32  11  256  0.2416E-08
 8  32  11  256  0.2352E-08
 8  32  11  256  0.2355E-08
 8  32  11  256  0.2352E-08
 8  32  11  256  0.2361E-08
 8  32  11  256  0.2351E-08
 8  32  11  256  0.2354E-08
 8  32  11  256  0.2354E-08
 8  32  12  256  0.2166E-08
 8  32  12  256  0.2157E-08
 8  32  12  256  0.2158E-08
 8  32  12  256  0.2157E-08
 8  32  12  256  0.2158E-08
 8  32  12  256  0.2162E-08
 8  32  12  256  0.2156E-08
 8  32  12  256  0.2160E-08
 8  32  12  256  0.2160E-08
 8  32  12  256  0.2159E-08
 8  32  13  256  0.2223E-08
 8  32  13  256  0.2217E-08
 8  32  13  256  0.2217E-08
 8  32  13  256  0.2216E-08
 8  32  13  256  0.2217E-08
 8  32  13  256  0.2217E-08
 8  32  13  256  0.2215E-08
 8  32  13  256  0.2221E-08
 8  32  13  256  0.2215E-08
 8  32  13  256  0.2215E-08
 8  32  14  256  0.2122E-08
 8  32  14  256  0.2117E-08
 8  32  14  256  0.2114E-08
 8  32  14  256  0.2115E-08
 8  32  14  256  0.2113E-08
 8  32  14  256  0.2116E-08
 8  32  14  256  0.2117E-08
 8  32  14  256  0.2114E-08
 8  32  14  256  0.2117E-08
 8  32  14  256  0.2114E-08
 8  32  15  256  0.2309E-08
 8  32  15  256  0.2303E-08
 8  32  15  256  0.2302E-08
 8  32  15  256  0.2304E-08
 8  32  15  256  0.2302E-08
 8  32  15  256  0.2302E-08
 8  32  15  256  0.2306E-08
 8  32  15  256  0.2304E-08
 8  32  15  256  0.2302E-08
 8  32  15  256  0.2303E-08
 8  32  16  256  0.2257E-08
 8  32  16  256  0.2255E-08
 8  32  16  256  0.2256E-08
 8  32  16  256  0.2255E-08
 8  32  16  256  0.2255E-08
 8  32  16  256  0.2256E-08
 8  32  16  256  0.2255E-08
 8  32  16  256  0.2256E-08
 8  32  16  256  0.2255E-08
 8  32  16  256  0.2256E-08
 8  32  18  256  0.2649E-08
 8  32  18  256  0.2648E-08
 8  32  18  256  0.2645E-08
 8  32  18  256  0.2646E-08
 8  32  18  256  0.2646E-08
 8  32  18  256  0.2646E-08
 8  32  18  256  0.2647E-08
 8  32  18  256  0.2647E-08
 8  32  18  256  0.2646E-08
 8  32  18  256  0.2647E-08
 8  32  19  256  0.2836E-08
 8  32  19  256  0.2834E-08
 8  32  19  256  0.2833E-08
 8  32  19  256  0.2833E-08
 8  32  19  256  0.2833E-08
 8  32  19  256  0.2834E-08
 8  32  19  256  0.2853E-08
 8  32  19  256  0.2833E-08
 8  32  19  256  0.2833E-08
 8  32  19  256  0.2833E-08
 8  32  20  256  0.2777E-08
 8  32  20  256  0.2774E-08
 8  32  20  256  0.2774E-08
 8  32  20  256  0.2775E-08
 8  32  20  256  0.2774E-08
 8  32  20  256  0.2775E-08
 8  32  20  256  0.2774E-08
 8  32  20  256  0.2774E-08
 8  32  20  256  0.2774E-08
 8  32  20  256  0.2774E-08
