 8  128  3  1024  0.4601E-08
 8  128  3  1024  0.4356E-08
 8  128  3  1024  0.4255E-08
 8  128  3  1024  0.4341E-08
 8  128  3  1024  0.4267E-08
 8  128  3  1024  0.7028E-08
 8  128  3  1024  0.7065E-08
 8  128  3  1024  0.6979E-08
 8  128  3  1024  0.6450E-08
 8  128  3  1024  0.6401E-08
 8  128  4  1024  0.2559E-08
 8  128  4  1024  0.2355E-08
 8  128  4  1024  0.2351E-08
 8  128  4  1024  0.2305E-08
 8  128  4  1024  0.2326E-08
 8  128  4  1024  0.2307E-08
 8  128  4  1024  0.2302E-08
 8  128  4  1024  0.2299E-08
 8  128  4  1024  0.2355E-08
 8  128  4  1024  0.4689E-08
 8  128  5  1024  0.2005E-08
 8  128  5  1024  0.1867E-08
 8  128  5  1024  0.1858E-08
 8  128  5  1024  0.1842E-08
 8  128  5  1024  0.1837E-08
 8  128  5  1024  0.1836E-08
 8  128  5  1024  0.1841E-08
 8  128  5  1024  0.1827E-08
 8  128  5  1024  0.1841E-08
 8  128  5  1024  0.1830E-08
 8  128  6  1024  0.1750E-08
 8  128  6  1024  0.1660E-08
 8  128  6  1024  0.1654E-08
 8  128  6  1024  0.1645E-08
 8  128  6  1024  0.1659E-08
 8  128  6  1024  0.1646E-08
 8  128  6  1024  0.1642E-08
 8  128  6  1024  0.1644E-08
 8  128  6  1024  0.1644E-08
 8  128  6  1024  0.1645E-08
 8  128  7  1024  0.1475E-08
 8  128  7  1024  0.1411E-08
 8  128  7  1024  0.1414E-08
 8  128  7  1024  0.1423E-08
 8  128  7  1024  0.1418E-08
 8  128  7  1024  0.1414E-08
 8  128  7  1024  0.1409E-08
 8  128  7  1024  0.1413E-08
 8  128  7  1024  0.1408E-08
 8  128  7  1024  0.1409E-08
 8  128  8  1024  0.1218E-08
 8  128  8  1024  0.1175E-08
 8  128  8  1024  0.1180E-08
 8  128  8  1024  0.1172E-08
 8  128  8  1024  0.1171E-08
 8  128  8  1024  0.1177E-08
 8  128  8  1024  0.1177E-08
 8  128  8  1024  0.1174E-08
 8  128  8  1024  0.1175E-08
 8  128  8  1024  0.1174E-08
 8  128  9  1024  0.8721E-09
 8  128  9  1024  0.8612E-09
 8  128  9  1024  0.8537E-09
 8  128  9  1024  0.8541E-09
 8  128  9  1024  0.8572E-09
 8  128  9  1024  0.8548E-09
 8  128  9  1024  0.8627E-09
 8  128  9  1024  0.8542E-09
 8  128  9  1024  0.8542E-09
 8  128  9  1024  0.8565E-09
 8  128  11  1024  0.8086E-09
 8  128  11  1024  0.7976E-09
 8  128  11  1024  0.7981E-09
 8  128  11  1024  0.7948E-09
 8  128  11  1024  0.7937E-09
 8  128  11  1024  0.7943E-09
 8  128  11  1024  0.7964E-09
 8  128  11  1024  0.7930E-09
 8  128  11  1024  0.7934E-09
 8  128  11  1024  0.7940E-09
 8  128  12  1024  0.7297E-09
 8  128  12  1024  0.7157E-09
 8  128  12  1024  0.7140E-09
 8  128  12  1024  0.7122E-09
 8  128  12  1024  0.7132E-09
 8  128  12  1024  0.7119E-09
 8  128  12  1024  0.7108E-09
 8  128  12  1024  0.7125E-09
 8  128  12  1024  0.7113E-09
 8  128  12  1024  0.7107E-09
 8  128  13  1024  0.7126E-09
 8  128  13  1024  0.7020E-09
 8  128  13  1024  0.7027E-09
 8  128  13  1024  0.7000E-09
 8  128  13  1024  0.7026E-09
 8  128  13  1024  0.7001E-09
 8  128  13  1024  0.7012E-09
 8  128  13  1024  0.7002E-09
 8  128  13  1024  0.6994E-09
 8  128  13  1024  0.7001E-09
 8  128  14  1024  0.6624E-09
 8  128  14  1024  0.6544E-09
 8  128  14  1024  0.6501E-09
 8  128  14  1024  0.6515E-09
 8  128  14  1024  0.6497E-09
 8  128  14  1024  0.6517E-09
 8  128  14  1024  0.6505E-09
 8  128  14  1024  0.6508E-09
 8  128  14  1024  0.6506E-09
 8  128  14  1024  0.6503E-09
 8  128  15  1024  0.6959E-09
 8  128  15  1024  0.6874E-09
 8  128  15  1024  0.6871E-09
 8  128  15  1024  0.6863E-09
 8  128  15  1024  0.6857E-09
 8  128  15  1024  0.6854E-09
 8  128  15  1024  0.6873E-09
 8  128  15  1024  0.6864E-09
 8  128  15  1024  0.6858E-09
 8  128  15  1024  0.6864E-09
 8  128  16  1024  0.6682E-09
 8  128  16  1024  0.6592E-09
 8  128  16  1024  0.6592E-09
 8  128  16  1024  0.6582E-09
 8  128  16  1024  0.6583E-09
 8  128  16  1024  0.6580E-09
 8  128  16  1024  0.6587E-09
 8  128  16  1024  0.6579E-09
 8  128  16  1024  0.6581E-09
 8  128  16  1024  0.6582E-09
 8  128  17  1024  0.7645E-09
 8  128  17  1024  0.7570E-09
 8  128  17  1024  0.7569E-09
 8  128  17  1024  0.7562E-09
 8  128  17  1024  0.7553E-09
 8  128  17  1024  0.7562E-09
 8  128  17  1024  0.7557E-09
 8  128  17  1024  0.7566E-09
 8  128  17  1024  0.7561E-09
 8  128  17  1024  0.7570E-09
 8  128  18  1024  0.7443E-09
 8  128  18  1024  0.7381E-09
 8  128  18  1024  0.7375E-09
 8  128  18  1024  0.7381E-09
 8  128  18  1024  0.7426E-09
 8  128  18  1024  0.7376E-09
 8  128  18  1024  0.7385E-09
 8  128  18  1024  0.7383E-09
 8  128  18  1024  0.7387E-09
 8  128  18  1024  0.7386E-09
 8  128  19  1024  0.7923E-09
 8  128  19  1024  0.7852E-09
 8  128  19  1024  0.7847E-09
 8  128  19  1024  0.7851E-09
 8  128  19  1024  0.7846E-09
 8  128  19  1024  0.7848E-09
 8  128  19  1024  0.7850E-09
 8  128  19  1024  0.7851E-09
 8  128  19  1024  0.7846E-09
 8  128  19  1024  0.7851E-09
 8  128  20  1024  0.7626E-09
 8  128  20  1024  0.7592E-09
 8  128  20  1024  0.7555E-09
 8  128  20  1024  0.7555E-09
 8  128  20  1024  0.7552E-09
 8  128  20  1024  0.7555E-09
 8  128  20  1024  0.7589E-09
 8  128  20  1024  0.7561E-09
 8  128  20  1024  0.7552E-09
 8  128  20  1024  0.7553E-09
