 8  1024  3  8192  0.2385E-08
 8  1024  3  8192  0.2193E-08
 8  1024  3  8192  0.2201E-08
 8  1024  3  8192  0.2235E-08
 8  1024  3  8192  0.2201E-08
 8  1024  3  8192  0.2194E-08
 8  1024  3  8192  0.2165E-08
 8  1024  3  8192  0.2165E-08
 8  1024  3  8192  0.2187E-08
 8  1024  3  8192  0.2172E-08
 8  1024  4  8192  0.1021E-08
 8  1024  4  8192  0.9367E-09
 8  1024  4  8192  0.9354E-09
 8  1024  4  8192  0.9431E-09
 8  1024  4  8192  0.9572E-09
 8  1024  4  8192  0.9440E-09
 8  1024  4  8192  0.9527E-09
 8  1024  4  8192  0.9312E-09
 8  1024  4  8192  0.9320E-09
 8  1024  4  8192  0.9266E-09
 8  1024  5  8192  0.6133E-09
 8  1024  5  8192  0.5788E-09
 8  1024  5  8192  0.5832E-09
 8  1024  5  8192  0.5857E-09
 8  1024  5  8192  0.5857E-09
 8  1024  5  8192  0.5757E-09
 8  1024  5  8192  0.5768E-09
 8  1024  5  8192  0.5782E-09
 8  1024  5  8192  0.5897E-09
 8  1024  5  8192  0.5844E-09
 8  1024  6  8192  0.4377E-09
 8  1024  6  8192  0.4220E-09
 8  1024  6  8192  0.4187E-09
 8  1024  6  8192  0.4240E-09
 8  1024  6  8192  0.4158E-09
 8  1024  6  8192  0.4136E-09
 8  1024  6  8192  0.4180E-09
 8  1024  6  8192  0.4151E-09
 8  1024  6  8192  0.4181E-09
 8  1024  6  8192  0.4127E-09
 8  1024  7  8192  0.3506E-09
 8  1024  7  8192  0.3377E-09
 8  1024  7  8192  0.3452E-09
 8  1024  7  8192  0.3398E-09
 8  1024  7  8192  0.3361E-09
 8  1024  7  8192  0.3443E-09
 8  1024  7  8192  0.3432E-09
 8  1024  7  8192  0.3361E-09
 8  1024  7  8192  0.3397E-09
 8  1024  7  8192  0.3450E-09
 8  1024  8  8192  0.2756E-09
 8  1024  8  8192  0.2714E-09
 8  1024  8  8192  0.2738E-09
 8  1024  8  8192  0.2714E-09
 8  1024  8  8192  0.2727E-09
 8  1024  8  8192  0.2730E-09
 8  1024  8  8192  0.2719E-09
 8  1024  8  8192  0.2711E-09
 8  1024  8  8192  0.2750E-09
 8  1024  8  8192  0.2720E-09
 8  1024  9  8192  0.2532E-09
 8  1024  9  8192  0.2482E-09
 8  1024  9  8192  0.2489E-09
 8  1024  9  8192  0.2481E-09
 8  1024  9  8192  0.2481E-09
 8  1024  9  8192  0.2499E-09
 8  1024  9  8192  0.2494E-09
 8  1024  9  8192  0.2487E-09
 8  1024  9  8192  0.2488E-09
 8  1024  9  8192  0.2490E-09
 8  1024  10  8192  0.2138E-09
 8  1024  10  8192  0.2108E-09
 8  1024  10  8192  0.2114E-09
 8  1024  10  8192  0.2106E-09
 8  1024  10  8192  0.2119E-09
 8  1024  10  8192  0.2117E-09
 8  1024  10  8192  0.2114E-09
 8  1024  10  8192  0.2108E-09
 8  1024  10  8192  0.2108E-09
 8  1024  10  8192  0.2107E-09
 8  1024  11  8192  0.1923E-09
 8  1024  11  8192  0.1890E-09
 8  1024  11  8192  0.1884E-09
 8  1024  11  8192  0.1892E-09
 8  1024  11  8192  0.1881E-09
 8  1024  11  8192  0.1887E-09
 8  1024  11  8192  0.1881E-09
 8  1024  11  8192  0.1890E-09
 8  1024  11  8192  0.1891E-09
 8  1024  11  8192  0.1885E-09
 8  1024  12  8192  0.1610E-09
 8  1024  12  8192  0.1602E-09
 8  1024  12  8192  0.1592E-09
 8  1024  12  8192  0.1592E-09
 8  1024  12  8192  0.1597E-09
 8  1024  12  8192  0.1594E-09
 8  1024  12  8192  0.1590E-09
 8  1024  12  8192  0.1605E-09
 8  1024  12  8192  0.1600E-09
 8  1024  12  8192  0.1595E-09
