 8  128  3  1024  0.2352E-07
 8  128  3  1024  0.1110E-07
 8  128  3  1024  0.7919E-08
 8  128  3  1024  0.8005E-08
 8  128  3  1024  0.9474E-08
 8  128  3  1024  0.8560E-08
 8  128  3  1024  0.8184E-08
 8  128  3  1024  0.8247E-08
 8  128  3  1024  0.8126E-08
 8  128  3  1024  0.8258E-08
 8  128  4  1024  0.8219E-08
 8  128  4  1024  0.5361E-08
 8  128  4  1024  0.5030E-08
 8  128  4  1024  0.4928E-08
 8  128  4  1024  0.6006E-08
 8  128  4  1024  0.5051E-08
 8  128  4  1024  0.4919E-08
 8  128  4  1024  0.5066E-08
 8  128  4  1024  0.5056E-08
 8  128  4  1024  0.4990E-08
 8  128  5  1024  0.2049E-08
 8  128  5  1024  0.2020E-08
 8  128  5  1024  0.1995E-08
 8  128  5  1024  0.1994E-08
 8  128  5  1024  0.2166E-08
 8  128  5  1024  0.1987E-08
 8  128  5  1024  0.1979E-08
 8  128  5  1024  0.1983E-08
 8  128  5  1024  0.1993E-08
 8  128  5  1024  0.1986E-08
 8  128  6  1024  0.1703E-08
 8  128  6  1024  0.1679E-08
 8  128  6  1024  0.1662E-08
 8  128  6  1024  0.1704E-08
 8  128  6  1024  0.1663E-08
 8  128  6  1024  0.1674E-08
 8  128  6  1024  0.1658E-08
 8  128  6  1024  0.1675E-08
 8  128  6  1024  0.1675E-08
 8  128  6  1024  0.1679E-08
 8  128  7  1024  0.1440E-08
 8  128  7  1024  0.1415E-08
 8  128  7  1024  0.1425E-08
 8  128  7  1024  0.1403E-08
 8  128  7  1024  0.1410E-08
 8  128  7  1024  0.1414E-08
 8  128  7  1024  0.1418E-08
 8  128  7  1024  0.1421E-08
 8  128  7  1024  0.1422E-08
 8  128  7  1024  0.1414E-08
 8  128  8  1024  0.1167E-08
 8  128  8  1024  0.1165E-08
 8  128  8  1024  0.1166E-08
 8  128  8  1024  0.1161E-08
 8  128  8  1024  0.1159E-08
 8  128  8  1024  0.1158E-08
 8  128  8  1024  0.1158E-08
 8  128  8  1024  0.1167E-08
 8  128  8  1024  0.1156E-08
 8  128  8  1024  0.1160E-08
 8  128  9  1024  0.9524E-09
 8  128  9  1024  0.9480E-09
 8  128  9  1024  0.9399E-09
 8  128  9  1024  0.9368E-09
 8  128  9  1024  0.9450E-09
 8  128  9  1024  0.9473E-09
 8  128  9  1024  0.9431E-09
 8  128  9  1024  0.9405E-09
 8  128  9  1024  0.9442E-09
 8  128  9  1024  0.9437E-09
 8  128  11  1024  0.8382E-09
 8  128  11  1024  0.8299E-09
 8  128  11  1024  0.8307E-09
 8  128  11  1024  0.8324E-09
 8  128  11  1024  0.8322E-09
 8  128  11  1024  0.8320E-09
 8  128  11  1024  0.8337E-09
 8  128  11  1024  0.8498E-09
 8  128  11  1024  0.8325E-09
 8  128  11  1024  0.8338E-09
 8  128  12  1024  0.7570E-09
 8  128  12  1024  0.7531E-09
 8  128  12  1024  0.7536E-09
 8  128  12  1024  0.7518E-09
 8  128  12  1024  0.7541E-09
 8  128  12  1024  0.7523E-09
 8  128  12  1024  0.7612E-09
 8  128  12  1024  0.7522E-09
 8  128  12  1024  0.7530E-09
 8  128  12  1024  0.7530E-09
 8  128  13  1024  0.7273E-09
 8  128  13  1024  0.7245E-09
 8  128  13  1024  0.7237E-09
 8  128  13  1024  0.7247E-09
 8  128  13  1024  0.7254E-09
 8  128  13  1024  0.7234E-09
 8  128  13  1024  0.7244E-09
 8  128  13  1024  0.7248E-09
 8  128  13  1024  0.7259E-09
 8  128  13  1024  0.7238E-09
 8  128  14  1024  0.6751E-09
 8  128  14  1024  0.6724E-09
 8  128  14  1024  0.6711E-09
 8  128  14  1024  0.6725E-09
 8  128  14  1024  0.6703E-09
 8  128  14  1024  0.6720E-09
 8  128  14  1024  0.6706E-09
 8  128  14  1024  0.6722E-09
 8  128  14  1024  0.6718E-09
 8  128  14  1024  0.6723E-09
 8  128  15  1024  0.7047E-09
 8  128  15  1024  0.7099E-09
 8  128  15  1024  0.7030E-09
 8  128  15  1024  0.7026E-09
 8  128  15  1024  0.7032E-09
 8  128  15  1024  0.7032E-09
 8  128  15  1024  0.7030E-09
 8  128  15  1024  0.7031E-09
 8  128  15  1024  0.7021E-09
 8  128  15  1024  0.7030E-09
 8  128  16  1024  0.6766E-09
 8  128  16  1024  0.6754E-09
 8  128  16  1024  0.6757E-09
 8  128  16  1024  0.6748E-09
 8  128  16  1024  0.6758E-09
 8  128  16  1024  0.6753E-09
 8  128  16  1024  0.6754E-09
 8  128  16  1024  0.6754E-09
 8  128  16  1024  0.6757E-09
 8  128  16  1024  0.6754E-09
 8  128  17  1024  0.7859E-09
 8  128  17  1024  0.7843E-09
 8  128  17  1024  0.7842E-09
 8  128  17  1024  0.7846E-09
 8  128  17  1024  0.7848E-09
 8  128  17  1024  0.7845E-09
 8  128  17  1024  0.7845E-09
 8  128  17  1024  0.7846E-09
 8  128  17  1024  0.7840E-09
 8  128  17  1024  0.7846E-09
 8  128  18  1024  0.7647E-09
 8  128  18  1024  0.7630E-09
 8  128  18  1024  0.7627E-09
 8  128  18  1024  0.7627E-09
 8  128  18  1024  0.7675E-09
 8  128  18  1024  0.7632E-09
 8  128  18  1024  0.7632E-09
 8  128  18  1024  0.7629E-09
 8  128  18  1024  0.7624E-09
 8  128  18  1024  0.7629E-09
 8  128  19  1024  0.8020E-09
 8  128  19  1024  0.8010E-09
 8  128  19  1024  0.8010E-09
 8  128  19  1024  0.8006E-09
 8  128  19  1024  0.8012E-09
 8  128  19  1024  0.8007E-09
 8  128  19  1024  0.8008E-09
 8  128  19  1024  0.8015E-09
 8  128  19  1024  0.8010E-09
 8  128  19  1024  0.8011E-09
 8  128  20  1024  0.7770E-09
 8  128  20  1024  0.7802E-09
 8  128  20  1024  0.7766E-09
 8  128  20  1024  0.7766E-09
 8  128  20  1024  0.7766E-09
 8  128  20  1024  0.7770E-09
 8  128  20  1024  0.7804E-09
 8  128  20  1024  0.7762E-09
 8  128  20  1024  0.7767E-09
 8  128  20  1024  0.7767E-09
