 8  512  3  4096  0.5753E-08
 8  512  3  4096  0.1962E-08
 8  512  3  4096  0.1977E-08
 8  512  3  4096  0.2975E-08
 8  512  3  4096  0.3273E-08
 8  512  3  4096  0.3017E-08
 8  512  3  4096  0.3138E-08
 8  512  3  4096  0.3255E-08
 8  512  3  4096  0.3316E-08
 8  512  3  4096  0.3204E-08
 8  512  4  4096  0.9599E-09
 8  512  4  4096  0.9591E-09
 8  512  4  4096  0.9615E-09
 8  512  4  4096  0.9598E-09
 8  512  4  4096  0.9569E-09
 8  512  4  4096  0.9669E-09
 8  512  4  4096  0.9651E-09
 8  512  4  4096  0.9621E-09
 8  512  4  4096  0.9854E-09
 8  512  4  4096  0.9692E-09
 8  512  5  4096  0.6340E-09
 8  512  5  4096  0.6322E-09
 8  512  5  4096  0.6323E-09
 8  512  5  4096  0.6306E-09
 8  512  5  4096  0.6350E-09
 8  512  5  4096  0.6316E-09
 8  512  5  4096  0.6313E-09
 8  512  5  4096  0.6257E-09
 8  512  5  4096  0.6273E-09
 8  512  5  4096  0.6242E-09
 8  512  6  4096  0.4828E-09
 8  512  6  4096  0.4826E-09
 8  512  6  4096  0.4849E-09
 8  512  6  4096  0.4810E-09
 8  512  6  4096  0.4782E-09
 8  512  6  4096  0.4795E-09
 8  512  6  4096  0.4887E-09
 8  512  6  4096  0.4830E-09
 8  512  6  4096  0.4810E-09
 8  512  6  4096  0.4831E-09
 8  512  7  4096  0.3894E-09
 8  512  7  4096  0.3897E-09
 8  512  7  4096  0.3858E-09
 8  512  7  4096  0.3856E-09
 8  512  7  4096  0.3814E-09
 8  512  7  4096  0.3880E-09
 8  512  7  4096  0.3853E-09
 8  512  7  4096  0.3852E-09
 8  512  7  4096  0.3895E-09
 8  512  7  4096  0.3836E-09
 8  512  8  4096  0.3002E-09
 8  512  8  4096  0.2972E-09
 8  512  8  4096  0.3032E-09
 8  512  8  4096  0.2990E-09
 8  512  8  4096  0.3003E-09
 8  512  8  4096  0.2997E-09
 8  512  8  4096  0.2978E-09
 8  512  8  4096  0.3004E-09
 8  512  8  4096  0.2993E-09
 8  512  8  4096  0.2988E-09
 8  512  9  4096  0.2714E-09
 8  512  9  4096  0.2715E-09
 8  512  9  4096  0.2731E-09
 8  512  9  4096  0.2746E-09
 8  512  9  4096  0.2691E-09
 8  512  9  4096  0.2704E-09
 8  512  9  4096  0.2713E-09
 8  512  9  4096  0.2729E-09
 8  512  9  4096  0.2695E-09
 8  512  9  4096  0.2723E-09
 8  512  10  4096  0.2437E-09
 8  512  10  4096  0.2413E-09
 8  512  10  4096  0.2423E-09
 8  512  10  4096  0.2408E-09
 8  512  10  4096  0.2425E-09
 8  512  10  4096  0.2422E-09
 8  512  10  4096  0.2408E-09
 8  512  10  4096  0.2421E-09
 8  512  10  4096  0.2426E-09
 8  512  10  4096  0.2426E-09
 8  512  11  4096  0.2272E-09
 8  512  11  4096  0.2246E-09
 8  512  11  4096  0.2240E-09
 8  512  11  4096  0.2232E-09
 8  512  11  4096  0.2257E-09
 8  512  11  4096  0.2235E-09
 8  512  11  4096  0.2249E-09
 8  512  11  4096  0.2253E-09
 8  512  11  4096  0.2257E-09
 8  512  11  4096  0.2249E-09
 8  512  12  4096  0.1940E-09
 8  512  12  4096  0.1937E-09
 8  512  12  4096  0.1942E-09
 8  512  12  4096  0.1957E-09
 8  512  12  4096  0.1943E-09
 8  512  12  4096  0.1932E-09
 8  512  12  4096  0.1946E-09
 8  512  12  4096  0.1935E-09
 8  512  12  4096  0.1941E-09
 8  512  12  4096  0.1950E-09
 8  512  13  4096  0.1872E-09
 8  512  13  4096  0.1871E-09
 8  512  13  4096  0.1869E-09
 8  512  13  4096  0.1887E-09
 8  512  13  4096  0.1880E-09
 8  512  13  4096  0.1867E-09
 8  512  13  4096  0.1877E-09
 8  512  13  4096  0.1883E-09
 8  512  13  4096  0.1873E-09
 8  512  13  4096  0.1864E-09
 8  512  15  4096  0.1797E-09
 8  512  15  4096  0.1804E-09
 8  512  15  4096  0.1792E-09
 8  512  15  4096  0.1794E-09
 8  512  15  4096  0.1792E-09
 8  512  15  4096  0.1794E-09
 8  512  15  4096  0.1837E-09
 8  512  15  4096  0.1845E-09
 8  512  15  4096  0.1841E-09
 8  512  15  4096  0.1843E-09
 8  512  16  4096  0.1867E-09
 8  512  16  4096  0.1860E-09
 8  512  16  4096  0.1859E-09
 8  512  16  4096  0.1861E-09
 8  512  16  4096  0.1857E-09
 8  512  16  4096  0.1859E-09
 8  512  16  4096  0.1860E-09
 8  512  16  4096  0.1860E-09
 8  512  16  4096  0.1869E-09
 8  512  16  4096  0.1860E-09
 8  512  17  4096  0.1959E-09
 8  512  17  4096  0.1971E-09
 8  512  17  4096  0.1957E-09
 8  512  17  4096  0.1966E-09
 8  512  17  4096  0.1956E-09
 8  512  17  4096  0.1956E-09
 8  512  17  4096  0.1959E-09
 8  512  17  4096  0.1970E-09
 8  512  17  4096  0.1956E-09
 8  512  17  4096  0.1956E-09
 8  512  18  4096  0.2049E-09
 8  512  18  4096  0.2043E-09
 8  512  18  4096  0.2038E-09
 8  512  18  4096  0.2039E-09
 8  512  18  4096  0.2037E-09
 8  512  18  4096  0.2045E-09
 8  512  18  4096  0.2042E-09
 8  512  18  4096  0.2049E-09
 8  512  18  4096  0.2040E-09
 8  512  18  4096  0.2037E-09
 8  512  19  4096  0.1984E-09
 8  512  19  4096  0.1983E-09
 8  512  19  4096  0.1984E-09
 8  512  19  4096  0.1984E-09
 8  512  19  4096  0.1989E-09
 8  512  19  4096  0.1985E-09
 8  512  19  4096  0.1983E-09
 8  512  19  4096  0.1983E-09
 8  512  19  4096  0.1982E-09
 8  512  19  4096  0.1981E-09
 8  512  20  4096  0.1967E-09
 8  512  20  4096  0.1960E-09
 8  512  20  4096  0.1960E-09
 8  512  20  4096  0.1966E-09
 8  512  20  4096  0.1970E-09
 8  512  20  4096  0.1969E-09
 8  512  20  4096  0.1960E-09
 8  512  20  4096  0.1961E-09
 8  512  20  4096  0.1961E-09
 8  512  20  4096  0.1968E-09
