 8  64  3  512  0.7042E-08
 8  64  3  512  0.6602E-08
 8  64  3  512  0.6533E-08
 8  64  3  512  0.1456E-07
 8  64  3  512  0.1377E-07
 8  64  3  512  0.1514E-07
 8  64  3  512  0.1322E-07
 8  64  3  512  0.1310E-07
 8  64  3  512  0.1406E-07
 8  64  3  512  0.1290E-07
 8  64  4  512  0.4020E-08
 8  64  4  512  0.3625E-08
 8  64  4  512  0.3635E-08
 8  64  4  512  0.3605E-08
 8  64  4  512  0.3604E-08
 8  64  4  512  0.3818E-08
 8  64  4  512  0.7385E-08
 8  64  4  512  0.7385E-08
 8  64  4  512  0.7252E-08
 8  64  4  512  0.7477E-08
 8  64  5  512  0.3222E-08
 8  64  5  512  0.2977E-08
 8  64  5  512  0.2954E-08
 8  64  5  512  0.2962E-08
 8  64  5  512  0.2963E-08
 8  64  5  512  0.2942E-08
 8  64  5  512  0.2980E-08
 8  64  5  512  0.2965E-08
 8  64  5  512  0.2955E-08
 8  64  5  512  0.5395E-08
 8  64  6  512  0.2940E-08
 8  64  6  512  0.2759E-08
 8  64  6  512  0.2731E-08
 8  64  6  512  0.2714E-08
 8  64  6  512  0.2722E-08
 8  64  6  512  0.2709E-08
 8  64  6  512  0.2714E-08
 8  64  6  512  0.2714E-08
 8  64  6  512  0.2725E-08
 8  64  6  512  0.2740E-08
 8  64  7  512  0.2494E-08
 8  64  7  512  0.2408E-08
 8  64  7  512  0.2400E-08
 8  64  7  512  0.2399E-08
 8  64  7  512  0.2404E-08
 8  64  7  512  0.2402E-08
 8  64  7  512  0.2389E-08
 8  64  7  512  0.2393E-08
 8  64  7  512  0.2398E-08
 8  64  7  512  0.2401E-08
 8  64  8  512  0.2151E-08
 8  64  8  512  0.2068E-08
 8  64  8  512  0.2054E-08
 8  64  8  512  0.2068E-08
 8  64  8  512  0.2071E-08
 8  64  8  512  0.2069E-08
 8  64  8  512  0.2071E-08
 8  64  8  512  0.2071E-08
 8  64  8  512  0.2058E-08
 8  64  8  512  0.2062E-08
 8  64  9  512  0.1585E-08
 8  64  9  512  0.1555E-08
 8  64  9  512  0.1567E-08
 8  64  9  512  0.1559E-08
 8  64  9  512  0.1558E-08
 8  64  9  512  0.1558E-08
 8  64  9  512  0.1564E-08
 8  64  9  512  0.1554E-08
 8  64  9  512  0.1563E-08
 8  64  9  512  0.1560E-08
 8  64  10  512  0.1603E-08
 8  64  10  512  0.1569E-08
 8  64  10  512  0.1564E-08
 8  64  10  512  0.1556E-08
 8  64  10  512  0.1560E-08
 8  64  10  512  0.1555E-08
 8  64  10  512  0.1554E-08
 8  64  10  512  0.1554E-08
 8  64  10  512  0.1557E-08
 8  64  10  512  0.1555E-08
 8  64  11  512  0.1534E-08
 8  64  11  512  0.1509E-08
 8  64  11  512  0.1506E-08
 8  64  11  512  0.1503E-08
 8  64  11  512  0.1535E-08
 8  64  11  512  0.1503E-08
 8  64  11  512  0.1502E-08
 8  64  11  512  0.1502E-08
 8  64  11  512  0.1503E-08
 8  64  11  512  0.1501E-08
 8  64  12  512  0.1381E-08
 8  64  12  512  0.1366E-08
 8  64  12  512  0.1361E-08
 8  64  12  512  0.1359E-08
 8  64  12  512  0.1359E-08
 8  64  12  512  0.1362E-08
 8  64  12  512  0.1358E-08
 8  64  12  512  0.1357E-08
 8  64  12  512  0.1359E-08
 8  64  12  512  0.1358E-08
 8  64  13  512  0.1375E-08
 8  64  13  512  0.1357E-08
 8  64  13  512  0.1358E-08
 8  64  13  512  0.1354E-08
 8  64  13  512  0.1353E-08
 8  64  13  512  0.1354E-08
 8  64  13  512  0.1352E-08
 8  64  13  512  0.1353E-08
 8  64  13  512  0.1352E-08
 8  64  13  512  0.1351E-08
 8  64  14  512  0.1283E-08
 8  64  14  512  0.1269E-08
 8  64  14  512  0.1265E-08
 8  64  14  512  0.1264E-08
 8  64  14  512  0.1268E-08
 8  64  14  512  0.1267E-08
 8  64  14  512  0.1265E-08
 8  64  14  512  0.1264E-08
 8  64  14  512  0.1264E-08
 8  64  14  512  0.1263E-08
 8  64  15  512  0.1358E-08
 8  64  15  512  0.1342E-08
 8  64  15  512  0.1341E-08
 8  64  15  512  0.1340E-08
 8  64  15  512  0.1342E-08
 8  64  15  512  0.1340E-08
 8  64  15  512  0.1341E-08
 8  64  15  512  0.1342E-08
 8  64  15  512  0.1340E-08
 8  64  15  512  0.1340E-08
 8  64  16  512  0.1306E-08
 8  64  16  512  0.1287E-08
 8  64  16  512  0.1288E-08
 8  64  16  512  0.1286E-08
 8  64  16  512  0.1288E-08
 8  64  16  512  0.1285E-08
 8  64  16  512  0.1286E-08
 8  64  16  512  0.1286E-08
 8  64  16  512  0.1285E-08
 8  64  16  512  0.1287E-08
 8  64  17  512  0.1502E-08
 8  64  17  512  0.1486E-08
 8  64  17  512  0.1485E-08
 8  64  17  512  0.1486E-08
 8  64  17  512  0.1485E-08
 8  64  17  512  0.1486E-08
 8  64  17  512  0.1486E-08
 8  64  17  512  0.1485E-08
 8  64  17  512  0.1485E-08
 8  64  17  512  0.1485E-08
 8  64  18  512  0.1462E-08
 8  64  18  512  0.1451E-08
 8  64  18  512  0.1451E-08
 8  64  18  512  0.1451E-08
 8  64  18  512  0.1451E-08
 8  64  18  512  0.1451E-08
 8  64  18  512  0.1451E-08
 8  64  18  512  0.1450E-08
 8  64  18  512  0.1451E-08
 8  64  18  512  0.1450E-08
 8  64  19  512  0.1563E-08
 8  64  19  512  0.1551E-08
 8  64  19  512  0.1551E-08
 8  64  19  512  0.1551E-08
 8  64  19  512  0.1551E-08
 8  64  19  512  0.1551E-08
 8  64  19  512  0.1551E-08
 8  64  19  512  0.1550E-08
 8  64  19  512  0.1551E-08
 8  64  19  512  0.1551E-08
 8  64  20  512  0.1511E-08
 8  64  20  512  0.1497E-08
 8  64  20  512  0.1496E-08
 8  64  20  512  0.1497E-08
 8  64  20  512  0.1497E-08
 8  64  20  512  0.1496E-08
 8  64  20  512  0.1497E-08
 8  64  20  512  0.1496E-08
 8  64  20  512  0.1497E-08
 8  64  20  512  0.1496E-08
