 8  16  3  128  0.5296E-07
 8  16  3  128  0.3029E-07
 8  16  3  128  0.3424E-07
 8  16  3  128  0.3367E-07
 8  16  3  128  0.3010E-07
 8  16  3  128  0.2835E-07
 8  16  3  128  0.2826E-07
 8  16  3  128  0.2778E-07
 8  16  3  128  0.2750E-07
 8  16  3  128  0.2769E-07
 8  16  4  128  0.2201E-07
 8  16  4  128  0.1640E-07
 8  16  4  128  0.1627E-07
 8  16  4  128  0.1753E-07
 8  16  4  128  0.1599E-07
 8  16  4  128  0.1619E-07
 8  16  4  128  0.1559E-07
 8  16  4  128  0.1587E-07
 8  16  4  128  0.1575E-07
 8  16  4  128  0.1562E-07
 8  16  5  128  0.1942E-07
 8  16  5  128  0.1265E-07
 8  16  5  128  0.1246E-07
 8  16  5  128  0.1238E-07
 8  16  5  128  0.1242E-07
 8  16  5  128  0.1244E-07
 8  16  5  128  0.1242E-07
 8  16  5  128  0.1280E-07
 8  16  5  128  0.1240E-07
 8  16  5  128  0.1336E-07
 8  16  6  128  0.1794E-07
 8  16  6  128  0.1026E-07
 8  16  6  128  0.1143E-07
 8  16  6  128  0.1035E-07
 8  16  6  128  0.1049E-07
 8  16  6  128  0.1036E-07
 8  16  6  128  0.1084E-07
 8  16  6  128  0.1092E-07
 8  16  6  128  0.1173E-07
 8  16  6  128  0.9825E-08
 8  16  7  128  0.5237E-08
 8  16  7  128  0.5215E-08
 8  16  7  128  0.5232E-08
 8  16  7  128  0.5192E-08
 8  16  7  128  0.5216E-08
 8  16  7  128  0.5189E-08
 8  16  7  128  0.5206E-08
 8  16  7  128  0.5190E-08
 8  16  7  128  0.5190E-08
 8  16  7  128  0.5164E-08
 8  16  8  128  0.4112E-08
 8  16  8  128  0.4085E-08
 8  16  8  128  0.4071E-08
 8  16  8  128  0.4063E-08
 8  16  8  128  0.4080E-08
 8  16  8  128  0.4064E-08
 8  16  8  128  0.4069E-08
 8  16  8  128  0.4065E-08
 8  16  8  128  0.4067E-08
 8  16  8  128  0.4085E-08
 8  16  9  128  0.4532E-08
 8  16  9  128  0.4487E-08
 8  16  9  128  0.4494E-08
 8  16  9  128  0.4487E-08
 8  16  9  128  0.4489E-08
 8  16  9  128  0.4483E-08
 8  16  9  128  0.4498E-08
 8  16  9  128  0.4489E-08
 8  16  9  128  0.4495E-08
 8  16  9  128  0.4483E-08
 8  16  10  128  0.4557E-08
 8  16  10  128  0.4537E-08
 8  16  10  128  0.4543E-08
 8  16  10  128  0.4531E-08
 8  16  10  128  0.4536E-08
 8  16  10  128  0.4530E-08
 8  16  10  128  0.4532E-08
 8  16  10  128  0.4530E-08
 8  16  10  128  0.4536E-08
 8  16  10  128  0.4533E-08
 8  16  11  128  0.4660E-08
 8  16  11  128  0.4646E-08
 8  16  11  128  0.4641E-08
 8  16  11  128  0.4645E-08
 8  16  11  128  0.4645E-08
 8  16  11  128  0.4646E-08
 8  16  11  128  0.4642E-08
 8  16  11  128  0.4642E-08
 8  16  11  128  0.4647E-08
 8  16  11  128  0.4646E-08
 8  16  12  128  0.4280E-08
 8  16  12  128  0.4312E-08
 8  16  12  128  0.4384E-08
 8  16  12  128  0.4271E-08
 8  16  12  128  0.4268E-08
 8  16  12  128  0.4267E-08
 8  16  12  128  0.4271E-08
 8  16  12  128  0.4268E-08
 8  16  12  128  0.4269E-08
 8  16  12  128  0.4282E-08
 8  16  13  128  0.4422E-08
 8  16  13  128  0.4411E-08
 8  16  13  128  0.4411E-08
 8  16  13  128  0.4411E-08
 8  16  13  128  0.4409E-08
 8  16  13  128  0.4411E-08
 8  16  13  128  0.4408E-08
 8  16  13  128  0.4411E-08
 8  16  13  128  0.4413E-08
 8  16  13  128  0.4420E-08
 8  16  14  128  0.4246E-08
 8  16  14  128  0.4241E-08
 8  16  14  128  0.4235E-08
 8  16  14  128  0.4238E-08
 8  16  14  128  0.4235E-08
 8  16  14  128  0.4239E-08
 8  16  14  128  0.4239E-08
 8  16  14  128  0.4235E-08
 8  16  14  128  0.4235E-08
 8  16  14  128  0.4235E-08
 8  16  15  128  0.4594E-08
 8  16  15  128  0.4587E-08
 8  16  15  128  0.4583E-08
 8  16  15  128  0.4593E-08
 8  16  15  128  0.4586E-08
 8  16  15  128  0.4584E-08
 8  16  15  128  0.4586E-08
 8  16  15  128  0.4584E-08
 8  16  15  128  0.4589E-08
 8  16  15  128  0.4584E-08
 8  16  16  128  0.4507E-08
 8  16  16  128  0.4501E-08
 8  16  16  128  0.4506E-08
 8  16  16  128  0.4502E-08
 8  16  16  128  0.4502E-08
 8  16  16  128  0.4504E-08
 8  16  16  128  0.4503E-08
 8  16  16  128  0.4503E-08
 8  16  16  128  0.4502E-08
 8  16  16  128  0.4504E-08
 8  16  17  128  0.5399E-08
 8  16  17  128  0.5392E-08
 8  16  17  128  0.5392E-08
 8  16  17  128  0.5392E-08
 8  16  17  128  0.5392E-08
 8  16  17  128  0.5391E-08
 8  16  17  128  0.5391E-08
 8  16  17  128  0.5392E-08
 8  16  17  128  0.5391E-08
 8  16  17  128  0.5393E-08
 8  16  18  128  0.5305E-08
 8  16  18  128  0.5301E-08
 8  16  18  128  0.5300E-08
 8  16  18  128  0.5300E-08
 8  16  18  128  0.5301E-08
 8  16  18  128  0.5300E-08
 8  16  18  128  0.5298E-08
 8  16  18  128  0.5300E-08
 8  16  18  128  0.5299E-08
 8  16  18  128  0.5302E-08
 8  16  19  128  0.5667E-08
 8  16  19  128  0.5664E-08
 8  16  19  128  0.5663E-08
 8  16  19  128  0.5663E-08
 8  16  19  128  0.5663E-08
 8  16  19  128  0.5663E-08
 8  16  19  128  0.5663E-08
 8  16  19  128  0.5666E-08
 8  16  19  128  0.5662E-08
 8  16  19  128  0.5664E-08
 8  16  20  128  0.5535E-08
 8  16  20  128  0.5535E-08
 8  16  20  128  0.5533E-08
 8  16  20  128  0.5533E-08
 8  16  20  128  0.5534E-08
 8  16  20  128  0.5532E-08
 8  16  20  128  0.5532E-08
 8  16  20  128  0.5535E-08
 8  16  20  128  0.5533E-08
 8  16  20  128  0.5532E-08
