 8  64  3  512  0.3904E-07
 8  64  3  512  0.1802E-07
 8  64  3  512  0.1454E-07
 8  64  3  512  0.1473E-07
 8  64  3  512  0.1499E-07
 8  64  3  512  0.1386E-07
 8  64  3  512  0.1401E-07
 8  64  3  512  0.1357E-07
 8  64  3  512  0.1466E-07
 8  64  3  512  0.1368E-07
 8  64  4  512  0.1419E-07
 8  64  4  512  0.7751E-08
 8  64  4  512  0.7732E-08
 8  64  4  512  0.7395E-08
 8  64  4  512  0.7567E-08
 8  64  4  512  0.7691E-08
 8  64  4  512  0.7640E-08
 8  64  4  512  0.7497E-08
 8  64  4  512  0.7455E-08
 8  64  4  512  0.7700E-08
 8  64  5  512  0.1148E-07
 8  64  5  512  0.6020E-08
 8  64  5  512  0.5645E-08
 8  64  5  512  0.5369E-08
 8  64  5  512  0.5521E-08
 8  64  5  512  0.5677E-08
 8  64  5  512  0.5328E-08
 8  64  5  512  0.5364E-08
 8  64  5  512  0.5547E-08
 8  64  5  512  0.5687E-08
 8  64  6  512  0.2680E-08
 8  64  6  512  0.2641E-08
 8  64  6  512  0.2654E-08
 8  64  6  512  0.2645E-08
 8  64  6  512  0.2637E-08
 8  64  6  512  0.2617E-08
 8  64  6  512  0.2634E-08
 8  64  6  512  0.2632E-08
 8  64  6  512  0.2620E-08
 8  64  6  512  0.2617E-08
 8  64  7  512  0.2354E-08
 8  64  7  512  0.2314E-08
 8  64  7  512  0.2319E-08
 8  64  7  512  0.2311E-08
 8  64  7  512  0.2316E-08
 8  64  7  512  0.2314E-08
 8  64  7  512  0.2313E-08
 8  64  7  512  0.2308E-08
 8  64  7  512  0.2312E-08
 8  64  7  512  0.2313E-08
 8  64  8  512  0.1981E-08
 8  64  8  512  0.1963E-08
 8  64  8  512  0.1965E-08
 8  64  8  512  0.1970E-08
 8  64  8  512  0.1967E-08
 8  64  8  512  0.1968E-08
 8  64  8  512  0.1967E-08
 8  64  8  512  0.1962E-08
 8  64  8  512  0.1964E-08
 8  64  8  512  0.1975E-08
 8  64  9  512  0.1739E-08
 8  64  9  512  0.1713E-08
 8  64  9  512  0.1715E-08
 8  64  9  512  0.1722E-08
 8  64  9  512  0.1718E-08
 8  64  9  512  0.1720E-08
 8  64  9  512  0.1721E-08
 8  64  9  512  0.1716E-08
 8  64  9  512  0.1715E-08
 8  64  9  512  0.1719E-08
 8  64  10  512  0.1639E-08
 8  64  10  512  0.1620E-08
 8  64  10  512  0.1622E-08
 8  64  10  512  0.1625E-08
 8  64  10  512  0.1622E-08
 8  64  10  512  0.1622E-08
 8  64  10  512  0.1623E-08
 8  64  10  512  0.1625E-08
 8  64  10  512  0.1621E-08
 8  64  10  512  0.1627E-08
 8  64  11  512  0.1606E-08
 8  64  11  512  0.1565E-08
 8  64  11  512  0.1566E-08
 8  64  11  512  0.1566E-08
 8  64  11  512  0.1564E-08
 8  64  11  512  0.1565E-08
 8  64  11  512  0.1565E-08
 8  64  11  512  0.1565E-08
 8  64  11  512  0.1563E-08
 8  64  11  512  0.1562E-08
 8  64  12  512  0.1414E-08
 8  64  12  512  0.1410E-08
 8  64  12  512  0.1408E-08
 8  64  12  512  0.1404E-08
 8  64  12  512  0.1405E-08
 8  64  12  512  0.1406E-08
 8  64  12  512  0.1406E-08
 8  64  12  512  0.1407E-08
 8  64  12  512  0.1405E-08
 8  64  12  512  0.1406E-08
 8  64  13  512  0.1399E-08
 8  64  13  512  0.1396E-08
 8  64  13  512  0.1394E-08
 8  64  13  512  0.1394E-08
 8  64  13  512  0.1391E-08
 8  64  13  512  0.1395E-08
 8  64  13  512  0.1412E-08
 8  64  13  512  0.1393E-08
 8  64  13  512  0.1393E-08
 8  64  13  512  0.1397E-08
 8  64  14  512  0.1307E-08
 8  64  14  512  0.1303E-08
 8  64  14  512  0.1303E-08
 8  64  14  512  0.1300E-08
 8  64  14  512  0.1302E-08
 8  64  14  512  0.1301E-08
 8  64  14  512  0.1301E-08
 8  64  14  512  0.1302E-08
 8  64  14  512  0.1300E-08
 8  64  14  512  0.1303E-08
 8  64  15  512  0.1373E-08
 8  64  15  512  0.1371E-08
 8  64  15  512  0.1370E-08
 8  64  15  512  0.1370E-08
 8  64  15  512  0.1369E-08
 8  64  15  512  0.1370E-08
 8  64  15  512  0.1373E-08
 8  64  15  512  0.1370E-08
 8  64  15  512  0.1371E-08
 8  64  15  512  0.1370E-08
 8  64  16  512  0.1320E-08
 8  64  16  512  0.1316E-08
 8  64  16  512  0.1317E-08
 8  64  16  512  0.1317E-08
 8  64  16  512  0.1317E-08
 8  64  16  512  0.1316E-08
 8  64  16  512  0.1318E-08
 8  64  16  512  0.1316E-08
 8  64  16  512  0.1317E-08
 8  64  16  512  0.1317E-08
 8  64  17  512  0.1542E-08
 8  64  17  512  0.1538E-08
 8  64  17  512  0.1539E-08
 8  64  17  512  0.1537E-08
 8  64  17  512  0.1537E-08
 8  64  17  512  0.1537E-08
 8  64  17  512  0.1537E-08
 8  64  17  512  0.1538E-08
 8  64  17  512  0.1538E-08
 8  64  17  512  0.1537E-08
 8  64  18  512  0.1499E-08
 8  64  18  512  0.1497E-08
 8  64  18  512  0.1497E-08
 8  64  18  512  0.1497E-08
 8  64  18  512  0.1497E-08
 8  64  18  512  0.1497E-08
 8  64  18  512  0.1497E-08
 8  64  18  512  0.1497E-08
 8  64  18  512  0.1498E-08
 8  64  18  512  0.1497E-08
 8  64  19  512  0.1579E-08
 8  64  19  512  0.1577E-08
 8  64  19  512  0.1577E-08
 8  64  19  512  0.1578E-08
 8  64  19  512  0.1577E-08
 8  64  19  512  0.1577E-08
 8  64  19  512  0.1577E-08
 8  64  19  512  0.1576E-08
 8  64  19  512  0.1578E-08
 8  64  19  512  0.1577E-08
 8  64  20  512  0.1535E-08
 8  64  20  512  0.1534E-08
 8  64  20  512  0.1533E-08
 8  64  20  512  0.1534E-08
 8  64  20  512  0.1533E-08
 8  64  20  512  0.1533E-08
 8  64  20  512  0.1534E-08
 8  64  20  512  0.1534E-08
 8  64  20  512  0.1534E-08
 8  64  20  512  0.1534E-08
