 8  128  3  1024  0.8685E-08
 8  128  3  1024  0.8295E-08
 8  128  3  1024  0.8256E-08
 8  128  3  1024  0.8132E-08
 8  128  3  1024  0.8170E-08
 8  128  3  1024  0.8106E-08
 8  128  3  1024  0.8157E-08
 8  128  3  1024  0.8211E-08
 8  128  3  1024  0.8207E-08
 8  128  3  1024  0.8195E-08
 8  128  4  1024  0.4023E-08
 8  128  4  1024  0.3958E-08
 8  128  4  1024  0.3891E-08
 8  128  4  1024  0.3773E-08
 8  128  4  1024  0.3786E-08
 8  128  4  1024  0.3734E-08
 8  128  4  1024  0.3822E-08
 8  128  4  1024  0.3778E-08
 8  128  4  1024  0.3813E-08
 8  128  4  1024  0.3780E-08
 8  128  5  1024  0.2556E-08
 8  128  5  1024  0.2411E-08
 8  128  5  1024  0.2407E-08
 8  128  5  1024  0.2410E-08
 8  128  5  1024  0.2382E-08
 8  128  5  1024  0.2372E-08
 8  128  5  1024  0.2389E-08
 8  128  5  1024  0.2398E-08
 8  128  5  1024  0.2403E-08
 8  128  5  1024  0.2401E-08
 8  128  6  1024  0.2085E-08
 8  128  6  1024  0.1993E-08
 8  128  6  1024  0.1987E-08
 8  128  6  1024  0.1979E-08
 8  128  6  1024  0.2017E-08
 8  128  6  1024  0.1999E-08
 8  128  6  1024  0.2012E-08
 8  128  6  1024  0.1987E-08
 8  128  6  1024  0.1983E-08
 8  128  6  1024  0.1984E-08
 8  128  7  1024  0.1893E-08
 8  128  7  1024  0.1822E-08
 8  128  7  1024  0.1820E-08
 8  128  7  1024  0.1813E-08
 8  128  7  1024  0.1822E-08
 8  128  7  1024  0.1833E-08
 8  128  7  1024  0.1831E-08
 8  128  7  1024  0.1835E-08
 8  128  7  1024  0.1812E-08
 8  128  7  1024  0.1821E-08
 8  128  8  1024  0.1636E-08
 8  128  8  1024  0.1596E-08
 8  128  8  1024  0.1586E-08
 8  128  8  1024  0.1601E-08
 8  128  8  1024  0.1597E-08
 8  128  8  1024  0.1595E-08
 8  128  8  1024  0.1586E-08
 8  128  8  1024  0.1595E-08
 8  128  8  1024  0.1593E-08
 8  128  8  1024  0.1599E-08
 8  128  9  1024  0.1324E-08
 8  128  9  1024  0.1299E-08
 8  128  9  1024  0.1304E-08
 8  128  9  1024  0.1310E-08
 8  128  9  1024  0.1309E-08
 8  128  9  1024  0.1304E-08
 8  128  9  1024  0.1305E-08
 8  128  9  1024  0.1307E-08
 8  128  9  1024  0.1301E-08
 8  128  9  1024  0.1304E-08
 8  128  11  1024  0.1112E-08
 8  128  11  1024  0.1103E-08
 8  128  11  1024  0.1106E-08
 8  128  11  1024  0.1106E-08
 8  128  11  1024  0.1106E-08
 8  128  11  1024  0.1105E-08
 8  128  11  1024  0.1107E-08
 8  128  11  1024  0.1105E-08
 8  128  11  1024  0.1105E-08
 8  128  11  1024  0.1105E-08
 8  128  12  1024  0.9790E-09
 8  128  12  1024  0.9734E-09
 8  128  12  1024  0.9747E-09
 8  128  12  1024  0.9735E-09
 8  128  12  1024  0.9740E-09
 8  128  12  1024  0.9821E-09
 8  128  12  1024  0.9746E-09
 8  128  12  1024  0.9745E-09
 8  128  12  1024  0.9749E-09
 8  128  12  1024  0.9753E-09
 8  128  13  1024  0.9528E-09
 8  128  13  1024  0.9502E-09
 8  128  13  1024  0.9483E-09
 8  128  13  1024  0.9483E-09
 8  128  13  1024  0.9489E-09
 8  128  13  1024  0.9483E-09
 8  128  13  1024  0.9484E-09
 8  128  13  1024  0.9490E-09
 8  128  13  1024  0.9532E-09
 8  128  13  1024  0.9496E-09
 8  128  14  1024  0.8965E-09
 8  128  14  1024  0.8926E-09
 8  128  14  1024  0.8916E-09
 8  128  14  1024  0.8920E-09
 8  128  14  1024  0.8933E-09
 8  128  14  1024  0.8915E-09
 8  128  14  1024  0.8933E-09
 8  128  14  1024  0.8925E-09
 8  128  14  1024  0.8930E-09
 8  128  14  1024  0.8924E-09
 8  128  15  1024  0.9039E-09
 8  128  15  1024  0.9022E-09
 8  128  15  1024  0.9019E-09
 8  128  15  1024  0.9019E-09
 8  128  15  1024  0.9023E-09
 8  128  15  1024  0.9010E-09
 8  128  15  1024  0.9024E-09
 8  128  15  1024  0.9019E-09
 8  128  15  1024  0.9023E-09
 8  128  15  1024  0.9085E-09
 8  128  16  1024  0.8773E-09
 8  128  16  1024  0.8755E-09
 8  128  16  1024  0.8763E-09
 8  128  16  1024  0.8749E-09
 8  128  16  1024  0.8754E-09
 8  128  16  1024  0.8751E-09
 8  128  16  1024  0.8746E-09
 8  128  16  1024  0.8757E-09
 8  128  16  1024  0.8757E-09
 8  128  16  1024  0.8747E-09
 8  128  17  1024  0.9798E-09
 8  128  17  1024  0.9783E-09
 8  128  17  1024  0.9774E-09
 8  128  17  1024  0.9780E-09
 8  128  17  1024  0.9787E-09
 8  128  17  1024  0.9775E-09
 8  128  17  1024  0.9775E-09
 8  128  17  1024  0.9781E-09
 8  128  17  1024  0.9776E-09
 8  128  17  1024  0.9779E-09
 8  128  18  1024  0.9473E-09
 8  128  18  1024  0.9458E-09
 8  128  18  1024  0.9456E-09
 8  128  18  1024  0.9456E-09
 8  128  18  1024  0.9453E-09
 8  128  18  1024  0.9497E-09
 8  128  18  1024  0.9452E-09
 8  128  18  1024  0.9457E-09
 8  128  18  1024  0.9457E-09
 8  128  18  1024  0.9457E-09
 8  128  19  1024  0.9859E-09
 8  128  19  1024  0.9845E-09
 8  128  19  1024  0.9845E-09
 8  128  19  1024  0.9843E-09
 8  128  19  1024  0.9842E-09
 8  128  19  1024  0.9845E-09
 8  128  19  1024  0.9845E-09
 8  128  19  1024  0.9844E-09
 8  128  19  1024  0.9843E-09
 8  128  19  1024  0.9843E-09
 8  128  20  1024  0.9862E-09
 8  128  20  1024  0.9817E-09
 8  128  20  1024  0.9825E-09
 8  128  20  1024  0.9817E-09
 8  128  20  1024  0.9842E-09
 8  128  20  1024  0.9819E-09
 8  128  20  1024  0.9827E-09
 8  128  20  1024  0.9824E-09
 8  128  20  1024  0.9828E-09
 8  128  20  1024  0.9822E-09
