 8  8  3  64  0.6269E-07
 8  8  3  64  0.4958E-07
 8  8  3  64  0.4843E-07
 8  8  3  64  0.5616E-07
 8  8  3  64  0.4801E-07
 8  8  3  64  0.4765E-07
 8  8  3  64  0.5303E-07
 8  8  3  64  0.4939E-07
 8  8  3  64  0.4608E-07
 8  8  3  64  0.4631E-07
 8  8  4  64  0.3165E-07
 8  8  4  64  0.2848E-07
 8  8  4  64  0.2749E-07
 8  8  4  64  0.2742E-07
 8  8  4  64  0.2703E-07
 8  8  4  64  0.2637E-07
 8  8  4  64  0.2604E-07
 8  8  4  64  0.2579E-07
 8  8  4  64  0.2645E-07
 8  8  4  64  0.2848E-07
 8  8  5  64  0.2479E-07
 8  8  5  64  0.1872E-07
 8  8  5  64  0.1812E-07
 8  8  5  64  0.1812E-07
 8  8  5  64  0.1925E-07
 8  8  5  64  0.1737E-07
 8  8  5  64  0.1795E-07
 8  8  5  64  0.1791E-07
 8  8  5  64  0.1775E-07
 8  8  5  64  0.1749E-07
 8  8  6  64  0.1963E-07
 8  8  6  64  0.1418E-07
 8  8  6  64  0.1312E-07
 8  8  6  64  0.1298E-07
 8  8  6  64  0.1292E-07
 8  8  6  64  0.1413E-07
 8  8  6  64  0.1280E-07
 8  8  6  64  0.1208E-07
 8  8  6  64  0.1283E-07
 8  8  6  64  0.1319E-07
 8  8  7  64  0.1831E-07
 8  8  7  64  0.1505E-07
 8  8  7  64  0.1412E-07
 8  8  7  64  0.1441E-07
 8  8  7  64  0.1420E-07
 8  8  7  64  0.1497E-07
 8  8  7  64  0.1429E-07
 8  8  7  64  0.1413E-07
 8  8  7  64  0.1406E-07
 8  8  7  64  0.1411E-07
 8  8  8  64  0.1448E-07
 8  8  8  64  0.1199E-07
 8  8  8  64  0.1103E-07
 8  8  8  64  0.1115E-07
 8  8  8  64  0.1176E-07
 8  8  8  64  0.1112E-07
 8  8  8  64  0.1126E-07
 8  8  8  64  0.1163E-07
 8  8  8  64  0.1163E-07
 8  8  8  64  0.1113E-07
 8  8  9  64  0.1487E-07
 8  8  9  64  0.1278E-07
 8  8  9  64  0.1248E-07
 8  8  9  64  0.1277E-07
 8  8  9  64  0.1240E-07
 8  8  9  64  0.1303E-07
 8  8  9  64  0.1250E-07
 8  8  9  64  0.1285E-07
 8  8  9  64  0.1246E-07
 8  8  9  64  0.1287E-07
 8  8  10  64  0.8209E-08
 8  8  10  64  0.8163E-08
 8  8  10  64  0.8179E-08
 8  8  10  64  0.8170E-08
 8  8  10  64  0.8164E-08
 8  8  10  64  0.8184E-08
 8  8  10  64  0.8162E-08
 8  8  10  64  0.8179E-08
 8  8  10  64  0.8167E-08
 8  8  10  64  0.8176E-08
 8  8  11  64  0.8344E-08
 8  8  11  64  0.8331E-08
 8  8  11  64  0.8331E-08
 8  8  11  64  0.8333E-08
 8  8  11  64  0.8331E-08
 8  8  11  64  0.8339E-08
 8  8  11  64  0.8336E-08
 8  8  11  64  0.8330E-08
 8  8  11  64  0.8329E-08
 8  8  11  64  0.8334E-08
 8  8  12  64  0.7677E-08
 8  8  12  64  0.7685E-08
 8  8  12  64  0.7683E-08
 8  8  12  64  0.7678E-08
 8  8  12  64  0.7679E-08
 8  8  12  64  0.7678E-08
 8  8  12  64  0.7688E-08
 8  8  12  64  0.7671E-08
 8  8  12  64  0.7681E-08
 8  8  12  64  0.7682E-08
 8  8  13  64  0.8006E-08
 8  8  13  64  0.7997E-08
 8  8  13  64  0.7996E-08
 8  8  13  64  0.8005E-08
 8  8  13  64  0.7997E-08
 8  8  13  64  0.8003E-08
 8  8  13  64  0.7998E-08
 8  8  13  64  0.8000E-08
 8  8  13  64  0.7996E-08
 8  8  13  64  0.8002E-08
 8  8  14  64  0.7620E-08
 8  8  14  64  0.7593E-08
 8  8  14  64  0.7623E-08
 8  8  14  64  0.7622E-08
 8  8  14  64  0.7615E-08
 8  8  14  64  0.7626E-08
 8  8  14  64  0.7595E-08
 8  8  14  64  0.7602E-08
 8  8  14  64  0.7629E-08
 8  8  14  64  0.7602E-08
 8  8  15  64  0.8433E-08
 8  8  15  64  0.8421E-08
 8  8  15  64  0.8431E-08
 8  8  15  64  0.8427E-08
 8  8  15  64  0.8426E-08
 8  8  15  64  0.8426E-08
 8  8  15  64  0.8422E-08
 8  8  15  64  0.8430E-08
 8  8  15  64  0.8423E-08
 8  8  15  64  0.8433E-08
 8  8  16  64  0.8286E-08
 8  8  16  64  0.8287E-08
 8  8  16  64  0.8291E-08
 8  8  16  64  0.8288E-08
 8  8  16  64  0.8289E-08
 8  8  16  64  0.8286E-08
 8  8  16  64  0.8286E-08
 8  8  16  64  0.8286E-08
 8  8  16  64  0.8290E-08
 8  8  16  64  0.8288E-08
 8  8  17  64  0.1003E-07
 8  8  17  64  0.1002E-07
 8  8  17  64  0.1002E-07
 8  8  17  64  0.1002E-07
 8  8  17  64  0.1003E-07
 8  8  17  64  0.1002E-07
 8  8  17  64  0.1003E-07
 8  8  17  64  0.1002E-07
 8  8  17  64  0.1003E-07
 8  8  17  64  0.1014E-07
 8  8  18  64  0.9853E-08
 8  8  18  64  0.9853E-08
 8  8  18  64  0.9850E-08
 8  8  18  64  0.9848E-08
 8  8  18  64  0.9852E-08
 8  8  18  64  0.9847E-08
 8  8  18  64  0.9848E-08
 8  8  18  64  0.9846E-08
 8  8  18  64  0.9852E-08
 8  8  18  64  0.9849E-08
 8  8  19  64  0.1058E-07
 8  8  19  64  0.1058E-07
 8  8  19  64  0.1058E-07
 8  8  19  64  0.1058E-07
 8  8  19  64  0.1059E-07
 8  8  19  64  0.1058E-07
 8  8  19  64  0.1058E-07
 8  8  19  64  0.1058E-07
 8  8  19  64  0.1058E-07
 8  8  19  64  0.1058E-07
 8  8  20  64  0.1041E-07
 8  8  20  64  0.1041E-07
 8  8  20  64  0.1041E-07
 8  8  20  64  0.1041E-07
 8  8  20  64  0.1041E-07
 8  8  20  64  0.1041E-07
 8  8  20  64  0.1041E-07
 8  8  20  64  0.1042E-07
 8  8  20  64  0.1042E-07
 8  8  20  64  0.1041E-07
