 8  1024  3  8192  0.1012E-08
 8  1024  3  8192  0.9835E-09
 8  1024  3  8192  0.9795E-09
 8  1024  3  8192  0.9913E-09
 8  1024  3  8192  0.9880E-09
 8  1024  3  8192  0.9824E-09
 8  1024  3  8192  0.9745E-09
 8  1024  3  8192  0.9937E-09
 8  1024  3  8192  0.9659E-09
 8  1024  3  8192  0.9743E-09
 8  1024  4  8192  0.4609E-09
 8  1024  4  8192  0.4561E-09
 8  1024  4  8192  0.4565E-09
 8  1024  4  8192  0.4410E-09
 8  1024  4  8192  0.4412E-09
 8  1024  4  8192  0.4460E-09
 8  1024  4  8192  0.4467E-09
 8  1024  4  8192  0.4615E-09
 8  1024  4  8192  0.4516E-09
 8  1024  4  8192  0.4599E-09
 8  1024  5  8192  0.3198E-09
 8  1024  5  8192  0.3083E-09
 8  1024  5  8192  0.3072E-09
 8  1024  5  8192  0.3086E-09
 8  1024  5  8192  0.3054E-09
 8  1024  5  8192  0.3118E-09
 8  1024  5  8192  0.3101E-09
 8  1024  5  8192  0.3112E-09
 8  1024  5  8192  0.3172E-09
 8  1024  5  8192  0.3104E-09
 8  1024  6  8192  0.2406E-09
 8  1024  6  8192  0.2369E-09
 8  1024  6  8192  0.2371E-09
 8  1024  6  8192  0.2376E-09
 8  1024  6  8192  0.2389E-09
 8  1024  6  8192  0.2381E-09
 8  1024  6  8192  0.2368E-09
 8  1024  6  8192  0.2395E-09
 8  1024  6  8192  0.2414E-09
 8  1024  6  8192  0.2368E-09
 8  1024  7  8192  0.1896E-09
 8  1024  7  8192  0.1870E-09
 8  1024  7  8192  0.1876E-09
 8  1024  7  8192  0.1907E-09
 8  1024  7  8192  0.1924E-09
 8  1024  7  8192  0.1933E-09
 8  1024  7  8192  0.1887E-09
 8  1024  7  8192  0.1907E-09
 8  1024  7  8192  0.1860E-09
 8  1024  7  8192  0.1900E-09
 8  1024  8  8192  0.1451E-09
 8  1024  8  8192  0.1454E-09
 8  1024  8  8192  0.1446E-09
 8  1024  8  8192  0.1473E-09
 8  1024  8  8192  0.1471E-09
 8  1024  8  8192  0.1454E-09
 8  1024  8  8192  0.1450E-09
 8  1024  8  8192  0.1450E-09
 8  1024  8  8192  0.1453E-09
 8  1024  8  8192  0.1449E-09
 8  1024  9  8192  0.1356E-09
 8  1024  9  8192  0.1335E-09
 8  1024  9  8192  0.1345E-09
 8  1024  9  8192  0.1342E-09
 8  1024  9  8192  0.1356E-09
 8  1024  9  8192  0.1352E-09
 8  1024  9  8192  0.1334E-09
 8  1024  9  8192  0.1343E-09
 8  1024  9  8192  0.1354E-09
 8  1024  9  8192  0.1338E-09
 8  1024  10  8192  0.1182E-09
 8  1024  10  8192  0.1184E-09
 8  1024  10  8192  0.1182E-09
 8  1024  10  8192  0.1181E-09
 8  1024  10  8192  0.1181E-09
 8  1024  10  8192  0.1177E-09
 8  1024  10  8192  0.1190E-09
 8  1024  10  8192  0.1188E-09
 8  1024  10  8192  0.1179E-09
 8  1024  10  8192  0.1197E-09
 8  1024  11  8192  0.1092E-09
 8  1024  11  8192  0.1091E-09
 8  1024  11  8192  0.1093E-09
 8  1024  11  8192  0.1084E-09
 8  1024  11  8192  0.1090E-09
 8  1024  11  8192  0.1094E-09
 8  1024  11  8192  0.1087E-09
 8  1024  11  8192  0.1087E-09
 8  1024  11  8192  0.1087E-09
 8  1024  11  8192  0.1084E-09
 8  1024  12  8192  0.9471E-10
 8  1024  12  8192  0.9412E-10
 8  1024  12  8192  0.9412E-10
 8  1024  12  8192  0.9512E-10
 8  1024  12  8192  0.9409E-10
 8  1024  12  8192  0.9411E-10
 8  1024  12  8192  0.9599E-10
 8  1024  12  8192  0.9418E-10
 8  1024  12  8192  0.9600E-10
 8  1024  12  8192  0.9414E-10
 8  1024  13  8192  0.9033E-10
 8  1024  13  8192  0.9033E-10
 8  1024  13  8192  0.9088E-10
 8  1024  13  8192  0.9002E-10
 8  1024  13  8192  0.9019E-10
 8  1024  13  8192  0.9020E-10
 8  1024  13  8192  0.9105E-10
 8  1024  13  8192  0.9043E-10
 8  1024  13  8192  0.9115E-10
 8  1024  13  8192  0.9034E-10
 8  1024  14  8192  0.8408E-10
 8  1024  14  8192  0.8351E-10
 8  1024  14  8192  0.8362E-10
 8  1024  14  8192  0.8341E-10
 8  1024  14  8192  0.8381E-10
 8  1024  14  8192  0.8338E-10
 8  1024  14  8192  0.8399E-10
 8  1024  14  8192  0.8457E-10
 8  1024  14  8192  0.8460E-10
 8  1024  14  8192  0.8387E-10
 8  1024  15  8192  0.9020E-10
 8  1024  15  8192  0.9058E-10
 8  1024  15  8192  0.9021E-10
 8  1024  15  8192  0.9073E-10
 8  1024  15  8192  0.9071E-10
 8  1024  15  8192  0.9074E-10
 8  1024  15  8192  0.9063E-10
 8  1024  15  8192  0.9066E-10
 8  1024  15  8192  0.9087E-10
 8  1024  15  8192  0.9042E-10
 8  1024  16  8192  0.8933E-10
 8  1024  16  8192  0.8922E-10
 8  1024  16  8192  0.8931E-10
 8  1024  16  8192  0.8945E-10
 8  1024  16  8192  0.8946E-10
 8  1024  16  8192  0.8950E-10
 8  1024  16  8192  0.8901E-10
 8  1024  16  8192  0.8914E-10
 8  1024  16  8192  0.8914E-10
 8  1024  16  8192  0.8935E-10
 8  1024  17  8192  0.9292E-10
 8  1024  17  8192  0.9278E-10
 8  1024  17  8192  0.9333E-10
 8  1024  17  8192  0.9338E-10
 8  1024  17  8192  0.9265E-10
 8  1024  17  8192  0.9259E-10
 8  1024  17  8192  0.9330E-10
 8  1024  17  8192  0.9326E-10
 8  1024  17  8192  0.9264E-10
 8  1024  17  8192  0.9274E-10
 8  1024  18  8192  0.9950E-10
 8  1024  18  8192  0.1000E-09
 8  1024  18  8192  0.9954E-10
 8  1024  18  8192  0.9968E-10
 8  1024  18  8192  0.9948E-10
 8  1024  18  8192  0.9948E-10
 8  1024  18  8192  0.9922E-10
 8  1024  18  8192  0.9932E-10
 8  1024  18  8192  0.9995E-10
 8  1024  18  8192  0.9955E-10
 8  1024  19  8192  0.9483E-10
 8  1024  19  8192  0.9529E-10
 8  1024  19  8192  0.9425E-10
 8  1024  19  8192  0.9483E-10
 8  1024  19  8192  0.9488E-10
 8  1024  19  8192  0.9465E-10
 8  1024  19  8192  0.9486E-10
 8  1024  19  8192  0.9535E-10
 8  1024  19  8192  0.9432E-10
 8  1024  19  8192  0.9482E-10
 8  1024  20  8192  0.9407E-10
 8  1024  20  8192  0.9466E-10
 8  1024  20  8192  0.9402E-10
 8  1024  20  8192  0.9401E-10
 8  1024  20  8192  0.9465E-10
 8  1024  20  8192  0.9435E-10
 8  1024  20  8192  0.9468E-10
 8  1024  20  8192  0.9409E-10
 8  1024  20  8192  0.9402E-10
 8  1024  20  8192  0.9448E-10
