 8  1  3  8  0.9606E-07
 8  1  3  8  0.1376E-06
 8  1  3  8  0.2561E-06
 8  1  3  8  0.1685E-06
 8  1  3  8  0.1869E-06
 8  1  3  8  0.1667E-06
 8  1  3  8  0.1589E-06
 8  1  3  8  0.1608E-06
 8  1  3  8  0.1589E-06
 8  1  3  8  0.1604E-06
 8  1  4  8  0.5696E-07
 8  1  4  8  0.9111E-07
 8  1  4  8  0.1341E-06
 8  1  4  8  0.1153E-06
 8  1  4  8  0.1133E-06
 8  1  4  8  0.1158E-06
 8  1  4  8  0.7885E-07
 8  1  4  8  0.1139E-06
 8  1  4  8  0.1107E-06
 8  1  4  8  0.7606E-07
 8  1  5  8  0.5209E-07
 8  1  5  8  0.5792E-07
 8  1  5  8  0.8027E-07
 8  1  5  8  0.1053E-06
 8  1  5  8  0.8766E-07
 8  1  5  8  0.9505E-07
 8  1  5  8  0.9394E-07
 8  1  5  8  0.9767E-07
 8  1  5  8  0.8202E-07
 8  1  5  8  0.8806E-07
 8  1  6  8  0.4354E-07
 8  1  6  8  0.4229E-07
 8  1  6  8  0.7483E-07
 8  1  6  8  0.7234E-07
 8  1  6  8  0.7000E-07
 8  1  6  8  0.6793E-07
 8  1  6  8  0.7119E-07
 8  1  6  8  0.6733E-07
 8  1  6  8  0.6733E-07
 8  1  6  8  0.7639E-07
 8  1  7  8  0.4361E-07
 8  1  7  8  0.4184E-07
 8  1  7  8  0.4454E-07
 8  1  7  8  0.6841E-07
 8  1  7  8  0.6754E-07
 8  1  7  8  0.6632E-07
 8  1  7  8  0.6583E-07
 8  1  7  8  0.6499E-07
 8  1  7  8  0.6936E-07
 8  1  7  8  0.6476E-07
 8  1  9  8  0.5004E-07
 8  1  9  8  0.4936E-07
 8  1  9  8  0.4937E-07
 8  1  9  8  0.4973E-07
 8  1  9  8  0.7271E-07
 8  1  9  8  0.7036E-07
 8  1  9  8  0.6939E-07
 8  1  9  8  0.7220E-07
 8  1  9  8  0.6968E-07
 8  1  9  8  0.7374E-07
 8  1  10  8  0.5417E-07
 8  1  10  8  0.5370E-07
 8  1  10  8  0.5370E-07
 8  1  10  8  0.5367E-07
 8  1  10  8  0.5479E-07
 8  1  10  8  0.9591E-07
 8  1  10  8  0.9530E-07
 8  1  10  8  0.9383E-07
 8  1  10  8  0.9504E-07
 8  1  10  8  0.9404E-07
 8  1  11  8  0.5649E-07
 8  1  11  8  0.5620E-07
 8  1  11  8  0.5608E-07
 8  1  11  8  0.5606E-07
 8  1  11  8  0.5614E-07
 8  1  11  8  0.5642E-07
 8  1  11  8  0.8885E-07
 8  1  11  8  0.8677E-07
 8  1  11  8  0.8678E-07
 8  1  11  8  0.8841E-07
 8  1  12  8  0.5148E-07
 8  1  12  8  0.5112E-07
 8  1  12  8  0.5118E-07
 8  1  12  8  0.5115E-07
 8  1  12  8  0.5112E-07
 8  1  12  8  0.5108E-07
 8  1  12  8  0.5114E-07
 8  1  12  8  0.7328E-07
 8  1  12  8  0.7335E-07
 8  1  12  8  0.7315E-07
 8  1  13  8  0.5418E-07
 8  1  13  8  0.5380E-07
 8  1  13  8  0.5383E-07
 8  1  13  8  0.5382E-07
 8  1  13  8  0.5386E-07
 8  1  13  8  0.5384E-07
 8  1  13  8  0.5383E-07
 8  1  13  8  0.5409E-07
 8  1  13  8  0.7290E-07
 8  1  13  8  0.7255E-07
 8  1  14  8  0.5094E-07
 8  1  14  8  0.5066E-07
 8  1  14  8  0.5069E-07
 8  1  14  8  0.5066E-07
 8  1  14  8  0.5070E-07
 8  1  14  8  0.5067E-07
 8  1  14  8  0.5065E-07
 8  1  14  8  0.5065E-07
 8  1  14  8  0.5069E-07
 8  1  14  8  0.6668E-07
 8  1  15  8  0.5679E-07
 8  1  15  8  0.5646E-07
 8  1  15  8  0.5652E-07
 8  1  15  8  0.5644E-07
 8  1  15  8  0.5651E-07
 8  1  15  8  0.5649E-07
 8  1  15  8  0.5647E-07
 8  1  15  8  0.5647E-07
 8  1  15  8  0.5646E-07
 8  1  15  8  0.5655E-07
 8  1  16  8  0.5402E-07
 8  1  16  8  0.5379E-07
 8  1  16  8  0.5376E-07
 8  1  16  8  0.5378E-07
 8  1  16  8  0.5379E-07
 8  1  16  8  0.5377E-07
 8  1  16  8  0.5381E-07
 8  1  16  8  0.5372E-07
 8  1  16  8  0.5381E-07
 8  1  16  8  0.5375E-07
 8  1  17  8  0.6745E-07
 8  1  17  8  0.6723E-07
 8  1  17  8  0.6723E-07
 8  1  17  8  0.6723E-07
 8  1  17  8  0.6727E-07
 8  1  17  8  0.6724E-07
 8  1  17  8  0.6724E-07
 8  1  17  8  0.6722E-07
 8  1  17  8  0.6732E-07
 8  1  17  8  0.6726E-07
 8  1  18  8  0.6561E-07
 8  1  18  8  0.6540E-07
 8  1  18  8  0.6540E-07
 8  1  18  8  0.6539E-07
 8  1  18  8  0.6539E-07
 8  1  18  8  0.6540E-07
 8  1  18  8  0.6539E-07
 8  1  18  8  0.6537E-07
 8  1  18  8  0.6543E-07
 8  1  18  8  0.6539E-07
 8  1  19  8  0.7087E-07
 8  1  19  8  0.7070E-07
 8  1  19  8  0.7077E-07
 8  1  19  8  0.7069E-07
 8  1  19  8  0.7068E-07
 8  1  19  8  0.7070E-07
 8  1  19  8  0.7070E-07
 8  1  19  8  0.7073E-07
 8  1  19  8  0.7069E-07
 8  1  19  8  0.7073E-07
 8  1  20  8  0.6967E-07
 8  1  20  8  0.6946E-07
 8  1  20  8  0.6945E-07
 8  1  20  8  0.6947E-07
 8  1  20  8  0.6943E-07
 8  1  20  8  0.6944E-07
 8  1  20  8  0.6949E-07
 8  1  20  8  0.6945E-07
 8  1  20  8  0.6946E-07
 8  1  20  8  0.6946E-07
