 8  128  3  1024  0.1680E-07
 8  128  3  1024  0.7379E-08
 8  128  3  1024  0.7379E-08
 8  128  3  1024  0.6896E-08
 8  128  3  1024  0.6942E-08
 8  128  3  1024  0.6620E-08
 8  128  3  1024  0.7091E-08
 8  128  3  1024  0.7040E-08
 8  128  3  1024  0.6703E-08
 8  128  3  1024  0.6971E-08
 8  128  4  1024  0.7135E-08
 8  128  4  1024  0.4501E-08
 8  128  4  1024  0.2805E-08
 8  128  4  1024  0.2513E-08
 8  128  4  1024  0.4726E-08
 8  128  4  1024  0.4532E-08
 8  128  4  1024  0.4537E-08
 8  128  4  1024  0.4547E-08
 8  128  4  1024  0.4674E-08
 8  128  4  1024  0.4608E-08
 8  128  5  1024  0.1719E-08
 8  128  5  1024  0.1687E-08
 8  128  5  1024  0.1680E-08
 8  128  5  1024  0.1676E-08
 8  128  5  1024  0.1673E-08
 8  128  5  1024  0.1687E-08
 8  128  5  1024  0.1666E-08
 8  128  5  1024  0.1703E-08
 8  128  5  1024  0.1687E-08
 8  128  5  1024  0.1690E-08
 8  128  6  1024  0.1469E-08
 8  128  6  1024  0.1441E-08
 8  128  6  1024  0.1434E-08
 8  128  6  1024  0.1436E-08
 8  128  6  1024  0.1439E-08
 8  128  6  1024  0.1431E-08
 8  128  6  1024  0.1435E-08
 8  128  6  1024  0.1444E-08
 8  128  6  1024  0.1438E-08
 8  128  6  1024  0.1436E-08
 8  128  7  1024  0.1253E-08
 8  128  7  1024  0.1246E-08
 8  128  7  1024  0.1239E-08
 8  128  7  1024  0.1241E-08
 8  128  7  1024  0.1244E-08
 8  128  7  1024  0.1234E-08
 8  128  7  1024  0.1232E-08
 8  128  7  1024  0.1236E-08
 8  128  7  1024  0.1238E-08
 8  128  7  1024  0.1249E-08
 8  128  8  1024  0.1025E-08
 8  128  8  1024  0.1023E-08
 8  128  8  1024  0.1015E-08
 8  128  8  1024  0.1014E-08
 8  128  8  1024  0.1014E-08
 8  128  8  1024  0.1020E-08
 8  128  8  1024  0.1017E-08
 8  128  8  1024  0.1014E-08
 8  128  8  1024  0.1017E-08
 8  128  8  1024  0.1016E-08
 8  128  9  1024  0.8712E-09
 8  128  9  1024  0.8624E-09
 8  128  9  1024  0.8590E-09
 8  128  9  1024  0.8594E-09
 8  128  9  1024  0.8672E-09
 8  128  9  1024  0.8583E-09
 8  128  9  1024  0.8615E-09
 8  128  9  1024  0.8587E-09
 8  128  9  1024  0.8602E-09
 8  128  9  1024  0.8594E-09
 8  128  11  1024  0.7720E-09
 8  128  11  1024  0.7676E-09
 8  128  11  1024  0.7654E-09
 8  128  11  1024  0.7695E-09
 8  128  11  1024  0.7676E-09
 8  128  11  1024  0.7682E-09
 8  128  11  1024  0.7675E-09
 8  128  11  1024  0.7699E-09
 8  128  11  1024  0.7670E-09
 8  128  11  1024  0.7671E-09
 8  128  12  1024  0.6863E-09
 8  128  12  1024  0.6850E-09
 8  128  12  1024  0.6863E-09
 8  128  12  1024  0.6840E-09
 8  128  12  1024  0.6846E-09
 8  128  12  1024  0.6855E-09
 8  128  12  1024  0.6843E-09
 8  128  12  1024  0.6849E-09
 8  128  12  1024  0.6843E-09
 8  128  12  1024  0.6832E-09
 8  128  13  1024  0.6758E-09
 8  128  13  1024  0.6713E-09
 8  128  13  1024  0.6708E-09
 8  128  13  1024  0.6720E-09
 8  128  13  1024  0.6711E-09
 8  128  13  1024  0.6719E-09
 8  128  13  1024  0.6804E-09
 8  128  13  1024  0.6721E-09
 8  128  13  1024  0.6710E-09
 8  128  13  1024  0.6726E-09
 8  128  14  1024  0.6269E-09
 8  128  14  1024  0.6230E-09
 8  128  14  1024  0.6256E-09
 8  128  14  1024  0.6245E-09
 8  128  14  1024  0.6253E-09
 8  128  14  1024  0.6245E-09
 8  128  14  1024  0.6253E-09
 8  128  14  1024  0.6246E-09
 8  128  14  1024  0.6259E-09
 8  128  14  1024  0.6250E-09
 8  128  15  1024  0.6598E-09
 8  128  15  1024  0.6577E-09
 8  128  15  1024  0.6582E-09
 8  128  15  1024  0.6579E-09
 8  128  15  1024  0.6581E-09
 8  128  15  1024  0.6585E-09
 8  128  15  1024  0.6571E-09
 8  128  15  1024  0.6588E-09
 8  128  15  1024  0.6576E-09
 8  128  15  1024  0.6582E-09
 8  128  16  1024  0.6401E-09
 8  128  16  1024  0.6386E-09
 8  128  16  1024  0.6386E-09
 8  128  16  1024  0.6385E-09
 8  128  16  1024  0.6386E-09
 8  128  16  1024  0.6386E-09
 8  128  16  1024  0.6385E-09
 8  128  16  1024  0.6385E-09
 8  128  16  1024  0.6385E-09
 8  128  16  1024  0.6386E-09
 8  128  17  1024  0.7407E-09
 8  128  17  1024  0.7402E-09
 8  128  17  1024  0.7396E-09
 8  128  17  1024  0.7400E-09
 8  128  17  1024  0.7394E-09
 8  128  17  1024  0.7396E-09
 8  128  17  1024  0.7397E-09
 8  128  17  1024  0.7401E-09
 8  128  17  1024  0.7394E-09
 8  128  17  1024  0.7404E-09
 8  128  18  1024  0.7222E-09
 8  128  18  1024  0.7213E-09
 8  128  18  1024  0.7215E-09
 8  128  18  1024  0.7210E-09
 8  128  18  1024  0.7206E-09
 8  128  18  1024  0.7209E-09
 8  128  18  1024  0.7264E-09
 8  128  18  1024  0.7210E-09
 8  128  18  1024  0.7210E-09
 8  128  18  1024  0.7217E-09
 8  128  19  1024  0.7630E-09
 8  128  19  1024  0.7620E-09
 8  128  19  1024  0.7619E-09
 8  128  19  1024  0.7621E-09
 8  128  19  1024  0.7619E-09
 8  128  19  1024  0.7621E-09
 8  128  19  1024  0.7618E-09
 8  128  19  1024  0.7619E-09
 8  128  19  1024  0.7620E-09
 8  128  19  1024  0.7620E-09
 8  128  20  1024  0.7435E-09
 8  128  20  1024  0.7397E-09
 8  128  20  1024  0.7398E-09
 8  128  20  1024  0.7396E-09
 8  128  20  1024  0.7398E-09
 8  128  20  1024  0.7432E-09
 8  128  20  1024  0.7398E-09
 8  128  20  1024  0.7394E-09
 8  128  20  1024  0.7394E-09
 8  128  20  1024  0.7392E-09
