 8  4096  3  32768  0.4107E-09
 8  4096  3  32768  0.4016E-09
 8  4096  3  32768  0.4171E-09
 8  4096  3  32768  0.4309E-09
 8  4096  3  32768  0.4349E-09
 8  4096  3  32768  0.4450E-09
 8  4096  3  32768  0.4426E-09
 8  4096  3  32768  0.4130E-09
 8  4096  3  32768  0.4118E-09
 8  4096  3  32768  0.4023E-09
 8  4096  4  32768  0.2065E-09
 8  4096  4  32768  0.2016E-09
 8  4096  4  32768  0.1999E-09
 8  4096  4  32768  0.2041E-09
 8  4096  4  32768  0.2037E-09
 8  4096  4  32768  0.1995E-09
 8  4096  4  32768  0.1982E-09
 8  4096  4  32768  0.1975E-09
 8  4096  4  32768  0.1956E-09
 8  4096  4  32768  0.2001E-09
 8  4096  5  32768  0.1347E-09
 8  4096  5  32768  0.1382E-09
 8  4096  5  32768  0.1380E-09
 8  4096  5  32768  0.1379E-09
 8  4096  5  32768  0.1343E-09
 8  4096  5  32768  0.1339E-09
 8  4096  5  32768  0.1352E-09
 8  4096  5  32768  0.1391E-09
 8  4096  5  32768  0.1368E-09
 8  4096  5  32768  0.1380E-09
 8  4096  6  32768  0.9744E-10
 8  4096  6  32768  0.9581E-10
 8  4096  6  32768  0.9850E-10
 8  4096  6  32768  0.9976E-10
 8  4096  6  32768  0.9927E-10
 8  4096  6  32768  0.9598E-10
 8  4096  6  32768  0.9530E-10
 8  4096  6  32768  0.9832E-10
 8  4096  6  32768  0.1010E-09
 8  4096  6  32768  0.9812E-10
 8  4096  7  32768  0.7345E-10
 8  4096  7  32768  0.7381E-10
 8  4096  7  32768  0.7456E-10
 8  4096  7  32768  0.7275E-10
 8  4096  7  32768  0.7144E-10
 8  4096  7  32768  0.7420E-10
 8  4096  7  32768  0.7586E-10
 8  4096  7  32768  0.7404E-10
 8  4096  7  32768  0.7190E-10
 8  4096  7  32768  0.7486E-10
 8  4096  8  32768  0.5625E-10
 8  4096  8  32768  0.5745E-10
 8  4096  8  32768  0.5647E-10
 8  4096  8  32768  0.5565E-10
 8  4096  8  32768  0.5724E-10
 8  4096  8  32768  0.5732E-10
 8  4096  8  32768  0.5582E-10
 8  4096  8  32768  0.5654E-10
 8  4096  8  32768  0.5810E-10
 8  4096  8  32768  0.5666E-10
 8  4096  9  32768  0.4796E-10
 8  4096  9  32768  0.4727E-10
 8  4096  9  32768  0.4650E-10
 8  4096  9  32768  0.4800E-10
 8  4096  9  32768  0.4764E-10
 8  4096  9  32768  0.4684E-10
 8  4096  9  32768  0.4779E-10
 8  4096  9  32768  0.4774E-10
 8  4096  9  32768  0.4659E-10
 8  4096  9  32768  0.4753E-10
 8  4096  10  32768  0.4049E-10
 8  4096  10  32768  0.3973E-10
 8  4096  10  32768  0.3984E-10
 8  4096  10  32768  0.4005E-10
 8  4096  10  32768  0.3958E-10
 8  4096  10  32768  0.4048E-10
 8  4096  10  32768  0.4018E-10
 8  4096  10  32768  0.3988E-10
 8  4096  10  32768  0.4042E-10
 8  4096  10  32768  0.3994E-10
 8  4096  12  32768  0.3053E-10
 8  4096  12  32768  0.3020E-10
 8  4096  12  32768  0.3030E-10
 8  4096  12  32768  0.3020E-10
 8  4096  12  32768  0.3026E-10
 8  4096  12  32768  0.3040E-10
 8  4096  12  32768  0.3028E-10
 8  4096  12  32768  0.3042E-10
 8  4096  12  32768  0.3023E-10
 8  4096  12  32768  0.3035E-10
 8  4096  13  32768  0.2869E-10
 8  4096  13  32768  0.2854E-10
 8  4096  13  32768  0.2886E-10
 8  4096  13  32768  0.2860E-10
 8  4096  13  32768  0.2861E-10
 8  4096  13  32768  0.2885E-10
 8  4096  13  32768  0.2857E-10
 8  4096  13  32768  0.2870E-10
 8  4096  13  32768  0.2856E-10
 8  4096  13  32768  0.2841E-10
 8  4096  14  32768  0.2601E-10
 8  4096  14  32768  0.2591E-10
 8  4096  14  32768  0.2573E-10
 8  4096  14  32768  0.2598E-10
 8  4096  14  32768  0.2604E-10
 8  4096  14  32768  0.2592E-10
 8  4096  14  32768  0.2577E-10
 8  4096  14  32768  0.2603E-10
 8  4096  14  32768  0.2618E-10
 8  4096  14  32768  0.2580E-10
 8  4096  15  32768  0.2635E-10
 8  4096  15  32768  0.2623E-10
 8  4096  15  32768  0.2628E-10
 8  4096  15  32768  0.2635E-10
 8  4096  15  32768  0.2639E-10
 8  4096  15  32768  0.2633E-10
 8  4096  15  32768  0.2639E-10
 8  4096  15  32768  0.2631E-10
 8  4096  15  32768  0.2637E-10
 8  4096  15  32768  0.2630E-10
 8  4096  16  32768  0.2461E-10
 8  4096  16  32768  0.2461E-10
 8  4096  16  32768  0.2458E-10
 8  4096  16  32768  0.2455E-10
 8  4096  16  32768  0.2461E-10
 8  4096  16  32768  0.2457E-10
 8  4096  16  32768  0.2560E-10
 8  4096  16  32768  0.2481E-10
 8  4096  16  32768  0.2453E-10
 8  4096  16  32768  0.2464E-10
 8  4096  17  32768  0.2706E-10
 8  4096  17  32768  0.2706E-10
 8  4096  17  32768  0.2713E-10
 8  4096  17  32768  0.2700E-10
 8  4096  17  32768  0.2692E-10
 8  4096  17  32768  0.2715E-10
 8  4096  17  32768  0.2705E-10
 8  4096  17  32768  0.2703E-10
 8  4096  17  32768  0.2713E-10
 8  4096  17  32768  0.2702E-10
 8  4096  18  32768  0.2838E-10
 8  4096  18  32768  0.2834E-10
 8  4096  18  32768  0.2843E-10
 8  4096  18  32768  0.2859E-10
 8  4096  18  32768  0.2842E-10
 8  4096  18  32768  0.2841E-10
 8  4096  18  32768  0.2841E-10
 8  4096  18  32768  0.2838E-10
 8  4096  18  32768  0.2841E-10
 8  4096  18  32768  0.2846E-10
 8  4096  19  32768  0.2691E-10
 8  4096  19  32768  0.2688E-10
 8  4096  19  32768  0.2684E-10
 8  4096  19  32768  0.2687E-10
 8  4096  19  32768  0.2691E-10
 8  4096  19  32768  0.2692E-10
 8  4096  19  32768  0.2689E-10
 8  4096  19  32768  0.2693E-10
 8  4096  19  32768  0.2689E-10
 8  4096  19  32768  0.2692E-10
 8  4096  20  32768  0.2629E-10
 8  4096  20  32768  0.2635E-10
 8  4096  20  32768  0.2636E-10
 8  4096  20  32768  0.2634E-10
 8  4096  20  32768  0.2633E-10
 8  4096  20  32768  0.2624E-10
 8  4096  20  32768  0.2634E-10
 8  4096  20  32768  0.2635E-10
 8  4096  20  32768  0.2634E-10
 8  4096  20  32768  0.2632E-10
