 8  8  3  64  0.1986E-07
 8  8  3  64  0.4995E-07
 8  8  3  64  0.6981E-07
 8  8  3  64  0.6522E-07
 8  8  3  64  0.7078E-07
 8  8  3  64  0.6328E-07
 8  8  3  64  0.6269E-07
 8  8  3  64  0.6135E-07
 8  8  3  64  0.5960E-07
 8  8  3  64  0.5574E-07
 8  8  4  64  0.1285E-07
 8  8  4  64  0.1194E-07
 8  8  4  64  0.3254E-07
 8  8  4  64  0.3378E-07
 8  8  4  64  0.3426E-07
 8  8  4  64  0.4321E-07
 8  8  4  64  0.3491E-07
 8  8  4  64  0.3409E-07
 8  8  4  64  0.3322E-07
 8  8  4  64  0.3238E-07
 8  8  5  64  0.1177E-07
 8  8  5  64  0.1073E-07
 8  8  5  64  0.1058E-07
 8  8  5  64  0.1104E-07
 8  8  5  64  0.2100E-07
 8  8  5  64  0.2259E-07
 8  8  5  64  0.2224E-07
 8  8  5  64  0.2191E-07
 8  8  5  64  0.2221E-07
 8  8  5  64  0.2167E-07
 8  8  6  64  0.1046E-07
 8  8  6  64  0.9989E-08
 8  8  6  64  0.9834E-08
 8  8  6  64  0.9840E-08
 8  8  6  64  0.9890E-08
 8  8  6  64  0.1526E-07
 8  8  6  64  0.1490E-07
 8  8  6  64  0.1483E-07
 8  8  6  64  0.1499E-07
 8  8  6  64  0.1586E-07
 8  8  7  64  0.9778E-08
 8  8  7  64  0.9573E-08
 8  8  7  64  0.9557E-08
 8  8  7  64  0.9627E-08
 8  8  7  64  0.9580E-08
 8  8  7  64  0.9565E-08
 8  8  7  64  0.9536E-08
 8  8  7  64  0.1699E-07
 8  8  7  64  0.1582E-07
 8  8  7  64  0.1594E-07
 8  8  8  64  0.8720E-08
 8  8  8  64  0.8442E-08
 8  8  8  64  0.8430E-08
 8  8  8  64  0.8476E-08
 8  8  8  64  0.8430E-08
 8  8  8  64  0.8433E-08
 8  8  8  64  0.8448E-08
 8  8  8  64  0.8440E-08
 8  8  8  64  0.8460E-08
 8  8  8  64  0.1318E-07
 8  8  9  64  0.9457E-08
 8  8  9  64  0.9328E-08
 8  8  9  64  0.9336E-08
 8  8  9  64  0.9308E-08
 8  8  9  64  0.9304E-08
 8  8  9  64  0.9315E-08
 8  8  9  64  0.9335E-08
 8  8  9  64  0.9332E-08
 8  8  9  64  0.9314E-08
 8  8  9  64  0.9342E-08
 8  8  10  64  0.9604E-08
 8  8  10  64  0.9471E-08
 8  8  10  64  0.9993E-08
 8  8  10  64  0.9474E-08
 8  8  10  64  0.9454E-08
 8  8  10  64  0.9441E-08
 8  8  10  64  0.9457E-08
 8  8  10  64  0.9453E-08
 8  8  10  64  0.9446E-08
 8  8  10  64  0.9488E-08
 8  8  11  64  0.9172E-08
 8  8  11  64  0.9087E-08
 8  8  11  64  0.9043E-08
 8  8  11  64  0.9027E-08
 8  8  11  64  0.9023E-08
 8  8  11  64  0.9016E-08
 8  8  11  64  0.9040E-08
 8  8  11  64  0.9017E-08
 8  8  11  64  0.9017E-08
 8  8  11  64  0.9001E-08
 8  8  12  64  0.8472E-08
 8  8  12  64  0.8387E-08
 8  8  12  64  0.8352E-08
 8  8  12  64  0.8342E-08
 8  8  12  64  0.8335E-08
 8  8  12  64  0.8344E-08
 8  8  12  64  0.8344E-08
 8  8  12  64  0.8339E-08
 8  8  12  64  0.8332E-08
 8  8  12  64  0.8333E-08
 8  8  13  64  0.8755E-08
 8  8  13  64  0.8681E-08
 8  8  13  64  0.8658E-08
 8  8  13  64  0.8659E-08
 8  8  13  64  0.8652E-08
 8  8  13  64  0.8647E-08
 8  8  13  64  0.8653E-08
 8  8  13  64  0.8647E-08
 8  8  13  64  0.8641E-08
 8  8  13  64  0.8643E-08
 8  8  14  64  0.8355E-08
 8  8  14  64  0.8279E-08
 8  8  14  64  0.8263E-08
 8  8  14  64  0.8260E-08
 8  8  14  64  0.8260E-08
 8  8  14  64  0.8257E-08
 8  8  14  64  0.8253E-08
 8  8  14  64  0.8254E-08
 8  8  14  64  0.8251E-08
 8  8  14  64  0.8246E-08
 8  8  15  64  0.9122E-08
 8  8  15  64  0.9070E-08
 8  8  15  64  0.9059E-08
 8  8  15  64  0.9056E-08
 8  8  15  64  0.9059E-08
 8  8  15  64  0.9053E-08
 8  8  15  64  0.9054E-08
 8  8  15  64  0.9061E-08
 8  8  15  64  0.9053E-08
 8  8  15  64  0.9053E-08
 8  8  16  64  0.8928E-08
 8  8  16  64  0.8878E-08
 8  8  16  64  0.8873E-08
 8  8  16  64  0.8871E-08
 8  8  16  64  0.8869E-08
 8  8  16  64  0.8869E-08
 8  8  16  64  0.8867E-08
 8  8  16  64  0.8864E-08
 8  8  16  64  0.8865E-08
 8  8  16  64  0.8858E-08
 8  8  17  64  0.1059E-07
 8  8  17  64  0.1055E-07
 8  8  17  64  0.1055E-07
 8  8  17  64  0.1055E-07
 8  8  17  64  0.1055E-07
 8  8  17  64  0.1055E-07
 8  8  17  64  0.1055E-07
 8  8  17  64  0.1055E-07
 8  8  17  64  0.1066E-07
 8  8  17  64  0.1055E-07
 8  8  18  64  0.1040E-07
 8  8  18  64  0.1037E-07
 8  8  18  64  0.1036E-07
 8  8  18  64  0.1037E-07
 8  8  18  64  0.1036E-07
 8  8  18  64  0.1036E-07
 8  8  18  64  0.1037E-07
 8  8  18  64  0.1036E-07
 8  8  18  64  0.1036E-07
 8  8  18  64  0.1036E-07
 8  8  19  64  0.1121E-07
 8  8  19  64  0.1117E-07
 8  8  19  64  0.1116E-07
 8  8  19  64  0.1117E-07
 8  8  19  64  0.1116E-07
 8  8  19  64  0.1116E-07
 8  8  19  64  0.1117E-07
 8  8  19  64  0.1116E-07
 8  8  19  64  0.1117E-07
 8  8  19  64  0.1116E-07
 8  8  20  64  0.1092E-07
 8  8  20  64  0.1089E-07
 8  8  20  64  0.1089E-07
 8  8  20  64  0.1088E-07
 8  8  20  64  0.1089E-07
 8  8  20  64  0.1088E-07
 8  8  20  64  0.1088E-07
 8  8  20  64  0.1089E-07
 8  8  20  64  0.1088E-07
 8  8  20  64  0.1089E-07
