 8  256  3  2048  0.6982E-08
 8  256  3  2048  0.6621E-08
 8  256  3  2048  0.6581E-08
 8  256  3  2048  0.6630E-08
 8  256  3  2048  0.6537E-08
 8  256  3  2048  0.6564E-08
 8  256  3  2048  0.6572E-08
 8  256  3  2048  0.6530E-08
 8  256  3  2048  0.6543E-08
 8  256  3  2048  0.6551E-08
 8  256  4  2048  0.3210E-08
 8  256  4  2048  0.2961E-08
 8  256  4  2048  0.2965E-08
 8  256  4  2048  0.2945E-08
 8  256  4  2048  0.2978E-08
 8  256  4  2048  0.2965E-08
 8  256  4  2048  0.2984E-08
 8  256  4  2048  0.2978E-08
 8  256  4  2048  0.3020E-08
 8  256  4  2048  0.2978E-08
 8  256  5  2048  0.1992E-08
 8  256  5  2048  0.1884E-08
 8  256  5  2048  0.1864E-08
 8  256  5  2048  0.1863E-08
 8  256  5  2048  0.1875E-08
 8  256  5  2048  0.1852E-08
 8  256  5  2048  0.1869E-08
 8  256  5  2048  0.1859E-08
 8  256  5  2048  0.1863E-08
 8  256  5  2048  0.1858E-08
 8  256  6  2048  0.1361E-08
 8  256  6  2048  0.1298E-08
 8  256  6  2048  0.1277E-08
 8  256  6  2048  0.1289E-08
 8  256  6  2048  0.1279E-08
 8  256  6  2048  0.1285E-08
 8  256  6  2048  0.1287E-08
 8  256  6  2048  0.1292E-08
 8  256  6  2048  0.1281E-08
 8  256  6  2048  0.1284E-08
 8  256  7  2048  0.1132E-08
 8  256  7  2048  0.1081E-08
 8  256  7  2048  0.1083E-08
 8  256  7  2048  0.1074E-08
 8  256  7  2048  0.1081E-08
 8  256  7  2048  0.1080E-08
 8  256  7  2048  0.1077E-08
 8  256  7  2048  0.1079E-08
 8  256  7  2048  0.1076E-08
 8  256  7  2048  0.1081E-08
 8  256  8  2048  0.9043E-09
 8  256  8  2048  0.8862E-09
 8  256  8  2048  0.8848E-09
 8  256  8  2048  0.8859E-09
 8  256  8  2048  0.8867E-09
 8  256  8  2048  0.8816E-09
 8  256  8  2048  0.8793E-09
 8  256  8  2048  0.8824E-09
 8  256  8  2048  0.8890E-09
 8  256  8  2048  0.8831E-09
 8  256  9  2048  0.8182E-09
 8  256  9  2048  0.8004E-09
 8  256  9  2048  0.8020E-09
 8  256  9  2048  0.7983E-09
 8  256  9  2048  0.7981E-09
 8  256  9  2048  0.8043E-09
 8  256  9  2048  0.8019E-09
 8  256  9  2048  0.8004E-09
 8  256  9  2048  0.7985E-09
 8  256  9  2048  0.7983E-09
 8  256  10  2048  0.6937E-09
 8  256  10  2048  0.6818E-09
 8  256  10  2048  0.6815E-09
 8  256  10  2048  0.6843E-09
 8  256  10  2048  0.6809E-09
 8  256  10  2048  0.6841E-09
 8  256  10  2048  0.6820E-09
 8  256  10  2048  0.6828E-09
 8  256  10  2048  0.6856E-09
 8  256  10  2048  0.6823E-09
 8  256  11  2048  0.6353E-09
 8  256  11  2048  0.6305E-09
 8  256  11  2048  0.6271E-09
 8  256  11  2048  0.6270E-09
 8  256  11  2048  0.6264E-09
 8  256  11  2048  0.6281E-09
 8  256  11  2048  0.6270E-09
 8  256  11  2048  0.6282E-09
 8  256  11  2048  0.6289E-09
 8  256  11  2048  0.6291E-09
 8  256  12  2048  0.5457E-09
 8  256  12  2048  0.5388E-09
 8  256  12  2048  0.5392E-09
 8  256  12  2048  0.5403E-09
 8  256  12  2048  0.5393E-09
 8  256  12  2048  0.5406E-09
 8  256  12  2048  0.5386E-09
 8  256  12  2048  0.5385E-09
 8  256  12  2048  0.5387E-09
 8  256  12  2048  0.5398E-09
 8  256  13  2048  0.5145E-09
 8  256  13  2048  0.5090E-09
 8  256  13  2048  0.5078E-09
 8  256  13  2048  0.5134E-09
 8  256  13  2048  0.5074E-09
 8  256  13  2048  0.5077E-09
 8  256  13  2048  0.5109E-09
 8  256  13  2048  0.5090E-09
 8  256  13  2048  0.5083E-09
 8  256  13  2048  0.5086E-09
 8  256  14  2048  0.4664E-09
 8  256  14  2048  0.4653E-09
 8  256  14  2048  0.4629E-09
 8  256  14  2048  0.4629E-09
 8  256  14  2048  0.4621E-09
 8  256  14  2048  0.4621E-09
 8  256  14  2048  0.4610E-09
 8  256  14  2048  0.4626E-09
 8  256  14  2048  0.4624E-09
 8  256  14  2048  0.4626E-09
 8  256  15  2048  0.4552E-09
 8  256  15  2048  0.4559E-09
 8  256  15  2048  0.4528E-09
 8  256  15  2048  0.4535E-09
 8  256  15  2048  0.4524E-09
 8  256  15  2048  0.4534E-09
 8  256  15  2048  0.4527E-09
 8  256  15  2048  0.4533E-09
 8  256  15  2048  0.4529E-09
 8  256  15  2048  0.4537E-09
 8  256  16  2048  0.4256E-09
 8  256  16  2048  0.4228E-09
 8  256  16  2048  0.4233E-09
 8  256  16  2048  0.4236E-09
 8  256  16  2048  0.4229E-09
 8  256  16  2048  0.4236E-09
 8  256  16  2048  0.4242E-09
 8  256  16  2048  0.4229E-09
 8  256  16  2048  0.4232E-09
 8  256  16  2048  0.4224E-09
 8  256  17  2048  0.4740E-09
 8  256  17  2048  0.4706E-09
 8  256  17  2048  0.4697E-09
 8  256  17  2048  0.4727E-09
 8  256  17  2048  0.4696E-09
 8  256  17  2048  0.4704E-09
 8  256  17  2048  0.4701E-09
 8  256  17  2048  0.4719E-09
 8  256  17  2048  0.4702E-09
 8  256  17  2048  0.4699E-09
 8  256  18  2048  0.4564E-09
 8  256  18  2048  0.4541E-09
 8  256  18  2048  0.4542E-09
 8  256  18  2048  0.4538E-09
 8  256  18  2048  0.4538E-09
 8  256  18  2048  0.4547E-09
 8  256  18  2048  0.4537E-09
 8  256  18  2048  0.4546E-09
 8  256  18  2048  0.4540E-09
 8  256  18  2048  0.4545E-09
 8  256  19  2048  0.4607E-09
 8  256  19  2048  0.4585E-09
 8  256  19  2048  0.4568E-09
 8  256  19  2048  0.4566E-09
 8  256  19  2048  0.4567E-09
 8  256  19  2048  0.4585E-09
 8  256  19  2048  0.4580E-09
 8  256  19  2048  0.4568E-09
 8  256  19  2048  0.4564E-09
 8  256  19  2048  0.4565E-09
 8  256  20  2048  0.4346E-09
 8  256  20  2048  0.4351E-09
 8  256  20  2048  0.4354E-09
 8  256  20  2048  0.4336E-09
 8  256  20  2048  0.4331E-09
 8  256  20  2048  0.4334E-09
 8  256  20  2048  0.4366E-09
 8  256  20  2048  0.4337E-09
 8  256  20  2048  0.4328E-09
 8  256  20  2048  0.4330E-09
