 8  4096  3  32768  0.4820E-09
 8  4096  3  32768  0.4896E-09
 8  4096  3  32768  0.4993E-09
 8  4096  3  32768  0.5280E-09
 8  4096  3  32768  0.5240E-09
 8  4096  3  32768  0.4985E-09
 8  4096  3  32768  0.4792E-09
 8  4096  3  32768  0.4776E-09
 8  4096  3  32768  0.4849E-09
 8  4096  3  32768  0.4915E-09
 8  4096  4  32768  0.2409E-09
 8  4096  4  32768  0.2421E-09
 8  4096  4  32768  0.2370E-09
 8  4096  4  32768  0.2409E-09
 8  4096  4  32768  0.2344E-09
 8  4096  4  32768  0.2366E-09
 8  4096  4  32768  0.2421E-09
 8  4096  4  32768  0.2440E-09
 8  4096  4  32768  0.2465E-09
 8  4096  4  32768  0.2443E-09
 8  4096  5  32768  0.1611E-09
 8  4096  5  32768  0.1590E-09
 8  4096  5  32768  0.1614E-09
 8  4096  5  32768  0.1625E-09
 8  4096  5  32768  0.1629E-09
 8  4096  5  32768  0.1594E-09
 8  4096  5  32768  0.1596E-09
 8  4096  5  32768  0.1594E-09
 8  4096  5  32768  0.1637E-09
 8  4096  5  32768  0.1634E-09
 8  4096  6  32768  0.1129E-09
 8  4096  6  32768  0.1144E-09
 8  4096  6  32768  0.1181E-09
 8  4096  6  32768  0.1163E-09
 8  4096  6  32768  0.1131E-09
 8  4096  6  32768  0.1126E-09
 8  4096  6  32768  0.1180E-09
 8  4096  6  32768  0.1159E-09
 8  4096  6  32768  0.1115E-09
 8  4096  6  32768  0.1128E-09
 8  4096  7  32768  0.8661E-10
 8  4096  7  32768  0.8466E-10
 8  4096  7  32768  0.8279E-10
 8  4096  7  32768  0.8615E-10
 8  4096  7  32768  0.8529E-10
 8  4096  7  32768  0.8317E-10
 8  4096  7  32768  0.8600E-10
 8  4096  7  32768  0.8648E-10
 8  4096  7  32768  0.8508E-10
 8  4096  7  32768  0.8341E-10
 8  4096  8  32768  0.6588E-10
 8  4096  8  32768  0.6685E-10
 8  4096  8  32768  0.6541E-10
 8  4096  8  32768  0.6526E-10
 8  4096  8  32768  0.6723E-10
 8  4096  8  32768  0.6608E-10
 8  4096  8  32768  0.6535E-10
 8  4096  8  32768  0.6672E-10
 8  4096  8  32768  0.6613E-10
 8  4096  8  32768  0.6478E-10
 8  4096  9  32768  0.5463E-10
 8  4096  9  32768  0.5386E-10
 8  4096  9  32768  0.5485E-10
 8  4096  9  32768  0.5419E-10
 8  4096  9  32768  0.5460E-10
 8  4096  9  32768  0.5457E-10
 8  4096  9  32768  0.5365E-10
 8  4096  9  32768  0.5539E-10
 8  4096  9  32768  0.5377E-10
 8  4096  9  32768  0.5401E-10
 8  4096  10  32768  0.4614E-10
 8  4096  10  32768  0.4554E-10
 8  4096  10  32768  0.4552E-10
 8  4096  10  32768  0.4575E-10
 8  4096  10  32768  0.4578E-10
 8  4096  10  32768  0.4611E-10
 8  4096  10  32768  0.4518E-10
 8  4096  10  32768  0.4616E-10
 8  4096  10  32768  0.4524E-10
 8  4096  10  32768  0.4621E-10
 8  4096  12  32768  0.3398E-10
 8  4096  12  32768  0.3419E-10
 8  4096  12  32768  0.3373E-10
 8  4096  12  32768  0.3412E-10
 8  4096  12  32768  0.3389E-10
 8  4096  12  32768  0.3417E-10
 8  4096  12  32768  0.3415E-10
 8  4096  12  32768  0.3388E-10
 8  4096  12  32768  0.3439E-10
 8  4096  12  32768  0.3397E-10
 8  4096  13  32768  0.3198E-10
 8  4096  13  32768  0.3177E-10
 8  4096  13  32768  0.3173E-10
 8  4096  13  32768  0.3177E-10
 8  4096  13  32768  0.3200E-10
 8  4096  13  32768  0.3170E-10
 8  4096  13  32768  0.3177E-10
 8  4096  13  32768  0.3207E-10
 8  4096  13  32768  0.3172E-10
 8  4096  13  32768  0.3163E-10
 8  4096  14  32768  0.2887E-10
 8  4096  14  32768  0.2881E-10
 8  4096  14  32768  0.2881E-10
 8  4096  14  32768  0.2853E-10
 8  4096  14  32768  0.2870E-10
 8  4096  14  32768  0.2870E-10
 8  4096  14  32768  0.2883E-10
 8  4096  14  32768  0.2881E-10
 8  4096  14  32768  0.2852E-10
 8  4096  14  32768  0.2879E-10
 8  4096  15  32768  0.2885E-10
 8  4096  15  32768  0.2872E-10
 8  4096  15  32768  0.2870E-10
 8  4096  15  32768  0.2864E-10
 8  4096  15  32768  0.2882E-10
 8  4096  15  32768  0.2883E-10
 8  4096  15  32768  0.2881E-10
 8  4096  15  32768  0.2881E-10
 8  4096  15  32768  0.2873E-10
 8  4096  15  32768  0.2878E-10
 8  4096  16  32768  0.2675E-10
 8  4096  16  32768  0.2667E-10
 8  4096  16  32768  0.2663E-10
 8  4096  16  32768  0.2670E-10
 8  4096  16  32768  0.2665E-10
 8  4096  16  32768  0.2672E-10
 8  4096  16  32768  0.2665E-10
 8  4096  16  32768  0.2670E-10
 8  4096  16  32768  0.2669E-10
 8  4096  16  32768  0.2670E-10
 8  4096  17  32768  0.2892E-10
 8  4096  17  32768  0.2888E-10
 8  4096  17  32768  0.2888E-10
 8  4096  17  32768  0.2896E-10
 8  4096  17  32768  0.2895E-10
 8  4096  17  32768  0.2890E-10
 8  4096  17  32768  0.2897E-10
 8  4096  17  32768  0.2892E-10
 8  4096  17  32768  0.2887E-10
 8  4096  17  32768  0.2888E-10
 8  4096  18  32768  0.3034E-10
 8  4096  18  32768  0.3015E-10
 8  4096  18  32768  0.3013E-10
 8  4096  18  32768  0.3013E-10
 8  4096  18  32768  0.3026E-10
 8  4096  18  32768  0.3042E-10
 8  4096  18  32768  0.3019E-10
 8  4096  18  32768  0.3015E-10
 8  4096  18  32768  0.3013E-10
 8  4096  18  32768  0.3021E-10
 8  4096  19  32768  0.2868E-10
 8  4096  19  32768  0.2858E-10
 8  4096  19  32768  0.2856E-10
 8  4096  19  32768  0.2855E-10
 8  4096  19  32768  0.2855E-10
 8  4096  19  32768  0.2860E-10
 8  4096  19  32768  0.2852E-10
 8  4096  19  32768  0.2862E-10
 8  4096  19  32768  0.2851E-10
 8  4096  19  32768  0.2857E-10
 8  4096  20  32768  0.2805E-10
 8  4096  20  32768  0.2796E-10
 8  4096  20  32768  0.2793E-10
 8  4096  20  32768  0.2797E-10
 8  4096  20  32768  0.2798E-10
 8  4096  20  32768  0.2801E-10
 8  4096  20  32768  0.2796E-10
 8  4096  20  32768  0.2795E-10
 8  4096  20  32768  0.2798E-10
 8  4096  20  32768  0.2790E-10
