 8  1  3  8  0.2145E-06
 8  1  3  8  0.1854E-06
 8  1  3  8  0.1575E-06
 8  1  3  8  0.1836E-06
 8  1  3  8  0.1840E-06
 8  1  3  8  0.1792E-06
 8  1  3  8  0.1589E-06
 8  1  3  8  0.1976E-06
 8  1  3  8  0.1836E-06
 8  1  3  8  0.1575E-06
 8  1  4  8  0.1158E-06
 8  1  4  8  0.1042E-06
 8  1  4  8  0.1068E-06
 8  1  4  8  0.1035E-06
 8  1  4  8  0.1099E-06
 8  1  4  8  0.1101E-06
 8  1  4  8  0.1152E-06
 8  1  4  8  0.1113E-06
 8  1  4  8  0.1080E-06
 8  1  4  8  0.1060E-06
 8  1  5  8  0.9100E-07
 8  1  5  8  0.9171E-07
 8  1  5  8  0.7669E-07
 8  1  5  8  0.6700E-07
 8  1  5  8  0.8567E-07
 8  1  5  8  0.8639E-07
 8  1  5  8  0.8297E-07
 8  1  5  8  0.8265E-07
 8  1  5  8  0.8734E-07
 8  1  5  8  0.8368E-07
 8  1  6  8  0.7060E-07
 8  1  6  8  0.6577E-07
 8  1  6  8  0.6673E-07
 8  1  6  8  0.6480E-07
 8  1  6  8  0.6600E-07
 8  1  6  8  0.7639E-07
 8  1  6  8  0.6480E-07
 8  1  6  8  0.6673E-07
 8  1  6  8  0.6618E-07
 8  1  6  8  0.6655E-07
 8  1  7  8  0.6606E-07
 8  1  7  8  0.6412E-07
 8  1  7  8  0.6111E-07
 8  1  7  8  0.6085E-07
 8  1  7  8  0.6769E-07
 8  1  7  8  0.6331E-07
 8  1  7  8  0.6378E-07
 8  1  7  8  0.6267E-07
 8  1  7  8  0.6027E-07
 8  1  7  8  0.6062E-07
 8  1  9  8  0.7201E-07
 8  1  9  8  0.6955E-07
 8  1  9  8  0.6921E-07
 8  1  9  8  0.7327E-07
 8  1  9  8  0.6899E-07
 8  1  9  8  0.6933E-07
 8  1  9  8  0.7241E-07
 8  1  9  8  0.6923E-07
 8  1  9  8  0.6923E-07
 8  1  9  8  0.7166E-07
 8  1  10  8  0.9429E-07
 8  1  10  8  0.9488E-07
 8  1  10  8  0.9458E-07
 8  1  10  8  0.9292E-07
 8  1  10  8  0.9458E-07
 8  1  10  8  0.9429E-07
 8  1  10  8  0.9405E-07
 8  1  10  8  0.9617E-07
 8  1  10  8  0.9233E-07
 8  1  10  8  0.9500E-07
 8  1  11  8  0.8965E-07
 8  1  11  8  0.8819E-07
 8  1  11  8  0.8806E-07
 8  1  11  8  0.8634E-07
 8  1  11  8  0.8750E-07
 8  1  11  8  0.8831E-07
 8  1  11  8  0.8800E-07
 8  1  11  8  0.8631E-07
 8  1  11  8  0.8756E-07
 8  1  11  8  0.8828E-07
 8  1  12  8  0.7383E-07
 8  1  12  8  0.7260E-07
 8  1  12  8  0.7343E-07
 8  1  12  8  0.7263E-07
 8  1  12  8  0.7142E-07
 8  1  12  8  0.7234E-07
 8  1  12  8  0.7292E-07
 8  1  12  8  0.7308E-07
 8  1  12  8  0.7279E-07
 8  1  12  8  0.7142E-07
 8  1  13  8  0.7366E-07
 8  1  13  8  0.7239E-07
 8  1  13  8  0.7411E-07
 8  1  13  8  0.7229E-07
 8  1  13  8  0.7180E-07
 8  1  13  8  0.7167E-07
 8  1  13  8  0.7189E-07
 8  1  13  8  0.7728E-07
 8  1  13  8  0.7323E-07
 8  1  13  8  0.7328E-07
 8  1  14  8  0.6804E-07
 8  1  14  8  0.6649E-07
 8  1  14  8  0.6631E-07
 8  1  14  8  0.6685E-07
 8  1  14  8  0.6765E-07
 8  1  14  8  0.6629E-07
 8  1  14  8  0.6619E-07
 8  1  14  8  0.6950E-07
 8  1  14  8  0.6651E-07
 8  1  14  8  0.6674E-07
 8  1  15  8  0.7425E-07
 8  1  15  8  0.7270E-07
 8  1  15  8  0.7370E-07
 8  1  15  8  0.7257E-07
 8  1  15  8  0.7330E-07
 8  1  15  8  0.7259E-07
 8  1  15  8  0.7330E-07
 8  1  15  8  0.7281E-07
 8  1  15  8  0.7324E-07
 8  1  15  8  0.7272E-07
 8  1  16  8  0.7670E-07
 8  1  16  8  0.7594E-07
 8  1  16  8  0.7588E-07
 8  1  16  8  0.7587E-07
 8  1  16  8  0.7617E-07
 8  1  16  8  0.7602E-07
 8  1  16  8  0.7578E-07
 8  1  16  8  0.7595E-07
 8  1  16  8  0.7601E-07
 8  1  16  8  0.7563E-07
 8  1  17  8  0.8327E-07
 8  1  17  8  0.8325E-07
 8  1  17  8  0.8273E-07
 8  1  17  8  0.8485E-07
 8  1  17  8  0.8305E-07
 8  1  17  8  0.8369E-07
 8  1  17  8  0.8293E-07
 8  1  17  8  0.8328E-07
 8  1  17  8  0.8285E-07
 8  1  17  8  0.8322E-07
 8  1  18  8  0.8678E-07
 8  1  18  8  0.8896E-07
 8  1  18  8  0.8685E-07
 8  1  18  8  0.8656E-07
 8  1  18  8  0.8682E-07
 8  1  18  8  0.8643E-07
 8  1  18  8  0.8638E-07
 8  1  18  8  0.8657E-07
 8  1  18  8  0.8635E-07
 8  1  18  8  0.8704E-07
 8  1  19  8  0.7011E-07
 8  1  19  8  0.7011E-07
 8  1  19  8  0.7013E-07
 8  1  19  8  0.7010E-07
 8  1  19  8  0.7012E-07
 8  1  19  8  0.7010E-07
 8  1  19  8  0.7013E-07
 8  1  19  8  0.7012E-07
 8  1  19  8  0.7009E-07
 8  1  19  8  0.7010E-07
 8  1  20  8  0.6905E-07
 8  1  20  8  0.6906E-07
 8  1  20  8  0.6906E-07
 8  1  20  8  0.6905E-07
 8  1  20  8  0.6907E-07
 8  1  20  8  0.6905E-07
 8  1  20  8  0.6902E-07
 8  1  20  8  0.6904E-07
 8  1  20  8  0.6905E-07
 8  1  20  8  0.6905E-07
