 8  8  3  64  0.7469E-07
 8  8  3  64  0.5266E-07
 8  8  3  64  0.5671E-07
 8  8  3  64  0.5997E-07
 8  8  3  64  0.5537E-07
 8  8  3  64  0.5188E-07
 8  8  3  64  0.5054E-07
 8  8  3  64  0.5248E-07
 8  8  3  64  0.5036E-07
 8  8  3  64  0.5031E-07
 8  8  4  64  0.3264E-07
 8  8  4  64  0.2914E-07
 8  8  4  64  0.2881E-07
 8  8  4  64  0.2831E-07
 8  8  4  64  0.2792E-07
 8  8  4  64  0.2905E-07
 8  8  4  64  0.3011E-07
 8  8  4  64  0.2947E-07
 8  8  4  64  0.2889E-07
 8  8  4  64  0.2823E-07
 8  8  5  64  0.2375E-07
 8  8  5  64  0.2117E-07
 8  8  5  64  0.2091E-07
 8  8  5  64  0.2021E-07
 8  8  5  64  0.2191E-07
 8  8  5  64  0.2034E-07
 8  8  5  64  0.2070E-07
 8  8  5  64  0.2013E-07
 8  8  5  64  0.1992E-07
 8  8  5  64  0.2138E-07
 8  8  6  64  0.1987E-07
 8  8  6  64  0.1449E-07
 8  8  6  64  0.1440E-07
 8  8  6  64  0.1437E-07
 8  8  6  64  0.1442E-07
 8  8  6  64  0.1411E-07
 8  8  6  64  0.1495E-07
 8  8  6  64  0.1440E-07
 8  8  6  64  0.1427E-07
 8  8  6  64  0.1331E-07
 8  8  7  64  0.1986E-07
 8  8  7  64  0.1536E-07
 8  8  7  64  0.1685E-07
 8  8  7  64  0.1549E-07
 8  8  7  64  0.1543E-07
 8  8  7  64  0.1611E-07
 8  8  7  64  0.1543E-07
 8  8  7  64  0.1559E-07
 8  8  7  64  0.1629E-07
 8  8  7  64  0.1552E-07
 8  8  8  64  0.1568E-07
 8  8  8  64  0.1289E-07
 8  8  8  64  0.1218E-07
 8  8  8  64  0.1222E-07
 8  8  8  64  0.1278E-07
 8  8  8  64  0.1223E-07
 8  8  8  64  0.1214E-07
 8  8  8  64  0.1283E-07
 8  8  8  64  0.1212E-07
 8  8  8  64  0.1232E-07
 8  8  9  64  0.1710E-07
 8  8  9  64  0.1364E-07
 8  8  9  64  0.1395E-07
 8  8  9  64  0.1349E-07
 8  8  9  64  0.1380E-07
 8  8  9  64  0.1348E-07
 8  8  9  64  0.1378E-07
 8  8  9  64  0.1347E-07
 8  8  9  64  0.1382E-07
 8  8  9  64  0.1345E-07
 8  8  10  64  0.9038E-08
 8  8  10  64  0.9029E-08
 8  8  10  64  0.8997E-08
 8  8  10  64  0.8997E-08
 8  8  10  64  0.8997E-08
 8  8  10  64  0.9004E-08
 8  8  10  64  0.9004E-08
 8  8  10  64  0.9016E-08
 8  8  10  64  0.9001E-08
 8  8  10  64  0.8996E-08
 8  8  11  64  0.8939E-08
 8  8  11  64  0.8913E-08
 8  8  11  64  0.8908E-08
 8  8  11  64  0.8915E-08
 8  8  11  64  0.8909E-08
 8  8  11  64  0.8916E-08
 8  8  11  64  0.8920E-08
 8  8  11  64  0.8911E-08
 8  8  11  64  0.8919E-08
 8  8  11  64  0.8921E-08
 8  8  12  64  0.8248E-08
 8  8  12  64  0.8245E-08
 8  8  12  64  0.8244E-08
 8  8  12  64  0.8247E-08
 8  8  12  64  0.8242E-08
 8  8  12  64  0.8247E-08
 8  8  12  64  0.8250E-08
 8  8  12  64  0.8244E-08
 8  8  12  64  0.8242E-08
 8  8  12  64  0.8241E-08
 8  8  13  64  0.8554E-08
 8  8  13  64  0.8551E-08
 8  8  13  64  0.8548E-08
 8  8  13  64  0.8543E-08
 8  8  13  64  0.8543E-08
 8  8  13  64  0.8543E-08
 8  8  13  64  0.8549E-08
 8  8  13  64  0.8543E-08
 8  8  13  64  0.8544E-08
 8  8  13  64  0.8542E-08
 8  8  14  64  0.8155E-08
 8  8  14  64  0.8142E-08
 8  8  14  64  0.8146E-08
 8  8  14  64  0.8146E-08
 8  8  14  64  0.8143E-08
 8  8  14  64  0.8144E-08
 8  8  14  64  0.8144E-08
 8  8  14  64  0.8146E-08
 8  8  14  64  0.8144E-08
 8  8  14  64  0.8148E-08
 8  8  15  64  0.8961E-08
 8  8  15  64  0.8939E-08
 8  8  15  64  0.8957E-08
 8  8  15  64  0.8943E-08
 8  8  15  64  0.8945E-08
 8  8  15  64  0.8950E-08
 8  8  15  64  0.8942E-08
 8  8  15  64  0.8944E-08
 8  8  15  64  0.8946E-08
 8  8  15  64  0.8945E-08
 8  8  16  64  0.8799E-08
 8  8  16  64  0.8792E-08
 8  8  16  64  0.8796E-08
 8  8  16  64  0.8793E-08
 8  8  16  64  0.8789E-08
 8  8  16  64  0.8792E-08
 8  8  16  64  0.8795E-08
 8  8  16  64  0.8792E-08
 8  8  16  64  0.8792E-08
 8  8  16  64  0.8790E-08
 8  8  17  64  0.1069E-07
 8  8  17  64  0.1057E-07
 8  8  17  64  0.1057E-07
 8  8  17  64  0.1057E-07
 8  8  17  64  0.1057E-07
 8  8  17  64  0.1057E-07
 8  8  17  64  0.1057E-07
 8  8  17  64  0.1057E-07
 8  8  17  64  0.1057E-07
 8  8  17  64  0.1058E-07
 8  8  18  64  0.1039E-07
 8  8  18  64  0.1038E-07
 8  8  18  64  0.1038E-07
 8  8  18  64  0.1038E-07
 8  8  18  64  0.1038E-07
 8  8  18  64  0.1038E-07
 8  8  18  64  0.1039E-07
 8  8  18  64  0.1039E-07
 8  8  18  64  0.1038E-07
 8  8  18  64  0.1038E-07
 8  8  19  64  0.1111E-07
 8  8  19  64  0.1110E-07
 8  8  19  64  0.1110E-07
 8  8  19  64  0.1110E-07
 8  8  19  64  0.1110E-07
 8  8  19  64  0.1110E-07
 8  8  19  64  0.1110E-07
 8  8  19  64  0.1111E-07
 8  8  19  64  0.1110E-07
 8  8  19  64  0.1110E-07
 8  8  20  64  0.1091E-07
 8  8  20  64  0.1091E-07
 8  8  20  64  0.1091E-07
 8  8  20  64  0.1092E-07
 8  8  20  64  0.1091E-07
 8  8  20  64  0.1092E-07
 8  8  20  64  0.1092E-07
 8  8  20  64  0.1091E-07
 8  8  20  64  0.1091E-07
 8  8  20  64  0.1091E-07
