 8  16  3  128  0.1834E-07
 8  16  3  128  0.1761E-07
 8  16  3  128  0.1740E-07
 8  16  3  128  0.1736E-07
 8  16  3  128  0.1741E-07
 8  16  3  128  0.1740E-07
 8  16  3  128  0.1731E-07
 8  16  3  128  0.1727E-07
 8  16  3  128  0.1755E-07
 8  16  3  128  0.1736E-07
 8  16  4  128  0.9224E-08
 8  16  4  128  0.8865E-08
 8  16  4  128  0.8785E-08
 8  16  4  128  0.8737E-08
 8  16  4  128  0.8763E-08
 8  16  4  128  0.8712E-08
 8  16  4  128  0.8707E-08
 8  16  4  128  0.8709E-08
 8  16  4  128  0.8693E-08
 8  16  4  128  0.8706E-08
 8  16  5  128  0.6696E-08
 8  16  5  128  0.6445E-08
 8  16  5  128  0.6371E-08
 8  16  5  128  0.6385E-08
 8  16  5  128  0.6327E-08
 8  16  5  128  0.6332E-08
 8  16  5  128  0.6361E-08
 8  16  5  128  0.6313E-08
 8  16  5  128  0.6322E-08
 8  16  5  128  0.6346E-08
 8  16  6  128  0.5968E-08
 8  16  6  128  0.5724E-08
 8  16  6  128  0.5719E-08
 8  16  6  128  0.5772E-08
 8  16  6  128  0.5730E-08
 8  16  6  128  0.5720E-08
 8  16  6  128  0.5706E-08
 8  16  6  128  0.5721E-08
 8  16  6  128  0.5756E-08
 8  16  6  128  0.5723E-08
 8  16  7  128  0.6315E-08
 8  16  7  128  0.6123E-08
 8  16  7  128  0.6126E-08
 8  16  7  128  0.6126E-08
 8  16  7  128  0.6107E-08
 8  16  7  128  0.6134E-08
 8  16  7  128  0.6132E-08
 8  16  7  128  0.6110E-08
 8  16  7  128  0.6139E-08
 8  16  7  128  0.6127E-08
 8  16  8  128  0.5569E-08
 8  16  8  128  0.5459E-08
 8  16  8  128  0.5454E-08
 8  16  8  128  0.5457E-08
 8  16  8  128  0.5457E-08
 8  16  8  128  0.5461E-08
 8  16  8  128  0.5465E-08
 8  16  8  128  0.5453E-08
 8  16  8  128  0.5471E-08
 8  16  8  128  0.5488E-08
 8  16  9  128  0.5814E-08
 8  16  9  128  0.5763E-08
 8  16  9  128  0.5765E-08
 8  16  9  128  0.5784E-08
 8  16  9  128  0.5772E-08
 8  16  9  128  0.5783E-08
 8  16  9  128  0.5775E-08
 8  16  9  128  0.5772E-08
 8  16  9  128  0.5772E-08
 8  16  9  128  0.5784E-08
 8  16  10  128  0.5784E-08
 8  16  10  128  0.5748E-08
 8  16  10  128  0.5748E-08
 8  16  10  128  0.5749E-08
 8  16  10  128  0.5743E-08
 8  16  10  128  0.5739E-08
 8  16  10  128  0.5748E-08
 8  16  10  128  0.5755E-08
 8  16  10  128  0.5741E-08
 8  16  10  128  0.5739E-08
 8  16  11  128  0.5823E-08
 8  16  11  128  0.5810E-08
 8  16  11  128  0.5804E-08
 8  16  11  128  0.5805E-08
 8  16  11  128  0.5808E-08
 8  16  11  128  0.5805E-08
 8  16  11  128  0.5803E-08
 8  16  11  128  0.5803E-08
 8  16  11  128  0.5810E-08
 8  16  11  128  0.5807E-08
 8  16  12  128  0.5355E-08
 8  16  12  128  0.5330E-08
 8  16  12  128  0.5319E-08
 8  16  12  128  0.5327E-08
 8  16  12  128  0.5324E-08
 8  16  12  128  0.5320E-08
 8  16  12  128  0.5325E-08
 8  16  12  128  0.5322E-08
 8  16  12  128  0.5321E-08
 8  16  12  128  0.5323E-08
 8  16  13  128  0.5556E-08
 8  16  13  128  0.5541E-08
 8  16  13  128  0.5542E-08
 8  16  13  128  0.5540E-08
 8  16  13  128  0.5537E-08
 8  16  13  128  0.5541E-08
 8  16  13  128  0.5538E-08
 8  16  13  128  0.5541E-08
 8  16  13  128  0.5540E-08
 8  16  13  128  0.5543E-08
 8  16  14  128  0.5467E-08
 8  16  14  128  0.5458E-08
 8  16  14  128  0.5457E-08
 8  16  14  128  0.5462E-08
 8  16  14  128  0.5462E-08
 8  16  14  128  0.5453E-08
 8  16  14  128  0.5461E-08
 8  16  14  128  0.5459E-08
 8  16  14  128  0.5460E-08
 8  16  14  128  0.5460E-08
 8  16  15  128  0.5647E-08
 8  16  15  128  0.5638E-08
 8  16  15  128  0.5649E-08
 8  16  15  128  0.5641E-08
 8  16  15  128  0.5642E-08
 8  16  15  128  0.5637E-08
 8  16  15  128  0.5638E-08
 8  16  15  128  0.5639E-08
 8  16  15  128  0.5639E-08
 8  16  15  128  0.5638E-08
 8  16  16  128  0.5698E-08
 8  16  16  128  0.5691E-08
 8  16  16  128  0.5688E-08
 8  16  16  128  0.5690E-08
 8  16  16  128  0.5689E-08
 8  16  16  128  0.5689E-08
 8  16  16  128  0.5694E-08
 8  16  16  128  0.5691E-08
 8  16  16  128  0.5689E-08
 8  16  16  128  0.5691E-08
 8  16  17  128  0.6558E-08
 8  16  17  128  0.6555E-08
 8  16  17  128  0.6552E-08
 8  16  17  128  0.6555E-08
 8  16  17  128  0.6556E-08
 8  16  17  128  0.6551E-08
 8  16  17  128  0.6551E-08
 8  16  17  128  0.6552E-08
 8  16  17  128  0.6555E-08
 8  16  17  128  0.6554E-08
 8  16  18  128  0.6455E-08
 8  16  18  128  0.6452E-08
 8  16  18  128  0.6449E-08
 8  16  18  128  0.6451E-08
 8  16  18  128  0.6447E-08
 8  16  18  128  0.6449E-08
 8  16  18  128  0.6450E-08
 8  16  18  128  0.6452E-08
 8  16  18  128  0.6451E-08
 8  16  18  128  0.6448E-08
 8  16  19  128  0.6873E-08
 8  16  19  128  0.6867E-08
 8  16  19  128  0.6870E-08
 8  16  19  128  0.6868E-08
 8  16  19  128  0.6868E-08
 8  16  19  128  0.6868E-08
 8  16  19  128  0.6868E-08
 8  16  19  128  0.6869E-08
 8  16  19  128  0.6870E-08
 8  16  19  128  0.6866E-08
 8  16  20  128  0.6951E-08
 8  16  20  128  0.6948E-08
 8  16  20  128  0.6946E-08
 8  16  20  128  0.6947E-08
 8  16  20  128  0.6947E-08
 8  16  20  128  0.6949E-08
 8  16  20  128  0.6947E-08
 8  16  20  128  0.6947E-08
 8  16  20  128  0.6948E-08
 8  16  20  128  0.6947E-08
