 8  2048  3  16384  0.6980E-09
 8  2048  3  16384  0.6557E-09
 8  2048  3  16384  0.6604E-09
 8  2048  3  16384  0.6602E-09
 8  2048  3  16384  0.6521E-09
 8  2048  3  16384  0.6506E-09
 8  2048  3  16384  0.6394E-09
 8  2048  3  16384  0.6483E-09
 8  2048  3  16384  0.6716E-09
 8  2048  3  16384  0.6492E-09
 8  2048  4  16384  0.3507E-09
 8  2048  4  16384  0.3210E-09
 8  2048  4  16384  0.3165E-09
 8  2048  4  16384  0.3139E-09
 8  2048  4  16384  0.3123E-09
 8  2048  4  16384  0.3188E-09
 8  2048  4  16384  0.3122E-09
 8  2048  4  16384  0.3166E-09
 8  2048  4  16384  0.3138E-09
 8  2048  4  16384  0.3178E-09
 8  2048  5  16384  0.2225E-09
 8  2048  5  16384  0.2099E-09
 8  2048  5  16384  0.2137E-09
 8  2048  5  16384  0.2088E-09
 8  2048  5  16384  0.2112E-09
 8  2048  5  16384  0.2059E-09
 8  2048  5  16384  0.2093E-09
 8  2048  5  16384  0.2046E-09
 8  2048  5  16384  0.2113E-09
 8  2048  5  16384  0.2150E-09
 8  2048  6  16384  0.1573E-09
 8  2048  6  16384  0.1555E-09
 8  2048  6  16384  0.1516E-09
 8  2048  6  16384  0.1533E-09
 8  2048  6  16384  0.1551E-09
 8  2048  6  16384  0.1539E-09
 8  2048  6  16384  0.1516E-09
 8  2048  6  16384  0.1537E-09
 8  2048  6  16384  0.1512E-09
 8  2048  6  16384  0.1517E-09
 8  2048  7  16384  0.1183E-09
 8  2048  7  16384  0.1184E-09
 8  2048  7  16384  0.1172E-09
 8  2048  7  16384  0.1176E-09
 8  2048  7  16384  0.1175E-09
 8  2048  7  16384  0.1161E-09
 8  2048  7  16384  0.1173E-09
 8  2048  7  16384  0.1165E-09
 8  2048  7  16384  0.1178E-09
 8  2048  7  16384  0.1167E-09
 8  2048  8  16384  0.9262E-10
 8  2048  8  16384  0.9037E-10
 8  2048  8  16384  0.9035E-10
 8  2048  8  16384  0.8942E-10
 8  2048  8  16384  0.9045E-10
 8  2048  8  16384  0.9052E-10
 8  2048  8  16384  0.9082E-10
 8  2048  8  16384  0.8963E-10
 8  2048  8  16384  0.8979E-10
 8  2048  8  16384  0.9022E-10
 8  2048  9  16384  0.7945E-10
 8  2048  9  16384  0.7895E-10
 8  2048  9  16384  0.7861E-10
 8  2048  9  16384  0.7851E-10
 8  2048  9  16384  0.8034E-10
 8  2048  9  16384  0.7927E-10
 8  2048  9  16384  0.7873E-10
 8  2048  9  16384  0.7862E-10
 8  2048  9  16384  0.7905E-10
 8  2048  9  16384  0.7945E-10
 8  2048  10  16384  0.7108E-10
 8  2048  10  16384  0.7009E-10
 8  2048  10  16384  0.7013E-10
 8  2048  10  16384  0.7033E-10
 8  2048  10  16384  0.6966E-10
 8  2048  10  16384  0.7021E-10
 8  2048  10  16384  0.7006E-10
 8  2048  10  16384  0.6973E-10
 8  2048  10  16384  0.6971E-10
 8  2048  10  16384  0.6935E-10
 8  2048  11  16384  0.6681E-10
 8  2048  11  16384  0.6540E-10
 8  2048  11  16384  0.6590E-10
 8  2048  11  16384  0.6546E-10
 8  2048  11  16384  0.6573E-10
 8  2048  11  16384  0.6571E-10
 8  2048  11  16384  0.6553E-10
 8  2048  11  16384  0.6587E-10
 8  2048  11  16384  0.6502E-10
 8  2048  11  16384  0.6573E-10
 8  2048  12  16384  0.5759E-10
 8  2048  12  16384  0.5754E-10
 8  2048  12  16384  0.5672E-10
 8  2048  12  16384  0.5728E-10
 8  2048  12  16384  0.5729E-10
 8  2048  12  16384  0.5729E-10
 8  2048  12  16384  0.6092E-10
 8  2048  12  16384  0.5722E-10
 8  2048  12  16384  0.5714E-10
 8  2048  12  16384  0.5728E-10
 8  2048  13  16384  0.5416E-10
 8  2048  13  16384  0.5400E-10
 8  2048  13  16384  0.5401E-10
 8  2048  13  16384  0.5355E-10
 8  2048  13  16384  0.5335E-10
 8  2048  13  16384  0.5363E-10
 8  2048  13  16384  0.5337E-10
 8  2048  13  16384  0.5368E-10
 8  2048  13  16384  0.5364E-10
 8  2048  13  16384  0.5391E-10
 8  2048  14  16384  0.5120E-10
 8  2048  14  16384  0.5074E-10
 8  2048  14  16384  0.5045E-10
 8  2048  14  16384  0.5073E-10
 8  2048  14  16384  0.5072E-10
 8  2048  14  16384  0.5062E-10
 8  2048  14  16384  0.5086E-10
 8  2048  14  16384  0.5041E-10
 8  2048  14  16384  0.5094E-10
 8  2048  14  16384  0.5039E-10
 8  2048  15  16384  0.5192E-10
 8  2048  15  16384  0.5146E-10
 8  2048  15  16384  0.5128E-10
 8  2048  15  16384  0.5111E-10
 8  2048  15  16384  0.5107E-10
 8  2048  15  16384  0.5143E-10
 8  2048  15  16384  0.5160E-10
 8  2048  15  16384  0.5140E-10
 8  2048  15  16384  0.5140E-10
 8  2048  15  16384  0.5157E-10
 8  2048  16  16384  0.4759E-10
 8  2048  16  16384  0.4722E-10
 8  2048  16  16384  0.4720E-10
 8  2048  16  16384  0.4736E-10
 8  2048  16  16384  0.4725E-10
 8  2048  16  16384  0.4731E-10
 8  2048  16  16384  0.4705E-10
 8  2048  16  16384  0.4730E-10
 8  2048  16  16384  0.4742E-10
 8  2048  16  16384  0.4761E-10
 8  2048  17  16384  0.5662E-10
 8  2048  17  16384  0.5614E-10
 8  2048  17  16384  0.5601E-10
 8  2048  17  16384  0.5622E-10
 8  2048  17  16384  0.5606E-10
 8  2048  17  16384  0.5591E-10
 8  2048  17  16384  0.5588E-10
 8  2048  17  16384  0.5595E-10
 8  2048  17  16384  0.5628E-10
 8  2048  17  16384  0.5585E-10
 8  2048  18  16384  0.5634E-10
 8  2048  18  16384  0.5611E-10
 8  2048  18  16384  0.5629E-10
 8  2048  18  16384  0.5612E-10
 8  2048  18  16384  0.5639E-10
 8  2048  18  16384  0.5617E-10
 8  2048  18  16384  0.5623E-10
 8  2048  18  16384  0.5630E-10
 8  2048  18  16384  0.5632E-10
 8  2048  18  16384  0.5643E-10
 8  2048  19  16384  0.5573E-10
 8  2048  19  16384  0.5557E-10
 8  2048  19  16384  0.5575E-10
 8  2048  19  16384  0.5565E-10
 8  2048  19  16384  0.5585E-10
 8  2048  19  16384  0.5556E-10
 8  2048  19  16384  0.5568E-10
 8  2048  19  16384  0.5572E-10
 8  2048  19  16384  0.5578E-10
 8  2048  19  16384  0.5599E-10
 8  2048  20  16384  0.5456E-10
 8  2048  20  16384  0.5439E-10
 8  2048  20  16384  0.5451E-10
 8  2048  20  16384  0.5423E-10
 8  2048  20  16384  0.5437E-10
 8  2048  20  16384  0.5444E-10
 8  2048  20  16384  0.5443E-10
 8  2048  20  16384  0.5445E-10
 8  2048  20  16384  0.5436E-10
 8  2048  20  16384  0.5447E-10
