 8  4096  3  32768  0.1120E-08
 8  4096  3  32768  0.9158E-09
 8  4096  3  32768  0.8934E-09
 8  4096  3  32768  0.9360E-09
 8  4096  3  32768  0.9827E-09
 8  4096  3  32768  0.9059E-09
 8  4096  3  32768  0.8824E-09
 8  4096  3  32768  0.9294E-09
 8  4096  3  32768  0.1002E-08
 8  4096  3  32768  0.9529E-09
 8  4096  4  32768  0.4938E-09
 8  4096  4  32768  0.4319E-09
 8  4096  4  32768  0.4243E-09
 8  4096  4  32768  0.4292E-09
 8  4096  4  32768  0.4307E-09
 8  4096  4  32768  0.4321E-09
 8  4096  4  32768  0.4254E-09
 8  4096  4  32768  0.4290E-09
 8  4096  4  32768  0.4366E-09
 8  4096  4  32768  0.4287E-09
 8  4096  5  32768  0.2963E-09
 8  4096  5  32768  0.2571E-09
 8  4096  5  32768  0.2625E-09
 8  4096  5  32768  0.2575E-09
 8  4096  5  32768  0.2540E-09
 8  4096  5  32768  0.2644E-09
 8  4096  5  32768  0.2606E-09
 8  4096  5  32768  0.2582E-09
 8  4096  5  32768  0.2658E-09
 8  4096  5  32768  0.2614E-09
 8  4096  7  32768  0.1455E-09
 8  4096  7  32768  0.1409E-09
 8  4096  7  32768  0.1387E-09
 8  4096  7  32768  0.1404E-09
 8  4096  7  32768  0.1397E-09
 8  4096  7  32768  0.1402E-09
 8  4096  7  32768  0.1419E-09
 8  4096  7  32768  0.1409E-09
 8  4096  7  32768  0.1403E-09
 8  4096  7  32768  0.1382E-09
 8  4096  8  32768  0.1159E-09
 8  4096  8  32768  0.1104E-09
 8  4096  8  32768  0.1102E-09
 8  4096  8  32768  0.1101E-09
 8  4096  8  32768  0.1102E-09
 8  4096  8  32768  0.1115E-09
 8  4096  8  32768  0.1092E-09
 8  4096  8  32768  0.1106E-09
 8  4096  8  32768  0.1093E-09
 8  4096  8  32768  0.1119E-09
 8  4096  9  32768  0.9421E-10
 8  4096  9  32768  0.8998E-10
 8  4096  9  32768  0.8754E-10
 8  4096  9  32768  0.8973E-10
 8  4096  9  32768  0.8740E-10
 8  4096  9  32768  0.8794E-10
 8  4096  9  32768  0.8902E-10
 8  4096  9  32768  0.8766E-10
 8  4096  9  32768  0.8950E-10
 8  4096  9  32768  0.8946E-10
