 8  512  3  4096  0.5202E-08
 8  512  3  4096  0.2921E-08
 8  512  3  4096  0.2785E-08
 8  512  3  4096  0.2709E-08
 8  512  3  4096  0.1543E-08
 8  512  3  4096  0.1544E-08
 8  512  3  4096  0.2559E-08
 8  512  3  4096  0.2725E-08
 8  512  3  4096  0.2857E-08
 8  512  3  4096  0.2749E-08
 8  512  4  4096  0.7635E-09
 8  512  4  4096  0.7531E-09
 8  512  4  4096  0.7450E-09
 8  512  4  4096  0.7506E-09
 8  512  4  4096  0.7653E-09
 8  512  4  4096  0.7534E-09
 8  512  4  4096  0.7445E-09
 8  512  4  4096  0.7371E-09
 8  512  4  4096  0.7487E-09
 8  512  4  4096  0.7475E-09
 8  512  5  4096  0.5186E-09
 8  512  5  4096  0.5126E-09
 8  512  5  4096  0.5110E-09
 8  512  5  4096  0.5124E-09
 8  512  5  4096  0.5123E-09
 8  512  5  4096  0.5084E-09
 8  512  5  4096  0.5125E-09
 8  512  5  4096  0.5112E-09
 8  512  5  4096  0.5018E-09
 8  512  5  4096  0.5051E-09
 8  512  6  4096  0.4054E-09
 8  512  6  4096  0.4010E-09
 8  512  6  4096  0.4054E-09
 8  512  6  4096  0.3991E-09
 8  512  6  4096  0.4008E-09
 8  512  6  4096  0.3954E-09
 8  512  6  4096  0.4012E-09
 8  512  6  4096  0.4008E-09
 8  512  6  4096  0.4025E-09
 8  512  6  4096  0.4044E-09
 8  512  7  4096  0.3257E-09
 8  512  7  4096  0.3351E-09
 8  512  7  4096  0.3256E-09
 8  512  7  4096  0.3244E-09
 8  512  7  4096  0.3257E-09
 8  512  7  4096  0.3312E-09
 8  512  7  4096  0.3258E-09
 8  512  7  4096  0.3225E-09
 8  512  7  4096  0.3322E-09
 8  512  7  4096  0.3279E-09
 8  512  8  4096  0.2584E-09
 8  512  8  4096  0.2601E-09
 8  512  8  4096  0.2603E-09
 8  512  8  4096  0.2585E-09
 8  512  8  4096  0.2562E-09
 8  512  8  4096  0.2566E-09
 8  512  8  4096  0.2628E-09
 8  512  8  4096  0.2601E-09
 8  512  8  4096  0.2596E-09
 8  512  8  4096  0.2601E-09
 8  512  9  4096  0.2393E-09
 8  512  9  4096  0.2375E-09
 8  512  9  4096  0.2369E-09
 8  512  9  4096  0.2387E-09
 8  512  9  4096  0.2385E-09
 8  512  9  4096  0.2372E-09
 8  512  9  4096  0.2376E-09
 8  512  9  4096  0.2365E-09
 8  512  9  4096  0.2394E-09
 8  512  9  4096  0.2368E-09
 8  512  10  4096  0.2175E-09
 8  512  10  4096  0.2169E-09
 8  512  10  4096  0.2146E-09
 8  512  10  4096  0.2146E-09
 8  512  10  4096  0.2165E-09
 8  512  10  4096  0.2162E-09
 8  512  10  4096  0.2165E-09
 8  512  10  4096  0.2156E-09
 8  512  10  4096  0.2169E-09
 8  512  10  4096  0.2156E-09
 8  512  11  4096  0.2021E-09
 8  512  11  4096  0.2009E-09
 8  512  11  4096  0.2020E-09
 8  512  11  4096  0.2011E-09
 8  512  11  4096  0.1998E-09
 8  512  11  4096  0.2015E-09
 8  512  11  4096  0.2002E-09
 8  512  11  4096  0.2010E-09
 8  512  11  4096  0.2008E-09
 8  512  11  4096  0.2009E-09
 8  512  12  4096  0.1789E-09
 8  512  12  4096  0.1767E-09
 8  512  12  4096  0.1784E-09
 8  512  12  4096  0.1758E-09
 8  512  12  4096  0.1775E-09
 8  512  12  4096  0.1754E-09
 8  512  12  4096  0.1763E-09
 8  512  12  4096  0.1767E-09
 8  512  12  4096  0.1761E-09
 8  512  12  4096  0.1769E-09
 8  512  13  4096  0.1703E-09
 8  512  13  4096  0.1700E-09
 8  512  13  4096  0.1699E-09
 8  512  13  4096  0.1695E-09
 8  512  13  4096  0.1701E-09
 8  512  13  4096  0.1688E-09
 8  512  13  4096  0.1705E-09
 8  512  13  4096  0.1710E-09
 8  512  13  4096  0.1702E-09
 8  512  13  4096  0.1697E-09
 8  512  15  4096  0.1670E-09
 8  512  15  4096  0.1666E-09
 8  512  15  4096  0.1677E-09
 8  512  15  4096  0.1664E-09
 8  512  15  4096  0.1666E-09
 8  512  15  4096  0.1667E-09
 8  512  15  4096  0.1681E-09
 8  512  15  4096  0.1668E-09
 8  512  15  4096  0.1670E-09
 8  512  15  4096  0.1669E-09
 8  512  16  4096  0.1741E-09
 8  512  16  4096  0.1733E-09
 8  512  16  4096  0.1737E-09
 8  512  16  4096  0.1735E-09
 8  512  16  4096  0.1737E-09
 8  512  16  4096  0.1742E-09
 8  512  16  4096  0.1736E-09
 8  512  16  4096  0.1738E-09
 8  512  16  4096  0.1748E-09
 8  512  16  4096  0.1740E-09
 8  512  17  4096  0.1835E-09
 8  512  17  4096  0.1821E-09
 8  512  17  4096  0.1832E-09
 8  512  17  4096  0.1820E-09
 8  512  17  4096  0.1835E-09
 8  512  17  4096  0.1818E-09
 8  512  17  4096  0.1819E-09
 8  512  17  4096  0.1819E-09
 8  512  17  4096  0.1819E-09
 8  512  17  4096  0.1831E-09
 8  512  18  4096  0.1922E-09
 8  512  18  4096  0.1928E-09
 8  512  18  4096  0.1925E-09
 8  512  18  4096  0.1931E-09
 8  512  18  4096  0.1929E-09
 8  512  18  4096  0.1924E-09
 8  512  18  4096  0.1921E-09
 8  512  18  4096  0.1922E-09
 8  512  18  4096  0.1930E-09
 8  512  18  4096  0.1926E-09
 8  512  19  4096  0.1865E-09
 8  512  19  4096  0.1865E-09
 8  512  19  4096  0.1873E-09
 8  512  19  4096  0.1864E-09
 8  512  19  4096  0.1864E-09
 8  512  19  4096  0.1864E-09
 8  512  19  4096  0.1863E-09
 8  512  19  4096  0.1864E-09
 8  512  19  4096  0.1874E-09
 8  512  19  4096  0.1862E-09
 8  512  20  4096  0.1858E-09
 8  512  20  4096  0.1855E-09
 8  512  20  4096  0.1857E-09
 8  512  20  4096  0.1864E-09
 8  512  20  4096  0.1873E-09
 8  512  20  4096  0.1857E-09
 8  512  20  4096  0.1861E-09
 8  512  20  4096  0.1860E-09
 8  512  20  4096  0.1865E-09
 8  512  20  4096  0.1868E-09
