 8  256  3  2048  0.3595E-08
 8  256  3  2048  0.5944E-08
 8  256  3  2048  0.5835E-08
 8  256  3  2048  0.6113E-08
 8  256  3  2048  0.5969E-08
 8  256  3  2048  0.5582E-08
 8  256  3  2048  0.5745E-08
 8  256  3  2048  0.5969E-08
 8  256  3  2048  0.3244E-08
 8  256  3  2048  0.3398E-08
 8  256  4  2048  0.1531E-08
 8  256  4  2048  0.1512E-08
 8  256  4  2048  0.1513E-08
 8  256  4  2048  0.1521E-08
 8  256  4  2048  0.1514E-08
 8  256  4  2048  0.1515E-08
 8  256  4  2048  0.1514E-08
 8  256  4  2048  0.1513E-08
 8  256  4  2048  0.1573E-08
 8  256  4  2048  0.1538E-08
 8  256  5  2048  0.1105E-08
 8  256  5  2048  0.1092E-08
 8  256  5  2048  0.1079E-08
 8  256  5  2048  0.1084E-08
 8  256  5  2048  0.1088E-08
 8  256  5  2048  0.1092E-08
 8  256  5  2048  0.1092E-08
 8  256  5  2048  0.1090E-08
 8  256  5  2048  0.1100E-08
 8  256  5  2048  0.1096E-08
 8  256  6  2048  0.8035E-09
 8  256  6  2048  0.8051E-09
 8  256  6  2048  0.8047E-09
 8  256  6  2048  0.8030E-09
 8  256  6  2048  0.8013E-09
 8  256  6  2048  0.8017E-09
 8  256  6  2048  0.7957E-09
 8  256  6  2048  0.7968E-09
 8  256  6  2048  0.7966E-09
 8  256  6  2048  0.8030E-09
 8  256  7  2048  0.6654E-09
 8  256  7  2048  0.6710E-09
 8  256  7  2048  0.6559E-09
 8  256  7  2048  0.6539E-09
 8  256  7  2048  0.6572E-09
 8  256  7  2048  0.6526E-09
 8  256  7  2048  0.6492E-09
 8  256  7  2048  0.6584E-09
 8  256  7  2048  0.6493E-09
 8  256  7  2048  0.6485E-09
 8  256  8  2048  0.5208E-09
 8  256  8  2048  0.5184E-09
 8  256  8  2048  0.5179E-09
 8  256  8  2048  0.5174E-09
 8  256  8  2048  0.5164E-09
 8  256  8  2048  0.5178E-09
 8  256  8  2048  0.5189E-09
 8  256  8  2048  0.5166E-09
 8  256  8  2048  0.5178E-09
 8  256  8  2048  0.5163E-09
 8  256  9  2048  0.4826E-09
 8  256  9  2048  0.4828E-09
 8  256  9  2048  0.4801E-09
 8  256  9  2048  0.4795E-09
 8  256  9  2048  0.4785E-09
 8  256  9  2048  0.4802E-09
 8  256  9  2048  0.4788E-09
 8  256  9  2048  0.4806E-09
 8  256  9  2048  0.4794E-09
 8  256  9  2048  0.4798E-09
 8  256  10  2048  0.4396E-09
 8  256  10  2048  0.4375E-09
 8  256  10  2048  0.4360E-09
 8  256  10  2048  0.4374E-09
 8  256  10  2048  0.4360E-09
 8  256  10  2048  0.4362E-09
 8  256  10  2048  0.4357E-09
 8  256  10  2048  0.4381E-09
 8  256  10  2048  0.4387E-09
 8  256  10  2048  0.4367E-09
 8  256  11  2048  0.4164E-09
 8  256  11  2048  0.4157E-09
 8  256  11  2048  0.4139E-09
 8  256  11  2048  0.4152E-09
 8  256  11  2048  0.4176E-09
 8  256  11  2048  0.4201E-09
 8  256  11  2048  0.4140E-09
 8  256  11  2048  0.4161E-09
 8  256  11  2048  0.4140E-09
 8  256  11  2048  0.4152E-09
 8  256  12  2048  0.3718E-09
 8  256  12  2048  0.3666E-09
 8  256  12  2048  0.3647E-09
 8  256  12  2048  0.3649E-09
 8  256  12  2048  0.3680E-09
 8  256  12  2048  0.3662E-09
 8  256  12  2048  0.3684E-09
 8  256  12  2048  0.3657E-09
 8  256  12  2048  0.3650E-09
 8  256  12  2048  0.3660E-09
 8  256  13  2048  0.3570E-09
 8  256  13  2048  0.3555E-09
 8  256  13  2048  0.3554E-09
 8  256  13  2048  0.3553E-09
 8  256  13  2048  0.3555E-09
 8  256  13  2048  0.3549E-09
 8  256  13  2048  0.3553E-09
 8  256  13  2048  0.3556E-09
 8  256  13  2048  0.3567E-09
 8  256  13  2048  0.3562E-09
 8  256  14  2048  0.3295E-09
 8  256  14  2048  0.3295E-09
 8  256  14  2048  0.3281E-09
 8  256  14  2048  0.3289E-09
 8  256  14  2048  0.3287E-09
 8  256  14  2048  0.3325E-09
 8  256  14  2048  0.3290E-09
 8  256  14  2048  0.3290E-09
 8  256  14  2048  0.3290E-09
 8  256  14  2048  0.3292E-09
 8  256  15  2048  0.3409E-09
 8  256  15  2048  0.3395E-09
 8  256  15  2048  0.3396E-09
 8  256  15  2048  0.3392E-09
 8  256  15  2048  0.3396E-09
 8  256  15  2048  0.3393E-09
 8  256  15  2048  0.3397E-09
 8  256  15  2048  0.3399E-09
 8  256  15  2048  0.3398E-09
 8  256  15  2048  0.3398E-09
 8  256  16  2048  0.3283E-09
 8  256  16  2048  0.3273E-09
 8  256  16  2048  0.3273E-09
 8  256  16  2048  0.3269E-09
 8  256  16  2048  0.3271E-09
 8  256  16  2048  0.3275E-09
 8  256  16  2048  0.3275E-09
 8  256  16  2048  0.3267E-09
 8  256  16  2048  0.3275E-09
 8  256  16  2048  0.3272E-09
 8  256  17  2048  0.3835E-09
 8  256  17  2048  0.3805E-09
 8  256  17  2048  0.3807E-09
 8  256  17  2048  0.3804E-09
 8  256  17  2048  0.3804E-09
 8  256  17  2048  0.3829E-09
 8  256  17  2048  0.3804E-09
 8  256  17  2048  0.3806E-09
 8  256  17  2048  0.3803E-09
 8  256  17  2048  0.3829E-09
 8  256  18  2048  0.3684E-09
 8  256  18  2048  0.3682E-09
 8  256  18  2048  0.3678E-09
 8  256  18  2048  0.3684E-09
 8  256  18  2048  0.3684E-09
 8  256  18  2048  0.3683E-09
 8  256  18  2048  0.3681E-09
 8  256  18  2048  0.3681E-09
 8  256  18  2048  0.3680E-09
 8  256  18  2048  0.3680E-09
 8  256  19  2048  0.3896E-09
 8  256  19  2048  0.3873E-09
 8  256  19  2048  0.3876E-09
 8  256  19  2048  0.3876E-09
 8  256  19  2048  0.3873E-09
 8  256  19  2048  0.3891E-09
 8  256  19  2048  0.3874E-09
 8  256  19  2048  0.3892E-09
 8  256  19  2048  0.3874E-09
 8  256  19  2048  0.3873E-09
 8  256  20  2048  0.3758E-09
 8  256  20  2048  0.3755E-09
 8  256  20  2048  0.3756E-09
 8  256  20  2048  0.3775E-09
 8  256  20  2048  0.3776E-09
 8  256  20  2048  0.3755E-09
 8  256  20  2048  0.3756E-09
 8  256  20  2048  0.3753E-09
 8  256  20  2048  0.3774E-09
 8  256  20  2048  0.3773E-09
