 8  1024  3  8192  0.1534E-08
 8  1024  3  8192  0.1533E-08
 8  1024  3  8192  0.1537E-08
 8  1024  3  8192  0.1522E-08
 8  1024  3  8192  0.1502E-08
 8  1024  3  8192  0.1518E-08
 8  1024  3  8192  0.1503E-08
 8  1024  3  8192  0.1512E-08
 8  1024  3  8192  0.1601E-08
 8  1024  3  8192  0.1519E-08
 8  1024  4  8192  0.7190E-09
 8  1024  4  8192  0.7015E-09
 8  1024  4  8192  0.7063E-09
 8  1024  4  8192  0.6890E-09
 8  1024  4  8192  0.6926E-09
 8  1024  4  8192  0.6908E-09
 8  1024  4  8192  0.6898E-09
 8  1024  4  8192  0.6837E-09
 8  1024  4  8192  0.7051E-09
 8  1024  4  8192  0.7018E-09
 8  1024  5  8192  0.4582E-09
 8  1024  5  8192  0.4534E-09
 8  1024  5  8192  0.4556E-09
 8  1024  5  8192  0.4518E-09
 8  1024  5  8192  0.4533E-09
 8  1024  5  8192  0.4515E-09
 8  1024  5  8192  0.4552E-09
 8  1024  5  8192  0.4471E-09
 8  1024  5  8192  0.4644E-09
 8  1024  5  8192  0.4492E-09
 8  1024  6  8192  0.3361E-09
 8  1024  6  8192  0.3360E-09
 8  1024  6  8192  0.3307E-09
 8  1024  6  8192  0.3295E-09
 8  1024  6  8192  0.3309E-09
 8  1024  6  8192  0.3338E-09
 8  1024  6  8192  0.3315E-09
 8  1024  6  8192  0.3351E-09
 8  1024  6  8192  0.3327E-09
 8  1024  6  8192  0.3292E-09
 8  1024  7  8192  0.2552E-09
 8  1024  7  8192  0.2562E-09
 8  1024  7  8192  0.2531E-09
 8  1024  7  8192  0.2501E-09
 8  1024  7  8192  0.2490E-09
 8  1024  7  8192  0.2537E-09
 8  1024  7  8192  0.2581E-09
 8  1024  7  8192  0.2515E-09
 8  1024  7  8192  0.2480E-09
 8  1024  7  8192  0.2502E-09
 8  1024  8  8192  0.1898E-09
 8  1024  8  8192  0.1909E-09
 8  1024  8  8192  0.1896E-09
 8  1024  8  8192  0.1910E-09
 8  1024  8  8192  0.1887E-09
 8  1024  8  8192  0.1898E-09
 8  1024  8  8192  0.1905E-09
 8  1024  8  8192  0.1908E-09
 8  1024  8  8192  0.1889E-09
 8  1024  8  8192  0.1903E-09
 8  1024  9  8192  0.1774E-09
 8  1024  9  8192  0.1770E-09
 8  1024  9  8192  0.1772E-09
 8  1024  9  8192  0.1765E-09
 8  1024  9  8192  0.1753E-09
 8  1024  9  8192  0.1762E-09
 8  1024  9  8192  0.1761E-09
 8  1024  9  8192  0.1761E-09
 8  1024  9  8192  0.1755E-09
 8  1024  9  8192  0.1771E-09
 8  1024  10  8192  0.1539E-09
 8  1024  10  8192  0.1531E-09
 8  1024  10  8192  0.1526E-09
 8  1024  10  8192  0.1519E-09
 8  1024  10  8192  0.1529E-09
 8  1024  10  8192  0.1523E-09
 8  1024  10  8192  0.1519E-09
 8  1024  10  8192  0.1530E-09
 8  1024  10  8192  0.1529E-09
 8  1024  10  8192  0.1523E-09
 8  1024  11  8192  0.1383E-09
 8  1024  11  8192  0.1382E-09
 8  1024  11  8192  0.1379E-09
 8  1024  11  8192  0.1371E-09
 8  1024  11  8192  0.1384E-09
 8  1024  11  8192  0.1369E-09
 8  1024  11  8192  0.1382E-09
 8  1024  11  8192  0.1373E-09
 8  1024  11  8192  0.1373E-09
 8  1024  11  8192  0.1389E-09
 8  1024  12  8192  0.1180E-09
 8  1024  12  8192  0.1185E-09
 8  1024  12  8192  0.1178E-09
 8  1024  12  8192  0.1182E-09
 8  1024  12  8192  0.1177E-09
 8  1024  12  8192  0.1196E-09
 8  1024  12  8192  0.1178E-09
 8  1024  12  8192  0.1194E-09
 8  1024  12  8192  0.1176E-09
 8  1024  12  8192  0.1194E-09
 8  1024  13  8192  0.1115E-09
 8  1024  13  8192  0.1118E-09
 8  1024  13  8192  0.1114E-09
 8  1024  13  8192  0.1112E-09
 8  1024  13  8192  0.1120E-09
 8  1024  13  8192  0.1114E-09
 8  1024  13  8192  0.1119E-09
 8  1024  13  8192  0.1114E-09
 8  1024  13  8192  0.1124E-09
 8  1024  13  8192  0.1126E-09
 8  1024  14  8192  0.1012E-09
 8  1024  14  8192  0.1009E-09
 8  1024  14  8192  0.1012E-09
 8  1024  14  8192  0.1015E-09
 8  1024  14  8192  0.1015E-09
 8  1024  14  8192  0.1012E-09
 8  1024  14  8192  0.1007E-09
 8  1024  14  8192  0.1017E-09
 8  1024  14  8192  0.1022E-09
 8  1024  14  8192  0.1011E-09
 8  1024  15  8192  0.1068E-09
 8  1024  15  8192  0.1062E-09
 8  1024  15  8192  0.1062E-09
 8  1024  15  8192  0.1061E-09
 8  1024  15  8192  0.1062E-09
 8  1024  15  8192  0.1062E-09
 8  1024  15  8192  0.1066E-09
 8  1024  15  8192  0.1065E-09
 8  1024  15  8192  0.1066E-09
 8  1024  15  8192  0.1065E-09
 8  1024  16  8192  0.1033E-09
 8  1024  16  8192  0.1030E-09
 8  1024  16  8192  0.1033E-09
 8  1024  16  8192  0.1034E-09
 8  1024  16  8192  0.1034E-09
 8  1024  16  8192  0.1034E-09
 8  1024  16  8192  0.1037E-09
 8  1024  16  8192  0.1034E-09
 8  1024  16  8192  0.1035E-09
 8  1024  16  8192  0.1035E-09
 8  1024  17  8192  0.1078E-09
 8  1024  17  8192  0.1069E-09
 8  1024  17  8192  0.1071E-09
 8  1024  17  8192  0.1081E-09
 8  1024  17  8192  0.1071E-09
 8  1024  17  8192  0.1069E-09
 8  1024  17  8192  0.1071E-09
 8  1024  17  8192  0.1076E-09
 8  1024  17  8192  0.1077E-09
 8  1024  17  8192  0.1068E-09
 8  1024  18  8192  0.1124E-09
 8  1024  18  8192  0.1130E-09
 8  1024  18  8192  0.1125E-09
 8  1024  18  8192  0.1128E-09
 8  1024  18  8192  0.1125E-09
 8  1024  18  8192  0.1122E-09
 8  1024  18  8192  0.1124E-09
 8  1024  18  8192  0.1128E-09
 8  1024  18  8192  0.1124E-09
 8  1024  18  8192  0.1126E-09
 8  1024  19  8192  0.1073E-09
 8  1024  19  8192  0.1076E-09
 8  1024  19  8192  0.1077E-09
 8  1024  19  8192  0.1075E-09
 8  1024  19  8192  0.1080E-09
 8  1024  19  8192  0.1076E-09
 8  1024  19  8192  0.1072E-09
 8  1024  19  8192  0.1080E-09
 8  1024  19  8192  0.1075E-09
 8  1024  19  8192  0.1076E-09
 8  1024  20  8192  0.1047E-09
 8  1024  20  8192  0.1043E-09
 8  1024  20  8192  0.1042E-09
 8  1024  20  8192  0.1038E-09
 8  1024  20  8192  0.1043E-09
 8  1024  20  8192  0.1047E-09
 8  1024  20  8192  0.1042E-09
 8  1024  20  8192  0.1042E-09
 8  1024  20  8192  0.1040E-09
 8  1024  20  8192  0.1044E-09
