 8  4096  3  32768  0.7547E-09
 8  4096  3  32768  0.6960E-09
 8  4096  3  32768  0.7300E-09
 8  4096  3  32768  0.7750E-09
 8  4096  3  32768  0.7424E-09
 8  4096  3  32768  0.6981E-09
 8  4096  3  32768  0.6923E-09
 8  4096  3  32768  0.7235E-09
 8  4096  3  32768  0.7726E-09
 8  4096  3  32768  0.7614E-09
 8  4096  4  32768  0.3767E-09
 8  4096  4  32768  0.3357E-09
 8  4096  4  32768  0.3401E-09
 8  4096  4  32768  0.3417E-09
 8  4096  4  32768  0.3388E-09
 8  4096  4  32768  0.3331E-09
 8  4096  4  32768  0.3309E-09
 8  4096  4  32768  0.3408E-09
 8  4096  4  32768  0.3394E-09
 8  4096  4  32768  0.3364E-09
 8  4096  5  32768  0.2334E-09
 8  4096  5  32768  0.2084E-09
 8  4096  5  32768  0.2096E-09
 8  4096  5  32768  0.2125E-09
 8  4096  5  32768  0.2139E-09
 8  4096  5  32768  0.2076E-09
 8  4096  5  32768  0.2084E-09
 8  4096  5  32768  0.2161E-09
 8  4096  5  32768  0.2154E-09
 8  4096  5  32768  0.2080E-09
 8  4096  7  32768  0.1242E-09
 8  4096  7  32768  0.1169E-09
 8  4096  7  32768  0.1173E-09
 8  4096  7  32768  0.1180E-09
 8  4096  7  32768  0.1153E-09
 8  4096  7  32768  0.1202E-09
 8  4096  7  32768  0.1168E-09
 8  4096  7  32768  0.1174E-09
 8  4096  7  32768  0.1179E-09
 8  4096  7  32768  0.1159E-09
