 8  32  3  256  0.1089E-07
 8  32  3  256  0.1010E-07
 8  32  3  256  0.9980E-08
 8  32  3  256  0.9991E-08
 8  32  3  256  0.1014E-07
 8  32  3  256  0.1005E-07
 8  32  3  256  0.9990E-08
 8  32  3  256  0.1000E-07
 8  32  3  256  0.9920E-08
 8  32  3  256  0.1005E-07
 8  32  4  256  0.5529E-08
 8  32  4  256  0.5179E-08
 8  32  4  256  0.5094E-08
 8  32  4  256  0.5090E-08
 8  32  4  256  0.5076E-08
 8  32  4  256  0.5090E-08
 8  32  4  256  0.5063E-08
 8  32  4  256  0.5078E-08
 8  32  4  256  0.5106E-08
 8  32  4  256  0.5088E-08
 8  32  5  256  0.4075E-08
 8  32  5  256  0.3772E-08
 8  32  5  256  0.3740E-08
 8  32  5  256  0.3730E-08
 8  32  5  256  0.3718E-08
 8  32  5  256  0.3737E-08
 8  32  5  256  0.3730E-08
 8  32  5  256  0.3735E-08
 8  32  5  256  0.3715E-08
 8  32  5  256  0.3728E-08
 8  32  6  256  0.3502E-08
 8  32  6  256  0.3280E-08
 8  32  6  256  0.3270E-08
 8  32  6  256  0.3260E-08
 8  32  6  256  0.3271E-08
 8  32  6  256  0.3287E-08
 8  32  6  256  0.3246E-08
 8  32  6  256  0.3278E-08
 8  32  6  256  0.3272E-08
 8  32  6  256  0.3268E-08
 8  32  7  256  0.3351E-08
 8  32  7  256  0.3216E-08
 8  32  7  256  0.3223E-08
 8  32  7  256  0.3207E-08
 8  32  7  256  0.3209E-08
 8  32  7  256  0.3206E-08
 8  32  7  256  0.3214E-08
 8  32  7  256  0.3220E-08
 8  32  7  256  0.3215E-08
 8  32  7  256  0.3219E-08
 8  32  8  256  0.3147E-08
 8  32  8  256  0.3060E-08
 8  32  8  256  0.3063E-08
 8  32  8  256  0.3070E-08
 8  32  8  256  0.3064E-08
 8  32  8  256  0.3063E-08
 8  32  8  256  0.3064E-08
 8  32  8  256  0.3083E-08
 8  32  8  256  0.3075E-08
 8  32  8  256  0.3068E-08
 8  32  9  256  0.3182E-08
 8  32  9  256  0.3154E-08
 8  32  9  256  0.3142E-08
 8  32  9  256  0.3174E-08
 8  32  9  256  0.3154E-08
 8  32  9  256  0.3149E-08
 8  32  9  256  0.3149E-08
 8  32  9  256  0.3148E-08
 8  32  9  256  0.3144E-08
 8  32  9  256  0.3166E-08
 8  32  10  256  0.3112E-08
 8  32  10  256  0.3086E-08
 8  32  10  256  0.3091E-08
 8  32  10  256  0.3089E-08
 8  32  10  256  0.3087E-08
 8  32  10  256  0.3088E-08
 8  32  10  256  0.3089E-08
 8  32  10  256  0.3092E-08
 8  32  10  256  0.3084E-08
 8  32  10  256  0.3089E-08
 8  32  11  256  0.3110E-08
 8  32  11  256  0.3098E-08
 8  32  11  256  0.3102E-08
 8  32  11  256  0.3099E-08
 8  32  11  256  0.3099E-08
 8  32  11  256  0.3102E-08
 8  32  11  256  0.3100E-08
 8  32  11  256  0.3097E-08
 8  32  11  256  0.3098E-08
 8  32  11  256  0.3101E-08
 8  32  12  256  0.2856E-08
 8  32  12  256  0.2840E-08
 8  32  12  256  0.2842E-08
 8  32  12  256  0.2839E-08
 8  32  12  256  0.2841E-08
 8  32  12  256  0.2841E-08
 8  32  12  256  0.2839E-08
 8  32  12  256  0.2841E-08
 8  32  12  256  0.2839E-08
 8  32  12  256  0.2838E-08
 8  32  13  256  0.2949E-08
 8  32  13  256  0.2935E-08
 8  32  13  256  0.2936E-08
 8  32  13  256  0.2935E-08
 8  32  13  256  0.2936E-08
 8  32  13  256  0.2936E-08
 8  32  13  256  0.2940E-08
 8  32  13  256  0.2937E-08
 8  32  13  256  0.2938E-08
 8  32  13  256  0.2937E-08
 8  32  14  256  0.2881E-08
 8  32  14  256  0.2868E-08
 8  32  14  256  0.2874E-08
 8  32  14  256  0.2870E-08
 8  32  14  256  0.2871E-08
 8  32  14  256  0.2870E-08
 8  32  14  256  0.2871E-08
 8  32  14  256  0.2870E-08
 8  32  14  256  0.2870E-08
 8  32  14  256  0.2871E-08
 8  32  15  256  0.2979E-08
 8  32  15  256  0.2970E-08
 8  32  15  256  0.2970E-08
 8  32  15  256  0.2968E-08
 8  32  15  256  0.2973E-08
 8  32  15  256  0.2969E-08
 8  32  15  256  0.2969E-08
 8  32  15  256  0.2968E-08
 8  32  15  256  0.2968E-08
 8  32  15  256  0.2968E-08
 8  32  16  256  0.2983E-08
 8  32  16  256  0.2972E-08
 8  32  16  256  0.2972E-08
 8  32  16  256  0.2973E-08
 8  32  16  256  0.2973E-08
 8  32  16  256  0.2973E-08
 8  32  16  256  0.2972E-08
 8  32  16  256  0.2975E-08
 8  32  16  256  0.2972E-08
 8  32  16  256  0.2973E-08
 8  32  18  256  0.3366E-08
 8  32  18  256  0.3361E-08
 8  32  18  256  0.3362E-08
 8  32  18  256  0.3362E-08
 8  32  18  256  0.3362E-08
 8  32  18  256  0.3363E-08
 8  32  18  256  0.3361E-08
 8  32  18  256  0.3362E-08
 8  32  18  256  0.3361E-08
 8  32  18  256  0.3361E-08
 8  32  19  256  0.3560E-08
 8  32  19  256  0.3569E-08
 8  32  19  256  0.3554E-08
 8  32  19  256  0.3555E-08
 8  32  19  256  0.3554E-08
 8  32  19  256  0.3555E-08
 8  32  19  256  0.3554E-08
 8  32  19  256  0.3568E-08
 8  32  19  256  0.3554E-08
 8  32  19  256  0.3554E-08
 8  32  20  256  0.3600E-08
 8  32  20  256  0.3594E-08
 8  32  20  256  0.3594E-08
 8  32  20  256  0.3593E-08
 8  32  20  256  0.3594E-08
 8  32  20  256  0.3593E-08
 8  32  20  256  0.3595E-08
 8  32  20  256  0.3593E-08
 8  32  20  256  0.3593E-08
 8  32  20  256  0.3594E-08
