 8  64  3  512  0.2715E-07
 8  64  3  512  0.1165E-07
 8  64  3  512  0.1141E-07
 8  64  3  512  0.1162E-07
 8  64  3  512  0.1087E-07
 8  64  3  512  0.1136E-07
 8  64  3  512  0.7619E-08
 8  64  3  512  0.1124E-07
 8  64  3  512  0.1143E-07
 8  64  3  512  0.1099E-07
 8  64  4  512  0.9541E-08
 8  64  4  512  0.6328E-08
 8  64  4  512  0.6235E-08
 8  64  4  512  0.6165E-08
 8  64  4  512  0.6723E-08
 8  64  4  512  0.6073E-08
 8  64  4  512  0.6153E-08
 8  64  4  512  0.6034E-08
 8  64  4  512  0.5818E-08
 8  64  4  512  0.6245E-08
 8  64  5  512  0.1048E-07
 8  64  5  512  0.4459E-08
 8  64  5  512  0.4390E-08
 8  64  5  512  0.4469E-08
 8  64  5  512  0.4688E-08
 8  64  5  512  0.4520E-08
 8  64  5  512  0.4411E-08
 8  64  5  512  0.3394E-08
 8  64  5  512  0.4531E-08
 8  64  5  512  0.4427E-08
 8  64  6  512  0.1987E-08
 8  64  6  512  0.1944E-08
 8  64  6  512  0.1938E-08
 8  64  6  512  0.1946E-08
 8  64  6  512  0.1931E-08
 8  64  6  512  0.1938E-08
 8  64  6  512  0.1954E-08
 8  64  6  512  0.1937E-08
 8  64  6  512  0.1953E-08
 8  64  6  512  0.1953E-08
 8  64  7  512  0.1775E-08
 8  64  7  512  0.1749E-08
 8  64  7  512  0.1755E-08
 8  64  7  512  0.1748E-08
 8  64  7  512  0.1751E-08
 8  64  7  512  0.1746E-08
 8  64  7  512  0.1756E-08
 8  64  7  512  0.1743E-08
 8  64  7  512  0.1741E-08
 8  64  7  512  0.1748E-08
 8  64  8  512  0.1494E-08
 8  64  8  512  0.1472E-08
 8  64  8  512  0.1480E-08
 8  64  8  512  0.1481E-08
 8  64  8  512  0.1473E-08
 8  64  8  512  0.1487E-08
 8  64  8  512  0.1482E-08
 8  64  8  512  0.1473E-08
 8  64  8  512  0.1484E-08
 8  64  8  512  0.1479E-08
 8  64  9  512  0.1422E-08
 8  64  9  512  0.1399E-08
 8  64  9  512  0.1400E-08
 8  64  9  512  0.1402E-08
 8  64  9  512  0.1400E-08
 8  64  9  512  0.1405E-08
 8  64  9  512  0.1405E-08
 8  64  9  512  0.1404E-08
 8  64  9  512  0.1398E-08
 8  64  9  512  0.1411E-08
 8  64  10  512  0.1356E-08
 8  64  10  512  0.1346E-08
 8  64  10  512  0.1346E-08
 8  64  10  512  0.1346E-08
 8  64  10  512  0.1348E-08
 8  64  10  512  0.1344E-08
 8  64  10  512  0.1348E-08
 8  64  10  512  0.1347E-08
 8  64  10  512  0.1345E-08
 8  64  10  512  0.1347E-08
 8  64  11  512  0.1330E-08
 8  64  11  512  0.1317E-08
 8  64  11  512  0.1317E-08
 8  64  11  512  0.1319E-08
 8  64  11  512  0.1319E-08
 8  64  11  512  0.1316E-08
 8  64  11  512  0.1318E-08
 8  64  11  512  0.1314E-08
 8  64  11  512  0.1316E-08
 8  64  11  512  0.1317E-08
 8  64  12  512  0.1194E-08
 8  64  12  512  0.1189E-08
 8  64  12  512  0.1190E-08
 8  64  12  512  0.1191E-08
 8  64  12  512  0.1191E-08
 8  64  12  512  0.1191E-08
 8  64  12  512  0.1191E-08
 8  64  12  512  0.1190E-08
 8  64  12  512  0.1188E-08
 8  64  12  512  0.1190E-08
 8  64  13  512  0.1198E-08
 8  64  13  512  0.1193E-08
 8  64  13  512  0.1190E-08
 8  64  13  512  0.1218E-08
 8  64  13  512  0.1192E-08
 8  64  13  512  0.1190E-08
 8  64  13  512  0.1192E-08
 8  64  13  512  0.1190E-08
 8  64  13  512  0.1195E-08
 8  64  13  512  0.1191E-08
 8  64  14  512  0.1126E-08
 8  64  14  512  0.1122E-08
 8  64  14  512  0.1124E-08
 8  64  14  512  0.1121E-08
 8  64  14  512  0.1121E-08
 8  64  14  512  0.1123E-08
 8  64  14  512  0.1121E-08
 8  64  14  512  0.1122E-08
 8  64  14  512  0.1121E-08
 8  64  14  512  0.1123E-08
 8  64  15  512  0.1204E-08
 8  64  15  512  0.1202E-08
 8  64  15  512  0.1206E-08
 8  64  15  512  0.1203E-08
 8  64  15  512  0.1203E-08
 8  64  15  512  0.1204E-08
 8  64  15  512  0.1202E-08
 8  64  15  512  0.1201E-08
 8  64  15  512  0.1203E-08
 8  64  15  512  0.1204E-08
 8  64  16  512  0.1162E-08
 8  64  16  512  0.1160E-08
 8  64  16  512  0.1161E-08
 8  64  16  512  0.1160E-08
 8  64  16  512  0.1160E-08
 8  64  16  512  0.1160E-08
 8  64  16  512  0.1160E-08
 8  64  16  512  0.1160E-08
 8  64  16  512  0.1160E-08
 8  64  16  512  0.1161E-08
 8  64  17  512  0.1371E-08
 8  64  17  512  0.1370E-08
 8  64  17  512  0.1370E-08
 8  64  17  512  0.1369E-08
 8  64  17  512  0.1370E-08
 8  64  17  512  0.1370E-08
 8  64  17  512  0.1370E-08
 8  64  17  512  0.1370E-08
 8  64  17  512  0.1370E-08
 8  64  17  512  0.1369E-08
 8  64  18  512  0.1342E-08
 8  64  18  512  0.1343E-08
 8  64  18  512  0.1342E-08
 8  64  18  512  0.1344E-08
 8  64  18  512  0.1343E-08
 8  64  18  512  0.1341E-08
 8  64  18  512  0.1341E-08
 8  64  18  512  0.1341E-08
 8  64  18  512  0.1342E-08
 8  64  18  512  0.1341E-08
 8  64  19  512  0.1431E-08
 8  64  19  512  0.1429E-08
 8  64  19  512  0.1429E-08
 8  64  19  512  0.1429E-08
 8  64  19  512  0.1430E-08
 8  64  19  512  0.1429E-08
 8  64  19  512  0.1429E-08
 8  64  19  512  0.1429E-08
 8  64  19  512  0.1429E-08
 8  64  19  512  0.1429E-08
 8  64  20  512  0.1397E-08
 8  64  20  512  0.1396E-08
 8  64  20  512  0.1396E-08
 8  64  20  512  0.1397E-08
 8  64  20  512  0.1396E-08
 8  64  20  512  0.1396E-08
 8  64  20  512  0.1396E-08
 8  64  20  512  0.1396E-08
 8  64  20  512  0.1397E-08
 8  64  20  512  0.1396E-08
