 8  16  3  128  0.4348E-07
 8  16  3  128  0.2739E-07
 8  16  3  128  0.2615E-07
 8  16  3  128  0.2497E-07
 8  16  3  128  0.2536E-07
 8  16  3  128  0.2895E-07
 8  16  3  128  0.3309E-07
 8  16  3  128  0.2603E-07
 8  16  3  128  0.2536E-07
 8  16  3  128  0.2536E-07
 8  16  4  128  0.1680E-07
 8  16  4  128  0.1473E-07
 8  16  4  128  0.1424E-07
 8  16  4  128  0.1396E-07
 8  16  4  128  0.1603E-07
 8  16  4  128  0.1440E-07
 8  16  4  128  0.1387E-07
 8  16  4  128  0.1554E-07
 8  16  4  128  0.1415E-07
 8  16  4  128  0.1383E-07
 8  16  5  128  0.1863E-07
 8  16  5  128  0.1171E-07
 8  16  5  128  0.1104E-07
 8  16  5  128  0.7917E-08
 8  16  5  128  0.1133E-07
 8  16  5  128  0.1233E-07
 8  16  5  128  0.1137E-07
 8  16  5  128  0.1100E-07
 8  16  5  128  0.1079E-07
 8  16  5  128  0.1108E-07
 8  16  6  128  0.1605E-07
 8  16  6  128  0.9322E-08
 8  16  6  128  0.9259E-08
 8  16  6  128  0.9236E-08
 8  16  6  128  0.9198E-08
 8  16  6  128  0.9210E-08
 8  16  6  128  0.9198E-08
 8  16  6  128  0.9149E-08
 8  16  6  128  0.1077E-07
 8  16  6  128  0.9307E-08
 8  16  7  128  0.4309E-08
 8  16  7  128  0.4276E-08
 8  16  7  128  0.4275E-08
 8  16  7  128  0.4287E-08
 8  16  7  128  0.4263E-08
 8  16  7  128  0.4290E-08
 8  16  7  128  0.4334E-08
 8  16  7  128  0.4266E-08
 8  16  7  128  0.4272E-08
 8  16  7  128  0.4267E-08
 8  16  8  128  0.3557E-08
 8  16  8  128  0.3521E-08
 8  16  8  128  0.3535E-08
 8  16  8  128  0.3536E-08
 8  16  8  128  0.3524E-08
 8  16  8  128  0.3539E-08
 8  16  8  128  0.3522E-08
 8  16  8  128  0.3542E-08
 8  16  8  128  0.3525E-08
 8  16  8  128  0.3536E-08
 8  16  9  128  0.4065E-08
 8  16  9  128  0.4049E-08
 8  16  9  128  0.4043E-08
 8  16  9  128  0.4070E-08
 8  16  9  128  0.4046E-08
 8  16  9  128  0.4040E-08
 8  16  9  128  0.4041E-08
 8  16  9  128  0.4046E-08
 8  16  9  128  0.4049E-08
 8  16  9  128  0.4040E-08
 8  16  10  128  0.4158E-08
 8  16  10  128  0.4137E-08
 8  16  10  128  0.4147E-08
 8  16  10  128  0.4136E-08
 8  16  10  128  0.4150E-08
 8  16  10  128  0.4138E-08
 8  16  10  128  0.4142E-08
 8  16  10  128  0.4139E-08
 8  16  10  128  0.4137E-08
 8  16  10  128  0.4149E-08
 8  16  11  128  0.4286E-08
 8  16  11  128  0.4290E-08
 8  16  11  128  0.4264E-08
 8  16  11  128  0.4270E-08
 8  16  11  128  0.4267E-08
 8  16  11  128  0.4271E-08
 8  16  11  128  0.4274E-08
 8  16  11  128  0.4265E-08
 8  16  11  128  0.4276E-08
 8  16  11  128  0.4265E-08
 8  16  12  128  0.3933E-08
 8  16  12  128  0.3921E-08
 8  16  12  128  0.3916E-08
 8  16  12  128  0.3916E-08
 8  16  12  128  0.3921E-08
 8  16  12  128  0.3918E-08
 8  16  12  128  0.3922E-08
 8  16  12  128  0.3923E-08
 8  16  12  128  0.3919E-08
 8  16  12  128  0.3922E-08
 8  16  13  128  0.4080E-08
 8  16  13  128  0.4079E-08
 8  16  13  128  0.4068E-08
 8  16  13  128  0.4071E-08
 8  16  13  128  0.4075E-08
 8  16  13  128  0.4072E-08
 8  16  13  128  0.4072E-08
 8  16  13  128  0.4075E-08
 8  16  13  128  0.4075E-08
 8  16  13  128  0.4071E-08
 8  16  14  128  0.3903E-08
 8  16  14  128  0.3897E-08
 8  16  14  128  0.3897E-08
 8  16  14  128  0.3892E-08
 8  16  14  128  0.3894E-08
 8  16  14  128  0.3896E-08
 8  16  14  128  0.3896E-08
 8  16  14  128  0.3899E-08
 8  16  14  128  0.3896E-08
 8  16  14  128  0.3899E-08
 8  16  15  128  0.4274E-08
 8  16  15  128  0.4270E-08
 8  16  15  128  0.4275E-08
 8  16  15  128  0.4269E-08
 8  16  15  128  0.4272E-08
 8  16  15  128  0.4272E-08
 8  16  15  128  0.4273E-08
 8  16  15  128  0.4273E-08
 8  16  15  128  0.4273E-08
 8  16  15  128  0.4276E-08
 8  16  16  128  0.4209E-08
 8  16  16  128  0.4202E-08
 8  16  16  128  0.4204E-08
 8  16  16  128  0.4205E-08
 8  16  16  128  0.4204E-08
 8  16  16  128  0.4201E-08
 8  16  16  128  0.4204E-08
 8  16  16  128  0.4204E-08
 8  16  16  128  0.4202E-08
 8  16  16  128  0.4207E-08
 8  16  17  128  0.5080E-08
 8  16  17  128  0.5074E-08
 8  16  17  128  0.5073E-08
 8  16  17  128  0.5072E-08
 8  16  17  128  0.5070E-08
 8  16  17  128  0.5071E-08
 8  16  17  128  0.5072E-08
 8  16  17  128  0.5071E-08
 8  16  17  128  0.5070E-08
 8  16  17  128  0.5076E-08
 8  16  18  128  0.4995E-08
 8  16  18  128  0.4990E-08
 8  16  18  128  0.4991E-08
 8  16  18  128  0.4989E-08
 8  16  18  128  0.4989E-08
 8  16  18  128  0.4989E-08
 8  16  18  128  0.4990E-08
 8  16  18  128  0.4989E-08
 8  16  18  128  0.4987E-08
 8  16  18  128  0.4990E-08
 8  16  19  128  0.5367E-08
 8  16  19  128  0.5366E-08
 8  16  19  128  0.5365E-08
 8  16  19  128  0.5363E-08
 8  16  19  128  0.5363E-08
 8  16  19  128  0.5360E-08
 8  16  19  128  0.5363E-08
 8  16  19  128  0.5362E-08
 8  16  19  128  0.5362E-08
 8  16  19  128  0.5363E-08
 8  16  20  128  0.5251E-08
 8  16  20  128  0.5251E-08
 8  16  20  128  0.5248E-08
 8  16  20  128  0.5248E-08
 8  16  20  128  0.5247E-08
 8  16  20  128  0.5247E-08
 8  16  20  128  0.5248E-08
 8  16  20  128  0.5248E-08
 8  16  20  128  0.5247E-08
 8  16  20  128  0.5248E-08
