 8  2048  3  16384  0.5953E-09
 8  2048  3  16384  0.5717E-09
 8  2048  3  16384  0.5724E-09
 8  2048  3  16384  0.5732E-09
 8  2048  3  16384  0.6097E-09
 8  2048  3  16384  0.5723E-09
 8  2048  3  16384  0.5756E-09
 8  2048  3  16384  0.5747E-09
 8  2048  3  16384  0.5796E-09
 8  2048  3  16384  0.5815E-09
 8  2048  4  16384  0.2730E-09
 8  2048  4  16384  0.2690E-09
 8  2048  4  16384  0.2708E-09
 8  2048  4  16384  0.2693E-09
 8  2048  4  16384  0.2713E-09
 8  2048  4  16384  0.2759E-09
 8  2048  4  16384  0.2689E-09
 8  2048  4  16384  0.2699E-09
 8  2048  4  16384  0.2705E-09
 8  2048  4  16384  0.2677E-09
 8  2048  5  16384  0.1962E-09
 8  2048  5  16384  0.1963E-09
 8  2048  5  16384  0.1961E-09
 8  2048  5  16384  0.2003E-09
 8  2048  5  16384  0.1992E-09
 8  2048  5  16384  0.1956E-09
 8  2048  5  16384  0.1985E-09
 8  2048  5  16384  0.1969E-09
 8  2048  5  16384  0.1951E-09
 8  2048  5  16384  0.1944E-09
 8  2048  6  16384  0.1500E-09
 8  2048  6  16384  0.1467E-09
 8  2048  6  16384  0.1456E-09
 8  2048  6  16384  0.1466E-09
 8  2048  6  16384  0.1464E-09
 8  2048  6  16384  0.1449E-09
 8  2048  6  16384  0.1485E-09
 8  2048  6  16384  0.1467E-09
 8  2048  6  16384  0.1464E-09
 8  2048  6  16384  0.1456E-09
 8  2048  7  16384  0.1102E-09
 8  2048  7  16384  0.1096E-09
 8  2048  7  16384  0.1098E-09
 8  2048  7  16384  0.1087E-09
 8  2048  7  16384  0.1107E-09
 8  2048  7  16384  0.1098E-09
 8  2048  7  16384  0.1105E-09
 8  2048  7  16384  0.1089E-09
 8  2048  7  16384  0.1092E-09
 8  2048  7  16384  0.1095E-09
 8  2048  8  16384  0.8534E-10
 8  2048  8  16384  0.8358E-10
 8  2048  8  16384  0.8454E-10
 8  2048  8  16384  0.8392E-10
 8  2048  8  16384  0.8278E-10
 8  2048  8  16384  0.8361E-10
 8  2048  8  16384  0.8410E-10
 8  2048  8  16384  0.8397E-10
 8  2048  8  16384  0.8350E-10
 8  2048  8  16384  0.8327E-10
 8  2048  9  16384  0.7360E-10
 8  2048  9  16384  0.7349E-10
 8  2048  9  16384  0.7332E-10
 8  2048  9  16384  0.7361E-10
 8  2048  9  16384  0.7261E-10
 8  2048  9  16384  0.7269E-10
 8  2048  9  16384  0.7297E-10
 8  2048  9  16384  0.7257E-10
 8  2048  9  16384  0.7279E-10
 8  2048  9  16384  0.7357E-10
 8  2048  10  16384  0.6337E-10
 8  2048  10  16384  0.6337E-10
 8  2048  10  16384  0.6369E-10
 8  2048  10  16384  0.6310E-10
 8  2048  10  16384  0.6333E-10
 8  2048  10  16384  0.6332E-10
 8  2048  10  16384  0.6304E-10
 8  2048  10  16384  0.6325E-10
 8  2048  10  16384  0.6342E-10
 8  2048  10  16384  0.6374E-10
 8  2048  11  16384  0.5725E-10
 8  2048  11  16384  0.5821E-10
 8  2048  11  16384  0.5838E-10
 8  2048  11  16384  0.5782E-10
 8  2048  11  16384  0.5834E-10
 8  2048  11  16384  0.5758E-10
 8  2048  11  16384  0.5770E-10
 8  2048  11  16384  0.5787E-10
 8  2048  11  16384  0.5706E-10
 8  2048  11  16384  0.5804E-10
 8  2048  12  16384  0.5047E-10
 8  2048  12  16384  0.5025E-10
 8  2048  12  16384  0.5010E-10
 8  2048  12  16384  0.5006E-10
 8  2048  12  16384  0.4986E-10
 8  2048  12  16384  0.5024E-10
 8  2048  12  16384  0.4954E-10
 8  2048  12  16384  0.5044E-10
 8  2048  12  16384  0.5052E-10
 8  2048  12  16384  0.5018E-10
 8  2048  13  16384  0.4775E-10
 8  2048  13  16384  0.4752E-10
 8  2048  13  16384  0.4762E-10
 8  2048  13  16384  0.4752E-10
 8  2048  13  16384  0.4706E-10
 8  2048  13  16384  0.4745E-10
 8  2048  13  16384  0.4727E-10
 8  2048  13  16384  0.4744E-10
 8  2048  13  16384  0.4784E-10
 8  2048  13  16384  0.4758E-10
 8  2048  14  16384  0.4497E-10
 8  2048  14  16384  0.4518E-10
 8  2048  14  16384  0.4498E-10
 8  2048  14  16384  0.4522E-10
 8  2048  14  16384  0.4504E-10
 8  2048  14  16384  0.4481E-10
 8  2048  14  16384  0.4506E-10
 8  2048  14  16384  0.4504E-10
 8  2048  14  16384  0.4496E-10
 8  2048  14  16384  0.4503E-10
 8  2048  15  16384  0.4636E-10
 8  2048  15  16384  0.4619E-10
 8  2048  15  16384  0.4623E-10
 8  2048  15  16384  0.4629E-10
 8  2048  15  16384  0.4602E-10
 8  2048  15  16384  0.4626E-10
 8  2048  15  16384  0.4630E-10
 8  2048  15  16384  0.4625E-10
 8  2048  15  16384  0.4599E-10
 8  2048  15  16384  0.4627E-10
 8  2048  16  16384  0.4299E-10
 8  2048  16  16384  0.4280E-10
 8  2048  16  16384  0.4270E-10
 8  2048  16  16384  0.4273E-10
 8  2048  16  16384  0.4283E-10
 8  2048  16  16384  0.4284E-10
 8  2048  16  16384  0.4292E-10
 8  2048  16  16384  0.4287E-10
 8  2048  16  16384  0.4273E-10
 8  2048  16  16384  0.4296E-10
 8  2048  17  16384  0.5157E-10
 8  2048  17  16384  0.5113E-10
 8  2048  17  16384  0.5118E-10
 8  2048  17  16384  0.5158E-10
 8  2048  17  16384  0.5188E-10
 8  2048  17  16384  0.5180E-10
 8  2048  17  16384  0.5174E-10
 8  2048  17  16384  0.5160E-10
 8  2048  17  16384  0.5144E-10
 8  2048  17  16384  0.5101E-10
 8  2048  18  16384  0.5194E-10
 8  2048  18  16384  0.5196E-10
 8  2048  18  16384  0.5200E-10
 8  2048  18  16384  0.5197E-10
 8  2048  18  16384  0.5195E-10
 8  2048  18  16384  0.5203E-10
 8  2048  18  16384  0.5193E-10
 8  2048  18  16384  0.5192E-10
 8  2048  18  16384  0.5191E-10
 8  2048  18  16384  0.5202E-10
 8  2048  19  16384  0.5104E-10
 8  2048  19  16384  0.5099E-10
 8  2048  19  16384  0.5134E-10
 8  2048  19  16384  0.5149E-10
 8  2048  19  16384  0.5120E-10
 8  2048  19  16384  0.5125E-10
 8  2048  19  16384  0.5139E-10
 8  2048  19  16384  0.5153E-10
 8  2048  19  16384  0.5129E-10
 8  2048  19  16384  0.5144E-10
 8  2048  20  16384  0.5089E-10
 8  2048  20  16384  0.5088E-10
 8  2048  20  16384  0.5096E-10
 8  2048  20  16384  0.5087E-10
 8  2048  20  16384  0.5070E-10
 8  2048  20  16384  0.5078E-10
 8  2048  20  16384  0.5082E-10
 8  2048  20  16384  0.5088E-10
 8  2048  20  16384  0.5075E-10
 8  2048  20  16384  0.5070E-10
