 8  2  3  16  0.1203E-06
 8  2  3  16  0.1435E-06
 8  2  3  16  0.1080E-06
 8  2  3  16  0.1405E-06
 8  2  3  16  0.1220E-06
 8  2  3  16  0.1266E-06
 8  2  3  16  0.1198E-06
 8  2  3  16  0.2198E-06
 8  2  3  16  0.1312E-06
 8  2  3  16  0.1234E-06
 8  2  4  16  0.9282E-07
 8  2  4  16  0.9181E-07
 8  2  4  16  0.9437E-07
 8  2  4  16  0.9305E-07
 8  2  4  16  0.8203E-07
 8  2  4  16  0.8234E-07
 8  2  4  16  0.7908E-07
 8  2  4  16  0.7908E-07
 8  2  4  16  0.7652E-07
 8  2  4  16  0.8172E-07
 8  2  5  16  0.8635E-07
 8  2  5  16  0.7184E-07
 8  2  5  16  0.7049E-07
 8  2  5  16  0.6934E-07
 8  2  5  16  0.6918E-07
 8  2  5  16  0.7284E-07
 8  2  5  16  0.8003E-07
 8  2  5  16  0.7180E-07
 8  2  5  16  0.7133E-07
 8  2  5  16  0.6815E-07
 8  2  6  16  0.6975E-07
 8  2  6  16  0.6018E-07
 8  2  6  16  0.5691E-07
 8  2  6  16  0.5806E-07
 8  2  6  16  0.5719E-07
 8  2  6  16  0.6115E-07
 8  2  6  16  0.5710E-07
 8  2  6  16  0.5671E-07
 8  2  6  16  0.5719E-07
 8  2  6  16  0.5728E-07
 8  2  7  16  0.5406E-07
 8  2  7  16  0.4727E-07
 8  2  7  16  0.4744E-07
 8  2  7  16  0.4708E-07
 8  2  7  16  0.6024E-07
 8  2  7  16  0.4774E-07
 8  2  7  16  0.4780E-07
 8  2  7  16  0.4725E-07
 8  2  7  16  0.5005E-07
 8  2  7  16  0.5113E-07
 8  2  7  16  0.5400E-07
 8  2  7  16  0.4756E-07
 8  2  7  16  0.4932E-07
 8  2  7  16  0.4731E-07
 8  2  7  16  0.4805E-07
 8  2  7  16  0.4811E-07
 8  2  7  16  0.5066E-07
 8  2  7  16  0.4786E-07
 8  2  7  16  0.4769E-07
 8  2  7  16  0.4769E-07
 8  2  8  16  0.4680E-07
 8  2  8  16  0.4179E-07
 8  2  8  16  0.4183E-07
 8  2  8  16  0.4257E-07
 8  2  8  16  0.4203E-07
 8  2  8  16  0.4220E-07
 8  2  8  16  0.4200E-07
 8  2  8  16  0.4362E-07
 8  2  8  16  0.4207E-07
 8  2  8  16  0.4195E-07
 8  2  9  16  0.4884E-07
 8  2  9  16  0.4344E-07
 8  2  9  16  0.4601E-07
 8  2  9  16  0.4363E-07
 8  2  9  16  0.4487E-07
 8  2  9  16  0.4647E-07
 8  2  9  16  0.4344E-07
 8  2  9  16  0.4381E-07
 8  2  9  16  0.4341E-07
 8  2  9  16  0.4521E-07
 8  2  10  16  0.5752E-07
 8  2  10  16  0.5333E-07
 8  2  10  16  0.5381E-07
 8  2  10  16  0.5471E-07
 8  2  10  16  0.5356E-07
 8  2  10  16  0.5325E-07
 8  2  10  16  0.5581E-07
 8  2  10  16  0.5477E-07
 8  2  10  16  0.5336E-07
 8  2  10  16  0.5398E-07
 8  2  11  16  0.3042E-07
 8  2  11  16  0.3037E-07
 8  2  11  16  0.3173E-07
 8  2  11  16  0.4802E-07
 8  2  11  16  0.4849E-07
 8  2  11  16  0.4873E-07
 8  2  11  16  0.4899E-07
 8  2  11  16  0.4771E-07
 8  2  11  16  0.4849E-07
 8  2  11  16  0.4810E-07
 8  2  12  16  0.2815E-07
 8  2  12  16  0.2815E-07
 8  2  12  16  0.2814E-07
 8  2  12  16  0.2816E-07
 8  2  12  16  0.2815E-07
 8  2  12  16  0.2815E-07
 8  2  12  16  0.2830E-07
 8  2  12  16  0.4079E-07
 8  2  12  16  0.4193E-07
 8  2  12  16  0.4146E-07
 8  2  13  16  0.2973E-07
 8  2  13  16  0.2972E-07
 8  2  13  16  0.2974E-07
 8  2  13  16  0.2971E-07
 8  2  13  16  0.2969E-07
 8  2  13  16  0.2972E-07
 8  2  13  16  0.2972E-07
 8  2  13  16  0.2971E-07
 8  2  13  16  0.2974E-07
 8  2  13  16  0.2970E-07
 8  2  14  16  0.2859E-07
 8  2  14  16  0.2855E-07
 8  2  14  16  0.2857E-07
 8  2  14  16  0.2859E-07
 8  2  14  16  0.2856E-07
 8  2  14  16  0.2859E-07
 8  2  14  16  0.2856E-07
 8  2  14  16  0.2856E-07
 8  2  14  16  0.2859E-07
 8  2  14  16  0.2857E-07
 8  2  16  16  0.3144E-07
 8  2  16  16  0.3146E-07
 8  2  16  16  0.3144E-07
 8  2  16  16  0.3146E-07
 8  2  16  16  0.3141E-07
 8  2  16  16  0.3145E-07
 8  2  16  16  0.3144E-07
 8  2  16  16  0.3143E-07
 8  2  16  16  0.3143E-07
 8  2  16  16  0.3143E-07
 8  2  17  16  0.3842E-07
 8  2  17  16  0.3840E-07
 8  2  17  16  0.3841E-07
 8  2  17  16  0.3841E-07
 8  2  17  16  0.3841E-07
 8  2  17  16  0.3841E-07
 8  2  17  16  0.3841E-07
 8  2  17  16  0.3841E-07
 8  2  17  16  0.3841E-07
 8  2  17  16  0.3841E-07
 8  2  18  16  0.3790E-07
 8  2  18  16  0.3790E-07
 8  2  18  16  0.3790E-07
 8  2  18  16  0.3791E-07
 8  2  18  16  0.3789E-07
 8  2  18  16  0.3789E-07
 8  2  18  16  0.3791E-07
 8  2  18  16  0.3790E-07
 8  2  18  16  0.3791E-07
 8  2  18  16  0.3790E-07
 8  2  19  16  0.4074E-07
 8  2  19  16  0.4072E-07
 8  2  19  16  0.4073E-07
 8  2  19  16  0.4071E-07
 8  2  19  16  0.4074E-07
 8  2  19  16  0.4073E-07
 8  2  19  16  0.4072E-07
 8  2  19  16  0.4072E-07
 8  2  19  16  0.4072E-07
 8  2  19  16  0.4072E-07
 8  2  20  16  0.4011E-07
 8  2  20  16  0.4012E-07
 8  2  20  16  0.4011E-07
 8  2  20  16  0.4012E-07
 8  2  20  16  0.4010E-07
 8  2  20  16  0.4010E-07
 8  2  20  16  0.4010E-07
 8  2  20  16  0.4009E-07
 8  2  20  16  0.4013E-07
 8  2  20  16  0.4011E-07
