 8  1  3  8  0.2005E-06
 8  1  3  8  0.1991E-06
 8  1  3  8  0.1895E-06
 8  1  3  8  0.1807E-06
 8  1  3  8  0.1932E-06
 8  1  3  8  0.1807E-06
 8  1  3  8  0.1803E-06
 8  1  3  8  0.1899E-06
 8  1  3  8  0.1589E-06
 8  1  3  8  0.1542E-06
 8  1  4  8  0.1270E-06
 8  1  4  8  0.1139E-06
 8  1  4  8  0.7156E-07
 8  1  4  8  0.9049E-07
 8  1  4  8  0.7094E-07
 8  1  4  8  0.1062E-06
 8  1  4  8  0.1021E-06
 8  1  4  8  0.1021E-06
 8  1  4  8  0.1003E-06
 8  1  4  8  0.1015E-06
 8  1  5  8  0.8368E-07
 8  1  5  8  0.7598E-07
 8  1  5  8  0.7431E-07
 8  1  5  8  0.6501E-07
 8  1  5  8  0.7836E-07
 8  1  5  8  0.8130E-07
 8  1  5  8  0.8130E-07
 8  1  5  8  0.8337E-07
 8  1  5  8  0.8130E-07
 8  1  5  8  0.6493E-07
 8  1  6  8  0.6715E-07
 8  1  6  8  0.6540E-07
 8  1  6  8  0.6522E-07
 8  1  6  8  0.6595E-07
 8  1  6  8  0.6462E-07
 8  1  6  8  0.6112E-07
 8  1  6  8  0.7078E-07
 8  1  6  8  0.6269E-07
 8  1  6  8  0.6172E-07
 8  1  6  8  0.6480E-07
 8  1  7  8  0.6864E-07
 8  1  7  8  0.6560E-07
 8  1  7  8  0.7252E-07
 8  1  7  8  0.6548E-07
 8  1  7  8  0.6415E-07
 8  1  7  8  0.6302E-07
 8  1  7  8  0.6207E-07
 8  1  7  8  0.5966E-07
 8  1  7  8  0.6693E-07
 8  1  7  8  0.6317E-07
 8  1  9  8  0.7098E-07
 8  1  9  8  0.6916E-07
 8  1  9  8  0.7168E-07
 8  1  9  8  0.6894E-07
 8  1  9  8  0.6841E-07
 8  1  9  8  0.7179E-07
 8  1  9  8  0.6835E-07
 8  1  9  8  0.6887E-07
 8  1  9  8  0.7168E-07
 8  1  9  8  0.6887E-07
 8  1  10  8  0.9338E-07
 8  1  10  8  0.9492E-07
 8  1  10  8  0.9146E-07
 8  1  10  8  0.9409E-07
 8  1  10  8  0.9417E-07
 8  1  10  8  0.9246E-07
 8  1  10  8  0.9342E-07
 8  1  10  8  0.9259E-07
 8  1  10  8  0.9267E-07
 8  1  10  8  0.9508E-07
 8  1  11  8  0.8884E-07
 8  1  11  8  0.8571E-07
 8  1  11  8  0.8709E-07
 8  1  11  8  0.8762E-07
 8  1  11  8  0.8744E-07
 8  1  11  8  0.8559E-07
 8  1  11  8  0.8850E-07
 8  1  11  8  0.8781E-07
 8  1  11  8  0.8812E-07
 8  1  11  8  0.8556E-07
 8  1  12  8  0.7289E-07
 8  1  12  8  0.7232E-07
 8  1  12  8  0.7236E-07
 8  1  12  8  0.7079E-07
 8  1  12  8  0.7142E-07
 8  1  12  8  0.7193E-07
 8  1  12  8  0.7237E-07
 8  1  12  8  0.7352E-07
 8  1  12  8  0.7207E-07
 8  1  12  8  0.7090E-07
 8  1  13  8  0.7298E-07
 8  1  13  8  0.7195E-07
 8  1  13  8  0.7201E-07
 8  1  13  8  0.7201E-07
 8  1  13  8  0.7177E-07
 8  1  13  8  0.7214E-07
 8  1  13  8  0.7199E-07
 8  1  13  8  0.7201E-07
 8  1  13  8  0.7189E-07
 8  1  13  8  0.7194E-07
 8  1  14  8  0.6672E-07
 8  1  14  8  0.6604E-07
 8  1  14  8  0.6587E-07
 8  1  14  8  0.6581E-07
 8  1  14  8  0.6645E-07
 8  1  14  8  0.6590E-07
 8  1  14  8  0.6566E-07
 8  1  14  8  0.6628E-07
 8  1  14  8  0.6601E-07
 8  1  14  8  0.6581E-07
 8  1  15  8  0.7254E-07
 8  1  15  8  0.7289E-07
 8  1  15  8  0.7193E-07
 8  1  15  8  0.7372E-07
 8  1  15  8  0.7269E-07
 8  1  15  8  0.7259E-07
 8  1  15  8  0.7221E-07
 8  1  15  8  0.7251E-07
 8  1  15  8  0.7218E-07
 8  1  15  8  0.7498E-07
 8  1  16  8  0.7571E-07
 8  1  16  8  0.7535E-07
 8  1  16  8  0.7553E-07
 8  1  16  8  0.7535E-07
 8  1  16  8  0.7515E-07
 8  1  16  8  0.7518E-07
 8  1  16  8  0.7485E-07
 8  1  16  8  0.7478E-07
 8  1  16  8  0.7530E-07
 8  1  16  8  0.7570E-07
 8  1  17  8  0.8265E-07
 8  1  17  8  0.8271E-07
 8  1  17  8  0.8217E-07
 8  1  17  8  0.8265E-07
 8  1  17  8  0.8214E-07
 8  1  17  8  0.8274E-07
 8  1  17  8  0.8227E-07
 8  1  17  8  0.8260E-07
 8  1  17  8  0.8208E-07
 8  1  17  8  0.8267E-07
 8  1  18  8  0.8952E-07
 8  1  18  8  0.8592E-07
 8  1  18  8  0.8603E-07
 8  1  18  8  0.8607E-07
 8  1  18  8  0.8616E-07
 8  1  18  8  0.8601E-07
 8  1  18  8  0.8591E-07
 8  1  18  8  0.8593E-07
 8  1  18  8  0.8578E-07
 8  1  18  8  0.8631E-07
 8  1  19  8  0.6949E-07
 8  1  19  8  0.6951E-07
 8  1  19  8  0.6952E-07
 8  1  19  8  0.6951E-07
 8  1  19  8  0.6952E-07
 8  1  19  8  0.6948E-07
 8  1  19  8  0.6952E-07
 8  1  19  8  0.6958E-07
 8  1  19  8  0.6951E-07
 8  1  19  8  0.6951E-07
 8  1  20  8  0.6845E-07
 8  1  20  8  0.6843E-07
 8  1  20  8  0.6844E-07
 8  1  20  8  0.6842E-07
 8  1  20  8  0.6845E-07
 8  1  20  8  0.6844E-07
 8  1  20  8  0.6845E-07
 8  1  20  8  0.6845E-07
 8  1  20  8  0.6844E-07
 8  1  20  8  0.6846E-07
