 8  8192  4  65536  0.9651E-10
 8  8192  4  65536  0.9714E-10
 8  8192  4  65536  0.9518E-10
 8  8192  4  65536  0.9018E-10
 8  8192  4  65536  0.8981E-10
 8  8192  4  65536  0.8696E-10
 8  8192  4  65536  0.9026E-10
 8  8192  4  65536  0.9244E-10
 8  8192  4  65536  0.9523E-10
 8  8192  4  65536  0.9570E-10
 8  8192  5  65536  0.6696E-10
 8  8192  5  65536  0.6695E-10
 8  8192  5  65536  0.6209E-10
 8  8192  5  65536  0.6004E-10
 8  8192  5  65536  0.5957E-10
 8  8192  5  65536  0.6076E-10
 8  8192  5  65536  0.6479E-10
 8  8192  5  65536  0.6565E-10
 8  8192  5  65536  0.6396E-10
 8  8192  5  65536  0.6182E-10
 8  8192  6  65536  0.4473E-10
 8  8192  6  65536  0.4414E-10
 8  8192  6  65536  0.4573E-10
 8  8192  6  65536  0.4715E-10
 8  8192  6  65536  0.4564E-10
 8  8192  6  65536  0.4374E-10
 8  8192  6  65536  0.4366E-10
 8  8192  6  65536  0.4479E-10
 8  8192  6  65536  0.4745E-10
 8  8192  6  65536  0.4626E-10
 8  8192  7  65536  0.3406E-10
 8  8192  7  65536  0.3460E-10
 8  8192  7  65536  0.3425E-10
 8  8192  7  65536  0.3406E-10
 8  8192  7  65536  0.3397E-10
 8  8192  7  65536  0.3469E-10
 8  8192  7  65536  0.3432E-10
 8  8192  7  65536  0.3358E-10
 8  8192  7  65536  0.3353E-10
 8  8192  7  65536  0.3446E-10
 8  8192  8  65536  0.2539E-10
 8  8192  8  65536  0.2704E-10
 8  8192  8  65536  0.2641E-10
 8  8192  8  65536  0.2520E-10
 8  8192  8  65536  0.2556E-10
 8  8192  8  65536  0.2667E-10
 8  8192  8  65536  0.2645E-10
 8  8192  8  65536  0.2567E-10
 8  8192  8  65536  0.2615E-10
 8  8192  8  65536  0.2717E-10
 8  8192  10  65536  0.1836E-10
 8  8192  10  65536  0.1854E-10
 8  8192  10  65536  0.1882E-10
 8  8192  10  65536  0.1834E-10
 8  8192  10  65536  0.1855E-10
 8  8192  10  65536  0.1883E-10
 8  8192  10  65536  0.1829E-10
 8  8192  10  65536  0.1867E-10
 8  8192  10  65536  0.1837E-10
 8  8192  10  65536  0.1817E-10
 8  8192  11  65536  0.1619E-10
 8  8192  11  65536  0.1620E-10
 8  8192  11  65536  0.1643E-10
 8  8192  11  65536  0.1606E-10
 8  8192  11  65536  0.1664E-10
 8  8192  11  65536  0.1634E-10
 8  8192  11  65536  0.1657E-10
 8  8192  11  65536  0.1622E-10
 8  8192  11  65536  0.1637E-10
 8  8192  11  65536  0.1650E-10
 8  8192  12  65536  0.1404E-10
 8  8192  12  65536  0.1390E-10
 8  8192  12  65536  0.1391E-10
 8  8192  12  65536  0.1400E-10
 8  8192  12  65536  0.1382E-10
 8  8192  12  65536  0.1403E-10
 8  8192  12  65536  0.1371E-10
 8  8192  12  65536  0.1395E-10
 8  8192  12  65536  0.1377E-10
 8  8192  12  65536  0.1390E-10
 8  8192  13  65536  0.1291E-10
 8  8192  13  65536  0.1317E-10
 8  8192  13  65536  0.1308E-10
 8  8192  13  65536  0.1296E-10
 8  8192  13  65536  0.1317E-10
 8  8192  13  65536  0.1287E-10
 8  8192  13  65536  0.1312E-10
 8  8192  13  65536  0.1284E-10
 8  8192  13  65536  0.1312E-10
 8  8192  13  65536  0.1291E-10
 8  8192  14  65536  0.1180E-10
 8  8192  14  65536  0.1179E-10
 8  8192  14  65536  0.1172E-10
 8  8192  14  65536  0.1181E-10
 8  8192  14  65536  0.1168E-10
 8  8192  14  65536  0.1179E-10
 8  8192  14  65536  0.1178E-10
 8  8192  14  65536  0.1168E-10
 8  8192  14  65536  0.1181E-10
 8  8192  14  65536  0.1187E-10
 8  8192  15  65536  0.1186E-10
 8  8192  15  65536  0.1189E-10
 8  8192  15  65536  0.1177E-10
 8  8192  15  65536  0.1188E-10
 8  8192  15  65536  0.1189E-10
 8  8192  15  65536  0.1192E-10
 8  8192  15  65536  0.1188E-10
 8  8192  15  65536  0.1182E-10
 8  8192  15  65536  0.1185E-10
 8  8192  15  65536  0.1186E-10
 8  8192  16  65536  0.1130E-10
 8  8192  16  65536  0.1129E-10
 8  8192  16  65536  0.1129E-10
 8  8192  16  65536  0.1124E-10
 8  8192  16  65536  0.1130E-10
 8  8192  16  65536  0.1131E-10
 8  8192  16  65536  0.1131E-10
 8  8192  16  65536  0.1129E-10
 8  8192  16  65536  0.1129E-10
 8  8192  16  65536  0.1129E-10
 8  8192  17  65536  0.1358E-10
 8  8192  17  65536  0.1353E-10
 8  8192  17  65536  0.1353E-10
 8  8192  17  65536  0.1353E-10
 8  8192  17  65536  0.1359E-10
 8  8192  17  65536  0.1357E-10
 8  8192  17  65536  0.1357E-10
 8  8192  17  65536  0.1356E-10
 8  8192  17  65536  0.1355E-10
 8  8192  17  65536  0.1359E-10
 8  8192  18  65536  0.1337E-10
 8  8192  18  65536  0.1327E-10
 8  8192  18  65536  0.1330E-10
 8  8192  18  65536  0.1325E-10
 8  8192  18  65536  0.1331E-10
 8  8192  18  65536  0.1330E-10
 8  8192  18  65536  0.1334E-10
 8  8192  18  65536  0.1327E-10
 8  8192  18  65536  0.1332E-10
 8  8192  18  65536  0.1328E-10
 8  8192  19  65536  0.1393E-10
 8  8192  19  65536  0.1398E-10
 8  8192  19  65536  0.1400E-10
 8  8192  19  65536  0.1400E-10
 8  8192  19  65536  0.1398E-10
 8  8192  19  65536  0.1396E-10
 8  8192  19  65536  0.1396E-10
 8  8192  19  65536  0.1399E-10
 8  8192  19  65536  0.1396E-10
 8  8192  19  65536  0.1399E-10
 8  8192  20  65536  0.1334E-10
 8  8192  20  65536  0.1337E-10
 8  8192  20  65536  0.1336E-10
 8  8192  20  65536  0.1339E-10
 8  8192  20  65536  0.1337E-10
 8  8192  20  65536  0.1333E-10
 8  8192  20  65536  0.1338E-10
 8  8192  20  65536  0.1335E-10
 8  8192  20  65536  0.1340E-10
 8  8192  20  65536  0.1339E-10
