 8  64  3  512  0.1448E-07
 8  64  3  512  0.1398E-07
 8  64  3  512  0.1397E-07
 8  64  3  512  0.1389E-07
 8  64  3  512  0.1402E-07
 8  64  3  512  0.1393E-07
 8  64  3  512  0.1386E-07
 8  64  3  512  0.1391E-07
 8  64  3  512  0.1399E-07
 8  64  3  512  0.1379E-07
 8  64  4  512  0.6653E-08
 8  64  4  512  0.6418E-08
 8  64  4  512  0.6406E-08
 8  64  4  512  0.6424E-08
 8  64  4  512  0.6366E-08
 8  64  4  512  0.6401E-08
 8  64  4  512  0.6369E-08
 8  64  4  512  0.6668E-08
 8  64  4  512  0.6557E-08
 8  64  4  512  0.6383E-08
 8  64  5  512  0.4312E-08
 8  64  5  512  0.4121E-08
 8  64  5  512  0.4129E-08
 8  64  5  512  0.4130E-08
 8  64  5  512  0.4135E-08
 8  64  5  512  0.4110E-08
 8  64  5  512  0.4124E-08
 8  64  5  512  0.4109E-08
 8  64  5  512  0.4111E-08
 8  64  5  512  0.4090E-08
 8  64  6  512  0.3395E-08
 8  64  6  512  0.3283E-08
 8  64  6  512  0.3259E-08
 8  64  6  512  0.3267E-08
 8  64  6  512  0.3274E-08
 8  64  6  512  0.3273E-08
 8  64  6  512  0.3257E-08
 8  64  6  512  0.3259E-08
 8  64  6  512  0.3256E-08
 8  64  6  512  0.3257E-08
 8  64  7  512  0.3201E-08
 8  64  7  512  0.3067E-08
 8  64  7  512  0.3079E-08
 8  64  7  512  0.3104E-08
 8  64  7  512  0.3080E-08
 8  64  7  512  0.3075E-08
 8  64  7  512  0.3074E-08
 8  64  7  512  0.3081E-08
 8  64  7  512  0.3084E-08
 8  64  7  512  0.3075E-08
 8  64  8  512  0.2825E-08
 8  64  8  512  0.2762E-08
 8  64  8  512  0.2760E-08
 8  64  8  512  0.2755E-08
 8  64  8  512  0.2757E-08
 8  64  8  512  0.2759E-08
 8  64  8  512  0.2757E-08
 8  64  8  512  0.2761E-08
 8  64  8  512  0.2763E-08
 8  64  8  512  0.2763E-08
 8  64  9  512  0.2412E-08
 8  64  9  512  0.2379E-08
 8  64  9  512  0.2371E-08
 8  64  9  512  0.2391E-08
 8  64  9  512  0.2380E-08
 8  64  9  512  0.2379E-08
 8  64  9  512  0.2374E-08
 8  64  9  512  0.2383E-08
 8  64  9  512  0.2385E-08
 8  64  9  512  0.2386E-08
 8  64  10  512  0.2166E-08
 8  64  10  512  0.2137E-08
 8  64  10  512  0.2142E-08
 8  64  10  512  0.2144E-08
 8  64  10  512  0.2139E-08
 8  64  10  512  0.2140E-08
 8  64  10  512  0.2140E-08
 8  64  10  512  0.2141E-08
 8  64  10  512  0.2139E-08
 8  64  10  512  0.2145E-08
 8  64  11  512  0.2052E-08
 8  64  11  512  0.2026E-08
 8  64  11  512  0.2030E-08
 8  64  11  512  0.2029E-08
 8  64  11  512  0.2029E-08
 8  64  11  512  0.2030E-08
 8  64  11  512  0.2032E-08
 8  64  11  512  0.2027E-08
 8  64  11  512  0.2025E-08
 8  64  11  512  0.2032E-08
 8  64  12  512  0.1822E-08
 8  64  12  512  0.1804E-08
 8  64  12  512  0.1810E-08
 8  64  12  512  0.1803E-08
 8  64  12  512  0.1808E-08
 8  64  12  512  0.1808E-08
 8  64  12  512  0.1809E-08
 8  64  12  512  0.1807E-08
 8  64  12  512  0.1805E-08
 8  64  12  512  0.1811E-08
 8  64  13  512  0.1754E-08
 8  64  13  512  0.1742E-08
 8  64  13  512  0.1743E-08
 8  64  13  512  0.1742E-08
 8  64  13  512  0.1745E-08
 8  64  13  512  0.1742E-08
 8  64  13  512  0.1751E-08
 8  64  13  512  0.1748E-08
 8  64  13  512  0.1741E-08
 8  64  13  512  0.1752E-08
 8  64  14  512  0.1608E-08
 8  64  14  512  0.1602E-08
 8  64  14  512  0.1601E-08
 8  64  14  512  0.1600E-08
 8  64  14  512  0.1602E-08
 8  64  14  512  0.1602E-08
 8  64  14  512  0.1600E-08
 8  64  14  512  0.1601E-08
 8  64  14  512  0.1601E-08
 8  64  14  512  0.1601E-08
 8  64  15  512  0.1640E-08
 8  64  15  512  0.1635E-08
 8  64  15  512  0.1637E-08
 8  64  15  512  0.1636E-08
 8  64  15  512  0.1636E-08
 8  64  15  512  0.1635E-08
 8  64  15  512  0.1636E-08
 8  64  15  512  0.1636E-08
 8  64  15  512  0.1636E-08
 8  64  15  512  0.1639E-08
 8  64  16  512  0.1521E-08
 8  64  16  512  0.1517E-08
 8  64  16  512  0.1516E-08
 8  64  16  512  0.1515E-08
 8  64  16  512  0.1517E-08
 8  64  16  512  0.1517E-08
 8  64  16  512  0.1516E-08
 8  64  16  512  0.1516E-08
 8  64  16  512  0.1517E-08
 8  64  16  512  0.1516E-08
 8  64  17  512  0.1733E-08
 8  64  17  512  0.1733E-08
 8  64  17  512  0.1733E-08
 8  64  17  512  0.1732E-08
 8  64  17  512  0.1732E-08
 8  64  17  512  0.1731E-08
 8  64  17  512  0.1732E-08
 8  64  17  512  0.1731E-08
 8  64  17  512  0.1731E-08
 8  64  17  512  0.1732E-08
 8  64  18  512  0.1694E-08
 8  64  18  512  0.1691E-08
 8  64  18  512  0.1691E-08
 8  64  18  512  0.1691E-08
 8  64  18  512  0.1692E-08
 8  64  18  512  0.1691E-08
 8  64  18  512  0.1692E-08
 8  64  18  512  0.1691E-08
 8  64  18  512  0.1690E-08
 8  64  18  512  0.1691E-08
 8  64  19  512  0.1723E-08
 8  64  19  512  0.1721E-08
 8  64  19  512  0.1722E-08
 8  64  19  512  0.1721E-08
 8  64  19  512  0.1721E-08
 8  64  19  512  0.1720E-08
 8  64  19  512  0.1721E-08
 8  64  19  512  0.1721E-08
 8  64  19  512  0.1721E-08
 8  64  19  512  0.1721E-08
 8  64  20  512  0.1652E-08
 8  64  20  512  0.1649E-08
 8  64  20  512  0.1649E-08
 8  64  20  512  0.1649E-08
 8  64  20  512  0.1650E-08
 8  64  20  512  0.1649E-08
 8  64  20  512  0.1650E-08
 8  64  20  512  0.1649E-08
 8  64  20  512  0.1650E-08
 8  64  20  512  0.1650E-08
