 8  64  3  512  0.1285E-07
 8  64  3  512  0.1208E-07
 8  64  3  512  0.1210E-07
 8  64  3  512  0.1208E-07
 8  64  3  512  0.1192E-07
 8  64  3  512  0.1191E-07
 8  64  3  512  0.1206E-07
 8  64  3  512  0.1194E-07
 8  64  3  512  0.1183E-07
 8  64  3  512  0.1190E-07
 8  64  4  512  0.5908E-08
 8  64  4  512  0.5605E-08
 8  64  4  512  0.5546E-08
 8  64  4  512  0.5588E-08
 8  64  4  512  0.5501E-08
 8  64  4  512  0.5515E-08
 8  64  4  512  0.5518E-08
 8  64  4  512  0.5537E-08
 8  64  4  512  0.5525E-08
 8  64  4  512  0.5503E-08
 8  64  5  512  0.3831E-08
 8  64  5  512  0.3595E-08
 8  64  5  512  0.3565E-08
 8  64  5  512  0.3568E-08
 8  64  5  512  0.3558E-08
 8  64  5  512  0.3590E-08
 8  64  5  512  0.3584E-08
 8  64  5  512  0.3576E-08
 8  64  5  512  0.3571E-08
 8  64  5  512  0.3570E-08
 8  64  6  512  0.3233E-08
 8  64  6  512  0.3073E-08
 8  64  6  512  0.3067E-08
 8  64  6  512  0.3055E-08
 8  64  6  512  0.3041E-08
 8  64  6  512  0.3051E-08
 8  64  6  512  0.3040E-08
 8  64  6  512  0.3049E-08
 8  64  6  512  0.3074E-08
 8  64  6  512  0.3060E-08
 8  64  7  512  0.3060E-08
 8  64  7  512  0.2953E-08
 8  64  7  512  0.2931E-08
 8  64  7  512  0.2924E-08
 8  64  7  512  0.2922E-08
 8  64  7  512  0.2936E-08
 8  64  7  512  0.2935E-08
 8  64  7  512  0.2926E-08
 8  64  7  512  0.2932E-08
 8  64  7  512  0.2934E-08
 8  64  8  512  0.2735E-08
 8  64  8  512  0.2670E-08
 8  64  8  512  0.2669E-08
 8  64  8  512  0.2665E-08
 8  64  8  512  0.2672E-08
 8  64  8  512  0.2666E-08
 8  64  8  512  0.2669E-08
 8  64  8  512  0.2670E-08
 8  64  8  512  0.2668E-08
 8  64  8  512  0.2670E-08
 8  64  9  512  0.2342E-08
 8  64  9  512  0.2317E-08
 8  64  9  512  0.2315E-08
 8  64  9  512  0.2316E-08
 8  64  9  512  0.2315E-08
 8  64  9  512  0.2308E-08
 8  64  9  512  0.2316E-08
 8  64  9  512  0.2310E-08
 8  64  9  512  0.2312E-08
 8  64  9  512  0.2316E-08
 8  64  10  512  0.2184E-08
 8  64  10  512  0.2165E-08
 8  64  10  512  0.2166E-08
 8  64  10  512  0.2165E-08
 8  64  10  512  0.2166E-08
 8  64  10  512  0.2165E-08
 8  64  10  512  0.2163E-08
 8  64  10  512  0.2165E-08
 8  64  10  512  0.2167E-08
 8  64  10  512  0.2165E-08
 8  64  11  512  0.2045E-08
 8  64  11  512  0.2037E-08
 8  64  11  512  0.2038E-08
 8  64  11  512  0.2036E-08
 8  64  11  512  0.2038E-08
 8  64  11  512  0.2040E-08
 8  64  11  512  0.2039E-08
 8  64  11  512  0.2038E-08
 8  64  11  512  0.2040E-08
 8  64  11  512  0.2038E-08
 8  64  12  512  0.1834E-08
 8  64  12  512  0.1825E-08
 8  64  12  512  0.1829E-08
 8  64  12  512  0.1825E-08
 8  64  12  512  0.1825E-08
 8  64  12  512  0.1828E-08
 8  64  12  512  0.1828E-08
 8  64  12  512  0.1825E-08
 8  64  12  512  0.1826E-08
 8  64  12  512  0.1825E-08
 8  64  13  512  0.1812E-08
 8  64  13  512  0.1803E-08
 8  64  13  512  0.1807E-08
 8  64  13  512  0.1806E-08
 8  64  13  512  0.1805E-08
 8  64  13  512  0.1807E-08
 8  64  13  512  0.1804E-08
 8  64  13  512  0.1808E-08
 8  64  13  512  0.1802E-08
 8  64  13  512  0.1816E-08
 8  64  14  512  0.1717E-08
 8  64  14  512  0.1712E-08
 8  64  14  512  0.1714E-08
 8  64  14  512  0.1712E-08
 8  64  14  512  0.1715E-08
 8  64  14  512  0.1713E-08
 8  64  14  512  0.1712E-08
 8  64  14  512  0.1715E-08
 8  64  14  512  0.1714E-08
 8  64  14  512  0.1708E-08
 8  64  15  512  0.1733E-08
 8  64  15  512  0.1728E-08
 8  64  15  512  0.1729E-08
 8  64  15  512  0.1728E-08
 8  64  15  512  0.1730E-08
 8  64  15  512  0.1728E-08
 8  64  15  512  0.1729E-08
 8  64  15  512  0.1730E-08
 8  64  15  512  0.1728E-08
 8  64  15  512  0.1729E-08
 8  64  16  512  0.1697E-08
 8  64  16  512  0.1694E-08
 8  64  16  512  0.1694E-08
 8  64  16  512  0.1694E-08
 8  64  16  512  0.1694E-08
 8  64  16  512  0.1694E-08
 8  64  16  512  0.1692E-08
 8  64  16  512  0.1693E-08
 8  64  16  512  0.1694E-08
 8  64  16  512  0.1694E-08
 8  64  17  512  0.1915E-08
 8  64  17  512  0.1911E-08
 8  64  17  512  0.1912E-08
 8  64  17  512  0.1911E-08
 8  64  17  512  0.1911E-08
 8  64  17  512  0.1910E-08
 8  64  17  512  0.1911E-08
 8  64  17  512  0.1911E-08
 8  64  17  512  0.1911E-08
 8  64  17  512  0.1912E-08
 8  64  18  512  0.1850E-08
 8  64  18  512  0.1844E-08
 8  64  18  512  0.1844E-08
 8  64  18  512  0.1845E-08
 8  64  18  512  0.1844E-08
 8  64  18  512  0.1844E-08
 8  64  18  512  0.1845E-08
 8  64  18  512  0.1844E-08
 8  64  18  512  0.1844E-08
 8  64  18  512  0.1845E-08
 8  64  19  512  0.1929E-08
 8  64  19  512  0.1927E-08
 8  64  19  512  0.1926E-08
 8  64  19  512  0.1926E-08
 8  64  19  512  0.1927E-08
 8  64  19  512  0.1926E-08
 8  64  19  512  0.1926E-08
 8  64  19  512  0.1926E-08
 8  64  19  512  0.1926E-08
 8  64  19  512  0.1926E-08
 8  64  20  512  0.1934E-08
 8  64  20  512  0.1930E-08
 8  64  20  512  0.1930E-08
 8  64  20  512  0.1930E-08
 8  64  20  512  0.1930E-08
 8  64  20  512  0.1930E-08
 8  64  20  512  0.1930E-08
 8  64  20  512  0.1930E-08
 8  64  20  512  0.1931E-08
 8  64  20  512  0.1930E-08
