 8  8  3  64  0.6692E-07
 8  8  3  64  0.4958E-07
 8  8  3  64  0.4687E-07
 8  8  3  64  0.5593E-07
 8  8  3  64  0.4746E-07
 8  8  3  64  0.4553E-07
 8  8  3  64  0.4475E-07
 8  8  3  64  0.4401E-07
 8  8  3  64  0.4457E-07
 8  8  3  64  0.4457E-07
 8  8  4  64  0.3467E-07
 8  8  4  64  0.2784E-07
 8  8  4  64  0.2629E-07
 8  8  4  64  0.2548E-07
 8  8  4  64  0.2604E-07
 8  8  4  64  0.2588E-07
 8  8  4  64  0.2517E-07
 8  8  4  64  0.2532E-07
 8  8  4  64  0.2443E-07
 8  8  4  64  0.2392E-07
 8  8  5  64  0.2879E-07
 8  8  5  64  0.1825E-07
 8  8  5  64  0.1758E-07
 8  8  5  64  0.1662E-07
 8  8  5  64  0.1637E-07
 8  8  5  64  0.1616E-07
 8  8  5  64  0.1596E-07
 8  8  5  64  0.1704E-07
 8  8  5  64  0.1667E-07
 8  8  5  64  0.1604E-07
 8  8  6  64  0.1748E-07
 8  8  6  64  0.1196E-07
 8  8  6  64  0.1099E-07
 8  8  6  64  0.1211E-07
 8  8  6  64  0.1254E-07
 8  8  6  64  0.1175E-07
 8  8  6  64  0.1164E-07
 8  8  6  64  0.1176E-07
 8  8  6  64  0.1184E-07
 8  8  6  64  0.1191E-07
 8  8  7  64  0.1520E-07
 8  8  7  64  0.1289E-07
 8  8  7  64  0.1309E-07
 8  8  7  64  0.1294E-07
 8  8  7  64  0.1362E-07
 8  8  7  64  0.1294E-07
 8  8  7  64  0.1285E-07
 8  8  7  64  0.1288E-07
 8  8  7  64  0.1362E-07
 8  8  7  64  0.1292E-07
 8  8  8  64  0.1290E-07
 8  8  8  64  0.1020E-07
 8  8  8  64  0.1070E-07
 8  8  8  64  0.1018E-07
 8  8  8  64  0.1011E-07
 8  8  8  64  0.1074E-07
 8  8  8  64  0.1016E-07
 8  8  8  64  0.1013E-07
 8  8  8  64  0.1086E-07
 8  8  8  64  0.1017E-07
 8  8  9  64  0.7199E-08
 8  8  9  64  0.7143E-08
 8  8  9  64  0.1150E-07
 8  8  9  64  0.1186E-07
 8  8  9  64  0.1156E-07
 8  8  9  64  0.1192E-07
 8  8  9  64  0.1167E-07
 8  8  9  64  0.1192E-07
 8  8  9  64  0.1164E-07
 8  8  9  64  0.1205E-07
 8  8  10  64  0.7451E-08
 8  8  10  64  0.7427E-08
 8  8  10  64  0.7423E-08
 8  8  10  64  0.7432E-08
 8  8  10  64  0.7430E-08
 8  8  10  64  0.7441E-08
 8  8  10  64  0.7436E-08
 8  8  10  64  0.7423E-08
 8  8  10  64  0.7428E-08
 8  8  10  64  0.7423E-08
 8  8  11  64  0.7838E-08
 8  8  11  64  0.7814E-08
 8  8  11  64  0.7820E-08
 8  8  11  64  0.7819E-08
 8  8  11  64  0.7806E-08
 8  8  11  64  0.7818E-08
 8  8  11  64  0.7817E-08
 8  8  11  64  0.7819E-08
 8  8  11  64  0.7821E-08
 8  8  11  64  0.7807E-08
 8  8  12  64  0.7226E-08
 8  8  12  64  0.7209E-08
 8  8  12  64  0.7224E-08
 8  8  12  64  0.7214E-08
 8  8  12  64  0.7222E-08
 8  8  12  64  0.7209E-08
 8  8  12  64  0.7207E-08
 8  8  12  64  0.7209E-08
 8  8  12  64  0.7219E-08
 8  8  12  64  0.7210E-08
 8  8  13  64  0.7620E-08
 8  8  13  64  0.7614E-08
 8  8  13  64  0.7604E-08
 8  8  13  64  0.7606E-08
 8  8  13  64  0.7606E-08
 8  8  13  64  0.7603E-08
 8  8  13  64  0.7606E-08
 8  8  13  64  0.7606E-08
 8  8  13  64  0.7606E-08
 8  8  13  64  0.7604E-08
 8  8  14  64  0.7250E-08
 8  8  14  64  0.7240E-08
 8  8  14  64  0.7247E-08
 8  8  14  64  0.7243E-08
 8  8  14  64  0.7244E-08
 8  8  14  64  0.7240E-08
 8  8  14  64  0.7248E-08
 8  8  14  64  0.7240E-08
 8  8  14  64  0.7246E-08
 8  8  14  64  0.7238E-08
 8  8  15  64  0.8097E-08
 8  8  15  64  0.8093E-08
 8  8  15  64  0.8089E-08
 8  8  15  64  0.8092E-08
 8  8  15  64  0.8094E-08
 8  8  15  64  0.8085E-08
 8  8  15  64  0.8096E-08
 8  8  15  64  0.8090E-08
 8  8  15  64  0.8094E-08
 8  8  15  64  0.8086E-08
 8  8  16  64  0.7988E-08
 8  8  16  64  0.7985E-08
 8  8  16  64  0.7984E-08
 8  8  16  64  0.7983E-08
 8  8  16  64  0.7983E-08
 8  8  16  64  0.7985E-08
 8  8  16  64  0.7983E-08
 8  8  16  64  0.7984E-08
 8  8  16  64  0.7980E-08
 8  8  16  64  0.7986E-08
 8  8  17  64  0.9725E-08
 8  8  17  64  0.9720E-08
 8  8  17  64  0.9719E-08
 8  8  17  64  0.9719E-08
 8  8  17  64  0.9722E-08
 8  8  17  64  0.9724E-08
 8  8  17  64  0.9724E-08
 8  8  17  64  0.9723E-08
 8  8  17  64  0.9721E-08
 8  8  17  64  0.9832E-08
 8  8  18  64  0.9572E-08
 8  8  18  64  0.9568E-08
 8  8  18  64  0.9569E-08
 8  8  18  64  0.9563E-08
 8  8  18  64  0.9569E-08
 8  8  18  64  0.9569E-08
 8  8  18  64  0.9566E-08
 8  8  18  64  0.9569E-08
 8  8  18  64  0.9568E-08
 8  8  18  64  0.9566E-08
 8  8  19  64  0.1032E-07
 8  8  19  64  0.1032E-07
 8  8  19  64  0.1031E-07
 8  8  19  64  0.1032E-07
 8  8  19  64  0.1032E-07
 8  8  19  64  0.1031E-07
 8  8  19  64  0.1032E-07
 8  8  19  64  0.1031E-07
 8  8  19  64  0.1032E-07
 8  8  19  64  0.1032E-07
 8  8  20  64  0.1016E-07
 8  8  20  64  0.1016E-07
 8  8  20  64  0.1015E-07
 8  8  20  64  0.1015E-07
 8  8  20  64  0.1016E-07
 8  8  20  64  0.1015E-07
 8  8  20  64  0.1015E-07
 8  8  20  64  0.1015E-07
 8  8  20  64  0.1016E-07
 8  8  20  64  0.1015E-07
