 8  512  3  4096  0.4475E-08
 8  512  3  4096  0.4181E-08
 8  512  3  4096  0.4183E-08
 8  512  3  4096  0.4153E-08
 8  512  3  4096  0.4120E-08
 8  512  3  4096  0.4173E-08
 8  512  3  4096  0.4221E-08
 8  512  3  4096  0.4215E-08
 8  512  3  4096  0.4155E-08
 8  512  3  4096  0.4164E-08
 8  512  4  4096  0.2070E-08
 8  512  4  4096  0.1928E-08
 8  512  4  4096  0.1929E-08
 8  512  4  4096  0.1944E-08
 8  512  4  4096  0.1921E-08
 8  512  4  4096  0.1946E-08
 8  512  4  4096  0.1905E-08
 8  512  4  4096  0.1903E-08
 8  512  4  4096  0.1931E-08
 8  512  4  4096  0.1907E-08
 8  512  5  4096  0.1207E-08
 8  512  5  4096  0.1133E-08
 8  512  5  4096  0.1141E-08
 8  512  5  4096  0.1138E-08
 8  512  5  4096  0.1131E-08
 8  512  5  4096  0.1134E-08
 8  512  5  4096  0.1126E-08
 8  512  5  4096  0.1129E-08
 8  512  5  4096  0.1137E-08
 8  512  5  4096  0.1137E-08
 8  512  6  4096  0.8577E-09
 8  512  6  4096  0.8081E-09
 8  512  6  4096  0.8043E-09
 8  512  6  4096  0.8137E-09
 8  512  6  4096  0.8099E-09
 8  512  6  4096  0.8115E-09
 8  512  6  4096  0.7976E-09
 8  512  6  4096  0.8051E-09
 8  512  6  4096  0.8173E-09
 8  512  6  4096  0.8069E-09
 8  512  7  4096  0.6926E-09
 8  512  7  4096  0.6597E-09
 8  512  7  4096  0.6666E-09
 8  512  7  4096  0.6687E-09
 8  512  7  4096  0.6650E-09
 8  512  7  4096  0.6640E-09
 8  512  7  4096  0.6702E-09
 8  512  7  4096  0.6718E-09
 8  512  7  4096  0.6609E-09
 8  512  7  4096  0.6689E-09
 8  512  8  4096  0.5505E-09
 8  512  8  4096  0.5420E-09
 8  512  8  4096  0.5376E-09
 8  512  8  4096  0.5342E-09
 8  512  8  4096  0.5382E-09
 8  512  8  4096  0.5380E-09
 8  512  8  4096  0.5391E-09
 8  512  8  4096  0.5404E-09
 8  512  8  4096  0.5381E-09
 8  512  8  4096  0.5409E-09
 8  512  9  4096  0.4869E-09
 8  512  9  4096  0.4699E-09
 8  512  9  4096  0.4739E-09
 8  512  9  4096  0.4706E-09
 8  512  9  4096  0.4730E-09
 8  512  9  4096  0.4735E-09
 8  512  9  4096  0.4728E-09
 8  512  9  4096  0.4744E-09
 8  512  9  4096  0.4724E-09
 8  512  9  4096  0.4754E-09
 8  512  10  4096  0.4073E-09
 8  512  10  4096  0.3996E-09
 8  512  10  4096  0.3975E-09
 8  512  10  4096  0.3975E-09
 8  512  10  4096  0.3988E-09
 8  512  10  4096  0.3982E-09
 8  512  10  4096  0.3983E-09
 8  512  10  4096  0.3976E-09
 8  512  10  4096  0.4001E-09
 8  512  10  4096  0.3982E-09
 8  512  11  4096  0.3602E-09
 8  512  11  4096  0.3536E-09
 8  512  11  4096  0.3537E-09
 8  512  11  4096  0.3564E-09
 8  512  11  4096  0.3540E-09
 8  512  11  4096  0.3545E-09
 8  512  11  4096  0.3532E-09
 8  512  11  4096  0.3537E-09
 8  512  11  4096  0.3561E-09
 8  512  11  4096  0.3538E-09
 8  512  12  4096  0.3070E-09
 8  512  12  4096  0.3014E-09
 8  512  12  4096  0.3039E-09
 8  512  12  4096  0.3030E-09
 8  512  12  4096  0.3024E-09
 8  512  12  4096  0.3034E-09
 8  512  12  4096  0.3022E-09
 8  512  12  4096  0.3024E-09
 8  512  12  4096  0.3028E-09
 8  512  12  4096  0.3020E-09
 8  512  13  4096  0.2813E-09
 8  512  13  4096  0.2774E-09
 8  512  13  4096  0.2773E-09
 8  512  13  4096  0.2771E-09
 8  512  13  4096  0.2776E-09
 8  512  13  4096  0.2778E-09
 8  512  13  4096  0.2775E-09
 8  512  13  4096  0.2770E-09
 8  512  13  4096  0.2778E-09
 8  512  13  4096  0.2775E-09
 8  512  15  4096  0.2483E-09
 8  512  15  4096  0.2453E-09
 8  512  15  4096  0.2456E-09
 8  512  15  4096  0.2457E-09
 8  512  15  4096  0.2456E-09
 8  512  15  4096  0.2460E-09
 8  512  15  4096  0.2455E-09
 8  512  15  4096  0.2460E-09
 8  512  15  4096  0.2455E-09
 8  512  15  4096  0.2459E-09
 8  512  16  4096  0.2337E-09
 8  512  16  4096  0.2321E-09
 8  512  16  4096  0.2320E-09
 8  512  16  4096  0.2321E-09
 8  512  16  4096  0.2329E-09
 8  512  16  4096  0.2331E-09
 8  512  16  4096  0.2323E-09
 8  512  16  4096  0.2330E-09
 8  512  16  4096  0.2332E-09
 8  512  16  4096  0.2320E-09
 8  512  17  4096  0.2470E-09
 8  512  17  4096  0.2464E-09
 8  512  17  4096  0.2469E-09
 8  512  17  4096  0.2461E-09
 8  512  17  4096  0.2470E-09
 8  512  17  4096  0.2465E-09
 8  512  17  4096  0.2470E-09
 8  512  17  4096  0.2462E-09
 8  512  17  4096  0.2460E-09
 8  512  17  4096  0.2474E-09
 8  512  18  4096  0.2394E-09
 8  512  18  4096  0.2396E-09
 8  512  18  4096  0.2403E-09
 8  512  18  4096  0.2394E-09
 8  512  18  4096  0.2383E-09
 8  512  18  4096  0.2386E-09
 8  512  18  4096  0.2398E-09
 8  512  18  4096  0.2426E-09
 8  512  18  4096  0.2438E-09
 8  512  18  4096  0.2432E-09
 8  512  19  4096  0.2380E-09
 8  512  19  4096  0.2363E-09
 8  512  19  4096  0.2376E-09
 8  512  19  4096  0.2367E-09
 8  512  19  4096  0.2366E-09
 8  512  19  4096  0.2368E-09
 8  512  19  4096  0.2365E-09
 8  512  19  4096  0.2378E-09
 8  512  19  4096  0.2365E-09
 8  512  19  4096  0.2365E-09
 8  512  20  4096  0.2265E-09
 8  512  20  4096  0.2261E-09
 8  512  20  4096  0.2248E-09
