 8  128  3  1024  0.1745E-07
 8  128  3  1024  0.5257E-08
 8  128  3  1024  0.5484E-08
 8  128  3  1024  0.4809E-08
 8  128  3  1024  0.5254E-08
 8  128  3  1024  0.4751E-08
 8  128  3  1024  0.4786E-08
 8  128  3  1024  0.5148E-08
 8  128  3  1024  0.5714E-08
 8  128  3  1024  0.4907E-08
 8  128  4  1024  0.9455E-08
 8  128  4  1024  0.3648E-08
 8  128  4  1024  0.3570E-08
 8  128  4  1024  0.4298E-08
 8  128  4  1024  0.3530E-08
 8  128  4  1024  0.3474E-08
 8  128  4  1024  0.3535E-08
 8  128  4  1024  0.3672E-08
 8  128  4  1024  0.3500E-08
 8  128  4  1024  0.2396E-08
 8  128  5  1024  0.8880E-09
 8  128  5  1024  0.8556E-09
 8  128  5  1024  0.8571E-09
 8  128  5  1024  0.8555E-09
 8  128  5  1024  0.8517E-09
 8  128  5  1024  0.8456E-09
 8  128  5  1024  0.8519E-09
 8  128  5  1024  0.8578E-09
 8  128  5  1024  0.8545E-09
 8  128  5  1024  0.8555E-09
 8  128  6  1024  0.7538E-09
 8  128  6  1024  0.7192E-09
 8  128  6  1024  0.7195E-09
 8  128  6  1024  0.7187E-09
 8  128  6  1024  0.7214E-09
 8  128  6  1024  0.7186E-09
 8  128  6  1024  0.7170E-09
 8  128  6  1024  0.7321E-09
 8  128  6  1024  0.7201E-09
 8  128  6  1024  0.7202E-09
 8  128  7  1024  0.7270E-09
 8  128  7  1024  0.7080E-09
 8  128  7  1024  0.7069E-09
 8  128  7  1024  0.7133E-09
 8  128  7  1024  0.7077E-09
 8  128  7  1024  0.7068E-09
 8  128  7  1024  0.6991E-09
 8  128  7  1024  0.7067E-09
 8  128  7  1024  0.7031E-09
 8  128  7  1024  0.7004E-09
 8  128  8  1024  0.6166E-09
 8  128  8  1024  0.6032E-09
 8  128  8  1024  0.6001E-09
 8  128  8  1024  0.6028E-09
 8  128  8  1024  0.6033E-09
 8  128  8  1024  0.6027E-09
 8  128  8  1024  0.6023E-09
 8  128  8  1024  0.5987E-09
 8  128  8  1024  0.6004E-09
 8  128  8  1024  0.6009E-09
 8  128  9  1024  0.6507E-09
 8  128  9  1024  0.6411E-09
 8  128  9  1024  0.6421E-09
 8  128  9  1024  0.6365E-09
 8  128  9  1024  0.6382E-09
 8  128  9  1024  0.6382E-09
 8  128  9  1024  0.6378E-09
 8  128  9  1024  0.6387E-09
 8  128  9  1024  0.6394E-09
 8  128  9  1024  0.6419E-09
 8  128  11  1024  0.6183E-09
 8  128  11  1024  0.6139E-09
 8  128  11  1024  0.6148E-09
 8  128  11  1024  0.6135E-09
 8  128  11  1024  0.6352E-09
 8  128  11  1024  0.6124E-09
 8  128  11  1024  0.6142E-09
 8  128  11  1024  0.6133E-09
 8  128  11  1024  0.6130E-09
 8  128  11  1024  0.6138E-09
 8  128  12  1024  0.5495E-09
 8  128  12  1024  0.5456E-09
 8  128  12  1024  0.5448E-09
 8  128  12  1024  0.5481E-09
 8  128  12  1024  0.5452E-09
 8  128  12  1024  0.5451E-09
 8  128  12  1024  0.5476E-09
 8  128  12  1024  0.5445E-09
 8  128  12  1024  0.5612E-09
 8  128  12  1024  0.5454E-09
 8  128  13  1024  0.5580E-09
 8  128  13  1024  0.5646E-09
 8  128  13  1024  0.5562E-09
 8  128  13  1024  0.5555E-09
 8  128  13  1024  0.5552E-09
 8  128  13  1024  0.5550E-09
 8  128  13  1024  0.5551E-09
 8  128  13  1024  0.5558E-09
 8  128  13  1024  0.5552E-09
 8  128  13  1024  0.5563E-09
 8  128  14  1024  0.5155E-09
 8  128  14  1024  0.5146E-09
 8  128  14  1024  0.5139E-09
 8  128  14  1024  0.5145E-09
 8  128  14  1024  0.5140E-09
 8  128  14  1024  0.5145E-09
 8  128  14  1024  0.5136E-09
 8  128  14  1024  0.5139E-09
 8  128  14  1024  0.5145E-09
 8  128  14  1024  0.5138E-09
 8  128  15  1024  0.5723E-09
 8  128  15  1024  0.5612E-09
 8  128  15  1024  0.5609E-09
 8  128  15  1024  0.5603E-09
 8  128  15  1024  0.5612E-09
 8  128  15  1024  0.5600E-09
 8  128  15  1024  0.5612E-09
 8  128  15  1024  0.5616E-09
 8  128  15  1024  0.5608E-09
 8  128  15  1024  0.5619E-09
 8  128  16  1024  0.5461E-09
 8  128  16  1024  0.5445E-09
 8  128  16  1024  0.5444E-09
 8  128  16  1024  0.5451E-09
 8  128  16  1024  0.5446E-09
 8  128  16  1024  0.5446E-09
 8  128  16  1024  0.5449E-09
 8  128  16  1024  0.5447E-09
 8  128  16  1024  0.5448E-09
 8  128  16  1024  0.5455E-09
 8  128  17  1024  0.6527E-09
 8  128  17  1024  0.6515E-09
 8  128  17  1024  0.6517E-09
 8  128  17  1024  0.6517E-09
 8  128  17  1024  0.6518E-09
 8  128  17  1024  0.6515E-09
 8  128  17  1024  0.6512E-09
 8  128  17  1024  0.6514E-09
 8  128  17  1024  0.6517E-09
 8  128  17  1024  0.6510E-09
 8  128  18  1024  0.6402E-09
 8  128  18  1024  0.6390E-09
 8  128  18  1024  0.6440E-09
 8  128  18  1024  0.6390E-09
 8  128  18  1024  0.6394E-09
 8  128  18  1024  0.6392E-09
 8  128  18  1024  0.6392E-09
 8  128  18  1024  0.6391E-09
 8  128  18  1024  0.6389E-09
 8  128  18  1024  0.6390E-09
 8  128  19  1024  0.6859E-09
 8  128  19  1024  0.6850E-09
 8  128  19  1024  0.6853E-09
 8  128  19  1024  0.6845E-09
 8  128  19  1024  0.6846E-09
 8  128  19  1024  0.6848E-09
 8  128  19  1024  0.6850E-09
 8  128  19  1024  0.6849E-09
 8  128  19  1024  0.6850E-09
 8  128  19  1024  0.6847E-09
 8  128  20  1024  0.6689E-09
 8  128  20  1024  0.6683E-09
 8  128  20  1024  0.6718E-09
 8  128  20  1024  0.6682E-09
 8  128  20  1024  0.6682E-09
 8  128  20  1024  0.6679E-09
 8  128  20  1024  0.6679E-09
 8  128  20  1024  0.6682E-09
 8  128  20  1024  0.6720E-09
 8  128  20  1024  0.6680E-09
