 8  16  3  128  0.4629E-07
 8  16  3  128  0.2766E-07
 8  16  3  128  0.2730E-07
 8  16  3  128  0.2663E-07
 8  16  3  128  0.2941E-07
 8  16  3  128  0.2748E-07
 8  16  3  128  0.2633E-07
 8  16  3  128  0.2576E-07
 8  16  3  128  0.2566E-07
 8  16  3  128  0.2622E-07
 8  16  4  128  0.1884E-07
 8  16  4  128  0.1539E-07
 8  16  4  128  0.1604E-07
 8  16  4  128  0.1521E-07
 8  16  4  128  0.1489E-07
 8  16  4  128  0.1474E-07
 8  16  4  128  0.1452E-07
 8  16  4  128  0.1493E-07
 8  16  4  128  0.1460E-07
 8  16  4  128  0.1441E-07
 8  16  5  128  0.1606E-07
 8  16  5  128  0.1246E-07
 8  16  5  128  0.1177E-07
 8  16  5  128  0.1296E-07
 8  16  5  128  0.1198E-07
 8  16  5  128  0.1173E-07
 8  16  5  128  0.1192E-07
 8  16  5  128  0.1196E-07
 8  16  5  128  0.1169E-07
 8  16  5  128  0.1173E-07
 8  16  6  128  0.1484E-07
 8  16  6  128  0.1220E-07
 8  16  6  128  0.1072E-07
 8  16  6  128  0.9900E-08
 8  16  6  128  0.9836E-08
 8  16  6  128  0.1051E-07
 8  16  6  128  0.1009E-07
 8  16  6  128  0.9897E-08
 8  16  6  128  0.9900E-08
 8  16  6  128  0.1037E-07
 8  16  7  128  0.4814E-08
 8  16  7  128  0.4771E-08
 8  16  7  128  0.4765E-08
 8  16  7  128  0.4770E-08
 8  16  7  128  0.4763E-08
 8  16  7  128  0.4765E-08
 8  16  7  128  0.4755E-08
 8  16  7  128  0.4770E-08
 8  16  7  128  0.4768E-08
 8  16  7  128  0.4781E-08
 8  16  8  128  0.3848E-08
 8  16  8  128  0.3809E-08
 8  16  8  128  0.3806E-08
 8  16  8  128  0.3806E-08
 8  16  8  128  0.3813E-08
 8  16  8  128  0.3809E-08
 8  16  8  128  0.3803E-08
 8  16  8  128  0.3818E-08
 8  16  8  128  0.3804E-08
 8  16  8  128  0.3816E-08
 8  16  9  128  0.4297E-08
 8  16  9  128  0.4272E-08
 8  16  9  128  0.4280E-08
 8  16  9  128  0.4270E-08
 8  16  9  128  0.4273E-08
 8  16  9  128  0.4268E-08
 8  16  9  128  0.4273E-08
 8  16  9  128  0.4273E-08
 8  16  9  128  0.4283E-08
 8  16  9  128  0.4270E-08
 8  16  10  128  0.4366E-08
 8  16  10  128  0.4343E-08
 8  16  10  128  0.4340E-08
 8  16  10  128  0.4339E-08
 8  16  10  128  0.4338E-08
 8  16  10  128  0.4344E-08
 8  16  10  128  0.4356E-08
 8  16  10  128  0.4346E-08
 8  16  10  128  0.4344E-08
 8  16  10  128  0.4342E-08
 8  16  11  128  0.4471E-08
 8  16  11  128  0.4464E-08
 8  16  11  128  0.4461E-08
 8  16  11  128  0.4465E-08
 8  16  11  128  0.4464E-08
 8  16  11  128  0.4462E-08
 8  16  11  128  0.4456E-08
 8  16  11  128  0.4458E-08
 8  16  11  128  0.4461E-08
 8  16  11  128  0.4472E-08
 8  16  12  128  0.4106E-08
 8  16  12  128  0.4096E-08
 8  16  12  128  0.4097E-08
 8  16  12  128  0.4096E-08
 8  16  12  128  0.4095E-08
 8  16  12  128  0.4094E-08
 8  16  12  128  0.4095E-08
 8  16  12  128  0.4094E-08
 8  16  12  128  0.4094E-08
 8  16  12  128  0.4096E-08
 8  16  13  128  0.4259E-08
 8  16  13  128  0.4245E-08
 8  16  13  128  0.4248E-08
 8  16  13  128  0.4248E-08
 8  16  13  128  0.4245E-08
 8  16  13  128  0.4246E-08
 8  16  13  128  0.4255E-08
 8  16  13  128  0.4245E-08
 8  16  13  128  0.4250E-08
 8  16  13  128  0.4247E-08
 8  16  14  128  0.4073E-08
 8  16  14  128  0.4067E-08
 8  16  14  128  0.4068E-08
 8  16  14  128  0.4066E-08
 8  16  14  128  0.4068E-08
 8  16  14  128  0.4066E-08
 8  16  14  128  0.4069E-08
 8  16  14  128  0.4067E-08
 8  16  14  128  0.4067E-08
 8  16  14  128  0.4066E-08
 8  16  15  128  0.4435E-08
 8  16  15  128  0.4431E-08
 8  16  15  128  0.4427E-08
 8  16  15  128  0.4437E-08
 8  16  15  128  0.4430E-08
 8  16  15  128  0.4428E-08
 8  16  15  128  0.4430E-08
 8  16  15  128  0.4428E-08
 8  16  15  128  0.4431E-08
 8  16  15  128  0.4427E-08
 8  16  16  128  0.4357E-08
 8  16  16  128  0.4353E-08
 8  16  16  128  0.4356E-08
 8  16  16  128  0.4353E-08
 8  16  16  128  0.4352E-08
 8  16  16  128  0.4354E-08
 8  16  16  128  0.4354E-08
 8  16  16  128  0.4354E-08
 8  16  16  128  0.4355E-08
 8  16  16  128  0.4356E-08
 8  16  17  128  0.5233E-08
 8  16  17  128  0.5232E-08
 8  16  17  128  0.5230E-08
 8  16  17  128  0.5231E-08
 8  16  17  128  0.5232E-08
 8  16  17  128  0.5231E-08
 8  16  17  128  0.5231E-08
 8  16  17  128  0.5230E-08
 8  16  17  128  0.5231E-08
 8  16  17  128  0.5234E-08
 8  16  18  128  0.5147E-08
 8  16  18  128  0.5142E-08
 8  16  18  128  0.5145E-08
 8  16  18  128  0.5145E-08
 8  16  18  128  0.5142E-08
 8  16  18  128  0.5143E-08
 8  16  18  128  0.5143E-08
 8  16  18  128  0.5142E-08
 8  16  18  128  0.5142E-08
 8  16  18  128  0.5142E-08
 8  16  19  128  0.5514E-08
 8  16  19  128  0.5511E-08
 8  16  19  128  0.5511E-08
 8  16  19  128  0.5512E-08
 8  16  19  128  0.5512E-08
 8  16  19  128  0.5509E-08
 8  16  19  128  0.5510E-08
 8  16  19  128  0.5510E-08
 8  16  19  128  0.5510E-08
 8  16  19  128  0.5510E-08
 8  16  20  128  0.5391E-08
 8  16  20  128  0.5389E-08
 8  16  20  128  0.5390E-08
 8  16  20  128  0.5389E-08
 8  16  20  128  0.5390E-08
 8  16  20  128  0.5390E-08
 8  16  20  128  0.5390E-08
 8  16  20  128  0.5390E-08
 8  16  20  128  0.5389E-08
 8  16  20  128  0.5389E-08
