 8  8192  4  65536  0.6912E-10
 8  8192  4  65536  0.6888E-10
 8  8192  4  65536  0.6375E-10
 8  8192  4  65536  0.6637E-10
 8  8192  4  65536  0.6177E-10
 8  8192  4  65536  0.6132E-10
 8  8192  4  65536  0.6269E-10
 8  8192  4  65536  0.6290E-10
 8  8192  4  65536  0.6300E-10
 8  8192  4  65536  0.6656E-10
 8  8192  5  65536  0.4158E-10
 8  8192  5  65536  0.4218E-10
 8  8192  5  65536  0.4246E-10
 8  8192  5  65536  0.3913E-10
 8  8192  5  65536  0.3882E-10
 8  8192  5  65536  0.3760E-10
 8  8192  5  65536  0.3824E-10
 8  8192  5  65536  0.3872E-10
 8  8192  5  65536  0.3863E-10
 8  8192  5  65536  0.4124E-10
 8  8192  6  65536  0.3175E-10
 8  8192  6  65536  0.2885E-10
 8  8192  6  65536  0.2902E-10
 8  8192  6  65536  0.2843E-10
 8  8192  6  65536  0.2907E-10
 8  8192  6  65536  0.2962E-10
 8  8192  6  65536  0.3129E-10
 8  8192  6  65536  0.3153E-10
 8  8192  6  65536  0.3147E-10
 8  8192  6  65536  0.2897E-10
 8  8192  7  65536  0.2667E-10
 8  8192  7  65536  0.2576E-10
 8  8192  7  65536  0.2538E-10
 8  8192  7  65536  0.2533E-10
 8  8192  7  65536  0.2556E-10
 8  8192  7  65536  0.2576E-10
 8  8192  7  65536  0.2568E-10
 8  8192  7  65536  0.2558E-10
 8  8192  7  65536  0.2519E-10
 8  8192  7  65536  0.2545E-10
 8  8192  8  65536  0.1904E-10
 8  8192  8  65536  0.2019E-10
 8  8192  8  65536  0.2087E-10
 8  8192  8  65536  0.1941E-10
 8  8192  8  65536  0.1843E-10
 8  8192  8  65536  0.1858E-10
 8  8192  8  65536  0.1985E-10
 8  8192  8  65536  0.2031E-10
 8  8192  8  65536  0.1981E-10
 8  8192  8  65536  0.1899E-10
 8  8192  10  65536  0.1494E-10
 8  8192  10  65536  0.1474E-10
 8  8192  10  65536  0.1513E-10
 8  8192  10  65536  0.1500E-10
 8  8192  10  65536  0.1460E-10
 8  8192  10  65536  0.1487E-10
 8  8192  10  65536  0.1513E-10
 8  8192  10  65536  0.1498E-10
 8  8192  10  65536  0.1484E-10
 8  8192  10  65536  0.1520E-10
 8  8192  11  65536  0.1358E-10
 8  8192  11  65536  0.1357E-10
 8  8192  11  65536  0.1339E-10
 8  8192  11  65536  0.1358E-10
 8  8192  11  65536  0.1372E-10
 8  8192  11  65536  0.1332E-10
 8  8192  11  65536  0.1385E-10
 8  8192  11  65536  0.1364E-10
 8  8192  11  65536  0.1325E-10
 8  8192  11  65536  0.1360E-10
 8  8192  12  65536  0.1173E-10
 8  8192  12  65536  0.1173E-10
 8  8192  12  65536  0.1146E-10
 8  8192  12  65536  0.1176E-10
 8  8192  12  65536  0.1163E-10
 8  8192  12  65536  0.1167E-10
 8  8192  12  65536  0.1179E-10
 8  8192  12  65536  0.1160E-10
 8  8192  12  65536  0.1178E-10
 8  8192  12  65536  0.1172E-10
 8  8192  13  65536  0.1122E-10
 8  8192  13  65536  0.1109E-10
 8  8192  13  65536  0.1107E-10
 8  8192  13  65536  0.1105E-10
 8  8192  13  65536  0.1100E-10
 8  8192  13  65536  0.1116E-10
 8  8192  13  65536  0.1092E-10
 8  8192  13  65536  0.1119E-10
 8  8192  13  65536  0.1091E-10
 8  8192  13  65536  0.1119E-10
 8  8192  14  65536  0.9977E-11
 8  8192  14  65536  0.1006E-10
 8  8192  14  65536  0.9965E-11
 8  8192  14  65536  0.1012E-10
 8  8192  14  65536  0.1001E-10
 8  8192  14  65536  0.1001E-10
 8  8192  14  65536  0.1010E-10
 8  8192  14  65536  0.1001E-10
 8  8192  14  65536  0.1012E-10
 8  8192  14  65536  0.1000E-10
 8  8192  15  65536  0.1052E-10
 8  8192  15  65536  0.1044E-10
 8  8192  15  65536  0.1049E-10
 8  8192  15  65536  0.1048E-10
 8  8192  15  65536  0.1055E-10
 8  8192  15  65536  0.1041E-10
 8  8192  15  65536  0.1047E-10
 8  8192  15  65536  0.1054E-10
 8  8192  15  65536  0.1043E-10
 8  8192  15  65536  0.1054E-10
 8  8192  16  65536  0.1008E-10
 8  8192  16  65536  0.1005E-10
 8  8192  16  65536  0.1004E-10
 8  8192  16  65536  0.1007E-10
 8  8192  16  65536  0.1008E-10
 8  8192  16  65536  0.1009E-10
 8  8192  16  65536  0.9989E-11
 8  8192  16  65536  0.1005E-10
 8  8192  16  65536  0.1007E-10
 8  8192  16  65536  0.1008E-10
 8  8192  17  65536  0.1256E-10
 8  8192  17  65536  0.1251E-10
 8  8192  17  65536  0.1252E-10
 8  8192  17  65536  0.1255E-10
 8  8192  17  65536  0.1255E-10
 8  8192  17  65536  0.1249E-10
 8  8192  17  65536  0.1254E-10
 8  8192  17  65536  0.1248E-10
 8  8192  17  65536  0.1256E-10
 8  8192  17  65536  0.1254E-10
 8  8192  18  65536  0.1227E-10
 8  8192  18  65536  0.1228E-10
 8  8192  18  65536  0.1227E-10
 8  8192  18  65536  0.1234E-10
 8  8192  18  65536  0.1227E-10
 8  8192  18  65536  0.1228E-10
 8  8192  18  65536  0.1229E-10
 8  8192  18  65536  0.1228E-10
 8  8192  18  65536  0.1229E-10
 8  8192  18  65536  0.1225E-10
 8  8192  19  65536  0.1310E-10
 8  8192  19  65536  0.1313E-10
 8  8192  19  65536  0.1310E-10
 8  8192  19  65536  0.1309E-10
 8  8192  19  65536  0.1307E-10
 8  8192  19  65536  0.1308E-10
 8  8192  19  65536  0.1306E-10
 8  8192  19  65536  0.1313E-10
 8  8192  19  65536  0.1309E-10
 8  8192  19  65536  0.1307E-10
 8  8192  20  65536  0.1253E-10
 8  8192  20  65536  0.1256E-10
 8  8192  20  65536  0.1255E-10
 8  8192  20  65536  0.1262E-10
 8  8192  20  65536  0.1261E-10
 8  8192  20  65536  0.1256E-10
 8  8192  20  65536  0.1262E-10
 8  8192  20  65536  0.1257E-10
 8  8192  20  65536  0.1259E-10
 8  8192  20  65536  0.1259E-10
