 8  1024  3  8192  0.1243E-08
 8  1024  3  8192  0.1260E-08
 8  1024  3  8192  0.1258E-08
 8  1024  3  8192  0.1238E-08
 8  1024  3  8192  0.1252E-08
 8  1024  3  8192  0.1257E-08
 8  1024  3  8192  0.1227E-08
 8  1024  3  8192  0.1264E-08
 8  1024  3  8192  0.1326E-08
 8  1024  3  8192  0.1259E-08
 8  1024  4  8192  0.5828E-09
 8  1024  4  8192  0.5848E-09
 8  1024  4  8192  0.5847E-09
 8  1024  4  8192  0.5809E-09
 8  1024  4  8192  0.5643E-09
 8  1024  4  8192  0.5646E-09
 8  1024  4  8192  0.5688E-09
 8  1024  4  8192  0.5658E-09
 8  1024  4  8192  0.5787E-09
 8  1024  4  8192  0.6040E-09
 8  1024  5  8192  0.3920E-09
 8  1024  5  8192  0.3820E-09
 8  1024  5  8192  0.3837E-09
 8  1024  5  8192  0.3816E-09
 8  1024  5  8192  0.3841E-09
 8  1024  5  8192  0.3788E-09
 8  1024  5  8192  0.3845E-09
 8  1024  5  8192  0.3886E-09
 8  1024  5  8192  0.3859E-09
 8  1024  5  8192  0.3843E-09
 8  1024  6  8192  0.2877E-09
 8  1024  6  8192  0.2839E-09
 8  1024  6  8192  0.2840E-09
 8  1024  6  8192  0.2862E-09
 8  1024  6  8192  0.2859E-09
 8  1024  6  8192  0.2868E-09
 8  1024  6  8192  0.2851E-09
 8  1024  6  8192  0.2835E-09
 8  1024  6  8192  0.2812E-09
 8  1024  6  8192  0.2868E-09
 8  1024  7  8192  0.2259E-09
 8  1024  7  8192  0.2256E-09
 8  1024  7  8192  0.2202E-09
 8  1024  7  8192  0.2210E-09
 8  1024  7  8192  0.2191E-09
 8  1024  7  8192  0.2224E-09
 8  1024  7  8192  0.2256E-09
 8  1024  7  8192  0.2207E-09
 8  1024  7  8192  0.2183E-09
 8  1024  7  8192  0.2181E-09
 8  1024  8  8192  0.1687E-09
 8  1024  8  8192  0.1669E-09
 8  1024  8  8192  0.1659E-09
 8  1024  8  8192  0.1665E-09
 8  1024  8  8192  0.1674E-09
 8  1024  8  8192  0.1654E-09
 8  1024  8  8192  0.1662E-09
 8  1024  8  8192  0.1666E-09
 8  1024  8  8192  0.1679E-09
 8  1024  8  8192  0.1669E-09
 8  1024  9  8192  0.1559E-09
 8  1024  9  8192  0.1546E-09
 8  1024  9  8192  0.1581E-09
 8  1024  9  8192  0.1550E-09
 8  1024  9  8192  0.1549E-09
 8  1024  9  8192  0.1553E-09
 8  1024  9  8192  0.1563E-09
 8  1024  9  8192  0.1553E-09
 8  1024  9  8192  0.1549E-09
 8  1024  9  8192  0.1561E-09
 8  1024  10  8192  0.1362E-09
 8  1024  10  8192  0.1357E-09
 8  1024  10  8192  0.1371E-09
 8  1024  10  8192  0.1351E-09
 8  1024  10  8192  0.1358E-09
 8  1024  10  8192  0.1368E-09
 8  1024  10  8192  0.1357E-09
 8  1024  10  8192  0.1369E-09
 8  1024  10  8192  0.1354E-09
 8  1024  10  8192  0.1353E-09
 8  1024  11  8192  0.1238E-09
 8  1024  11  8192  0.1235E-09
 8  1024  11  8192  0.1236E-09
 8  1024  11  8192  0.1231E-09
 8  1024  11  8192  0.1249E-09
 8  1024  11  8192  0.1234E-09
 8  1024  11  8192  0.1233E-09
 8  1024  11  8192  0.1249E-09
 8  1024  11  8192  0.1232E-09
 8  1024  11  8192  0.1246E-09
 8  1024  12  8192  0.1067E-09
 8  1024  12  8192  0.1060E-09
 8  1024  12  8192  0.1065E-09
 8  1024  12  8192  0.1070E-09
 8  1024  12  8192  0.1064E-09
 8  1024  12  8192  0.1071E-09
 8  1024  12  8192  0.1062E-09
 8  1024  12  8192  0.1071E-09
 8  1024  12  8192  0.1063E-09
 8  1024  12  8192  0.1065E-09
 8  1024  13  8192  0.1018E-09
 8  1024  13  8192  0.1009E-09
 8  1024  13  8192  0.1021E-09
 8  1024  13  8192  0.1011E-09
 8  1024  13  8192  0.1008E-09
 8  1024  13  8192  0.1011E-09
 8  1024  13  8192  0.1022E-09
 8  1024  13  8192  0.1011E-09
 8  1024  13  8192  0.1017E-09
 8  1024  13  8192  0.1009E-09
 8  1024  14  8192  0.9191E-10
 8  1024  14  8192  0.9209E-10
 8  1024  14  8192  0.9287E-10
 8  1024  14  8192  0.9288E-10
 8  1024  14  8192  0.9218E-10
 8  1024  14  8192  0.9266E-10
 8  1024  14  8192  0.9312E-10
 8  1024  14  8192  0.9199E-10
 8  1024  14  8192  0.9173E-10
 8  1024  14  8192  0.9207E-10
 8  1024  15  8192  0.9734E-10
 8  1024  15  8192  0.9779E-10
 8  1024  15  8192  0.9736E-10
 8  1024  15  8192  0.9691E-10
 8  1024  15  8192  0.9784E-10
 8  1024  15  8192  0.9789E-10
 8  1024  15  8192  0.9732E-10
 8  1024  15  8192  0.9793E-10
 8  1024  15  8192  0.9824E-10
 8  1024  15  8192  0.9737E-10
 8  1024  16  8192  0.9634E-10
 8  1024  16  8192  0.9621E-10
 8  1024  16  8192  0.9634E-10
 8  1024  16  8192  0.9620E-10
 8  1024  16  8192  0.9650E-10
 8  1024  16  8192  0.9639E-10
 8  1024  16  8192  0.9658E-10
 8  1024  16  8192  0.9625E-10
 8  1024  16  8192  0.9648E-10
 8  1024  16  8192  0.9637E-10
 8  1024  17  8192  0.9985E-10
 8  1024  17  8192  0.1004E-09
 8  1024  17  8192  0.1004E-09
 8  1024  17  8192  0.9962E-10
 8  1024  17  8192  0.1002E-09
 8  1024  17  8192  0.1005E-09
 8  1024  17  8192  0.9975E-10
 8  1024  17  8192  0.9955E-10
 8  1024  17  8192  0.9969E-10
 8  1024  17  8192  0.1002E-09
 8  1024  18  8192  0.1059E-09
 8  1024  18  8192  0.1056E-09
 8  1024  18  8192  0.1055E-09
 8  1024  18  8192  0.1053E-09
 8  1024  18  8192  0.1064E-09
 8  1024  18  8192  0.1056E-09
 8  1024  18  8192  0.1061E-09
 8  1024  18  8192  0.1058E-09
 8  1024  18  8192  0.1061E-09
 8  1024  18  8192  0.1055E-09
 8  1024  19  8192  0.1010E-09
 8  1024  19  8192  0.1010E-09
 8  1024  19  8192  0.1009E-09
 8  1024  19  8192  0.1013E-09
 8  1024  19  8192  0.1004E-09
 8  1024  19  8192  0.1009E-09
 8  1024  19  8192  0.1009E-09
 8  1024  19  8192  0.1009E-09
 8  1024  19  8192  0.1009E-09
 8  1024  19  8192  0.1014E-09
 8  1024  20  8192  0.9965E-10
 8  1024  20  8192  0.9946E-10
 8  1024  20  8192  0.9965E-10
 8  1024  20  8192  0.9925E-10
 8  1024  20  8192  0.9964E-10
 8  1024  20  8192  0.9979E-10
 8  1024  20  8192  0.9956E-10
 8  1024  20  8192  0.9939E-10
 8  1024  20  8192  0.9914E-10
 8  1024  20  8192  0.9946E-10
