 8  1024  3  8192  0.1746E-08
 8  1024  3  8192  0.1781E-08
 8  1024  3  8192  0.1773E-08
 8  1024  3  8192  0.1780E-08
 8  1024  3  8192  0.1786E-08
 8  1024  4  8192  0.8500E-09
 8  1024  4  8192  0.8504E-09
 8  1024  4  8192  0.8904E-09
 8  1024  4  8192  0.8586E-09
 8  1024  4  8192  0.8704E-09
 8  1024  5  8192  0.5605E-09
 8  1024  5  8192  0.5496E-09
 8  1024  5  8192  0.5478E-09
 8  1024  5  8192  0.5467E-09
 8  1024  5  8192  0.5479E-09
 8  1024  6  8192  0.5112E-09
 8  1024  6  8192  0.4626E-09
 8  1024  6  8192  0.4972E-09
 8  1024  6  8192  0.5059E-09
 8  1024  6  8192  0.5043E-09
 8  1024  7  8192  0.3604E-09
 8  1024  7  8192  0.3650E-09
 8  1024  7  8192  0.3642E-09
 8  1024  7  8192  0.3604E-09
 8  1024  7  8192  0.3685E-09
 8  1024  8  8192  0.3193E-09
 8  1024  8  8192  0.3224E-09
 8  1024  8  8192  0.3384E-09
 8  1024  8  8192  0.3434E-09
 8  1024  8  8192  0.3499E-09
 8  1024  9  8192  0.2627E-09
 8  1024  9  8192  0.2618E-09
 8  1024  9  8192  0.2614E-09
 8  1024  9  8192  0.2630E-09
 8  1024  9  8192  0.2601E-09
 8  1024  10  8192  0.2228E-09
 8  1024  10  8192  0.2222E-09
 8  1024  10  8192  0.2216E-09
 8  1024  10  8192  0.2219E-09
 8  1024  10  8192  0.2218E-09
 8  1024  11  8192  0.1942E-09
 8  1024  11  8192  0.1944E-09
 8  1024  11  8192  0.1940E-09
 8  1024  11  8192  0.1940E-09
 8  1024  11  8192  0.1961E-09
 8  1024  12  8192  0.1708E-09
 8  1024  12  8192  0.1707E-09
 8  1024  12  8192  0.1711E-09
 8  1024  12  8192  0.1722E-09
 8  1024  12  8192  0.1713E-09
 8  1024  13  8192  0.1618E-09
 8  1024  13  8192  0.1621E-09
 8  1024  13  8192  0.1628E-09
 8  1024  13  8192  0.1623E-09
 8  1024  13  8192  0.1631E-09
 8  1024  14  8192  0.1475E-09
 8  1024  14  8192  0.1475E-09
 8  1024  14  8192  0.1479E-09
 8  1024  14  8192  0.1478E-09
 8  1024  14  8192  0.1474E-09
 8  1024  15  8192  0.1453E-09
 8  1024  15  8192  0.1459E-09
 8  1024  15  8192  0.1455E-09
 8  1024  15  8192  0.1458E-09
 8  1024  15  8192  0.1455E-09
 8  1024  16  8192  0.1008E-09
 8  1024  16  8192  0.1008E-09
 8  1024  16  8192  0.1009E-09
 8  1024  16  8192  0.1009E-09
 8  1024  16  8192  0.1006E-09
 8  1024  17  8192  0.1440E-09
 8  1024  17  8192  0.1439E-09
 8  1024  17  8192  0.1446E-09
 8  1024  17  8192  0.1441E-09
 8  1024  17  8192  0.1444E-09
 8  1024  18  8192  0.1371E-09
 8  1024  18  8192  0.1377E-09
 8  1024  18  8192  0.1370E-09
 8  1024  18  8192  0.1371E-09
 8  1024  18  8192  0.1370E-09
 8  1024  19  8192  0.1389E-09
 8  1024  19  8192  0.1384E-09
 8  1024  19  8192  0.1395E-09
 8  1024  19  8192  0.1387E-09
 8  1024  19  8192  0.1388E-09
 8  1024  20  8192  0.1341E-09
 8  1024  20  8192  0.1345E-09
 8  1024  20  8192  0.1335E-09
 8  1024  20  8192  0.1340E-09
 8  1024  20  8192  0.1339E-09
