 8  16  3  128  0.3916E-07
 8  16  3  128  0.2189E-07
 8  16  3  128  0.2159E-07
 8  16  3  128  0.2548E-07
 8  16  3  128  0.2394E-07
 8  16  3  128  0.2401E-07
 8  16  3  128  0.2419E-07
 8  16  3  128  0.2364E-07
 8  16  3  128  0.2343E-07
 8  16  3  128  0.2267E-07
 8  16  4  128  0.2629E-07
 8  16  4  128  0.1550E-07
 8  16  4  128  0.1380E-07
 8  16  4  128  0.1376E-07
 8  16  4  128  0.1326E-07
 8  16  4  128  0.1302E-07
 8  16  4  128  0.1452E-07
 8  16  4  128  0.1298E-07
 8  16  4  128  0.1250E-07
 8  16  4  128  0.1249E-07
 8  16  5  128  0.1902E-07
 8  16  5  128  0.1088E-07
 8  16  5  128  0.1042E-07
 8  16  5  128  0.1056E-07
 8  16  5  128  0.1141E-07
 8  16  5  128  0.9979E-08
 8  16  5  128  0.9914E-08
 8  16  5  128  0.1133E-07
 8  16  5  128  0.9999E-08
 8  16  5  128  0.9666E-08
 8  16  6  128  0.1402E-07
 8  16  6  128  0.9089E-08
 8  16  6  128  0.8342E-08
 8  16  6  128  0.8198E-08
 8  16  6  128  0.8451E-08
 8  16  6  128  0.8258E-08
 8  16  6  128  0.8692E-08
 8  16  6  128  0.8416E-08
 8  16  6  128  0.8296E-08
 8  16  6  128  0.8149E-08
 8  16  7  128  0.3344E-08
 8  16  7  128  0.3300E-08
 8  16  7  128  0.3287E-08
 8  16  7  128  0.3291E-08
 8  16  7  128  0.3279E-08
 8  16  7  128  0.3295E-08
 8  16  7  128  0.3294E-08
 8  16  7  128  0.3293E-08
 8  16  7  128  0.3286E-08
 8  16  7  128  0.3299E-08
 8  16  8  128  0.2922E-08
 8  16  8  128  0.2894E-08
 8  16  8  128  0.2890E-08
 8  16  8  128  0.2881E-08
 8  16  8  128  0.2881E-08
 8  16  8  128  0.2890E-08
 8  16  8  128  0.2887E-08
 8  16  8  128  0.2881E-08
 8  16  8  128  0.2878E-08
 8  16  8  128  0.2873E-08
 8  16  9  128  0.3626E-08
 8  16  9  128  0.3601E-08
 8  16  9  128  0.3593E-08
 8  16  9  128  0.3616E-08
 8  16  9  128  0.3603E-08
 8  16  9  128  0.3586E-08
 8  16  9  128  0.3604E-08
 8  16  9  128  0.3599E-08
 8  16  9  128  0.3593E-08
 8  16  9  128  0.3599E-08
 8  16  10  128  0.3814E-08
 8  16  10  128  0.3785E-08
 8  16  10  128  0.3774E-08
 8  16  10  128  0.3772E-08
 8  16  10  128  0.3772E-08
 8  16  10  128  0.3766E-08
 8  16  10  128  0.3772E-08
 8  16  10  128  0.3780E-08
 8  16  10  128  0.3778E-08
 8  16  10  128  0.3773E-08
 8  16  11  128  0.3981E-08
 8  16  11  128  0.3973E-08
 8  16  11  128  0.3959E-08
 8  16  11  128  0.3964E-08
 8  16  11  128  0.3968E-08
 8  16  11  128  0.3964E-08
 8  16  11  128  0.3965E-08
 8  16  11  128  0.3960E-08
 8  16  11  128  0.3967E-08
 8  16  11  128  0.3960E-08
 8  16  12  128  0.3664E-08
 8  16  12  128  0.3642E-08
 8  16  12  128  0.3649E-08
 8  16  12  128  0.3653E-08
 8  16  12  128  0.3646E-08
 8  16  12  128  0.3646E-08
 8  16  12  128  0.3643E-08
 8  16  12  128  0.3648E-08
 8  16  12  128  0.3645E-08
 8  16  12  128  0.3645E-08
 8  16  13  128  0.3851E-08
 8  16  13  128  0.3845E-08
 8  16  13  128  0.3845E-08
 8  16  13  128  0.3840E-08
 8  16  13  128  0.3841E-08
 8  16  13  128  0.3847E-08
 8  16  13  128  0.3841E-08
 8  16  13  128  0.3843E-08
 8  16  13  128  0.3846E-08
 8  16  13  128  0.3844E-08
 8  16  14  128  0.3681E-08
 8  16  14  128  0.3673E-08
 8  16  14  128  0.3674E-08
 8  16  14  128  0.3674E-08
 8  16  14  128  0.3670E-08
 8  16  14  128  0.3672E-08
 8  16  14  128  0.3670E-08
 8  16  14  128  0.3674E-08
 8  16  14  128  0.3671E-08
 8  16  14  128  0.3670E-08
 8  16  15  128  0.4085E-08
 8  16  15  128  0.4076E-08
 8  16  15  128  0.4077E-08
 8  16  15  128  0.4076E-08
 8  16  15  128  0.4076E-08
 8  16  15  128  0.4077E-08
 8  16  15  128  0.4074E-08
 8  16  15  128  0.4074E-08
 8  16  15  128  0.4075E-08
 8  16  15  128  0.4074E-08
 8  16  16  128  0.4025E-08
 8  16  16  128  0.4019E-08
 8  16  16  128  0.4022E-08
 8  16  16  128  0.4019E-08
 8  16  16  128  0.4020E-08
 8  16  16  128  0.4020E-08
 8  16  16  128  0.4020E-08
 8  16  16  128  0.4023E-08
 8  16  16  128  0.4021E-08
 8  16  16  128  0.4018E-08
 8  16  17  128  0.4898E-08
 8  16  17  128  0.4894E-08
 8  16  17  128  0.4893E-08
 8  16  17  128  0.4895E-08
 8  16  17  128  0.4893E-08
 8  16  17  128  0.4895E-08
 8  16  17  128  0.4893E-08
 8  16  17  128  0.4896E-08
 8  16  17  128  0.4895E-08
 8  16  17  128  0.4893E-08
 8  16  18  128  0.4825E-08
 8  16  18  128  0.4820E-08
 8  16  18  128  0.4821E-08
 8  16  18  128  0.4821E-08
 8  16  18  128  0.4822E-08
 8  16  18  128  0.4823E-08
 8  16  18  128  0.4821E-08
 8  16  18  128  0.4823E-08
 8  16  18  128  0.4822E-08
 8  16  18  128  0.4821E-08
 8  16  19  128  0.5209E-08
 8  16  19  128  0.5207E-08
 8  16  19  128  0.5207E-08
 8  16  19  128  0.5207E-08
 8  16  19  128  0.5207E-08
 8  16  19  128  0.5208E-08
 8  16  19  128  0.5207E-08
 8  16  19  128  0.5207E-08
 8  16  19  128  0.5206E-08
 8  16  19  128  0.5208E-08
 8  16  20  128  0.5103E-08
 8  16  20  128  0.5101E-08
 8  16  20  128  0.5100E-08
 8  16  20  128  0.5101E-08
 8  16  20  128  0.5100E-08
 8  16  20  128  0.5101E-08
 8  16  20  128  0.5101E-08
 8  16  20  128  0.5100E-08
 8  16  20  128  0.5102E-08
 8  16  20  128  0.5102E-08
