 8  1024  3  8192  0.6842E-09
 8  1024  3  8192  0.7037E-09
 8  1024  3  8192  0.6756E-09
 8  1024  3  8192  0.6774E-09
 8  1024  3  8192  0.6751E-09
 8  1024  3  8192  0.6941E-09
 8  1024  3  8192  0.6784E-09
 8  1024  3  8192  0.6872E-09
 8  1024  3  8192  0.6699E-09
 8  1024  3  8192  0.6964E-09
 8  1024  4  8192  0.3150E-09
 8  1024  4  8192  0.3019E-09
 8  1024  4  8192  0.3068E-09
 8  1024  4  8192  0.3095E-09
 8  1024  4  8192  0.3075E-09
 8  1024  4  8192  0.3041E-09
 8  1024  4  8192  0.3090E-09
 8  1024  4  8192  0.3127E-09
 8  1024  4  8192  0.3048E-09
 8  1024  4  8192  0.3024E-09
 8  1024  5  8192  0.1959E-09
 8  1024  5  8192  0.1945E-09
 8  1024  5  8192  0.1912E-09
 8  1024  5  8192  0.1895E-09
 8  1024  5  8192  0.1908E-09
 8  1024  5  8192  0.1920E-09
 8  1024  5  8192  0.1987E-09
 8  1024  5  8192  0.1951E-09
 8  1024  5  8192  0.1949E-09
 8  1024  5  8192  0.1914E-09
 8  1024  6  8192  0.1529E-09
 8  1024  6  8192  0.1513E-09
 8  1024  6  8192  0.1491E-09
 8  1024  6  8192  0.1495E-09
 8  1024  6  8192  0.1482E-09
 8  1024  6  8192  0.1476E-09
 8  1024  6  8192  0.1527E-09
 8  1024  6  8192  0.1522E-09
 8  1024  6  8192  0.1525E-09
 8  1024  6  8192  0.1504E-09
 8  1024  7  8192  0.1464E-09
 8  1024  7  8192  0.1424E-09
 8  1024  7  8192  0.1385E-09
 8  1024  7  8192  0.1382E-09
 8  1024  7  8192  0.1383E-09
 8  1024  7  8192  0.1424E-09
 8  1024  7  8192  0.1420E-09
 8  1024  7  8192  0.1428E-09
 8  1024  7  8192  0.1411E-09
 8  1024  7  8192  0.1430E-09
 8  1024  8  8192  0.1144E-09
 8  1024  8  8192  0.1115E-09
 8  1024  8  8192  0.1112E-09
 8  1024  8  8192  0.1109E-09
 8  1024  8  8192  0.1108E-09
 8  1024  8  8192  0.1116E-09
 8  1024  8  8192  0.1114E-09
 8  1024  8  8192  0.1137E-09
 8  1024  8  8192  0.1116E-09
 8  1024  8  8192  0.1107E-09
 8  1024  9  8192  0.1081E-09
 8  1024  9  8192  0.1059E-09
 8  1024  9  8192  0.1067E-09
 8  1024  9  8192  0.1069E-09
 8  1024  9  8192  0.1060E-09
 8  1024  9  8192  0.1058E-09
 8  1024  9  8192  0.1066E-09
 8  1024  9  8192  0.1068E-09
 8  1024  9  8192  0.1061E-09
 8  1024  9  8192  0.1061E-09
 8  1024  10  8192  0.9768E-10
 8  1024  10  8192  0.9645E-10
 8  1024  10  8192  0.9708E-10
 8  1024  10  8192  0.9648E-10
 8  1024  10  8192  0.9637E-10
 8  1024  10  8192  0.9663E-10
 8  1024  10  8192  0.9687E-10
 8  1024  10  8192  0.9718E-10
 8  1024  10  8192  0.9680E-10
 8  1024  10  8192  0.9744E-10
 8  1024  11  8192  0.9187E-10
 8  1024  11  8192  0.9313E-10
 8  1024  11  8192  0.9174E-10
 8  1024  11  8192  0.9121E-10
 8  1024  11  8192  0.9277E-10
 8  1024  11  8192  0.9172E-10
 8  1024  11  8192  0.9153E-10
 8  1024  11  8192  0.9123E-10
 8  1024  11  8192  0.9225E-10
 8  1024  11  8192  0.9200E-10
 8  1024  12  8192  0.7918E-10
 8  1024  12  8192  0.7985E-10
 8  1024  12  8192  0.8080E-10
 8  1024  12  8192  0.7896E-10
 8  1024  12  8192  0.7951E-10
 8  1024  12  8192  0.7938E-10
 8  1024  12  8192  0.7887E-10
 8  1024  12  8192  0.7953E-10
 8  1024  12  8192  0.7880E-10
 8  1024  12  8192  0.7889E-10
 8  1024  13  8192  0.7809E-10
 8  1024  13  8192  0.7926E-10
 8  1024  13  8192  0.7767E-10
 8  1024  13  8192  0.7763E-10
 8  1024  13  8192  0.7806E-10
 8  1024  13  8192  0.7877E-10
 8  1024  13  8192  0.7845E-10
 8  1024  13  8192  0.7807E-10
 8  1024  13  8192  0.7893E-10
 8  1024  13  8192  0.7823E-10
 8  1024  14  8192  0.7397E-10
 8  1024  14  8192  0.7381E-10
 8  1024  14  8192  0.7365E-10
 8  1024  14  8192  0.7441E-10
 8  1024  14  8192  0.7401E-10
 8  1024  14  8192  0.7426E-10
 8  1024  14  8192  0.7395E-10
 8  1024  14  8192  0.7423E-10
 8  1024  14  8192  0.7386E-10
 8  1024  14  8192  0.7440E-10
 8  1024  15  8192  0.8225E-10
 8  1024  15  8192  0.8181E-10
 8  1024  15  8192  0.8148E-10
 8  1024  15  8192  0.8193E-10
 8  1024  15  8192  0.8223E-10
 8  1024  15  8192  0.8169E-10
 8  1024  15  8192  0.8157E-10
 8  1024  15  8192  0.8156E-10
 8  1024  15  8192  0.8161E-10
 8  1024  15  8192  0.8173E-10
 8  1024  16  8192  0.8151E-10
 8  1024  16  8192  0.8154E-10
 8  1024  16  8192  0.8149E-10
 8  1024  16  8192  0.8123E-10
 8  1024  16  8192  0.8185E-10
 8  1024  16  8192  0.8128E-10
 8  1024  16  8192  0.8135E-10
 8  1024  16  8192  0.8148E-10
 8  1024  16  8192  0.8124E-10
 8  1024  16  8192  0.8139E-10
 8  1024  17  8192  0.8569E-10
 8  1024  17  8192  0.8542E-10
 8  1024  17  8192  0.8534E-10
 8  1024  17  8192  0.8600E-10
 8  1024  17  8192  0.8595E-10
 8  1024  17  8192  0.8541E-10
 8  1024  17  8192  0.8553E-10
 8  1024  17  8192  0.8649E-10
 8  1024  17  8192  0.8643E-10
 8  1024  17  8192  0.8585E-10
 8  1024  18  8192  0.9354E-10
 8  1024  18  8192  0.9324E-10
 8  1024  18  8192  0.9356E-10
 8  1024  18  8192  0.9387E-10
 8  1024  18  8192  0.9345E-10
 8  1024  18  8192  0.9376E-10
 8  1024  18  8192  0.9342E-10
 8  1024  18  8192  0.9364E-10
 8  1024  18  8192  0.9363E-10
 8  1024  18  8192  0.9334E-10
 8  1024  19  8192  0.8895E-10
 8  1024  19  8192  0.8879E-10
 8  1024  19  8192  0.8863E-10
 8  1024  19  8192  0.8880E-10
 8  1024  19  8192  0.8869E-10
 8  1024  19  8192  0.8876E-10
 8  1024  19  8192  0.8827E-10
 8  1024  19  8192  0.8921E-10
 8  1024  19  8192  0.8819E-10
 8  1024  19  8192  0.8885E-10
 8  1024  20  8192  0.8906E-10
 8  1024  20  8192  0.8861E-10
 8  1024  20  8192  0.8855E-10
 8  1024  20  8192  0.8921E-10
 8  1024  20  8192  0.8886E-10
 8  1024  20  8192  0.8935E-10
 8  1024  20  8192  0.8863E-10
 8  1024  20  8192  0.8865E-10
 8  1024  20  8192  0.8892E-10
 8  1024  20  8192  0.8929E-10
