 8  256  3  2048  0.4481E-08
 8  256  3  2048  0.2481E-08
 8  256  3  2048  0.2465E-08
 8  256  3  2048  0.2595E-08
 8  256  3  2048  0.2553E-08
 8  256  3  2048  0.2464E-08
 8  256  3  2048  0.2530E-08
 8  256  3  2048  0.2559E-08
 8  256  3  2048  0.2490E-08
 8  256  3  2048  0.2461E-08
 8  256  4  2048  0.1221E-08
 8  256  4  2048  0.1214E-08
 8  256  4  2048  0.1173E-08
 8  256  4  2048  0.1182E-08
 8  256  4  2048  0.1152E-08
 8  256  4  2048  0.1171E-08
 8  256  4  2048  0.1171E-08
 8  256  4  2048  0.1171E-08
 8  256  4  2048  0.1158E-08
 8  256  4  2048  0.1159E-08
 8  256  5  2048  0.8972E-09
 8  256  5  2048  0.8747E-09
 8  256  5  2048  0.8752E-09
 8  256  5  2048  0.8837E-09
 8  256  5  2048  0.8730E-09
 8  256  5  2048  0.8825E-09
 8  256  5  2048  0.8781E-09
 8  256  5  2048  0.8718E-09
 8  256  5  2048  0.8720E-09
 8  256  5  2048  0.8774E-09
 8  256  6  2048  0.6787E-09
 8  256  6  2048  0.6693E-09
 8  256  6  2048  0.6707E-09
 8  256  6  2048  0.6670E-09
 8  256  6  2048  0.6657E-09
 8  256  6  2048  0.6668E-09
 8  256  6  2048  0.6620E-09
 8  256  6  2048  0.6643E-09
 8  256  6  2048  0.6576E-09
 8  256  6  2048  0.6620E-09
 8  256  7  2048  0.5673E-09
 8  256  7  2048  0.5610E-09
 8  256  7  2048  0.5576E-09
 8  256  7  2048  0.5615E-09
 8  256  7  2048  0.5557E-09
 8  256  7  2048  0.5584E-09
 8  256  7  2048  0.5651E-09
 8  256  7  2048  0.5624E-09
 8  256  7  2048  0.5581E-09
 8  256  7  2048  0.5588E-09
 8  256  8  2048  0.4489E-09
 8  256  8  2048  0.4501E-09
 8  256  8  2048  0.4495E-09
 8  256  8  2048  0.4494E-09
 8  256  8  2048  0.4501E-09
 8  256  8  2048  0.4510E-09
 8  256  8  2048  0.4472E-09
 8  256  8  2048  0.4480E-09
 8  256  8  2048  0.4496E-09
 8  256  8  2048  0.4484E-09
 8  256  9  2048  0.4323E-09
 8  256  9  2048  0.4330E-09
 8  256  9  2048  0.4321E-09
 8  256  9  2048  0.4348E-09
 8  256  9  2048  0.4277E-09
 8  256  9  2048  0.4286E-09
 8  256  9  2048  0.4302E-09
 8  256  9  2048  0.4305E-09
 8  256  9  2048  0.4299E-09
 8  256  9  2048  0.4301E-09
 8  256  10  2048  0.3911E-09
 8  256  10  2048  0.3925E-09
 8  256  10  2048  0.3899E-09
 8  256  10  2048  0.3894E-09
 8  256  10  2048  0.3894E-09
 8  256  10  2048  0.3921E-09
 8  256  10  2048  0.3921E-09
 8  256  10  2048  0.3885E-09
 8  256  10  2048  0.3896E-09
 8  256  10  2048  0.3906E-09
 8  256  11  2048  0.3765E-09
 8  256  11  2048  0.3750E-09
 8  256  11  2048  0.3752E-09
 8  256  11  2048  0.3725E-09
 8  256  11  2048  0.3752E-09
 8  256  11  2048  0.3748E-09
 8  256  11  2048  0.3742E-09
 8  256  11  2048  0.3741E-09
 8  256  11  2048  0.3753E-09
 8  256  11  2048  0.3739E-09
 8  256  12  2048  0.3322E-09
 8  256  12  2048  0.3305E-09
 8  256  12  2048  0.3306E-09
 8  256  12  2048  0.3308E-09
 8  256  12  2048  0.3297E-09
 8  256  12  2048  0.3305E-09
 8  256  12  2048  0.3306E-09
 8  256  12  2048  0.3296E-09
 8  256  12  2048  0.3307E-09
 8  256  12  2048  0.3302E-09
 8  256  13  2048  0.3261E-09
 8  256  13  2048  0.3254E-09
 8  256  13  2048  0.3251E-09
 8  256  13  2048  0.3305E-09
 8  256  13  2048  0.3269E-09
 8  256  13  2048  0.3253E-09
 8  256  13  2048  0.3249E-09
 8  256  13  2048  0.3251E-09
 8  256  13  2048  0.3303E-09
 8  256  13  2048  0.3251E-09
 8  256  14  2048  0.3026E-09
 8  256  14  2048  0.3018E-09
 8  256  14  2048  0.3015E-09
 8  256  14  2048  0.3018E-09
 8  256  14  2048  0.3011E-09
 8  256  14  2048  0.3020E-09
 8  256  14  2048  0.3021E-09
 8  256  14  2048  0.3024E-09
 8  256  14  2048  0.3021E-09
 8  256  14  2048  0.3026E-09
 8  256  15  2048  0.3163E-09
 8  256  15  2048  0.3161E-09
 8  256  15  2048  0.3156E-09
 8  256  15  2048  0.3157E-09
 8  256  15  2048  0.3158E-09
 8  256  15  2048  0.3155E-09
 8  256  15  2048  0.3157E-09
 8  256  15  2048  0.3159E-09
 8  256  15  2048  0.3195E-09
 8  256  15  2048  0.3156E-09
 8  256  16  2048  0.3063E-09
 8  256  16  2048  0.3053E-09
 8  256  16  2048  0.3056E-09
 8  256  16  2048  0.3053E-09
 8  256  16  2048  0.3053E-09
 8  256  16  2048  0.3054E-09
 8  256  16  2048  0.3053E-09
 8  256  16  2048  0.3053E-09
 8  256  16  2048  0.3078E-09
 8  256  16  2048  0.3052E-09
 8  256  17  2048  0.3568E-09
 8  256  17  2048  0.3595E-09
 8  256  17  2048  0.3564E-09
 8  256  17  2048  0.3572E-09
 8  256  17  2048  0.3563E-09
 8  256  17  2048  0.3563E-09
 8  256  17  2048  0.3590E-09
 8  256  17  2048  0.3564E-09
 8  256  17  2048  0.3565E-09
 8  256  17  2048  0.3564E-09
 8  256  18  2048  0.3469E-09
 8  256  18  2048  0.3466E-09
 8  256  18  2048  0.3462E-09
 8  256  18  2048  0.3464E-09
 8  256  18  2048  0.3464E-09
 8  256  18  2048  0.3468E-09
 8  256  18  2048  0.3465E-09
 8  256  18  2048  0.3464E-09
 8  256  18  2048  0.3467E-09
 8  256  18  2048  0.3462E-09
 8  256  19  2048  0.3669E-09
 8  256  19  2048  0.3666E-09
 8  256  19  2048  0.3667E-09
 8  256  19  2048  0.3686E-09
 8  256  19  2048  0.3687E-09
 8  256  19  2048  0.3669E-09
 8  256  19  2048  0.3666E-09
 8  256  19  2048  0.3667E-09
 8  256  19  2048  0.3666E-09
 8  256  19  2048  0.3686E-09
 8  256  20  2048  0.3566E-09
 8  256  20  2048  0.3563E-09
 8  256  20  2048  0.3604E-09
 8  256  20  2048  0.3562E-09
 8  256  20  2048  0.3564E-09
 8  256  20  2048  0.3563E-09
 8  256  20  2048  0.3563E-09
 8  256  20  2048  0.3563E-09
 8  256  20  2048  0.3602E-09
 8  256  20  2048  0.3562E-09
