 8  8  3  64  0.2922E-07
 8  8  3  64  0.2886E-07
 8  8  3  64  0.2833E-07
 8  8  3  64  0.2831E-07
 8  8  3  64  0.2822E-07
 8  8  3  64  0.2833E-07
 8  8  3  64  0.2809E-07
 8  8  3  64  0.2812E-07
 8  8  3  64  0.2808E-07
 8  8  3  64  0.2816E-07
 8  8  4  64  0.1564E-07
 8  8  4  64  0.1529E-07
 8  8  4  64  0.1525E-07
 8  8  4  64  0.1531E-07
 8  8  4  64  0.1531E-07
 8  8  4  64  0.1532E-07
 8  8  4  64  0.1532E-07
 8  8  4  64  0.1533E-07
 8  8  4  64  0.1527E-07
 8  8  4  64  0.1526E-07
 8  8  5  64  0.1182E-07
 8  8  5  64  0.1146E-07
 8  8  5  64  0.1149E-07
 8  8  5  64  0.1142E-07
 8  8  5  64  0.1140E-07
 8  8  5  64  0.1140E-07
 8  8  5  64  0.1144E-07
 8  8  5  64  0.1139E-07
 8  8  5  64  0.1151E-07
 8  8  5  64  0.1138E-07
 8  8  6  64  0.9364E-08
 8  8  6  64  0.9160E-08
 8  8  6  64  0.9154E-08
 8  8  6  64  0.9157E-08
 8  8  6  64  0.9154E-08
 8  8  6  64  0.9111E-08
 8  8  6  64  0.9116E-08
 8  8  6  64  0.9100E-08
 8  8  6  64  0.9101E-08
 8  8  6  64  0.9125E-08
 8  8  7  64  0.1045E-07
 8  8  7  64  0.1033E-07
 8  8  7  64  0.1028E-07
 8  8  7  64  0.1032E-07
 8  8  7  64  0.1026E-07
 8  8  7  64  0.1028E-07
 8  8  7  64  0.1031E-07
 8  8  7  64  0.1029E-07
 8  8  7  64  0.1031E-07
 8  8  7  64  0.1026E-07
 8  8  8  64  0.9942E-08
 8  8  8  64  0.9846E-08
 8  8  8  64  0.9836E-08
 8  8  8  64  0.9814E-08
 8  8  8  64  0.9840E-08
 8  8  8  64  0.9821E-08
 8  8  8  64  0.9840E-08
 8  8  8  64  0.9823E-08
 8  8  8  64  0.9833E-08
 8  8  8  64  0.9818E-08
 8  8  9  64  0.1092E-07
 8  8  9  64  0.1082E-07
 8  8  9  64  0.1086E-07
 8  8  9  64  0.1089E-07
 8  8  9  64  0.1084E-07
 8  8  9  64  0.1086E-07
 8  8  9  64  0.1088E-07
 8  8  9  64  0.1086E-07
 8  8  9  64  0.1086E-07
 8  8  9  64  0.1085E-07
 8  8  10  64  0.1076E-07
 8  8  10  64  0.1071E-07
 8  8  10  64  0.1071E-07
 8  8  10  64  0.1072E-07
 8  8  10  64  0.1073E-07
 8  8  10  64  0.1072E-07
 8  8  10  64  0.1071E-07
 8  8  10  64  0.1073E-07
 8  8  10  64  0.1072E-07
 8  8  10  64  0.1073E-07
 8  8  11  64  0.1052E-07
 8  8  11  64  0.1049E-07
 8  8  11  64  0.1050E-07
 8  8  11  64  0.1055E-07
 8  8  11  64  0.1050E-07
 8  8  11  64  0.1050E-07
 8  8  11  64  0.1049E-07
 8  8  11  64  0.1050E-07
 8  8  11  64  0.1049E-07
 8  8  11  64  0.1050E-07
 8  8  12  64  0.9585E-08
 8  8  12  64  0.9549E-08
 8  8  12  64  0.9579E-08
 8  8  12  64  0.9562E-08
 8  8  12  64  0.9568E-08
 8  8  12  64  0.9555E-08
 8  8  12  64  0.9567E-08
 8  8  12  64  0.9547E-08
 8  8  12  64  0.9550E-08
 8  8  12  64  0.9569E-08
 8  8  13  64  0.9818E-08
 8  8  13  64  0.9793E-08
 8  8  13  64  0.9801E-08
 8  8  13  64  0.9792E-08
 8  8  13  64  0.9803E-08
 8  8  13  64  0.9795E-08
 8  8  13  64  0.9800E-08
 8  8  13  64  0.9800E-08
 8  8  13  64  0.9797E-08
 8  8  13  64  0.9795E-08
 8  8  14  64  0.9290E-08
 8  8  14  64  0.9259E-08
 8  8  14  64  0.9271E-08
 8  8  14  64  0.9257E-08
 8  8  14  64  0.9271E-08
 8  8  14  64  0.9257E-08
 8  8  14  64  0.9267E-08
 8  8  14  64  0.9267E-08
 8  8  14  64  0.9263E-08
 8  8  14  64  0.9270E-08
 8  8  15  64  0.9944E-08
 8  8  15  64  0.9934E-08
 8  8  15  64  0.9935E-08
 8  8  15  64  0.9931E-08
 8  8  15  64  0.9939E-08
 8  8  15  64  0.9929E-08
 8  8  15  64  0.9935E-08
 8  8  15  64  0.9937E-08
 8  8  15  64  0.9925E-08
 8  8  15  64  0.9941E-08
 8  8  16  64  0.9445E-08
 8  8  16  64  0.9415E-08
 8  8  16  64  0.9417E-08
 8  8  16  64  0.9410E-08
 8  8  16  64  0.9418E-08
 8  8  16  64  0.9407E-08
 8  8  16  64  0.9421E-08
 8  8  16  64  0.9406E-08
 8  8  16  64  0.9416E-08
 8  8  16  64  0.9417E-08
 8  8  17  64  0.1125E-07
 8  8  17  64  0.1126E-07
 8  8  17  64  0.1126E-07
 8  8  17  64  0.1125E-07
 8  8  17  64  0.1136E-07
 8  8  17  64  0.1125E-07
 8  8  17  64  0.1126E-07
 8  8  17  64  0.1125E-07
 8  8  17  64  0.1125E-07
 8  8  17  64  0.1126E-07
 8  8  18  64  0.1129E-07
 8  8  18  64  0.1128E-07
 8  8  18  64  0.1129E-07
 8  8  18  64  0.1128E-07
 8  8  18  64  0.1129E-07
 8  8  18  64  0.1128E-07
 8  8  18  64  0.1129E-07
 8  8  18  64  0.1129E-07
 8  8  18  64  0.1129E-07
 8  8  18  64  0.1129E-07
 8  8  19  64  0.1165E-07
 8  8  19  64  0.1165E-07
 8  8  19  64  0.1165E-07
 8  8  19  64  0.1165E-07
 8  8  19  64  0.1165E-07
 8  8  19  64  0.1165E-07
 8  8  19  64  0.1165E-07
 8  8  19  64  0.1165E-07
 8  8  19  64  0.1165E-07
 8  8  19  64  0.1165E-07
 8  8  20  64  0.1139E-07
 8  8  20  64  0.1138E-07
 8  8  20  64  0.1138E-07
 8  8  20  64  0.1138E-07
 8  8  20  64  0.1138E-07
 8  8  20  64  0.1138E-07
 8  8  20  64  0.1138E-07
 8  8  20  64  0.1138E-07
 8  8  20  64  0.1138E-07
 8  8  20  64  0.1138E-07
