 8  256  3  2048  0.2987E-08
 8  256  3  2048  0.2788E-08
 8  256  3  2048  0.2799E-08
 8  256  3  2048  0.2756E-08
 8  256  3  2048  0.2803E-08
 8  256  3  2048  0.2769E-08
 8  256  3  2048  0.4269E-08
 8  256  3  2048  0.5684E-08
 8  256  3  2048  0.5763E-08
 8  256  3  2048  0.5564E-08
 8  256  4  2048  0.1635E-08
 8  256  4  2048  0.1488E-08
 8  256  4  2048  0.1474E-08
 8  256  4  2048  0.1489E-08
 8  256  4  2048  0.1491E-08
 8  256  4  2048  0.1464E-08
 8  256  4  2048  0.1477E-08
 8  256  4  2048  0.1484E-08
 8  256  4  2048  0.1485E-08
 8  256  4  2048  0.1500E-08
 8  256  5  2048  0.1268E-08
 8  256  5  2048  0.1182E-08
 8  256  5  2048  0.1169E-08
 8  256  5  2048  0.1165E-08
 8  256  5  2048  0.1161E-08
 8  256  5  2048  0.1166E-08
 8  256  5  2048  0.1165E-08
 8  256  5  2048  0.1168E-08
 8  256  5  2048  0.1169E-08
 8  256  5  2048  0.1166E-08
 8  256  6  2048  0.7829E-09
 8  256  6  2048  0.7298E-09
 8  256  6  2048  0.7284E-09
 8  256  6  2048  0.7287E-09
 8  256  6  2048  0.7282E-09
 8  256  6  2048  0.7319E-09
 8  256  6  2048  0.7345E-09
 8  256  6  2048  0.7377E-09
 8  256  6  2048  0.7281E-09
 8  256  6  2048  0.7278E-09
 8  256  7  2048  0.6379E-09
 8  256  7  2048  0.6138E-09
 8  256  7  2048  0.6110E-09
 8  256  7  2048  0.6107E-09
 8  256  7  2048  0.6112E-09
 8  256  7  2048  0.6124E-09
 8  256  7  2048  0.6121E-09
 8  256  7  2048  0.6135E-09
 8  256  7  2048  0.6165E-09
 8  256  7  2048  0.6137E-09
 8  256  8  2048  0.5054E-09
 8  256  8  2048  0.4972E-09
 8  256  8  2048  0.4972E-09
 8  256  8  2048  0.4940E-09
 8  256  8  2048  0.5010E-09
 8  256  8  2048  0.4922E-09
 8  256  8  2048  0.4927E-09
 8  256  8  2048  0.4922E-09
 8  256  8  2048  0.4973E-09
 8  256  8  2048  0.4964E-09
 8  256  9  2048  0.4748E-09
 8  256  9  2048  0.4696E-09
 8  256  9  2048  0.4673E-09
 8  256  9  2048  0.4683E-09
 8  256  9  2048  0.4689E-09
 8  256  9  2048  0.4688E-09
 8  256  9  2048  0.4714E-09
 8  256  9  2048  0.4706E-09
 8  256  9  2048  0.4686E-09
 8  256  9  2048  0.4692E-09
 8  256  10  2048  0.4555E-09
 8  256  10  2048  0.4493E-09
 8  256  10  2048  0.4464E-09
 8  256  10  2048  0.4456E-09
 8  256  10  2048  0.4475E-09
 8  256  10  2048  0.4462E-09
 8  256  10  2048  0.4449E-09
 8  256  10  2048  0.4471E-09
 8  256  10  2048  0.4479E-09
 8  256  10  2048  0.4514E-09
 8  256  11  2048  0.4304E-09
 8  256  11  2048  0.4246E-09
 8  256  11  2048  0.4237E-09
 8  256  11  2048  0.4305E-09
 8  256  11  2048  0.4223E-09
 8  256  11  2048  0.4224E-09
 8  256  11  2048  0.4228E-09
 8  256  11  2048  0.4249E-09
 8  256  11  2048  0.4250E-09
 8  256  11  2048  0.4291E-09
 8  256  12  2048  0.3847E-09
 8  256  12  2048  0.3839E-09
 8  256  12  2048  0.3764E-09
 8  256  12  2048  0.3765E-09
 8  256  12  2048  0.3764E-09
 8  256  12  2048  0.3767E-09
 8  256  12  2048  0.3764E-09
 8  256  12  2048  0.3767E-09
 8  256  12  2048  0.3764E-09
 8  256  12  2048  0.3764E-09
 8  256  13  2048  0.3730E-09
 8  256  13  2048  0.3744E-09
 8  256  13  2048  0.3676E-09
 8  256  13  2048  0.3680E-09
 8  256  13  2048  0.3672E-09
 8  256  13  2048  0.3722E-09
 8  256  13  2048  0.3677E-09
 8  256  13  2048  0.3678E-09
 8  256  13  2048  0.3671E-09
 8  256  13  2048  0.3683E-09
 8  256  14  2048  0.3470E-09
 8  256  14  2048  0.3416E-09
 8  256  14  2048  0.3407E-09
 8  256  14  2048  0.3411E-09
 8  256  14  2048  0.3410E-09
 8  256  14  2048  0.3412E-09
 8  256  14  2048  0.3409E-09
 8  256  14  2048  0.3409E-09
 8  256  14  2048  0.3407E-09
 8  256  14  2048  0.3411E-09
 8  256  15  2048  0.3578E-09
 8  256  15  2048  0.3544E-09
 8  256  15  2048  0.3542E-09
 8  256  15  2048  0.3539E-09
 8  256  15  2048  0.3537E-09
 8  256  15  2048  0.3539E-09
 8  256  15  2048  0.3537E-09
 8  256  15  2048  0.3542E-09
 8  256  15  2048  0.3537E-09
 8  256  15  2048  0.3536E-09
 8  256  16  2048  0.3450E-09
 8  256  16  2048  0.3400E-09
 8  256  16  2048  0.3429E-09
 8  256  16  2048  0.3394E-09
 8  256  16  2048  0.3396E-09
 8  256  16  2048  0.3393E-09
 8  256  16  2048  0.3393E-09
 8  256  16  2048  0.3399E-09
 8  256  16  2048  0.3393E-09
 8  256  16  2048  0.3397E-09
 8  256  17  2048  0.3916E-09
 8  256  17  2048  0.3880E-09
 8  256  17  2048  0.3903E-09
 8  256  17  2048  0.3873E-09
 8  256  17  2048  0.3876E-09
 8  256  17  2048  0.3878E-09
 8  256  17  2048  0.3873E-09
 8  256  17  2048  0.3900E-09
 8  256  17  2048  0.3878E-09
 8  256  17  2048  0.3882E-09
 8  256  18  2048  0.3796E-09
 8  256  18  2048  0.3765E-09
 8  256  18  2048  0.3762E-09
 8  256  18  2048  0.3762E-09
 8  256  18  2048  0.3760E-09
 8  256  18  2048  0.3758E-09
 8  256  18  2048  0.3765E-09
 8  256  18  2048  0.3762E-09
 8  256  18  2048  0.3762E-09
 8  256  18  2048  0.3762E-09
 8  256  19  2048  0.4033E-09
 8  256  19  2048  0.3999E-09
 8  256  19  2048  0.3998E-09
 8  256  19  2048  0.4013E-09
 8  256  19  2048  0.3995E-09
 8  256  19  2048  0.4010E-09
 8  256  19  2048  0.3997E-09
 8  256  19  2048  0.3998E-09
 8  256  19  2048  0.3995E-09
 8  256  19  2048  0.4014E-09
 8  256  20  2048  0.3884E-09
 8  256  20  2048  0.3839E-09
 8  256  20  2048  0.3835E-09
 8  256  20  2048  0.3833E-09
 8  256  20  2048  0.3832E-09
 8  256  20  2048  0.3875E-09
 8  256  20  2048  0.3838E-09
 8  256  20  2048  0.3837E-09
 8  256  20  2048  0.3835E-09
 8  256  20  2048  0.3836E-09
