 8  16  3  128  0.1738E-07
 8  16  3  128  0.1700E-07
 8  16  3  128  0.1680E-07
 8  16  3  128  0.1676E-07
 8  16  3  128  0.1671E-07
 8  16  3  128  0.1669E-07
 8  16  3  128  0.1694E-07
 8  16  3  128  0.1673E-07
 8  16  3  128  0.1668E-07
 8  16  3  128  0.1666E-07
 8  16  4  128  0.9156E-08
 8  16  4  128  0.8926E-08
 8  16  4  128  0.8888E-08
 8  16  4  128  0.8835E-08
 8  16  4  128  0.8885E-08
 8  16  4  128  0.8837E-08
 8  16  4  128  0.8878E-08
 8  16  4  128  0.8816E-08
 8  16  4  128  0.8889E-08
 8  16  4  128  0.8939E-08
 8  16  5  128  0.6735E-08
 8  16  5  128  0.6600E-08
 8  16  5  128  0.6536E-08
 8  16  5  128  0.6526E-08
 8  16  5  128  0.6507E-08
 8  16  5  128  0.6521E-08
 8  16  5  128  0.6504E-08
 8  16  5  128  0.6528E-08
 8  16  5  128  0.6508E-08
 8  16  5  128  0.6483E-08
 8  16  6  128  0.5793E-08
 8  16  6  128  0.5654E-08
 8  16  6  128  0.5593E-08
 8  16  6  128  0.5569E-08
 8  16  6  128  0.5589E-08
 8  16  6  128  0.5559E-08
 8  16  6  128  0.5563E-08
 8  16  6  128  0.5580E-08
 8  16  6  128  0.5584E-08
 8  16  6  128  0.5572E-08
 8  16  7  128  0.6191E-08
 8  16  7  128  0.6057E-08
 8  16  7  128  0.6074E-08
 8  16  7  128  0.6058E-08
 8  16  7  128  0.6075E-08
 8  16  7  128  0.6078E-08
 8  16  7  128  0.6074E-08
 8  16  7  128  0.6059E-08
 8  16  7  128  0.6071E-08
 8  16  7  128  0.6080E-08
 8  16  8  128  0.5274E-08
 8  16  8  128  0.5222E-08
 8  16  8  128  0.5218E-08
 8  16  8  128  0.5208E-08
 8  16  8  128  0.5214E-08
 8  16  8  128  0.5212E-08
 8  16  8  128  0.5225E-08
 8  16  8  128  0.5205E-08
 8  16  8  128  0.5218E-08
 8  16  8  128  0.5241E-08
 8  16  9  128  0.5696E-08
 8  16  9  128  0.5633E-08
 8  16  9  128  0.5635E-08
 8  16  9  128  0.5629E-08
 8  16  9  128  0.5643E-08
 8  16  9  128  0.5638E-08
 8  16  9  128  0.5640E-08
 8  16  9  128  0.5627E-08
 8  16  9  128  0.5639E-08
 8  16  9  128  0.5625E-08
 8  16  10  128  0.5492E-08
 8  16  10  128  0.5476E-08
 8  16  10  128  0.5472E-08
 8  16  10  128  0.5471E-08
 8  16  10  128  0.5474E-08
 8  16  10  128  0.5469E-08
 8  16  10  128  0.5474E-08
 8  16  10  128  0.5481E-08
 8  16  10  128  0.5468E-08
 8  16  10  128  0.5459E-08
 8  16  11  128  0.5520E-08
 8  16  11  128  0.5500E-08
 8  16  11  128  0.5500E-08
 8  16  11  128  0.5503E-08
 8  16  11  128  0.5509E-08
 8  16  11  128  0.5518E-08
 8  16  11  128  0.5502E-08
 8  16  11  128  0.5503E-08
 8  16  11  128  0.5506E-08
 8  16  11  128  0.5505E-08
 8  16  12  128  0.5010E-08
 8  16  12  128  0.4976E-08
 8  16  12  128  0.4990E-08
 8  16  12  128  0.4978E-08
 8  16  12  128  0.4980E-08
 8  16  12  128  0.4984E-08
 8  16  12  128  0.4973E-08
 8  16  12  128  0.4984E-08
 8  16  12  128  0.4972E-08
 8  16  12  128  0.4980E-08
 8  16  13  128  0.5114E-08
 8  16  13  128  0.5082E-08
 8  16  13  128  0.5096E-08
 8  16  13  128  0.5092E-08
 8  16  13  128  0.5085E-08
 8  16  13  128  0.5095E-08
 8  16  13  128  0.5084E-08
 8  16  13  128  0.5091E-08
 8  16  13  128  0.5085E-08
 8  16  13  128  0.5091E-08
 8  16  14  128  0.4815E-08
 8  16  14  128  0.4803E-08
 8  16  14  128  0.4801E-08
 8  16  14  128  0.4804E-08
 8  16  14  128  0.4793E-08
 8  16  14  128  0.4807E-08
 8  16  14  128  0.4797E-08
 8  16  14  128  0.4801E-08
 8  16  14  128  0.4802E-08
 8  16  14  128  0.4802E-08
 8  16  15  128  0.5115E-08
 8  16  15  128  0.5112E-08
 8  16  15  128  0.5104E-08
 8  16  15  128  0.5110E-08
 8  16  15  128  0.5104E-08
 8  16  15  128  0.5112E-08
 8  16  15  128  0.5108E-08
 8  16  15  128  0.5112E-08
 8  16  15  128  0.5111E-08
 8  16  15  128  0.5100E-08
 8  16  16  128  0.4852E-08
 8  16  16  128  0.4856E-08
 8  16  16  128  0.4845E-08
 8  16  16  128  0.4856E-08
 8  16  16  128  0.4849E-08
 8  16  16  128  0.4851E-08
 8  16  16  128  0.4850E-08
 8  16  16  128  0.4848E-08
 8  16  16  128  0.4855E-08
 8  16  16  128  0.4847E-08
 8  16  17  128  0.5762E-08
 8  16  17  128  0.5761E-08
 8  16  17  128  0.5761E-08
 8  16  17  128  0.5762E-08
 8  16  17  128  0.5757E-08
 8  16  17  128  0.5761E-08
 8  16  17  128  0.5765E-08
 8  16  17  128  0.5757E-08
 8  16  17  128  0.5760E-08
 8  16  17  128  0.5756E-08
 8  16  18  128  0.5785E-08
 8  16  18  128  0.5781E-08
 8  16  18  128  0.5776E-08
 8  16  18  128  0.5780E-08
 8  16  18  128  0.5778E-08
 8  16  18  128  0.5778E-08
 8  16  18  128  0.5779E-08
 8  16  18  128  0.5777E-08
 8  16  18  128  0.5783E-08
 8  16  18  128  0.5776E-08
 8  16  19  128  0.5967E-08
 8  16  19  128  0.5967E-08
 8  16  19  128  0.5961E-08
 8  16  19  128  0.5965E-08
 8  16  19  128  0.5963E-08
 8  16  19  128  0.5963E-08
 8  16  19  128  0.5968E-08
 8  16  19  128  0.5963E-08
 8  16  19  128  0.5966E-08
 8  16  19  128  0.5962E-08
 8  16  20  128  0.5790E-08
 8  16  20  128  0.5790E-08
 8  16  20  128  0.5785E-08
 8  16  20  128  0.5788E-08
 8  16  20  128  0.5786E-08
 8  16  20  128  0.5787E-08
 8  16  20  128  0.5789E-08
 8  16  20  128  0.5788E-08
 8  16  20  128  0.5787E-08
 8  16  20  128  0.5787E-08
