 8  4  3  32  0.3444E-07
 8  4  3  32  0.9069E-07
 8  4  3  32  0.1084E-06
 8  4  3  32  0.9796E-07
 8  4  3  32  0.9953E-07
 8  4  3  32  0.8876E-07
 8  4  3  32  0.1255E-06
 8  4  3  32  0.9069E-07
 8  4  3  32  0.9033E-07
 8  4  3  32  0.8251E-07
 8  4  4  32  0.2238E-07
 8  4  4  32  0.2105E-07
 8  4  4  32  0.6057E-07
 8  4  4  32  0.6511E-07
 8  4  4  32  0.6364E-07
 8  4  4  32  0.6414E-07
 8  4  4  32  0.6314E-07
 8  4  4  32  0.6298E-07
 8  4  4  32  0.6201E-07
 8  4  4  32  0.5926E-07
 8  4  5  32  0.2045E-07
 8  4  5  32  0.1853E-07
 8  4  5  32  0.1845E-07
 8  4  5  32  0.1991E-07
 8  4  5  32  0.4925E-07
 8  4  5  32  0.4709E-07
 8  4  5  32  0.4701E-07
 8  4  5  32  0.4659E-07
 8  4  5  32  0.4643E-07
 8  4  5  32  0.4735E-07
 8  4  6  32  0.1809E-07
 8  4  6  32  0.1711E-07
 8  4  6  32  0.2118E-07
 8  4  6  32  0.1782E-07
 8  4  6  32  0.1693E-07
 8  4  6  32  0.2716E-07
 8  4  6  32  0.2657E-07
 8  4  6  32  0.2653E-07
 8  4  6  32  0.2692E-07
 8  4  6  32  0.2681E-07
 8  4  7  32  0.1611E-07
 8  4  7  32  0.1582E-07
 8  4  7  32  0.1595E-07
 8  4  7  32  0.1586E-07
 8  4  7  32  0.1584E-07
 8  4  7  32  0.1581E-07
 8  4  7  32  0.1586E-07
 8  4  7  32  0.1581E-07
 8  4  7  32  0.1581E-07
 8  4  7  32  0.1590E-07
 8  4  8  32  0.1387E-07
 8  4  8  32  0.1365E-07
 8  4  8  32  0.1364E-07
 8  4  8  32  0.1368E-07
 8  4  8  32  0.1370E-07
 8  4  8  32  0.1367E-07
 8  4  8  32  0.1367E-07
 8  4  8  32  0.1372E-07
 8  4  8  32  0.1366E-07
 8  4  8  32  0.1366E-07
 8  4  9  32  0.1592E-07
 8  4  9  32  0.1582E-07
 8  4  9  32  0.1577E-07
 8  4  9  32  0.1579E-07
 8  4  9  32  0.1579E-07
 8  4  9  32  0.1582E-07
 8  4  9  32  0.1579E-07
 8  4  9  32  0.1577E-07
 8  4  9  32  0.1582E-07
 8  4  9  32  0.1580E-07
 8  4  10  32  0.1700E-07
 8  4  10  32  0.1673E-07
 8  4  10  32  0.1667E-07
 8  4  10  32  0.1667E-07
 8  4  10  32  0.1667E-07
 8  4  10  32  0.1667E-07
 8  4  10  32  0.1670E-07
 8  4  10  32  0.1666E-07
 8  4  10  32  0.1668E-07
 8  4  10  32  0.1666E-07
 8  4  11  32  0.1753E-07
 8  4  11  32  0.1734E-07
 8  4  11  32  0.1731E-07
 8  4  11  32  0.1731E-07
 8  4  11  32  0.1732E-07
 8  4  11  32  0.1731E-07
 8  4  11  32  0.1732E-07
 8  4  11  32  0.1730E-07
 8  4  11  32  0.1732E-07
 8  4  11  32  0.1730E-07
 8  4  12  32  0.1616E-07
 8  4  12  32  0.1595E-07
 8  4  12  32  0.1594E-07
 8  4  12  32  0.1594E-07
 8  4  12  32  0.1596E-07
 8  4  12  32  0.1595E-07
 8  4  12  32  0.1596E-07
 8  4  12  32  0.1596E-07
 8  4  12  32  0.1594E-07
 8  4  12  32  0.1594E-07
 8  4  13  32  0.1682E-07
 8  4  13  32  0.1666E-07
 8  4  13  32  0.1666E-07
 8  4  13  32  0.1666E-07
 8  4  13  32  0.1667E-07
 8  4  13  32  0.1667E-07
 8  4  13  32  0.1668E-07
 8  4  13  32  0.1667E-07
 8  4  13  32  0.1665E-07
 8  4  13  32  0.1666E-07
 8  4  14  32  0.1600E-07
 8  4  14  32  0.1588E-07
 8  4  14  32  0.1587E-07
 8  4  14  32  0.1587E-07
 8  4  14  32  0.1589E-07
 8  4  14  32  0.1589E-07
 8  4  14  32  0.1589E-07
 8  4  14  32  0.1587E-07
 8  4  14  32  0.1588E-07
 8  4  14  32  0.1587E-07
 8  4  15  32  0.1762E-07
 8  4  15  32  0.1751E-07
 8  4  15  32  0.1753E-07
 8  4  15  32  0.1754E-07
 8  4  15  32  0.1753E-07
 8  4  15  32  0.1753E-07
 8  4  15  32  0.1752E-07
 8  4  15  32  0.1752E-07
 8  4  15  32  0.1751E-07
 8  4  15  32  0.1753E-07
 8  4  16  32  0.1726E-07
 8  4  16  32  0.1717E-07
 8  4  16  32  0.1717E-07
 8  4  16  32  0.1717E-07
 8  4  16  32  0.1743E-07
 8  4  16  32  0.1717E-07
 8  4  16  32  0.1718E-07
 8  4  16  32  0.1718E-07
 8  4  16  32  0.1718E-07
 8  4  16  32  0.1717E-07
 8  4  17  32  0.2063E-07
 8  4  17  32  0.2058E-07
 8  4  17  32  0.2057E-07
 8  4  17  32  0.2057E-07
 8  4  17  32  0.2057E-07
 8  4  17  32  0.2057E-07
 8  4  17  32  0.2057E-07
 8  4  17  32  0.2057E-07
 8  4  17  32  0.2057E-07
 8  4  17  32  0.2057E-07
 8  4  18  32  0.2027E-07
 8  4  18  32  0.2021E-07
 8  4  18  32  0.2022E-07
 8  4  18  32  0.2022E-07
 8  4  18  32  0.2022E-07
 8  4  18  32  0.2022E-07
 8  4  18  32  0.2021E-07
 8  4  18  32  0.2021E-07
 8  4  18  32  0.2021E-07
 8  4  18  32  0.2022E-07
 8  4  19  32  0.2182E-07
 8  4  19  32  0.2178E-07
 8  4  19  32  0.2176E-07
 8  4  19  32  0.2177E-07
 8  4  19  32  0.2178E-07
 8  4  19  32  0.2177E-07
 8  4  19  32  0.2177E-07
 8  4  19  32  0.2177E-07
 8  4  19  32  0.2177E-07
 8  4  19  32  0.2177E-07
 8  4  20  32  0.2130E-07
 8  4  20  32  0.2126E-07
 8  4  20  32  0.2125E-07
 8  4  20  32  0.2126E-07
 8  4  20  32  0.2126E-07
 8  4  20  32  0.2125E-07
 8  4  20  32  0.2126E-07
 8  4  20  32  0.2125E-07
 8  4  20  32  0.2125E-07
 8  4  20  32  0.2125E-07
