 8  4096  3  32768  0.2635E-09
 8  4096  3  32768  0.2647E-09
 8  4096  3  32768  0.2671E-09
 8  4096  3  32768  0.2735E-09
 8  4096  3  32768  0.2609E-09
 8  4096  3  32768  0.2605E-09
 8  4096  3  32768  0.2517E-09
 8  4096  3  32768  0.2485E-09
 8  4096  3  32768  0.2384E-09
 8  4096  3  32768  0.2441E-09
 8  4096  4  32768  0.1132E-09
 8  4096  4  32768  0.1125E-09
 8  4096  4  32768  0.1134E-09
 8  4096  4  32768  0.1109E-09
 8  4096  4  32768  0.1115E-09
 8  4096  4  32768  0.1085E-09
 8  4096  4  32768  0.1137E-09
 8  4096  4  32768  0.1102E-09
 8  4096  4  32768  0.1099E-09
 8  4096  4  32768  0.1103E-09
 8  4096  5  32768  0.6797E-10
 8  4096  5  32768  0.6638E-10
 8  4096  5  32768  0.6764E-10
 8  4096  5  32768  0.6667E-10
 8  4096  5  32768  0.6790E-10
 8  4096  5  32768  0.7094E-10
 8  4096  5  32768  0.6865E-10
 8  4096  5  32768  0.6800E-10
 8  4096  5  32768  0.6990E-10
 8  4096  5  32768  0.6920E-10
 8  4096  6  32768  0.5107E-10
 8  4096  6  32768  0.5004E-10
 8  4096  6  32768  0.4997E-10
 8  4096  6  32768  0.5130E-10
 8  4096  6  32768  0.5360E-10
 8  4096  6  32768  0.5293E-10
 8  4096  6  32768  0.5165E-10
 8  4096  6  32768  0.5159E-10
 8  4096  6  32768  0.5022E-10
 8  4096  6  32768  0.4978E-10
 8  4096  7  32768  0.4726E-10
 8  4096  7  32768  0.4660E-10
 8  4096  7  32768  0.4497E-10
 8  4096  7  32768  0.4469E-10
 8  4096  7  32768  0.4394E-10
 8  4096  7  32768  0.4419E-10
 8  4096  7  32768  0.4529E-10
 8  4096  7  32768  0.4641E-10
 8  4096  7  32768  0.4573E-10
 8  4096  7  32768  0.4490E-10
 8  4096  8  32768  0.3472E-10
 8  4096  8  32768  0.3443E-10
 8  4096  8  32768  0.3507E-10
 8  4096  8  32768  0.3560E-10
 8  4096  8  32768  0.3485E-10
 8  4096  8  32768  0.3459E-10
 8  4096  8  32768  0.3396E-10
 8  4096  8  32768  0.3487E-10
 8  4096  8  32768  0.3553E-10
 8  4096  8  32768  0.3520E-10
 8  4096  9  32768  0.3195E-10
 8  4096  9  32768  0.3267E-10
 8  4096  9  32768  0.3194E-10
 8  4096  9  32768  0.3158E-10
 8  4096  9  32768  0.3101E-10
 8  4096  9  32768  0.3140E-10
 8  4096  9  32768  0.3195E-10
 8  4096  9  32768  0.3147E-10
 8  4096  9  32768  0.3128E-10
 8  4096  9  32768  0.3088E-10
 8  4096  10  32768  0.2783E-10
 8  4096  10  32768  0.2801E-10
 8  4096  10  32768  0.2787E-10
 8  4096  10  32768  0.2737E-10
 8  4096  10  32768  0.2765E-10
 8  4096  10  32768  0.2786E-10
 8  4096  10  32768  0.2765E-10
 8  4096  10  32768  0.2741E-10
 8  4096  10  32768  0.2828E-10
 8  4096  10  32768  0.2795E-10
 8  4096  12  32768  0.2216E-10
 8  4096  12  32768  0.2208E-10
 8  4096  12  32768  0.2186E-10
 8  4096  12  32768  0.2197E-10
 8  4096  12  32768  0.2199E-10
 8  4096  12  32768  0.2200E-10
 8  4096  12  32768  0.2228E-10
 8  4096  12  32768  0.2177E-10
 8  4096  12  32768  0.2218E-10
 8  4096  12  32768  0.2213E-10
 8  4096  13  32768  0.2216E-10
 8  4096  13  32768  0.2220E-10
 8  4096  13  32768  0.2209E-10
 8  4096  13  32768  0.2245E-10
 8  4096  13  32768  0.2214E-10
 8  4096  13  32768  0.2219E-10
 8  4096  13  32768  0.2218E-10
 8  4096  13  32768  0.2223E-10
 8  4096  13  32768  0.2225E-10
 8  4096  13  32768  0.2224E-10
 8  4096  14  32768  0.2011E-10
 8  4096  14  32768  0.2033E-10
 8  4096  14  32768  0.2005E-10
 8  4096  14  32768  0.2035E-10
 8  4096  14  32768  0.2013E-10
 8  4096  14  32768  0.2030E-10
 8  4096  14  32768  0.2015E-10
 8  4096  14  32768  0.2038E-10
 8  4096  14  32768  0.2042E-10
 8  4096  14  32768  0.2016E-10
 8  4096  15  32768  0.2154E-10
 8  4096  15  32768  0.2155E-10
 8  4096  15  32768  0.2156E-10
 8  4096  15  32768  0.2166E-10
 8  4096  15  32768  0.2146E-10
 8  4096  15  32768  0.2150E-10
 8  4096  15  32768  0.2164E-10
 8  4096  15  32768  0.2150E-10
 8  4096  15  32768  0.2151E-10
 8  4096  15  32768  0.2149E-10
 8  4096  16  32768  0.2017E-10
 8  4096  16  32768  0.2014E-10
 8  4096  16  32768  0.2010E-10
 8  4096  16  32768  0.2020E-10
 8  4096  16  32768  0.2014E-10
 8  4096  16  32768  0.2012E-10
 8  4096  16  32768  0.2013E-10
 8  4096  16  32768  0.2002E-10
 8  4096  16  32768  0.2019E-10
 8  4096  16  32768  0.2017E-10
 8  4096  17  32768  0.2306E-10
 8  4096  17  32768  0.2296E-10
 8  4096  17  32768  0.2302E-10
 8  4096  17  32768  0.2306E-10
 8  4096  17  32768  0.2303E-10
 8  4096  17  32768  0.2303E-10
 8  4096  17  32768  0.2303E-10
 8  4096  17  32768  0.2298E-10
 8  4096  17  32768  0.2303E-10
 8  4096  17  32768  0.2304E-10
 8  4096  18  32768  0.2458E-10
 8  4096  18  32768  0.2465E-10
 8  4096  18  32768  0.2452E-10
 8  4096  18  32768  0.2461E-10
 8  4096  18  32768  0.2476E-10
 8  4096  18  32768  0.2450E-10
 8  4096  18  32768  0.2462E-10
 8  4096  18  32768  0.2455E-10
 8  4096  18  32768  0.2456E-10
 8  4096  18  32768  0.2469E-10
 8  4096  19  32768  0.2354E-10
 8  4096  19  32768  0.2345E-10
 8  4096  19  32768  0.2351E-10
 8  4096  19  32768  0.2340E-10
 8  4096  19  32768  0.2350E-10
 8  4096  19  32768  0.2350E-10
 8  4096  19  32768  0.2346E-10
 8  4096  19  32768  0.2354E-10
 8  4096  19  32768  0.2342E-10
 8  4096  19  32768  0.2350E-10
 8  4096  20  32768  0.2318E-10
 8  4096  20  32768  0.2318E-10
 8  4096  20  32768  0.2307E-10
 8  4096  20  32768  0.2314E-10
 8  4096  20  32768  0.2314E-10
 8  4096  20  32768  0.2307E-10
 8  4096  20  32768  0.2318E-10
 8  4096  20  32768  0.2317E-10
 8  4096  20  32768  0.2311E-10
 8  4096  20  32768  0.2317E-10
