 8  512  3  4096  0.5320E-08
 8  512  3  4096  0.2348E-08
 8  512  3  4096  0.2287E-08
 8  512  3  4096  0.2830E-08
 8  512  3  4096  0.2680E-08
 8  512  3  4096  0.2345E-08
 8  512  3  4096  0.2221E-08
 8  512  3  4096  0.2704E-08
 8  512  3  4096  0.1712E-08
 8  512  3  4096  0.2233E-08
 8  512  4  4096  0.4933E-09
 8  512  4  4096  0.4758E-09
 8  512  4  4096  0.4852E-09
 8  512  4  4096  0.4867E-09
 8  512  4  4096  0.4890E-09
 8  512  4  4096  0.4940E-09
 8  512  4  4096  0.4878E-09
 8  512  4  4096  0.4768E-09
 8  512  4  4096  0.4852E-09
 8  512  4  4096  0.4822E-09
 8  512  5  4096  0.3235E-09
 8  512  5  4096  0.3134E-09
 8  512  5  4096  0.3092E-09
 8  512  5  4096  0.3128E-09
 8  512  5  4096  0.3102E-09
 8  512  5  4096  0.3146E-09
 8  512  5  4096  0.3087E-09
 8  512  5  4096  0.3181E-09
 8  512  5  4096  0.3130E-09
 8  512  5  4096  0.3201E-09
 8  512  6  4096  0.2623E-09
 8  512  6  4096  0.2560E-09
 8  512  6  4096  0.2536E-09
 8  512  6  4096  0.2493E-09
 8  512  6  4096  0.2503E-09
 8  512  6  4096  0.2521E-09
 8  512  6  4096  0.2507E-09
 8  512  6  4096  0.2518E-09
 8  512  6  4096  0.2547E-09
 8  512  6  4096  0.2552E-09
 8  512  7  4096  0.2458E-09
 8  512  7  4096  0.2407E-09
 8  512  7  4096  0.2396E-09
 8  512  7  4096  0.2468E-09
 8  512  7  4096  0.2412E-09
 8  512  7  4096  0.2438E-09
 8  512  7  4096  0.2418E-09
 8  512  7  4096  0.2452E-09
 8  512  7  4096  0.2437E-09
 8  512  7  4096  0.2426E-09
 8  512  8  4096  0.1999E-09
 8  512  8  4096  0.1975E-09
 8  512  8  4096  0.1960E-09
 8  512  8  4096  0.1987E-09
 8  512  8  4096  0.2003E-09
 8  512  8  4096  0.1989E-09
 8  512  8  4096  0.1985E-09
 8  512  8  4096  0.1989E-09
 8  512  8  4096  0.1995E-09
 8  512  8  4096  0.1978E-09
 8  512  9  4096  0.2030E-09
 8  512  9  4096  0.1940E-09
 8  512  9  4096  0.1936E-09
 8  512  9  4096  0.1949E-09
 8  512  9  4096  0.1937E-09
 8  512  9  4096  0.1933E-09
 8  512  9  4096  0.1935E-09
 8  512  9  4096  0.1923E-09
 8  512  9  4096  0.1944E-09
 8  512  9  4096  0.1948E-09
 8  512  10  4096  0.1820E-09
 8  512  10  4096  0.1802E-09
 8  512  10  4096  0.1803E-09
 8  512  10  4096  0.1790E-09
 8  512  10  4096  0.1801E-09
 8  512  10  4096  0.1794E-09
 8  512  10  4096  0.1806E-09
 8  512  10  4096  0.1799E-09
 8  512  10  4096  0.1826E-09
 8  512  10  4096  0.1793E-09
 8  512  11  4096  0.1730E-09
 8  512  11  4096  0.1717E-09
 8  512  11  4096  0.1722E-09
 8  512  11  4096  0.1719E-09
 8  512  11  4096  0.1714E-09
 8  512  11  4096  0.1734E-09
 8  512  11  4096  0.1724E-09
 8  512  11  4096  0.1714E-09
 8  512  11  4096  0.1718E-09
 8  512  11  4096  0.1732E-09
 8  512  12  4096  0.1513E-09
 8  512  12  4096  0.1509E-09
 8  512  12  4096  0.1512E-09
 8  512  12  4096  0.1535E-09
 8  512  12  4096  0.1513E-09
 8  512  12  4096  0.1515E-09
 8  512  12  4096  0.1506E-09
 8  512  12  4096  0.1503E-09
 8  512  12  4096  0.1516E-09
 8  512  12  4096  0.1510E-09
 8  512  13  4096  0.1494E-09
 8  512  13  4096  0.1517E-09
 8  512  13  4096  0.1488E-09
 8  512  13  4096  0.1495E-09
 8  512  13  4096  0.1495E-09
 8  512  13  4096  0.1495E-09
 8  512  13  4096  0.1510E-09
 8  512  13  4096  0.1495E-09
 8  512  13  4096  0.1495E-09
 8  512  13  4096  0.1496E-09
 8  512  15  4096  0.1516E-09
 8  512  15  4096  0.1524E-09
 8  512  15  4096  0.1507E-09
 8  512  15  4096  0.1510E-09
 8  512  15  4096  0.1514E-09
 8  512  15  4096  0.1508E-09
 8  512  15  4096  0.1526E-09
 8  512  15  4096  0.1513E-09
 8  512  15  4096  0.1513E-09
 8  512  15  4096  0.1515E-09
 8  512  16  4096  0.1588E-09
 8  512  16  4096  0.1588E-09
 8  512  16  4096  0.1586E-09
 8  512  16  4096  0.1586E-09
 8  512  16  4096  0.1587E-09
 8  512  16  4096  0.1591E-09
 8  512  16  4096  0.1602E-09
 8  512  16  4096  0.1597E-09
 8  512  16  4096  0.1598E-09
 8  512  16  4096  0.1594E-09
 8  512  17  4096  0.1695E-09
 8  512  17  4096  0.1678E-09
 8  512  17  4096  0.1676E-09
 8  512  17  4096  0.1691E-09
 8  512  17  4096  0.1679E-09
 8  512  17  4096  0.1690E-09
 8  512  17  4096  0.1677E-09
 8  512  17  4096  0.1679E-09
 8  512  17  4096  0.1676E-09
 8  512  17  4096  0.1677E-09
 8  512  18  4096  0.1750E-09
 8  512  18  4096  0.1778E-09
 8  512  18  4096  0.1790E-09
 8  512  18  4096  0.1800E-09
 8  512  18  4096  0.1807E-09
 8  512  18  4096  0.1804E-09
 8  512  18  4096  0.1802E-09
 8  512  18  4096  0.1804E-09
 8  512  18  4096  0.1797E-09
 8  512  18  4096  0.1800E-09
 8  512  19  4096  0.1750E-09
 8  512  19  4096  0.1747E-09
 8  512  19  4096  0.1747E-09
 8  512  19  4096  0.1747E-09
 8  512  19  4096  0.1747E-09
 8  512  19  4096  0.1758E-09
 8  512  19  4096  0.1748E-09
 8  512  19  4096  0.1747E-09
 8  512  19  4096  0.1747E-09
 8  512  19  4096  0.1747E-09
 8  512  20  4096  0.1747E-09
 8  512  20  4096  0.1753E-09
 8  512  20  4096  0.1756E-09
 8  512  20  4096  0.1754E-09
 8  512  20  4096  0.1750E-09
 8  512  20  4096  0.1751E-09
 8  512  20  4096  0.1750E-09
 8  512  20  4096  0.1757E-09
 8  512  20  4096  0.1761E-09
 8  512  20  4096  0.1760E-09
