 8  4  3  32  0.9759E-07
 8  4  3  32  0.7910E-07
 8  4  3  32  0.7837E-07
 8  4  3  32  0.7064E-07
 8  4  3  32  0.6825E-07
 8  4  3  32  0.7294E-07
 8  4  3  32  0.6862E-07
 8  4  3  32  0.6899E-07
 8  4  3  32  0.6908E-07
 8  4  3  32  0.7635E-07
 8  4  4  32  0.6477E-07
 8  4  4  32  0.5258E-07
 8  4  4  32  0.5014E-07
 8  4  4  32  0.6236E-07
 8  4  4  32  0.5049E-07
 8  4  4  32  0.4901E-07
 8  4  4  32  0.4816E-07
 8  4  4  32  0.4901E-07
 8  4  4  32  0.4816E-07
 8  4  4  32  0.5580E-07
 8  4  5  32  0.4858E-07
 8  4  5  32  0.4093E-07
 8  4  5  32  0.4075E-07
 8  4  5  32  0.3741E-07
 8  4  5  32  0.3676E-07
 8  4  5  32  0.3699E-07
 8  4  5  32  0.3841E-07
 8  4  5  32  0.3707E-07
 8  4  5  32  0.3650E-07
 8  4  5  32  0.3608E-07
 8  4  6  32  0.2899E-07
 8  4  6  32  0.2251E-07
 8  4  6  32  0.2219E-07
 8  4  6  32  0.2378E-07
 8  4  6  32  0.2059E-07
 8  4  6  32  0.2059E-07
 8  4  6  32  0.2262E-07
 8  4  6  32  0.2251E-07
 8  4  6  32  0.2223E-07
 8  4  6  32  0.2484E-07
 8  4  7  32  0.1243E-07
 8  4  7  32  0.1231E-07
 8  4  7  32  0.1232E-07
 8  4  7  32  0.1237E-07
 8  4  7  32  0.1229E-07
 8  4  7  32  0.1234E-07
 8  4  7  32  0.1238E-07
 8  4  7  32  0.1233E-07
 8  4  7  32  0.1231E-07
 8  4  7  32  0.1231E-07
 8  4  8  32  0.1095E-07
 8  4  8  32  0.1093E-07
 8  4  8  32  0.1089E-07
 8  4  8  32  0.1092E-07
 8  4  8  32  0.1091E-07
 8  4  8  32  0.1092E-07
 8  4  8  32  0.1091E-07
 8  4  8  32  0.1091E-07
 8  4  8  32  0.1092E-07
 8  4  8  32  0.1091E-07
 8  4  9  32  0.1373E-07
 8  4  9  32  0.1369E-07
 8  4  9  32  0.1368E-07
 8  4  9  32  0.1369E-07
 8  4  9  32  0.1372E-07
 8  4  9  32  0.1368E-07
 8  4  9  32  0.1369E-07
 8  4  9  32  0.1370E-07
 8  4  9  32  0.1369E-07
 8  4  9  32  0.1370E-07
 8  4  10  32  0.1468E-07
 8  4  10  32  0.1461E-07
 8  4  10  32  0.1461E-07
 8  4  10  32  0.1463E-07
 8  4  10  32  0.1462E-07
 8  4  10  32  0.1462E-07
 8  4  10  32  0.1462E-07
 8  4  10  32  0.1466E-07
 8  4  10  32  0.1461E-07
 8  4  10  32  0.1460E-07
 8  4  11  32  0.1547E-07
 8  4  11  32  0.1544E-07
 8  4  11  32  0.1545E-07
 8  4  11  32  0.1546E-07
 8  4  11  32  0.1546E-07
 8  4  11  32  0.1544E-07
 8  4  11  32  0.1544E-07
 8  4  11  32  0.1544E-07
 8  4  11  32  0.1544E-07
 8  4  11  32  0.1545E-07
 8  4  12  32  0.1425E-07
 8  4  12  32  0.1426E-07
 8  4  12  32  0.1424E-07
 8  4  12  32  0.1424E-07
 8  4  12  32  0.1424E-07
 8  4  12  32  0.1425E-07
 8  4  12  32  0.1425E-07
 8  4  12  32  0.1424E-07
 8  4  12  32  0.1424E-07
 8  4  12  32  0.1423E-07
 8  4  13  32  0.1510E-07
 8  4  13  32  0.1510E-07
 8  4  13  32  0.1510E-07
 8  4  13  32  0.1509E-07
 8  4  13  32  0.1510E-07
 8  4  13  32  0.1510E-07
 8  4  13  32  0.1509E-07
 8  4  13  32  0.1510E-07
 8  4  13  32  0.1510E-07
 8  4  13  32  0.1509E-07
 8  4  14  32  0.1438E-07
 8  4  14  32  0.1438E-07
 8  4  14  32  0.1437E-07
 8  4  14  32  0.1437E-07
 8  4  14  32  0.1437E-07
 8  4  14  32  0.1436E-07
 8  4  14  32  0.1437E-07
 8  4  14  32  0.1437E-07
 8  4  14  32  0.1438E-07
 8  4  14  32  0.1437E-07
 8  4  15  32  0.1611E-07
 8  4  15  32  0.1611E-07
 8  4  15  32  0.1610E-07
 8  4  15  32  0.1610E-07
 8  4  15  32  0.1609E-07
 8  4  15  32  0.1610E-07
 8  4  15  32  0.1611E-07
 8  4  15  32  0.1611E-07
 8  4  15  32  0.1610E-07
 8  4  15  32  0.1610E-07
 8  4  16  32  0.1584E-07
 8  4  16  32  0.1584E-07
 8  4  16  32  0.1583E-07
 8  4  16  32  0.1583E-07
 8  4  16  32  0.1582E-07
 8  4  16  32  0.1584E-07
 8  4  16  32  0.1584E-07
 8  4  16  32  0.1583E-07
 8  4  16  32  0.1583E-07
 8  4  16  32  0.1608E-07
 8  4  17  32  0.1936E-07
 8  4  17  32  0.1935E-07
 8  4  17  32  0.1935E-07
 8  4  17  32  0.1935E-07
 8  4  17  32  0.1934E-07
 8  4  17  32  0.1935E-07
 8  4  17  32  0.1935E-07
 8  4  17  32  0.1935E-07
 8  4  17  32  0.1934E-07
 8  4  17  32  0.1935E-07
 8  4  18  32  0.1903E-07
 8  4  18  32  0.1903E-07
 8  4  18  32  0.1904E-07
 8  4  18  32  0.1903E-07
 8  4  18  32  0.1904E-07
 8  4  18  32  0.1903E-07
 8  4  18  32  0.1903E-07
 8  4  18  32  0.1903E-07
 8  4  18  32  0.1903E-07
 8  4  18  32  0.1903E-07
 8  4  19  32  0.2054E-07
 8  4  19  32  0.2054E-07
 8  4  19  32  0.2054E-07
 8  4  19  32  0.2054E-07
 8  4  19  32  0.2054E-07
 8  4  19  32  0.2055E-07
 8  4  19  32  0.2054E-07
 8  4  19  32  0.2054E-07
 8  4  19  32  0.2054E-07
 8  4  19  32  0.2054E-07
 8  4  20  32  0.2019E-07
 8  4  20  32  0.2019E-07
 8  4  20  32  0.2019E-07
 8  4  20  32  0.2019E-07
 8  4  20  32  0.2019E-07
 8  4  20  32  0.2019E-07
 8  4  20  32  0.2019E-07
 8  4  20  32  0.2019E-07
 8  4  20  32  0.2019E-07
 8  4  20  32  0.2018E-07
