 8  2048  3  16384  0.4199E-09
 8  2048  3  16384  0.4069E-09
 8  2048  3  16384  0.4171E-09
 8  2048  3  16384  0.4104E-09
 8  2048  3  16384  0.4069E-09
 8  2048  3  16384  0.4118E-09
 8  2048  3  16384  0.4116E-09
 8  2048  3  16384  0.4158E-09
 8  2048  3  16384  0.4052E-09
 8  2048  3  16384  0.4175E-09
 8  2048  4  16384  0.1954E-09
 8  2048  4  16384  0.1797E-09
 8  2048  4  16384  0.1852E-09
 8  2048  4  16384  0.1845E-09
 8  2048  4  16384  0.1845E-09
 8  2048  4  16384  0.1815E-09
 8  2048  4  16384  0.1835E-09
 8  2048  4  16384  0.1802E-09
 8  2048  4  16384  0.1779E-09
 8  2048  4  16384  0.1859E-09
 8  2048  5  16384  0.1174E-09
 8  2048  5  16384  0.1159E-09
 8  2048  5  16384  0.1167E-09
 8  2048  5  16384  0.1198E-09
 8  2048  5  16384  0.1159E-09
 8  2048  5  16384  0.1134E-09
 8  2048  5  16384  0.1183E-09
 8  2048  5  16384  0.1143E-09
 8  2048  5  16384  0.1154E-09
 8  2048  5  16384  0.1135E-09
 8  2048  6  16384  0.9397E-10
 8  2048  6  16384  0.9061E-10
 8  2048  6  16384  0.9010E-10
 8  2048  6  16384  0.9028E-10
 8  2048  6  16384  0.9001E-10
 8  2048  6  16384  0.9051E-10
 8  2048  6  16384  0.9079E-10
 8  2048  6  16384  0.8954E-10
 8  2048  6  16384  0.9162E-10
 8  2048  6  16384  0.9115E-10
 8  2048  7  16384  0.8108E-10
 8  2048  7  16384  0.8022E-10
 8  2048  7  16384  0.8064E-10
 8  2048  7  16384  0.8138E-10
 8  2048  7  16384  0.8138E-10
 8  2048  7  16384  0.8028E-10
 8  2048  7  16384  0.7998E-10
 8  2048  7  16384  0.7964E-10
 8  2048  7  16384  0.7999E-10
 8  2048  7  16384  0.7979E-10
 8  2048  8  16384  0.6429E-10
 8  2048  8  16384  0.6351E-10
 8  2048  8  16384  0.6305E-10
 8  2048  8  16384  0.6343E-10
 8  2048  8  16384  0.6413E-10
 8  2048  8  16384  0.6347E-10
 8  2048  8  16384  0.6394E-10
 8  2048  8  16384  0.6260E-10
 8  2048  8  16384  0.6365E-10
 8  2048  8  16384  0.6267E-10
 8  2048  9  16384  0.5850E-10
 8  2048  9  16384  0.5798E-10
 8  2048  9  16384  0.5782E-10
 8  2048  9  16384  0.5820E-10
 8  2048  9  16384  0.5830E-10
 8  2048  9  16384  0.5785E-10
 8  2048  9  16384  0.5843E-10
 8  2048  9  16384  0.5805E-10
 8  2048  9  16384  0.5830E-10
 8  2048  9  16384  0.5838E-10
 8  2048  10  16384  0.5252E-10
 8  2048  10  16384  0.5282E-10
 8  2048  10  16384  0.5201E-10
 8  2048  10  16384  0.5207E-10
 8  2048  10  16384  0.5213E-10
 8  2048  10  16384  0.5190E-10
 8  2048  10  16384  0.5197E-10
 8  2048  10  16384  0.5218E-10
 8  2048  10  16384  0.5183E-10
 8  2048  10  16384  0.5260E-10
 8  2048  11  16384  0.4850E-10
 8  2048  11  16384  0.4815E-10
 8  2048  11  16384  0.4882E-10
 8  2048  11  16384  0.4911E-10
 8  2048  11  16384  0.4785E-10
 8  2048  11  16384  0.4869E-10
 8  2048  11  16384  0.4896E-10
 8  2048  11  16384  0.4817E-10
 8  2048  11  16384  0.4871E-10
 8  2048  11  16384  0.4892E-10
 8  2048  12  16384  0.4344E-10
 8  2048  12  16384  0.4245E-10
 8  2048  12  16384  0.4290E-10
 8  2048  12  16384  0.4301E-10
 8  2048  12  16384  0.4263E-10
 8  2048  12  16384  0.4285E-10
 8  2048  12  16384  0.4309E-10
 8  2048  12  16384  0.4284E-10
 8  2048  12  16384  0.4306E-10
 8  2048  12  16384  0.4229E-10
 8  2048  13  16384  0.4187E-10
 8  2048  13  16384  0.4201E-10
 8  2048  13  16384  0.4146E-10
 8  2048  13  16384  0.4167E-10
 8  2048  13  16384  0.4184E-10
 8  2048  13  16384  0.4185E-10
 8  2048  13  16384  0.4195E-10
 8  2048  13  16384  0.4161E-10
 8  2048  13  16384  0.4179E-10
 8  2048  13  16384  0.4153E-10
 8  2048  14  16384  0.3998E-10
 8  2048  14  16384  0.4001E-10
 8  2048  14  16384  0.3979E-10
 8  2048  14  16384  0.3986E-10
 8  2048  14  16384  0.4031E-10
 8  2048  14  16384  0.3996E-10
 8  2048  14  16384  0.4006E-10
 8  2048  14  16384  0.4032E-10
 8  2048  14  16384  0.3983E-10
 8  2048  14  16384  0.4028E-10
 8  2048  15  16384  0.4152E-10
 8  2048  15  16384  0.4177E-10
 8  2048  15  16384  0.4183E-10
 8  2048  15  16384  0.4148E-10
 8  2048  15  16384  0.4188E-10
 8  2048  15  16384  0.4171E-10
 8  2048  15  16384  0.4151E-10
 8  2048  15  16384  0.4166E-10
 8  2048  15  16384  0.4178E-10
 8  2048  15  16384  0.4158E-10
 8  2048  16  16384  0.3839E-10
 8  2048  16  16384  0.3840E-10
 8  2048  16  16384  0.3869E-10
 8  2048  16  16384  0.3867E-10
 8  2048  16  16384  0.3868E-10
 8  2048  16  16384  0.3865E-10
 8  2048  16  16384  0.3843E-10
 8  2048  16  16384  0.3875E-10
 8  2048  16  16384  0.3854E-10
 8  2048  16  16384  0.3861E-10
 8  2048  17  16384  0.4782E-10
 8  2048  17  16384  0.4772E-10
 8  2048  17  16384  0.4780E-10
 8  2048  17  16384  0.4754E-10
 8  2048  17  16384  0.4767E-10
 8  2048  17  16384  0.4776E-10
 8  2048  17  16384  0.4778E-10
 8  2048  17  16384  0.4793E-10
 8  2048  17  16384  0.4778E-10
 8  2048  17  16384  0.4779E-10
 8  2048  18  16384  0.4867E-10
 8  2048  18  16384  0.4851E-10
 8  2048  18  16384  0.4851E-10
 8  2048  18  16384  0.4843E-10
 8  2048  18  16384  0.4852E-10
 8  2048  18  16384  0.4870E-10
 8  2048  18  16384  0.4875E-10
 8  2048  18  16384  0.4858E-10
 8  2048  18  16384  0.4859E-10
 8  2048  18  16384  0.4876E-10
 8  2048  19  16384  0.4829E-10
 8  2048  19  16384  0.4864E-10
 8  2048  19  16384  0.4832E-10
 8  2048  19  16384  0.4801E-10
 8  2048  19  16384  0.4809E-10
 8  2048  19  16384  0.4823E-10
 8  2048  19  16384  0.4799E-10
 8  2048  19  16384  0.4827E-10
 8  2048  19  16384  0.4784E-10
 8  2048  19  16384  0.4817E-10
 8  2048  20  16384  0.4796E-10
 8  2048  20  16384  0.4792E-10
 8  2048  20  16384  0.4813E-10
 8  2048  20  16384  0.4803E-10
 8  2048  20  16384  0.4804E-10
 8  2048  20  16384  0.4812E-10
 8  2048  20  16384  0.4801E-10
 8  2048  20  16384  0.4826E-10
 8  2048  20  16384  0.4809E-10
 8  2048  20  16384  0.4807E-10
