 16  4  3  64  0.2955E-07
 16  4  3  64  0.7929E-07
 16  4  3  64  0.9299E-07
 16  4  3  64  0.8182E-07
 16  4  3  64  0.8044E-07
 16  4  3  64  0.8044E-07
 16  4  3  64  0.7736E-07
 16  4  3  64  0.7717E-07
 16  4  3  64  0.7621E-07
 16  4  3  64  0.7736E-07
 16  4  4  64  0.2109E-07
 16  4  4  64  0.1937E-07
 16  4  4  64  0.5559E-07
 16  4  4  64  0.4728E-07
 16  4  4  64  0.4695E-07
 16  4  4  64  0.4672E-07
 16  4  4  64  0.4606E-07
 16  4  4  64  0.4907E-07
 16  4  4  64  0.4670E-07
 16  4  4  64  0.4629E-07
 16  4  5  64  0.2061E-07
 16  4  5  64  0.1994E-07
 16  4  5  64  0.1989E-07
 16  4  5  64  0.2049E-07
 16  4  5  64  0.3737E-07
 16  4  5  64  0.3671E-07
 16  4  5  64  0.3688E-07
 16  4  5  64  0.3838E-07
 16  4  5  64  0.3712E-07
 16  4  5  64  0.3725E-07
 16  4  6  64  0.1616E-07
 16  4  6  64  0.1589E-07
 16  4  6  64  0.1586E-07
 16  4  6  64  0.1584E-07
 16  4  6  64  0.1597E-07
 16  4  6  64  0.1586E-07
 16  4  6  64  0.1584E-07
 16  4  6  64  0.1584E-07
 16  4  6  64  0.1590E-07
 16  4  6  64  0.1589E-07
 16  4  7  64  0.1546E-07
 16  4  7  64  0.1532E-07
 16  4  7  64  0.1531E-07
 16  4  7  64  0.1534E-07
 16  4  7  64  0.1531E-07
 16  4  7  64  0.1530E-07
 16  4  7  64  0.1531E-07
 16  4  7  64  0.1531E-07
 16  4  7  64  0.1531E-07
 16  4  7  64  0.1535E-07
 16  4  8  64  0.1405E-07
 16  4  8  64  0.1378E-07
 16  4  8  64  0.1378E-07
 16  4  8  64  0.1376E-07
 16  4  8  64  0.1373E-07
 16  4  8  64  0.1374E-07
 16  4  8  64  0.1370E-07
 16  4  8  64  0.1373E-07
 16  4  8  64  0.1374E-07
 16  4  8  64  0.1373E-07
 16  4  9  64  0.1606E-07
 16  4  9  64  0.1581E-07
 16  4  9  64  0.1582E-07
 16  4  9  64  0.1581E-07
 16  4  9  64  0.1582E-07
 16  4  9  64  0.1580E-07
 16  4  9  64  0.1581E-07
 16  4  9  64  0.1582E-07
 16  4  9  64  0.1580E-07
 16  4  9  64  0.1580E-07
 16  4  10  64  0.1684E-07
 16  4  10  64  0.1667E-07
 16  4  10  64  0.1666E-07
 16  4  10  64  0.1664E-07
 16  4  10  64  0.1666E-07
 16  4  10  64  0.1665E-07
 16  4  10  64  0.1667E-07
 16  4  10  64  0.1668E-07
 16  4  10  64  0.1667E-07
 16  4  10  64  0.1666E-07
 16  4  11  64  0.1740E-07
 16  4  11  64  0.1727E-07
 16  4  11  64  0.1725E-07
 16  4  11  64  0.1726E-07
 16  4  11  64  0.1725E-07
 16  4  11  64  0.1728E-07
 16  4  11  64  0.1727E-07
 16  4  11  64  0.1726E-07
 16  4  11  64  0.1726E-07
 16  4  11  64  0.1725E-07
 16  4  12  64  0.1608E-07
 16  4  12  64  0.1601E-07
 16  4  12  64  0.1601E-07
 16  4  12  64  0.1601E-07
 16  4  12  64  0.1601E-07
 16  4  12  64  0.1601E-07
 16  4  12  64  0.1602E-07
 16  4  12  64  0.1601E-07
 16  4  12  64  0.1601E-07
 16  4  12  64  0.1601E-07
 16  4  13  64  0.1665E-07
 16  4  13  64  0.1659E-07
 16  4  13  64  0.1659E-07
 16  4  13  64  0.1659E-07
 16  4  13  64  0.1661E-07
 16  4  13  64  0.1660E-07
 16  4  13  64  0.1661E-07
 16  4  13  64  0.1660E-07
 16  4  13  64  0.1659E-07
 16  4  13  64  0.1658E-07
 16  4  14  64  0.1599E-07
 16  4  14  64  0.1593E-07
 16  4  14  64  0.1593E-07
 16  4  14  64  0.1593E-07
 16  4  14  64  0.1594E-07
 16  4  14  64  0.1593E-07
 16  4  14  64  0.1594E-07
 16  4  14  64  0.1594E-07
 16  4  14  64  0.1592E-07
 16  4  14  64  0.1593E-07
 16  4  15  64  0.1741E-07
 16  4  15  64  0.1735E-07
 16  4  15  64  0.1735E-07
 16  4  15  64  0.1735E-07
 16  4  15  64  0.1735E-07
 16  4  15  64  0.1735E-07
 16  4  15  64  0.1735E-07
 16  4  15  64  0.1735E-07
 16  4  15  64  0.1735E-07
 16  4  15  64  0.1735E-07
 16  4  15  64  0.1746E-07
 16  4  15  64  0.1740E-07
 16  4  15  64  0.1741E-07
 16  4  15  64  0.1740E-07
 16  4  15  64  0.1741E-07
 16  4  15  64  0.1741E-07
 16  4  15  64  0.1741E-07
 16  4  15  64  0.1741E-07
 16  4  15  64  0.1740E-07
 16  4  15  64  0.1741E-07
 16  4  16  64  0.1735E-07
 16  4  16  64  0.1731E-07
 16  4  16  64  0.1730E-07
 16  4  16  64  0.1730E-07
 16  4  16  64  0.1730E-07
 16  4  16  64  0.1730E-07
 16  4  16  64  0.1730E-07
 16  4  16  64  0.1730E-07
 16  4  16  64  0.1730E-07
 16  4  16  64  0.1730E-07
 16  4  17  64  0.2046E-07
 16  4  17  64  0.2041E-07
 16  4  17  64  0.2041E-07
 16  4  17  64  0.2040E-07
 16  4  17  64  0.2041E-07
 16  4  17  64  0.2041E-07
 16  4  17  64  0.2041E-07
 16  4  17  64  0.2040E-07
 16  4  17  64  0.2040E-07
 16  4  17  64  0.2041E-07
 16  4  18  64  0.2018E-07
 16  4  18  64  0.2013E-07
 16  4  18  64  0.2013E-07
 16  4  18  64  0.2013E-07
 16  4  18  64  0.2013E-07
 16  4  18  64  0.2013E-07
 16  4  18  64  0.2013E-07
 16  4  18  64  0.2013E-07
 16  4  18  64  0.2014E-07
 16  4  18  64  0.2013E-07
 16  4  19  64  0.2174E-07
 16  4  19  64  0.2169E-07
 16  4  19  64  0.2169E-07
 16  4  19  64  0.2169E-07
 16  4  19  64  0.2169E-07
 16  4  19  64  0.2170E-07
 16  4  19  64  0.2169E-07
 16  4  19  64  0.2169E-07
 16  4  19  64  0.2169E-07
 16  4  19  64  0.2169E-07
 16  4  20  64  0.2136E-07
 16  4  20  64  0.2132E-07
 16  4  20  64  0.2132E-07
 16  4  20  64  0.2132E-07
 16  4  20  64  0.2132E-07
 16  4  20  64  0.2132E-07
 16  4  20  64  0.2132E-07
 16  4  20  64  0.2132E-07
 16  4  20  64  0.2132E-07
 16  4  20  64  0.2132E-07
