 16  128  3  2048  0.4959E-08
 16  128  3  2048  0.4698E-08
 16  128  3  2048  0.4703E-08
 16  128  3  2048  0.4579E-08
 16  128  3  2048  0.4603E-08
 16  128  3  2048  0.4604E-08
 16  128  3  2048  0.4620E-08
 16  128  3  2048  0.4622E-08
 16  128  3  2048  0.4559E-08
 16  128  3  2048  0.4595E-08
 16  128  4  2048  0.2540E-08
 16  128  4  2048  0.2405E-08
 16  128  4  2048  0.2392E-08
 16  128  4  2048  0.2406E-08
 16  128  4  2048  0.2421E-08
 16  128  4  2048  0.2390E-08
 16  128  4  2048  0.2396E-08
 16  128  4  2048  0.2382E-08
 16  128  4  2048  0.2386E-08
 16  128  4  2048  0.2393E-08
 16  128  5  2048  0.2016E-08
 16  128  5  2048  0.1929E-08
 16  128  5  2048  0.1931E-08
 16  128  5  2048  0.1935E-08
 16  128  5  2048  0.1942E-08
 16  128  5  2048  0.1927E-08
 16  128  5  2048  0.1935E-08
 16  128  5  2048  0.1925E-08
 16  128  5  2048  0.1927E-08
 16  128  5  2048  0.1932E-08
 16  128  6  2048  0.1466E-08
 16  128  6  2048  0.1436E-08
 16  128  6  2048  0.1429E-08
 16  128  6  2048  0.1434E-08
 16  128  6  2048  0.1431E-08
 16  128  6  2048  0.1430E-08
 16  128  6  2048  0.1427E-08
 16  128  6  2048  0.1433E-08
 16  128  6  2048  0.1430E-08
 16  128  6  2048  0.1437E-08
 16  128  7  2048  0.1288E-08
 16  128  7  2048  0.1269E-08
 16  128  7  2048  0.1260E-08
 16  128  7  2048  0.1257E-08
 16  128  7  2048  0.1272E-08
 16  128  7  2048  0.1263E-08
 16  128  7  2048  0.1259E-08
 16  128  7  2048  0.1265E-08
 16  128  7  2048  0.1261E-08
 16  128  7  2048  0.1263E-08
 16  128  8  2048  0.1069E-08
 16  128  8  2048  0.1061E-08
 16  128  8  2048  0.1066E-08
 16  128  8  2048  0.1062E-08
 16  128  8  2048  0.1062E-08
 16  128  8  2048  0.1066E-08
 16  128  8  2048  0.1062E-08
 16  128  8  2048  0.1063E-08
 16  128  8  2048  0.1066E-08
 16  128  8  2048  0.1061E-08
 16  128  9  2048  0.1002E-08
 16  128  9  2048  0.9851E-09
 16  128  9  2048  0.9859E-09
 16  128  9  2048  0.9856E-09
 16  128  9  2048  0.9850E-09
 16  128  9  2048  0.9867E-09
 16  128  9  2048  0.9857E-09
 16  128  9  2048  0.9841E-09
 16  128  9  2048  0.9854E-09
 16  128  9  2048  0.9833E-09
 16  128  10  2048  0.9524E-09
 16  128  10  2048  0.9471E-09
 16  128  10  2048  0.9484E-09
 16  128  10  2048  0.9474E-09
 16  128  10  2048  0.9476E-09
 16  128  10  2048  0.9476E-09
 16  128  10  2048  0.9472E-09
 16  128  10  2048  0.9472E-09
 16  128  10  2048  0.9488E-09
 16  128  10  2048  0.9485E-09
 16  128  11  2048  0.9141E-09
 16  128  11  2048  0.9109E-09
 16  128  11  2048  0.9113E-09
 16  128  11  2048  0.9114E-09
 16  128  11  2048  0.9105E-09
 16  128  11  2048  0.9115E-09
 16  128  11  2048  0.9122E-09
 16  128  11  2048  0.9115E-09
 16  128  11  2048  0.9123E-09
 16  128  11  2048  0.9111E-09
 16  128  12  2048  0.8544E-09
 16  128  12  2048  0.8530E-09
 16  128  12  2048  0.8596E-09
 16  128  12  2048  0.8535E-09
 16  128  12  2048  0.8537E-09
 16  128  12  2048  0.8537E-09
 16  128  12  2048  0.8539E-09
 16  128  12  2048  0.8537E-09
 16  128  12  2048  0.8537E-09
 16  128  12  2048  0.8538E-09
 16  128  13  2048  0.8626E-09
 16  128  13  2048  0.8642E-09
 16  128  13  2048  0.8603E-09
 16  128  13  2048  0.8601E-09
 16  128  13  2048  0.8603E-09
 16  128  13  2048  0.8600E-09
 16  128  13  2048  0.8602E-09
 16  128  13  2048  0.8599E-09
 16  128  13  2048  0.8598E-09
 16  128  13  2048  0.8646E-09
 16  128  14  2048  0.8177E-09
 16  128  14  2048  0.8162E-09
 16  128  14  2048  0.8154E-09
 16  128  14  2048  0.8193E-09
 16  128  14  2048  0.8196E-09
 16  128  14  2048  0.8168E-09
 16  128  14  2048  0.8163E-09
 16  128  14  2048  0.8166E-09
 16  128  14  2048  0.8166E-09
 16  128  14  2048  0.8160E-09
 16  128  15  2048  0.8199E-09
 16  128  15  2048  0.8190E-09
 16  128  15  2048  0.8185E-09
 16  128  15  2048  0.8179E-09
 16  128  15  2048  0.8217E-09
 16  128  15  2048  0.8189E-09
 16  128  15  2048  0.8190E-09
 16  128  15  2048  0.8181E-09
 16  128  15  2048  0.8187E-09
 16  128  15  2048  0.8196E-09
 16  128  16  2048  0.8089E-09
 16  128  16  2048  0.8075E-09
 16  128  16  2048  0.8094E-09
 16  128  16  2048  0.8075E-09
 16  128  16  2048  0.8078E-09
 16  128  16  2048  0.8077E-09
 16  128  16  2048  0.8079E-09
 16  128  16  2048  0.8092E-09
 16  128  16  2048  0.8080E-09
 16  128  16  2048  0.8078E-09
 16  128  17  2048  0.8961E-09
 16  128  17  2048  0.8945E-09
 16  128  17  2048  0.8943E-09
 16  128  17  2048  0.8945E-09
 16  128  17  2048  0.8946E-09
 16  128  17  2048  0.8946E-09
 16  128  17  2048  0.8944E-09
 16  128  17  2048  0.8944E-09
 16  128  17  2048  0.8945E-09
 16  128  17  2048  0.8942E-09
 16  128  18  2048  0.8931E-09
 16  128  18  2048  0.8896E-09
 16  128  18  2048  0.8873E-09
 16  128  18  2048  0.8914E-09
 16  128  18  2048  0.8893E-09
 16  128  18  2048  0.8882E-09
 16  128  18  2048  0.8918E-09
 16  128  18  2048  0.8896E-09
 16  128  18  2048  0.8876E-09
 16  128  18  2048  0.8913E-09
 16  128  19  2048  0.9511E-09
 16  128  19  2048  0.9527E-09
 16  128  19  2048  0.9497E-09
 16  128  19  2048  0.9509E-09
 16  128  19  2048  0.9502E-09
 16  128  19  2048  0.9514E-09
 16  128  19  2048  0.9519E-09
 16  128  19  2048  0.9514E-09
 16  128  19  2048  0.9517E-09
 16  128  19  2048  0.9504E-09
