 16  16  3  256  0.3217E-07
 16  16  3  256  0.1283E-07
 16  16  3  256  0.1683E-07
 16  16  3  256  0.1486E-07
 16  16  3  256  0.1514E-07
 16  16  3  256  0.1433E-07
 16  16  3  256  0.1407E-07
 16  16  3  256  0.1398E-07
 16  16  3  256  0.1668E-07
 16  16  3  256  0.1419E-07
 16  16  4  256  0.1642E-07
 16  16  4  256  0.1148E-07
 16  16  4  256  0.1041E-07
 16  16  4  256  0.1023E-07
 16  16  4  256  0.1036E-07
 16  16  4  256  0.1039E-07
 16  16  4  256  0.9541E-08
 16  16  4  256  0.1029E-07
 16  16  4  256  0.9420E-08
 16  16  4  256  0.9726E-08
 16  16  5  256  0.3649E-08
 16  16  5  256  0.3546E-08
 16  16  5  256  0.3546E-08
 16  16  5  256  0.3544E-08
 16  16  5  256  0.3534E-08
 16  16  5  256  0.3542E-08
 16  16  5  256  0.3542E-08
 16  16  5  256  0.3554E-08
 16  16  5  256  0.3558E-08
 16  16  5  256  0.3538E-08
 16  16  6  256  0.3301E-08
 16  16  6  256  0.3242E-08
 16  16  6  256  0.3241E-08
 16  16  6  256  0.3247E-08
 16  16  6  256  0.3238E-08
 16  16  6  256  0.3233E-08
 16  16  6  256  0.3247E-08
 16  16  6  256  0.3232E-08
 16  16  6  256  0.3250E-08
 16  16  6  256  0.3236E-08
 16  16  7  256  0.3344E-08
 16  16  7  256  0.3322E-08
 16  16  7  256  0.3321E-08
 16  16  7  256  0.3318E-08
 16  16  7  256  0.3319E-08
 16  16  7  256  0.3324E-08
 16  16  7  256  0.3326E-08
 16  16  7  256  0.3327E-08
 16  16  7  256  0.3327E-08
 16  16  7  256  0.3338E-08
 16  16  8  256  0.2974E-08
 16  16  8  256  0.2945E-08
 16  16  8  256  0.2947E-08
 16  16  8  256  0.2950E-08
 16  16  8  256  0.2949E-08
 16  16  8  256  0.2947E-08
 16  16  8  256  0.2950E-08
 16  16  8  256  0.2945E-08
 16  16  8  256  0.2949E-08
 16  16  8  256  0.2953E-08
 16  16  9  256  0.3544E-08
 16  16  9  256  0.3536E-08
 16  16  9  256  0.3531E-08
 16  16  9  256  0.3535E-08
 16  16  9  256  0.3529E-08
 16  16  9  256  0.3530E-08
 16  16  9  256  0.3536E-08
 16  16  9  256  0.3536E-08
 16  16  9  256  0.3529E-08
 16  16  9  256  0.3528E-08
 16  16  10  256  0.3749E-08
 16  16  10  256  0.3734E-08
 16  16  10  256  0.3733E-08
 16  16  10  256  0.3733E-08
 16  16  10  256  0.3734E-08
 16  16  10  256  0.3734E-08
 16  16  10  256  0.3732E-08
 16  16  10  256  0.3736E-08
 16  16  10  256  0.3734E-08
 16  16  10  256  0.3733E-08
 16  16  11  256  0.3928E-08
 16  16  11  256  0.3918E-08
 16  16  11  256  0.3914E-08
 16  16  11  256  0.3915E-08
 16  16  11  256  0.3912E-08
 16  16  11  256  0.3913E-08
 16  16  11  256  0.3916E-08
 16  16  11  256  0.3911E-08
 16  16  11  256  0.3918E-08
 16  16  11  256  0.3918E-08
 16  16  12  256  0.3618E-08
 16  16  12  256  0.3613E-08
 16  16  12  256  0.3612E-08
 16  16  12  256  0.3613E-08
 16  16  12  256  0.3618E-08
 16  16  12  256  0.3613E-08
 16  16  12  256  0.3612E-08
 16  16  12  256  0.3612E-08
 16  16  12  256  0.3612E-08
 16  16  12  256  0.3611E-08
 16  16  13  256  0.3798E-08
 16  16  13  256  0.3792E-08
 16  16  13  256  0.3792E-08
 16  16  13  256  0.3797E-08
 16  16  13  256  0.3791E-08
 16  16  13  256  0.3794E-08
 16  16  13  256  0.3792E-08
 16  16  13  256  0.3793E-08
 16  16  13  256  0.3795E-08
 16  16  13  256  0.3793E-08
 16  16  14  256  0.3628E-08
 16  16  14  256  0.3627E-08
 16  16  14  256  0.3627E-08
 16  16  14  256  0.3625E-08
 16  16  14  256  0.3626E-08
 16  16  14  256  0.3625E-08
 16  16  14  256  0.3625E-08
 16  16  14  256  0.3626E-08
 16  16  14  256  0.3626E-08
 16  16  14  256  0.3627E-08
 16  16  15  256  0.4035E-08
 16  16  15  256  0.4035E-08
 16  16  15  256  0.4032E-08
 16  16  15  256  0.4031E-08
 16  16  15  256  0.4030E-08
 16  16  15  256  0.4034E-08
 16  16  15  256  0.4031E-08
 16  16  15  256  0.4032E-08
 16  16  15  256  0.4032E-08
 16  16  15  256  0.4031E-08
 16  16  16  256  0.4016E-08
 16  16  16  256  0.4014E-08
 16  16  16  256  0.4013E-08
 16  16  16  256  0.4014E-08
 16  16  16  256  0.4041E-08
 16  16  16  256  0.4015E-08
 16  16  16  256  0.4013E-08
 16  16  16  256  0.4014E-08
 16  16  16  256  0.4012E-08
 16  16  16  256  0.4014E-08
 16  16  17  256  0.4822E-08
 16  16  17  256  0.4820E-08
 16  16  17  256  0.4820E-08
 16  16  17  256  0.4819E-08
 16  16  17  256  0.4820E-08
 16  16  17  256  0.4819E-08
 16  16  17  256  0.4819E-08
 16  16  17  256  0.4819E-08
 16  16  17  256  0.4819E-08
 16  16  17  256  0.4819E-08
 16  16  18  256  0.4751E-08
 16  16  18  256  0.4750E-08
 16  16  18  256  0.4750E-08
 16  16  18  256  0.4750E-08
 16  16  18  256  0.4750E-08
 16  16  18  256  0.4749E-08
 16  16  18  256  0.4750E-08
 16  16  18  256  0.4751E-08
 16  16  18  256  0.4749E-08
 16  16  18  256  0.4750E-08
 16  16  19  256  0.5149E-08
 16  16  19  256  0.5149E-08
 16  16  19  256  0.5149E-08
 16  16  19  256  0.5150E-08
 16  16  19  256  0.5149E-08
 16  16  19  256  0.5148E-08
 16  16  19  256  0.5148E-08
 16  16  19  256  0.5149E-08
 16  16  19  256  0.5149E-08
 16  16  19  256  0.5149E-08
 16  16  20  256  0.5065E-08
 16  16  20  256  0.5064E-08
 16  16  20  256  0.5064E-08
 16  16  20  256  0.5065E-08
 16  16  20  256  0.5065E-08
 16  16  20  256  0.5064E-08
 16  16  20  256  0.5064E-08
 16  16  20  256  0.5065E-08
 16  16  20  256  0.5065E-08
 16  16  20  256  0.5064E-08
