 16  4096  3  65536  0.4584E-09
 16  4096  3  65536  0.4505E-09
 16  4096  3  65536  0.4193E-09
 16  4096  3  65536  0.4535E-09
 16  4096  3  65536  0.4667E-09
 16  4096  4  65536  0.2656E-09
 16  4096  4  65536  0.2654E-09
 16  4096  4  65536  0.2624E-09
 16  4096  4  65536  0.2521E-09
 16  4096  4  65536  0.2643E-09
 16  4096  5  65536  0.1853E-09
 16  4096  5  65536  0.1790E-09
 16  4096  5  65536  0.1846E-09
 16  4096  5  65536  0.1822E-09
 16  4096  5  65536  0.1861E-09
 16  4096  6  65536  0.1207E-09
 16  4096  6  65536  0.1238E-09
 16  4096  6  65536  0.1278E-09
 16  4096  6  65536  0.1260E-09
 16  4096  6  65536  0.1246E-09
 16  4096  7  65536  0.9202E-10
 16  4096  7  65536  0.9177E-10
 16  4096  7  65536  0.9168E-10
 16  4096  7  65536  0.8806E-10
 16  4096  7  65536  0.8665E-10
 16  4096  8  65536  0.7104E-10
 16  4096  8  65536  0.7201E-10
 16  4096  8  65536  0.7182E-10
 16  4096  8  65536  0.7175E-10
 16  4096  8  65536  0.7146E-10
 16  4096  9  65536  0.5761E-10
 16  4096  9  65536  0.5768E-10
 16  4096  9  65536  0.5749E-10
 16  4096  9  65536  0.5737E-10
 16  4096  9  65536  0.5753E-10
 16  4096  10  65536  0.4989E-10
 16  4096  10  65536  0.4987E-10
 16  4096  10  65536  0.5001E-10
 16  4096  10  65536  0.5018E-10
 16  4096  10  65536  0.4986E-10
 16  4096  11  65536  0.4510E-10
 16  4096  11  65536  0.4535E-10
 16  4096  11  65536  0.4535E-10
 16  4096  11  65536  0.4527E-10
 16  4096  11  65536  0.4537E-10
 16  4096  12  65536  0.4069E-10
 16  4096  12  65536  0.4047E-10
 16  4096  12  65536  0.4057E-10
 16  4096  12  65536  0.4059E-10
 16  4096  12  65536  0.4060E-10
 16  4096  13  65536  0.3826E-10
 16  4096  13  65536  0.3828E-10
 16  4096  13  65536  0.3838E-10
 16  4096  13  65536  0.3850E-10
 16  4096  13  65536  0.3860E-10
 16  4096  14  65536  0.3592E-10
 16  4096  14  65536  0.3575E-10
 16  4096  14  65536  0.3584E-10
 16  4096  14  65536  0.3563E-10
 16  4096  14  65536  0.3573E-10
 16  4096  15  65536  0.3524E-10
 16  4096  15  65536  0.3527E-10
 16  4096  15  65536  0.3523E-10
 16  4096  15  65536  0.3530E-10
 16  4096  15  65536  0.3520E-10
 16  4096  16  65536  0.3584E-10
 16  4096  16  65536  0.3576E-10
 16  4096  16  65536  0.3588E-10
 16  4096  16  65536  0.3588E-10
 16  4096  16  65536  0.3580E-10
 16  4096  17  65536  0.3732E-10
 16  4096  17  65536  0.3738E-10
 16  4096  17  65536  0.3726E-10
 16  4096  17  65536  0.3730E-10
 16  4096  17  65536  0.3732E-10
 16  4096  18  65536  0.3537E-10
 16  4096  18  65536  0.3536E-10
 16  4096  18  65536  0.3545E-10
 16  4096  18  65536  0.3539E-10
 16  4096  18  65536  0.3547E-10
 16  4096  19  65536  0.3605E-10
 16  4096  19  65536  0.3612E-10
 16  4096  19  65536  0.3608E-10
 16  4096  19  65536  0.3615E-10
 16  4096  19  65536  0.3610E-10
 16  4096  20  65536  0.3616E-10
 16  4096  20  65536  0.3627E-10
 16  4096  20  65536  0.3624E-10
 16  4096  20  65536  0.3632E-10
 16  4096  20  65536  0.3626E-10
