 16  16  3  256  0.9461E-08
 16  16  3  256  0.8926E-08
 16  16  3  256  0.8911E-08
 16  16  3  256  0.2079E-07
 16  16  3  256  0.1867E-07
 16  16  3  256  0.1905E-07
 16  16  3  256  0.1929E-07
 16  16  3  256  0.1872E-07
 16  16  3  256  0.1919E-07
 16  16  3  256  0.1861E-07
 16  16  4  256  0.7061E-08
 16  16  4  256  0.6610E-08
 16  16  4  256  0.6569E-08
 16  16  4  256  0.6561E-08
 16  16  4  256  0.6604E-08
 16  16  4  256  0.1365E-07
 16  16  4  256  0.1329E-07
 16  16  4  256  0.1385E-07
 16  16  4  256  0.1339E-07
 16  16  4  256  0.1351E-07
 16  16  5  256  0.5542E-08
 16  16  5  256  0.5325E-08
 16  16  5  256  0.5300E-08
 16  16  5  256  0.5280E-08
 16  16  5  256  0.5279E-08
 16  16  5  256  0.5332E-08
 16  16  5  256  0.5277E-08
 16  16  5  256  0.5295E-08
 16  16  5  256  0.5282E-08
 16  16  5  256  0.5339E-08
 16  16  6  256  0.4518E-08
 16  16  6  256  0.4408E-08
 16  16  6  256  0.4408E-08
 16  16  6  256  0.4430E-08
 16  16  6  256  0.4411E-08
 16  16  6  256  0.4414E-08
 16  16  6  256  0.4400E-08
 16  16  6  256  0.4426E-08
 16  16  6  256  0.4402E-08
 16  16  6  256  0.4414E-08
 16  16  7  256  0.4267E-08
 16  16  7  256  0.4209E-08
 16  16  7  256  0.4207E-08
 16  16  7  256  0.4209E-08
 16  16  7  256  0.4212E-08
 16  16  7  256  0.4213E-08
 16  16  7  256  0.4213E-08
 16  16  7  256  0.4228E-08
 16  16  7  256  0.4211E-08
 16  16  7  256  0.4203E-08
 16  16  8  256  0.3902E-08
 16  16  8  256  0.3819E-08
 16  16  8  256  0.3799E-08
 16  16  8  256  0.3803E-08
 16  16  8  256  0.3786E-08
 16  16  8  256  0.3799E-08
 16  16  8  256  0.3780E-08
 16  16  8  256  0.3782E-08
 16  16  8  256  0.3781E-08
 16  16  8  256  0.3782E-08
 16  16  9  256  0.4359E-08
 16  16  9  256  0.4298E-08
 16  16  9  256  0.4292E-08
 16  16  9  256  0.4295E-08
 16  16  9  256  0.4279E-08
 16  16  9  256  0.4279E-08
 16  16  9  256  0.4278E-08
 16  16  9  256  0.4294E-08
 16  16  9  256  0.4282E-08
 16  16  9  256  0.4278E-08
 16  16  10  256  0.4512E-08
 16  16  10  256  0.4477E-08
 16  16  10  256  0.4462E-08
 16  16  10  256  0.4454E-08
 16  16  10  256  0.4456E-08
 16  16  10  256  0.4455E-08
 16  16  10  256  0.4452E-08
 16  16  10  256  0.4453E-08
 16  16  10  256  0.4456E-08
 16  16  10  256  0.4449E-08
 16  16  11  256  0.4637E-08
 16  16  11  256  0.4609E-08
 16  16  11  256  0.4606E-08
 16  16  11  256  0.4600E-08
 16  16  11  256  0.4608E-08
 16  16  11  256  0.4599E-08
 16  16  11  256  0.4597E-08
 16  16  11  256  0.4601E-08
 16  16  11  256  0.4604E-08
 16  16  11  256  0.4597E-08
 16  16  12  256  0.4289E-08
 16  16  12  256  0.4260E-08
 16  16  12  256  0.4332E-08
 16  16  12  256  0.4252E-08
 16  16  12  256  0.4248E-08
 16  16  12  256  0.4249E-08
 16  16  12  256  0.4250E-08
 16  16  12  256  0.4252E-08
 16  16  12  256  0.4249E-08
 16  16  12  256  0.4250E-08
 16  16  13  256  0.4415E-08
 16  16  13  256  0.4384E-08
 16  16  13  256  0.4380E-08
 16  16  13  256  0.4384E-08
 16  16  13  256  0.4379E-08
 16  16  13  256  0.4380E-08
 16  16  13  256  0.4380E-08
 16  16  13  256  0.4383E-08
 16  16  13  256  0.4380E-08
 16  16  13  256  0.4379E-08
 16  16  14  256  0.4209E-08
 16  16  14  256  0.4187E-08
 16  16  14  256  0.4186E-08
 16  16  14  256  0.4184E-08
 16  16  14  256  0.4185E-08
 16  16  14  256  0.4186E-08
 16  16  14  256  0.4185E-08
 16  16  14  256  0.4185E-08
 16  16  14  256  0.4184E-08
 16  16  14  256  0.4184E-08
 16  16  15  256  0.4569E-08
 16  16  15  256  0.4546E-08
 16  16  15  256  0.4546E-08
 16  16  15  256  0.4547E-08
 16  16  15  256  0.4547E-08
 16  16  15  256  0.4547E-08
 16  16  15  256  0.4546E-08
 16  16  15  256  0.4545E-08
 16  16  15  256  0.4549E-08
 16  16  15  256  0.4545E-08
 16  16  16  256  0.4505E-08
 16  16  16  256  0.4486E-08
 16  16  16  256  0.4486E-08
 16  16  16  256  0.4486E-08
 16  16  16  256  0.4486E-08
 16  16  16  256  0.4486E-08
 16  16  16  256  0.4513E-08
 16  16  16  256  0.4486E-08
 16  16  16  256  0.4484E-08
 16  16  16  256  0.4484E-08
 16  16  17  256  0.5300E-08
 16  16  17  256  0.5277E-08
 16  16  17  256  0.5275E-08
 16  16  17  256  0.5277E-08
 16  16  17  256  0.5275E-08
 16  16  17  256  0.5275E-08
 16  16  17  256  0.5276E-08
 16  16  17  256  0.5277E-08
 16  16  17  256  0.5277E-08
 16  16  17  256  0.5277E-08
 16  16  18  256  0.5212E-08
 16  16  18  256  0.5196E-08
 16  16  18  256  0.5195E-08
 16  16  18  256  0.5194E-08
 16  16  18  256  0.5195E-08
 16  16  18  256  0.5195E-08
 16  16  18  256  0.5195E-08
 16  16  18  256  0.5194E-08
 16  16  18  256  0.5194E-08
 16  16  18  256  0.5195E-08
 16  16  19  256  0.5635E-08
 16  16  19  256  0.5617E-08
 16  16  19  256  0.5618E-08
 16  16  19  256  0.5616E-08
 16  16  19  256  0.5617E-08
 16  16  19  256  0.5616E-08
 16  16  19  256  0.5617E-08
 16  16  19  256  0.5617E-08
 16  16  19  256  0.5617E-08
 16  16  19  256  0.5616E-08
 16  16  20  256  0.5478E-08
 16  16  20  256  0.5462E-08
 16  16  20  256  0.5462E-08
 16  16  20  256  0.5461E-08
 16  16  20  256  0.5461E-08
 16  16  20  256  0.5461E-08
 16  16  20  256  0.5461E-08
 16  16  20  256  0.5461E-08
 16  16  20  256  0.5461E-08
 16  16  20  256  0.5462E-08
