 16  8192  4  131072  0.6969E-10
 16  8192  4  131072  0.7086E-10
 16  8192  4  131072  0.7375E-10
 16  8192  4  131072  0.7564E-10
 16  8192  4  131072  0.7321E-10
 16  8192  4  131072  0.6955E-10
 16  8192  4  131072  0.6881E-10
 16  8192  4  131072  0.7292E-10
 16  8192  4  131072  0.7471E-10
 16  8192  4  131072  0.7474E-10
 16  8192  5  131072  0.5099E-10
 16  8192  5  131072  0.4969E-10
 16  8192  5  131072  0.5043E-10
 16  8192  5  131072  0.5228E-10
 16  8192  5  131072  0.5110E-10
 16  8192  5  131072  0.4971E-10
 16  8192  5  131072  0.5030E-10
 16  8192  5  131072  0.5165E-10
 16  8192  5  131072  0.5072E-10
 16  8192  5  131072  0.4985E-10
 16  8192  6  131072  0.3447E-10
 16  8192  6  131072  0.3443E-10
 16  8192  6  131072  0.3502E-10
 16  8192  6  131072  0.3468E-10
 16  8192  6  131072  0.3460E-10
 16  8192  6  131072  0.3530E-10
 16  8192  6  131072  0.3491E-10
 16  8192  6  131072  0.3446E-10
 16  8192  6  131072  0.3456E-10
 16  8192  6  131072  0.3475E-10
 16  8192  7  131072  0.2509E-10
 16  8192  7  131072  0.2597E-10
 16  8192  7  131072  0.2590E-10
 16  8192  7  131072  0.2492E-10
 16  8192  7  131072  0.2627E-10
 16  8192  7  131072  0.2587E-10
 16  8192  7  131072  0.2489E-10
 16  8192  7  131072  0.2635E-10
 16  8192  7  131072  0.2577E-10
 16  8192  7  131072  0.2521E-10
 16  8192  8  131072  0.1963E-10
 16  8192  8  131072  0.1984E-10
 16  8192  8  131072  0.1945E-10
 16  8192  8  131072  0.2015E-10
 16  8192  8  131072  0.1967E-10
 16  8192  8  131072  0.1977E-10
 16  8192  8  131072  0.1996E-10
 16  8192  8  131072  0.1956E-10
 16  8192  8  131072  0.2023E-10
 16  8192  8  131072  0.1948E-10
 16  8192  9  131072  0.1709E-10
 16  8192  9  131072  0.1691E-10
 16  8192  9  131072  0.1699E-10
 16  8192  9  131072  0.1707E-10
 16  8192  9  131072  0.1712E-10
 16  8192  9  131072  0.1729E-10
 16  8192  9  131072  0.1706E-10
 16  8192  9  131072  0.1715E-10
 16  8192  9  131072  0.1714E-10
 16  8192  9  131072  0.1709E-10
 16  8192  10  131072  0.1521E-10
 16  8192  10  131072  0.1504E-10
 16  8192  10  131072  0.1512E-10
 16  8192  10  131072  0.1509E-10
 16  8192  10  131072  0.1495E-10
 16  8192  10  131072  0.1509E-10
 16  8192  10  131072  0.1492E-10
 16  8192  10  131072  0.1505E-10
 16  8192  10  131072  0.1495E-10
 16  8192  10  131072  0.1488E-10
 16  8192  11  131072  0.1402E-10
 16  8192  11  131072  0.1402E-10
 16  8192  11  131072  0.1412E-10
 16  8192  11  131072  0.1406E-10
 16  8192  11  131072  0.1403E-10
 16  8192  11  131072  0.1408E-10
 16  8192  11  131072  0.1408E-10
 16  8192  11  131072  0.1401E-10
 16  8192  11  131072  0.1404E-10
 16  8192  11  131072  0.1405E-10
 16  8192  12  131072  0.1244E-10
 16  8192  12  131072  0.1237E-10
 16  8192  12  131072  0.1234E-10
 16  8192  12  131072  0.1238E-10
 16  8192  12  131072  0.1243E-10
 16  8192  12  131072  0.1242E-10
 16  8192  12  131072  0.1240E-10
 16  8192  12  131072  0.1239E-10
 16  8192  12  131072  0.1238E-10
 16  8192  12  131072  0.1234E-10
 16  8192  13  131072  0.1237E-10
 16  8192  13  131072  0.1230E-10
 16  8192  13  131072  0.1231E-10
 16  8192  13  131072  0.1232E-10
 16  8192  13  131072  0.1236E-10
 16  8192  13  131072  0.1234E-10
 16  8192  13  131072  0.1233E-10
 16  8192  13  131072  0.1236E-10
 16  8192  13  131072  0.1234E-10
 16  8192  13  131072  0.1234E-10
 16  8192  14  131072  0.1137E-10
 16  8192  14  131072  0.1141E-10
 16  8192  14  131072  0.1142E-10
 16  8192  14  131072  0.1142E-10
 16  8192  14  131072  0.1138E-10
 16  8192  14  131072  0.1141E-10
 16  8192  14  131072  0.1141E-10
 16  8192  14  131072  0.1140E-10
 16  8192  14  131072  0.1140E-10
 16  8192  14  131072  0.1141E-10
 16  8192  15  131072  0.1194E-10
 16  8192  15  131072  0.1196E-10
 16  8192  15  131072  0.1189E-10
 16  8192  15  131072  0.1193E-10
 16  8192  15  131072  0.1195E-10
 16  8192  15  131072  0.1195E-10
 16  8192  15  131072  0.1192E-10
 16  8192  15  131072  0.1195E-10
 16  8192  15  131072  0.1194E-10
 16  8192  15  131072  0.1192E-10
 16  8192  16  131072  0.1099E-10
 16  8192  16  131072  0.1100E-10
 16  8192  16  131072  0.1100E-10
 16  8192  16  131072  0.1096E-10
 16  8192  16  131072  0.1100E-10
 16  8192  16  131072  0.1098E-10
 16  8192  16  131072  0.1100E-10
 16  8192  16  131072  0.1096E-10
 16  8192  16  131072  0.1097E-10
 16  8192  16  131072  0.1100E-10
 16  8192  17  131072  0.1340E-10
 16  8192  17  131072  0.1342E-10
 16  8192  17  131072  0.1334E-10
 16  8192  17  131072  0.1341E-10
 16  8192  17  131072  0.1339E-10
 16  8192  17  131072  0.1341E-10
 16  8192  17  131072  0.1341E-10
 16  8192  17  131072  0.1335E-10
 16  8192  17  131072  0.1341E-10
 16  8192  17  131072  0.1338E-10
 16  8192  18  131072  -0.1499E-10
 16  8192  18  131072  -0.1499E-10
 16  8192  18  131072  -0.1498E-10
 16  8192  18  131072  -0.1499E-10
 16  8192  18  131072  -0.1498E-10
 16  8192  18  131072  -0.1496E-10
 16  8192  18  131072  -0.1498E-10
 16  8192  18  131072  -0.1500E-10
 16  8192  18  131072  -0.1497E-10
 16  8192  18  131072  -0.1498E-10
 16  8192  19  131072  -0.2170E-10
 16  8192  19  131072  -0.2177E-10
 16  8192  19  131072  -0.2170E-10
 16  8192  19  131072  -0.2177E-10
 16  8192  19  131072  -0.2173E-10
 16  8192  19  131072  -0.2173E-10
 16  8192  19  131072  -0.2170E-10
 16  8192  19  131072  -0.2167E-10
 16  8192  19  131072  -0.2170E-10
 16  8192  19  131072  -0.2169E-10
 16  8192  20  131072  -0.3670E-10
 16  8192  20  131072  -0.3669E-10
 16  8192  20  131072  -0.3669E-10
 16  8192  20  131072  -0.3672E-10
 16  8192  20  131072  -0.3661E-10
 16  8192  20  131072  -0.3675E-10
 16  8192  20  131072  -0.3660E-10
 16  8192  20  131072  -0.3667E-10
 16  8192  20  131072  -0.3667E-10
 16  8192  20  131072  -0.3667E-10
