 16  64  3  1024  0.4567E-08
 16  64  3  1024  0.4219E-08
 16  64  3  1024  0.4159E-08
 16  64  3  1024  0.4181E-08
 16  64  3  1024  0.4166E-08
 16  64  3  1024  0.9164E-08
 16  64  3  1024  0.9126E-08
 16  64  3  1024  0.9776E-08
 16  64  3  1024  0.8488E-08
 16  64  3  1024  0.8488E-08
 16  64  4  1024  0.3105E-08
 16  64  4  1024  0.2859E-08
 16  64  4  1024  0.2823E-08
 16  64  4  1024  0.2833E-08
 16  64  4  1024  0.2842E-08
 16  64  4  1024  0.2809E-08
 16  64  4  1024  0.2839E-08
 16  64  4  1024  0.2811E-08
 16  64  4  1024  0.2824E-08
 16  64  4  1024  0.5000E-08
 16  64  5  1024  0.2857E-08
 16  64  5  1024  0.2705E-08
 16  64  5  1024  0.2700E-08
 16  64  5  1024  0.2702E-08
 16  64  5  1024  0.2693E-08
 16  64  5  1024  0.2711E-08
 16  64  5  1024  0.2707E-08
 16  64  5  1024  0.2703E-08
 16  64  5  1024  0.2701E-08
 16  64  5  1024  0.2707E-08
 16  64  6  1024  0.1751E-08
 16  64  6  1024  0.1689E-08
 16  64  6  1024  0.1699E-08
 16  64  6  1024  0.1694E-08
 16  64  6  1024  0.1695E-08
 16  64  6  1024  0.1690E-08
 16  64  6  1024  0.1692E-08
 16  64  6  1024  0.1693E-08
 16  64  6  1024  0.1700E-08
 16  64  6  1024  0.1698E-08
 16  64  7  1024  0.1521E-08
 16  64  7  1024  0.1484E-08
 16  64  7  1024  0.1484E-08
 16  64  7  1024  0.1488E-08
 16  64  7  1024  0.1484E-08
 16  64  7  1024  0.1481E-08
 16  64  7  1024  0.1484E-08
 16  64  7  1024  0.1484E-08
 16  64  7  1024  0.1482E-08
 16  64  7  1024  0.1542E-08
 16  64  8  1024  0.1364E-08
 16  64  8  1024  0.1331E-08
 16  64  8  1024  0.1334E-08
 16  64  8  1024  0.1326E-08
 16  64  8  1024  0.1327E-08
 16  64  8  1024  0.1324E-08
 16  64  8  1024  0.1324E-08
 16  64  8  1024  0.1333E-08
 16  64  8  1024  0.1328E-08
 16  64  8  1024  0.1324E-08
 16  64  10  1024  0.1344E-08
 16  64  10  1024  0.1327E-08
 16  64  10  1024  0.1322E-08
 16  64  10  1024  0.1323E-08
 16  64  10  1024  0.1319E-08
 16  64  10  1024  0.1321E-08
 16  64  10  1024  0.1323E-08
 16  64  10  1024  0.1322E-08
 16  64  10  1024  0.1321E-08
 16  64  10  1024  0.1321E-08
 16  64  11  1024  0.1332E-08
 16  64  11  1024  0.1317E-08
 16  64  11  1024  0.1316E-08
 16  64  11  1024  0.1314E-08
 16  64  11  1024  0.1313E-08
 16  64  11  1024  0.1315E-08
 16  64  11  1024  0.1314E-08
 16  64  11  1024  0.1315E-08
 16  64  11  1024  0.1313E-08
 16  64  11  1024  0.1313E-08
 16  64  12  1024  0.1216E-08
 16  64  12  1024  0.1201E-08
 16  64  12  1024  0.1199E-08
 16  64  12  1024  0.1200E-08
 16  64  12  1024  0.1199E-08
 16  64  12  1024  0.1200E-08
 16  64  12  1024  0.1198E-08
 16  64  12  1024  0.1200E-08
 16  64  12  1024  0.1199E-08
 16  64  12  1024  0.1198E-08
 16  64  13  1024  0.1229E-08
 16  64  13  1024  0.1215E-08
 16  64  13  1024  0.1213E-08
 16  64  13  1024  0.1224E-08
 16  64  13  1024  0.1212E-08
 16  64  13  1024  0.1212E-08
 16  64  13  1024  0.1213E-08
 16  64  13  1024  0.1211E-08
 16  64  13  1024  0.1212E-08
 16  64  13  1024  0.1212E-08
 16  64  14  1024  0.1159E-08
 16  64  14  1024  0.1145E-08
 16  64  14  1024  0.1145E-08
 16  64  14  1024  0.1145E-08
 16  64  14  1024  0.1145E-08
 16  64  14  1024  0.1145E-08
 16  64  14  1024  0.1144E-08
 16  64  14  1024  0.1144E-08
 16  64  14  1024  0.1144E-08
 16  64  14  1024  0.1144E-08
 16  64  15  1024  0.1240E-08
 16  64  15  1024  0.1229E-08
 16  64  15  1024  0.1236E-08
 16  64  15  1024  0.1228E-08
 16  64  15  1024  0.1227E-08
 16  64  15  1024  0.1228E-08
 16  64  15  1024  0.1228E-08
 16  64  15  1024  0.1228E-08
 16  64  15  1024  0.1228E-08
 16  64  15  1024  0.1228E-08
 16  64  16  1024  0.1222E-08
 16  64  16  1024  0.1209E-08
 16  64  16  1024  0.1208E-08
 16  64  16  1024  0.1208E-08
 16  64  16  1024  0.1208E-08
 16  64  16  1024  0.1209E-08
 16  64  16  1024  0.1209E-08
 16  64  16  1024  0.1209E-08
 16  64  16  1024  0.1208E-08
 16  64  16  1024  0.1208E-08
 16  64  17  1024  0.1415E-08
 16  64  17  1024  0.1403E-08
 16  64  17  1024  0.1403E-08
 16  64  17  1024  0.1403E-08
 16  64  17  1024  0.1403E-08
 16  64  17  1024  0.1403E-08
 16  64  17  1024  0.1403E-08
 16  64  17  1024  0.1403E-08
 16  64  17  1024  0.1403E-08
 16  64  17  1024  0.1403E-08
 16  64  18  1024  0.1391E-08
 16  64  18  1024  0.1376E-08
 16  64  18  1024  0.1376E-08
 16  64  18  1024  0.1375E-08
 16  64  18  1024  0.1381E-08
 16  64  18  1024  0.1376E-08
 16  64  18  1024  0.1376E-08
 16  64  18  1024  0.1376E-08
 16  64  18  1024  0.1376E-08
 16  64  18  1024  0.1381E-08
 16  64  19  1024  0.1492E-08
 16  64  19  1024  0.1480E-08
 16  64  19  1024  0.1480E-08
 16  64  19  1024  0.1484E-08
 16  64  19  1024  0.1480E-08
 16  64  19  1024  0.1481E-08
 16  64  19  1024  0.1484E-08
 16  64  19  1024  0.1480E-08
 16  64  19  1024  0.1480E-08
 16  64  19  1024  0.1484E-08
 16  64  20  1024  0.1447E-08
 16  64  20  1024  0.1436E-08
 16  64  20  1024  0.1440E-08
 16  64  20  1024  0.1436E-08
 16  64  20  1024  0.1436E-08
 16  64  20  1024  0.1440E-08
 16  64  20  1024  0.1436E-08
 16  64  20  1024  0.1436E-08
 16  64  20  1024  0.1440E-08
 16  64  20  1024  0.1436E-08
