 16  8  3  128  0.2244E-07
 16  8  3  128  0.2177E-07
 16  8  3  128  0.2150E-07
 16  8  3  128  0.2169E-07
 16  8  3  128  0.2160E-07
 16  8  3  128  0.2152E-07
 16  8  3  128  0.2143E-07
 16  8  3  128  0.2119E-07
 16  8  3  128  0.2141E-07
 16  8  3  128  0.2146E-07
 16  8  4  128  0.1234E-07
 16  8  4  128  0.1182E-07
 16  8  4  128  0.1187E-07
 16  8  4  128  0.1181E-07
 16  8  4  128  0.1176E-07
 16  8  4  128  0.1176E-07
 16  8  4  128  0.1175E-07
 16  8  4  128  0.1171E-07
 16  8  4  128  0.1179E-07
 16  8  4  128  0.1178E-07
 16  8  5  128  0.1078E-07
 16  8  5  128  0.1052E-07
 16  8  5  128  0.1053E-07
 16  8  5  128  0.1053E-07
 16  8  5  128  0.1052E-07
 16  8  5  128  0.1048E-07
 16  8  5  128  0.1056E-07
 16  8  5  128  0.1049E-07
 16  8  5  128  0.1049E-07
 16  8  5  128  0.1052E-07
 16  8  6  128  0.1112E-07
 16  8  6  128  0.1103E-07
 16  8  6  128  0.1098E-07
 16  8  6  128  0.1095E-07
 16  8  6  128  0.1096E-07
 16  8  6  128  0.1097E-07
 16  8  6  128  0.1098E-07
 16  8  6  128  0.1095E-07
 16  8  6  128  0.1095E-07
 16  8  6  128  0.1100E-07
 16  8  7  128  0.1022E-07
 16  8  7  128  0.1015E-07
 16  8  7  128  0.1014E-07
 16  8  7  128  0.1015E-07
 16  8  7  128  0.1013E-07
 16  8  7  128  0.1014E-07
 16  8  7  128  0.1016E-07
 16  8  7  128  0.1013E-07
 16  8  7  128  0.1014E-07
 16  8  7  128  0.1013E-07
 16  8  8  128  0.9121E-08
 16  8  8  128  0.9056E-08
 16  8  8  128  0.9057E-08
 16  8  8  128  0.9051E-08
 16  8  8  128  0.9051E-08
 16  8  8  128  0.9089E-08
 16  8  8  128  0.9055E-08
 16  8  8  128  0.9051E-08
 16  8  8  128  0.9056E-08
 16  8  8  128  0.9055E-08
 16  8  9  128  0.9915E-08
 16  8  9  128  0.9893E-08
 16  8  9  128  0.9876E-08
 16  8  9  128  0.9874E-08
 16  8  9  128  0.9881E-08
 16  8  9  128  0.9878E-08
 16  8  9  128  0.9869E-08
 16  8  9  128  0.9873E-08
 16  8  9  128  0.9883E-08
 16  8  9  128  0.9876E-08
 16  8  10  128  0.1028E-07
 16  8  10  128  0.1025E-07
 16  8  10  128  0.1026E-07
 16  8  10  128  0.1026E-07
 16  8  10  128  0.1025E-07
 16  8  10  128  0.1026E-07
 16  8  10  128  0.1026E-07
 16  8  10  128  0.1026E-07
 16  8  10  128  0.1025E-07
 16  8  10  128  0.1025E-07
 16  8  11  128  0.1074E-07
 16  8  11  128  0.1074E-07
 16  8  11  128  0.1075E-07
 16  8  11  128  0.1074E-07
 16  8  11  128  0.1074E-07
 16  8  11  128  0.1075E-07
 16  8  11  128  0.1075E-07
 16  8  11  128  0.1074E-07
 16  8  11  128  0.1075E-07
 16  8  11  128  0.1074E-07
 16  8  12  128  0.1029E-07
 16  8  12  128  0.1029E-07
 16  8  12  128  0.1029E-07
 16  8  12  128  0.1028E-07
 16  8  12  128  0.1028E-07
 16  8  12  128  0.1028E-07
 16  8  12  128  0.1028E-07
 16  8  12  128  0.1028E-07
 16  8  12  128  0.1041E-07
 16  8  12  128  0.1028E-07
 16  8  13  128  0.1084E-07
 16  8  13  128  0.1084E-07
 16  8  13  128  0.1084E-07
 16  8  13  128  0.1083E-07
 16  8  13  128  0.1084E-07
 16  8  13  128  0.1084E-07
 16  8  13  128  0.1084E-07
 16  8  13  128  0.1084E-07
 16  8  13  128  0.1084E-07
 16  8  13  128  0.1084E-07
 16  8  14  128  0.1051E-07
 16  8  14  128  0.1059E-07
 16  8  14  128  0.1051E-07
 16  8  14  128  0.1050E-07
 16  8  14  128  0.1051E-07
 16  8  14  128  0.1051E-07
 16  8  14  128  0.1050E-07
 16  8  14  128  0.1051E-07
 16  8  14  128  0.1051E-07
 16  8  14  128  0.1051E-07
 16  8  15  128  0.1095E-07
 16  8  15  128  0.1094E-07
 16  8  15  128  0.1094E-07
 16  8  15  128  0.1094E-07
 16  8  15  128  0.1094E-07
 16  8  15  128  0.1093E-07
 16  8  15  128  0.1094E-07
 16  8  15  128  0.1094E-07
 16  8  15  128  0.1094E-07
 16  8  15  128  0.1094E-07
 16  8  16  128  0.1104E-07
 16  8  16  128  0.1104E-07
 16  8  16  128  0.1103E-07
 16  8  16  128  0.1104E-07
 16  8  16  128  0.1103E-07
 16  8  16  128  0.1103E-07
 16  8  16  128  0.1104E-07
 16  8  16  128  0.1103E-07
 16  8  16  128  0.1103E-07
 16  8  16  128  0.1103E-07
 16  8  17  128  0.1262E-07
 16  8  17  128  0.1262E-07
 16  8  17  128  0.1262E-07
 16  8  17  128  0.1262E-07
 16  8  17  128  0.1262E-07
 16  8  17  128  0.1262E-07
 16  8  17  128  0.1262E-07
 16  8  17  128  0.1262E-07
 16  8  17  128  0.1262E-07
 16  8  17  128  0.1262E-07
 16  8  18  128  0.1238E-07
 16  8  18  128  0.1238E-07
 16  8  18  128  0.1238E-07
 16  8  18  128  0.1238E-07
 16  8  18  128  0.1238E-07
 16  8  18  128  0.1238E-07
 16  8  18  128  0.1238E-07
 16  8  18  128  0.1238E-07
 16  8  18  128  0.1238E-07
 16  8  18  128  0.1238E-07
 16  8  19  128  0.1316E-07
 16  8  19  128  0.1316E-07
 16  8  19  128  0.1316E-07
 16  8  19  128  0.1316E-07
 16  8  19  128  0.1316E-07
 16  8  19  128  0.1316E-07
 16  8  19  128  0.1316E-07
 16  8  19  128  0.1316E-07
 16  8  19  128  0.1316E-07
 16  8  19  128  0.1316E-07
 16  8  20  128  0.1342E-07
 16  8  20  128  0.1342E-07
 16  8  20  128  0.1342E-07
 16  8  20  128  0.1342E-07
 16  8  20  128  0.1342E-07
 16  8  20  128  0.1342E-07
 16  8  20  128  0.1342E-07
 16  8  20  128  0.1342E-07
 16  8  20  128  0.1342E-07
 16  8  20  128  0.1342E-07
