 16  32  3  512  0.2616E-07
 16  32  3  512  0.9549E-08
 16  32  3  512  0.9330E-08
 16  32  3  512  0.1015E-07
 16  32  3  512  0.9284E-08
 16  32  3  512  0.9118E-08
 16  32  3  512  0.6631E-08
 16  32  3  512  0.9428E-08
 16  32  3  512  0.9428E-08
 16  32  3  512  0.9020E-08
 16  32  4  512  0.1037E-07
 16  32  4  512  0.4328E-08
 16  32  4  512  0.6427E-08
 16  32  4  512  0.5942E-08
 16  32  4  512  0.5809E-08
 16  32  4  512  0.5797E-08
 16  32  4  512  0.5729E-08
 16  32  4  512  0.6085E-08
 16  32  4  512  0.5716E-08
 16  32  4  512  0.5736E-08
 16  32  5  512  0.1051E-07
 16  32  5  512  0.5032E-08
 16  32  5  512  0.4624E-08
 16  32  5  512  0.4807E-08
 16  32  5  512  0.4901E-08
 16  32  5  512  0.4859E-08
 16  32  5  512  0.5141E-08
 16  32  5  512  0.4002E-08
 16  32  5  512  0.4479E-08
 16  32  5  512  0.4724E-08
 16  32  6  512  0.2308E-08
 16  32  6  512  0.2270E-08
 16  32  6  512  0.2276E-08
 16  32  6  512  0.2291E-08
 16  32  6  512  0.2277E-08
 16  32  6  512  0.2302E-08
 16  32  6  512  0.2271E-08
 16  32  6  512  0.2290E-08
 16  32  6  512  0.2271E-08
 16  32  6  512  0.2275E-08
 16  32  7  512  0.2052E-08
 16  32  7  512  0.2033E-08
 16  32  7  512  0.2033E-08
 16  32  7  512  0.2030E-08
 16  32  7  512  0.2038E-08
 16  32  7  512  0.2036E-08
 16  32  7  512  0.2036E-08
 16  32  7  512  0.2033E-08
 16  32  7  512  0.2035E-08
 16  32  7  512  0.2038E-08
 16  32  8  512  0.1779E-08
 16  32  8  512  0.1772E-08
 16  32  8  512  0.1760E-08
 16  32  8  512  0.1762E-08
 16  32  8  512  0.1763E-08
 16  32  8  512  0.1759E-08
 16  32  8  512  0.1759E-08
 16  32  8  512  0.1759E-08
 16  32  8  512  0.1773E-08
 16  32  8  512  0.1764E-08
 16  32  9  512  0.2008E-08
 16  32  9  512  0.1994E-08
 16  32  9  512  0.1992E-08
 16  32  9  512  0.1995E-08
 16  32  9  512  0.1993E-08
 16  32  9  512  0.1994E-08
 16  32  9  512  0.1994E-08
 16  32  9  512  0.1992E-08
 16  32  9  512  0.1995E-08
 16  32  9  512  0.1991E-08
 16  32  10  512  0.2073E-08
 16  32  10  512  0.2066E-08
 16  32  10  512  0.2068E-08
 16  32  10  512  0.2067E-08
 16  32  10  512  0.2066E-08
 16  32  10  512  0.2066E-08
 16  32  10  512  0.2065E-08
 16  32  10  512  0.2074E-08
 16  32  10  512  0.2065E-08
 16  32  10  512  0.2066E-08
 16  32  11  512  0.2136E-08
 16  32  11  512  0.2129E-08
 16  32  11  512  0.2128E-08
 16  32  11  512  0.2129E-08
 16  32  11  512  0.2126E-08
 16  32  11  512  0.2130E-08
 16  32  11  512  0.2126E-08
 16  32  11  512  0.2128E-08
 16  32  11  512  0.2129E-08
 16  32  11  512  0.2128E-08
 16  32  12  512  0.1967E-08
 16  32  12  512  0.1964E-08
 16  32  12  512  0.1962E-08
 16  32  12  512  0.1963E-08
 16  32  12  512  0.1961E-08
 16  32  12  512  0.1962E-08
 16  32  12  512  0.1963E-08
 16  32  12  512  0.1966E-08
 16  32  12  512  0.1961E-08
 16  32  12  512  0.1962E-08
 16  32  13  512  0.2053E-08
 16  32  13  512  0.2047E-08
 16  32  13  512  0.2049E-08
 16  32  13  512  0.2047E-08
 16  32  13  512  0.2046E-08
 16  32  13  512  0.2047E-08
 16  32  13  512  0.2048E-08
 16  32  13  512  0.2046E-08
 16  32  13  512  0.2046E-08
 16  32  13  512  0.2049E-08
 16  32  14  512  0.1957E-08
 16  32  14  512  0.1953E-08
 16  32  14  512  0.1952E-08
 16  32  14  512  0.1954E-08
 16  32  14  512  0.1952E-08
 16  32  14  512  0.1954E-08
 16  32  14  512  0.1952E-08
 16  32  14  512  0.1952E-08
 16  32  14  512  0.1952E-08
 16  32  14  512  0.1952E-08
 16  32  15  512  0.2151E-08
 16  32  15  512  0.2151E-08
 16  32  15  512  0.2150E-08
 16  32  15  512  0.2149E-08
 16  32  15  512  0.2150E-08
 16  32  15  512  0.2150E-08
 16  32  15  512  0.2148E-08
 16  32  15  512  0.2148E-08
 16  32  15  512  0.2149E-08
 16  32  15  512  0.2149E-08
 16  32  16  512  0.2137E-08
 16  32  16  512  0.2136E-08
 16  32  16  512  0.2135E-08
 16  32  16  512  0.2134E-08
 16  32  16  512  0.2135E-08
 16  32  16  512  0.2135E-08
 16  32  16  512  0.2135E-08
 16  32  16  512  0.2135E-08
 16  32  16  512  0.2135E-08
 16  32  16  512  0.2134E-08
 16  32  17  512  0.2541E-08
 16  32  17  512  0.2540E-08
 16  32  17  512  0.2539E-08
 16  32  17  512  0.2540E-08
 16  32  17  512  0.2540E-08
 16  32  17  512  0.2540E-08
 16  32  17  512  0.2540E-08
 16  32  17  512  0.2540E-08
 16  32  17  512  0.2539E-08
 16  32  17  512  0.2540E-08
 16  32  18  512  0.2507E-08
 16  32  18  512  0.2505E-08
 16  32  18  512  0.2505E-08
 16  32  18  512  0.2504E-08
 16  32  18  512  0.2505E-08
 16  32  18  512  0.2505E-08
 16  32  18  512  0.2504E-08
 16  32  18  512  0.2505E-08
 16  32  18  512  0.2505E-08
 16  32  18  512  0.2504E-08
 16  32  19  512  0.2700E-08
 16  32  19  512  0.2698E-08
 16  32  19  512  0.2699E-08
 16  32  19  512  0.2698E-08
 16  32  19  512  0.2698E-08
 16  32  19  512  0.2698E-08
 16  32  19  512  0.2698E-08
 16  32  19  512  0.2699E-08
 16  32  19  512  0.2698E-08
 16  32  19  512  0.2698E-08
 16  32  20  512  0.2644E-08
 16  32  20  512  0.2642E-08
 16  32  20  512  0.2642E-08
 16  32  20  512  0.2643E-08
 16  32  20  512  0.2642E-08
 16  32  20  512  0.2642E-08
 16  32  20  512  0.2642E-08
 16  32  20  512  0.2642E-08
 16  32  20  512  0.2642E-08
 16  32  20  512  0.2642E-08
