 16  1024  3  16384  0.6980E-09
 16  1024  3  16384  0.6845E-09
 16  1024  3  16384  0.6801E-09
 16  1024  3  16384  0.6687E-09
 16  1024  3  16384  0.6730E-09
 16  1024  3  16384  0.6613E-09
 16  1024  3  16384  0.6728E-09
 16  1024  3  16384  0.6589E-09
 16  1024  3  16384  0.6509E-09
 16  1024  3  16384  0.6670E-09
 16  1024  4  16384  0.3551E-09
 16  1024  4  16384  0.3530E-09
 16  1024  4  16384  0.3627E-09
 16  1024  4  16384  0.3613E-09
 16  1024  4  16384  0.3634E-09
 16  1024  4  16384  0.3577E-09
 16  1024  4  16384  0.3532E-09
 16  1024  4  16384  0.3537E-09
 16  1024  4  16384  0.3525E-09
 16  1024  4  16384  0.3487E-09
 16  1024  5  16384  0.2606E-09
 16  1024  5  16384  0.2619E-09
 16  1024  5  16384  0.2655E-09
 16  1024  5  16384  0.2675E-09
 16  1024  5  16384  0.2674E-09
 16  1024  5  16384  0.2594E-09
 16  1024  5  16384  0.2588E-09
 16  1024  5  16384  0.2614E-09
 16  1024  5  16384  0.2661E-09
 16  1024  5  16384  0.2680E-09
 16  1024  6  16384  0.1918E-09
 16  1024  6  16384  0.1873E-09
 16  1024  6  16384  0.1864E-09
 16  1024  6  16384  0.1851E-09
 16  1024  6  16384  0.1902E-09
 16  1024  6  16384  0.1899E-09
 16  1024  6  16384  0.1878E-09
 16  1024  6  16384  0.1843E-09
 16  1024  6  16384  0.1846E-09
 16  1024  6  16384  0.1902E-09
 16  1024  7  16384  0.1559E-09
 16  1024  7  16384  0.1563E-09
 16  1024  7  16384  0.1560E-09
 16  1024  7  16384  0.1547E-09
 16  1024  7  16384  0.1550E-09
 16  1024  7  16384  0.1549E-09
 16  1024  7  16384  0.1542E-09
 16  1024  7  16384  0.1536E-09
 16  1024  7  16384  0.1534E-09
 16  1024  7  16384  0.1545E-09
 16  1024  8  16384  0.1205E-09
 16  1024  8  16384  0.1209E-09
 16  1024  8  16384  0.1206E-09
 16  1024  8  16384  0.1207E-09
 16  1024  8  16384  0.1211E-09
 16  1024  8  16384  0.1216E-09
 16  1024  8  16384  0.1219E-09
 16  1024  8  16384  0.1208E-09
 16  1024  8  16384  0.1211E-09
 16  1024  8  16384  0.1222E-09
 16  1024  9  16384  0.1106E-09
 16  1024  9  16384  0.1103E-09
 16  1024  9  16384  0.1116E-09
 16  1024  9  16384  0.1111E-09
 16  1024  9  16384  0.1102E-09
 16  1024  9  16384  0.1103E-09
 16  1024  9  16384  0.1103E-09
 16  1024  9  16384  0.1112E-09
 16  1024  9  16384  0.1120E-09
 16  1024  9  16384  0.1105E-09
 16  1024  10  16384  0.1011E-09
 16  1024  10  16384  0.1016E-09
 16  1024  10  16384  0.1011E-09
 16  1024  10  16384  0.1012E-09
 16  1024  10  16384  0.1011E-09
 16  1024  10  16384  0.1005E-09
 16  1024  10  16384  0.1009E-09
 16  1024  10  16384  0.1005E-09
 16  1024  10  16384  0.1012E-09
 16  1024  10  16384  0.1013E-09
 16  1024  11  16384  0.9757E-10
 16  1024  11  16384  0.9750E-10
 16  1024  11  16384  0.9796E-10
 16  1024  11  16384  0.9724E-10
 16  1024  11  16384  0.9733E-10
 16  1024  11  16384  0.9788E-10
 16  1024  11  16384  0.9791E-10
 16  1024  11  16384  0.9771E-10
 16  1024  11  16384  0.9780E-10
 16  1024  11  16384  0.9754E-10
 16  1024  12  16384  0.8990E-10
 16  1024  12  16384  0.9033E-10
 16  1024  12  16384  0.8970E-10
 16  1024  12  16384  0.9061E-10
 16  1024  12  16384  0.9007E-10
 16  1024  12  16384  0.9053E-10
 16  1024  12  16384  0.9035E-10
 16  1024  12  16384  0.9014E-10
 16  1024  12  16384  0.9030E-10
 16  1024  12  16384  0.9062E-10
 16  1024  13  16384  0.8471E-10
 16  1024  13  16384  0.8405E-10
 16  1024  13  16384  0.8411E-10
 16  1024  13  16384  0.8405E-10
 16  1024  13  16384  0.8417E-10
 16  1024  13  16384  0.8415E-10
 16  1024  13  16384  0.8428E-10
 16  1024  13  16384  0.8410E-10
 16  1024  13  16384  0.8471E-10
 16  1024  13  16384  0.8415E-10
 16  1024  14  16384  0.8357E-10
 16  1024  14  16384  0.8300E-10
 16  1024  14  16384  0.8315E-10
 16  1024  14  16384  0.8293E-10
 16  1024  14  16384  0.8309E-10
 16  1024  14  16384  0.8297E-10
 16  1024  14  16384  0.8294E-10
 16  1024  14  16384  0.8344E-10
 16  1024  14  16384  0.8381E-10
 16  1024  14  16384  0.8325E-10
 16  1024  15  16384  0.8184E-10
 16  1024  15  16384  0.8219E-10
 16  1024  15  16384  0.8227E-10
 16  1024  15  16384  0.8202E-10
 16  1024  15  16384  0.8227E-10
 16  1024  15  16384  0.8223E-10
 16  1024  15  16384  0.8230E-10
 16  1024  15  16384  0.8191E-10
 16  1024  15  16384  0.8204E-10
 16  1024  15  16384  0.8239E-10
 16  1024  16  16384  0.7989E-10
 16  1024  16  16384  0.8006E-10
 16  1024  16  16384  0.7996E-10
 16  1024  16  16384  0.7986E-10
 16  1024  16  16384  0.7953E-10
 16  1024  16  16384  0.7973E-10
 16  1024  16  16384  0.7975E-10
 16  1024  16  16384  0.7986E-10
 16  1024  16  16384  0.8020E-10
 16  1024  16  16384  0.7981E-10
 16  1024  17  16384  0.9965E-10
 16  1024  17  16384  0.9948E-10
 16  1024  17  16384  0.9946E-10
 16  1024  17  16384  0.9922E-10
 16  1024  17  16384  0.9941E-10
 16  1024  17  16384  0.9969E-10
 16  1024  17  16384  0.9932E-10
 16  1024  17  16384  0.9961E-10
 16  1024  17  16384  0.9970E-10
 16  1024  17  16384  0.9965E-10
 16  1024  18  16384  0.8898E-10
 16  1024  18  16384  0.8860E-10
 16  1024  18  16384  0.8914E-10
 16  1024  18  16384  0.8823E-10
 16  1024  18  16384  0.8885E-10
 16  1024  18  16384  0.8851E-10
 16  1024  18  16384  0.8916E-10
 16  1024  18  16384  0.8857E-10
 16  1024  18  16384  0.8855E-10
 16  1024  18  16384  0.8883E-10
 16  1024  19  16384  0.1054E-09
 16  1024  19  16384  0.1056E-09
 16  1024  19  16384  0.1055E-09
 16  1024  19  16384  0.1055E-09
 16  1024  19  16384  0.1054E-09
 16  1024  19  16384  0.1055E-09
 16  1024  19  16384  0.1055E-09
 16  1024  19  16384  0.1055E-09
 16  1024  19  16384  0.1057E-09
 16  1024  19  16384  0.1057E-09
 16  1024  20  16384  0.9164E-10
 16  1024  20  16384  0.9187E-10
 16  1024  20  16384  0.9187E-10
 16  1024  20  16384  0.9180E-10
 16  1024  20  16384  0.9184E-10
 16  1024  20  16384  0.9181E-10
 16  1024  20  16384  0.9158E-10
 16  1024  20  16384  0.9205E-10
 16  1024  20  16384  0.9159E-10
 16  1024  20  16384  0.9182E-10
