 16  1024  3  16384  0.1534E-08
 16  1024  3  16384  0.1401E-08
 16  1024  3  16384  0.1383E-08
 16  1024  3  16384  0.1404E-08
 16  1024  3  16384  0.1411E-08
 16  1024  3  16384  0.1389E-08
 16  1024  3  16384  0.1384E-08
 16  1024  3  16384  0.1384E-08
 16  1024  3  16384  0.1382E-08
 16  1024  3  16384  0.1413E-08
 16  1024  4  16384  0.7191E-09
 16  1024  4  16384  0.6604E-09
 16  1024  4  16384  0.6400E-09
 16  1024  4  16384  0.6438E-09
 16  1024  4  16384  0.6518E-09
 16  1024  4  16384  0.6571E-09
 16  1024  4  16384  0.6524E-09
 16  1024  4  16384  0.6410E-09
 16  1024  4  16384  0.6402E-09
 16  1024  4  16384  0.6495E-09
 16  1024  5  16384  0.4705E-09
 16  1024  5  16384  0.4391E-09
 16  1024  5  16384  0.4519E-09
 16  1024  5  16384  0.4545E-09
 16  1024  5  16384  0.4383E-09
 16  1024  5  16384  0.4432E-09
 16  1024  5  16384  0.4545E-09
 16  1024  5  16384  0.4460E-09
 16  1024  5  16384  0.4386E-09
 16  1024  5  16384  0.4447E-09
 16  1024  6  16384  0.3565E-09
 16  1024  6  16384  0.3419E-09
 16  1024  6  16384  0.3365E-09
 16  1024  6  16384  0.3452E-09
 16  1024  6  16384  0.3382E-09
 16  1024  6  16384  0.3368E-09
 16  1024  6  16384  0.3475E-09
 16  1024  6  16384  0.3365E-09
 16  1024  6  16384  0.3375E-09
 16  1024  6  16384  0.3474E-09
 16  1024  7  16384  0.2859E-09
 16  1024  7  16384  0.2777E-09
 16  1024  7  16384  0.2801E-09
 16  1024  7  16384  0.2783E-09
 16  1024  7  16384  0.2786E-09
 16  1024  7  16384  0.2795E-09
 16  1024  7  16384  0.2776E-09
 16  1024  7  16384  0.2809E-09
 16  1024  7  16384  0.2782E-09
 16  1024  7  16384  0.2814E-09
 16  1024  8  16384  0.2168E-09
 16  1024  8  16384  0.2112E-09
 16  1024  8  16384  0.2107E-09
 16  1024  8  16384  0.2101E-09
 16  1024  8  16384  0.2122E-09
 16  1024  8  16384  0.2108E-09
 16  1024  8  16384  0.2103E-09
 16  1024  8  16384  0.2112E-09
 16  1024  8  16384  0.2100E-09
 16  1024  8  16384  0.2113E-09
 16  1024  9  16384  0.1843E-09
 16  1024  9  16384  0.1799E-09
 16  1024  9  16384  0.1793E-09
 16  1024  9  16384  0.1794E-09
 16  1024  9  16384  0.1800E-09
 16  1024  9  16384  0.1808E-09
 16  1024  9  16384  0.1795E-09
 16  1024  9  16384  0.1810E-09
 16  1024  9  16384  0.1812E-09
 16  1024  9  16384  0.1796E-09
 16  1024  10  16384  0.1630E-09
 16  1024  10  16384  0.1601E-09
 16  1024  10  16384  0.1592E-09
 16  1024  10  16384  0.1607E-09
 16  1024  10  16384  0.1603E-09
 16  1024  10  16384  0.1600E-09
 16  1024  10  16384  0.1597E-09
 16  1024  10  16384  0.1600E-09
 16  1024  10  16384  0.1601E-09
 16  1024  10  16384  0.1599E-09
 16  1024  11  16384  0.1463E-09
 16  1024  11  16384  0.1445E-09
 16  1024  11  16384  0.1444E-09
 16  1024  11  16384  0.1441E-09
 16  1024  11  16384  0.1436E-09
 16  1024  11  16384  0.1442E-09
 16  1024  11  16384  0.1438E-09
 16  1024  11  16384  0.1441E-09
 16  1024  11  16384  0.1441E-09
 16  1024  11  16384  0.1441E-09
 16  1024  12  16384  0.1279E-09
 16  1024  12  16384  0.1274E-09
 16  1024  12  16384  0.1272E-09
 16  1024  12  16384  0.1275E-09
 16  1024  12  16384  0.1272E-09
 16  1024  12  16384  0.1275E-09
 16  1024  12  16384  0.1275E-09
 16  1024  12  16384  0.1272E-09
 16  1024  12  16384  0.1275E-09
 16  1024  12  16384  0.1265E-09
