 16  64  3  1024  0.1598E-07
 16  64  3  1024  0.8934E-08
 16  64  3  1024  0.8488E-08
 16  64  3  1024  0.8802E-08
 16  64  3  1024  0.8244E-08
 16  64  3  1024  0.8296E-08
 16  64  3  1024  0.8138E-08
 16  64  3  1024  0.7885E-08
 16  64  3  1024  0.8077E-08
 16  64  3  1024  0.8402E-08
 16  64  4  1024  0.3220E-08
 16  64  4  1024  0.4772E-08
 16  64  4  1024  0.4923E-08
 16  64  4  1024  0.4822E-08
 16  64  4  1024  0.4929E-08
 16  64  4  1024  0.5092E-08
 16  64  4  1024  0.2817E-08
 16  64  4  1024  0.3044E-08
 16  64  4  1024  0.4796E-08
 16  64  4  1024  0.4882E-08
 16  64  5  1024  0.2379E-08
 16  64  5  1024  0.2331E-08
 16  64  5  1024  0.2338E-08
 16  64  5  1024  0.2360E-08
 16  64  5  1024  0.2337E-08
 16  64  5  1024  0.2345E-08
 16  64  5  1024  0.2334E-08
 16  64  5  1024  0.2344E-08
 16  64  5  1024  0.2331E-08
 16  64  5  1024  0.2332E-08
 16  64  6  1024  0.1763E-08
 16  64  6  1024  0.1730E-08
 16  64  6  1024  0.1729E-08
 16  64  6  1024  0.1734E-08
 16  64  6  1024  0.1729E-08
 16  64  6  1024  0.1725E-08
 16  64  6  1024  0.1731E-08
 16  64  6  1024  0.1726E-08
 16  64  6  1024  0.1730E-08
 16  64  6  1024  0.1735E-08
 16  64  7  1024  0.1502E-08
 16  64  7  1024  0.1489E-08
 16  64  7  1024  0.1488E-08
 16  64  7  1024  0.1489E-08
 16  64  7  1024  0.1489E-08
 16  64  7  1024  0.1488E-08
 16  64  7  1024  0.1493E-08
 16  64  7  1024  0.1489E-08
 16  64  7  1024  0.1487E-08
 16  64  7  1024  0.1485E-08
 16  64  8  1024  0.1267E-08
 16  64  8  1024  0.1254E-08
 16  64  8  1024  0.1253E-08
 16  64  8  1024  0.1251E-08
 16  64  8  1024  0.1253E-08
 16  64  8  1024  0.1258E-08
 16  64  8  1024  0.1254E-08
 16  64  8  1024  0.1254E-08
 16  64  8  1024  0.1250E-08
 16  64  8  1024  0.1253E-08
 16  64  10  1024  0.1263E-08
 16  64  10  1024  0.1259E-08
 16  64  10  1024  0.1260E-08
 16  64  10  1024  0.1259E-08
 16  64  10  1024  0.1260E-08
 16  64  10  1024  0.1259E-08
 16  64  10  1024  0.1259E-08
 16  64  10  1024  0.1261E-08
 16  64  10  1024  0.1259E-08
 16  64  10  1024  0.1258E-08
 16  64  11  1024  0.1254E-08
 16  64  11  1024  0.1251E-08
 16  64  11  1024  0.1252E-08
 16  64  11  1024  0.1252E-08
 16  64  11  1024  0.1272E-08
 16  64  11  1024  0.1252E-08
 16  64  11  1024  0.1250E-08
 16  64  11  1024  0.1252E-08
 16  64  11  1024  0.1251E-08
 16  64  11  1024  0.1251E-08
 16  64  12  1024  0.1171E-08
 16  64  12  1024  0.1188E-08
 16  64  12  1024  0.1168E-08
 16  64  12  1024  0.1169E-08
 16  64  12  1024  0.1167E-08
 16  64  12  1024  0.1169E-08
 16  64  12  1024  0.1169E-08
 16  64  12  1024  0.1168E-08
 16  64  12  1024  0.1168E-08
 16  64  12  1024  0.1168E-08
 16  64  13  1024  0.1193E-08
 16  64  13  1024  0.1179E-08
 16  64  13  1024  0.1180E-08
 16  64  13  1024  0.1179E-08
 16  64  13  1024  0.1179E-08
 16  64  13  1024  0.1180E-08
 16  64  13  1024  0.1182E-08
 16  64  13  1024  0.1180E-08
 16  64  13  1024  0.1180E-08
 16  64  13  1024  0.1181E-08
 16  64  14  1024  0.1109E-08
 16  64  14  1024  0.1108E-08
 16  64  14  1024  0.1107E-08
 16  64  14  1024  0.1108E-08
 16  64  14  1024  0.1108E-08
 16  64  14  1024  0.1107E-08
 16  64  14  1024  0.1108E-08
 16  64  14  1024  0.1108E-08
 16  64  14  1024  0.1108E-08
 16  64  14  1024  0.1108E-08
 16  64  15  1024  0.1190E-08
 16  64  15  1024  0.1191E-08
 16  64  15  1024  0.1190E-08
 16  64  15  1024  0.1190E-08
 16  64  15  1024  0.1190E-08
 16  64  15  1024  0.1190E-08
 16  64  15  1024  0.1198E-08
 16  64  15  1024  0.1190E-08
 16  64  15  1024  0.1191E-08
 16  64  15  1024  0.1190E-08
 16  64  16  1024  0.1172E-08
 16  64  16  1024  0.1172E-08
 16  64  16  1024  0.1172E-08
 16  64  16  1024  0.1172E-08
 16  64  16  1024  0.1171E-08
 16  64  16  1024  0.1171E-08
 16  64  16  1024  0.1172E-08
 16  64  16  1024  0.1172E-08
 16  64  16  1024  0.1171E-08
 16  64  16  1024  0.1172E-08
 16  64  17  1024  0.1364E-08
 16  64  17  1024  0.1363E-08
 16  64  17  1024  0.1363E-08
 16  64  17  1024  0.1363E-08
 16  64  17  1024  0.1363E-08
 16  64  17  1024  0.1363E-08
 16  64  17  1024  0.1363E-08
 16  64  17  1024  0.1363E-08
 16  64  17  1024  0.1363E-08
 16  64  17  1024  0.1362E-08
 16  64  18  1024  0.1335E-08
 16  64  18  1024  0.1340E-08
 16  64  18  1024  0.1335E-08
 16  64  18  1024  0.1335E-08
 16  64  18  1024  0.1335E-08
 16  64  18  1024  0.1340E-08
 16  64  18  1024  0.1334E-08
 16  64  18  1024  0.1335E-08
 16  64  18  1024  0.1335E-08
 16  64  18  1024  0.1340E-08
 16  64  19  1024  0.1433E-08
 16  64  19  1024  0.1428E-08
 16  64  19  1024  0.1428E-08
 16  64  19  1024  0.1432E-08
 16  64  19  1024  0.1427E-08
 16  64  19  1024  0.1427E-08
 16  64  19  1024  0.1427E-08
 16  64  19  1024  0.1432E-08
 16  64  19  1024  0.1428E-08
 16  64  19  1024  0.1428E-08
 16  64  20  1024  0.1398E-08
 16  64  20  1024  0.1398E-08
 16  64  20  1024  0.1401E-08
 16  64  20  1024  0.1397E-08
 16  64  20  1024  0.1398E-08
 16  64  20  1024  0.1402E-08
 16  64  20  1024  0.1397E-08
 16  64  20  1024  0.1397E-08
 16  64  20  1024  0.1402E-08
 16  64  20  1024  0.1397E-08
