 16  4096  3  65536  0.2291E-09
 16  4096  3  65536  0.2221E-09
 16  4096  3  65536  0.2217E-09
 16  4096  3  65536  0.2249E-09
 16  4096  3  65536  0.2227E-09
 16  4096  3  65536  0.2184E-09
 16  4096  3  65536  0.2226E-09
 16  4096  3  65536  0.2224E-09
 16  4096  3  65536  0.2158E-09
 16  4096  3  65536  0.2192E-09
 16  4096  4  65536  0.1273E-09
 16  4096  4  65536  0.1203E-09
 16  4096  4  65536  0.1179E-09
 16  4096  4  65536  0.1187E-09
 16  4096  4  65536  0.1208E-09
 16  4096  4  65536  0.1200E-09
 16  4096  4  65536  0.1206E-09
 16  4096  4  65536  0.1203E-09
 16  4096  4  65536  0.1166E-09
 16  4096  4  65536  0.1155E-09
 16  4096  5  65536  0.8543E-10
 16  4096  5  65536  0.8036E-10
 16  4096  5  65536  0.8037E-10
 16  4096  5  65536  0.8336E-10
 16  4096  5  65536  0.8547E-10
 16  4096  5  65536  0.8242E-10
 16  4096  5  65536  0.8170E-10
 16  4096  5  65536  0.8005E-10
 16  4096  5  65536  0.8197E-10
 16  4096  5  65536  0.8550E-10
 16  4096  6  65536  0.5974E-10
 16  4096  6  65536  0.5721E-10
 16  4096  6  65536  0.5656E-10
 16  4096  6  65536  0.5713E-10
 16  4096  6  65536  0.5897E-10
 16  4096  6  65536  0.5734E-10
 16  4096  6  65536  0.5643E-10
 16  4096  6  65536  0.5709E-10
 16  4096  6  65536  0.5848E-10
 16  4096  6  65536  0.5781E-10
 16  4096  7  65536  0.4441E-10
 16  4096  7  65536  0.4331E-10
 16  4096  7  65536  0.4392E-10
 16  4096  7  65536  0.4458E-10
 16  4096  7  65536  0.4310E-10
 16  4096  7  65536  0.4338E-10
 16  4096  7  65536  0.4452E-10
 16  4096  7  65536  0.4392E-10
 16  4096  7  65536  0.4279E-10
 16  4096  7  65536  0.4431E-10
 16  4096  8  65536  0.3522E-10
 16  4096  8  65536  0.3418E-10
 16  4096  8  65536  0.3468E-10
 16  4096  8  65536  0.3463E-10
 16  4096  8  65536  0.3396E-10
 16  4096  8  65536  0.3469E-10
 16  4096  8  65536  0.3491E-10
 16  4096  8  65536  0.3430E-10
 16  4096  8  65536  0.3494E-10
 16  4096  8  65536  0.3458E-10
 16  4096  9  65536  0.3143E-10
 16  4096  9  65536  0.3162E-10
 16  4096  9  65536  0.3114E-10
 16  4096  9  65536  0.3133E-10
 16  4096  9  65536  0.3122E-10
 16  4096  9  65536  0.3101E-10
 16  4096  9  65536  0.3142E-10
 16  4096  9  65536  0.3103E-10
 16  4096  9  65536  0.3133E-10
 16  4096  9  65536  0.3095E-10
 16  4096  10  65536  0.2894E-10
 16  4096  10  65536  0.2904E-10
 16  4096  10  65536  0.2880E-10
 16  4096  10  65536  0.2883E-10
 16  4096  10  65536  0.2890E-10
 16  4096  10  65536  0.2898E-10
 16  4096  10  65536  0.2912E-10
 16  4096  10  65536  0.2878E-10
 16  4096  10  65536  0.2895E-10
 16  4096  10  65536  0.2881E-10
 16  4096  11  65536  0.2694E-10
 16  4096  11  65536  0.2665E-10
 16  4096  11  65536  0.2679E-10
 16  4096  11  65536  0.2682E-10
 16  4096  11  65536  0.2667E-10
 16  4096  11  65536  0.2672E-10
 16  4096  11  65536  0.2683E-10
 16  4096  11  65536  0.2682E-10
 16  4096  11  65536  0.2658E-10
 16  4096  11  65536  0.2688E-10
 16  4096  12  65536  0.2425E-10
 16  4096  12  65536  0.2387E-10
 16  4096  12  65536  0.2386E-10
 16  4096  12  65536  0.2411E-10
 16  4096  12  65536  0.2397E-10
 16  4096  12  65536  0.2406E-10
 16  4096  12  65536  0.2411E-10
 16  4096  12  65536  0.2408E-10
 16  4096  12  65536  0.2416E-10
 16  4096  12  65536  0.2403E-10
 16  4096  13  65536  0.2425E-10
 16  4096  13  65536  0.2404E-10
 16  4096  13  65536  0.2403E-10
 16  4096  13  65536  0.2410E-10
 16  4096  13  65536  0.2407E-10
 16  4096  13  65536  0.2409E-10
 16  4096  13  65536  0.2402E-10
 16  4096  13  65536  0.2404E-10
 16  4096  13  65536  0.2422E-10
 16  4096  13  65536  0.2402E-10
 16  4096  14  65536  0.2287E-10
 16  4096  14  65536  0.2265E-10
 16  4096  14  65536  0.2264E-10
 16  4096  14  65536  0.2257E-10
 16  4096  14  65536  0.2258E-10
 16  4096  14  65536  0.2256E-10
 16  4096  14  65536  0.2257E-10
 16  4096  14  65536  0.2256E-10
 16  4096  14  65536  0.2261E-10
 16  4096  14  65536  0.2261E-10
 16  4096  15  65536  0.2491E-10
 16  4096  15  65536  0.2475E-10
 16  4096  15  65536  0.2479E-10
 16  4096  15  65536  0.2475E-10
 16  4096  15  65536  0.2472E-10
 16  4096  15  65536  0.2473E-10
 16  4096  15  65536  0.2481E-10
 16  4096  15  65536  0.2477E-10
 16  4096  15  65536  0.2480E-10
 16  4096  15  65536  0.2469E-10
 16  4096  16  65536  0.2460E-10
 16  4096  16  65536  0.2446E-10
 16  4096  16  65536  0.2446E-10
 16  4096  16  65536  0.2455E-10
 16  4096  16  65536  0.2446E-10
 16  4096  16  65536  0.2450E-10
 16  4096  16  65536  0.2449E-10
 16  4096  16  65536  0.2450E-10
 16  4096  16  65536  0.2453E-10
 16  4096  16  65536  0.2449E-10
 16  4096  17  65536  0.2720E-10
 16  4096  17  65536  0.2708E-10
 16  4096  17  65536  0.2701E-10
 16  4096  17  65536  0.2703E-10
 16  4096  17  65536  0.2703E-10
 16  4096  17  65536  0.2712E-10
 16  4096  17  65536  0.2714E-10
 16  4096  17  65536  0.2706E-10
 16  4096  17  65536  0.2715E-10
 16  4096  17  65536  0.2712E-10
 16  4096  18  65536  0.2743E-10
 16  4096  18  65536  0.2720E-10
 16  4096  18  65536  0.2728E-10
 16  4096  18  65536  0.2727E-10
 16  4096  18  65536  0.2720E-10
 16  4096  18  65536  0.2730E-10
 16  4096  18  65536  0.2721E-10
 16  4096  18  65536  0.2718E-10
 16  4096  18  65536  0.2719E-10
 16  4096  18  65536  0.2725E-10
 16  4096  19  65536  0.2690E-10
 16  4096  19  65536  0.2671E-10
 16  4096  19  65536  0.2672E-10
 16  4096  19  65536  0.2677E-10
 16  4096  19  65536  0.2678E-10
 16  4096  19  65536  0.2681E-10
 16  4096  19  65536  0.2680E-10
 16  4096  19  65536  0.2681E-10
 16  4096  19  65536  0.2684E-10
 16  4096  19  65536  0.2678E-10
 16  4096  20  65536  0.2582E-10
 16  4096  20  65536  0.2576E-10
 16  4096  20  65536  0.2609E-10
 16  4096  20  65536  0.2615E-10
 16  4096  20  65536  0.2609E-10
 16  4096  20  65536  0.2615E-10
 16  4096  20  65536  0.2613E-10
 16  4096  20  65536  0.2614E-10
 16  4096  20  65536  0.2609E-10
 16  4096  20  65536  0.2602E-10
