 16  32  3  512  0.5524E-08
 16  32  3  512  0.5090E-08
 16  32  3  512  0.5146E-08
 16  32  3  512  0.1133E-07
 16  32  3  512  0.1119E-07
 16  32  3  512  0.1167E-07
 16  32  3  512  0.1155E-07
 16  32  3  512  0.1413E-07
 16  32  3  512  0.1201E-07
 16  32  3  512  0.1126E-07
 16  32  4  512  0.4060E-08
 16  32  4  512  0.3789E-08
 16  32  4  512  0.3779E-08
 16  32  4  512  0.3753E-08
 16  32  4  512  0.3726E-08
 16  32  4  512  0.3868E-08
 16  32  4  512  0.7184E-08
 16  32  4  512  0.7143E-08
 16  32  4  512  0.9204E-08
 16  32  4  512  0.7121E-08
 16  32  5  512  0.4024E-08
 16  32  5  512  0.3867E-08
 16  32  5  512  0.3847E-08
 16  32  5  512  0.3848E-08
 16  32  5  512  0.3832E-08
 16  32  5  512  0.3866E-08
 16  32  5  512  0.3834E-08
 16  32  5  512  0.3821E-08
 16  32  5  512  0.3871E-08
 16  32  5  512  0.5604E-08
 16  32  6  512  0.3337E-08
 16  32  6  512  0.3197E-08
 16  32  6  512  0.3186E-08
 16  32  6  512  0.3193E-08
 16  32  6  512  0.3195E-08
 16  32  6  512  0.3181E-08
 16  32  6  512  0.3190E-08
 16  32  6  512  0.3202E-08
 16  32  6  512  0.3183E-08
 16  32  6  512  0.3188E-08
 16  32  7  512  0.2370E-08
 16  32  7  512  0.2295E-08
 16  32  7  512  0.2306E-08
 16  32  7  512  0.2295E-08
 16  32  7  512  0.2294E-08
 16  32  7  512  0.2292E-08
 16  32  7  512  0.2294E-08
 16  32  7  512  0.2308E-08
 16  32  7  512  0.2305E-08
 16  32  7  512  0.2295E-08
 16  32  8  512  0.2152E-08
 16  32  8  512  0.2071E-08
 16  32  8  512  0.2060E-08
 16  32  8  512  0.2059E-08
 16  32  8  512  0.2055E-08
 16  32  8  512  0.2053E-08
 16  32  8  512  0.2061E-08
 16  32  8  512  0.2049E-08
 16  32  8  512  0.2154E-08
 16  32  8  512  0.2052E-08
 16  32  9  512  0.2329E-08
 16  32  9  512  0.2281E-08
 16  32  9  512  0.2281E-08
 16  32  9  512  0.2278E-08
 16  32  9  512  0.2272E-08
 16  32  9  512  0.2277E-08
 16  32  9  512  0.2273E-08
 16  32  9  512  0.2274E-08
 16  32  9  512  0.2273E-08
 16  32  9  512  0.2274E-08
 16  32  10  512  0.2380E-08
 16  32  10  512  0.2354E-08
 16  32  10  512  0.2357E-08
 16  32  10  512  0.2348E-08
 16  32  10  512  0.2348E-08
 16  32  10  512  0.2351E-08
 16  32  10  512  0.2345E-08
 16  32  10  512  0.2349E-08
 16  32  10  512  0.2348E-08
 16  32  10  512  0.2347E-08
 16  32  11  512  0.2430E-08
 16  32  11  512  0.2398E-08
 16  32  11  512  0.2400E-08
 16  32  11  512  0.2394E-08
 16  32  11  512  0.2396E-08
 16  32  11  512  0.2397E-08
 16  32  11  512  0.2393E-08
 16  32  11  512  0.2392E-08
 16  32  11  512  0.2392E-08
 16  32  11  512  0.2394E-08
 16  32  12  512  0.2226E-08
 16  32  12  512  0.2202E-08
 16  32  12  512  0.2199E-08
 16  32  12  512  0.2199E-08
 16  32  12  512  0.2199E-08
 16  32  12  512  0.2195E-08
 16  32  12  512  0.2198E-08
 16  32  12  512  0.2197E-08
 16  32  12  512  0.2196E-08
 16  32  12  512  0.2195E-08
 16  32  13  512  0.2297E-08
 16  32  13  512  0.2272E-08
 16  32  13  512  0.2271E-08
 16  32  13  512  0.2269E-08
 16  32  13  512  0.2269E-08
 16  32  13  512  0.2267E-08
 16  32  13  512  0.2269E-08
 16  32  13  512  0.2267E-08
 16  32  13  512  0.2269E-08
 16  32  13  512  0.2266E-08
 16  32  14  512  0.2191E-08
 16  32  14  512  0.2161E-08
 16  32  14  512  0.2161E-08
 16  32  14  512  0.2160E-08
 16  32  14  512  0.2159E-08
 16  32  14  512  0.2158E-08
 16  32  14  512  0.2159E-08
 16  32  14  512  0.2161E-08
 16  32  14  512  0.2160E-08
 16  32  14  512  0.2159E-08
 16  32  15  512  0.2362E-08
 16  32  15  512  0.2342E-08
 16  32  15  512  0.2341E-08
 16  32  15  512  0.2341E-08
 16  32  15  512  0.2340E-08
 16  32  15  512  0.2338E-08
 16  32  15  512  0.2338E-08
 16  32  15  512  0.2339E-08
 16  32  15  512  0.2339E-08
 16  32  15  512  0.2339E-08
 16  32  16  512  0.2341E-08
 16  32  16  512  0.2319E-08
 16  32  16  512  0.2318E-08
 16  32  16  512  0.2317E-08
 16  32  16  512  0.2317E-08
 16  32  16  512  0.2316E-08
 16  32  16  512  0.2316E-08
 16  32  16  512  0.2317E-08
 16  32  16  512  0.2316E-08
 16  32  16  512  0.2317E-08
 16  32  17  512  0.2736E-08
 16  32  17  512  0.2714E-08
 16  32  17  512  0.2713E-08
 16  32  17  512  0.2713E-08
 16  32  17  512  0.2712E-08
 16  32  17  512  0.2712E-08
 16  32  17  512  0.2713E-08
 16  32  17  512  0.2712E-08
 16  32  17  512  0.2713E-08
 16  32  17  512  0.2712E-08
 16  32  18  512  0.2701E-08
 16  32  18  512  0.2680E-08
 16  32  18  512  0.2680E-08
 16  32  18  512  0.2679E-08
 16  32  18  512  0.2679E-08
 16  32  18  512  0.2679E-08
 16  32  18  512  0.2680E-08
 16  32  18  512  0.2680E-08
 16  32  18  512  0.2679E-08
 16  32  18  512  0.2680E-08
 16  32  19  512  0.2915E-08
 16  32  19  512  0.2892E-08
 16  32  19  512  0.2892E-08
 16  32  19  512  0.2891E-08
 16  32  19  512  0.2891E-08
 16  32  19  512  0.2892E-08
 16  32  19  512  0.2892E-08
 16  32  19  512  0.2891E-08
 16  32  19  512  0.2892E-08
 16  32  19  512  0.2892E-08
 16  32  20  512  0.2823E-08
 16  32  20  512  0.2801E-08
 16  32  20  512  0.2800E-08
 16  32  20  512  0.2800E-08
 16  32  20  512  0.2800E-08
 16  32  20  512  0.2800E-08
 16  32  20  512  0.2800E-08
 16  32  20  512  0.2800E-08
 16  32  20  512  0.2800E-08
 16  32  20  512  0.2799E-08
