 16  512  3  8192  0.1155E-08
 16  512  3  8192  0.1123E-08
 16  512  3  8192  0.1124E-08
 16  512  3  8192  0.1128E-08
 16  512  3  8192  0.1146E-08
 16  512  3  8192  0.1135E-08
 16  512  3  8192  0.1147E-08
 16  512  3  8192  0.1145E-08
 16  512  3  8192  0.1123E-08
 16  512  3  8192  0.1140E-08
 16  512  4  8192  0.6143E-09
 16  512  4  8192  0.6234E-09
 16  512  4  8192  0.6160E-09
 16  512  4  8192  0.6180E-09
 16  512  4  8192  0.6106E-09
 16  512  4  8192  0.6029E-09
 16  512  4  8192  0.6066E-09
 16  512  4  8192  0.6120E-09
 16  512  4  8192  0.6055E-09
 16  512  4  8192  0.6102E-09
 16  512  5  8192  0.4645E-09
 16  512  5  8192  0.4620E-09
 16  512  5  8192  0.4531E-09
 16  512  5  8192  0.4706E-09
 16  512  5  8192  0.4573E-09
 16  512  5  8192  0.4553E-09
 16  512  5  8192  0.4574E-09
 16  512  5  8192  0.4652E-09
 16  512  5  8192  0.4578E-09
 16  512  5  8192  0.4517E-09
 16  512  6  8192  0.3355E-09
 16  512  6  8192  0.3335E-09
 16  512  6  8192  0.3307E-09
 16  512  6  8192  0.3322E-09
 16  512  6  8192  0.3327E-09
 16  512  6  8192  0.3355E-09
 16  512  6  8192  0.3326E-09
 16  512  6  8192  0.3336E-09
 16  512  6  8192  0.3346E-09
 16  512  6  8192  0.3324E-09
 16  512  7  8192  0.2724E-09
 16  512  7  8192  0.2692E-09
 16  512  7  8192  0.2722E-09
 16  512  7  8192  0.2692E-09
 16  512  7  8192  0.2720E-09
 16  512  7  8192  0.2697E-09
 16  512  7  8192  0.2737E-09
 16  512  7  8192  0.2805E-09
 16  512  7  8192  0.2802E-09
 16  512  7  8192  0.2810E-09
 16  512  8  8192  0.2182E-09
 16  512  8  8192  0.2176E-09
 16  512  8  8192  0.2188E-09
 16  512  8  8192  0.2171E-09
 16  512  8  8192  0.2167E-09
 16  512  8  8192  0.2176E-09
 16  512  8  8192  0.2189E-09
 16  512  8  8192  0.2198E-09
 16  512  8  8192  0.2172E-09
 16  512  8  8192  0.2187E-09
 16  512  9  8192  0.2036E-09
 16  512  9  8192  0.2026E-09
 16  512  9  8192  0.2039E-09
 16  512  9  8192  0.2024E-09
 16  512  9  8192  0.2028E-09
 16  512  9  8192  0.2032E-09
 16  512  9  8192  0.2052E-09
 16  512  9  8192  0.2029E-09
 16  512  9  8192  0.2028E-09
 16  512  9  8192  0.2024E-09
 16  512  10  8192  0.1904E-09
 16  512  10  8192  0.1897E-09
 16  512  10  8192  0.1926E-09
 16  512  10  8192  0.1902E-09
 16  512  10  8192  0.1925E-09
 16  512  10  8192  0.1901E-09
 16  512  10  8192  0.1904E-09
 16  512  10  8192  0.1900E-09
 16  512  10  8192  0.1909E-09
 16  512  10  8192  0.1920E-09
 16  512  11  8192  0.1822E-09
 16  512  11  8192  0.1814E-09
 16  512  11  8192  0.1818E-09
 16  512  11  8192  0.1819E-09
 16  512  11  8192  0.1830E-09
 16  512  11  8192  0.1827E-09
 16  512  11  8192  0.1815E-09
 16  512  11  8192  0.1815E-09
 16  512  11  8192  0.1816E-09
 16  512  11  8192  0.1834E-09
 16  512  12  8192  0.1727E-09
 16  512  12  8192  0.1724E-09
 16  512  12  8192  0.1733E-09
 16  512  12  8192  0.1724E-09
 16  512  12  8192  0.1722E-09
 16  512  12  8192  0.1723E-09
 16  512  12  8192  0.1724E-09
 16  512  12  8192  0.1723E-09
 16  512  12  8192  0.1725E-09
 16  512  12  8192  0.1720E-09
 16  512  13  8192  0.1639E-09
 16  512  13  8192  0.1636E-09
 16  512  13  8192  0.1637E-09
 16  512  13  8192  0.1638E-09
 16  512  13  8192  0.1638E-09
 16  512  13  8192  0.1651E-09
 16  512  13  8192  0.1636E-09
 16  512  13  8192  0.1638E-09
 16  512  13  8192  0.1637E-09
 16  512  13  8192  0.1638E-09
 16  512  14  8192  0.1600E-09
 16  512  14  8192  0.1595E-09
 16  512  14  8192  0.1601E-09
 16  512  14  8192  0.1604E-09
 16  512  14  8192  0.1606E-09
 16  512  14  8192  0.1607E-09
 16  512  14  8192  0.1609E-09
 16  512  14  8192  0.1610E-09
 16  512  14  8192  0.1609E-09
 16  512  14  8192  0.1622E-09
 16  512  15  8192  0.1601E-09
 16  512  15  8192  0.1606E-09
 16  512  15  8192  0.1607E-09
 16  512  15  8192  0.1608E-09
 16  512  15  8192  0.1597E-09
 16  512  15  8192  0.1599E-09
 16  512  15  8192  0.1598E-09
 16  512  15  8192  0.1600E-09
 16  512  15  8192  0.1606E-09
 16  512  15  8192  0.1597E-09
 16  512  16  8192  0.1571E-09
 16  512  16  8192  0.1569E-09
 16  512  16  8192  0.1564E-09
 16  512  16  8192  0.1561E-09
 16  512  16  8192  0.1567E-09
 16  512  16  8192  0.1570E-09
 16  512  16  8192  0.1576E-09
 16  512  16  8192  0.1563E-09
 16  512  16  8192  0.1569E-09
 16  512  16  8192  0.1560E-09
 16  512  17  8192  0.1787E-09
 16  512  17  8192  0.1794E-09
 16  512  17  8192  0.1801E-09
 16  512  17  8192  0.1796E-09
 16  512  17  8192  0.1793E-09
 16  512  17  8192  0.1787E-09
 16  512  17  8192  0.1799E-09
 16  512  17  8192  0.1800E-09
 16  512  17  8192  0.1796E-09
 16  512  17  8192  0.1787E-09
 16  512  18  8192  0.1750E-09
 16  512  18  8192  0.1750E-09
 16  512  18  8192  0.1749E-09
 16  512  18  8192  0.1762E-09
 16  512  18  8192  0.1749E-09
 16  512  18  8192  0.1750E-09
 16  512  18  8192  0.1750E-09
 16  512  18  8192  0.1763E-09
 16  512  18  8192  0.1750E-09
 16  512  18  8192  0.1749E-09
 16  512  19  8192  0.1850E-09
 16  512  19  8192  0.1855E-09
 16  512  19  8192  0.1853E-09
 16  512  19  8192  0.1850E-09
 16  512  19  8192  0.1855E-09
 16  512  19  8192  0.1855E-09
 16  512  19  8192  0.1850E-09
 16  512  19  8192  0.1854E-09
 16  512  19  8192  0.1854E-09
 16  512  19  8192  0.1849E-09
 16  512  20  8192  0.2019E-09
 16  512  20  8192  0.1993E-09
 16  512  20  8192  0.2008E-09
 16  512  20  8192  0.2038E-09
 16  512  20  8192  0.1992E-09
 16  512  20  8192  0.2024E-09
 16  512  20  8192  0.2026E-09
 16  512  20  8192  0.2019E-09
 16  512  20  8192  0.2028E-09
 16  512  20  8192  0.2019E-09
