 16  256  3  4096  0.2810E-08
 16  256  3  4096  0.2376E-08
 16  256  3  4096  0.2388E-08
 16  256  3  4096  0.2384E-08
 16  256  3  4096  0.2425E-08
 16  256  3  4096  0.2383E-08
 16  256  3  4096  0.2365E-08
 16  256  3  4096  0.2323E-08
 16  256  3  4096  0.2342E-08
 16  256  3  4096  0.2331E-08
 16  256  4  4096  0.1299E-08
 16  256  4  4096  0.1251E-08
 16  256  4  4096  0.1268E-08
 16  256  4  4096  0.1244E-08
 16  256  4  4096  0.1264E-08
 16  256  4  4096  0.1265E-08
 16  256  4  4096  0.1239E-08
 16  256  4  4096  0.1252E-08
 16  256  4  4096  0.1246E-08
 16  256  4  4096  0.1278E-08
 16  256  5  4096  0.9407E-09
 16  256  5  4096  0.9363E-09
 16  256  5  4096  0.9221E-09
 16  256  5  4096  0.9293E-09
 16  256  5  4096  0.9241E-09
 16  256  5  4096  0.9275E-09
 16  256  5  4096  0.9235E-09
 16  256  5  4096  0.9317E-09
 16  256  5  4096  0.9330E-09
 16  256  5  4096  0.9365E-09
 16  256  6  4096  0.6734E-09
 16  256  6  4096  0.6683E-09
 16  256  6  4096  0.6695E-09
 16  256  6  4096  0.6657E-09
 16  256  6  4096  0.6697E-09
 16  256  6  4096  0.6642E-09
 16  256  6  4096  0.6648E-09
 16  256  6  4096  0.6680E-09
 16  256  6  4096  0.6672E-09
 16  256  6  4096  0.6650E-09
 16  256  7  4096  0.5520E-09
 16  256  7  4096  0.5455E-09
 16  256  7  4096  0.5461E-09
 16  256  7  4096  0.5432E-09
 16  256  7  4096  0.5444E-09
 16  256  7  4096  0.5477E-09
 16  256  7  4096  0.5445E-09
 16  256  7  4096  0.5452E-09
 16  256  7  4096  0.5465E-09
 16  256  7  4096  0.5464E-09
 16  256  8  4096  0.4495E-09
 16  256  8  4096  0.4489E-09
 16  256  8  4096  0.4490E-09
 16  256  8  4096  0.4483E-09
 16  256  8  4096  0.4495E-09
 16  256  8  4096  0.4462E-09
 16  256  8  4096  0.4506E-09
 16  256  8  4096  0.4479E-09
 16  256  8  4096  0.4478E-09
 16  256  8  4096  0.4492E-09
 16  256  9  4096  0.4280E-09
 16  256  9  4096  0.4271E-09
 16  256  9  4096  0.4226E-09
 16  256  9  4096  0.4228E-09
 16  256  9  4096  0.4242E-09
 16  256  9  4096  0.4235E-09
 16  256  9  4096  0.4292E-09
 16  256  9  4096  0.4210E-09
 16  256  9  4096  0.4239E-09
 16  256  9  4096  0.4227E-09
 16  256  10  4096  0.3938E-09
 16  256  10  4096  0.3929E-09
 16  256  10  4096  0.3917E-09
 16  256  10  4096  0.3922E-09
 16  256  10  4096  0.3924E-09
 16  256  10  4096  0.3919E-09
 16  256  10  4096  0.3921E-09
 16  256  10  4096  0.3921E-09
 16  256  10  4096  0.3918E-09
 16  256  10  4096  0.3922E-09
 16  256  11  4096  0.3795E-09
 16  256  11  4096  0.3820E-09
 16  256  11  4096  0.3780E-09
 16  256  11  4096  0.3783E-09
 16  256  11  4096  0.3777E-09
 16  256  11  4096  0.3781E-09
 16  256  11  4096  0.3783E-09
 16  256  11  4096  0.3774E-09
 16  256  11  4096  0.3783E-09
 16  256  11  4096  0.3779E-09
 16  256  12  4096  0.3518E-09
 16  256  12  4096  0.3510E-09
 16  256  12  4096  0.3505E-09
 16  256  12  4096  0.3545E-09
 16  256  12  4096  0.3507E-09
 16  256  12  4096  0.3511E-09
 16  256  12  4096  0.3509E-09
 16  256  12  4096  0.3508E-09
 16  256  12  4096  0.3505E-09
 16  256  12  4096  0.3509E-09
 16  256  13  4096  0.3457E-09
 16  256  13  4096  0.3454E-09
 16  256  13  4096  0.3452E-09
 16  256  13  4096  0.3456E-09
 16  256  13  4096  0.3453E-09
 16  256  13  4096  0.3450E-09
 16  256  13  4096  0.3481E-09
 16  256  13  4096  0.3451E-09
 16  256  13  4096  0.3455E-09
 16  256  13  4096  0.3449E-09
 16  256  14  4096  0.3402E-09
 16  256  14  4096  0.3417E-09
 16  256  14  4096  0.3407E-09
 16  256  14  4096  0.3427E-09
 16  256  14  4096  0.3410E-09
 16  256  14  4096  0.3412E-09
 16  256  14  4096  0.3411E-09
 16  256  14  4096  0.3409E-09
 16  256  14  4096  0.3412E-09
 16  256  14  4096  0.3414E-09
 16  256  15  4096  0.3404E-09
 16  256  15  4096  0.3381E-09
 16  256  15  4096  0.3381E-09
 16  256  15  4096  0.3383E-09
 16  256  15  4096  0.3381E-09
 16  256  15  4096  0.3381E-09
 16  256  15  4096  0.3381E-09
 16  256  15  4096  0.3398E-09
 16  256  15  4096  0.3384E-09
 16  256  15  4096  0.3385E-09
 16  256  16  4096  0.3277E-09
 16  256  16  4096  0.3278E-09
 16  256  16  4096  0.3279E-09
 16  256  16  4096  0.3289E-09
 16  256  16  4096  0.3281E-09
 16  256  16  4096  0.3274E-09
 16  256  16  4096  0.3275E-09
 16  256  16  4096  0.3274E-09
 16  256  16  4096  0.3276E-09
 16  256  16  4096  0.3290E-09
 16  256  17  4096  0.3902E-09
 16  256  17  4096  0.3895E-09
 16  256  17  4096  0.3903E-09
 16  256  17  4096  0.3910E-09
 16  256  17  4096  0.3907E-09
 16  256  17  4096  0.3894E-09
 16  256  17  4096  0.3899E-09
 16  256  17  4096  0.3889E-09
 16  256  17  4096  0.3901E-09
 16  256  17  4096  0.3896E-09
 16  256  18  4096  0.3630E-09
 16  256  18  4096  0.3642E-09
 16  256  18  4096  0.3640E-09
 16  256  18  4096  0.3626E-09
 16  256  18  4096  0.3627E-09
 16  256  18  4096  0.3640E-09
 16  256  18  4096  0.3638E-09
 16  256  18  4096  0.3628E-09
 16  256  18  4096  0.3627E-09
 16  256  18  4096  0.3653E-09
 16  256  19  4096  0.3844E-09
 16  256  19  4096  0.3849E-09
 16  256  19  4096  0.3842E-09
 16  256  19  4096  0.3841E-09
 16  256  19  4096  0.3852E-09
 16  256  19  4096  0.3840E-09
 16  256  19  4096  0.3842E-09
 16  256  19  4096  0.3852E-09
 16  256  19  4096  0.3841E-09
 16  256  19  4096  0.3841E-09
 16  256  20  4096  0.3747E-09
 16  256  20  4096  0.3735E-09
 16  256  20  4096  0.3736E-09
 16  256  20  4096  0.3746E-09
 16  256  20  4096  0.3736E-09
 16  256  20  4096  0.3747E-09
 16  256  20  4096  0.3735E-09
 16  256  20  4096  0.3735E-09
 16  256  20  4096  0.3745E-09
 16  256  20  4096  0.3734E-09
