 16  512  3  8192  0.1034E-08
 16  512  3  8192  0.9732E-09
 16  512  3  8192  0.9666E-09
 16  512  3  8192  0.9708E-09
 16  512  3  8192  0.9460E-09
 16  512  3  8192  0.9519E-09
 16  512  3  8192  0.9440E-09
 16  512  3  8192  0.9596E-09
 16  512  3  8192  0.9460E-09
 16  512  3  8192  0.9541E-09
 16  512  4  8192  0.5891E-09
 16  512  4  8192  0.5502E-09
 16  512  4  8192  0.5523E-09
 16  512  4  8192  0.5586E-09
 16  512  4  8192  0.5531E-09
 16  512  4  8192  0.5492E-09
 16  512  4  8192  0.5503E-09
 16  512  4  8192  0.5508E-09
 16  512  4  8192  0.5534E-09
 16  512  4  8192  0.5431E-09
 16  512  5  8192  0.4364E-09
 16  512  5  8192  0.4280E-09
 16  512  5  8192  0.4334E-09
 16  512  5  8192  0.4311E-09
 16  512  5  8192  0.4293E-09
 16  512  5  8192  0.4204E-09
 16  512  5  8192  0.4233E-09
 16  512  5  8192  0.4291E-09
 16  512  5  8192  0.4291E-09
 16  512  5  8192  0.4300E-09
 16  512  6  8192  0.3222E-09
 16  512  6  8192  0.3157E-09
 16  512  6  8192  0.3143E-09
 16  512  6  8192  0.3150E-09
 16  512  6  8192  0.3134E-09
 16  512  6  8192  0.3129E-09
 16  512  6  8192  0.3133E-09
 16  512  6  8192  0.3149E-09
 16  512  6  8192  0.3134E-09
 16  512  6  8192  0.3134E-09
 16  512  7  8192  0.2664E-09
 16  512  7  8192  0.2609E-09
 16  512  7  8192  0.2601E-09
 16  512  7  8192  0.2604E-09
 16  512  7  8192  0.2628E-09
 16  512  7  8192  0.2600E-09
 16  512  7  8192  0.2607E-09
 16  512  7  8192  0.2602E-09
 16  512  7  8192  0.2602E-09
 16  512  7  8192  0.2612E-09
 16  512  8  8192  0.2251E-09
 16  512  8  8192  0.2212E-09
 16  512  8  8192  0.2214E-09
 16  512  8  8192  0.2205E-09
 16  512  8  8192  0.2213E-09
 16  512  8  8192  0.2219E-09
 16  512  8  8192  0.2215E-09
 16  512  8  8192  0.2235E-09
 16  512  8  8192  0.2214E-09
 16  512  8  8192  0.2206E-09
 16  512  9  8192  0.2109E-09
 16  512  9  8192  0.2078E-09
 16  512  9  8192  0.2071E-09
 16  512  9  8192  0.2078E-09
 16  512  9  8192  0.2077E-09
 16  512  9  8192  0.2107E-09
 16  512  9  8192  0.2088E-09
 16  512  9  8192  0.2077E-09
 16  512  9  8192  0.2072E-09
 16  512  9  8192  0.2086E-09
 16  512  10  8192  0.1973E-09
 16  512  10  8192  0.1956E-09
 16  512  10  8192  0.1977E-09
 16  512  10  8192  0.1957E-09
 16  512  10  8192  0.1951E-09
 16  512  10  8192  0.1954E-09
 16  512  10  8192  0.1949E-09
 16  512  10  8192  0.1954E-09
 16  512  10  8192  0.1977E-09
 16  512  10  8192  0.1958E-09
 16  512  11  8192  0.1898E-09
 16  512  11  8192  0.1877E-09
 16  512  11  8192  0.1878E-09
 16  512  11  8192  0.1890E-09
 16  512  11  8192  0.1879E-09
 16  512  11  8192  0.1872E-09
 16  512  11  8192  0.1870E-09
 16  512  11  8192  0.1874E-09
 16  512  11  8192  0.1876E-09
 16  512  11  8192  0.1892E-09
 16  512  12  8192  0.1707E-09
 16  512  12  8192  0.1688E-09
 16  512  12  8192  0.1700E-09
 16  512  12  8192  0.1691E-09
 16  512  12  8192  0.1746E-09
 16  512  12  8192  0.1740E-09
 16  512  12  8192  0.1742E-09
 16  512  12  8192  0.1748E-09
 16  512  12  8192  0.1748E-09
 16  512  12  8192  0.1747E-09
 16  512  13  8192  0.1694E-09
 16  512  13  8192  0.1672E-09
 16  512  13  8192  0.1672E-09
 16  512  13  8192  0.1673E-09
 16  512  13  8192  0.1670E-09
 16  512  13  8192  0.1670E-09
 16  512  13  8192  0.1672E-09
 16  512  13  8192  0.1674E-09
 16  512  13  8192  0.1670E-09
 16  512  13  8192  0.1672E-09
 16  512  14  8192  0.1590E-09
 16  512  14  8192  0.1577E-09
 16  512  14  8192  0.1568E-09
 16  512  14  8192  0.1579E-09
 16  512  14  8192  0.1578E-09
 16  512  14  8192  0.1565E-09
 16  512  14  8192  0.1565E-09
 16  512  14  8192  0.1567E-09
 16  512  14  8192  0.1568E-09
 16  512  14  8192  0.1579E-09
 16  512  15  8192  0.1677E-09
 16  512  15  8192  0.1659E-09
 16  512  15  8192  0.1646E-09
 16  512  15  8192  0.1647E-09
 16  512  15  8192  0.1647E-09
 16  512  15  8192  0.1651E-09
 16  512  15  8192  0.1660E-09
 16  512  15  8192  0.1662E-09
 16  512  15  8192  0.1664E-09
 16  512  15  8192  0.1652E-09
 16  512  16  8192  0.1629E-09
 16  512  16  8192  0.1620E-09
 16  512  16  8192  0.1626E-09
 16  512  16  8192  0.1621E-09
 16  512  16  8192  0.1621E-09
 16  512  16  8192  0.1613E-09
 16  512  16  8192  0.1612E-09
 16  512  16  8192  0.1619E-09
 16  512  16  8192  0.1628E-09
 16  512  16  8192  0.1621E-09
 16  512  17  8192  0.1864E-09
 16  512  17  8192  0.1841E-09
 16  512  17  8192  0.1848E-09
 16  512  17  8192  0.1859E-09
 16  512  17  8192  0.1848E-09
 16  512  17  8192  0.1842E-09
 16  512  17  8192  0.1841E-09
 16  512  17  8192  0.1858E-09
 16  512  17  8192  0.1852E-09
 16  512  17  8192  0.1848E-09
 16  512  18  8192  0.1835E-09
 16  512  18  8192  0.1805E-09
 16  512  18  8192  0.1805E-09
 16  512  18  8192  0.1811E-09
 16  512  18  8192  0.1811E-09
 16  512  18  8192  0.1803E-09
 16  512  18  8192  0.1811E-09
 16  512  18  8192  0.1806E-09
 16  512  18  8192  0.1817E-09
 16  512  18  8192  0.1799E-09
 16  512  19  8192  0.1942E-09
 16  512  19  8192  0.1930E-09
 16  512  19  8192  0.1929E-09
 16  512  19  8192  0.1925E-09
 16  512  19  8192  0.1930E-09
 16  512  19  8192  0.1929E-09
 16  512  19  8192  0.1923E-09
 16  512  19  8192  0.1928E-09
 16  512  19  8192  0.1930E-09
 16  512  19  8192  0.1924E-09
 16  512  20  8192  0.1951E-09
 16  512  20  8192  0.1940E-09
 16  512  20  8192  0.1941E-09
 16  512  20  8192  0.1946E-09
 16  512  20  8192  0.1943E-09
 16  512  20  8192  0.1949E-09
 16  512  20  8192  0.1951E-09
 16  512  20  8192  0.1950E-09
 16  512  20  8192  0.1951E-09
 16  512  20  8192  0.1949E-09
