 16  2  3  32  0.1324E-06
 16  2  3  32  0.1204E-06
 16  2  3  32  0.1165E-06
 16  2  3  32  0.1196E-06
 16  2  3  32  0.1127E-06
 16  2  3  32  0.1099E-06
 16  2  3  32  0.1099E-06
 16  2  3  32  0.1245E-06
 16  2  3  32  0.1158E-06
 16  2  3  32  0.1405E-06
 16  2  4  32  0.5386E-07
 16  2  4  32  0.4657E-07
 16  2  4  32  0.5045E-07
 16  2  4  32  0.4505E-07
 16  2  4  32  0.5437E-07
 16  2  4  32  0.4948E-07
 16  2  4  32  0.4703E-07
 16  2  4  32  0.4769E-07
 16  2  4  32  0.5029E-07
 16  2  4  32  0.4979E-07
 16  2  5  32  0.5726E-07
 16  2  5  32  0.4774E-07
 16  2  5  32  0.4750E-07
 16  2  5  32  0.4790E-07
 16  2  5  32  0.4607E-07
 16  2  5  32  0.4884E-07
 16  2  5  32  0.4850E-07
 16  2  5  32  0.4792E-07
 16  2  5  32  0.4725E-07
 16  2  5  32  0.4884E-07
 16  2  6  32  0.5459E-07
 16  2  6  32  0.5237E-07
 16  2  6  32  0.5064E-07
 16  2  6  32  0.5411E-07
 16  2  6  32  0.5348E-07
 16  2  6  32  0.5054E-07
 16  2  6  32  0.5030E-07
 16  2  6  32  0.5207E-07
 16  2  6  32  0.5039E-07
 16  2  6  32  0.5059E-07
 16  2  7  32  0.4310E-07
 16  2  7  32  0.4097E-07
 16  2  7  32  0.3987E-07
 16  2  7  32  0.3957E-07
 16  2  7  32  0.4158E-07
 16  2  7  32  0.3963E-07
 16  2  7  32  0.4124E-07
 16  2  7  32  0.3954E-07
 16  2  7  32  0.3975E-07
 16  2  7  32  0.4097E-07
 16  2  8  32  0.4328E-07
 16  2  8  32  0.3853E-07
 16  2  8  32  0.4079E-07
 16  2  8  32  0.3874E-07
 16  2  8  32  0.4083E-07
 16  2  8  32  0.3994E-07
 16  2  8  32  0.4024E-07
 16  2  8  32  0.3986E-07
 16  2  8  32  0.4016E-07
 16  2  8  32  0.4020E-07
 16  2  9  32  0.4291E-07
 16  2  9  32  0.4040E-07
 16  2  9  32  0.4032E-07
 16  2  9  32  0.4098E-07
 16  2  9  32  0.4119E-07
 16  2  9  32  0.4107E-07
 16  2  9  32  0.4031E-07
 16  2  9  32  0.4081E-07
 16  2  9  32  0.4240E-07
 16  2  9  32  0.4112E-07
 16  2  10  32  0.5293E-07
 16  2  10  32  0.5198E-07
 16  2  10  32  0.5180E-07
 16  2  10  32  0.5166E-07
 16  2  10  32  0.5227E-07
 16  2  10  32  0.5168E-07
 16  2  10  32  0.5164E-07
 16  2  10  32  0.5160E-07
 16  2  10  32  0.5177E-07
 16  2  10  32  0.5284E-07
 16  2  11  32  0.3157E-07
 16  2  11  32  0.3158E-07
 16  2  11  32  0.3159E-07
 16  2  11  32  0.3158E-07
 16  2  11  32  0.3161E-07
 16  2  11  32  0.3159E-07
 16  2  11  32  0.3160E-07
 16  2  11  32  0.3159E-07
 16  2  11  32  0.3159E-07
 16  2  11  32  0.3160E-07
 16  2  12  32  0.2942E-07
 16  2  12  32  0.2942E-07
 16  2  12  32  0.2941E-07
 16  2  12  32  0.2944E-07
 16  2  12  32  0.2941E-07
 16  2  12  32  0.2945E-07
 16  2  12  32  0.2940E-07
 16  2  12  32  0.2942E-07
 16  2  12  32  0.2941E-07
 16  2  12  32  0.2944E-07
 16  2  13  32  0.3072E-07
 16  2  13  32  0.3072E-07
 16  2  13  32  0.3075E-07
 16  2  13  32  0.3074E-07
 16  2  13  32  0.3073E-07
 16  2  13  32  0.3077E-07
 16  2  13  32  0.3127E-07
 16  2  13  32  0.3075E-07
 16  2  13  32  0.3075E-07
 16  2  13  32  0.3073E-07
 16  2  14  32  0.2948E-07
 16  2  14  32  0.2948E-07
 16  2  14  32  0.2949E-07
 16  2  14  32  0.2949E-07
 16  2  14  32  0.2948E-07
 16  2  14  32  0.2948E-07
 16  2  14  32  0.2948E-07
 16  2  14  32  0.2947E-07
 16  2  14  32  0.2949E-07
 16  2  14  32  0.2947E-07
 16  2  15  32  0.3230E-07
 16  2  15  32  0.3228E-07
 16  2  15  32  0.3230E-07
 16  2  15  32  0.3229E-07
 16  2  15  32  0.3231E-07
 16  2  15  32  0.3230E-07
 16  2  15  32  0.3231E-07
 16  2  15  32  0.3230E-07
 16  2  15  32  0.3230E-07
 16  2  15  32  0.3230E-07
 16  2  15  32  0.3233E-07
 16  2  15  32  0.3233E-07
 16  2  15  32  0.3233E-07
 16  2  15  32  0.3234E-07
 16  2  15  32  0.3233E-07
 16  2  15  32  0.3233E-07
 16  2  15  32  0.3232E-07
 16  2  15  32  0.3233E-07
 16  2  15  32  0.3233E-07
 16  2  15  32  0.3232E-07
 16  2  16  32  0.3238E-07
 16  2  16  32  0.3238E-07
 16  2  16  32  0.3239E-07
 16  2  16  32  0.3238E-07
 16  2  16  32  0.3238E-07
 16  2  16  32  0.3240E-07
 16  2  16  32  0.3261E-07
 16  2  16  32  0.3239E-07
 16  2  16  32  0.3238E-07
 16  2  16  32  0.3238E-07
 16  2  17  32  0.3870E-07
 16  2  17  32  0.3871E-07
 16  2  17  32  0.3871E-07
 16  2  17  32  0.3870E-07
 16  2  17  32  0.3872E-07
 16  2  17  32  0.3871E-07
 16  2  17  32  0.3872E-07
 16  2  17  32  0.3871E-07
 16  2  17  32  0.3871E-07
 16  2  17  32  0.3871E-07
 16  2  18  32  0.3821E-07
 16  2  18  32  0.3821E-07
 16  2  18  32  0.3822E-07
 16  2  18  32  0.3841E-07
 16  2  18  32  0.3822E-07
 16  2  18  32  0.3820E-07
 16  2  18  32  0.3822E-07
 16  2  18  32  0.3821E-07
 16  2  18  32  0.3843E-07
 16  2  18  32  0.3821E-07
 16  2  19  32  0.4104E-07
 16  2  19  32  0.4105E-07
 16  2  19  32  0.4106E-07
 16  2  19  32  0.4105E-07
 16  2  19  32  0.4106E-07
 16  2  19  32  0.4106E-07
 16  2  19  32  0.4106E-07
 16  2  19  32  0.4106E-07
 16  2  19  32  0.4107E-07
 16  2  19  32  0.4106E-07
 16  2  20  32  0.4053E-07
 16  2  20  32  0.4053E-07
 16  2  20  32  0.4054E-07
 16  2  20  32  0.4052E-07
 16  2  20  32  0.4054E-07
 16  2  20  32  0.4054E-07
 16  2  20  32  0.4053E-07
 16  2  20  32  0.4053E-07
 16  2  20  32  0.4053E-07
 16  2  20  32  0.4054E-07
