 16  8  3  128  0.3974E-07
 16  8  3  128  0.3886E-07
 16  8  3  128  0.3482E-07
 16  8  3  128  0.3511E-07
 16  8  3  128  0.3270E-07
 16  8  3  128  0.3183E-07
 16  8  3  128  0.3134E-07
 16  8  3  128  0.3153E-07
 16  8  3  128  0.3164E-07
 16  8  3  128  0.3086E-07
 16  8  4  128  0.1823E-07
 16  8  4  128  0.1526E-07
 16  8  4  128  0.1538E-07
 16  8  4  128  0.1363E-07
 16  8  4  128  0.1335E-07
 16  8  4  128  0.1380E-07
 16  8  4  128  0.1318E-07
 16  8  4  128  0.1351E-07
 16  8  4  128  0.1660E-07
 16  8  4  128  0.1315E-07
 16  8  5  128  0.2283E-07
 16  8  5  128  0.1754E-07
 16  8  5  128  0.1783E-07
 16  8  5  128  0.1351E-07
 16  8  5  128  0.1879E-07
 16  8  5  128  0.1773E-07
 16  8  5  128  0.1760E-07
 16  8  5  128  0.1773E-07
 16  8  5  128  0.1760E-07
 16  8  5  128  0.1766E-07
 16  8  6  128  0.1792E-07
 16  8  6  128  0.1424E-07
 16  8  6  128  0.1371E-07
 16  8  6  128  0.1364E-07
 16  8  6  128  0.1414E-07
 16  8  6  128  0.1375E-07
 16  8  6  128  0.1371E-07
 16  8  6  128  0.1362E-07
 16  8  6  128  0.1478E-07
 16  8  6  128  0.1368E-07
 16  8  7  128  0.7294E-08
 16  8  7  128  0.7261E-08
 16  8  7  128  0.7252E-08
 16  8  7  128  0.7256E-08
 16  8  7  128  0.7269E-08
 16  8  7  128  0.7263E-08
 16  8  7  128  0.7281E-08
 16  8  7  128  0.7275E-08
 16  8  7  128  0.7259E-08
 16  8  7  128  0.7262E-08
 16  8  8  128  0.6384E-08
 16  8  8  128  0.6366E-08
 16  8  8  128  0.6375E-08
 16  8  8  128  0.6375E-08
 16  8  8  128  0.6373E-08
 16  8  8  128  0.6365E-08
 16  8  8  128  0.6363E-08
 16  8  8  128  0.6377E-08
 16  8  8  128  0.6366E-08
 16  8  8  128  0.6371E-08
 16  8  9  128  0.7448E-08
 16  8  9  128  0.7425E-08
 16  8  9  128  0.7429E-08
 16  8  9  128  0.7432E-08
 16  8  9  128  0.7427E-08
 16  8  9  128  0.7427E-08
 16  8  9  128  0.7426E-08
 16  8  9  128  0.7431E-08
 16  8  9  128  0.7427E-08
 16  8  9  128  0.7434E-08
 16  8  10  128  0.7823E-08
 16  8  10  128  0.7816E-08
 16  8  10  128  0.7827E-08
 16  8  10  128  0.7811E-08
 16  8  10  128  0.7812E-08
 16  8  10  128  0.7815E-08
 16  8  10  128  0.7832E-08
 16  8  10  128  0.7812E-08
 16  8  10  128  0.7815E-08
 16  8  10  128  0.7826E-08
 16  8  11  128  0.8132E-08
 16  8  11  128  0.8123E-08
 16  8  11  128  0.8122E-08
 16  8  11  128  0.8127E-08
 16  8  11  128  0.8119E-08
 16  8  11  128  0.8123E-08
 16  8  11  128  0.8117E-08
 16  8  11  128  0.8127E-08
 16  8  11  128  0.8136E-08
 16  8  11  128  0.8120E-08
 16  8  12  128  0.7553E-08
 16  8  12  128  0.7547E-08
 16  8  12  128  0.7544E-08
 16  8  12  128  0.7545E-08
 16  8  12  128  0.7545E-08
 16  8  12  128  0.7547E-08
 16  8  12  128  0.7552E-08
 16  8  12  128  0.7723E-08
 16  8  12  128  0.7548E-08
 16  8  12  128  0.7542E-08
 16  8  13  128  0.7871E-08
 16  8  13  128  0.7871E-08
 16  8  13  128  0.7868E-08
 16  8  13  128  0.7867E-08
 16  8  13  128  0.7867E-08
 16  8  13  128  0.7869E-08
 16  8  13  128  0.7866E-08
 16  8  13  128  0.7872E-08
 16  8  13  128  0.7871E-08
 16  8  13  128  0.7867E-08
 16  8  14  128  0.7561E-08
 16  8  14  128  0.7557E-08
 16  8  14  128  0.7560E-08
 16  8  14  128  0.7554E-08
 16  8  14  128  0.7555E-08
 16  8  14  128  0.7668E-08
 16  8  14  128  0.7555E-08
 16  8  14  128  0.7556E-08
 16  8  14  128  0.7559E-08
 16  8  14  128  0.7555E-08
 16  8  15  128  0.8294E-08
 16  8  15  128  0.8279E-08
 16  8  15  128  0.8284E-08
 16  8  15  128  0.8282E-08
 16  8  15  128  0.8278E-08
 16  8  15  128  0.8282E-08
 16  8  15  128  0.8279E-08
 16  8  15  128  0.8280E-08
 16  8  15  128  0.8280E-08
 16  8  15  128  0.8282E-08
 16  8  16  128  0.8276E-08
 16  8  16  128  0.8272E-08
 16  8  16  128  0.8272E-08
 16  8  16  128  0.8269E-08
 16  8  16  128  0.8270E-08
 16  8  16  128  0.8271E-08
 16  8  16  128  0.8271E-08
 16  8  16  128  0.8269E-08
 16  8  16  128  0.8269E-08
 16  8  16  128  0.8274E-08
 16  8  17  128  0.9857E-08
 16  8  17  128  0.9853E-08
 16  8  17  128  0.9855E-08
 16  8  17  128  0.9853E-08
 16  8  17  128  0.9855E-08
 16  8  17  128  0.9853E-08
 16  8  17  128  0.9855E-08
 16  8  17  128  0.9856E-08
 16  8  17  128  0.9852E-08
 16  8  17  128  0.9856E-08
 16  8  18  128  0.9681E-08
 16  8  18  128  0.9678E-08
 16  8  18  128  0.9679E-08
 16  8  18  128  0.9677E-08
 16  8  18  128  0.9679E-08
 16  8  18  128  0.9679E-08
 16  8  18  128  0.9680E-08
 16  8  18  128  0.9677E-08
 16  8  18  128  0.9681E-08
 16  8  18  128  0.9681E-08
 16  8  19  128  0.1044E-07
 16  8  19  128  0.1044E-07
 16  8  19  128  0.1044E-07
 16  8  19  128  0.1043E-07
 16  8  19  128  0.1044E-07
 16  8  19  128  0.1043E-07
 16  8  19  128  0.1044E-07
 16  8  19  128  0.1044E-07
 16  8  19  128  0.1043E-07
 16  8  19  128  0.1044E-07
 16  8  20  128  0.1030E-07
 16  8  20  128  0.1030E-07
 16  8  20  128  0.1030E-07
 16  8  20  128  0.1030E-07
 16  8  20  128  0.1030E-07
 16  8  20  128  0.1030E-07
 16  8  20  128  0.1030E-07
 16  8  20  128  0.1030E-07
 16  8  20  128  0.1030E-07
 16  8  20  128  0.1030E-07
