 16  8192  4  131072  0.6485E-10
 16  8192  4  131072  0.6349E-10
 16  8192  4  131072  0.6049E-10
 16  8192  4  131072  0.5744E-10
 16  8192  4  131072  0.5689E-10
 16  8192  4  131072  0.6060E-10
 16  8192  4  131072  0.6224E-10
 16  8192  4  131072  0.6305E-10
 16  8192  4  131072  0.6262E-10
 16  8192  4  131072  0.5848E-10
 16  8192  5  131072  0.4436E-10
 16  8192  5  131072  0.4207E-10
 16  8192  5  131072  0.4305E-10
 16  8192  5  131072  0.4311E-10
 16  8192  5  131072  0.4349E-10
 16  8192  5  131072  0.4323E-10
 16  8192  5  131072  0.4202E-10
 16  8192  5  131072  0.4131E-10
 16  8192  5  131072  0.4272E-10
 16  8192  5  131072  0.4368E-10
 16  8192  6  131072  0.2965E-10
 16  8192  6  131072  0.2924E-10
 16  8192  6  131072  0.2896E-10
 16  8192  6  131072  0.2888E-10
 16  8192  6  131072  0.2967E-10
 16  8192  6  131072  0.2979E-10
 16  8192  6  131072  0.2951E-10
 16  8192  6  131072  0.3038E-10
 16  8192  6  131072  0.3023E-10
 16  8192  6  131072  0.2958E-10
 16  8192  7  131072  0.2166E-10
 16  8192  7  131072  0.2209E-10
 16  8192  7  131072  0.2236E-10
 16  8192  7  131072  0.2154E-10
 16  8192  7  131072  0.2157E-10
 16  8192  7  131072  0.2246E-10
 16  8192  7  131072  0.2177E-10
 16  8192  7  131072  0.2137E-10
 16  8192  7  131072  0.2216E-10
 16  8192  7  131072  0.2205E-10
 16  8192  8  131072  0.1645E-10
 16  8192  8  131072  0.1647E-10
 16  8192  8  131072  0.1687E-10
 16  8192  8  131072  0.1635E-10
 16  8192  8  131072  0.1660E-10
 16  8192  8  131072  0.1692E-10
 16  8192  8  131072  0.1644E-10
 16  8192  8  131072  0.1677E-10
 16  8192  8  131072  0.1691E-10
 16  8192  8  131072  0.1649E-10
 16  8192  9  131072  0.1468E-10
 16  8192  9  131072  0.1494E-10
 16  8192  9  131072  0.1467E-10
 16  8192  9  131072  0.1477E-10
 16  8192  9  131072  0.1480E-10
 16  8192  9  131072  0.1461E-10
 16  8192  9  131072  0.1474E-10
 16  8192  9  131072  0.1462E-10
 16  8192  9  131072  0.1494E-10
 16  8192  9  131072  0.1466E-10
 16  8192  10  131072  0.1323E-10
 16  8192  10  131072  0.1311E-10
 16  8192  10  131072  0.1325E-10
 16  8192  10  131072  0.1321E-10
 16  8192  10  131072  0.1326E-10
 16  8192  10  131072  0.1303E-10
 16  8192  10  131072  0.1332E-10
 16  8192  10  131072  0.1316E-10
 16  8192  10  131072  0.1328E-10
 16  8192  10  131072  0.1324E-10
 16  8192  11  131072  0.1265E-10
 16  8192  11  131072  0.1251E-10
 16  8192  11  131072  0.1252E-10
 16  8192  11  131072  0.1259E-10
 16  8192  11  131072  0.1245E-10
 16  8192  11  131072  0.1254E-10
 16  8192  11  131072  0.1263E-10
 16  8192  11  131072  0.1252E-10
 16  8192  11  131072  0.1253E-10
 16  8192  11  131072  0.1249E-10
 16  8192  12  131072  0.1130E-10
 16  8192  12  131072  0.1121E-10
 16  8192  12  131072  0.1119E-10
 16  8192  12  131072  0.1114E-10
 16  8192  12  131072  0.1132E-10
 16  8192  12  131072  0.1124E-10
 16  8192  12  131072  0.1117E-10
 16  8192  12  131072  0.1113E-10
 16  8192  12  131072  0.1122E-10
 16  8192  12  131072  0.1124E-10
 16  8192  13  131072  0.1125E-10
 16  8192  13  131072  0.1119E-10
 16  8192  13  131072  0.1118E-10
 16  8192  13  131072  0.1118E-10
 16  8192  13  131072  0.1124E-10
 16  8192  13  131072  0.1120E-10
 16  8192  13  131072  0.1123E-10
 16  8192  13  131072  0.1124E-10
 16  8192  13  131072  0.1122E-10
 16  8192  13  131072  0.1120E-10
 16  8192  14  131072  0.1046E-10
 16  8192  14  131072  0.1042E-10
 16  8192  14  131072  0.1042E-10
 16  8192  14  131072  0.1041E-10
 16  8192  14  131072  0.1044E-10
 16  8192  14  131072  0.1041E-10
 16  8192  14  131072  0.1046E-10
 16  8192  14  131072  0.1042E-10
 16  8192  14  131072  0.1047E-10
 16  8192  14  131072  0.1042E-10
 16  8192  15  131072  0.1100E-10
 16  8192  15  131072  0.1106E-10
 16  8192  15  131072  0.1099E-10
 16  8192  15  131072  0.1104E-10
 16  8192  15  131072  0.1102E-10
 16  8192  15  131072  0.1103E-10
 16  8192  15  131072  0.1102E-10
 16  8192  15  131072  0.1103E-10
 16  8192  15  131072  0.1108E-10
 16  8192  15  131072  0.1102E-10
 16  8192  16  131072  0.1021E-10
 16  8192  16  131072  0.1016E-10
 16  8192  16  131072  0.1020E-10
 16  8192  16  131072  0.1016E-10
 16  8192  16  131072  0.1018E-10
 16  8192  16  131072  0.1018E-10
 16  8192  16  131072  0.1016E-10
 16  8192  16  131072  0.1020E-10
 16  8192  16  131072  0.1021E-10
 16  8192  16  131072  0.1016E-10
 16  8192  17  131072  0.1265E-10
 16  8192  17  131072  0.1267E-10
 16  8192  17  131072  0.1263E-10
 16  8192  17  131072  0.1268E-10
 16  8192  17  131072  0.1263E-10
 16  8192  17  131072  0.1266E-10
 16  8192  17  131072  0.1266E-10
 16  8192  17  131072  0.1269E-10
 16  8192  17  131072  0.1263E-10
 16  8192  17  131072  0.1264E-10
 16  8192  18  131072  -0.1431E-10
 16  8192  18  131072  -0.1427E-10
 16  8192  18  131072  -0.1428E-10
 16  8192  18  131072  -0.1428E-10
 16  8192  18  131072  -0.1428E-10
 16  8192  18  131072  -0.1427E-10
 16  8192  18  131072  -0.1427E-10
 16  8192  18  131072  -0.1426E-10
 16  8192  18  131072  -0.1423E-10
 16  8192  18  131072  -0.1426E-10
 16  8192  19  131072  -0.2072E-10
 16  8192  19  131072  -0.2064E-10
 16  8192  19  131072  -0.2066E-10
 16  8192  19  131072  -0.2062E-10
 16  8192  19  131072  -0.2061E-10
 16  8192  19  131072  -0.2059E-10
 16  8192  19  131072  -0.2062E-10
 16  8192  19  131072  -0.2057E-10
 16  8192  19  131072  -0.2058E-10
 16  8192  19  131072  -0.2064E-10
 16  8192  20  131072  -0.3515E-10
 16  8192  20  131072  -0.3513E-10
 16  8192  20  131072  -0.3512E-10
 16  8192  20  131072  -0.3515E-10
 16  8192  20  131072  -0.3510E-10
 16  8192  20  131072  -0.3517E-10
 16  8192  20  131072  -0.3516E-10
 16  8192  20  131072  -0.3515E-10
 16  8192  20  131072  -0.3517E-10
 16  8192  20  131072  -0.3513E-10
