 16  256  3  4096  0.3278E-08
 16  256  3  4096  0.3056E-08
 16  256  3  4096  0.3041E-08
 16  256  3  4096  0.3053E-08
 16  256  3  4096  0.3016E-08
 16  256  3  4096  0.3032E-08
 16  256  3  4096  0.3016E-08
 16  256  3  4096  0.3038E-08
 16  256  3  4096  0.3028E-08
 16  256  3  4096  0.3057E-08
 16  256  4  4096  0.1648E-08
 16  256  4  4096  0.1610E-08
 16  256  4  4096  0.1598E-08
 16  256  4  4096  0.1548E-08
 16  256  4  4096  0.1556E-08
 16  256  4  4096  0.1538E-08
 16  256  4  4096  0.1532E-08
 16  256  4  4096  0.1536E-08
 16  256  4  4096  0.1536E-08
 16  256  4  4096  0.1547E-08
 16  256  5  4096  0.1147E-08
 16  256  5  4096  0.1113E-08
 16  256  5  4096  0.1107E-08
 16  256  5  4096  0.1115E-08
 16  256  5  4096  0.1141E-08
 16  256  5  4096  0.1106E-08
 16  256  5  4096  0.1114E-08
 16  256  5  4096  0.1109E-08
 16  256  5  4096  0.1102E-08
 16  256  5  4096  0.1109E-08
 16  256  6  4096  0.9095E-09
 16  256  6  4096  0.8962E-09
 16  256  6  4096  0.8950E-09
 16  256  6  4096  0.8874E-09
 16  256  6  4096  0.8890E-09
 16  256  6  4096  0.8935E-09
 16  256  6  4096  0.8901E-09
 16  256  6  4096  0.8922E-09
 16  256  6  4096  0.8911E-09
 16  256  6  4096  0.8875E-09
 16  256  7  4096  0.7519E-09
 16  256  7  4096  0.7453E-09
 16  256  7  4096  0.7440E-09
 16  256  7  4096  0.7402E-09
 16  256  7  4096  0.7458E-09
 16  256  7  4096  0.7425E-09
 16  256  7  4096  0.7417E-09
 16  256  7  4096  0.7457E-09
 16  256  7  4096  0.7441E-09
 16  256  7  4096  0.7429E-09
 16  256  8  4096  0.6305E-09
 16  256  8  4096  0.6248E-09
 16  256  8  4096  0.6210E-09
 16  256  8  4096  0.6225E-09
 16  256  8  4096  0.6266E-09
 16  256  8  4096  0.6207E-09
 16  256  8  4096  0.6275E-09
 16  256  8  4096  0.6212E-09
 16  256  8  4096  0.6233E-09
 16  256  8  4096  0.6266E-09
 16  256  9  4096  0.5609E-09
 16  256  9  4096  0.5595E-09
 16  256  9  4096  0.5588E-09
 16  256  9  4096  0.5599E-09
 16  256  9  4096  0.5581E-09
 16  256  9  4096  0.5596E-09
 16  256  9  4096  0.5582E-09
 16  256  9  4096  0.5593E-09
 16  256  9  4096  0.5594E-09
 16  256  9  4096  0.5606E-09
 16  256  10  4096  0.5165E-09
 16  256  10  4096  0.5144E-09
 16  256  10  4096  0.5149E-09
 16  256  10  4096  0.5140E-09
 16  256  10  4096  0.5145E-09
 16  256  10  4096  0.5144E-09
 16  256  10  4096  0.5143E-09
 16  256  10  4096  0.5151E-09
 16  256  10  4096  0.5143E-09
 16  256  10  4096  0.5161E-09
 16  256  11  4096  0.4956E-09
 16  256  11  4096  0.4971E-09
 16  256  11  4096  0.4947E-09
 16  256  11  4096  0.4974E-09
 16  256  11  4096  0.4941E-09
 16  256  11  4096  0.4946E-09
 16  256  11  4096  0.4946E-09
 16  256  11  4096  0.4954E-09
 16  256  11  4096  0.4946E-09
 16  256  11  4096  0.4946E-09
 16  256  12  4096  0.4583E-09
 16  256  12  4096  0.4568E-09
 16  256  12  4096  0.4568E-09
 16  256  12  4096  0.4570E-09
 16  256  12  4096  0.4569E-09
 16  256  12  4096  0.4597E-09
 16  256  12  4096  0.4567E-09
 16  256  12  4096  0.4571E-09
 16  256  12  4096  0.4564E-09
 16  256  12  4096  0.4567E-09
 16  256  13  4096  0.4504E-09
 16  256  13  4096  0.4487E-09
 16  256  13  4096  0.4487E-09
 16  256  13  4096  0.4502E-09
 16  256  13  4096  0.4487E-09
 16  256  13  4096  0.4487E-09
 16  256  13  4096  0.4487E-09
 16  256  13  4096  0.4487E-09
 16  256  13  4096  0.4487E-09
 16  256  13  4096  0.4486E-09
 16  256  14  4096  0.4450E-09
 16  256  14  4096  0.4437E-09
 16  256  14  4096  0.4437E-09
 16  256  14  4096  0.4430E-09
 16  256  14  4096  0.4437E-09
 16  256  14  4096  0.4444E-09
 16  256  14  4096  0.4449E-09
 16  256  14  4096  0.4435E-09
 16  256  14  4096  0.4437E-09
 16  256  14  4096  0.4438E-09
 16  256  15  4096  0.4255E-09
 16  256  15  4096  0.4251E-09
 16  256  15  4096  0.4257E-09
 16  256  15  4096  0.4246E-09
 16  256  15  4096  0.4249E-09
 16  256  15  4096  0.4242E-09
 16  256  15  4096  0.4244E-09
 16  256  15  4096  0.4246E-09
 16  256  15  4096  0.4259E-09
 16  256  15  4096  0.4250E-09
