 16  1  3  16  0.1497E-06
 16  1  3  16  0.1372E-06
 16  1  3  16  0.9253E-07
 16  1  3  16  0.1120E-06
 16  1  3  16  0.9272E-07
 16  1  3  16  0.1258E-06
 16  1  3  16  0.9106E-07
 16  1  3  16  0.1328E-06
 16  1  3  16  0.8941E-07
 16  1  3  16  0.1420E-06
 16  1  4  16  0.8622E-07
 16  1  4  16  0.7520E-07
 16  1  4  16  0.7745E-07
 16  1  4  16  0.7482E-07
 16  1  4  16  0.7226E-07
 16  1  4  16  0.6116E-07
 16  1  4  16  0.7877E-07
 16  1  4  16  0.6023E-07
 16  1  4  16  0.7427E-07
 16  1  4  16  0.7551E-07
 16  1  5  16  0.7768E-07
 16  1  5  16  0.6668E-07
 16  1  5  16  0.7268E-07
 16  1  5  16  0.7085E-07
 16  1  5  16  0.7153E-07
 16  1  5  16  0.7117E-07
 16  1  5  16  0.7065E-07
 16  1  5  16  0.7184E-07
 16  1  5  16  0.7602E-07
 16  1  5  16  0.7085E-07
 16  1  6  16  0.7485E-07
 16  1  6  16  0.6287E-07
 16  1  6  16  0.6154E-07
 16  1  6  16  0.6232E-07
 16  1  6  16  0.6830E-07
 16  1  6  16  0.6443E-07
 16  1  6  16  0.6528E-07
 16  1  6  16  0.6413E-07
 16  1  6  16  0.6413E-07
 16  1  6  16  0.6703E-07
 16  1  7  16  0.7076E-07
 16  1  7  16  0.6395E-07
 16  1  7  16  0.6475E-07
 16  1  7  16  0.6802E-07
 16  1  7  16  0.6366E-07
 16  1  7  16  0.6420E-07
 16  1  7  16  0.6784E-07
 16  1  7  16  0.6396E-07
 16  1  7  16  0.6408E-07
 16  1  7  16  0.6792E-07
 16  1  8  16  0.6616E-07
 16  1  8  16  0.6229E-07
 16  1  8  16  0.6336E-07
 16  1  8  16  0.6214E-07
 16  1  8  16  0.6173E-07
 16  1  8  16  0.6311E-07
 16  1  8  16  0.6153E-07
 16  1  8  16  0.6344E-07
 16  1  8  16  0.6160E-07
 16  1  8  16  0.6364E-07
 16  1  9  16  0.6778E-07
 16  1  9  16  0.6505E-07
 16  1  9  16  0.6482E-07
 16  1  9  16  0.6467E-07
 16  1  9  16  0.6645E-07
 16  1  9  16  0.6327E-07
 16  1  9  16  0.6647E-07
 16  1  9  16  0.6333E-07
 16  1  9  16  0.6551E-07
 16  1  9  16  0.6627E-07
 16  1  10  16  0.9146E-07
 16  1  10  16  0.9164E-07
 16  1  10  16  0.9164E-07
 16  1  10  16  0.9012E-07
 16  1  10  16  0.8983E-07
 16  1  10  16  0.8979E-07
 16  1  10  16  0.9035E-07
 16  1  10  16  0.9035E-07
 16  1  10  16  0.9046E-07
 16  1  10  16  0.9038E-07
 16  1  11  16  0.5366E-07
 16  1  11  16  0.5373E-07
 16  1  11  16  0.5423E-07
 16  1  11  16  0.5572E-07
 16  1  11  16  0.8388E-07
 16  1  11  16  0.8368E-07
 16  1  11  16  0.8324E-07
 16  1  11  16  0.8309E-07
 16  1  11  16  0.8322E-07
 16  1  11  16  0.8371E-07
 16  1  12  16  0.4858E-07
 16  1  12  16  0.4860E-07
 16  1  12  16  0.4856E-07
 16  1  12  16  0.4861E-07
 16  1  12  16  0.4861E-07
 16  1  12  16  0.4858E-07
 16  1  12  16  0.4875E-07
 16  1  12  16  0.6941E-07
 16  1  12  16  0.6859E-07
 16  1  12  16  0.6948E-07
 16  1  13  16  0.5150E-07
 16  1  13  16  0.5142E-07
 16  1  13  16  0.5152E-07
 16  1  13  16  0.5144E-07
 16  1  13  16  0.5149E-07
 16  1  13  16  0.5149E-07
 16  1  13  16  0.5145E-07
 16  1  13  16  0.5153E-07
 16  1  13  16  0.5153E-07
 16  1  13  16  0.5149E-07
 16  1  14  16  0.4838E-07
 16  1  14  16  0.4841E-07
 16  1  14  16  0.4840E-07
 16  1  14  16  0.4838E-07
 16  1  14  16  0.4843E-07
 16  1  14  16  0.4840E-07
 16  1  14  16  0.4841E-07
 16  1  14  16  0.4840E-07
 16  1  14  16  0.4838E-07
 16  1  14  16  0.4842E-07
 16  1  15  16  0.5383E-07
 16  1  15  16  0.5385E-07
 16  1  15  16  0.5382E-07
 16  1  15  16  0.5384E-07
 16  1  15  16  0.5382E-07
 16  1  15  16  0.5380E-07
 16  1  15  16  0.5382E-07
 16  1  15  16  0.5381E-07
 16  1  15  16  0.5383E-07
 16  1  15  16  0.5385E-07
 16  1  16  16  0.5152E-07
 16  1  16  16  0.5151E-07
 16  1  16  16  0.5152E-07
 16  1  16  16  0.5152E-07
 16  1  16  16  0.5150E-07
 16  1  16  16  0.5151E-07
 16  1  16  16  0.5152E-07
 16  1  16  16  0.5155E-07
 16  1  16  16  0.5153E-07
 16  1  16  16  0.5153E-07
 16  1  17  16  0.6439E-07
 16  1  17  16  0.6439E-07
 16  1  17  16  0.6439E-07
 16  1  17  16  0.6437E-07
 16  1  17  16  0.6438E-07
 16  1  17  16  0.6437E-07
 16  1  17  16  0.6438E-07
 16  1  17  16  0.6438E-07
 16  1  17  16  0.6439E-07
 16  1  17  16  0.6436E-07
 16  1  18  16  0.6250E-07
 16  1  18  16  0.6252E-07
 16  1  18  16  0.6252E-07
 16  1  18  16  0.6254E-07
 16  1  18  16  0.6251E-07
 16  1  18  16  0.6250E-07
 16  1  18  16  0.6251E-07
 16  1  18  16  0.6252E-07
 16  1  18  16  0.6251E-07
 16  1  18  16  0.6253E-07
 16  1  19  16  0.6768E-07
 16  1  19  16  0.6769E-07
 16  1  19  16  0.6769E-07
 16  1  19  16  0.6774E-07
 16  1  19  16  0.6767E-07
 16  1  19  16  0.6768E-07
 16  1  19  16  0.6768E-07
 16  1  19  16  0.6774E-07
 16  1  19  16  0.6768E-07
 16  1  19  16  0.6768E-07
 16  1  20  16  0.6687E-07
 16  1  20  16  0.6689E-07
 16  1  20  16  0.6688E-07
 16  1  20  16  0.6691E-07
 16  1  20  16  0.6690E-07
 16  1  20  16  0.6688E-07
 16  1  20  16  0.6690E-07
 16  1  20  16  0.6689E-07
 16  1  20  16  0.6688E-07
 16  1  20  16  0.6689E-07
