 16  1  3  16  0.1613E-06
 16  1  3  16  0.1420E-06
 16  1  3  16  0.1497E-06
 16  1  3  16  0.9566E-07
 16  1  3  16  0.1358E-06
 16  1  3  16  0.9345E-07
 16  1  3  16  0.1334E-06
 16  1  3  16  0.1288E-06
 16  1  3  16  0.1312E-06
 16  1  3  16  0.1290E-06
 16  1  4  16  0.8335E-07
 16  1  4  16  0.8980E-07
 16  1  4  16  0.6380E-07
 16  1  4  16  0.8110E-07
 16  1  4  16  0.6217E-07
 16  1  4  16  0.7777E-07
 16  1  4  16  0.6543E-07
 16  1  4  16  0.7815E-07
 16  1  4  16  0.6217E-07
 16  1  4  16  0.7753E-07
 16  1  5  16  0.7884E-07
 16  1  5  16  0.7681E-07
 16  1  5  16  0.7399E-07
 16  1  5  16  0.7383E-07
 16  1  5  16  0.7133E-07
 16  1  5  16  0.7768E-07
 16  1  5  16  0.7200E-07
 16  1  5  16  0.7069E-07
 16  1  5  16  0.6970E-07
 16  1  5  16  0.7065E-07
 16  1  6  16  0.6830E-07
 16  1  6  16  0.6646E-07
 16  1  6  16  0.6250E-07
 16  1  6  16  0.6184E-07
 16  1  6  16  0.6453E-07
 16  1  6  16  0.6800E-07
 16  1  6  16  0.6788E-07
 16  1  6  16  0.6800E-07
 16  1  6  16  0.7205E-07
 16  1  6  16  0.6317E-07
 16  1  7  16  0.6786E-07
 16  1  7  16  0.6573E-07
 16  1  7  16  0.6967E-07
 16  1  7  16  0.6518E-07
 16  1  7  16  0.6566E-07
 16  1  7  16  0.6961E-07
 16  1  7  16  0.6505E-07
 16  1  7  16  0.6541E-07
 16  1  7  16  0.6603E-07
 16  1  7  16  0.6535E-07
 16  1  8  16  0.6485E-07
 16  1  8  16  0.6527E-07
 16  1  8  16  0.6275E-07
 16  1  8  16  0.6417E-07
 16  1  8  16  0.6401E-07
 16  1  8  16  0.6352E-07
 16  1  8  16  0.6457E-07
 16  1  8  16  0.6360E-07
 16  1  8  16  0.6519E-07
 16  1  8  16  0.6363E-07
 16  1  9  16  0.6810E-07
 16  1  9  16  0.6773E-07
 16  1  9  16  0.6630E-07
 16  1  9  16  0.6633E-07
 16  1  9  16  0.6685E-07
 16  1  9  16  0.6784E-07
 16  1  9  16  0.6499E-07
 16  1  9  16  0.6801E-07
 16  1  9  16  0.6499E-07
 16  1  9  16  0.6699E-07
 16  1  10  16  0.9219E-07
 16  1  10  16  0.9115E-07
 16  1  10  16  0.9100E-07
 16  1  10  16  0.9135E-07
 16  1  10  16  0.9148E-07
 16  1  10  16  0.9177E-07
 16  1  10  16  0.9340E-07
 16  1  10  16  0.9131E-07
 16  1  10  16  0.9098E-07
 16  1  10  16  0.9192E-07
 16  1  11  16  0.8474E-07
 16  1  11  16  0.8416E-07
 16  1  11  16  0.8479E-07
 16  1  11  16  0.8440E-07
 16  1  11  16  0.8494E-07
 16  1  11  16  0.8401E-07
 16  1  11  16  0.8409E-07
 16  1  11  16  0.8560E-07
 16  1  11  16  0.8446E-07
 16  1  11  16  0.8501E-07
 16  1  12  16  0.7024E-07
 16  1  12  16  0.7063E-07
 16  1  12  16  0.7041E-07
 16  1  12  16  0.7065E-07
 16  1  12  16  0.7038E-07
 16  1  12  16  0.7067E-07
 16  1  12  16  0.7030E-07
 16  1  12  16  0.7135E-07
 16  1  12  16  0.7035E-07
 16  1  12  16  0.7018E-07
 16  1  13  16  0.5247E-07
 16  1  13  16  0.5252E-07
 16  1  13  16  0.5243E-07
 16  1  13  16  0.5249E-07
 16  1  13  16  0.5247E-07
 16  1  13  16  0.5248E-07
 16  1  13  16  0.5250E-07
 16  1  13  16  0.5247E-07
 16  1  13  16  0.5252E-07
 16  1  13  16  0.5247E-07
 16  1  14  16  0.4945E-07
 16  1  14  16  0.4943E-07
 16  1  14  16  0.4945E-07
 16  1  14  16  0.4942E-07
 16  1  14  16  0.4938E-07
 16  1  14  16  0.4943E-07
 16  1  14  16  0.4947E-07
 16  1  14  16  0.4941E-07
 16  1  14  16  0.4945E-07
 16  1  14  16  0.4949E-07
 16  1  15  16  0.5471E-07
 16  1  15  16  0.5475E-07
 16  1  15  16  0.5476E-07
 16  1  15  16  0.5470E-07
 16  1  15  16  0.5473E-07
 16  1  15  16  0.5471E-07
 16  1  15  16  0.5472E-07
 16  1  15  16  0.5471E-07
 16  1  15  16  0.5472E-07
 16  1  15  16  0.5472E-07
 16  1  16  16  0.5234E-07
 16  1  16  16  0.5234E-07
 16  1  16  16  0.5233E-07
 16  1  16  16  0.5237E-07
 16  1  16  16  0.5234E-07
 16  1  16  16  0.5235E-07
 16  1  16  16  0.5237E-07
 16  1  16  16  0.5241E-07
 16  1  16  16  0.5235E-07
 16  1  16  16  0.5236E-07
 16  1  17  16  0.6518E-07
 16  1  17  16  0.6515E-07
 16  1  17  16  0.6517E-07
 16  1  17  16  0.6517E-07
 16  1  17  16  0.6518E-07
 16  1  17  16  0.6514E-07
 16  1  17  16  0.6516E-07
 16  1  17  16  0.6515E-07
 16  1  17  16  0.6518E-07
 16  1  17  16  0.6516E-07
 16  1  18  16  0.6331E-07
 16  1  18  16  0.6331E-07
 16  1  18  16  0.6330E-07
 16  1  18  16  0.6329E-07
 16  1  18  16  0.6332E-07
 16  1  18  16  0.6329E-07
 16  1  18  16  0.6331E-07
 16  1  18  16  0.6330E-07
 16  1  18  16  0.6332E-07
 16  1  18  16  0.6331E-07
 16  1  19  16  0.6849E-07
 16  1  19  16  0.6849E-07
 16  1  19  16  0.6848E-07
 16  1  19  16  0.6847E-07
 16  1  19  16  0.6850E-07
 16  1  19  16  0.6847E-07
 16  1  19  16  0.6849E-07
 16  1  19  16  0.6847E-07
 16  1  19  16  0.6847E-07
 16  1  19  16  0.6848E-07
 16  1  20  16  0.6764E-07
 16  1  20  16  0.6762E-07
 16  1  20  16  0.6762E-07
 16  1  20  16  0.6763E-07
 16  1  20  16  0.6763E-07
 16  1  20  16  0.6763E-07
 16  1  20  16  0.6763E-07
 16  1  20  16  0.6763E-07
 16  1  20  16  0.6763E-07
 16  1  20  16  0.6761E-07
