 16  128  3  2048  0.8728E-08
 16  128  3  2048  0.5280E-08
 16  128  3  2048  0.2393E-08
 16  128  3  2048  0.2397E-08
 16  128  3  2048  0.5437E-08
 16  128  3  2048  0.4986E-08
 16  128  3  2048  0.4846E-08
 16  128  3  2048  0.4846E-08
 16  128  3  2048  0.2372E-08
 16  128  3  2048  0.2436E-08
 16  128  4  2048  0.1396E-08
 16  128  4  2048  0.1364E-08
 16  128  4  2048  0.1353E-08
 16  128  4  2048  0.1360E-08
 16  128  4  2048  0.1374E-08
 16  128  4  2048  0.1357E-08
 16  128  4  2048  0.1369E-08
 16  128  4  2048  0.1359E-08
 16  128  4  2048  0.1381E-08
 16  128  4  2048  0.1365E-08
 16  128  5  2048  0.1210E-08
 16  128  5  2048  0.1188E-08
 16  128  5  2048  0.1206E-08
 16  128  5  2048  0.1194E-08
 16  128  5  2048  0.1191E-08
 16  128  5  2048  0.1194E-08
 16  128  5  2048  0.1197E-08
 16  128  5  2048  0.1191E-08
 16  128  5  2048  0.1192E-08
 16  128  5  2048  0.1186E-08
 16  128  6  2048  0.8776E-09
 16  128  6  2048  0.8686E-09
 16  128  6  2048  0.8627E-09
 16  128  6  2048  0.8637E-09
 16  128  6  2048  0.8699E-09
 16  128  6  2048  0.8704E-09
 16  128  6  2048  0.8695E-09
 16  128  6  2048  0.8685E-09
 16  128  6  2048  0.8672E-09
 16  128  6  2048  0.8691E-09
 16  128  7  2048  0.7576E-09
 16  128  7  2048  0.7524E-09
 16  128  7  2048  0.7465E-09
 16  128  7  2048  0.7479E-09
 16  128  7  2048  0.7513E-09
 16  128  7  2048  0.7489E-09
 16  128  7  2048  0.7523E-09
 16  128  7  2048  0.7494E-09
 16  128  7  2048  0.7501E-09
 16  128  7  2048  0.7477E-09
 16  128  8  2048  0.6261E-09
 16  128  8  2048  0.6222E-09
 16  128  8  2048  0.6228E-09
 16  128  8  2048  0.6252E-09
 16  128  8  2048  0.6237E-09
 16  128  8  2048  0.6198E-09
 16  128  8  2048  0.6259E-09
 16  128  8  2048  0.6212E-09
 16  128  8  2048  0.6235E-09
 16  128  8  2048  0.6235E-09
 16  128  9  2048  0.6285E-09
 16  128  9  2048  0.6254E-09
 16  128  9  2048  0.6248E-09
 16  128  9  2048  0.6247E-09
 16  128  9  2048  0.6275E-09
 16  128  9  2048  0.6248E-09
 16  128  9  2048  0.6252E-09
 16  128  9  2048  0.6254E-09
 16  128  9  2048  0.6252E-09
 16  128  9  2048  0.6250E-09
 16  128  10  2048  0.6123E-09
 16  128  10  2048  0.6110E-09
 16  128  10  2048  0.6104E-09
 16  128  10  2048  0.6114E-09
 16  128  10  2048  0.6113E-09
 16  128  10  2048  0.6108E-09
 16  128  10  2048  0.6112E-09
 16  128  10  2048  0.6105E-09
 16  128  10  2048  0.6106E-09
 16  128  10  2048  0.6097E-09
 16  128  10  2048  0.6131E-09
 16  128  10  2048  0.6131E-09
 16  128  10  2048  0.6228E-09
 16  128  10  2048  0.6130E-09
 16  128  10  2048  0.6130E-09
 16  128  10  2048  0.6118E-09
 16  128  10  2048  0.6132E-09
 16  128  10  2048  0.6124E-09
 16  128  10  2048  0.6130E-09
 16  128  10  2048  0.6130E-09
 16  128  11  2048  0.6048E-09
 16  128  11  2048  0.6032E-09
 16  128  11  2048  0.6037E-09
 16  128  11  2048  0.6039E-09
 16  128  11  2048  0.6039E-09
 16  128  11  2048  0.6035E-09
 16  128  11  2048  0.6039E-09
 16  128  11  2048  0.6038E-09
 16  128  11  2048  0.6036E-09
 16  128  11  2048  0.6025E-09
 16  128  12  2048  0.5564E-09
 16  128  12  2048  0.5553E-09
 16  128  12  2048  0.5548E-09
 16  128  12  2048  0.5555E-09
 16  128  12  2048  0.5551E-09
 16  128  12  2048  0.5560E-09
 16  128  12  2048  0.5560E-09
 16  128  12  2048  0.5557E-09
 16  128  12  2048  0.5548E-09
 16  128  12  2048  0.5554E-09
 16  128  13  2048  0.5750E-09
 16  128  13  2048  0.5678E-09
 16  128  13  2048  0.5675E-09
 16  128  13  2048  0.5673E-09
 16  128  13  2048  0.5674E-09
 16  128  13  2048  0.5674E-09
 16  128  13  2048  0.5678E-09
 16  128  13  2048  0.5673E-09
 16  128  13  2048  0.5671E-09
 16  128  13  2048  0.5670E-09
 16  128  14  2048  0.5330E-09
 16  128  14  2048  0.5381E-09
 16  128  14  2048  0.5326E-09
 16  128  14  2048  0.5385E-09
 16  128  14  2048  0.5327E-09
 16  128  14  2048  0.5329E-09
 16  128  14  2048  0.5331E-09
 16  128  14  2048  0.5327E-09
 16  128  14  2048  0.5328E-09
 16  128  14  2048  0.5326E-09
 16  128  15  2048  0.5756E-09
 16  128  15  2048  0.5756E-09
 16  128  15  2048  0.5796E-09
 16  128  15  2048  0.5755E-09
 16  128  15  2048  0.5761E-09
 16  128  15  2048  0.5757E-09
 16  128  15  2048  0.5764E-09
 16  128  15  2048  0.5756E-09
 16  128  15  2048  0.5750E-09
 16  128  15  2048  0.5751E-09
 16  128  16  2048  0.5642E-09
 16  128  16  2048  0.5629E-09
 16  128  16  2048  0.5627E-09
 16  128  16  2048  0.5632E-09
 16  128  16  2048  0.5633E-09
 16  128  16  2048  0.5656E-09
 16  128  16  2048  0.5634E-09
 16  128  16  2048  0.5630E-09
 16  128  16  2048  0.5627E-09
 16  128  16  2048  0.5628E-09
 16  128  17  2048  0.6603E-09
 16  128  17  2048  0.6602E-09
 16  128  17  2048  0.6604E-09
 16  128  17  2048  0.6602E-09
 16  128  17  2048  0.6601E-09
 16  128  17  2048  0.6602E-09
 16  128  17  2048  0.6604E-09
 16  128  17  2048  0.6604E-09
 16  128  17  2048  0.6603E-09
 16  128  17  2048  0.6602E-09
 16  128  18  2048  0.6900E-09
 16  128  18  2048  0.6889E-09
 16  128  18  2048  0.6902E-09
 16  128  18  2048  0.6912E-09
 16  128  18  2048  0.6900E-09
 16  128  18  2048  0.6888E-09
 16  128  18  2048  0.6906E-09
 16  128  18  2048  0.6920E-09
 16  128  18  2048  0.6907E-09
 16  128  18  2048  0.6892E-09
 16  128  19  2048  0.7277E-09
 16  128  19  2048  0.7286E-09
 16  128  19  2048  0.7284E-09
 16  128  19  2048  0.7282E-09
 16  128  19  2048  0.7292E-09
 16  128  19  2048  0.7280E-09
 16  128  19  2048  0.7283E-09
 16  128  19  2048  0.7296E-09
 16  128  19  2048  0.7285E-09
 16  128  19  2048  0.7294E-09
 16  128  20  2048  0.6822E-09
 16  128  20  2048  0.6796E-09
 16  128  20  2048  0.6798E-09
 16  128  20  2048  0.6818E-09
 16  128  20  2048  0.6798E-09
 16  128  20  2048  0.6797E-09
 16  128  20  2048  0.6818E-09
 16  128  20  2048  0.6798E-09
 16  128  20  2048  0.6796E-09
 16  128  20  2048  0.6817E-09
