 16  4  3  64  0.7814E-07
 16  4  3  64  0.6655E-07
 16  4  3  64  0.6425E-07
 16  4  3  64  0.6250E-07
 16  4  3  64  0.5997E-07
 16  4  3  64  0.5960E-07
 16  4  3  64  0.5845E-07
 16  4  3  64  0.5901E-07
 16  4  3  64  0.6885E-07
 16  4  3  64  0.5804E-07
 16  4  4  64  0.4109E-07
 16  4  4  64  0.3710E-07
 16  4  4  64  0.3605E-07
 16  4  4  64  0.3915E-07
 16  4  4  64  0.3704E-07
 16  4  4  64  0.3613E-07
 16  4  4  64  0.3539E-07
 16  4  4  64  0.3508E-07
 16  4  4  64  0.4020E-07
 16  4  4  64  0.3547E-07
 16  4  5  64  0.3534E-07
 16  4  5  64  0.3380E-07
 16  4  5  64  0.3213E-07
 16  4  5  64  0.3171E-07
 16  4  5  64  0.3200E-07
 16  4  5  64  0.3309E-07
 16  4  5  64  0.3184E-07
 16  4  5  64  0.3175E-07
 16  4  5  64  0.3159E-07
 16  4  5  64  0.3299E-07
 16  4  6  64  0.1244E-07
 16  4  6  64  0.1236E-07
 16  4  6  64  0.1238E-07
 16  4  6  64  0.1239E-07
 16  4  6  64  0.1236E-07
 16  4  6  64  0.1236E-07
 16  4  6  64  0.1239E-07
 16  4  6  64  0.1239E-07
 16  4  6  64  0.1235E-07
 16  4  6  64  0.1233E-07
 16  4  7  64  0.1275E-07
 16  4  7  64  0.1272E-07
 16  4  7  64  0.1272E-07
 16  4  7  64  0.1273E-07
 16  4  7  64  0.1269E-07
 16  4  7  64  0.1271E-07
 16  4  7  64  0.1271E-07
 16  4  7  64  0.1272E-07
 16  4  7  64  0.1275E-07
 16  4  7  64  0.1270E-07
 16  4  8  64  0.1135E-07
 16  4  8  64  0.1133E-07
 16  4  8  64  0.1132E-07
 16  4  8  64  0.1132E-07
 16  4  8  64  0.1131E-07
 16  4  8  64  0.1132E-07
 16  4  8  64  0.1131E-07
 16  4  8  64  0.1131E-07
 16  4  8  64  0.1130E-07
 16  4  8  64  0.1131E-07
 16  4  9  64  0.1374E-07
 16  4  9  64  0.1371E-07
 16  4  9  64  0.1370E-07
 16  4  9  64  0.1370E-07
 16  4  9  64  0.1370E-07
 16  4  9  64  0.1371E-07
 16  4  9  64  0.1372E-07
 16  4  9  64  0.1369E-07
 16  4  9  64  0.1370E-07
 16  4  9  64  0.1370E-07
 16  4  10  64  0.1469E-07
 16  4  10  64  0.1467E-07
 16  4  10  64  0.1466E-07
 16  4  10  64  0.1468E-07
 16  4  10  64  0.1467E-07
 16  4  10  64  0.1467E-07
 16  4  10  64  0.1466E-07
 16  4  10  64  0.1468E-07
 16  4  10  64  0.1467E-07
 16  4  10  64  0.1468E-07
 16  4  11  64  0.1543E-07
 16  4  11  64  0.1541E-07
 16  4  11  64  0.1540E-07
 16  4  11  64  0.1541E-07
 16  4  11  64  0.1540E-07
 16  4  11  64  0.1541E-07
 16  4  11  64  0.1540E-07
 16  4  11  64  0.1542E-07
 16  4  11  64  0.1542E-07
 16  4  11  64  0.1580E-07
 16  4  12  64  0.1425E-07
 16  4  12  64  0.1424E-07
 16  4  12  64  0.1425E-07
 16  4  12  64  0.1424E-07
 16  4  12  64  0.1424E-07
 16  4  12  64  0.1426E-07
 16  4  12  64  0.1425E-07
 16  4  12  64  0.1460E-07
 16  4  12  64  0.1425E-07
 16  4  12  64  0.1424E-07
 16  4  13  64  0.1497E-07
 16  4  13  64  0.1496E-07
 16  4  13  64  0.1497E-07
 16  4  13  64  0.1497E-07
 16  4  13  64  0.1497E-07
 16  4  13  64  0.1496E-07
 16  4  13  64  0.1496E-07
 16  4  13  64  0.1497E-07
 16  4  13  64  0.1497E-07
 16  4  13  64  0.1497E-07
 16  4  14  64  0.1438E-07
 16  4  14  64  0.1437E-07
 16  4  14  64  0.1438E-07
 16  4  14  64  0.1437E-07
 16  4  14  64  0.1438E-07
 16  4  14  64  0.1437E-07
 16  4  14  64  0.1438E-07
 16  4  14  64  0.1437E-07
 16  4  14  64  0.1437E-07
 16  4  14  64  0.1438E-07
 16  4  15  64  0.1590E-07
 16  4  15  64  0.1590E-07
 16  4  15  64  0.1590E-07
 16  4  15  64  0.1590E-07
 16  4  15  64  0.1592E-07
 16  4  15  64  0.1590E-07
 16  4  15  64  0.1590E-07
 16  4  15  64  0.1590E-07
 16  4  15  64  0.1590E-07
 16  4  15  64  0.1590E-07
 16  4  15  64  0.1596E-07
 16  4  15  64  0.1595E-07
 16  4  15  64  0.1595E-07
 16  4  15  64  0.1596E-07
 16  4  15  64  0.1595E-07
 16  4  15  64  0.1595E-07
 16  4  15  64  0.1595E-07
 16  4  15  64  0.1595E-07
 16  4  15  64  0.1594E-07
 16  4  15  64  0.1595E-07
 16  4  16  64  0.1592E-07
 16  4  16  64  0.1591E-07
 16  4  16  64  0.1590E-07
 16  4  16  64  0.1591E-07
 16  4  16  64  0.1590E-07
 16  4  16  64  0.1591E-07
 16  4  16  64  0.1591E-07
 16  4  16  64  0.1591E-07
 16  4  16  64  0.1592E-07
 16  4  16  64  0.1591E-07
 16  4  17  64  0.1908E-07
 16  4  17  64  0.1909E-07
 16  4  17  64  0.1908E-07
 16  4  17  64  0.1908E-07
 16  4  17  64  0.1908E-07
 16  4  17  64  0.1908E-07
 16  4  17  64  0.1908E-07
 16  4  17  64  0.1908E-07
 16  4  17  64  0.1908E-07
 16  4  17  64  0.1908E-07
 16  4  18  64  0.1886E-07
 16  4  18  64  0.1885E-07
 16  4  18  64  0.1885E-07
 16  4  18  64  0.1886E-07
 16  4  18  64  0.1885E-07
 16  4  18  64  0.1886E-07
 16  4  18  64  0.1886E-07
 16  4  18  64  0.1886E-07
 16  4  18  64  0.1886E-07
 16  4  18  64  0.1886E-07
 16  4  19  64  0.2036E-07
 16  4  19  64  0.2037E-07
 16  4  19  64  0.2036E-07
 16  4  19  64  0.2036E-07
 16  4  19  64  0.2036E-07
 16  4  19  64  0.2036E-07
 16  4  19  64  0.2036E-07
 16  4  19  64  0.2036E-07
 16  4  19  64  0.2036E-07
 16  4  19  64  0.2036E-07
 16  4  20  64  0.2014E-07
 16  4  20  64  0.2014E-07
 16  4  20  64  0.2013E-07
 16  4  20  64  0.2014E-07
 16  4  20  64  0.2013E-07
 16  4  20  64  0.2013E-07
 16  4  20  64  0.2013E-07
 16  4  20  64  0.2013E-07
 16  4  20  64  0.2014E-07
 16  4  20  64  0.2013E-07
