 16  2048  3  32768  0.2282E-09
 16  2048  3  32768  0.2248E-09
 16  2048  3  32768  0.2299E-09
 16  2048  3  32768  0.2237E-09
 16  2048  3  32768  0.2264E-09
 16  2048  3  32768  0.2213E-09
 16  2048  3  32768  0.2269E-09
 16  2048  3  32768  0.2242E-09
 16  2048  3  32768  0.2240E-09
 16  2048  3  32768  0.2227E-09
 16  2048  4  32768  0.1155E-09
 16  2048  4  32768  0.1141E-09
 16  2048  4  32768  0.1122E-09
 16  2048  4  32768  0.1175E-09
 16  2048  4  32768  0.1133E-09
 16  2048  4  32768  0.1119E-09
 16  2048  4  32768  0.1148E-09
 16  2048  4  32768  0.1133E-09
 16  2048  4  32768  0.1118E-09
 16  2048  4  32768  0.1122E-09
 16  2048  5  32768  0.9562E-10
 16  2048  5  32768  0.9330E-10
 16  2048  5  32768  0.9150E-10
 16  2048  5  32768  0.8957E-10
 16  2048  5  32768  0.8974E-10
 16  2048  5  32768  0.8886E-10
 16  2048  5  32768  0.9041E-10
 16  2048  5  32768  0.9239E-10
 16  2048  5  32768  0.9217E-10
 16  2048  5  32768  0.9329E-10
 16  2048  6  32768  0.7258E-10
 16  2048  6  32768  0.7200E-10
 16  2048  6  32768  0.7111E-10
 16  2048  6  32768  0.7006E-10
 16  2048  6  32768  0.6902E-10
 16  2048  6  32768  0.7060E-10
 16  2048  6  32768  0.7273E-10
 16  2048  6  32768  0.7147E-10
 16  2048  6  32768  0.7138E-10
 16  2048  6  32768  0.7075E-10
 16  2048  7  32768  0.5819E-10
 16  2048  7  32768  0.5826E-10
 16  2048  7  32768  0.5726E-10
 16  2048  7  32768  0.5872E-10
 16  2048  7  32768  0.5853E-10
 16  2048  7  32768  0.5718E-10
 16  2048  7  32768  0.5715E-10
 16  2048  7  32768  0.5693E-10
 16  2048  7  32768  0.5844E-10
 16  2048  7  32768  0.5856E-10
 16  2048  8  32768  0.4553E-10
 16  2048  8  32768  0.4586E-10
 16  2048  8  32768  0.4510E-10
 16  2048  8  32768  0.4525E-10
 16  2048  8  32768  0.4545E-10
 16  2048  8  32768  0.4525E-10
 16  2048  8  32768  0.4564E-10
 16  2048  8  32768  0.4533E-10
 16  2048  8  32768  0.4574E-10
 16  2048  8  32768  0.4507E-10
 16  2048  9  32768  0.4397E-10
 16  2048  9  32768  0.4345E-10
 16  2048  9  32768  0.4383E-10
 16  2048  9  32768  0.4344E-10
 16  2048  9  32768  0.4364E-10
 16  2048  9  32768  0.4317E-10
 16  2048  9  32768  0.4353E-10
 16  2048  9  32768  0.4349E-10
 16  2048  9  32768  0.4389E-10
 16  2048  9  32768  0.4361E-10
 16  2048  10  32768  0.4128E-10
 16  2048  10  32768  0.4083E-10
 16  2048  10  32768  0.4071E-10
 16  2048  10  32768  0.4144E-10
 16  2048  10  32768  0.4091E-10
 16  2048  10  32768  0.4107E-10
 16  2048  10  32768  0.4099E-10
 16  2048  10  32768  0.4085E-10
 16  2048  10  32768  0.4130E-10
 16  2048  10  32768  0.4092E-10
 16  2048  11  32768  0.4021E-10
 16  2048  11  32768  0.3988E-10
 16  2048  11  32768  0.4004E-10
 16  2048  11  32768  0.3992E-10
 16  2048  11  32768  0.3991E-10
 16  2048  11  32768  0.4018E-10
 16  2048  11  32768  0.3993E-10
 16  2048  11  32768  0.4014E-10
 16  2048  11  32768  0.4000E-10
 16  2048  11  32768  0.4018E-10
 16  2048  12  32768  0.3641E-10
 16  2048  12  32768  0.3620E-10
 16  2048  12  32768  0.3621E-10
 16  2048  12  32768  0.3631E-10
 16  2048  12  32768  0.3620E-10
 16  2048  12  32768  0.3627E-10
 16  2048  12  32768  0.3632E-10
 16  2048  12  32768  0.3664E-10
 16  2048  12  32768  0.3627E-10
 16  2048  12  32768  0.3658E-10
 16  2048  13  32768  0.3839E-10
 16  2048  13  32768  0.3819E-10
 16  2048  13  32768  0.3823E-10
 16  2048  13  32768  0.3824E-10
 16  2048  13  32768  0.3813E-10
 16  2048  13  32768  0.3812E-10
 16  2048  13  32768  0.3833E-10
 16  2048  13  32768  0.3810E-10
 16  2048  13  32768  0.3829E-10
 16  2048  13  32768  0.3813E-10
 16  2048  14  32768  0.3613E-10
 16  2048  14  32768  0.3610E-10
 16  2048  14  32768  0.3598E-10
 16  2048  14  32768  0.3598E-10
 16  2048  14  32768  0.3609E-10
 16  2048  14  32768  0.3614E-10
 16  2048  14  32768  0.3609E-10
 16  2048  14  32768  0.3623E-10
 16  2048  14  32768  0.3625E-10
 16  2048  14  32768  0.3614E-10
 16  2048  15  32768  0.3596E-10
 16  2048  15  32768  0.3591E-10
 16  2048  15  32768  0.3601E-10
 16  2048  15  32768  0.3601E-10
 16  2048  15  32768  0.3619E-10
 16  2048  15  32768  0.3616E-10
 16  2048  15  32768  0.3603E-10
 16  2048  15  32768  0.3623E-10
 16  2048  15  32768  0.3619E-10
 16  2048  15  32768  0.3603E-10
 16  2048  16  32768  0.3656E-10
 16  2048  16  32768  0.3638E-10
 16  2048  16  32768  0.3636E-10
 16  2048  16  32768  0.3642E-10
 16  2048  16  32768  0.3641E-10
 16  2048  16  32768  0.3640E-10
 16  2048  16  32768  0.3644E-10
 16  2048  16  32768  0.3640E-10
 16  2048  16  32768  0.3643E-10
 16  2048  16  32768  0.3628E-10
 16  2048  17  32768  0.4705E-10
 16  2048  17  32768  0.4695E-10
 16  2048  17  32768  0.4688E-10
 16  2048  17  32768  0.4692E-10
 16  2048  17  32768  0.4697E-10
 16  2048  17  32768  0.4696E-10
 16  2048  17  32768  0.4711E-10
 16  2048  17  32768  0.4692E-10
 16  2048  17  32768  0.4707E-10
 16  2048  17  32768  0.4695E-10
 16  2048  18  32768  0.4173E-10
 16  2048  18  32768  0.4132E-10
 16  2048  18  32768  0.4133E-10
 16  2048  18  32768  0.4156E-10
 16  2048  18  32768  0.4156E-10
 16  2048  18  32768  0.4145E-10
 16  2048  18  32768  0.4131E-10
 16  2048  18  32768  0.4157E-10
 16  2048  18  32768  0.4162E-10
 16  2048  18  32768  0.4145E-10
 16  2048  19  32768  0.4858E-10
 16  2048  19  32768  0.4862E-10
 16  2048  19  32768  0.4864E-10
 16  2048  19  32768  0.4853E-10
 16  2048  19  32768  0.4887E-10
 16  2048  19  32768  0.4873E-10
 16  2048  19  32768  0.4869E-10
 16  2048  19  32768  0.4881E-10
 16  2048  19  32768  0.4877E-10
 16  2048  19  32768  0.4886E-10
 16  2048  20  32768  0.4738E-10
 16  2048  20  32768  0.4745E-10
 16  2048  20  32768  0.4735E-10
 16  2048  20  32768  0.4736E-10
 16  2048  20  32768  0.4743E-10
 16  2048  20  32768  0.4736E-10
 16  2048  20  32768  0.4751E-10
 16  2048  20  32768  0.4737E-10
 16  2048  20  32768  0.4746E-10
 16  2048  20  32768  0.4752E-10
