 16  4096  3  65536  0.2349E-09
 16  4096  3  65536  0.2346E-09
 16  4096  3  65536  0.2402E-09
 16  4096  3  65536  0.2322E-09
 16  4096  3  65536  0.2326E-09
 16  4096  3  65536  0.2261E-09
 16  4096  3  65536  0.2308E-09
 16  4096  3  65536  0.2341E-09
 16  4096  3  65536  0.2269E-09
 16  4096  3  65536  0.2362E-09
 16  4096  4  65536  0.1286E-09
 16  4096  4  65536  0.1284E-09
 16  4096  4  65536  0.1258E-09
 16  4096  4  65536  0.1256E-09
 16  4096  4  65536  0.1244E-09
 16  4096  4  65536  0.1272E-09
 16  4096  4  65536  0.1277E-09
 16  4096  4  65536  0.1272E-09
 16  4096  4  65536  0.1289E-09
 16  4096  4  65536  0.1266E-09
 16  4096  5  65536  0.8971E-10
 16  4096  5  65536  0.8806E-10
 16  4096  5  65536  0.8979E-10
 16  4096  5  65536  0.9358E-10
 16  4096  5  65536  0.9047E-10
 16  4096  5  65536  0.8703E-10
 16  4096  5  65536  0.8993E-10
 16  4096  5  65536  0.9207E-10
 16  4096  5  65536  0.9243E-10
 16  4096  5  65536  0.8834E-10
 16  4096  6  65536  0.6240E-10
 16  4096  6  65536  0.6258E-10
 16  4096  6  65536  0.6456E-10
 16  4096  6  65536  0.6301E-10
 16  4096  6  65536  0.6265E-10
 16  4096  6  65536  0.6373E-10
 16  4096  6  65536  0.6429E-10
 16  4096  6  65536  0.6256E-10
 16  4096  6  65536  0.6240E-10
 16  4096  6  65536  0.6355E-10
 16  4096  7  65536  0.4816E-10
 16  4096  7  65536  0.4639E-10
 16  4096  7  65536  0.4619E-10
 16  4096  7  65536  0.4858E-10
 16  4096  7  65536  0.4671E-10
 16  4096  7  65536  0.4620E-10
 16  4096  7  65536  0.4817E-10
 16  4096  7  65536  0.4686E-10
 16  4096  7  65536  0.4592E-10
 16  4096  7  65536  0.4757E-10
 16  4096  8  65536  0.3711E-10
 16  4096  8  65536  0.3587E-10
 16  4096  8  65536  0.3686E-10
 16  4096  8  65536  0.3655E-10
 16  4096  8  65536  0.3616E-10
 16  4096  8  65536  0.3671E-10
 16  4096  8  65536  0.3627E-10
 16  4096  8  65536  0.3652E-10
 16  4096  8  65536  0.3702E-10
 16  4096  8  65536  0.3661E-10
 16  4096  9  65536  0.3219E-10
 16  4096  9  65536  0.3196E-10
 16  4096  9  65536  0.3217E-10
 16  4096  9  65536  0.3182E-10
 16  4096  9  65536  0.3217E-10
 16  4096  9  65536  0.3186E-10
 16  4096  9  65536  0.3240E-10
 16  4096  9  65536  0.3174E-10
 16  4096  9  65536  0.3247E-10
 16  4096  9  65536  0.3194E-10
 16  4096  10  65536  0.2894E-10
 16  4096  10  65536  0.2901E-10
 16  4096  10  65536  0.2908E-10
 16  4096  10  65536  0.2874E-10
 16  4096  10  65536  0.2917E-10
 16  4096  10  65536  0.2881E-10
 16  4096  10  65536  0.2914E-10
 16  4096  10  65536  0.2896E-10
 16  4096  10  65536  0.2897E-10
 16  4096  10  65536  0.2915E-10
 16  4096  11  65536  0.2667E-10
 16  4096  11  65536  0.2657E-10
 16  4096  11  65536  0.2647E-10
 16  4096  11  65536  0.2649E-10
 16  4096  11  65536  0.2666E-10
 16  4096  11  65536  0.2656E-10
 16  4096  11  65536  0.2640E-10
 16  4096  11  65536  0.2663E-10
 16  4096  11  65536  0.2662E-10
 16  4096  11  65536  0.2644E-10
 16  4096  12  65536  0.2347E-10
 16  4096  12  65536  0.2363E-10
 16  4096  12  65536  0.2349E-10
 16  4096  12  65536  0.2357E-10
 16  4096  12  65536  0.2364E-10
 16  4096  12  65536  0.2364E-10
 16  4096  12  65536  0.2362E-10
 16  4096  12  65536  0.2351E-10
 16  4096  12  65536  0.2364E-10
 16  4096  12  65536  0.2356E-10
 16  4096  13  65536  0.2338E-10
 16  4096  13  65536  0.2339E-10
 16  4096  13  65536  0.2335E-10
 16  4096  13  65536  0.2333E-10
 16  4096  13  65536  0.2332E-10
 16  4096  13  65536  0.2332E-10
 16  4096  13  65536  0.2338E-10
 16  4096  13  65536  0.2334E-10
 16  4096  13  65536  0.2332E-10
 16  4096  13  65536  0.2332E-10
 16  4096  14  65536  0.2186E-10
 16  4096  14  65536  0.2190E-10
 16  4096  14  65536  0.2170E-10
 16  4096  14  65536  0.2182E-10
 16  4096  14  65536  0.2183E-10
 16  4096  14  65536  0.2182E-10
 16  4096  14  65536  0.2187E-10
 16  4096  14  65536  0.2193E-10
 16  4096  14  65536  0.2181E-10
 16  4096  14  65536  0.2180E-10
 16  4096  15  65536  0.2398E-10
 16  4096  15  65536  0.2393E-10
 16  4096  15  65536  0.2382E-10
 16  4096  15  65536  0.2392E-10
 16  4096  15  65536  0.2380E-10
 16  4096  15  65536  0.2388E-10
 16  4096  15  65536  0.2396E-10
 16  4096  15  65536  0.2384E-10
 16  4096  15  65536  0.2387E-10
 16  4096  15  65536  0.2381E-10
 16  4096  16  65536  0.2374E-10
 16  4096  16  65536  0.2379E-10
 16  4096  16  65536  0.2371E-10
 16  4096  16  65536  0.2373E-10
 16  4096  16  65536  0.2377E-10
 16  4096  16  65536  0.2374E-10
 16  4096  16  65536  0.2380E-10
 16  4096  16  65536  0.2375E-10
 16  4096  16  65536  0.2377E-10
 16  4096  16  65536  0.2374E-10
 16  4096  17  65536  0.2619E-10
 16  4096  17  65536  0.2621E-10
 16  4096  17  65536  0.2617E-10
 16  4096  17  65536  0.2616E-10
 16  4096  17  65536  0.2626E-10
 16  4096  17  65536  0.2620E-10
 16  4096  17  65536  0.2619E-10
 16  4096  17  65536  0.2620E-10
 16  4096  17  65536  0.2626E-10
 16  4096  17  65536  0.2622E-10
 16  4096  18  65536  0.2631E-10
 16  4096  18  65536  0.2633E-10
 16  4096  18  65536  0.2629E-10
 16  4096  18  65536  0.2624E-10
 16  4096  18  65536  0.2627E-10
 16  4096  18  65536  0.2620E-10
 16  4096  18  65536  0.2631E-10
 16  4096  18  65536  0.2634E-10
 16  4096  18  65536  0.2630E-10
 16  4096  18  65536  0.2630E-10
 16  4096  19  65536  0.2571E-10
 16  4096  19  65536  0.2571E-10
 16  4096  19  65536  0.2574E-10
 16  4096  19  65536  0.2567E-10
 16  4096  19  65536  0.2569E-10
 16  4096  19  65536  0.2577E-10
 16  4096  19  65536  0.2568E-10
 16  4096  19  65536  0.2577E-10
 16  4096  19  65536  0.2572E-10
 16  4096  19  65536  0.2570E-10
 16  4096  20  65536  0.2508E-10
 16  4096  20  65536  0.2507E-10
 16  4096  20  65536  0.2513E-10
 16  4096  20  65536  0.2507E-10
 16  4096  20  65536  0.2512E-10
 16  4096  20  65536  0.2510E-10
 16  4096  20  65536  0.2510E-10
 16  4096  20  65536  0.2509E-10
 16  4096  20  65536  0.2507E-10
 16  4096  20  65536  0.2513E-10
