 16  1  3  16  0.1551E-06
 16  1  3  16  0.1404E-06
 16  1  3  16  0.1372E-06
 16  1  3  16  0.1350E-06
 16  1  3  16  0.1343E-06
 16  1  3  16  0.1328E-06
 16  1  3  16  0.1326E-06
 16  1  3  16  0.1319E-06
 16  1  3  16  0.1319E-06
 16  1  3  16  0.1321E-06
 16  1  4  16  0.8956E-07
 16  1  4  16  0.8591E-07
 16  1  4  16  0.8273E-07
 16  1  4  16  0.7489E-07
 16  1  4  16  0.8203E-07
 16  1  4  16  0.9639E-07
 16  1  4  16  0.8297E-07
 16  1  4  16  0.8467E-07
 16  1  4  16  0.8366E-07
 16  1  4  16  0.8467E-07
 16  1  5  16  0.8368E-07
 16  1  5  16  0.7534E-07
 16  1  5  16  0.7486E-07
 16  1  5  16  0.7598E-07
 16  1  5  16  0.7649E-07
 16  1  5  16  0.8015E-07
 16  1  5  16  0.8114E-07
 16  1  5  16  0.7764E-07
 16  1  5  16  0.7399E-07
 16  1  5  16  0.7399E-07
 16  1  6  16  0.6827E-07
 16  1  6  16  0.6954E-07
 16  1  6  16  0.6742E-07
 16  1  6  16  0.6857E-07
 16  1  6  16  0.6781E-07
 16  1  6  16  0.6386E-07
 16  1  6  16  0.7099E-07
 16  1  6  16  0.6827E-07
 16  1  6  16  0.6781E-07
 16  1  6  16  0.6935E-07
 16  1  7  16  0.7507E-07
 16  1  7  16  0.6887E-07
 16  1  7  16  0.6881E-07
 16  1  7  16  0.7228E-07
 16  1  7  16  0.7131E-07
 16  1  7  16  0.6881E-07
 16  1  7  16  0.7246E-07
 16  1  7  16  0.6893E-07
 16  1  7  16  0.6931E-07
 16  1  7  16  0.7258E-07
 16  1  8  16  0.6698E-07
 16  1  8  16  0.6726E-07
 16  1  8  16  0.6555E-07
 16  1  8  16  0.6547E-07
 16  1  8  16  0.6514E-07
 16  1  8  16  0.6544E-07
 16  1  8  16  0.6620E-07
 16  1  8  16  0.6555E-07
 16  1  8  16  0.6698E-07
 16  1  8  16  0.6527E-07
 16  1  9  16  0.7002E-07
 16  1  9  16  0.7176E-07
 16  1  9  16  0.6996E-07
 16  1  9  16  0.6839E-07
 16  1  9  16  0.7022E-07
 16  1  9  16  0.7027E-07
 16  1  9  16  0.6870E-07
 16  1  9  16  0.7033E-07
 16  1  9  16  0.7024E-07
 16  1  9  16  0.6845E-07
 16  1  10  16  0.9425E-07
 16  1  10  16  0.9392E-07
 16  1  10  16  0.9498E-07
 16  1  10  16  0.9329E-07
 16  1  10  16  0.9338E-07
 16  1  10  16  0.9289E-07
 16  1  10  16  0.9289E-07
 16  1  10  16  0.9406E-07
 16  1  10  16  0.9335E-07
 16  1  10  16  0.9321E-07
 16  1  11  16  0.8709E-07
 16  1  11  16  0.8657E-07
 16  1  11  16  0.8607E-07
 16  1  11  16  0.8681E-07
 16  1  11  16  0.8667E-07
 16  1  11  16  0.8668E-07
 16  1  11  16  0.8588E-07
 16  1  11  16  0.8667E-07
 16  1  11  16  0.8598E-07
 16  1  11  16  0.8604E-07
 16  1  12  16  0.7316E-07
 16  1  12  16  0.7290E-07
 16  1  12  16  0.7193E-07
 16  1  12  16  0.7240E-07
 16  1  12  16  0.7169E-07
 16  1  12  16  0.7338E-07
 16  1  12  16  0.7119E-07
 16  1  12  16  0.7183E-07
 16  1  12  16  0.7130E-07
 16  1  12  16  0.7159E-07
 16  1  13  16  0.5419E-07
 16  1  13  16  0.5421E-07
 16  1  13  16  0.5420E-07
 16  1  13  16  0.5418E-07
 16  1  13  16  0.5422E-07
 16  1  13  16  0.5417E-07
 16  1  13  16  0.5424E-07
 16  1  13  16  0.5423E-07
 16  1  13  16  0.5420E-07
 16  1  13  16  0.5422E-07
 16  1  14  16  0.5124E-07
 16  1  14  16  0.5124E-07
 16  1  14  16  0.5120E-07
 16  1  14  16  0.5122E-07
 16  1  14  16  0.5127E-07
 16  1  14  16  0.5119E-07
 16  1  14  16  0.5123E-07
 16  1  14  16  0.5120E-07
 16  1  14  16  0.5120E-07
 16  1  14  16  0.5120E-07
 16  1  15  16  0.5636E-07
 16  1  15  16  0.5638E-07
 16  1  15  16  0.5637E-07
 16  1  15  16  0.5642E-07
 16  1  15  16  0.5636E-07
 16  1  15  16  0.5636E-07
 16  1  15  16  0.5638E-07
 16  1  15  16  0.5638E-07
 16  1  15  16  0.5636E-07
 16  1  15  16  0.5638E-07
 16  1  16  16  0.5388E-07
 16  1  16  16  0.5388E-07
 16  1  16  16  0.5388E-07
 16  1  16  16  0.5388E-07
 16  1  16  16  0.5387E-07
 16  1  16  16  0.5388E-07
 16  1  16  16  0.5391E-07
 16  1  16  16  0.5389E-07
 16  1  16  16  0.5389E-07
 16  1  16  16  0.5389E-07
 16  1  17  16  0.6675E-07
 16  1  17  16  0.6672E-07
 16  1  17  16  0.6670E-07
 16  1  17  16  0.6673E-07
 16  1  17  16  0.6674E-07
 16  1  17  16  0.6673E-07
 16  1  17  16  0.6669E-07
 16  1  17  16  0.6670E-07
 16  1  17  16  0.6671E-07
 16  1  17  16  0.6674E-07
 16  1  18  16  0.6485E-07
 16  1  18  16  0.6486E-07
 16  1  18  16  0.6487E-07
 16  1  18  16  0.6486E-07
 16  1  18  16  0.6485E-07
 16  1  18  16  0.6486E-07
 16  1  18  16  0.6485E-07
 16  1  18  16  0.6487E-07
 16  1  18  16  0.6486E-07
 16  1  18  16  0.6485E-07
 16  1  19  16  0.7007E-07
 16  1  19  16  0.7004E-07
 16  1  19  16  0.7006E-07
 16  1  19  16  0.7009E-07
 16  1  19  16  0.7005E-07
 16  1  19  16  0.7007E-07
 16  1  19  16  0.7008E-07
 16  1  19  16  0.7006E-07
 16  1  19  16  0.7006E-07
 16  1  19  16  0.7006E-07
 16  1  20  16  0.6910E-07
 16  1  20  16  0.6909E-07
 16  1  20  16  0.6909E-07
 16  1  20  16  0.6912E-07
 16  1  20  16  0.6910E-07
 16  1  20  16  0.6911E-07
 16  1  20  16  0.6911E-07
 16  1  20  16  0.6910E-07
 16  1  20  16  0.6910E-07
 16  1  20  16  0.6910E-07
