 16  512  3  8192  0.2473E-08
 16  512  3  8192  0.2281E-08
 16  512  3  8192  0.2272E-08
 16  512  3  8192  0.2268E-08
 16  512  3  8192  0.2253E-08
 16  512  3  8192  0.2286E-08
 16  512  3  8192  0.2278E-08
 16  512  3  8192  0.2274E-08
 16  512  3  8192  0.2283E-08
 16  512  3  8192  0.2264E-08
 16  512  4  8192  0.1173E-08
 16  512  4  8192  0.1107E-08
 16  512  4  8192  0.1106E-08
 16  512  4  8192  0.1092E-08
 16  512  4  8192  0.1083E-08
 16  512  4  8192  0.1091E-08
 16  512  4  8192  0.1085E-08
 16  512  4  8192  0.1099E-08
 16  512  4  8192  0.1096E-08
 16  512  4  8192  0.1089E-08
 16  512  5  8192  0.7844E-09
 16  512  5  8192  0.7525E-09
 16  512  5  8192  0.7560E-09
 16  512  5  8192  0.7588E-09
 16  512  5  8192  0.7445E-09
 16  512  5  8192  0.7505E-09
 16  512  5  8192  0.7519E-09
 16  512  5  8192  0.7558E-09
 16  512  5  8192  0.7493E-09
 16  512  5  8192  0.7475E-09
 16  512  6  8192  0.6048E-09
 16  512  6  8192  0.5815E-09
 16  512  6  8192  0.5833E-09
 16  512  6  8192  0.5812E-09
 16  512  6  8192  0.5863E-09
 16  512  6  8192  0.5812E-09
 16  512  6  8192  0.5839E-09
 16  512  6  8192  0.5846E-09
 16  512  6  8192  0.5802E-09
 16  512  6  8192  0.5837E-09
 16  512  7  8192  0.4859E-09
 16  512  7  8192  0.4696E-09
 16  512  7  8192  0.4705E-09
 16  512  7  8192  0.4710E-09
 16  512  7  8192  0.4690E-09
 16  512  7  8192  0.4694E-09
 16  512  7  8192  0.4720E-09
 16  512  7  8192  0.4732E-09
 16  512  7  8192  0.4672E-09
 16  512  7  8192  0.4688E-09
 16  512  8  8192  0.3734E-09
 16  512  8  8192  0.3678E-09
 16  512  8  8192  0.3665E-09
 16  512  8  8192  0.3671E-09
 16  512  8  8192  0.3685E-09
 16  512  8  8192  0.3673E-09
 16  512  8  8192  0.3675E-09
 16  512  8  8192  0.3673E-09
 16  512  8  8192  0.3689E-09
 16  512  8  8192  0.3680E-09
 16  512  9  8192  0.3332E-09
 16  512  9  8192  0.3315E-09
 16  512  9  8192  0.3290E-09
 16  512  9  8192  0.3327E-09
 16  512  9  8192  0.3294E-09
 16  512  9  8192  0.3303E-09
 16  512  9  8192  0.3318E-09
 16  512  9  8192  0.3285E-09
 16  512  9  8192  0.3307E-09
 16  512  9  8192  0.3305E-09
 16  512  10  8192  0.2966E-09
 16  512  10  8192  0.2915E-09
 16  512  10  8192  0.2912E-09
 16  512  10  8192  0.2911E-09
 16  512  10  8192  0.2907E-09
 16  512  10  8192  0.2925E-09
 16  512  10  8192  0.2910E-09
 16  512  10  8192  0.2906E-09
 16  512  10  8192  0.2927E-09
 16  512  10  8192  0.2912E-09
 16  512  11  8192  0.2685E-09
 16  512  11  8192  0.2659E-09
 16  512  11  8192  0.2661E-09
 16  512  11  8192  0.2668E-09
 16  512  11  8192  0.2656E-09
 16  512  11  8192  0.2662E-09
 16  512  11  8192  0.2659E-09
 16  512  11  8192  0.2674E-09
 16  512  11  8192  0.2665E-09
 16  512  11  8192  0.2664E-09
 16  512  12  8192  0.2414E-09
 16  512  12  8192  0.2379E-09
 16  512  12  8192  0.2386E-09
 16  512  12  8192  0.2383E-09
 16  512  12  8192  0.2378E-09
 16  512  12  8192  0.2380E-09
 16  512  12  8192  0.2381E-09
 16  512  12  8192  0.2382E-09
 16  512  12  8192  0.2381E-09
 16  512  12  8192  0.2381E-09
 16  512  13  8192  0.2256E-09
 16  512  13  8192  0.2243E-09
 16  512  13  8192  0.2243E-09
 16  512  13  8192  0.2251E-09
 16  512  13  8192  0.2243E-09
 16  512  13  8192  0.2243E-09
 16  512  13  8192  0.2245E-09
 16  512  13  8192  0.2247E-09
 16  512  13  8192  0.2246E-09
 16  512  13  8192  0.2243E-09
 16  512  14  8192  0.2096E-09
 16  512  14  8192  0.2088E-09
 16  512  14  8192  0.2091E-09
 16  512  14  8192  0.2092E-09
 16  512  14  8192  0.2095E-09
 16  512  14  8192  0.2094E-09
 16  512  14  8192  0.2081E-09
 16  512  14  8192  0.2086E-09
 16  512  14  8192  0.2083E-09
 16  512  14  8192  0.2091E-09
 16  512  15  8192  0.2070E-09
 16  512  15  8192  0.2065E-09
 16  512  15  8192  0.2048E-09
 16  512  15  8192  0.2052E-09
 16  512  15  8192  0.2052E-09
 16  512  15  8192  0.2060E-09
 16  512  15  8192  0.2048E-09
 16  512  15  8192  0.2066E-09
 16  512  15  8192  0.2048E-09
 16  512  15  8192  0.2052E-09
