 16  512  3  8192  0.1739E-08
 16  512  3  8192  0.1731E-08
 16  512  3  8192  0.1729E-08
 16  512  3  8192  0.1746E-08
 16  512  3  8192  0.1760E-08
 16  512  4  8192  0.9926E-09
 16  512  4  8192  0.9887E-09
 16  512  4  8192  0.1002E-08
 16  512  4  8192  0.1013E-08
 16  512  4  8192  0.1006E-08
 16  512  5  8192  0.8015E-09
 16  512  5  8192  0.7963E-09
 16  512  5  8192  0.7903E-09
 16  512  5  8192  0.7920E-09
 16  512  5  8192  0.8000E-09
 16  512  6  8192  0.5941E-09
 16  512  6  8192  0.5951E-09
 16  512  6  8192  0.5978E-09
 16  512  6  8192  0.5925E-09
 16  512  6  8192  0.5968E-09
 16  512  7  8192  0.4778E-09
 16  512  7  8192  0.4772E-09
 16  512  7  8192  0.4772E-09
 16  512  7  8192  0.4764E-09
 16  512  7  8192  0.4770E-09
 16  512  8  8192  0.3949E-09
 16  512  8  8192  0.3953E-09
 16  512  8  8192  0.3963E-09
 16  512  8  8192  0.3952E-09
 16  512  8  8192  0.3952E-09
 16  512  9  8192  0.3369E-09
 16  512  9  8192  0.3380E-09
 16  512  9  8192  0.3380E-09
 16  512  9  8192  0.3392E-09
 16  512  9  8192  0.3381E-09
 16  512  10  8192  0.3141E-09
 16  512  10  8192  0.3109E-09
 16  512  10  8192  0.3107E-09
 16  512  10  8192  0.3110E-09
 16  512  10  8192  0.3110E-09
 16  512  11  8192  0.2930E-09
 16  512  11  8192  0.2931E-09
 16  512  11  8192  0.2929E-09
 16  512  11  8192  0.2932E-09
 16  512  11  8192  0.2951E-09
 16  512  12  8192  0.2768E-09
 16  512  12  8192  0.2778E-09
 16  512  12  8192  0.2781E-09
 16  512  12  8192  0.2765E-09
 16  512  12  8192  0.2763E-09
 16  512  13  8192  0.2661E-09
 16  512  13  8192  0.2664E-09
 16  512  13  8192  0.2668E-09
 16  512  13  8192  0.2679E-09
 16  512  13  8192  0.2670E-09
 16  512  14  8192  0.2575E-09
 16  512  14  8192  0.2555E-09
 16  512  14  8192  0.2542E-09
 16  512  14  8192  0.2545E-09
 16  512  14  8192  0.2519E-09
 16  512  15  8192  0.2466E-09
 16  512  15  8192  0.2501E-09
 16  512  15  8192  0.2463E-09
 16  512  15  8192  0.2497E-09
 16  512  15  8192  0.2477E-09
 16  512  16  8192  0.2508E-09
 16  512  16  8192  0.2525E-09
 16  512  16  8192  0.2508E-09
 16  512  16  8192  0.2535E-09
 16  512  16  8192  0.2501E-09
 16  512  17  8192  0.2595E-09
 16  512  17  8192  0.2589E-09
 16  512  17  8192  0.2596E-09
 16  512  17  8192  0.2598E-09
 16  512  17  8192  0.2590E-09
 16  512  18  8192  0.2479E-09
 16  512  18  8192  0.2480E-09
 16  512  18  8192  0.2472E-09
 16  512  18  8192  0.2481E-09
 16  512  18  8192  0.2482E-09
 16  512  19  8192  0.2494E-09
 16  512  19  8192  0.2503E-09
 16  512  19  8192  0.2501E-09
 16  512  19  8192  0.2501E-09
 16  512  19  8192  0.2505E-09
 16  512  20  8192  0.2517E-09
 16  512  20  8192  0.2517E-09
 16  512  20  8192  0.2520E-09
 16  512  20  8192  0.2520E-09
 16  512  20  8192  0.2518E-09
