 16  2048  3  32768  0.4639E-09
 16  2048  3  32768  0.4542E-09
 16  2048  3  32768  0.4590E-09
 16  2048  3  32768  0.4602E-09
 16  2048  3  32768  0.4523E-09
 16  2048  3  32768  0.4548E-09
 16  2048  3  32768  0.4538E-09
 16  2048  3  32768  0.4521E-09
 16  2048  3  32768  0.4509E-09
 16  2048  3  32768  0.4486E-09
 16  2048  4  32768  0.2651E-09
 16  2048  4  32768  0.2625E-09
 16  2048  4  32768  0.2588E-09
 16  2048  4  32768  0.2620E-09
 16  2048  4  32768  0.2608E-09
 16  2048  4  32768  0.2608E-09
 16  2048  4  32768  0.2660E-09
 16  2048  4  32768  0.2597E-09
 16  2048  4  32768  0.2583E-09
 16  2048  4  32768  0.2585E-09
 16  2048  5  32768  0.1920E-09
 16  2048  5  32768  0.1909E-09
 16  2048  5  32768  0.1859E-09
 16  2048  5  32768  0.1842E-09
 16  2048  5  32768  0.1896E-09
 16  2048  5  32768  0.1901E-09
 16  2048  5  32768  0.1883E-09
 16  2048  5  32768  0.1862E-09
 16  2048  5  32768  0.1873E-09
 16  2048  5  32768  0.1896E-09
 16  2048  6  32768  0.1343E-09
 16  2048  6  32768  0.1318E-09
 16  2048  6  32768  0.1295E-09
 16  2048  6  32768  0.1333E-09
 16  2048  6  32768  0.1317E-09
 16  2048  6  32768  0.1304E-09
 16  2048  6  32768  0.1306E-09
 16  2048  6  32768  0.1333E-09
 16  2048  6  32768  0.1315E-09
 16  2048  6  32768  0.1316E-09
 16  2048  7  32768  0.1004E-09
 16  2048  7  32768  0.1000E-09
 16  2048  7  32768  0.9834E-10
 16  2048  7  32768  0.9958E-10
 16  2048  7  32768  0.1005E-09
 16  2048  7  32768  0.9860E-10
 16  2048  7  32768  0.9999E-10
 16  2048  7  32768  0.1004E-09
 16  2048  7  32768  0.9957E-10
 16  2048  7  32768  0.9987E-10
 16  2048  8  32768  0.7890E-10
 16  2048  8  32768  0.7780E-10
 16  2048  8  32768  0.7851E-10
 16  2048  8  32768  0.7835E-10
 16  2048  8  32768  0.7860E-10
 16  2048  8  32768  0.7929E-10
 16  2048  8  32768  0.7900E-10
 16  2048  8  32768  0.7920E-10
 16  2048  8  32768  0.7899E-10
 16  2048  8  32768  0.7827E-10
 16  2048  9  32768  0.6909E-10
 16  2048  9  32768  0.6927E-10
 16  2048  9  32768  0.6907E-10
 16  2048  9  32768  0.6943E-10
 16  2048  9  32768  0.6921E-10
 16  2048  9  32768  0.6967E-10
 16  2048  9  32768  0.6927E-10
 16  2048  9  32768  0.6892E-10
 16  2048  9  32768  0.6875E-10
 16  2048  9  32768  0.6947E-10
 16  2048  10  32768  0.6155E-10
 16  2048  10  32768  0.6143E-10
 16  2048  10  32768  0.6137E-10
 16  2048  10  32768  0.6163E-10
 16  2048  10  32768  0.6125E-10
 16  2048  10  32768  0.6167E-10
 16  2048  10  32768  0.6149E-10
 16  2048  10  32768  0.6132E-10
 16  2048  10  32768  0.6106E-10
 16  2048  10  32768  0.6098E-10
 16  2048  11  32768  0.5711E-10
 16  2048  11  32768  0.5713E-10
 16  2048  11  32768  0.5674E-10
 16  2048  11  32768  0.5653E-10
 16  2048  11  32768  0.5663E-10
 16  2048  11  32768  0.5671E-10
 16  2048  11  32768  0.5683E-10
 16  2048  11  32768  0.5671E-10
 16  2048  11  32768  0.5678E-10
 16  2048  11  32768  0.5700E-10
 16  2048  12  32768  0.5032E-10
 16  2048  12  32768  0.5035E-10
 16  2048  12  32768  0.5026E-10
 16  2048  12  32768  0.5032E-10
 16  2048  12  32768  0.5062E-10
 16  2048  12  32768  0.5053E-10
 16  2048  12  32768  0.5051E-10
 16  2048  12  32768  0.5067E-10
 16  2048  12  32768  0.5075E-10
 16  2048  12  32768  0.5028E-10
 16  2048  13  32768  0.5018E-10
 16  2048  13  32768  0.5013E-10
 16  2048  13  32768  0.5019E-10
 16  2048  13  32768  0.5017E-10
 16  2048  13  32768  0.5014E-10
 16  2048  13  32768  0.5017E-10
 16  2048  13  32768  0.4989E-10
 16  2048  13  32768  0.5027E-10
 16  2048  13  32768  0.5018E-10
 16  2048  13  32768  0.4999E-10
 16  2048  14  32768  0.4694E-10
 16  2048  14  32768  0.4701E-10
 16  2048  14  32768  0.4684E-10
 16  2048  14  32768  0.4689E-10
 16  2048  14  32768  0.4700E-10
 16  2048  14  32768  0.4691E-10
 16  2048  14  32768  0.4698E-10
 16  2048  14  32768  0.4706E-10
 16  2048  14  32768  0.4685E-10
 16  2048  14  32768  0.4701E-10
 16  2048  15  32768  0.4838E-10
 16  2048  15  32768  0.4835E-10
 16  2048  15  32768  0.4836E-10
 16  2048  15  32768  0.4855E-10
 16  2048  15  32768  0.4860E-10
 16  2048  15  32768  0.4860E-10
 16  2048  15  32768  0.4853E-10
 16  2048  15  32768  0.4829E-10
 16  2048  15  32768  0.4832E-10
 16  2048  15  32768  0.4855E-10
 16  2048  16  32768  0.4544E-10
 16  2048  16  32768  0.4550E-10
 16  2048  16  32768  0.4533E-10
 16  2048  16  32768  0.4533E-10
 16  2048  16  32768  0.4530E-10
 16  2048  16  32768  0.4546E-10
 16  2048  16  32768  0.4547E-10
 16  2048  16  32768  0.4543E-10
 16  2048  16  32768  0.4539E-10
 16  2048  16  32768  0.4533E-10
 16  2048  17  32768  0.5550E-10
 16  2048  17  32768  0.5532E-10
 16  2048  17  32768  0.5539E-10
 16  2048  17  32768  0.5526E-10
 16  2048  17  32768  0.5550E-10
 16  2048  17  32768  0.5525E-10
 16  2048  17  32768  0.5533E-10
 16  2048  17  32768  0.5525E-10
 16  2048  17  32768  0.5543E-10
 16  2048  17  32768  0.5532E-10
 16  2048  18  32768  0.4977E-10
 16  2048  18  32768  0.4992E-10
 16  2048  18  32768  0.4966E-10
 16  2048  18  32768  0.4956E-10
 16  2048  18  32768  0.4992E-10
 16  2048  18  32768  0.4978E-10
 16  2048  18  32768  0.4953E-10
 16  2048  18  32768  0.4969E-10
 16  2048  18  32768  0.4992E-10
 16  2048  18  32768  0.4970E-10
 16  2048  19  32768  0.5578E-10
 16  2048  19  32768  0.5576E-10
 16  2048  19  32768  0.5574E-10
 16  2048  19  32768  0.5567E-10
 16  2048  19  32768  0.5562E-10
 16  2048  19  32768  0.5570E-10
 16  2048  19  32768  0.5592E-10
 16  2048  19  32768  0.5565E-10
 16  2048  19  32768  0.5583E-10
 16  2048  19  32768  0.5559E-10
 16  2048  20  32768  0.5357E-10
 16  2048  20  32768  0.5363E-10
 16  2048  20  32768  0.5360E-10
 16  2048  20  32768  0.5365E-10
 16  2048  20  32768  0.5369E-10
 16  2048  20  32768  0.5353E-10
 16  2048  20  32768  0.5374E-10
 16  2048  20  32768  0.5359E-10
 16  2048  20  32768  0.5358E-10
 16  2048  20  32768  0.5364E-10
