 16  2048  3  32768  0.3957E-09
 16  2048  3  32768  0.3803E-09
 16  2048  3  32768  0.3899E-09
 16  2048  3  32768  0.3811E-09
 16  2048  3  32768  0.3950E-09
 16  2048  3  32768  0.3818E-09
 16  2048  3  32768  0.3848E-09
 16  2048  3  32768  0.3831E-09
 16  2048  3  32768  0.3831E-09
 16  2048  3  32768  0.3811E-09
 16  2048  4  32768  0.2197E-09
 16  2048  4  32768  0.2199E-09
 16  2048  4  32768  0.2204E-09
 16  2048  4  32768  0.2192E-09
 16  2048  4  32768  0.2178E-09
 16  2048  4  32768  0.2171E-09
 16  2048  4  32768  0.2154E-09
 16  2048  4  32768  0.2186E-09
 16  2048  4  32768  0.2166E-09
 16  2048  4  32768  0.2183E-09
 16  2048  5  32768  0.1656E-09
 16  2048  5  32768  0.1650E-09
 16  2048  5  32768  0.1622E-09
 16  2048  5  32768  0.1624E-09
 16  2048  5  32768  0.1596E-09
 16  2048  5  32768  0.1640E-09
 16  2048  5  32768  0.1645E-09
 16  2048  5  32768  0.1620E-09
 16  2048  5  32768  0.1598E-09
 16  2048  5  32768  0.1597E-09
 16  2048  6  32768  0.1126E-09
 16  2048  6  32768  0.1154E-09
 16  2048  6  32768  0.1154E-09
 16  2048  6  32768  0.1138E-09
 16  2048  6  32768  0.1123E-09
 16  2048  6  32768  0.1147E-09
 16  2048  6  32768  0.1153E-09
 16  2048  6  32768  0.1140E-09
 16  2048  6  32768  0.1135E-09
 16  2048  6  32768  0.1155E-09
 16  2048  7  32768  0.8726E-10
 16  2048  7  32768  0.8722E-10
 16  2048  7  32768  0.8560E-10
 16  2048  7  32768  0.8553E-10
 16  2048  7  32768  0.8744E-10
 16  2048  7  32768  0.8712E-10
 16  2048  7  32768  0.8584E-10
 16  2048  7  32768  0.8759E-10
 16  2048  7  32768  0.8703E-10
 16  2048  7  32768  0.8611E-10
 16  2048  8  32768  0.6865E-10
 16  2048  8  32768  0.6834E-10
 16  2048  8  32768  0.6842E-10
 16  2048  8  32768  0.6823E-10
 16  2048  8  32768  0.6845E-10
 16  2048  8  32768  0.6817E-10
 16  2048  8  32768  0.6927E-10
 16  2048  8  32768  0.6844E-10
 16  2048  8  32768  0.6806E-10
 16  2048  8  32768  0.6886E-10
 16  2048  9  32768  0.6125E-10
 16  2048  9  32768  0.6081E-10
 16  2048  9  32768  0.6079E-10
 16  2048  9  32768  0.6101E-10
 16  2048  9  32768  0.6064E-10
 16  2048  9  32768  0.6106E-10
 16  2048  9  32768  0.6126E-10
 16  2048  9  32768  0.6090E-10
 16  2048  9  32768  0.6106E-10
 16  2048  9  32768  0.6113E-10
 16  2048  10  32768  0.5455E-10
 16  2048  10  32768  0.5465E-10
 16  2048  10  32768  0.5479E-10
 16  2048  10  32768  0.5494E-10
 16  2048  10  32768  0.5519E-10
 16  2048  10  32768  0.5519E-10
 16  2048  10  32768  0.5496E-10
 16  2048  10  32768  0.5471E-10
 16  2048  10  32768  0.5524E-10
 16  2048  10  32768  0.5463E-10
 16  2048  11  32768  0.5094E-10
 16  2048  11  32768  0.5123E-10
 16  2048  11  32768  0.5123E-10
 16  2048  11  32768  0.5093E-10
 16  2048  11  32768  0.5112E-10
 16  2048  11  32768  0.5137E-10
 16  2048  11  32768  0.5137E-10
 16  2048  11  32768  0.5152E-10
 16  2048  11  32768  0.5126E-10
 16  2048  11  32768  0.5118E-10
 16  2048  12  32768  0.4588E-10
 16  2048  12  32768  0.4629E-10
 16  2048  12  32768  0.4592E-10
 16  2048  12  32768  0.4598E-10
 16  2048  12  32768  0.4598E-10
 16  2048  12  32768  0.4605E-10
 16  2048  12  32768  0.4613E-10
 16  2048  12  32768  0.4584E-10
 16  2048  12  32768  0.4571E-10
 16  2048  12  32768  0.4577E-10
 16  2048  13  32768  0.4610E-10
 16  2048  13  32768  0.4615E-10
 16  2048  13  32768  0.4621E-10
 16  2048  13  32768  0.4627E-10
 16  2048  13  32768  0.4622E-10
 16  2048  13  32768  0.4624E-10
 16  2048  13  32768  0.4608E-10
 16  2048  13  32768  0.4637E-10
 16  2048  13  32768  0.4617E-10
 16  2048  13  32768  0.4627E-10
 16  2048  14  32768  0.4359E-10
 16  2048  14  32768  0.4336E-10
 16  2048  14  32768  0.4338E-10
 16  2048  14  32768  0.4344E-10
 16  2048  14  32768  0.4358E-10
 16  2048  14  32768  0.4344E-10
 16  2048  14  32768  0.4359E-10
 16  2048  14  32768  0.4356E-10
 16  2048  14  32768  0.4350E-10
 16  2048  14  32768  0.4349E-10
 16  2048  15  32768  0.4415E-10
 16  2048  15  32768  0.4418E-10
 16  2048  15  32768  0.4417E-10
 16  2048  15  32768  0.4417E-10
 16  2048  15  32768  0.4394E-10
 16  2048  15  32768  0.4398E-10
 16  2048  15  32768  0.4414E-10
 16  2048  15  32768  0.4435E-10
 16  2048  15  32768  0.4392E-10
 16  2048  15  32768  0.4435E-10
 16  2048  16  32768  0.4246E-10
 16  2048  16  32768  0.4239E-10
 16  2048  16  32768  0.4239E-10
 16  2048  16  32768  0.4238E-10
 16  2048  16  32768  0.4238E-10
 16  2048  16  32768  0.4246E-10
 16  2048  16  32768  0.4247E-10
 16  2048  16  32768  0.4238E-10
 16  2048  16  32768  0.4241E-10
 16  2048  16  32768  0.4237E-10
 16  2048  17  32768  0.5248E-10
 16  2048  17  32768  0.6160E-10
 16  2048  17  32768  0.5248E-10
 16  2048  17  32768  0.5253E-10
 16  2048  17  32768  0.5280E-10
 16  2048  17  32768  0.5271E-10
 16  2048  17  32768  0.5248E-10
 16  2048  17  32768  0.5247E-10
 16  2048  17  32768  0.5228E-10
 16  2048  17  32768  0.5248E-10
 16  2048  18  32768  0.4705E-10
 16  2048  18  32768  0.4695E-10
 16  2048  18  32768  0.4677E-10
 16  2048  18  32768  0.4701E-10
 16  2048  18  32768  0.4718E-10
 16  2048  18  32768  0.4678E-10
 16  2048  18  32768  0.4677E-10
 16  2048  18  32768  0.4718E-10
 16  2048  18  32768  0.4704E-10
 16  2048  18  32768  0.4680E-10
 16  2048  19  32768  0.5326E-10
 16  2048  19  32768  0.5353E-10
 16  2048  19  32768  0.5313E-10
 16  2048  19  32768  0.5335E-10
 16  2048  19  32768  0.5326E-10
 16  2048  19  32768  0.5349E-10
 16  2048  19  32768  0.5326E-10
 16  2048  19  32768  0.5346E-10
 16  2048  19  32768  0.5354E-10
 16  2048  19  32768  0.5323E-10
 16  2048  20  32768  0.5146E-10
 16  2048  20  32768  0.5151E-10
 16  2048  20  32768  0.5158E-10
 16  2048  20  32768  0.5145E-10
 16  2048  20  32768  0.5161E-10
 16  2048  20  32768  0.5140E-10
 16  2048  20  32768  0.5147E-10
 16  2048  20  32768  0.5145E-10
 16  2048  20  32768  0.5134E-10
 16  2048  20  32768  0.5148E-10
