 16  1024  3  16384  0.5440E-09
 16  1024  3  16384  0.5413E-09
 16  1024  3  16384  0.5244E-09
 16  1024  3  16384  0.5300E-09
 16  1024  3  16384  0.5315E-09
 16  1024  3  16384  0.5284E-09
 16  1024  3  16384  0.5235E-09
 16  1024  3  16384  0.5272E-09
 16  1024  3  16384  0.5271E-09
 16  1024  3  16384  0.5467E-09
 16  1024  4  16384  0.2886E-09
 16  1024  4  16384  0.2963E-09
 16  1024  4  16384  0.2933E-09
 16  1024  4  16384  0.2936E-09
 16  1024  4  16384  0.2974E-09
 16  1024  4  16384  0.2952E-09
 16  1024  4  16384  0.2890E-09
 16  1024  4  16384  0.2877E-09
 16  1024  4  16384  0.2890E-09
 16  1024  4  16384  0.2843E-09
 16  1024  5  16384  0.2270E-09
 16  1024  5  16384  0.2188E-09
 16  1024  5  16384  0.2191E-09
 16  1024  5  16384  0.2188E-09
 16  1024  5  16384  0.2199E-09
 16  1024  5  16384  0.2245E-09
 16  1024  5  16384  0.2254E-09
 16  1024  5  16384  0.2237E-09
 16  1024  5  16384  0.2185E-09
 16  1024  5  16384  0.2186E-09
 16  1024  6  16384  0.1627E-09
 16  1024  6  16384  0.1592E-09
 16  1024  6  16384  0.1593E-09
 16  1024  6  16384  0.1641E-09
 16  1024  6  16384  0.1633E-09
 16  1024  6  16384  0.1618E-09
 16  1024  6  16384  0.1582E-09
 16  1024  6  16384  0.1593E-09
 16  1024  6  16384  0.1591E-09
 16  1024  6  16384  0.1637E-09
 16  1024  7  16384  0.1333E-09
 16  1024  7  16384  0.1344E-09
 16  1024  7  16384  0.1333E-09
 16  1024  7  16384  0.1343E-09
 16  1024  7  16384  0.1329E-09
 16  1024  7  16384  0.1324E-09
 16  1024  7  16384  0.1334E-09
 16  1024  7  16384  0.1346E-09
 16  1024  7  16384  0.1334E-09
 16  1024  7  16384  0.1332E-09
 16  1024  8  16384  0.1052E-09
 16  1024  8  16384  0.1045E-09
 16  1024  8  16384  0.1061E-09
 16  1024  8  16384  0.1050E-09
 16  1024  8  16384  0.1051E-09
 16  1024  8  16384  0.1044E-09
 16  1024  8  16384  0.1045E-09
 16  1024  8  16384  0.1047E-09
 16  1024  8  16384  0.1040E-09
 16  1024  8  16384  0.1056E-09
 16  1024  9  16384  0.9714E-10
 16  1024  9  16384  0.9793E-10
 16  1024  9  16384  0.9691E-10
 16  1024  9  16384  0.9671E-10
 16  1024  9  16384  0.9746E-10
 16  1024  9  16384  0.9697E-10
 16  1024  9  16384  0.9696E-10
 16  1024  9  16384  0.9814E-10
 16  1024  9  16384  0.9724E-10
 16  1024  9  16384  0.9788E-10
 16  1024  10  16384  0.9009E-10
 16  1024  10  16384  0.8977E-10
 16  1024  10  16384  0.9008E-10
 16  1024  10  16384  0.8942E-10
 16  1024  10  16384  0.8914E-10
 16  1024  10  16384  0.9054E-10
 16  1024  10  16384  0.8975E-10
 16  1024  10  16384  0.9091E-10
 16  1024  10  16384  0.8984E-10
 16  1024  10  16384  0.9069E-10
 16  1024  11  16384  0.8973E-10
 16  1024  11  16384  0.8902E-10
 16  1024  11  16384  0.8959E-10
 16  1024  11  16384  0.8976E-10
 16  1024  11  16384  0.8873E-10
 16  1024  11  16384  0.8954E-10
 16  1024  11  16384  0.8909E-10
 16  1024  11  16384  0.8871E-10
 16  1024  11  16384  0.8899E-10
 16  1024  11  16384  0.8867E-10
 16  1024  12  16384  0.8267E-10
 16  1024  12  16384  0.8291E-10
 16  1024  12  16384  0.8303E-10
 16  1024  12  16384  0.8252E-10
 16  1024  12  16384  0.8268E-10
 16  1024  12  16384  0.8315E-10
 16  1024  12  16384  0.8265E-10
 16  1024  12  16384  0.8294E-10
 16  1024  12  16384  0.8327E-10
 16  1024  12  16384  0.8330E-10
 16  1024  13  16384  0.7676E-10
 16  1024  13  16384  0.7669E-10
 16  1024  13  16384  0.7694E-10
 16  1024  13  16384  0.7650E-10
 16  1024  13  16384  0.7650E-10
 16  1024  13  16384  0.7663E-10
 16  1024  13  16384  0.7677E-10
 16  1024  13  16384  0.7727E-10
 16  1024  13  16384  0.7657E-10
 16  1024  13  16384  0.7739E-10
 16  1024  14  16384  0.7694E-10
 16  1024  14  16384  0.7699E-10
 16  1024  14  16384  0.7655E-10
 16  1024  14  16384  0.7689E-10
 16  1024  14  16384  0.7669E-10
 16  1024  14  16384  0.7685E-10
 16  1024  14  16384  0.7671E-10
 16  1024  14  16384  0.7656E-10
 16  1024  14  16384  0.7703E-10
 16  1024  14  16384  0.7731E-10
 16  1024  15  16384  0.7676E-10
 16  1024  15  16384  0.7683E-10
 16  1024  15  16384  0.7640E-10
 16  1024  15  16384  0.7646E-10
 16  1024  15  16384  0.7687E-10
 16  1024  15  16384  0.7655E-10
 16  1024  15  16384  0.7655E-10
 16  1024  15  16384  0.7683E-10
 16  1024  15  16384  0.7712E-10
 16  1024  15  16384  0.7672E-10
 16  1024  16  16384  0.7458E-10
 16  1024  16  16384  0.7401E-10
 16  1024  16  16384  0.7434E-10
 16  1024  16  16384  0.7426E-10
 16  1024  16  16384  0.7430E-10
 16  1024  16  16384  0.7441E-10
 16  1024  16  16384  0.7459E-10
 16  1024  16  16384  0.7395E-10
 16  1024  16  16384  0.7392E-10
 16  1024  16  16384  0.7424E-10
 16  1024  17  16384  0.9486E-10
 16  1024  17  16384  0.9497E-10
 16  1024  17  16384  0.9498E-10
 16  1024  17  16384  0.9483E-10
 16  1024  17  16384  0.9488E-10
 16  1024  17  16384  0.9467E-10
 16  1024  17  16384  0.9497E-10
 16  1024  17  16384  0.9518E-10
 16  1024  17  16384  0.9475E-10
 16  1024  17  16384  0.9468E-10
 16  1024  18  16384  0.8419E-10
 16  1024  18  16384  0.8383E-10
 16  1024  18  16384  0.8375E-10
 16  1024  18  16384  0.8401E-10
 16  1024  18  16384  0.8399E-10
 16  1024  18  16384  0.8375E-10
 16  1024  18  16384  0.8371E-10
 16  1024  18  16384  0.8372E-10
 16  1024  18  16384  0.8437E-10
 16  1024  18  16384  0.8341E-10
 16  1024  19  16384  0.1012E-09
 16  1024  19  16384  0.1012E-09
 16  1024  19  16384  0.1015E-09
 16  1024  19  16384  0.1011E-09
 16  1024  19  16384  0.1012E-09
 16  1024  19  16384  0.1014E-09
 16  1024  19  16384  0.1012E-09
 16  1024  19  16384  0.1012E-09
 16  1024  19  16384  0.1015E-09
 16  1024  19  16384  0.1013E-09
 16  1024  20  16384  0.8794E-10
 16  1024  20  16384  0.8737E-10
 16  1024  20  16384  0.8758E-10
 16  1024  20  16384  0.8767E-10
 16  1024  20  16384  0.8744E-10
 16  1024  20  16384  0.8767E-10
 16  1024  20  16384  0.8767E-10
 16  1024  20  16384  0.8765E-10
 16  1024  20  16384  0.8742E-10
 16  1024  20  16384  0.8785E-10
