 16  4  3  64  0.6442E-07
 16  4  3  64  0.6446E-07
 16  4  3  64  0.6445E-07
 16  4  3  64  0.6428E-07
 16  4  3  64  0.6425E-07
 16  4  4  64  0.4321E-07
 16  4  4  64  0.4341E-07
 16  4  4  64  0.4350E-07
 16  4  4  64  0.4352E-07
 16  4  4  64  0.4340E-07
 16  4  5  64  0.3777E-07
 16  4  5  64  0.3788E-07
 16  4  5  64  0.3780E-07
 16  4  5  64  0.3783E-07
 16  4  5  64  0.3780E-07
 16  4  6  64  0.3219E-07
 16  4  6  64  0.3217E-07
 16  4  6  64  0.3217E-07
 16  4  6  64  0.3222E-07
 16  4  6  64  0.3221E-07
 16  4  7  64  0.2849E-07
 16  4  7  64  0.2846E-07
 16  4  7  64  0.2849E-07
 16  4  7  64  0.2850E-07
 16  4  7  64  0.2846E-07
 16  4  8  64  0.2708E-07
 16  4  8  64  0.2705E-07
 16  4  8  64  0.2710E-07
 16  4  8  64  0.2707E-07
 16  4  8  64  0.2707E-07
 16  4  9  64  0.2570E-07
 16  4  9  64  0.2570E-07
 16  4  9  64  0.2571E-07
 16  4  9  64  0.2569E-07
 16  4  9  64  0.2571E-07
 16  4  10  64  0.2604E-07
 16  4  10  64  0.2606E-07
 16  4  10  64  0.2603E-07
 16  4  10  64  0.2606E-07
 16  4  10  64  0.2603E-07
 16  4  11  64  0.2616E-07
 16  4  11  64  0.2616E-07
 16  4  11  64  0.2615E-07
 16  4  11  64  0.2616E-07
 16  4  11  64  0.2615E-07
 16  4  12  64  0.2525E-07
 16  4  12  64  0.2526E-07
 16  4  12  64  0.2526E-07
 16  4  12  64  0.2524E-07
 16  4  12  64  0.2526E-07
 16  4  13  64  0.2580E-07
 16  4  13  64  0.2579E-07
 16  4  13  64  0.2580E-07
 16  4  13  64  0.2580E-07
 16  4  13  64  0.2579E-07
 16  4  14  64  0.2467E-07
 16  4  14  64  0.2466E-07
 16  4  14  64  0.2466E-07
 16  4  14  64  0.2466E-07
 16  4  14  64  0.2466E-07
 16  4  15  64  0.2528E-07
 16  4  15  64  0.2527E-07
 16  4  15  64  0.2528E-07
 16  4  15  64  0.2527E-07
 16  4  15  64  0.2527E-07
 16  4  16  64  0.2593E-07
 16  4  16  64  0.2593E-07
 16  4  16  64  0.2593E-07
 16  4  16  64  0.2592E-07
 16  4  16  64  0.2592E-07
 16  4  17  64  0.2756E-07
 16  4  17  64  0.2756E-07
 16  4  17  64  0.2756E-07
 16  4  17  64  0.2756E-07
 16  4  17  64  0.2756E-07
 16  4  18  64  0.2752E-07
 16  4  18  64  0.2752E-07
 16  4  18  64  0.2751E-07
 16  4  18  64  0.2751E-07
 16  4  18  64  0.2752E-07
 16  4  19  64  0.2798E-07
 16  4  19  64  0.2797E-07
 16  4  19  64  0.2797E-07
 16  4  19  64  0.2796E-07
 16  4  19  64  0.2797E-07
 16  4  20  64  0.2798E-07
 16  4  20  64  0.2798E-07
 16  4  20  64  0.2798E-07
 16  4  20  64  0.2799E-07
 16  4  20  64  0.2798E-07
