 16  4096  3  65536  0.4708E-09
 16  4096  3  65536  0.4446E-09
 16  4096  3  65536  0.4501E-09
 16  4096  3  65536  0.4219E-09
 16  4096  3  65536  0.4417E-09
 16  4096  3  65536  0.4390E-09
 16  4096  3  65536  0.4388E-09
 16  4096  3  65536  0.4246E-09
 16  4096  3  65536  0.4252E-09
 16  4096  3  65536  0.4375E-09
 16  4096  4  65536  0.2144E-09
 16  4096  4  65536  0.1960E-09
 16  4096  4  65536  0.1954E-09
 16  4096  4  65536  0.2000E-09
 16  4096  4  65536  0.1996E-09
 16  4096  4  65536  0.1939E-09
 16  4096  4  65536  0.1973E-09
 16  4096  4  65536  0.1969E-09
 16  4096  4  65536  0.1984E-09
 16  4096  4  65536  0.1918E-09
 16  4096  5  65536  0.1438E-09
 16  4096  5  65536  0.1396E-09
 16  4096  5  65536  0.1308E-09
 16  4096  5  65536  0.1330E-09
 16  4096  5  65536  0.1387E-09
 16  4096  5  65536  0.1321E-09
 16  4096  5  65536  0.1318E-09
 16  4096  5  65536  0.1410E-09
 16  4096  5  65536  0.1322E-09
 16  4096  5  65536  0.1339E-09
