 16  8192  4  131072  0.7176E-10
 16  8192  4  131072  0.6636E-10
 16  8192  4  131072  0.6492E-10
 16  8192  4  131072  0.6833E-10
 16  8192  4  131072  0.6863E-10
 16  8192  4  131072  0.6983E-10
 16  8192  4  131072  0.6706E-10
 16  8192  4  131072  0.6559E-10
 16  8192  4  131072  0.6629E-10
 16  8192  4  131072  0.6975E-10
 16  8192  5  131072  0.4657E-10
 16  8192  5  131072  0.4629E-10
 16  8192  5  131072  0.4669E-10
 16  8192  5  131072  0.4691E-10
 16  8192  5  131072  0.4597E-10
 16  8192  5  131072  0.4568E-10
 16  8192  5  131072  0.4537E-10
 16  8192  5  131072  0.4739E-10
 16  8192  5  131072  0.4661E-10
 16  8192  5  131072  0.4565E-10
 16  8192  6  131072  0.3168E-10
 16  8192  6  131072  0.3124E-10
 16  8192  6  131072  0.3144E-10
 16  8192  6  131072  0.3178E-10
 16  8192  6  131072  0.3145E-10
 16  8192  6  131072  0.3148E-10
 16  8192  6  131072  0.3183E-10
 16  8192  6  131072  0.3143E-10
 16  8192  6  131072  0.3132E-10
 16  8192  6  131072  0.3134E-10
 16  8192  7  131072  0.2494E-10
 16  8192  7  131072  0.2391E-10
 16  8192  7  131072  0.2340E-10
 16  8192  7  131072  0.2428E-10
 16  8192  7  131072  0.2388E-10
 16  8192  7  131072  0.2322E-10
 16  8192  7  131072  0.2430E-10
 16  8192  7  131072  0.2416E-10
 16  8192  7  131072  0.2320E-10
 16  8192  7  131072  0.2413E-10
 16  8192  8  131072  0.1926E-10
 16  8192  8  131072  0.1831E-10
 16  8192  8  131072  0.1852E-10
 16  8192  8  131072  0.1871E-10
 16  8192  8  131072  0.1830E-10
 16  8192  8  131072  0.1894E-10
 16  8192  8  131072  0.1868E-10
 16  8192  8  131072  0.1847E-10
 16  8192  8  131072  0.1899E-10
 16  8192  8  131072  0.1835E-10
 16  8192  9  131072  0.1663E-10
 16  8192  9  131072  0.1645E-10
 16  8192  9  131072  0.1651E-10
 16  8192  9  131072  0.1636E-10
 16  8192  9  131072  0.1654E-10
 16  8192  9  131072  0.1640E-10
 16  8192  9  131072  0.1650E-10
 16  8192  9  131072  0.1635E-10
 16  8192  9  131072  0.1658E-10
 16  8192  9  131072  0.1643E-10
 16  8192  10  131072  0.1488E-10
 16  8192  10  131072  0.1494E-10
 16  8192  10  131072  0.1466E-10
 16  8192  10  131072  0.1492E-10
 16  8192  10  131072  0.1485E-10
 16  8192  10  131072  0.1471E-10
 16  8192  10  131072  0.1499E-10
 16  8192  10  131072  0.1475E-10
 16  8192  10  131072  0.1499E-10
 16  8192  10  131072  0.1485E-10
 16  8192  11  131072  0.1419E-10
 16  8192  11  131072  0.1418E-10
 16  8192  11  131072  0.1421E-10
 16  8192  11  131072  0.1416E-10
 16  8192  11  131072  0.1409E-10
 16  8192  11  131072  0.1420E-10
 16  8192  11  131072  0.1417E-10
 16  8192  11  131072  0.1417E-10
 16  8192  11  131072  0.1409E-10
 16  8192  11  131072  0.1415E-10
 16  8192  12  131072  0.1284E-10
 16  8192  12  131072  0.1271E-10
 16  8192  12  131072  0.1273E-10
 16  8192  12  131072  0.1268E-10
 16  8192  12  131072  0.1274E-10
 16  8192  12  131072  0.1275E-10
 16  8192  12  131072  0.1277E-10
 16  8192  12  131072  0.1271E-10
 16  8192  12  131072  0.1273E-10
 16  8192  12  131072  0.1273E-10
 16  8192  13  131072  0.1285E-10
 16  8192  13  131072  0.1269E-10
 16  8192  13  131072  0.1267E-10
 16  8192  13  131072  0.1274E-10
 16  8192  13  131072  0.1269E-10
 16  8192  13  131072  0.1270E-10
 16  8192  13  131072  0.1271E-10
 16  8192  13  131072  0.1267E-10
 16  8192  13  131072  0.1270E-10
 16  8192  13  131072  0.1273E-10
 16  8192  14  131072  0.1186E-10
 16  8192  14  131072  0.1178E-10
 16  8192  14  131072  0.1176E-10
 16  8192  14  131072  0.1181E-10
 16  8192  14  131072  0.1176E-10
 16  8192  14  131072  0.1177E-10
 16  8192  14  131072  0.1179E-10
 16  8192  14  131072  0.1183E-10
 16  8192  14  131072  0.1179E-10
 16  8192  14  131072  0.1180E-10
 16  8192  15  131072  0.1230E-10
 16  8192  15  131072  0.1229E-10
 16  8192  15  131072  0.1232E-10
 16  8192  15  131072  0.1236E-10
 16  8192  15  131072  0.1230E-10
 16  8192  15  131072  0.1232E-10
 16  8192  15  131072  0.1232E-10
 16  8192  15  131072  0.1233E-10
 16  8192  15  131072  0.1236E-10
 16  8192  15  131072  0.1234E-10
 16  8192  16  131072  0.1151E-10
 16  8192  16  131072  0.1142E-10
 16  8192  16  131072  0.1143E-10
 16  8192  16  131072  0.1144E-10
 16  8192  16  131072  0.1143E-10
 16  8192  16  131072  0.1140E-10
 16  8192  16  131072  0.1143E-10
 16  8192  16  131072  0.1141E-10
 16  8192  16  131072  0.1145E-10
 16  8192  16  131072  0.1144E-10
 16  8192  17  131072  0.1391E-10
 16  8192  17  131072  0.1383E-10
 16  8192  17  131072  0.1384E-10
 16  8192  17  131072  0.1385E-10
 16  8192  17  131072  0.1386E-10
 16  8192  17  131072  0.1386E-10
 16  8192  17  131072  0.1389E-10
 16  8192  17  131072  0.1385E-10
 16  8192  17  131072  0.1382E-10
 16  8192  17  131072  0.1387E-10
 16  8192  18  131072  -0.1553E-10
 16  8192  18  131072  -0.1545E-10
 16  8192  18  131072  -0.1543E-10
 16  8192  18  131072  -0.1545E-10
 16  8192  18  131072  -0.1544E-10
 16  8192  18  131072  -0.1548E-10
 16  8192  18  131072  -0.1548E-10
 16  8192  18  131072  -0.1550E-10
 16  8192  18  131072  -0.1551E-10
 16  8192  18  131072  -0.1555E-10
 16  8192  19  131072  -0.2273E-10
 16  8192  19  131072  -0.2252E-10
 16  8192  19  131072  -0.2265E-10
 16  8192  19  131072  -0.2271E-10
 16  8192  19  131072  -0.2268E-10
 16  8192  19  131072  -0.2271E-10
 16  8192  19  131072  -0.2267E-10
 16  8192  19  131072  -0.2271E-10
 16  8192  19  131072  -0.2273E-10
 16  8192  19  131072  -0.2267E-10
 16  8192  20  131072  -0.3797E-10
 16  8192  20  131072  -0.3781E-10
 16  8192  20  131072  -0.3785E-10
 16  8192  20  131072  -0.3782E-10
 16  8192  20  131072  -0.3784E-10
 16  8192  20  131072  -0.3799E-10
 16  8192  20  131072  -0.3798E-10
 16  8192  20  131072  -0.3801E-10
 16  8192  20  131072  -0.3799E-10
 16  8192  20  131072  -0.3793E-10
