 16  8  3  128  0.2037E-07
 16  8  3  128  0.1979E-07
 16  8  3  128  0.1983E-07
 16  8  3  128  0.1971E-07
 16  8  3  128  0.1975E-07
 16  8  3  128  0.1963E-07
 16  8  3  128  0.1988E-07
 16  8  3  128  0.1984E-07
 16  8  3  128  0.1970E-07
 16  8  3  128  0.1988E-07
 16  8  4  128  0.1205E-07
 16  8  4  128  0.1181E-07
 16  8  4  128  0.1178E-07
 16  8  4  128  0.1179E-07
 16  8  4  128  0.1177E-07
 16  8  4  128  0.1173E-07
 16  8  4  128  0.1174E-07
 16  8  4  128  0.1177E-07
 16  8  4  128  0.1185E-07
 16  8  4  128  0.1175E-07
 16  8  5  128  0.1119E-07
 16  8  5  128  0.1092E-07
 16  8  5  128  0.1097E-07
 16  8  5  128  0.1099E-07
 16  8  5  128  0.1093E-07
 16  8  5  128  0.1091E-07
 16  8  5  128  0.1089E-07
 16  8  5  128  0.1094E-07
 16  8  5  128  0.1097E-07
 16  8  5  128  0.1092E-07
 16  8  6  128  0.1104E-07
 16  8  6  128  0.1093E-07
 16  8  6  128  0.1092E-07
 16  8  6  128  0.1094E-07
 16  8  6  128  0.1091E-07
 16  8  6  128  0.1094E-07
 16  8  6  128  0.1095E-07
 16  8  6  128  0.1092E-07
 16  8  6  128  0.1097E-07
 16  8  6  128  0.1095E-07
 16  8  7  128  0.1000E-07
 16  8  7  128  0.9919E-08
 16  8  7  128  0.9955E-08
 16  8  7  128  0.9956E-08
 16  8  7  128  0.9959E-08
 16  8  7  128  0.9939E-08
 16  8  7  128  0.9983E-08
 16  8  7  128  0.9950E-08
 16  8  7  128  0.9941E-08
 16  8  7  128  0.9957E-08
 16  8  8  128  0.8520E-08
 16  8  8  128  0.8486E-08
 16  8  8  128  0.8465E-08
 16  8  8  128  0.8478E-08
 16  8  8  128  0.8493E-08
 16  8  8  128  0.8461E-08
 16  8  8  128  0.8474E-08
 16  8  8  128  0.8467E-08
 16  8  8  128  0.8468E-08
 16  8  8  128  0.8500E-08
 16  8  9  128  0.9531E-08
 16  8  9  128  0.9511E-08
 16  8  9  128  0.9472E-08
 16  8  9  128  0.9494E-08
 16  8  9  128  0.9481E-08
 16  8  9  128  0.9480E-08
 16  8  9  128  0.9482E-08
 16  8  9  128  0.9479E-08
 16  8  9  128  0.9507E-08
 16  8  9  128  0.9464E-08
 16  8  10  128  0.9822E-08
 16  8  10  128  0.9801E-08
 16  8  10  128  0.9803E-08
 16  8  10  128  0.9819E-08
 16  8  10  128  0.9809E-08
 16  8  10  128  0.9819E-08
 16  8  10  128  0.9801E-08
 16  8  10  128  0.9811E-08
 16  8  10  128  0.9815E-08
 16  8  10  128  0.9794E-08
 16  8  11  128  0.9969E-08
 16  8  11  128  0.9951E-08
 16  8  11  128  0.9959E-08
 16  8  11  128  0.9950E-08
 16  8  11  128  0.9954E-08
 16  8  11  128  0.9966E-08
 16  8  11  128  0.9950E-08
 16  8  11  128  0.9949E-08
 16  8  11  128  0.9952E-08
 16  8  11  128  0.9958E-08
 16  8  12  128  0.9307E-08
 16  8  12  128  0.9286E-08
 16  8  12  128  0.9291E-08
 16  8  12  128  0.9292E-08
 16  8  12  128  0.9288E-08
 16  8  12  128  0.9291E-08
 16  8  12  128  0.9285E-08
 16  8  12  128  0.9299E-08
 16  8  12  128  0.9446E-08
 16  8  12  128  0.9293E-08
 16  8  13  128  0.9516E-08
 16  8  13  128  0.9513E-08
 16  8  13  128  0.9513E-08
 16  8  13  128  0.9518E-08
 16  8  13  128  0.9505E-08
 16  8  13  128  0.9516E-08
 16  8  13  128  0.9510E-08
 16  8  13  128  0.9513E-08
 16  8  13  128  0.9523E-08
 16  8  13  128  0.9511E-08
 16  8  14  128  0.9104E-08
 16  8  14  128  0.9100E-08
 16  8  14  128  0.9098E-08
 16  8  14  128  0.9104E-08
 16  8  14  128  0.9101E-08
 16  8  14  128  0.9103E-08
 16  8  14  128  0.9100E-08
 16  8  14  128  0.9105E-08
 16  8  14  128  0.9100E-08
 16  8  14  128  0.9099E-08
 16  8  15  128  0.9704E-08
 16  8  15  128  0.9712E-08
 16  8  15  128  0.9702E-08
 16  8  15  128  0.9705E-08
 16  8  15  128  0.9700E-08
 16  8  15  128  0.9710E-08
 16  8  15  128  0.9704E-08
 16  8  15  128  0.9703E-08
 16  8  15  128  0.9711E-08
 16  8  15  128  0.9700E-08
 16  8  16  128  0.9330E-08
 16  8  16  128  0.9329E-08
 16  8  16  128  0.9325E-08
 16  8  16  128  0.9332E-08
 16  8  16  128  0.9325E-08
 16  8  16  128  0.9328E-08
 16  8  16  128  0.9330E-08
 16  8  16  128  0.9327E-08
 16  8  16  128  0.9331E-08
 16  8  16  128  0.9329E-08
 16  8  17  128  0.1103E-07
 16  8  17  128  0.1104E-07
 16  8  17  128  0.1103E-07
 16  8  17  128  0.1104E-07
 16  8  17  128  0.1103E-07
 16  8  17  128  0.1103E-07
 16  8  17  128  0.1103E-07
 16  8  17  128  0.1103E-07
 16  8  17  128  0.1104E-07
 16  8  17  128  0.1103E-07
 16  8  18  128  0.1105E-07
 16  8  18  128  0.1105E-07
 16  8  18  128  0.1105E-07
 16  8  18  128  0.1105E-07
 16  8  18  128  0.1105E-07
 16  8  18  128  0.1105E-07
 16  8  18  128  0.1105E-07
 16  8  18  128  0.1105E-07
 16  8  18  128  0.1105E-07
 16  8  18  128  0.1105E-07
 16  8  19  128  0.1145E-07
 16  8  19  128  0.1145E-07
 16  8  19  128  0.1144E-07
 16  8  19  128  0.1145E-07
 16  8  19  128  0.1145E-07
 16  8  19  128  0.1144E-07
 16  8  19  128  0.1144E-07
 16  8  19  128  0.1144E-07
 16  8  19  128  0.1145E-07
 16  8  19  128  0.1144E-07
 16  8  20  128  0.1118E-07
 16  8  20  128  0.1117E-07
 16  8  20  128  0.1117E-07
 16  8  20  128  0.1117E-07
 16  8  20  128  0.1117E-07
 16  8  20  128  0.1117E-07
 16  8  20  128  0.1117E-07
 16  8  20  128  0.1117E-07
 16  8  20  128  0.1118E-07
 16  8  20  128  0.1117E-07
