 16  8192  4  131072  0.8295E-10
 16  8192  4  131072  0.8088E-10
 16  8192  4  131072  0.8572E-10
 16  8192  4  131072  0.8884E-10
 16  8192  4  131072  0.8924E-10
 16  8192  4  131072  0.8164E-10
 16  8192  4  131072  0.8135E-10
 16  8192  4  131072  0.8873E-10
 16  8192  4  131072  0.8978E-10
 16  8192  4  131072  0.8386E-10
 16  8192  5  131072  0.5922E-10
 16  8192  5  131072  0.6034E-10
 16  8192  5  131072  0.5783E-10
 16  8192  5  131072  0.5745E-10
 16  8192  5  131072  0.6080E-10
 16  8192  5  131072  0.5944E-10
 16  8192  5  131072  0.5781E-10
 16  8192  5  131072  0.5878E-10
 16  8192  5  131072  0.6051E-10
 16  8192  5  131072  0.5774E-10
 16  8192  6  131072  0.3985E-10
 16  8192  6  131072  0.3957E-10
 16  8192  6  131072  0.4028E-10
 16  8192  6  131072  0.3989E-10
 16  8192  6  131072  0.4029E-10
 16  8192  6  131072  0.4034E-10
 16  8192  6  131072  0.3953E-10
 16  8192  6  131072  0.3959E-10
 16  8192  6  131072  0.3939E-10
 16  8192  6  131072  0.3946E-10
 16  8192  7  131072  0.3005E-10
 16  8192  7  131072  0.2884E-10
 16  8192  7  131072  0.2944E-10
 16  8192  7  131072  0.2990E-10
 16  8192  7  131072  0.2903E-10
 16  8192  7  131072  0.2986E-10
 16  8192  7  131072  0.2867E-10
 16  8192  7  131072  0.2964E-10
 16  8192  7  131072  0.2975E-10
 16  8192  7  131072  0.2877E-10
 16  8192  8  131072  0.2254E-10
 16  8192  8  131072  0.2254E-10
 16  8192  8  131072  0.2231E-10
 16  8192  8  131072  0.2259E-10
 16  8192  8  131072  0.2201E-10
 16  8192  8  131072  0.2265E-10
 16  8192  8  131072  0.2199E-10
 16  8192  8  131072  0.2263E-10
 16  8192  8  131072  0.2206E-10
 16  8192  8  131072  0.2251E-10
 16  8192  9  131072  0.1936E-10
 16  8192  9  131072  0.1935E-10
 16  8192  9  131072  0.1932E-10
 16  8192  9  131072  0.1915E-10
 16  8192  9  131072  0.1938E-10
 16  8192  9  131072  0.1903E-10
 16  8192  9  131072  0.1933E-10
 16  8192  9  131072  0.1916E-10
 16  8192  9  131072  0.1937E-10
 16  8192  9  131072  0.1920E-10
 16  8192  10  131072  0.1695E-10
 16  8192  10  131072  0.1684E-10
 16  8192  10  131072  0.1675E-10
 16  8192  10  131072  0.1697E-10
 16  8192  10  131072  0.1690E-10
 16  8192  10  131072  0.1688E-10
 16  8192  10  131072  0.1693E-10
 16  8192  10  131072  0.1686E-10
 16  8192  10  131072  0.1680E-10
 16  8192  10  131072  0.1688E-10
 16  8192  11  131072  0.1568E-10
 16  8192  11  131072  0.1550E-10
 16  8192  11  131072  0.1555E-10
 16  8192  11  131072  0.1559E-10
 16  8192  11  131072  0.1559E-10
 16  8192  11  131072  0.1565E-10
 16  8192  11  131072  0.1563E-10
 16  8192  11  131072  0.1550E-10
 16  8192  11  131072  0.1560E-10
 16  8192  11  131072  0.1559E-10
 16  8192  12  131072  0.1361E-10
 16  8192  12  131072  0.1368E-10
 16  8192  12  131072  0.1363E-10
 16  8192  12  131072  0.1364E-10
 16  8192  12  131072  0.1365E-10
 16  8192  12  131072  0.1361E-10
 16  8192  12  131072  0.1365E-10
 16  8192  12  131072  0.1362E-10
 16  8192  12  131072  0.1363E-10
 16  8192  12  131072  0.1359E-10
 16  8192  13  131072  0.1348E-10
 16  8192  13  131072  0.1349E-10
 16  8192  13  131072  0.1344E-10
 16  8192  13  131072  0.1347E-10
 16  8192  13  131072  0.1350E-10
 16  8192  13  131072  0.1347E-10
 16  8192  13  131072  0.1348E-10
 16  8192  13  131072  0.1352E-10
 16  8192  13  131072  0.1351E-10
 16  8192  13  131072  0.1345E-10
 16  8192  14  131072  0.1241E-10
 16  8192  14  131072  0.1241E-10
 16  8192  14  131072  0.1238E-10
 16  8192  14  131072  0.1238E-10
 16  8192  14  131072  0.1240E-10
 16  8192  14  131072  0.1236E-10
 16  8192  14  131072  0.1239E-10
 16  8192  14  131072  0.1240E-10
 16  8192  14  131072  0.1237E-10
 16  8192  14  131072  0.1237E-10
 16  8192  15  131072  0.1290E-10
 16  8192  15  131072  0.1287E-10
 16  8192  15  131072  0.1285E-10
 16  8192  15  131072  0.1288E-10
 16  8192  15  131072  0.1288E-10
 16  8192  15  131072  0.1286E-10
 16  8192  15  131072  0.1290E-10
 16  8192  15  131072  0.1287E-10
 16  8192  15  131072  0.1290E-10
 16  8192  15  131072  0.1284E-10
 16  8192  16  131072  0.1182E-10
 16  8192  16  131072  0.1177E-10
 16  8192  16  131072  0.1179E-10
 16  8192  16  131072  0.1178E-10
 16  8192  16  131072  0.1180E-10
 16  8192  16  131072  0.1177E-10
 16  8192  16  131072  0.1177E-10
 16  8192  16  131072  0.1183E-10
 16  8192  16  131072  0.1524E-10
 16  8192  16  131072  0.1475E-10
 16  8192  17  131072  0.1416E-10
 16  8192  17  131072  0.1414E-10
 16  8192  17  131072  0.1414E-10
 16  8192  17  131072  0.1412E-10
 16  8192  17  131072  0.1411E-10
 16  8192  17  131072  0.1417E-10
 16  8192  17  131072  0.1416E-10
 16  8192  17  131072  0.1414E-10
 16  8192  17  131072  0.1416E-10
 16  8192  17  131072  0.1418E-10
 16  8192  18  131072  -0.1574E-10
 16  8192  18  131072  -0.1575E-10
 16  8192  18  131072  -0.1574E-10
 16  8192  18  131072  -0.1575E-10
 16  8192  18  131072  -0.1573E-10
 16  8192  18  131072  -0.1573E-10
 16  8192  18  131072  -0.1572E-10
 16  8192  18  131072  -0.1574E-10
 16  8192  18  131072  -0.1576E-10
 16  8192  18  131072  -0.1574E-10
 16  8192  19  131072  -0.2279E-10
 16  8192  19  131072  -0.2278E-10
 16  8192  19  131072  -0.2274E-10
 16  8192  19  131072  -0.2277E-10
 16  8192  19  131072  -0.2282E-10
 16  8192  19  131072  -0.2276E-10
 16  8192  19  131072  -0.2278E-10
 16  8192  19  131072  -0.2281E-10
 16  8192  19  131072  -0.2279E-10
 16  8192  19  131072  -0.2278E-10
 16  8192  20  131072  -0.3824E-10
 16  8192  20  131072  -0.3813E-10
 16  8192  20  131072  -0.3818E-10
 16  8192  20  131072  -0.3809E-10
 16  8192  20  131072  -0.3823E-10
 16  8192  20  131072  -0.3821E-10
 16  8192  20  131072  -0.3827E-10
 16  8192  20  131072  -0.3832E-10
 16  8192  20  131072  -0.3829E-10
 16  8192  20  131072  -0.3833E-10
