 16  1024  3  16384  0.3826E-09
 16  1024  3  16384  0.3758E-09
 16  1024  3  16384  0.3630E-09
 16  1024  3  16384  0.3759E-09
 16  1024  3  16384  0.3876E-09
 16  1024  3  16384  0.3885E-09
 16  1024  3  16384  0.3767E-09
 16  1024  3  16384  0.3884E-09
 16  1024  3  16384  0.3733E-09
 16  1024  3  16384  0.3754E-09
 16  1024  4  16384  0.1995E-09
 16  1024  4  16384  0.1866E-09
 16  1024  4  16384  0.1849E-09
 16  1024  4  16384  0.1836E-09
 16  1024  4  16384  0.1855E-09
 16  1024  4  16384  0.1817E-09
 16  1024  4  16384  0.1859E-09
 16  1024  4  16384  0.1848E-09
 16  1024  4  16384  0.1841E-09
 16  1024  4  16384  0.1835E-09
 16  1024  5  16384  0.1578E-09
 16  1024  5  16384  0.1508E-09
 16  1024  5  16384  0.1507E-09
 16  1024  5  16384  0.1494E-09
 16  1024  5  16384  0.1497E-09
 16  1024  5  16384  0.1515E-09
 16  1024  5  16384  0.1546E-09
 16  1024  5  16384  0.1531E-09
 16  1024  5  16384  0.1610E-09
 16  1024  5  16384  0.1557E-09
 16  1024  6  16384  0.1289E-09
 16  1024  6  16384  0.1269E-09
 16  1024  6  16384  0.1238E-09
 16  1024  6  16384  0.1237E-09
 16  1024  6  16384  0.1230E-09
 16  1024  6  16384  0.1236E-09
 16  1024  6  16384  0.1263E-09
 16  1024  6  16384  0.1268E-09
 16  1024  6  16384  0.1254E-09
 16  1024  6  16384  0.1261E-09
 16  1024  7  16384  0.1092E-09
 16  1024  7  16384  0.1051E-09
 16  1024  7  16384  0.1063E-09
 16  1024  7  16384  0.1056E-09
 16  1024  7  16384  0.1051E-09
 16  1024  7  16384  0.1054E-09
 16  1024  7  16384  0.1062E-09
 16  1024  7  16384  0.1055E-09
 16  1024  7  16384  0.1068E-09
 16  1024  7  16384  0.1058E-09
 16  1024  8  16384  0.8368E-10
 16  1024  8  16384  0.8369E-10
 16  1024  8  16384  0.8306E-10
 16  1024  8  16384  0.8470E-10
 16  1024  8  16384  0.8300E-10
 16  1024  8  16384  0.8394E-10
 16  1024  8  16384  0.8328E-10
 16  1024  8  16384  0.8331E-10
 16  1024  8  16384  0.8314E-10
 16  1024  8  16384  0.8369E-10
 16  1024  9  16384  0.8211E-10
 16  1024  9  16384  0.8154E-10
 16  1024  9  16384  0.8135E-10
 16  1024  9  16384  0.8111E-10
 16  1024  9  16384  0.8121E-10
 16  1024  9  16384  0.8121E-10
 16  1024  9  16384  0.8100E-10
 16  1024  9  16384  0.8100E-10
 16  1024  9  16384  0.8284E-10
 16  1024  9  16384  0.8153E-10
 16  1024  10  16384  0.7900E-10
 16  1024  10  16384  0.7763E-10
 16  1024  10  16384  0.7731E-10
 16  1024  10  16384  0.7741E-10
 16  1024  10  16384  0.7765E-10
 16  1024  10  16384  0.7731E-10
 16  1024  10  16384  0.7771E-10
 16  1024  10  16384  0.7763E-10
 16  1024  10  16384  0.7834E-10
 16  1024  10  16384  0.7793E-10
 16  1024  11  16384  0.7899E-10
 16  1024  11  16384  0.7861E-10
 16  1024  11  16384  0.7879E-10
 16  1024  11  16384  0.7860E-10
 16  1024  11  16384  0.7963E-10
 16  1024  11  16384  0.7876E-10
 16  1024  11  16384  0.7870E-10
 16  1024  11  16384  0.7887E-10
 16  1024  11  16384  0.7941E-10
 16  1024  11  16384  0.7882E-10
 16  1024  12  16384  0.7478E-10
 16  1024  12  16384  0.7409E-10
 16  1024  12  16384  0.7437E-10
 16  1024  12  16384  0.7467E-10
 16  1024  12  16384  0.7416E-10
 16  1024  12  16384  0.7465E-10
 16  1024  12  16384  0.7476E-10
 16  1024  12  16384  0.7396E-10
 16  1024  12  16384  0.7398E-10
 16  1024  12  16384  0.7495E-10
 16  1024  13  16384  0.6862E-10
 16  1024  13  16384  0.6848E-10
 16  1024  13  16384  0.6871E-10
 16  1024  13  16384  0.6863E-10
 16  1024  13  16384  0.6934E-10
 16  1024  13  16384  0.6856E-10
 16  1024  13  16384  0.6860E-10
 16  1024  13  16384  0.6952E-10
 16  1024  13  16384  0.6917E-10
 16  1024  13  16384  0.6867E-10
 16  1024  14  16384  0.7058E-10
 16  1024  14  16384  0.7011E-10
 16  1024  14  16384  0.7018E-10
 16  1024  14  16384  0.7041E-10
 16  1024  14  16384  0.7022E-10
 16  1024  14  16384  0.7014E-10
 16  1024  14  16384  0.7021E-10
 16  1024  14  16384  0.7013E-10
 16  1024  14  16384  0.7044E-10
 16  1024  14  16384  0.7066E-10
 16  1024  15  16384  0.7060E-10
 16  1024  15  16384  0.7143E-10
 16  1024  15  16384  0.7102E-10
 16  1024  15  16384  0.7056E-10
 16  1024  15  16384  0.7057E-10
 16  1024  15  16384  0.7063E-10
 16  1024  15  16384  0.7107E-10
 16  1024  15  16384  0.7068E-10
 16  1024  15  16384  0.7072E-10
 16  1024  15  16384  0.7102E-10
 16  1024  16  16384  0.6862E-10
 16  1024  16  16384  0.6857E-10
 16  1024  16  16384  0.6884E-10
 16  1024  16  16384  0.6812E-10
 16  1024  16  16384  0.6819E-10
 16  1024  16  16384  0.6851E-10
 16  1024  16  16384  0.6851E-10
 16  1024  16  16384  0.6851E-10
 16  1024  16  16384  0.6865E-10
 16  1024  16  16384  0.6848E-10
 16  1024  17  16384  0.9006E-10
 16  1024  17  16384  0.8993E-10
 16  1024  17  16384  0.9001E-10
 16  1024  17  16384  0.9021E-10
 16  1024  17  16384  0.9043E-10
 16  1024  17  16384  0.9024E-10
 16  1024  17  16384  0.9007E-10
 16  1024  17  16384  0.9037E-10
 16  1024  17  16384  0.9045E-10
 16  1024  17  16384  0.9018E-10
 16  1024  18  16384  0.7956E-10
 16  1024  18  16384  0.7940E-10
 16  1024  18  16384  0.7875E-10
 16  1024  18  16384  0.7939E-10
 16  1024  18  16384  0.7905E-10
 16  1024  18  16384  0.7937E-10
 16  1024  18  16384  0.7905E-10
 16  1024  18  16384  0.7948E-10
 16  1024  18  16384  0.7911E-10
 16  1024  18  16384  0.7910E-10
 16  1024  19  16384  0.9747E-10
 16  1024  19  16384  0.9707E-10
 16  1024  19  16384  0.9721E-10
 16  1024  19  16384  0.9752E-10
 16  1024  19  16384  0.9728E-10
 16  1024  19  16384  0.9733E-10
 16  1024  19  16384  0.9761E-10
 16  1024  19  16384  0.9740E-10
 16  1024  19  16384  0.9753E-10
 16  1024  19  16384  0.9757E-10
 16  1024  20  16384  0.8374E-10
 16  1024  20  16384  0.8370E-10
 16  1024  20  16384  0.8344E-10
 16  1024  20  16384  0.8343E-10
 16  1024  20  16384  0.8391E-10
 16  1024  20  16384  0.8345E-10
 16  1024  20  16384  0.8342E-10
 16  1024  20  16384  0.8393E-10
 16  1024  20  16384  0.8345E-10
 16  1024  20  16384  0.8345E-10
