 16  128  3  2048  0.8747E-08
 16  128  3  2048  0.4454E-08
 16  128  3  2048  0.4846E-08
 16  128  3  2048  0.4388E-08
 16  128  3  2048  0.4346E-08
 16  128  3  2048  0.4286E-08
 16  128  3  2048  0.4208E-08
 16  128  3  2048  0.4419E-08
 16  128  3  2048  0.4214E-08
 16  128  3  2048  0.2902E-08
 16  128  4  2048  0.8842E-09
 16  128  4  2048  0.8501E-09
 16  128  4  2048  0.8460E-09
 16  128  4  2048  0.8531E-09
 16  128  4  2048  0.8477E-09
 16  128  4  2048  0.8426E-09
 16  128  4  2048  0.8672E-09
 16  128  4  2048  0.8462E-09
 16  128  4  2048  0.8637E-09
 16  128  4  2048  0.8431E-09
 16  128  5  2048  0.7783E-09
 16  128  5  2048  0.7382E-09
 16  128  5  2048  0.7464E-09
 16  128  5  2048  0.7493E-09
 16  128  5  2048  0.7420E-09
 16  128  5  2048  0.7390E-09
 16  128  5  2048  0.7448E-09
 16  128  5  2048  0.7433E-09
 16  128  5  2048  0.7405E-09
 16  128  5  2048  0.7369E-09
 16  128  6  2048  0.6817E-09
 16  128  6  2048  0.6622E-09
 16  128  6  2048  0.6652E-09
 16  128  6  2048  0.6676E-09
 16  128  6  2048  0.6628E-09
 16  128  6  2048  0.6658E-09
 16  128  6  2048  0.6662E-09
 16  128  6  2048  0.6674E-09
 16  128  6  2048  0.6620E-09
 16  128  6  2048  0.6652E-09
 16  128  7  2048  0.6478E-09
 16  128  7  2048  0.6175E-09
 16  128  7  2048  0.6231E-09
 16  128  7  2048  0.6216E-09
 16  128  7  2048  0.6205E-09
 16  128  7  2048  0.6171E-09
 16  128  7  2048  0.6185E-09
 16  128  7  2048  0.6197E-09
 16  128  7  2048  0.6228E-09
 16  128  7  2048  0.6181E-09
 16  128  8  2048  0.5239E-09
 16  128  8  2048  0.5223E-09
 16  128  8  2048  0.5208E-09
 16  128  8  2048  0.5224E-09
 16  128  8  2048  0.5164E-09
 16  128  8  2048  0.5178E-09
 16  128  8  2048  0.5201E-09
 16  128  8  2048  0.5205E-09
 16  128  8  2048  0.5204E-09
 16  128  8  2048  0.5231E-09
 16  128  9  2048  0.5507E-09
 16  128  9  2048  0.5442E-09
 16  128  9  2048  0.5453E-09
 16  128  9  2048  0.5450E-09
 16  128  9  2048  0.5455E-09
 16  128  9  2048  0.5465E-09
 16  128  9  2048  0.5441E-09
 16  128  9  2048  0.5462E-09
 16  128  9  2048  0.5454E-09
 16  128  9  2048  0.5617E-09
 16  128  10  2048  0.5498E-09
 16  128  10  2048  0.5475E-09
 16  128  10  2048  0.5475E-09
 16  128  10  2048  0.5473E-09
 16  128  10  2048  0.5606E-09
 16  128  10  2048  0.5474E-09
 16  128  10  2048  0.5485E-09
 16  128  10  2048  0.5595E-09
 16  128  10  2048  0.5473E-09
 16  128  10  2048  0.5476E-09
 16  128  10  2048  0.5520E-09
 16  128  10  2048  0.5470E-09
 16  128  10  2048  0.5475E-09
 16  128  10  2048  0.5482E-09
 16  128  10  2048  0.5473E-09
 16  128  10  2048  0.5476E-09
 16  128  10  2048  0.5495E-09
 16  128  10  2048  0.5599E-09
 16  128  10  2048  0.5475E-09
 16  128  10  2048  0.5492E-09
 16  128  11  2048  0.5505E-09
 16  128  11  2048  0.5489E-09
 16  128  11  2048  0.5483E-09
 16  128  11  2048  0.5485E-09
 16  128  11  2048  0.5489E-09
 16  128  11  2048  0.5492E-09
 16  128  11  2048  0.5483E-09
 16  128  11  2048  0.5486E-09
 16  128  11  2048  0.5492E-09
 16  128  11  2048  0.5486E-09
 16  128  12  2048  0.4990E-09
 16  128  12  2048  0.4971E-09
 16  128  12  2048  0.4970E-09
 16  128  12  2048  0.4966E-09
 16  128  12  2048  0.4971E-09
 16  128  12  2048  0.4970E-09
 16  128  12  2048  0.4971E-09
 16  128  12  2048  0.4968E-09
 16  128  12  2048  0.4977E-09
 16  128  12  2048  0.5060E-09
 16  128  13  2048  0.5173E-09
 16  128  13  2048  0.5161E-09
 16  128  13  2048  0.5163E-09
 16  128  13  2048  0.5162E-09
 16  128  13  2048  0.5165E-09
 16  128  13  2048  0.5160E-09
 16  128  13  2048  0.5159E-09
 16  128  13  2048  0.5163E-09
 16  128  13  2048  0.5163E-09
 16  128  13  2048  0.5158E-09
 16  128  14  2048  0.4880E-09
 16  128  14  2048  0.4936E-09
 16  128  14  2048  0.4871E-09
 16  128  14  2048  0.4874E-09
 16  128  14  2048  0.4870E-09
 16  128  14  2048  0.4874E-09
 16  128  14  2048  0.4870E-09
 16  128  14  2048  0.4871E-09
 16  128  14  2048  0.4875E-09
 16  128  14  2048  0.4875E-09
 16  128  15  2048  0.5336E-09
 16  128  15  2048  0.5336E-09
 16  128  15  2048  0.5327E-09
 16  128  15  2048  0.5331E-09
 16  128  15  2048  0.5383E-09
 16  128  15  2048  0.5327E-09
 16  128  15  2048  0.5334E-09
 16  128  15  2048  0.5338E-09
 16  128  15  2048  0.5332E-09
 16  128  15  2048  0.5341E-09
 16  128  16  2048  0.5294E-09
 16  128  16  2048  0.5313E-09
 16  128  16  2048  0.5282E-09
 16  128  16  2048  0.5283E-09
 16  128  16  2048  0.5282E-09
 16  128  16  2048  0.5282E-09
 16  128  16  2048  0.5285E-09
 16  128  16  2048  0.5282E-09
 16  128  16  2048  0.5314E-09
 16  128  16  2048  0.5283E-09
 16  128  17  2048  0.6286E-09
 16  128  17  2048  0.6278E-09
 16  128  17  2048  0.6278E-09
 16  128  17  2048  0.6277E-09
 16  128  17  2048  0.6278E-09
 16  128  17  2048  0.6278E-09
 16  128  17  2048  0.6278E-09
 16  128  17  2048  0.6279E-09
 16  128  17  2048  0.6277E-09
 16  128  17  2048  0.6279E-09
 16  128  18  2048  0.6653E-09
 16  128  18  2048  0.6616E-09
 16  128  18  2048  0.6627E-09
 16  128  18  2048  0.6612E-09
 16  128  18  2048  0.6630E-09
 16  128  18  2048  0.6638E-09
 16  128  18  2048  0.6629E-09
 16  128  18  2048  0.6611E-09
 16  128  18  2048  0.6629E-09
 16  128  18  2048  0.6643E-09
 16  128  19  2048  0.7026E-09
 16  128  19  2048  0.7054E-09
 16  128  19  2048  0.7046E-09
 16  128  19  2048  0.7045E-09
 16  128  19  2048  0.7045E-09
 16  128  19  2048  0.7038E-09
 16  128  19  2048  0.7043E-09
 16  128  19  2048  0.7044E-09
 16  128  19  2048  0.7036E-09
 16  128  19  2048  0.7039E-09
 16  128  20  2048  0.6567E-09
 16  128  20  2048  0.6542E-09
 16  128  20  2048  0.6541E-09
 16  128  20  2048  0.6574E-09
 16  128  20  2048  0.6553E-09
 16  128  20  2048  0.6545E-09
 16  128  20  2048  0.6562E-09
 16  128  20  2048  0.6545E-09
 16  128  20  2048  0.6542E-09
 16  128  20  2048  0.6541E-09
