 16  1024  3  16384  0.1239E-08
 16  1024  3  16384  0.1164E-08
 16  1024  3  16384  0.1137E-08
 16  1024  3  16384  0.1129E-08
 16  1024  3  16384  0.1124E-08
 16  1024  3  16384  0.1125E-08
 16  1024  3  16384  0.1124E-08
 16  1024  3  16384  0.1138E-08
 16  1024  3  16384  0.1139E-08
 16  1024  3  16384  0.1124E-08
 16  1024  4  16384  0.5671E-09
 16  1024  4  16384  0.5260E-09
 16  1024  4  16384  0.5440E-09
 16  1024  4  16384  0.5459E-09
 16  1024  4  16384  0.5405E-09
 16  1024  4  16384  0.5279E-09
 16  1024  4  16384  0.5268E-09
 16  1024  4  16384  0.5274E-09
 16  1024  4  16384  0.5423E-09
 16  1024  4  16384  0.5483E-09
 16  1024  5  16384  0.3971E-09
 16  1024  5  16384  0.3667E-09
 16  1024  5  16384  0.3774E-09
 16  1024  5  16384  0.3830E-09
 16  1024  5  16384  0.3694E-09
 16  1024  5  16384  0.3676E-09
 16  1024  5  16384  0.3725E-09
 16  1024  5  16384  0.3830E-09
 16  1024  5  16384  0.3769E-09
 16  1024  5  16384  0.3675E-09
 16  1024  6  16384  0.3053E-09
 16  1024  6  16384  0.2901E-09
 16  1024  6  16384  0.2897E-09
 16  1024  6  16384  0.2967E-09
 16  1024  6  16384  0.2887E-09
 16  1024  6  16384  0.2901E-09
 16  1024  6  16384  0.2999E-09
 16  1024  6  16384  0.2920E-09
 16  1024  6  16384  0.2881E-09
 16  1024  6  16384  0.2965E-09
 16  1024  7  16384  0.2472E-09
 16  1024  7  16384  0.2443E-09
 16  1024  7  16384  0.2455E-09
 16  1024  7  16384  0.2432E-09
 16  1024  7  16384  0.2473E-09
 16  1024  7  16384  0.2443E-09
 16  1024  7  16384  0.2442E-09
 16  1024  7  16384  0.2449E-09
 16  1024  7  16384  0.2426E-09
 16  1024  7  16384  0.2429E-09
 16  1024  8  16384  0.1964E-09
 16  1024  8  16384  0.1934E-09
 16  1024  8  16384  0.1940E-09
 16  1024  8  16384  0.1947E-09
 16  1024  8  16384  0.1939E-09
 16  1024  8  16384  0.1931E-09
 16  1024  8  16384  0.1938E-09
 16  1024  8  16384  0.1943E-09
 16  1024  8  16384  0.1935E-09
 16  1024  8  16384  0.1935E-09
 16  1024  9  16384  0.1689E-09
 16  1024  9  16384  0.1676E-09
 16  1024  9  16384  0.1683E-09
 16  1024  9  16384  0.1675E-09
 16  1024  9  16384  0.1685E-09
 16  1024  9  16384  0.1676E-09
 16  1024  9  16384  0.1675E-09
 16  1024  9  16384  0.1675E-09
 16  1024  9  16384  0.1682E-09
 16  1024  9  16384  0.1683E-09
