 16  16  3  256  0.2574E-07
 16  16  3  256  0.1730E-07
 16  16  3  256  0.1640E-07
 16  16  3  256  0.1621E-07
 16  16  3  256  0.1620E-07
 16  16  3  256  0.1794E-07
 16  16  3  256  0.1673E-07
 16  16  3  256  0.1679E-07
 16  16  3  256  0.1644E-07
 16  16  3  256  0.1596E-07
 16  16  4  256  0.1617E-07
 16  16  4  256  0.1182E-07
 16  16  4  256  0.1158E-07
 16  16  4  256  0.1155E-07
 16  16  4  256  0.1150E-07
 16  16  4  256  0.1127E-07
 16  16  4  256  0.1158E-07
 16  16  4  256  0.1137E-07
 16  16  4  256  0.1176E-07
 16  16  4  256  0.1239E-07
 16  16  5  256  0.5112E-08
 16  16  5  256  0.5052E-08
 16  16  5  256  0.5061E-08
 16  16  5  256  0.5083E-08
 16  16  5  256  0.5089E-08
 16  16  5  256  0.5070E-08
 16  16  5  256  0.5056E-08
 16  16  5  256  0.5054E-08
 16  16  5  256  0.5060E-08
 16  16  5  256  0.5072E-08
 16  16  6  256  0.4278E-08
 16  16  6  256  0.4242E-08
 16  16  6  256  0.4234E-08
 16  16  6  256  0.4251E-08
 16  16  6  256  0.4233E-08
 16  16  6  256  0.4239E-08
 16  16  6  256  0.4239E-08
 16  16  6  256  0.4242E-08
 16  16  6  256  0.4231E-08
 16  16  6  256  0.4231E-08
 16  16  7  256  0.4049E-08
 16  16  7  256  0.4015E-08
 16  16  7  256  0.4024E-08
 16  16  7  256  0.4017E-08
 16  16  7  256  0.4016E-08
 16  16  7  256  0.4021E-08
 16  16  7  256  0.4018E-08
 16  16  7  256  0.4025E-08
 16  16  7  256  0.4023E-08
 16  16  7  256  0.4019E-08
 16  16  8  256  0.3530E-08
 16  16  8  256  0.3509E-08
 16  16  8  256  0.3508E-08
 16  16  8  256  0.3505E-08
 16  16  8  256  0.3517E-08
 16  16  8  256  0.3511E-08
 16  16  8  256  0.3524E-08
 16  16  8  256  0.3510E-08
 16  16  8  256  0.3506E-08
 16  16  8  256  0.3508E-08
 16  16  9  256  0.4013E-08
 16  16  9  256  0.4004E-08
 16  16  9  256  0.3997E-08
 16  16  9  256  0.3997E-08
 16  16  9  256  0.3994E-08
 16  16  9  256  0.4009E-08
 16  16  9  256  0.4002E-08
 16  16  9  256  0.3997E-08
 16  16  9  256  0.3996E-08
 16  16  9  256  0.3998E-08
 16  16  10  256  0.4170E-08
 16  16  10  256  0.4161E-08
 16  16  10  256  0.4163E-08
 16  16  10  256  0.4164E-08
 16  16  10  256  0.4163E-08
 16  16  10  256  0.4164E-08
 16  16  10  256  0.4161E-08
 16  16  10  256  0.4163E-08
 16  16  10  256  0.4160E-08
 16  16  10  256  0.4160E-08
 16  16  11  256  0.4331E-08
 16  16  11  256  0.4315E-08
 16  16  11  256  0.4317E-08
 16  16  11  256  0.4316E-08
 16  16  11  256  0.4316E-08
 16  16  11  256  0.4319E-08
 16  16  11  256  0.4315E-08
 16  16  11  256  0.4316E-08
 16  16  11  256  0.4316E-08
 16  16  11  256  0.4320E-08
 16  16  12  256  0.4021E-08
 16  16  12  256  0.4022E-08
 16  16  12  256  0.4018E-08
 16  16  12  256  0.4019E-08
 16  16  12  256  0.4024E-08
 16  16  12  256  0.4018E-08
 16  16  12  256  0.4020E-08
 16  16  12  256  0.4018E-08
 16  16  12  256  0.4020E-08
 16  16  12  256  0.4017E-08
 16  16  13  256  0.4169E-08
 16  16  13  256  0.4166E-08
 16  16  13  256  0.4167E-08
 16  16  13  256  0.4165E-08
 16  16  13  256  0.4164E-08
 16  16  13  256  0.4168E-08
 16  16  13  256  0.4172E-08
 16  16  13  256  0.4169E-08
 16  16  13  256  0.4164E-08
 16  16  13  256  0.4164E-08
 16  16  14  256  0.3987E-08
 16  16  14  256  0.3983E-08
 16  16  14  256  0.3985E-08
 16  16  14  256  0.3982E-08
 16  16  14  256  0.3982E-08
 16  16  14  256  0.3983E-08
 16  16  14  256  0.3987E-08
 16  16  14  256  0.3981E-08
 16  16  14  256  0.3984E-08
 16  16  14  256  0.3981E-08
 16  16  15  256  0.4368E-08
 16  16  15  256  0.4362E-08
 16  16  15  256  0.4361E-08
 16  16  15  256  0.4361E-08
 16  16  15  256  0.4359E-08
 16  16  15  256  0.4360E-08
 16  16  15  256  0.4361E-08
 16  16  15  256  0.4362E-08
 16  16  15  256  0.4360E-08
 16  16  15  256  0.4365E-08
 16  16  16  256  0.4328E-08
 16  16  16  256  0.4325E-08
 16  16  16  256  0.4325E-08
 16  16  16  256  0.4326E-08
 16  16  16  256  0.4326E-08
 16  16  16  256  0.4326E-08
 16  16  16  256  0.4326E-08
 16  16  16  256  0.4354E-08
 16  16  16  256  0.4326E-08
 16  16  16  256  0.4326E-08
 16  16  17  256  0.5118E-08
 16  16  17  256  0.5117E-08
 16  16  17  256  0.5117E-08
 16  16  17  256  0.5118E-08
 16  16  17  256  0.5116E-08
 16  16  17  256  0.5117E-08
 16  16  17  256  0.5117E-08
 16  16  17  256  0.5116E-08
 16  16  17  256  0.5117E-08
 16  16  17  256  0.5117E-08
 16  16  18  256  0.5035E-08
 16  16  18  256  0.5034E-08
 16  16  18  256  0.5033E-08
 16  16  18  256  0.5034E-08
 16  16  18  256  0.5034E-08
 16  16  18  256  0.5035E-08
 16  16  18  256  0.5033E-08
 16  16  18  256  0.5034E-08
 16  16  18  256  0.5034E-08
 16  16  18  256  0.5035E-08
 16  16  19  256  0.5421E-08
 16  16  19  256  0.5422E-08
 16  16  19  256  0.5420E-08
 16  16  19  256  0.5420E-08
 16  16  19  256  0.5421E-08
 16  16  19  256  0.5420E-08
 16  16  19  256  0.5421E-08
 16  16  19  256  0.5420E-08
 16  16  19  256  0.5420E-08
 16  16  19  256  0.5420E-08
 16  16  20  256  0.5321E-08
 16  16  20  256  0.5320E-08
 16  16  20  256  0.5321E-08
 16  16  20  256  0.5320E-08
 16  16  20  256  0.5321E-08
 16  16  20  256  0.5320E-08
 16  16  20  256  0.5321E-08
 16  16  20  256  0.5321E-08
 16  16  20  256  0.5321E-08
 16  16  20  256  0.5320E-08
