 16  4  3  64  0.3525E-07
 16  4  3  64  0.3470E-07
 16  4  3  64  0.3464E-07
 16  4  3  64  0.3451E-07
 16  4  3  64  0.3449E-07
 16  4  3  64  0.3495E-07
 16  4  3  64  0.3433E-07
 16  4  3  64  0.3462E-07
 16  4  3  64  0.3451E-07
 16  4  3  64  0.3427E-07
 16  4  4  64  0.2122E-07
 16  4  4  64  0.2093E-07
 16  4  4  64  0.2097E-07
 16  4  4  64  0.2096E-07
 16  4  4  64  0.2093E-07
 16  4  4  64  0.2080E-07
 16  4  4  64  0.2086E-07
 16  4  4  64  0.2080E-07
 16  4  4  64  0.2082E-07
 16  4  4  64  0.2086E-07
 16  4  5  64  0.1975E-07
 16  4  5  64  0.1963E-07
 16  4  5  64  0.1957E-07
 16  4  5  64  0.1956E-07
 16  4  5  64  0.1952E-07
 16  4  5  64  0.1950E-07
 16  4  5  64  0.1954E-07
 16  4  5  64  0.1948E-07
 16  4  5  64  0.1956E-07
 16  4  5  64  0.1953E-07
 16  4  6  64  0.1863E-07
 16  4  6  64  0.1848E-07
 16  4  6  64  0.1845E-07
 16  4  6  64  0.1848E-07
 16  4  6  64  0.1843E-07
 16  4  6  64  0.1852E-07
 16  4  6  64  0.1845E-07
 16  4  6  64  0.1846E-07
 16  4  6  64  0.1841E-07
 16  4  6  64  0.1848E-07
 16  4  7  64  0.1882E-07
 16  4  7  64  0.1873E-07
 16  4  7  64  0.1874E-07
 16  4  7  64  0.1874E-07
 16  4  7  64  0.1876E-07
 16  4  7  64  0.1878E-07
 16  4  7  64  0.1877E-07
 16  4  7  64  0.1876E-07
 16  4  7  64  0.1875E-07
 16  4  7  64  0.1874E-07
 16  4  8  64  0.1622E-07
 16  4  8  64  0.1617E-07
 16  4  8  64  0.1616E-07
 16  4  8  64  0.1613E-07
 16  4  8  64  0.1613E-07
 16  4  8  64  0.1614E-07
 16  4  8  64  0.1609E-07
 16  4  8  64  0.1612E-07
 16  4  8  64  0.1612E-07
 16  4  8  64  0.1612E-07
 16  4  9  64  0.1831E-07
 16  4  9  64  0.1818E-07
 16  4  9  64  0.1822E-07
 16  4  9  64  0.1820E-07
 16  4  9  64  0.1821E-07
 16  4  9  64  0.1823E-07
 16  4  9  64  0.1819E-07
 16  4  9  64  0.1824E-07
 16  4  9  64  0.1820E-07
 16  4  9  64  0.1821E-07
 16  4  10  64  0.1906E-07
 16  4  10  64  0.1895E-07
 16  4  10  64  0.1899E-07
 16  4  10  64  0.1898E-07
 16  4  10  64  0.1896E-07
 16  4  10  64  0.1899E-07
 16  4  10  64  0.1896E-07
 16  4  10  64  0.1901E-07
 16  4  10  64  0.1896E-07
 16  4  10  64  0.1899E-07
 16  4  11  64  0.1946E-07
 16  4  11  64  0.1941E-07
 16  4  11  64  0.1943E-07
 16  4  11  64  0.1941E-07
 16  4  11  64  0.1944E-07
 16  4  11  64  0.1941E-07
 16  4  11  64  0.1941E-07
 16  4  11  64  0.1944E-07
 16  4  11  64  0.1941E-07
 16  4  11  64  0.1945E-07
 16  4  12  64  0.1816E-07
 16  4  12  64  0.1814E-07
 16  4  12  64  0.1850E-07
 16  4  12  64  0.1815E-07
 16  4  12  64  0.1814E-07
 16  4  12  64  0.1814E-07
 16  4  12  64  0.1815E-07
 16  4  12  64  0.1815E-07
 16  4  12  64  0.1812E-07
 16  4  12  64  0.1816E-07
 16  4  13  64  0.1861E-07
 16  4  13  64  0.1860E-07
 16  4  13  64  0.1861E-07
 16  4  13  64  0.1859E-07
 16  4  13  64  0.1861E-07
 16  4  13  64  0.1859E-07
 16  4  13  64  0.1862E-07
 16  4  13  64  0.1859E-07
 16  4  13  64  0.1860E-07
 16  4  13  64  0.1861E-07
 16  4  14  64  0.1784E-07
 16  4  14  64  0.1783E-07
 16  4  14  64  0.1784E-07
 16  4  14  64  0.1782E-07
 16  4  14  64  0.1784E-07
 16  4  14  64  0.1782E-07
 16  4  14  64  0.1784E-07
 16  4  14  64  0.1783E-07
 16  4  14  64  0.1783E-07
 16  4  14  64  0.1785E-07
 16  4  15  64  0.1903E-07
 16  4  15  64  0.1902E-07
 16  4  15  64  0.1904E-07
 16  4  15  64  0.1901E-07
 16  4  15  64  0.1903E-07
 16  4  15  64  0.1901E-07
 16  4  15  64  0.1903E-07
 16  4  15  64  0.1902E-07
 16  4  15  64  0.1902E-07
 16  4  15  64  0.1903E-07
 16  4  16  64  0.1835E-07
 16  4  16  64  0.1834E-07
 16  4  16  64  0.1834E-07
 16  4  16  64  0.1834E-07
 16  4  16  64  0.1835E-07
 16  4  16  64  0.1835E-07
 16  4  16  64  0.1835E-07
 16  4  16  64  0.1835E-07
 16  4  16  64  0.1835E-07
 16  4  16  64  0.1834E-07
 16  4  17  64  0.2169E-07
 16  4  17  64  0.2170E-07
 16  4  17  64  0.2170E-07
 16  4  17  64  0.2169E-07
 16  4  17  64  0.2170E-07
 16  4  17  64  0.2169E-07
 16  4  17  64  0.2169E-07
 16  4  17  64  0.2169E-07
 16  4  17  64  0.2170E-07
 16  4  17  64  0.2169E-07
 16  4  18  64  0.2186E-07
 16  4  18  64  0.2186E-07
 16  4  18  64  0.2186E-07
 16  4  18  64  0.2186E-07
 16  4  18  64  0.2187E-07
 16  4  18  64  0.2185E-07
 16  4  18  64  0.2186E-07
 16  4  18  64  0.2186E-07
 16  4  18  64  0.2187E-07
 16  4  18  64  0.2186E-07
 16  4  19  64  0.2260E-07
 16  4  19  64  0.2260E-07
 16  4  19  64  0.2261E-07
 16  4  19  64  0.2260E-07
 16  4  19  64  0.2260E-07
 16  4  19  64  0.2260E-07
 16  4  19  64  0.2261E-07
 16  4  19  64  0.2260E-07
 16  4  19  64  0.2260E-07
 16  4  19  64  0.2260E-07
 16  4  20  64  0.2220E-07
 16  4  20  64  0.2219E-07
 16  4  20  64  0.2219E-07
 16  4  20  64  0.2219E-07
 16  4  20  64  0.2218E-07
 16  4  20  64  0.2218E-07
 16  4  20  64  0.2219E-07
 16  4  20  64  0.2218E-07
 16  4  20  64  0.2219E-07
 16  4  20  64  0.2219E-07
