 16  1  3  16  0.8442E-07
 16  1  3  16  0.8372E-07
 16  1  3  16  0.8373E-07
 16  1  3  16  0.8387E-07
 16  1  3  16  0.8381E-07
 16  1  3  16  0.8279E-07
 16  1  3  16  0.8431E-07
 16  1  3  16  0.8386E-07
 16  1  3  16  0.8318E-07
 16  1  3  16  0.8283E-07
 16  1  4  16  0.5603E-07
 16  1  4  16  0.5579E-07
 16  1  4  16  0.5615E-07
 16  1  4  16  0.5569E-07
 16  1  4  16  0.5571E-07
 16  1  4  16  0.5592E-07
 16  1  4  16  0.5576E-07
 16  1  4  16  0.5584E-07
 16  1  4  16  0.5591E-07
 16  1  4  16  0.5556E-07
 16  1  5  16  0.5169E-07
 16  1  5  16  0.5142E-07
 16  1  5  16  0.5162E-07
 16  1  5  16  0.5143E-07
 16  1  5  16  0.5139E-07
 16  1  5  16  0.5159E-07
 16  1  5  16  0.5153E-07
 16  1  5  16  0.5138E-07
 16  1  5  16  0.5135E-07
 16  1  5  16  0.5159E-07
 16  1  6  16  0.4299E-07
 16  1  6  16  0.4282E-07
 16  1  6  16  0.4293E-07
 16  1  6  16  0.4307E-07
 16  1  6  16  0.4287E-07
 16  1  6  16  0.4275E-07
 16  1  6  16  0.4281E-07
 16  1  6  16  0.4273E-07
 16  1  6  16  0.4282E-07
 16  1  6  16  0.4294E-07
 16  1  7  16  0.4394E-07
 16  1  7  16  0.4410E-07
 16  1  7  16  0.4380E-07
 16  1  7  16  0.4380E-07
 16  1  7  16  0.4353E-07
 16  1  7  16  0.4331E-07
 16  1  7  16  0.4344E-07
 16  1  7  16  0.4316E-07
 16  1  7  16  0.4316E-07
 16  1  7  16  0.4300E-07
 16  1  8  16  0.4274E-07
 16  1  8  16  0.4261E-07
 16  1  8  16  0.4266E-07
 16  1  8  16  0.4260E-07
 16  1  8  16  0.4258E-07
 16  1  8  16  0.4259E-07
 16  1  8  16  0.4263E-07
 16  1  8  16  0.4257E-07
 16  1  8  16  0.4256E-07
 16  1  8  16  0.4263E-07
 16  1  9  16  0.5396E-07
 16  1  9  16  0.5393E-07
 16  1  9  16  0.5399E-07
 16  1  9  16  0.5404E-07
 16  1  9  16  0.5407E-07
 16  1  9  16  0.5406E-07
 16  1  9  16  0.5399E-07
 16  1  9  16  0.5403E-07
 16  1  9  16  0.5402E-07
 16  1  9  16  0.5401E-07
 16  1  10  16  0.5933E-07
 16  1  10  16  0.5930E-07
 16  1  10  16  0.5924E-07
 16  1  10  16  0.5930E-07
 16  1  10  16  0.5930E-07
 16  1  10  16  0.5927E-07
 16  1  10  16  0.5929E-07
 16  1  10  16  0.5929E-07
 16  1  10  16  0.5928E-07
 16  1  10  16  0.5927E-07
 16  1  11  16  0.6206E-07
 16  1  11  16  0.6202E-07
 16  1  11  16  0.6192E-07
 16  1  11  16  0.6199E-07
 16  1  11  16  0.6192E-07
 16  1  11  16  0.6197E-07
 16  1  11  16  0.6193E-07
 16  1  11  16  0.6194E-07
 16  1  11  16  0.6197E-07
 16  1  11  16  0.6196E-07
 16  1  12  16  0.5620E-07
 16  1  12  16  0.5620E-07
 16  1  12  16  0.5622E-07
 16  1  12  16  0.5618E-07
 16  1  12  16  0.5626E-07
 16  1  12  16  0.5619E-07
 16  1  12  16  0.5622E-07
 16  1  12  16  0.5621E-07
 16  1  12  16  0.5623E-07
 16  1  12  16  0.5619E-07
 16  1  13  16  0.5972E-07
 16  1  13  16  0.5965E-07
 16  1  13  16  0.5965E-07
 16  1  13  16  0.5968E-07
 16  1  13  16  0.5964E-07
 16  1  13  16  0.5978E-07
 16  1  13  16  0.5969E-07
 16  1  13  16  0.5965E-07
 16  1  13  16  0.5969E-07
 16  1  13  16  0.5965E-07
 16  1  14  16  0.5632E-07
 16  1  14  16  0.5636E-07
 16  1  14  16  0.5635E-07
 16  1  14  16  0.5631E-07
 16  1  14  16  0.5639E-07
 16  1  14  16  0.5632E-07
 16  1  14  16  0.5635E-07
 16  1  14  16  0.5638E-07
 16  1  14  16  0.5635E-07
 16  1  14  16  0.5635E-07
 16  1  15  16  0.6191E-07
 16  1  15  16  0.6192E-07
 16  1  15  16  0.6194E-07
 16  1  15  16  0.6194E-07
 16  1  15  16  0.6194E-07
 16  1  15  16  0.6196E-07
 16  1  15  16  0.6194E-07
 16  1  15  16  0.6195E-07
 16  1  15  16  0.6196E-07
 16  1  15  16  0.6200E-07
 16  1  16  16  0.5858E-07
 16  1  16  16  0.5857E-07
 16  1  16  16  0.5857E-07
 16  1  16  16  0.5857E-07
 16  1  16  16  0.5859E-07
 16  1  16  16  0.5855E-07
 16  1  16  16  0.5858E-07
 16  1  16  16  0.5856E-07
 16  1  16  16  0.5860E-07
 16  1  16  16  0.5859E-07
 16  1  17  16  0.7282E-07
 16  1  17  16  0.7282E-07
 16  1  17  16  0.7280E-07
 16  1  17  16  0.7280E-07
 16  1  17  16  0.7282E-07
 16  1  17  16  0.7282E-07
 16  1  17  16  0.7281E-07
 16  1  17  16  0.7279E-07
 16  1  17  16  0.7281E-07
 16  1  17  16  0.7283E-07
 16  1  18  16  0.7286E-07
 16  1  18  16  0.7289E-07
 16  1  18  16  0.7288E-07
 16  1  18  16  0.7287E-07
 16  1  18  16  0.7287E-07
 16  1  18  16  0.7287E-07
 16  1  18  16  0.7287E-07
 16  1  18  16  0.7291E-07
 16  1  18  16  0.7286E-07
 16  1  18  16  0.7288E-07
 16  1  19  16  0.7580E-07
 16  1  19  16  0.7579E-07
 16  1  19  16  0.7579E-07
 16  1  19  16  0.7577E-07
 16  1  19  16  0.7576E-07
 16  1  19  16  0.7579E-07
 16  1  19  16  0.7577E-07
 16  1  19  16  0.7579E-07
 16  1  19  16  0.7576E-07
 16  1  19  16  0.7578E-07
 16  1  20  16  0.7318E-07
 16  1  20  16  0.7317E-07
 16  1  20  16  0.7317E-07
 16  1  20  16  0.7317E-07
 16  1  20  16  0.7318E-07
 16  1  20  16  0.7320E-07
 16  1  20  16  0.7318E-07
 16  1  20  16  0.7318E-07
 16  1  20  16  0.7317E-07
 16  1  20  16  0.7318E-07
