 16  2048  3  32768  0.3196E-09
 16  2048  3  32768  0.3208E-09
 16  2048  3  32768  0.3149E-09
 16  2048  3  32768  0.3264E-09
 16  2048  3  32768  0.3196E-09
 16  2048  3  32768  0.3136E-09
 16  2048  3  32768  0.3209E-09
 16  2048  3  32768  0.3110E-09
 16  2048  3  32768  0.3120E-09
 16  2048  3  32768  0.3243E-09
 16  2048  4  32768  0.1815E-09
 16  2048  4  32768  0.1811E-09
 16  2048  4  32768  0.1831E-09
 16  2048  4  32768  0.1805E-09
 16  2048  4  32768  0.1834E-09
 16  2048  4  32768  0.1824E-09
 16  2048  4  32768  0.1826E-09
 16  2048  4  32768  0.1804E-09
 16  2048  4  32768  0.1781E-09
 16  2048  4  32768  0.1795E-09
 16  2048  5  32768  0.1372E-09
 16  2048  5  32768  0.1334E-09
 16  2048  5  32768  0.1322E-09
 16  2048  5  32768  0.1339E-09
 16  2048  5  32768  0.1375E-09
 16  2048  5  32768  0.1364E-09
 16  2048  5  32768  0.1369E-09
 16  2048  5  32768  0.1343E-09
 16  2048  5  32768  0.1336E-09
 16  2048  5  32768  0.1328E-09
 16  2048  6  32768  0.9507E-10
 16  2048  6  32768  0.9516E-10
 16  2048  6  32768  0.9773E-10
 16  2048  6  32768  0.9617E-10
 16  2048  6  32768  0.9547E-10
 16  2048  6  32768  0.9455E-10
 16  2048  6  32768  0.9561E-10
 16  2048  6  32768  0.9724E-10
 16  2048  6  32768  0.9733E-10
 16  2048  6  32768  0.9523E-10
 16  2048  7  32768  0.7441E-10
 16  2048  7  32768  0.7345E-10
 16  2048  7  32768  0.7417E-10
 16  2048  7  32768  0.7474E-10
 16  2048  7  32768  0.7417E-10
 16  2048  7  32768  0.7344E-10
 16  2048  7  32768  0.7455E-10
 16  2048  7  32768  0.7444E-10
 16  2048  7  32768  0.7415E-10
 16  2048  7  32768  0.7289E-10
 16  2048  8  32768  0.5825E-10
 16  2048  8  32768  0.5794E-10
 16  2048  8  32768  0.5789E-10
 16  2048  8  32768  0.5833E-10
 16  2048  8  32768  0.5842E-10
 16  2048  8  32768  0.5839E-10
 16  2048  8  32768  0.5796E-10
 16  2048  8  32768  0.5846E-10
 16  2048  8  32768  0.5816E-10
 16  2048  8  32768  0.5777E-10
 16  2048  9  32768  0.5326E-10
 16  2048  9  32768  0.5311E-10
 16  2048  9  32768  0.5314E-10
 16  2048  9  32768  0.5303E-10
 16  2048  9  32768  0.5259E-10
 16  2048  9  32768  0.5299E-10
 16  2048  9  32768  0.5267E-10
 16  2048  9  32768  0.5331E-10
 16  2048  9  32768  0.5286E-10
 16  2048  9  32768  0.5315E-10
 16  2048  10  32768  0.4801E-10
 16  2048  10  32768  0.4829E-10
 16  2048  10  32768  0.4822E-10
 16  2048  10  32768  0.4820E-10
 16  2048  10  32768  0.4854E-10
 16  2048  10  32768  0.4806E-10
 16  2048  10  32768  0.4828E-10
 16  2048  10  32768  0.4797E-10
 16  2048  10  32768  0.4836E-10
 16  2048  10  32768  0.4795E-10
 16  2048  11  32768  0.4595E-10
 16  2048  11  32768  0.4587E-10
 16  2048  11  32768  0.4558E-10
 16  2048  11  32768  0.4593E-10
 16  2048  11  32768  0.4568E-10
 16  2048  11  32768  0.4598E-10
 16  2048  11  32768  0.4600E-10
 16  2048  11  32768  0.4538E-10
 16  2048  11  32768  0.4535E-10
 16  2048  11  32768  0.4556E-10
 16  2048  12  32768  0.4175E-10
 16  2048  12  32768  0.4167E-10
 16  2048  12  32768  0.4171E-10
 16  2048  12  32768  0.4172E-10
 16  2048  12  32768  0.4151E-10
 16  2048  12  32768  0.4142E-10
 16  2048  12  32768  0.4134E-10
 16  2048  12  32768  0.4150E-10
 16  2048  12  32768  0.4152E-10
 16  2048  12  32768  0.4141E-10
 16  2048  13  32768  0.4249E-10
 16  2048  13  32768  0.4214E-10
 16  2048  13  32768  0.4249E-10
 16  2048  13  32768  0.4234E-10
 16  2048  13  32768  0.4230E-10
 16  2048  13  32768  0.4231E-10
 16  2048  13  32768  0.4212E-10
 16  2048  13  32768  0.4244E-10
 16  2048  13  32768  0.4218E-10
 16  2048  13  32768  0.4236E-10
 16  2048  14  32768  0.4006E-10
 16  2048  14  32768  0.3997E-10
 16  2048  14  32768  0.3989E-10
 16  2048  14  32768  0.3989E-10
 16  2048  14  32768  0.3990E-10
 16  2048  14  32768  0.3994E-10
 16  2048  14  32768  0.3998E-10
 16  2048  14  32768  0.4035E-10
 16  2048  14  32768  0.4000E-10
 16  2048  14  32768  0.3999E-10
 16  2048  15  32768  0.4009E-10
 16  2048  15  32768  0.4002E-10
 16  2048  15  32768  0.4028E-10
 16  2048  15  32768  0.4023E-10
 16  2048  15  32768  0.4005E-10
 16  2048  15  32768  0.4045E-10
 16  2048  15  32768  0.4006E-10
 16  2048  15  32768  0.4003E-10
 16  2048  15  32768  0.4013E-10
 16  2048  15  32768  0.4008E-10
 16  2048  16  32768  0.3935E-10
 16  2048  16  32768  0.3931E-10
 16  2048  16  32768  0.3944E-10
 16  2048  16  32768  0.3937E-10
 16  2048  16  32768  0.3944E-10
 16  2048  16  32768  0.3930E-10
 16  2048  16  32768  0.3933E-10
 16  2048  16  32768  0.3929E-10
 16  2048  16  32768  0.3938E-10
 16  2048  16  32768  0.3944E-10
 16  2048  17  32768  0.4973E-10
 16  2048  17  32768  0.4972E-10
 16  2048  17  32768  0.4957E-10
 16  2048  17  32768  0.4978E-10
 16  2048  17  32768  0.4974E-10
 16  2048  17  32768  0.4959E-10
 16  2048  17  32768  0.4965E-10
 16  2048  17  32768  0.4970E-10
 16  2048  17  32768  0.4991E-10
 16  2048  17  32768  0.4964E-10
 16  2048  18  32768  0.4399E-10
 16  2048  18  32768  0.4411E-10
 16  2048  18  32768  0.4435E-10
 16  2048  18  32768  0.4409E-10
 16  2048  18  32768  0.4392E-10
 16  2048  18  32768  0.4407E-10
 16  2048  18  32768  0.4432E-10
 16  2048  18  32768  0.4408E-10
 16  2048  18  32768  0.4394E-10
 16  2048  18  32768  0.4418E-10
 16  2048  19  32768  0.5087E-10
 16  2048  19  32768  0.5093E-10
 16  2048  19  32768  0.5084E-10
 16  2048  19  32768  0.5098E-10
 16  2048  19  32768  0.5111E-10
 16  2048  19  32768  0.5067E-10
 16  2048  19  32768  0.5109E-10
 16  2048  19  32768  0.5054E-10
 16  2048  19  32768  0.5077E-10
 16  2048  19  32768  0.5101E-10
 16  2048  20  32768  0.4933E-10
 16  2048  20  32768  0.4932E-10
 16  2048  20  32768  0.4937E-10
 16  2048  20  32768  0.4927E-10
 16  2048  20  32768  0.4944E-10
 16  2048  20  32768  0.4932E-10
 16  2048  20  32768  0.4941E-10
 16  2048  20  32768  0.4946E-10
 16  2048  20  32768  0.4931E-10
 16  2048  20  32768  0.4949E-10
