 16  128  3  2048  0.5659E-08
 16  128  3  2048  0.5405E-08
 16  128  3  2048  0.5410E-08
 16  128  3  2048  0.5319E-08
 16  128  3  2048  0.5330E-08
 16  128  3  2048  0.5358E-08
 16  128  3  2048  0.5323E-08
 16  128  3  2048  0.5341E-08
 16  128  3  2048  0.5422E-08
 16  128  3  2048  0.5314E-08
 16  128  4  2048  0.2957E-08
 16  128  4  2048  0.2762E-08
 16  128  4  2048  0.2736E-08
 16  128  4  2048  0.2748E-08
 16  128  4  2048  0.2761E-08
 16  128  4  2048  0.2760E-08
 16  128  4  2048  0.2877E-08
 16  128  4  2048  0.2734E-08
 16  128  4  2048  0.2765E-08
 16  128  4  2048  0.2741E-08
 16  128  5  2048  0.2266E-08
 16  128  5  2048  0.2182E-08
 16  128  5  2048  0.2158E-08
 16  128  5  2048  0.2153E-08
 16  128  5  2048  0.2165E-08
 16  128  5  2048  0.2178E-08
 16  128  5  2048  0.2156E-08
 16  128  5  2048  0.2163E-08
 16  128  5  2048  0.2165E-08
 16  128  5  2048  0.2164E-08
 16  128  6  2048  0.1620E-08
 16  128  6  2048  0.1556E-08
 16  128  6  2048  0.1566E-08
 16  128  6  2048  0.1561E-08
 16  128  6  2048  0.1585E-08
 16  128  6  2048  0.1553E-08
 16  128  6  2048  0.1557E-08
 16  128  6  2048  0.1570E-08
 16  128  6  2048  0.1565E-08
 16  128  6  2048  0.1567E-08
 16  128  7  2048  0.1354E-08
 16  128  7  2048  0.1323E-08
 16  128  7  2048  0.1327E-08
 16  128  7  2048  0.1324E-08
 16  128  7  2048  0.1336E-08
 16  128  7  2048  0.1320E-08
 16  128  7  2048  0.1329E-08
 16  128  7  2048  0.1329E-08
 16  128  7  2048  0.1327E-08
 16  128  7  2048  0.1323E-08
 16  128  8  2048  0.1105E-08
 16  128  8  2048  0.1092E-08
 16  128  8  2048  0.1089E-08
 16  128  8  2048  0.1091E-08
 16  128  8  2048  0.1091E-08
 16  128  8  2048  0.1092E-08
 16  128  8  2048  0.1087E-08
 16  128  8  2048  0.1093E-08
 16  128  8  2048  0.1088E-08
 16  128  8  2048  0.1086E-08
 16  128  9  2048  0.1038E-08
 16  128  9  2048  0.1006E-08
 16  128  9  2048  0.1010E-08
 16  128  9  2048  0.1009E-08
 16  128  9  2048  0.1012E-08
 16  128  9  2048  0.1008E-08
 16  128  9  2048  0.1009E-08
 16  128  9  2048  0.1010E-08
 16  128  9  2048  0.1010E-08
 16  128  9  2048  0.1011E-08
 16  128  10  2048  0.9803E-09
 16  128  10  2048  0.9678E-09
 16  128  10  2048  0.9694E-09
 16  128  10  2048  0.9732E-09
 16  128  10  2048  0.9708E-09
 16  128  10  2048  0.9759E-09
 16  128  10  2048  0.9681E-09
 16  128  10  2048  0.9695E-09
 16  128  10  2048  0.9668E-09
 16  128  10  2048  0.9694E-09
 16  128  11  2048  0.9084E-09
 16  128  11  2048  0.9019E-09
 16  128  11  2048  0.9032E-09
 16  128  11  2048  0.9024E-09
 16  128  11  2048  0.9017E-09
 16  128  11  2048  0.9036E-09
 16  128  11  2048  0.9010E-09
 16  128  11  2048  0.9012E-09
 16  128  11  2048  0.9013E-09
 16  128  11  2048  0.9027E-09
 16  128  12  2048  0.8279E-09
 16  128  12  2048  0.8216E-09
 16  128  12  2048  0.8221E-09
 16  128  12  2048  0.8215E-09
 16  128  12  2048  0.8217E-09
 16  128  12  2048  0.8212E-09
 16  128  12  2048  0.8212E-09
 16  128  12  2048  0.8217E-09
 16  128  12  2048  0.8210E-09
 16  128  12  2048  0.8222E-09
 16  128  13  2048  0.8129E-09
 16  128  13  2048  0.8126E-09
 16  128  13  2048  0.8093E-09
 16  128  13  2048  0.8073E-09
 16  128  13  2048  0.8075E-09
 16  128  13  2048  0.8079E-09
 16  128  13  2048  0.8081E-09
 16  128  13  2048  0.8074E-09
 16  128  13  2048  0.8076E-09
 16  128  13  2048  0.8081E-09
 16  128  14  2048  0.7426E-09
 16  128  14  2048  0.7381E-09
 16  128  14  2048  0.7434E-09
 16  128  14  2048  0.7389E-09
 16  128  14  2048  0.7438E-09
 16  128  14  2048  0.7382E-09
 16  128  14  2048  0.7396E-09
 16  128  14  2048  0.7391E-09
 16  128  14  2048  0.7386E-09
 16  128  14  2048  0.7396E-09
 16  128  15  2048  0.7629E-09
 16  128  15  2048  0.7578E-09
 16  128  15  2048  0.7573E-09
 16  128  15  2048  0.7568E-09
 16  128  15  2048  0.7576E-09
 16  128  15  2048  0.7572E-09
 16  128  15  2048  0.7608E-09
 16  128  15  2048  0.7570E-09
 16  128  15  2048  0.7575E-09
 16  128  15  2048  0.7576E-09
 16  128  16  2048  0.7114E-09
 16  128  16  2048  0.7107E-09
 16  128  16  2048  0.7095E-09
 16  128  16  2048  0.7086E-09
 16  128  16  2048  0.7092E-09
 16  128  16  2048  0.7082E-09
 16  128  16  2048  0.7085E-09
 16  128  16  2048  0.7115E-09
 16  128  16  2048  0.7088E-09
 16  128  16  2048  0.7090E-09
 16  128  17  2048  0.8026E-09
 16  128  17  2048  0.8013E-09
 16  128  17  2048  0.8013E-09
 16  128  17  2048  0.8012E-09
 16  128  17  2048  0.8013E-09
 16  128  17  2048  0.8013E-09
 16  128  17  2048  0.8013E-09
 16  128  17  2048  0.8013E-09
 16  128  17  2048  0.8013E-09
 16  128  17  2048  0.8013E-09
 16  128  18  2048  0.8218E-09
 16  128  18  2048  0.8204E-09
 16  128  18  2048  0.8193E-09
 16  128  18  2048  0.8226E-09
 16  128  18  2048  0.8209E-09
 16  128  18  2048  0.8194E-09
 16  128  18  2048  0.8230E-09
 16  128  18  2048  0.8195E-09
 16  128  18  2048  0.8209E-09
 16  128  18  2048  0.8210E-09
 16  128  19  2048  0.8348E-09
 16  128  19  2048  0.8347E-09
 16  128  19  2048  0.8332E-09
 16  128  19  2048  0.8340E-09
 16  128  19  2048  0.8335E-09
 16  128  19  2048  0.8313E-09
 16  128  19  2048  0.8323E-09
 16  128  19  2048  0.8335E-09
 16  128  19  2048  0.8331E-09
 16  128  19  2048  0.8318E-09
 16  128  20  2048  0.7870E-09
 16  128  20  2048  0.7840E-09
 16  128  20  2048  0.7841E-09
 16  128  20  2048  0.7857E-09
 16  128  20  2048  0.7839E-09
 16  128  20  2048  0.7857E-09
 16  128  20  2048  0.7839E-09
 16  128  20  2048  0.7839E-09
 16  128  20  2048  0.7855E-09
 16  128  20  2048  0.7841E-09
