 16  8192  3  131072  0.2593E-09
 16  8192  3  131072  0.2512E-09
 16  8192  3  131072  0.2475E-09
 16  8192  3  131072  0.2404E-09
 16  8192  3  131072  0.2533E-09
 16  8192  4  131072  0.1410E-09
 16  8192  4  131072  0.1352E-09
 16  8192  4  131072  0.1461E-09
 16  8192  4  131072  0.1454E-09
 16  8192  4  131072  0.1404E-09
 16  8192  5  131072  0.9201E-10
 16  8192  5  131072  0.9274E-10
 16  8192  5  131072  0.9022E-10
 16  8192  5  131072  0.9295E-10
 16  8192  5  131072  0.8947E-10
 16  8192  6  131072  0.6328E-10
 16  8192  6  131072  0.6277E-10
 16  8192  6  131072  0.6284E-10
 16  8192  6  131072  0.6326E-10
 16  8192  6  131072  0.6269E-10
 16  8192  7  131072  0.4670E-10
 16  8192  7  131072  0.4616E-10
 16  8192  7  131072  0.4627E-10
 16  8192  7  131072  0.4655E-10
 16  8192  7  131072  0.4647E-10
 16  8192  8  131072  0.3757E-10
 16  8192  8  131072  0.3723E-10
 16  8192  8  131072  0.3729E-10
 16  8192  8  131072  0.3723E-10
 16  8192  8  131072  0.3726E-10
 16  8192  9  131072  0.3013E-10
 16  8192  9  131072  0.3034E-10
 16  8192  9  131072  0.3033E-10
 16  8192  9  131072  0.3028E-10
 16  8192  9  131072  0.3019E-10
 16  8192  10  131072  0.2607E-10
 16  8192  10  131072  0.2608E-10
 16  8192  10  131072  0.2604E-10
 16  8192  10  131072  0.2602E-10
 16  8192  10  131072  0.2605E-10
 16  8192  11  131072  0.1801E-10
 16  8192  11  131072  0.1787E-10
 16  8192  11  131072  0.1792E-10
 16  8192  11  131072  0.1793E-10
 16  8192  11  131072  0.1793E-10
 16  8192  12  131072  0.2114E-10
 16  8192  12  131072  0.2104E-10
 16  8192  12  131072  0.2119E-10
 16  8192  12  131072  0.2111E-10
 16  8192  12  131072  0.2118E-10
 16  8192  14  131072  0.1781E-10
 16  8192  14  131072  0.1784E-10
 16  8192  14  131072  0.1779E-10
 16  8192  14  131072  0.1780E-10
 16  8192  14  131072  0.1784E-10
 16  8192  15  131072  0.1775E-10
 16  8192  15  131072  0.1806E-10
 16  8192  15  131072  0.1795E-10
 16  8192  15  131072  0.1802E-10
 16  8192  15  131072  0.1802E-10
 16  8192  16  131072  0.1933E-10
 16  8192  16  131072  0.1919E-10
 16  8192  16  131072  0.1921E-10
 16  8192  16  131072  0.1922E-10
 16  8192  16  131072  0.1921E-10
 16  8192  17  131072  0.1995E-10
 16  8192  17  131072  0.1995E-10
 16  8192  17  131072  0.1996E-10
 16  8192  17  131072  0.2011E-10
 16  8192  17  131072  0.1995E-10
 16  8192  19  131072  -0.3246E-10
 16  8192  19  131072  -0.3250E-10
 16  8192  19  131072  -0.3249E-10
 16  8192  19  131072  -0.3255E-10
 16  8192  19  131072  -0.3252E-10
