 16  64  3  1024  0.1591E-07
 16  64  3  1024  0.7333E-08
 16  64  3  1024  0.7042E-08
 16  64  3  1024  0.6922E-08
 16  64  3  1024  0.6741E-08
 16  64  3  1024  0.6801E-08
 16  64  3  1024  0.6861E-08
 16  64  3  1024  0.6608E-08
 16  64  3  1024  0.6692E-08
 16  64  3  1024  0.6424E-08
 16  64  4  1024  0.1138E-07
 16  64  4  1024  0.3820E-08
 16  64  4  1024  0.3774E-08
 16  64  4  1024  0.3891E-08
 16  64  4  1024  0.3693E-08
 16  64  4  1024  0.3636E-08
 16  64  4  1024  0.3662E-08
 16  64  4  1024  0.3881E-08
 16  64  4  1024  0.3896E-08
 16  64  4  1024  0.2584E-08
 16  64  5  1024  0.1354E-08
 16  64  5  1024  0.1300E-08
 16  64  5  1024  0.1294E-08
 16  64  5  1024  0.1295E-08
 16  64  5  1024  0.1301E-08
 16  64  5  1024  0.1292E-08
 16  64  5  1024  0.1300E-08
 16  64  5  1024  0.1301E-08
 16  64  5  1024  0.1293E-08
 16  64  5  1024  0.1306E-08
 16  64  6  1024  0.1225E-08
 16  64  6  1024  0.1191E-08
 16  64  6  1024  0.1194E-08
 16  64  6  1024  0.1197E-08
 16  64  6  1024  0.1191E-08
 16  64  6  1024  0.1189E-08
 16  64  6  1024  0.1192E-08
 16  64  6  1024  0.1191E-08
 16  64  6  1024  0.1188E-08
 16  64  6  1024  0.1191E-08
 16  64  7  1024  0.1130E-08
 16  64  7  1024  0.1113E-08
 16  64  7  1024  0.1115E-08
 16  64  7  1024  0.1115E-08
 16  64  7  1024  0.1113E-08
 16  64  7  1024  0.1117E-08
 16  64  7  1024  0.1110E-08
 16  64  7  1024  0.1118E-08
 16  64  7  1024  0.1111E-08
 16  64  7  1024  0.1113E-08
 16  64  8  1024  0.9768E-09
 16  64  8  1024  0.9653E-09
 16  64  8  1024  0.9672E-09
 16  64  8  1024  0.9705E-09
 16  64  8  1024  0.1010E-08
 16  64  8  1024  0.9640E-09
 16  64  8  1024  0.9623E-09
 16  64  8  1024  0.9644E-09
 16  64  8  1024  0.9671E-09
 16  64  8  1024  0.9709E-09
 16  64  10  1024  0.1059E-08
 16  64  10  1024  0.1052E-08
 16  64  10  1024  0.1053E-08
 16  64  10  1024  0.1051E-08
 16  64  10  1024  0.1054E-08
 16  64  10  1024  0.1050E-08
 16  64  10  1024  0.1051E-08
 16  64  10  1024  0.1051E-08
 16  64  10  1024  0.1055E-08
 16  64  10  1024  0.1052E-08
 16  64  11  1024  0.1075E-08
 16  64  11  1024  0.1071E-08
 16  64  11  1024  0.1091E-08
 16  64  11  1024  0.1070E-08
 16  64  11  1024  0.1069E-08
 16  64  11  1024  0.1070E-08
 16  64  11  1024  0.1070E-08
 16  64  11  1024  0.1068E-08
 16  64  11  1024  0.1070E-08
 16  64  11  1024  0.1069E-08
 16  64  12  1024  0.9773E-09
 16  64  12  1024  0.9745E-09
 16  64  12  1024  0.9744E-09
 16  64  12  1024  0.9744E-09
 16  64  12  1024  0.9959E-09
 16  64  12  1024  0.9746E-09
 16  64  12  1024  0.9753E-09
 16  64  12  1024  0.9743E-09
 16  64  12  1024  0.9744E-09
 16  64  12  1024  0.9743E-09
 16  64  13  1024  0.1013E-08
 16  64  13  1024  0.1010E-08
 16  64  13  1024  0.1011E-08
 16  64  13  1024  0.1010E-08
 16  64  13  1024  0.1010E-08
 16  64  13  1024  0.1010E-08
 16  64  13  1024  0.1010E-08
 16  64  13  1024  0.1023E-08
 16  64  13  1024  0.1010E-08
 16  64  13  1024  0.1012E-08
 16  64  14  1024  0.9572E-09
 16  64  14  1024  0.9554E-09
 16  64  14  1024  0.9552E-09
 16  64  14  1024  0.9559E-09
 16  64  14  1024  0.9569E-09
 16  64  14  1024  0.9555E-09
 16  64  14  1024  0.9538E-09
 16  64  14  1024  0.9558E-09
 16  64  14  1024  0.9554E-09
 16  64  14  1024  0.9556E-09
 16  64  15  1024  0.1064E-08
 16  64  15  1024  0.1054E-08
 16  64  15  1024  0.1054E-08
 16  64  15  1024  0.1054E-08
 16  64  15  1024  0.1054E-08
 16  64  15  1024  0.1054E-08
 16  64  15  1024  0.1054E-08
 16  64  15  1024  0.1054E-08
 16  64  15  1024  0.1054E-08
 16  64  15  1024  0.1062E-08
 16  64  16  1024  0.1047E-08
 16  64  16  1024  0.1045E-08
 16  64  16  1024  0.1045E-08
 16  64  16  1024  0.1045E-08
 16  64  16  1024  0.1045E-08
 16  64  16  1024  0.1045E-08
 16  64  16  1024  0.1045E-08
 16  64  16  1024  0.1045E-08
 16  64  16  1024  0.1046E-08
 16  64  16  1024  0.1045E-08
 16  64  17  1024  0.1250E-08
 16  64  17  1024  0.1249E-08
 16  64  17  1024  0.1249E-08
 16  64  17  1024  0.1249E-08
 16  64  17  1024  0.1250E-08
 16  64  17  1024  0.1249E-08
 16  64  17  1024  0.1248E-08
 16  64  17  1024  0.1249E-08
 16  64  17  1024  0.1249E-08
 16  64  17  1024  0.1248E-08
 16  64  18  1024  0.1229E-08
 16  64  18  1024  0.1228E-08
 16  64  18  1024  0.1228E-08
 16  64  18  1024  0.1234E-08
 16  64  18  1024  0.1228E-08
 16  64  18  1024  0.1228E-08
 16  64  18  1024  0.1228E-08
 16  64  18  1024  0.1233E-08
 16  64  18  1024  0.1228E-08
 16  64  18  1024  0.1227E-08
 16  64  19  1024  0.1328E-08
 16  64  19  1024  0.1328E-08
 16  64  19  1024  0.1332E-08
 16  64  19  1024  0.1328E-08
 16  64  19  1024  0.1328E-08
 16  64  19  1024  0.1328E-08
 16  64  19  1024  0.1332E-08
 16  64  19  1024  0.1328E-08
 16  64  19  1024  0.1328E-08
 16  64  19  1024  0.1328E-08
 16  64  20  1024  0.1306E-08
 16  64  20  1024  0.1309E-08
 16  64  20  1024  0.1305E-08
 16  64  20  1024  0.1305E-08
 16  64  20  1024  0.1309E-08
 16  64  20  1024  0.1305E-08
 16  64  20  1024  0.1305E-08
 16  64  20  1024  0.1309E-08
 16  64  20  1024  0.1305E-08
 16  64  20  1024  0.1305E-08
