 16  32  3  512  0.1895E-07
 16  32  3  512  0.1003E-07
 16  32  3  512  0.1032E-07
 16  32  3  512  0.1044E-07
 16  32  3  512  0.1011E-07
 16  32  3  512  0.1005E-07
 16  32  3  512  0.9670E-08
 16  32  3  512  0.9716E-08
 16  32  3  512  0.9716E-08
 16  32  3  512  0.1061E-07
 16  32  4  512  0.1155E-07
 16  32  4  512  0.6369E-08
 16  32  4  512  0.7487E-08
 16  32  4  512  0.6410E-08
 16  32  4  512  0.6349E-08
 16  32  4  512  0.6255E-08
 16  32  4  512  0.6194E-08
 16  32  4  512  0.6674E-08
 16  32  4  512  0.6214E-08
 16  32  4  512  0.6255E-08
 16  32  5  512  0.1176E-07
 16  32  5  512  0.5390E-08
 16  32  5  512  0.5146E-08
 16  32  5  512  0.5422E-08
 16  32  5  512  0.5136E-08
 16  32  5  512  0.5042E-08
 16  32  5  512  0.5340E-08
 16  32  5  512  0.4886E-08
 16  32  5  512  0.4994E-08
 16  32  5  512  0.5094E-08
 16  32  6  512  0.2638E-08
 16  32  6  512  0.2586E-08
 16  32  6  512  0.2584E-08
 16  32  6  512  0.2600E-08
 16  32  6  512  0.2586E-08
 16  32  6  512  0.2590E-08
 16  32  6  512  0.2588E-08
 16  32  6  512  0.2595E-08
 16  32  6  512  0.2598E-08
 16  32  6  512  0.2604E-08
 16  32  7  512  0.2234E-08
 16  32  7  512  0.2209E-08
 16  32  7  512  0.2203E-08
 16  32  7  512  0.2206E-08
 16  32  7  512  0.2211E-08
 16  32  7  512  0.2207E-08
 16  32  7  512  0.2207E-08
 16  32  7  512  0.2207E-08
 16  32  7  512  0.2207E-08
 16  32  7  512  0.2207E-08
 16  32  8  512  0.1926E-08
 16  32  8  512  0.1906E-08
 16  32  8  512  0.1904E-08
 16  32  8  512  0.1910E-08
 16  32  8  512  0.1907E-08
 16  32  8  512  0.1918E-08
 16  32  8  512  0.1909E-08
 16  32  8  512  0.1906E-08
 16  32  8  512  0.1904E-08
 16  32  8  512  0.1906E-08
 16  32  9  512  0.2141E-08
 16  32  9  512  0.2124E-08
 16  32  9  512  0.2126E-08
 16  32  9  512  0.2122E-08
 16  32  9  512  0.2128E-08
 16  32  9  512  0.2123E-08
 16  32  9  512  0.2126E-08
 16  32  9  512  0.2128E-08
 16  32  9  512  0.2129E-08
 16  32  9  512  0.2125E-08
 16  32  10  512  0.2199E-08
 16  32  10  512  0.2185E-08
 16  32  10  512  0.2185E-08
 16  32  10  512  0.2188E-08
 16  32  10  512  0.2185E-08
 16  32  10  512  0.2187E-08
 16  32  10  512  0.2189E-08
 16  32  10  512  0.2186E-08
 16  32  10  512  0.2188E-08
 16  32  10  512  0.2191E-08
 16  32  11  512  0.2252E-08
 16  32  11  512  0.2246E-08
 16  32  11  512  0.2248E-08
 16  32  11  512  0.2245E-08
 16  32  11  512  0.2248E-08
 16  32  11  512  0.2243E-08
 16  32  11  512  0.2249E-08
 16  32  11  512  0.2244E-08
 16  32  11  512  0.2248E-08
 16  32  11  512  0.2245E-08
 16  32  12  512  0.2088E-08
 16  32  12  512  0.2084E-08
 16  32  12  512  0.2083E-08
 16  32  12  512  0.2084E-08
 16  32  12  512  0.2085E-08
 16  32  12  512  0.2084E-08
 16  32  12  512  0.2083E-08
 16  32  12  512  0.2083E-08
 16  32  12  512  0.2084E-08
 16  32  12  512  0.2084E-08
 16  32  13  512  0.2163E-08
 16  32  13  512  0.2160E-08
 16  32  13  512  0.2160E-08
 16  32  13  512  0.2160E-08
 16  32  13  512  0.2160E-08
 16  32  13  512  0.2159E-08
 16  32  13  512  0.2161E-08
 16  32  13  512  0.2160E-08
 16  32  13  512  0.2159E-08
 16  32  13  512  0.2161E-08
 16  32  14  512  0.2064E-08
 16  32  14  512  0.2062E-08
 16  32  14  512  0.2060E-08
 16  32  14  512  0.2060E-08
 16  32  14  512  0.2059E-08
 16  32  14  512  0.2060E-08
 16  32  14  512  0.2061E-08
 16  32  14  512  0.2061E-08
 16  32  14  512  0.2060E-08
 16  32  14  512  0.2060E-08
 16  32  15  512  0.2250E-08
 16  32  15  512  0.2248E-08
 16  32  15  512  0.2249E-08
 16  32  15  512  0.2248E-08
 16  32  15  512  0.2247E-08
 16  32  15  512  0.2247E-08
 16  32  15  512  0.2247E-08
 16  32  15  512  0.2248E-08
 16  32  15  512  0.2248E-08
 16  32  15  512  0.2249E-08
 16  32  16  512  0.2231E-08
 16  32  16  512  0.2229E-08
 16  32  16  512  0.2229E-08
 16  32  16  512  0.2228E-08
 16  32  16  512  0.2228E-08
 16  32  16  512  0.2229E-08
 16  32  16  512  0.2228E-08
 16  32  16  512  0.2230E-08
 16  32  16  512  0.2229E-08
 16  32  16  512  0.2229E-08
 16  32  17  512  0.2631E-08
 16  32  17  512  0.2629E-08
 16  32  17  512  0.2629E-08
 16  32  17  512  0.2628E-08
 16  32  17  512  0.2628E-08
 16  32  17  512  0.2628E-08
 16  32  17  512  0.2628E-08
 16  32  17  512  0.2629E-08
 16  32  17  512  0.2629E-08
 16  32  17  512  0.2628E-08
 16  32  18  512  0.2592E-08
 16  32  18  512  0.2590E-08
 16  32  18  512  0.2591E-08
 16  32  18  512  0.2590E-08
 16  32  18  512  0.2591E-08
 16  32  18  512  0.2591E-08
 16  32  18  512  0.2590E-08
 16  32  18  512  0.2591E-08
 16  32  18  512  0.2590E-08
 16  32  18  512  0.2590E-08
 16  32  19  512  0.2782E-08
 16  32  19  512  0.2781E-08
 16  32  19  512  0.2781E-08
 16  32  19  512  0.2780E-08
 16  32  19  512  0.2780E-08
 16  32  19  512  0.2780E-08
 16  32  19  512  0.2781E-08
 16  32  19  512  0.2781E-08
 16  32  19  512  0.2780E-08
 16  32  19  512  0.2780E-08
 16  32  20  512  0.2720E-08
 16  32  20  512  0.2720E-08
 16  32  20  512  0.2720E-08
 16  32  20  512  0.2720E-08
 16  32  20  512  0.2720E-08
 16  32  20  512  0.2720E-08
 16  32  20  512  0.2720E-08
 16  32  20  512  0.2719E-08
 16  32  20  512  0.2720E-08
 16  32  20  512  0.2719E-08
