 16  2  3  32  0.1331E-06
 16  2  3  32  0.1177E-06
 16  2  3  32  0.1192E-06
 16  2  3  32  0.1161E-06
 16  2  3  32  0.1165E-06
 16  2  3  32  0.1517E-06
 16  2  3  32  0.1231E-06
 16  2  3  32  0.1219E-06
 16  2  3  32  0.1158E-06
 16  2  3  32  0.1177E-06
 16  2  4  32  0.5600E-07
 16  2  4  32  0.4820E-07
 16  2  4  32  0.5759E-07
 16  2  4  32  0.5340E-07
 16  2  4  32  0.5126E-07
 16  2  4  32  0.5258E-07
 16  2  4  32  0.5371E-07
 16  2  4  32  0.5029E-07
 16  2  4  32  0.5161E-07
 16  2  4  32  0.5223E-07
 16  2  5  32  0.5567E-07
 16  2  5  32  0.5126E-07
 16  2  5  32  0.5058E-07
 16  2  5  32  0.5142E-07
 16  2  5  32  0.5033E-07
 16  2  5  32  0.5184E-07
 16  2  5  32  0.4842E-07
 16  2  5  32  0.4892E-07
 16  2  5  32  0.5049E-07
 16  2  5  32  0.5033E-07
 16  2  6  32  0.5772E-07
 16  2  6  32  0.5325E-07
 16  2  6  32  0.5323E-07
 16  2  6  32  0.5305E-07
 16  2  6  32  0.5300E-07
 16  2  6  32  0.5319E-07
 16  2  6  32  0.5290E-07
 16  2  6  32  0.5367E-07
 16  2  6  32  0.5338E-07
 16  2  6  32  0.5474E-07
 16  2  7  32  0.4577E-07
 16  2  7  32  0.4167E-07
 16  2  7  32  0.4160E-07
 16  2  7  32  0.4181E-07
 16  2  7  32  0.4303E-07
 16  2  7  32  0.4167E-07
 16  2  7  32  0.4346E-07
 16  2  7  32  0.4188E-07
 16  2  7  32  0.4173E-07
 16  2  7  32  0.4319E-07
 16  2  8  32  0.4533E-07
 16  2  8  32  0.4264E-07
 16  2  8  32  0.4077E-07
 16  2  8  32  0.4319E-07
 16  2  8  32  0.4016E-07
 16  2  8  32  0.4332E-07
 16  2  8  32  0.4028E-07
 16  2  8  32  0.4303E-07
 16  2  8  32  0.4037E-07
 16  2  8  32  0.4295E-07
 16  2  9  32  0.4492E-07
 16  2  9  32  0.4264E-07
 16  2  9  32  0.4313E-07
 16  2  9  32  0.4327E-07
 16  2  9  32  0.4433E-07
 16  2  9  32  0.4324E-07
 16  2  9  32  0.4251E-07
 16  2  9  32  0.4300E-07
 16  2  9  32  0.4311E-07
 16  2  9  32  0.4317E-07
 16  2  10  32  0.5525E-07
 16  2  10  32  0.5357E-07
 16  2  10  32  0.5376E-07
 16  2  10  32  0.5358E-07
 16  2  10  32  0.5335E-07
 16  2  10  32  0.5481E-07
 16  2  10  32  0.5373E-07
 16  2  10  32  0.5360E-07
 16  2  10  32  0.5401E-07
 16  2  10  32  0.5367E-07
 16  2  11  32  0.3331E-07
 16  2  11  32  0.3328E-07
 16  2  11  32  0.3329E-07
 16  2  11  32  0.3327E-07
 16  2  11  32  0.3326E-07
 16  2  11  32  0.3330E-07
 16  2  11  32  0.3329E-07
 16  2  11  32  0.3330E-07
 16  2  11  32  0.3329E-07
 16  2  11  32  0.3329E-07
 16  2  12  32  0.3117E-07
 16  2  12  32  0.3119E-07
 16  2  12  32  0.3117E-07
 16  2  12  32  0.3119E-07
 16  2  12  32  0.3117E-07
 16  2  12  32  0.3119E-07
 16  2  12  32  0.3118E-07
 16  2  12  32  0.3118E-07
 16  2  12  32  0.3118E-07
 16  2  12  32  0.3118E-07
 16  2  13  32  0.3250E-07
 16  2  13  32  0.3303E-07
 16  2  13  32  0.3249E-07
 16  2  13  32  0.3250E-07
 16  2  13  32  0.3248E-07
 16  2  13  32  0.3248E-07
 16  2  13  32  0.3250E-07
 16  2  13  32  0.3248E-07
 16  2  13  32  0.3248E-07
 16  2  13  32  0.3251E-07
 16  2  14  32  0.3104E-07
 16  2  14  32  0.3103E-07
 16  2  14  32  0.3103E-07
 16  2  14  32  0.3104E-07
 16  2  14  32  0.3103E-07
 16  2  14  32  0.3104E-07
 16  2  14  32  0.3105E-07
 16  2  14  32  0.3103E-07
 16  2  14  32  0.3104E-07
 16  2  14  32  0.3104E-07
 16  2  15  32  0.3385E-07
 16  2  15  32  0.3387E-07
 16  2  15  32  0.3385E-07
 16  2  15  32  0.3386E-07
 16  2  15  32  0.3386E-07
 16  2  15  32  0.3386E-07
 16  2  15  32  0.3387E-07
 16  2  15  32  0.3386E-07
 16  2  15  32  0.3386E-07
 16  2  15  32  0.3387E-07
 16  2  15  32  0.3390E-07
 16  2  15  32  0.3389E-07
 16  2  15  32  0.3387E-07
 16  2  15  32  0.3388E-07
 16  2  15  32  0.3389E-07
 16  2  15  32  0.3387E-07
 16  2  15  32  0.3389E-07
 16  2  15  32  0.3389E-07
 16  2  15  32  0.3389E-07
 16  2  15  32  0.3388E-07
 16  2  16  32  0.3386E-07
 16  2  16  32  0.3411E-07
 16  2  16  32  0.3385E-07
 16  2  16  32  0.3383E-07
 16  2  16  32  0.3385E-07
 16  2  16  32  0.3384E-07
 16  2  16  32  0.3384E-07
 16  2  16  32  0.3384E-07
 16  2  16  32  0.3384E-07
 16  2  16  32  0.3411E-07
 16  2  17  32  0.4014E-07
 16  2  17  32  0.4013E-07
 16  2  17  32  0.4013E-07
 16  2  17  32  0.4014E-07
 16  2  17  32  0.4014E-07
 16  2  17  32  0.4012E-07
 16  2  17  32  0.4013E-07
 16  2  17  32  0.4013E-07
 16  2  17  32  0.4013E-07
 16  2  17  32  0.4014E-07
 16  2  18  32  0.3959E-07
 16  2  18  32  0.3959E-07
 16  2  18  32  0.3979E-07
 16  2  18  32  0.3959E-07
 16  2  18  32  0.3958E-07
 16  2  18  32  0.3959E-07
 16  2  18  32  0.3980E-07
 16  2  18  32  0.3959E-07
 16  2  18  32  0.3958E-07
 16  2  18  32  0.3959E-07
 16  2  19  32  0.4237E-07
 16  2  19  32  0.4238E-07
 16  2  19  32  0.4237E-07
 16  2  19  32  0.4237E-07
 16  2  19  32  0.4238E-07
 16  2  19  32  0.4238E-07
 16  2  19  32  0.4237E-07
 16  2  19  32  0.4236E-07
 16  2  19  32  0.4237E-07
 16  2  19  32  0.4237E-07
 16  2  20  32  0.4177E-07
 16  2  20  32  0.4176E-07
 16  2  20  32  0.4176E-07
 16  2  20  32  0.4177E-07
 16  2  20  32  0.4176E-07
 16  2  20  32  0.4176E-07
 16  2  20  32  0.4177E-07
 16  2  20  32  0.4176E-07
 16  2  20  32  0.4176E-07
 16  2  20  32  0.4175E-07
