 16  2  3  32  0.1470E-06
 16  2  3  32  0.1273E-06
 16  2  3  32  0.1219E-06
 16  2  3  32  0.1420E-06
 16  2  3  32  0.1200E-06
 16  2  3  32  0.1173E-06
 16  2  3  32  0.1116E-06
 16  2  3  32  0.1119E-06
 16  2  3  32  0.1280E-06
 16  2  3  32  0.1169E-06
 16  2  4  32  0.5258E-07
 16  2  4  32  0.4835E-07
 16  2  4  32  0.4738E-07
 16  2  4  32  0.4428E-07
 16  2  4  32  0.4408E-07
 16  2  4  32  0.5289E-07
 16  2  4  32  0.4723E-07
 16  2  4  32  0.4474E-07
 16  2  4  32  0.4463E-07
 16  2  4  32  0.5662E-07
 16  2  5  32  0.4699E-07
 16  2  5  32  0.4518E-07
 16  2  5  32  0.4226E-07
 16  2  5  32  0.4208E-07
 16  2  5  32  0.4216E-07
 16  2  5  32  0.4266E-07
 16  2  5  32  0.4468E-07
 16  2  5  32  0.4490E-07
 16  2  5  32  0.4435E-07
 16  2  5  32  0.4443E-07
 16  2  6  32  0.5300E-07
 16  2  6  32  0.4991E-07
 16  2  6  32  0.4750E-07
 16  2  6  32  0.4828E-07
 16  2  6  32  0.4890E-07
 16  2  6  32  0.4721E-07
 16  2  6  32  0.4769E-07
 16  2  6  32  0.4795E-07
 16  2  6  32  0.4754E-07
 16  2  6  32  0.4712E-07
 16  2  7  32  0.4282E-07
 16  2  7  32  0.3733E-07
 16  2  7  32  0.3735E-07
 16  2  7  32  0.3878E-07
 16  2  7  32  0.3766E-07
 16  2  7  32  0.3921E-07
 16  2  7  32  0.3845E-07
 16  2  7  32  0.3748E-07
 16  2  7  32  0.3754E-07
 16  2  7  32  0.3738E-07
 16  2  8  32  0.4175E-07
 16  2  8  32  0.3679E-07
 16  2  8  32  0.3929E-07
 16  2  8  32  0.3715E-07
 16  2  8  32  0.3939E-07
 16  2  8  32  0.3717E-07
 16  2  8  32  0.3949E-07
 16  2  8  32  0.3727E-07
 16  2  8  32  0.3930E-07
 16  2  8  32  0.3734E-07
 16  2  9  32  0.4240E-07
 16  2  9  32  0.3940E-07
 16  2  9  32  0.4082E-07
 16  2  9  32  0.3887E-07
 16  2  9  32  0.3902E-07
 16  2  9  32  0.3944E-07
 16  2  9  32  0.3966E-07
 16  2  9  32  0.3868E-07
 16  2  9  32  0.3932E-07
 16  2  9  32  0.3968E-07
 16  2  10  32  0.2904E-07
 16  2  10  32  0.2903E-07
 16  2  10  32  0.2901E-07
 16  2  10  32  0.2904E-07
 16  2  10  32  0.2904E-07
 16  2  10  32  0.2903E-07
 16  2  10  32  0.2950E-07
 16  2  10  32  0.5035E-07
 16  2  10  32  0.5077E-07
 16  2  10  32  0.5053E-07
 16  2  11  32  0.3054E-07
 16  2  11  32  0.3049E-07
 16  2  11  32  0.3049E-07
 16  2  11  32  0.3049E-07
 16  2  11  32  0.3051E-07
 16  2  11  32  0.3050E-07
 16  2  11  32  0.3049E-07
 16  2  11  32  0.3050E-07
 16  2  11  32  0.3049E-07
 16  2  11  32  0.3050E-07
 16  2  12  32  0.2837E-07
 16  2  12  32  0.2834E-07
 16  2  12  32  0.2836E-07
 16  2  12  32  0.2835E-07
 16  2  12  32  0.2835E-07
 16  2  12  32  0.2834E-07
 16  2  12  32  0.2834E-07
 16  2  12  32  0.2834E-07
 16  2  12  32  0.2836E-07
 16  2  12  32  0.2835E-07
 16  2  13  32  0.2999E-07
 16  2  13  32  0.2975E-07
 16  2  13  32  0.2976E-07
 16  2  13  32  0.2975E-07
 16  2  13  32  0.2975E-07
 16  2  13  32  0.2977E-07
 16  2  13  32  0.2976E-07
 16  2  13  32  0.2975E-07
 16  2  13  32  0.2975E-07
 16  2  13  32  0.2978E-07
 16  2  14  32  0.2860E-07
 16  2  14  32  0.2861E-07
 16  2  14  32  0.2860E-07
 16  2  14  32  0.2860E-07
 16  2  14  32  0.2860E-07
 16  2  14  32  0.2861E-07
 16  2  14  32  0.2860E-07
 16  2  14  32  0.2860E-07
 16  2  14  32  0.2861E-07
 16  2  14  32  0.2860E-07
 16  2  15  32  0.3147E-07
 16  2  15  32  0.3145E-07
 16  2  15  32  0.3144E-07
 16  2  15  32  0.3146E-07
 16  2  15  32  0.3146E-07
 16  2  15  32  0.3145E-07
 16  2  15  32  0.3144E-07
 16  2  15  32  0.3144E-07
 16  2  15  32  0.3146E-07
 16  2  15  32  0.3144E-07
 16  2  15  32  0.3150E-07
 16  2  15  32  0.3150E-07
 16  2  15  32  0.3149E-07
 16  2  15  32  0.3150E-07
 16  2  15  32  0.3148E-07
 16  2  15  32  0.3148E-07
 16  2  15  32  0.3148E-07
 16  2  15  32  0.3148E-07
 16  2  15  32  0.3149E-07
 16  2  15  32  0.3148E-07
 16  2  16  32  0.3190E-07
 16  2  16  32  0.3165E-07
 16  2  16  32  0.3166E-07
 16  2  16  32  0.3164E-07
 16  2  16  32  0.3165E-07
 16  2  16  32  0.3165E-07
 16  2  16  32  0.3166E-07
 16  2  16  32  0.3164E-07
 16  2  16  32  0.3189E-07
 16  2  16  32  0.3165E-07
 16  2  17  32  0.3801E-07
 16  2  17  32  0.3800E-07
 16  2  17  32  0.3801E-07
 16  2  17  32  0.3800E-07
 16  2  17  32  0.3801E-07
 16  2  17  32  0.3799E-07
 16  2  17  32  0.3801E-07
 16  2  17  32  0.3800E-07
 16  2  17  32  0.3800E-07
 16  2  17  32  0.3800E-07
 16  2  18  32  0.3755E-07
 16  2  18  32  0.3753E-07
 16  2  18  32  0.3754E-07
 16  2  18  32  0.3753E-07
 16  2  18  32  0.3773E-07
 16  2  18  32  0.3753E-07
 16  2  18  32  0.3753E-07
 16  2  18  32  0.3753E-07
 16  2  18  32  0.3753E-07
 16  2  18  32  0.3773E-07
 16  2  19  32  0.4041E-07
 16  2  19  32  0.4042E-07
 16  2  19  32  0.4041E-07
 16  2  19  32  0.4041E-07
 16  2  19  32  0.4041E-07
 16  2  19  32  0.4042E-07
 16  2  19  32  0.4041E-07
 16  2  19  32  0.4041E-07
 16  2  19  32  0.4041E-07
 16  2  19  32  0.4041E-07
 16  2  20  32  0.3994E-07
 16  2  20  32  0.3995E-07
 16  2  20  32  0.3994E-07
 16  2  20  32  0.3994E-07
 16  2  20  32  0.3994E-07
 16  2  20  32  0.3994E-07
 16  2  20  32  0.3995E-07
 16  2  20  32  0.3993E-07
 16  2  20  32  0.3994E-07
 16  2  20  32  0.3994E-07
