 16  256  3  4096  0.1898E-08
 16  256  3  4096  0.1757E-08
 16  256  3  4096  0.1745E-08
 16  256  3  4096  0.1735E-08
 16  256  3  4096  0.1736E-08
 16  256  3  4096  0.1749E-08
 16  256  3  4096  0.1739E-08
 16  256  3  4096  0.1862E-08
 16  256  3  4096  0.3288E-08
 16  256  3  4096  0.3689E-08
 16  256  4  4096  0.1291E-08
 16  256  4  4096  0.9426E-09
 16  256  4  4096  0.9341E-09
 16  256  4  4096  0.9319E-09
 16  256  4  4096  0.9323E-09
 16  256  4  4096  0.9297E-09
 16  256  4  4096  0.9331E-09
 16  256  4  4096  0.9600E-09
 16  256  4  4096  0.9466E-09
 16  256  4  4096  0.9437E-09
 16  256  5  4096  0.7729E-09
 16  256  5  4096  0.7526E-09
 16  256  5  4096  0.7491E-09
 16  256  5  4096  0.7462E-09
 16  256  5  4096  0.7454E-09
 16  256  5  4096  0.7458E-09
 16  256  5  4096  0.7422E-09
 16  256  5  4096  0.7465E-09
 16  256  5  4096  0.7468E-09
 16  256  5  4096  0.7501E-09
 16  256  6  4096  0.5745E-09
 16  256  6  4096  0.5573E-09
 16  256  6  4096  0.5542E-09
 16  256  6  4096  0.5552E-09
 16  256  6  4096  0.5569E-09
 16  256  6  4096  0.5565E-09
 16  256  6  4096  0.5562E-09
 16  256  6  4096  0.5548E-09
 16  256  6  4096  0.5563E-09
 16  256  6  4096  0.5548E-09
 16  256  7  4096  0.4883E-09
 16  256  7  4096  0.4773E-09
 16  256  7  4096  0.4784E-09
 16  256  7  4096  0.4746E-09
 16  256  7  4096  0.4850E-09
 16  256  7  4096  0.4764E-09
 16  256  7  4096  0.4744E-09
 16  256  7  4096  0.4783E-09
 16  256  7  4096  0.4745E-09
 16  256  7  4096  0.4778E-09
 16  256  8  4096  0.4214E-09
 16  256  8  4096  0.4129E-09
 16  256  8  4096  0.4122E-09
 16  256  8  4096  0.4134E-09
 16  256  8  4096  0.4104E-09
 16  256  8  4096  0.4108E-09
 16  256  8  4096  0.4121E-09
 16  256  8  4096  0.4163E-09
 16  256  8  4096  0.4118E-09
 16  256  8  4096  0.4115E-09
 16  256  9  4096  0.3985E-09
 16  256  9  4096  0.3924E-09
 16  256  9  4096  0.3945E-09
 16  256  9  4096  0.3924E-09
 16  256  9  4096  0.3931E-09
 16  256  9  4096  0.3937E-09
 16  256  9  4096  0.3934E-09
 16  256  9  4096  0.3944E-09
 16  256  9  4096  0.4007E-09
 16  256  9  4096  0.3943E-09
 16  256  10  4096  0.3771E-09
 16  256  10  4096  0.3712E-09
 16  256  10  4096  0.3717E-09
 16  256  10  4096  0.3756E-09
 16  256  10  4096  0.3721E-09
 16  256  10  4096  0.3726E-09
 16  256  10  4096  0.3705E-09
 16  256  10  4096  0.3724E-09
 16  256  10  4096  0.3706E-09
 16  256  10  4096  0.3714E-09
 16  256  11  4096  0.3696E-09
 16  256  11  4096  0.3621E-09
 16  256  11  4096  0.3612E-09
 16  256  11  4096  0.3647E-09
 16  256  11  4096  0.3616E-09
 16  256  11  4096  0.3613E-09
 16  256  11  4096  0.3615E-09
 16  256  11  4096  0.3616E-09
 16  256  11  4096  0.3619E-09
 16  256  11  4096  0.3616E-09
 16  256  12  4096  0.3312E-09
 16  256  12  4096  0.3262E-09
 16  256  12  4096  0.3258E-09
 16  256  12  4096  0.3263E-09
 16  256  12  4096  0.3267E-09
 16  256  12  4096  0.3261E-09
 16  256  12  4096  0.3265E-09
 16  256  12  4096  0.3260E-09
 16  256  12  4096  0.3263E-09
 16  256  12  4096  0.3259E-09
 16  256  13  4096  0.3295E-09
 16  256  13  4096  0.3258E-09
 16  256  13  4096  0.3258E-09
 16  256  13  4096  0.3255E-09
 16  256  13  4096  0.3260E-09
 16  256  13  4096  0.3259E-09
 16  256  13  4096  0.3259E-09
 16  256  13  4096  0.3259E-09
 16  256  13  4096  0.3257E-09
 16  256  13  4096  0.3284E-09
 16  256  14  4096  0.3133E-09
 16  256  14  4096  0.3071E-09
 16  256  14  4096  0.3095E-09
 16  256  14  4096  0.3073E-09
 16  256  14  4096  0.3075E-09
 16  256  14  4096  0.3073E-09
 16  256  14  4096  0.3074E-09
 16  256  14  4096  0.3071E-09
 16  256  14  4096  0.3071E-09
 16  256  14  4096  0.3071E-09
 16  256  15  4096  0.3299E-09
 16  256  15  4096  0.3249E-09
 16  256  15  4096  0.3246E-09
 16  256  15  4096  0.3247E-09
 16  256  15  4096  0.3247E-09
 16  256  15  4096  0.3249E-09
 16  256  15  4096  0.3248E-09
 16  256  15  4096  0.3247E-09
 16  256  15  4096  0.3262E-09
 16  256  15  4096  0.3248E-09
 16  256  16  4096  0.3227E-09
 16  256  16  4096  0.3187E-09
 16  256  16  4096  0.3201E-09
 16  256  16  4096  0.3193E-09
 16  256  16  4096  0.3194E-09
 16  256  16  4096  0.3194E-09
 16  256  16  4096  0.3194E-09
 16  256  16  4096  0.3186E-09
 16  256  16  4096  0.3194E-09
 16  256  16  4096  0.3201E-09
 16  256  17  4096  0.3686E-09
 16  256  17  4096  0.3641E-09
 16  256  17  4096  0.3654E-09
 16  256  17  4096  0.3655E-09
 16  256  17  4096  0.3641E-09
 16  256  17  4096  0.3654E-09
 16  256  17  4096  0.3639E-09
 16  256  17  4096  0.3685E-09
 16  256  17  4096  0.3805E-09
 16  256  17  4096  0.3828E-09
 16  256  18  4096  0.3601E-09
 16  256  18  4096  0.3562E-09
 16  256  18  4096  0.3563E-09
 16  256  18  4096  0.3573E-09
 16  256  18  4096  0.3572E-09
 16  256  18  4096  0.3559E-09
 16  256  18  4096  0.3561E-09
 16  256  18  4096  0.3574E-09
 16  256  18  4096  0.3574E-09
 16  256  18  4096  0.3561E-09
 16  256  19  4096  0.3857E-09
 16  256  19  4096  0.3823E-09
 16  256  19  4096  0.3834E-09
 16  256  19  4096  0.3825E-09
 16  256  19  4096  0.3823E-09
 16  256  19  4096  0.3835E-09
 16  256  19  4096  0.3823E-09
 16  256  19  4096  0.3812E-09
 16  256  19  4096  0.3837E-09
 16  256  19  4096  0.3829E-09
 16  256  20  4096  0.3727E-09
 16  256  20  4096  0.3696E-09
 16  256  20  4096  0.3706E-09
 16  256  20  4096  0.3698E-09
 16  256  20  4096  0.3697E-09
 16  256  20  4096  0.3707E-09
 16  256  20  4096  0.3696E-09
 16  256  20  4096  0.3696E-09
 16  256  20  4096  0.3707E-09
 16  256  20  4096  0.3697E-09
