 16  4  3  64  0.7694E-07
 16  4  3  64  0.6558E-07
 16  4  3  64  0.6425E-07
 16  4  3  64  0.6420E-07
 16  4  3  64  0.7621E-07
 16  4  3  64  0.6540E-07
 16  4  3  64  0.6388E-07
 16  4  3  64  0.6287E-07
 16  4  3  64  0.6388E-07
 16  4  3  64  0.6287E-07
 16  4  4  64  0.4214E-07
 16  4  4  64  0.4061E-07
 16  4  4  64  0.4377E-07
 16  4  4  64  0.4012E-07
 16  4  4  64  0.4435E-07
 16  4  4  64  0.4109E-07
 16  4  4  64  0.4061E-07
 16  4  4  64  0.3972E-07
 16  4  4  64  0.4247E-07
 16  4  4  64  0.4012E-07
 16  4  5  64  0.4075E-07
 16  4  5  64  0.3721E-07
 16  4  5  64  0.3566E-07
 16  4  5  64  0.3587E-07
 16  4  5  64  0.3558E-07
 16  4  5  64  0.3579E-07
 16  4  5  64  0.3553E-07
 16  4  5  64  0.3596E-07
 16  4  5  64  0.3771E-07
 16  4  5  64  0.3570E-07
 16  4  6  64  0.1532E-07
 16  4  6  64  0.1526E-07
 16  4  6  64  0.1545E-07
 16  4  6  64  0.1527E-07
 16  4  6  64  0.1526E-07
 16  4  6  64  0.1523E-07
 16  4  6  64  0.1523E-07
 16  4  6  64  0.1521E-07
 16  4  6  64  0.1529E-07
 16  4  6  64  0.1523E-07
 16  4  7  64  0.1473E-07
 16  4  7  64  0.1475E-07
 16  4  7  64  0.1475E-07
 16  4  7  64  0.1470E-07
 16  4  7  64  0.1473E-07
 16  4  7  64  0.1472E-07
 16  4  7  64  0.1472E-07
 16  4  7  64  0.1473E-07
 16  4  7  64  0.1472E-07
 16  4  7  64  0.1472E-07
 16  4  8  64  0.1297E-07
 16  4  8  64  0.1293E-07
 16  4  8  64  0.1294E-07
 16  4  8  64  0.1294E-07
 16  4  8  64  0.1293E-07
 16  4  8  64  0.1293E-07
 16  4  8  64  0.1295E-07
 16  4  8  64  0.1296E-07
 16  4  8  64  0.1295E-07
 16  4  8  64  0.1294E-07
 16  4  9  64  0.1509E-07
 16  4  9  64  0.1508E-07
 16  4  9  64  0.1507E-07
 16  4  9  64  0.1507E-07
 16  4  9  64  0.1506E-07
 16  4  9  64  0.1508E-07
 16  4  9  64  0.1508E-07
 16  4  9  64  0.1506E-07
 16  4  9  64  0.1507E-07
 16  4  9  64  0.1507E-07
 16  4  10  64  0.1591E-07
 16  4  10  64  0.1591E-07
 16  4  10  64  0.1590E-07
 16  4  10  64  0.1589E-07
 16  4  10  64  0.1590E-07
 16  4  10  64  0.1589E-07
 16  4  10  64  0.1589E-07
 16  4  10  64  0.1590E-07
 16  4  10  64  0.1589E-07
 16  4  10  64  0.1590E-07
 16  4  11  64  0.1655E-07
 16  4  11  64  0.1654E-07
 16  4  11  64  0.1654E-07
 16  4  11  64  0.1654E-07
 16  4  11  64  0.1655E-07
 16  4  11  64  0.1656E-07
 16  4  11  64  0.1653E-07
 16  4  11  64  0.1655E-07
 16  4  11  64  0.1654E-07
 16  4  11  64  0.1653E-07
 16  4  12  64  0.1545E-07
 16  4  12  64  0.1545E-07
 16  4  12  64  0.1545E-07
 16  4  12  64  0.1545E-07
 16  4  12  64  0.1545E-07
 16  4  12  64  0.1545E-07
 16  4  12  64  0.1545E-07
 16  4  12  64  0.1579E-07
 16  4  12  64  0.1546E-07
 16  4  12  64  0.1545E-07
 16  4  13  64  0.1607E-07
 16  4  13  64  0.1607E-07
 16  4  13  64  0.1607E-07
 16  4  13  64  0.1607E-07
 16  4  13  64  0.1607E-07
 16  4  13  64  0.1606E-07
 16  4  13  64  0.1608E-07
 16  4  13  64  0.1607E-07
 16  4  13  64  0.1607E-07
 16  4  13  64  0.1608E-07
 16  4  14  64  0.1540E-07
 16  4  14  64  0.1539E-07
 16  4  14  64  0.1540E-07
 16  4  14  64  0.1540E-07
 16  4  14  64  0.1540E-07
 16  4  14  64  0.1540E-07
 16  4  14  64  0.1540E-07
 16  4  14  64  0.1540E-07
 16  4  14  64  0.1540E-07
 16  4  14  64  0.1540E-07
 16  4  15  64  0.1686E-07
 16  4  15  64  0.1685E-07
 16  4  15  64  0.1687E-07
 16  4  15  64  0.1686E-07
 16  4  15  64  0.1686E-07
 16  4  15  64  0.1686E-07
 16  4  15  64  0.1686E-07
 16  4  15  64  0.1686E-07
 16  4  15  64  0.1685E-07
 16  4  15  64  0.1686E-07
 16  4  15  64  0.1691E-07
 16  4  15  64  0.1691E-07
 16  4  15  64  0.1692E-07
 16  4  15  64  0.1690E-07
 16  4  15  64  0.1690E-07
 16  4  15  64  0.1691E-07
 16  4  15  64  0.1690E-07
 16  4  15  64  0.1690E-07
 16  4  15  64  0.1691E-07
 16  4  15  64  0.1691E-07
 16  4  16  64  0.1683E-07
 16  4  16  64  0.1683E-07
 16  4  16  64  0.1684E-07
 16  4  16  64  0.1683E-07
 16  4  16  64  0.1683E-07
 16  4  16  64  0.1684E-07
 16  4  16  64  0.1683E-07
 16  4  16  64  0.1683E-07
 16  4  16  64  0.1684E-07
 16  4  16  64  0.1683E-07
 16  4  17  64  0.1995E-07
 16  4  17  64  0.1995E-07
 16  4  17  64  0.1994E-07
 16  4  17  64  0.1994E-07
 16  4  17  64  0.1995E-07
 16  4  17  64  0.1995E-07
 16  4  17  64  0.1995E-07
 16  4  17  64  0.1995E-07
 16  4  17  64  0.1995E-07
 16  4  17  64  0.1994E-07
 16  4  18  64  0.1968E-07
 16  4  18  64  0.1968E-07
 16  4  18  64  0.1968E-07
 16  4  18  64  0.1968E-07
 16  4  18  64  0.1968E-07
 16  4  18  64  0.1968E-07
 16  4  18  64  0.1968E-07
 16  4  18  64  0.1968E-07
 16  4  18  64  0.1968E-07
 16  4  18  64  0.1968E-07
 16  4  19  64  0.2116E-07
 16  4  19  64  0.2116E-07
 16  4  19  64  0.2116E-07
 16  4  19  64  0.2116E-07
 16  4  19  64  0.2116E-07
 16  4  19  64  0.2116E-07
 16  4  19  64  0.2116E-07
 16  4  19  64  0.2116E-07
 16  4  19  64  0.2116E-07
 16  4  19  64  0.2116E-07
 16  4  20  64  0.2089E-07
 16  4  20  64  0.2089E-07
 16  4  20  64  0.2089E-07
 16  4  20  64  0.2089E-07
 16  4  20  64  0.2089E-07
 16  4  20  64  0.2089E-07
 16  4  20  64  0.2089E-07
 16  4  20  64  0.2089E-07
 16  4  20  64  0.2089E-07
 16  4  20  64  0.2089E-07
