 16  2  3  32  0.6056E-07
 16  2  3  32  0.6030E-07
 16  2  3  32  0.6080E-07
 16  2  3  32  0.6052E-07
 16  2  3  32  0.5946E-07
 16  2  3  32  0.5972E-07
 16  2  3  32  0.5912E-07
 16  2  3  32  0.5938E-07
 16  2  3  32  0.5940E-07
 16  2  3  32  0.5935E-07
 16  2  4  32  0.3736E-07
 16  2  4  32  0.3703E-07
 16  2  4  32  0.3671E-07
 16  2  4  32  0.3655E-07
 16  2  4  32  0.3657E-07
 16  2  4  32  0.3666E-07
 16  2  4  32  0.3650E-07
 16  2  4  32  0.3655E-07
 16  2  4  32  0.3685E-07
 16  2  4  32  0.3644E-07
 16  2  5  32  0.3489E-07
 16  2  5  32  0.3449E-07
 16  2  5  32  0.3433E-07
 16  2  5  32  0.3443E-07
 16  2  5  32  0.3449E-07
 16  2  5  32  0.3432E-07
 16  2  5  32  0.3439E-07
 16  2  5  32  0.3446E-07
 16  2  5  32  0.3406E-07
 16  2  5  32  0.3405E-07
 16  2  6  32  0.3395E-07
 16  2  6  32  0.3374E-07
 16  2  6  32  0.3369E-07
 16  2  6  32  0.3377E-07
 16  2  6  32  0.3387E-07
 16  2  6  32  0.3373E-07
 16  2  6  32  0.3374E-07
 16  2  6  32  0.3379E-07
 16  2  6  32  0.3375E-07
 16  2  6  32  0.3373E-07
 16  2  7  32  0.3474E-07
 16  2  7  32  0.3455E-07
 16  2  7  32  0.3443E-07
 16  2  7  32  0.3435E-07
 16  2  7  32  0.3432E-07
 16  2  7  32  0.3441E-07
 16  2  7  32  0.3439E-07
 16  2  7  32  0.3442E-07
 16  2  7  32  0.3438E-07
 16  2  7  32  0.3443E-07
 16  2  8  32  0.3022E-07
 16  2  8  32  0.3015E-07
 16  2  8  32  0.3016E-07
 16  2  8  32  0.2996E-07
 16  2  8  32  0.2996E-07
 16  2  8  32  0.3001E-07
 16  2  8  32  0.2994E-07
 16  2  8  32  0.2995E-07
 16  2  8  32  0.2995E-07
 16  2  8  32  0.2994E-07
 16  2  9  32  0.3479E-07
 16  2  9  32  0.3465E-07
 16  2  9  32  0.3467E-07
 16  2  9  32  0.3468E-07
 16  2  9  32  0.3465E-07
 16  2  9  32  0.3468E-07
 16  2  9  32  0.3465E-07
 16  2  9  32  0.3467E-07
 16  2  9  32  0.3468E-07
 16  2  9  32  0.3465E-07
 16  2  10  32  0.3668E-07
 16  2  10  32  0.3660E-07
 16  2  10  32  0.3656E-07
 16  2  10  32  0.3662E-07
 16  2  10  32  0.3657E-07
 16  2  10  32  0.3659E-07
 16  2  10  32  0.3660E-07
 16  2  10  32  0.3656E-07
 16  2  10  32  0.3660E-07
 16  2  10  32  0.3657E-07
 16  2  11  32  0.3780E-07
 16  2  11  32  0.3771E-07
 16  2  11  32  0.3775E-07
 16  2  11  32  0.3770E-07
 16  2  11  32  0.3774E-07
 16  2  11  32  0.3771E-07
 16  2  11  32  0.3772E-07
 16  2  11  32  0.3772E-07
 16  2  11  32  0.3771E-07
 16  2  11  32  0.3777E-07
 16  2  12  32  0.3530E-07
 16  2  12  32  0.3527E-07
 16  2  12  32  0.3528E-07
 16  2  12  32  0.3523E-07
 16  2  12  32  0.3529E-07
 16  2  12  32  0.3524E-07
 16  2  12  32  0.3529E-07
 16  2  12  32  0.3528E-07
 16  2  12  32  0.3526E-07
 16  2  12  32  0.3527E-07
 16  2  13  32  0.3657E-07
 16  2  13  32  0.3652E-07
 16  2  13  32  0.3651E-07
 16  2  13  32  0.3652E-07
 16  2  13  32  0.3651E-07
 16  2  13  32  0.3649E-07
 16  2  13  32  0.3650E-07
 16  2  13  32  0.3652E-07
 16  2  13  32  0.3702E-07
 16  2  13  32  0.3650E-07
 16  2  14  32  0.3496E-07
 16  2  14  32  0.3494E-07
 16  2  14  32  0.3495E-07
 16  2  14  32  0.3491E-07
 16  2  14  32  0.3495E-07
 16  2  14  32  0.3492E-07
 16  2  14  32  0.3494E-07
 16  2  14  32  0.3492E-07
 16  2  14  32  0.3494E-07
 16  2  14  32  0.3493E-07
 16  2  15  32  0.3721E-07
 16  2  15  32  0.3722E-07
 16  2  15  32  0.3720E-07
 16  2  15  32  0.3718E-07
 16  2  15  32  0.3721E-07
 16  2  15  32  0.3721E-07
 16  2  15  32  0.3721E-07
 16  2  15  32  0.3722E-07
 16  2  15  32  0.3721E-07
 16  2  15  32  0.3719E-07
 16  2  16  32  0.3587E-07
 16  2  16  32  0.3584E-07
 16  2  16  32  0.3585E-07
 16  2  16  32  0.3610E-07
 16  2  16  32  0.3586E-07
 16  2  16  32  0.3584E-07
 16  2  16  32  0.3584E-07
 16  2  16  32  0.3584E-07
 16  2  16  32  0.3584E-07
 16  2  16  32  0.3586E-07
 16  2  18  32  0.4295E-07
 16  2  18  32  0.4315E-07
 16  2  18  32  0.4294E-07
 16  2  18  32  0.4294E-07
 16  2  18  32  0.4296E-07
 16  2  18  32  0.4315E-07
 16  2  18  32  0.4297E-07
 16  2  18  32  0.4295E-07
 16  2  18  32  0.4296E-07
 16  2  18  32  0.4316E-07
 16  2  19  32  0.4440E-07
 16  2  19  32  0.4440E-07
 16  2  19  32  0.4441E-07
 16  2  19  32  0.4440E-07
 16  2  19  32  0.4440E-07
 16  2  19  32  0.4439E-07
 16  2  19  32  0.4440E-07
 16  2  19  32  0.4439E-07
 16  2  19  32  0.4439E-07
 16  2  19  32  0.4441E-07
 16  2  20  32  0.4354E-07
 16  2  20  32  0.4355E-07
 16  2  20  32  0.4355E-07
 16  2  20  32  0.4354E-07
 16  2  20  32  0.4355E-07
 16  2  20  32  0.4354E-07
 16  2  20  32  0.4355E-07
 16  2  20  32  0.4354E-07
 16  2  20  32  0.4355E-07
 16  2  20  32  0.4353E-07
