 16  32  3  512  0.6847E-08
 16  32  3  512  0.6568E-08
 16  32  3  512  0.6594E-08
 16  32  3  512  0.6468E-08
 16  32  3  512  0.6499E-08
 16  32  3  512  0.6486E-08
 16  32  3  512  0.6486E-08
 16  32  3  512  0.6470E-08
 16  32  3  512  0.6441E-08
 16  32  3  512  0.6525E-08
 16  32  4  512  0.4158E-08
 16  32  4  512  0.3818E-08
 16  32  4  512  0.3816E-08
 16  32  4  512  0.3821E-08
 16  32  4  512  0.3797E-08
 16  32  4  512  0.3802E-08
 16  32  4  512  0.3784E-08
 16  32  4  512  0.3830E-08
 16  32  4  512  0.3793E-08
 16  32  4  512  0.3828E-08
 16  32  5  512  0.3742E-08
 16  32  5  512  0.3630E-08
 16  32  5  512  0.3608E-08
 16  32  5  512  0.3611E-08
 16  32  5  512  0.3635E-08
 16  32  5  512  0.3617E-08
 16  32  5  512  0.3610E-08
 16  32  5  512  0.3625E-08
 16  32  5  512  0.3635E-08
 16  32  5  512  0.3639E-08
 16  32  6  512  0.3676E-08
 16  32  6  512  0.3623E-08
 16  32  6  512  0.3624E-08
 16  32  6  512  0.3612E-08
 16  32  6  512  0.3618E-08
 16  32  6  512  0.3615E-08
 16  32  6  512  0.3604E-08
 16  32  6  512  0.3607E-08
 16  32  6  512  0.3610E-08
 16  32  6  512  0.3603E-08
 16  32  7  512  0.3030E-08
 16  32  7  512  0.2989E-08
 16  32  7  512  0.2986E-08
 16  32  7  512  0.2988E-08
 16  32  7  512  0.2993E-08
 16  32  7  512  0.2991E-08
 16  32  7  512  0.2989E-08
 16  32  7  512  0.2989E-08
 16  32  7  512  0.2983E-08
 16  32  7  512  0.2985E-08
 16  32  8  512  0.2504E-08
 16  32  8  512  0.2500E-08
 16  32  8  512  0.2487E-08
 16  32  8  512  0.2484E-08
 16  32  8  512  0.2486E-08
 16  32  8  512  0.2492E-08
 16  32  8  512  0.2496E-08
 16  32  8  512  0.2489E-08
 16  32  8  512  0.2483E-08
 16  32  8  512  0.2484E-08
 16  32  9  512  0.2693E-08
 16  32  9  512  0.2674E-08
 16  32  9  512  0.2671E-08
 16  32  9  512  0.2676E-08
 16  32  9  512  0.2666E-08
 16  32  9  512  0.2673E-08
 16  32  9  512  0.2674E-08
 16  32  9  512  0.2671E-08
 16  32  9  512  0.2675E-08
 16  32  9  512  0.2671E-08
 16  32  10  512  0.2705E-08
 16  32  10  512  0.2705E-08
 16  32  10  512  0.2693E-08
 16  32  10  512  0.2700E-08
 16  32  10  512  0.2696E-08
 16  32  10  512  0.2698E-08
 16  32  10  512  0.2702E-08
 16  32  10  512  0.2691E-08
 16  32  10  512  0.2704E-08
 16  32  10  512  0.2693E-08
 16  32  11  512  0.2718E-08
 16  32  11  512  0.2709E-08
 16  32  11  512  0.2709E-08
 16  32  11  512  0.2710E-08
 16  32  11  512  0.2707E-08
 16  32  11  512  0.2709E-08
 16  32  11  512  0.2711E-08
 16  32  11  512  0.2706E-08
 16  32  11  512  0.2711E-08
 16  32  11  512  0.2713E-08
 16  32  12  512  0.2523E-08
 16  32  12  512  0.2517E-08
 16  32  12  512  0.2516E-08
 16  32  12  512  0.2524E-08
 16  32  12  512  0.2516E-08
 16  32  12  512  0.2517E-08
 16  32  12  512  0.2519E-08
 16  32  12  512  0.2517E-08
 16  32  12  512  0.2518E-08
 16  32  12  512  0.2517E-08
 16  32  13  512  0.2577E-08
 16  32  13  512  0.2571E-08
 16  32  13  512  0.2568E-08
 16  32  13  512  0.2571E-08
 16  32  13  512  0.2569E-08
 16  32  13  512  0.2570E-08
 16  32  13  512  0.2570E-08
 16  32  13  512  0.2569E-08
 16  32  13  512  0.2569E-08
 16  32  13  512  0.2569E-08
 16  32  14  512  0.2439E-08
 16  32  14  512  0.2434E-08
 16  32  14  512  0.2432E-08
 16  32  14  512  0.2434E-08
 16  32  14  512  0.2432E-08
 16  32  14  512  0.2436E-08
 16  32  14  512  0.2432E-08
 16  32  14  512  0.2432E-08
 16  32  14  512  0.2433E-08
 16  32  14  512  0.2434E-08
 16  32  15  512  0.2598E-08
 16  32  15  512  0.2595E-08
 16  32  15  512  0.2592E-08
 16  32  15  512  0.2597E-08
 16  32  15  512  0.2592E-08
 16  32  15  512  0.2596E-08
 16  32  15  512  0.2598E-08
 16  32  15  512  0.2594E-08
 16  32  15  512  0.2595E-08
 16  32  15  512  0.2594E-08
 16  32  16  512  0.2480E-08
 16  32  16  512  0.2476E-08
 16  32  16  512  0.2477E-08
 16  32  16  512  0.2477E-08
 16  32  16  512  0.2476E-08
 16  32  16  512  0.2478E-08
 16  32  16  512  0.2476E-08
 16  32  16  512  0.2477E-08
 16  32  16  512  0.2476E-08
 16  32  16  512  0.2477E-08
 16  32  18  512  0.2918E-08
 16  32  18  512  0.2915E-08
 16  32  18  512  0.2914E-08
 16  32  18  512  0.2915E-08
 16  32  18  512  0.2914E-08
 16  32  18  512  0.2915E-08
 16  32  18  512  0.2913E-08
 16  32  18  512  0.2914E-08
 16  32  18  512  0.2914E-08
 16  32  18  512  0.2914E-08
 16  32  19  512  0.3015E-08
 16  32  19  512  0.3013E-08
 16  32  19  512  0.3013E-08
 16  32  19  512  0.3013E-08
 16  32  19  512  0.3013E-08
 16  32  19  512  0.3014E-08
 16  32  19  512  0.3013E-08
 16  32  19  512  0.3014E-08
 16  32  19  512  0.3013E-08
 16  32  19  512  0.3012E-08
 16  32  20  512  0.2909E-08
 16  32  20  512  0.2908E-08
 16  32  20  512  0.2908E-08
 16  32  20  512  0.2907E-08
 16  32  20  512  0.2909E-08
 16  32  20  512  0.2908E-08
 16  32  20  512  0.2907E-08
 16  32  20  512  0.2908E-08
 16  32  20  512  0.2907E-08
 16  32  20  512  0.2908E-08
