 16  512  3  8192  0.2026E-08
 16  512  3  8192  0.1899E-08
 16  512  3  8192  0.1910E-08
 16  512  3  8192  0.1887E-08
 16  512  3  8192  0.1901E-08
 16  512  3  8192  0.1874E-08
 16  512  3  8192  0.1912E-08
 16  512  3  8192  0.1895E-08
 16  512  3  8192  0.1888E-08
 16  512  3  8192  0.1887E-08
 16  512  4  8192  0.9767E-09
 16  512  4  8192  0.9292E-09
 16  512  4  8192  0.9252E-09
 16  512  4  8192  0.9293E-09
 16  512  4  8192  0.9339E-09
 16  512  4  8192  0.9103E-09
 16  512  4  8192  0.9098E-09
 16  512  4  8192  0.9144E-09
 16  512  4  8192  0.9181E-09
 16  512  4  8192  0.9213E-09
 16  512  5  8192  0.6677E-09
 16  512  5  8192  0.6500E-09
 16  512  5  8192  0.6430E-09
 16  512  5  8192  0.6372E-09
 16  512  5  8192  0.6411E-09
 16  512  5  8192  0.6437E-09
 16  512  5  8192  0.6480E-09
 16  512  5  8192  0.6475E-09
 16  512  5  8192  0.6386E-09
 16  512  5  8192  0.6443E-09
 16  512  6  8192  0.5256E-09
 16  512  6  8192  0.5132E-09
 16  512  6  8192  0.5118E-09
 16  512  6  8192  0.5146E-09
 16  512  6  8192  0.5137E-09
 16  512  6  8192  0.5128E-09
 16  512  6  8192  0.5136E-09
 16  512  6  8192  0.5120E-09
 16  512  6  8192  0.5144E-09
 16  512  6  8192  0.5134E-09
 16  512  7  8192  0.4666E-09
 16  512  7  8192  0.4241E-09
 16  512  7  8192  0.4229E-09
 16  512  7  8192  0.4242E-09
 16  512  7  8192  0.4253E-09
 16  512  7  8192  0.4222E-09
 16  512  7  8192  0.4235E-09
 16  512  7  8192  0.4249E-09
 16  512  7  8192  0.4255E-09
 16  512  7  8192  0.4253E-09
 16  512  8  8192  0.3490E-09
 16  512  8  8192  0.3447E-09
 16  512  8  8192  0.3436E-09
 16  512  8  8192  0.3443E-09
 16  512  8  8192  0.3434E-09
 16  512  8  8192  0.3438E-09
 16  512  8  8192  0.3445E-09
 16  512  8  8192  0.3428E-09
 16  512  8  8192  0.3445E-09
 16  512  8  8192  0.3436E-09
 16  512  9  8192  0.3075E-09
 16  512  9  8192  0.3047E-09
 16  512  9  8192  0.3027E-09
 16  512  9  8192  0.3030E-09
 16  512  9  8192  0.3029E-09
 16  512  9  8192  0.3045E-09
 16  512  9  8192  0.3027E-09
 16  512  9  8192  0.3043E-09
 16  512  9  8192  0.3038E-09
 16  512  9  8192  0.3041E-09
 16  512  10  8192  0.2776E-09
 16  512  10  8192  0.2767E-09
 16  512  10  8192  0.2770E-09
 16  512  10  8192  0.2759E-09
 16  512  10  8192  0.2760E-09
 16  512  10  8192  0.2769E-09
 16  512  10  8192  0.2752E-09
 16  512  10  8192  0.2754E-09
 16  512  10  8192  0.2762E-09
 16  512  10  8192  0.2746E-09
 16  512  11  8192  0.2622E-09
 16  512  11  8192  0.2614E-09
 16  512  11  8192  0.2617E-09
 16  512  11  8192  0.2617E-09
 16  512  11  8192  0.2613E-09
 16  512  11  8192  0.2613E-09
 16  512  11  8192  0.2617E-09
 16  512  11  8192  0.2618E-09
 16  512  11  8192  0.2612E-09
 16  512  11  8192  0.2613E-09
 16  512  12  8192  0.2397E-09
 16  512  12  8192  0.2385E-09
 16  512  12  8192  0.2391E-09
 16  512  12  8192  0.2390E-09
 16  512  12  8192  0.2392E-09
 16  512  12  8192  0.2401E-09
 16  512  12  8192  0.2403E-09
 16  512  12  8192  0.2404E-09
 16  512  12  8192  0.2396E-09
 16  512  12  8192  0.2398E-09
