 16  8  3  128  0.1640E-07
 16  8  3  128  0.1585E-07
 16  8  3  128  0.3955E-07
 16  8  3  128  0.4330E-07
 16  8  3  128  0.4043E-07
 16  8  3  128  0.4100E-07
 16  8  3  128  0.4369E-07
 16  8  3  128  0.4070E-07
 16  8  3  128  0.3935E-07
 16  8  3  128  0.3907E-07
 16  8  4  128  0.1218E-07
 16  8  4  128  0.1100E-07
 16  8  4  128  0.1095E-07
 16  8  4  128  0.1098E-07
 16  8  4  128  0.1712E-07
 16  8  4  128  0.1647E-07
 16  8  4  128  0.1925E-07
 16  8  4  128  0.1676E-07
 16  8  4  128  0.1623E-07
 16  8  4  128  0.1656E-07
 16  8  5  128  0.1239E-07
 16  8  5  128  0.1188E-07
 16  8  5  128  0.1183E-07
 16  8  5  128  0.1181E-07
 16  8  5  128  0.1191E-07
 16  8  5  128  0.1193E-07
 16  8  5  128  0.2073E-07
 16  8  5  128  0.2002E-07
 16  8  5  128  0.2010E-07
 16  8  5  128  0.2015E-07
 16  8  6  128  0.9943E-08
 16  8  6  128  0.9805E-08
 16  8  6  128  0.9783E-08
 16  8  6  128  0.9833E-08
 16  8  6  128  0.9774E-08
 16  8  6  128  0.9758E-08
 16  8  6  128  0.9790E-08
 16  8  6  128  0.9846E-08
 16  8  6  128  0.1036E-07
 16  8  6  128  0.1618E-07
 16  8  7  128  0.8090E-08
 16  8  7  128  0.8029E-08
 16  8  7  128  0.7998E-08
 16  8  7  128  0.7999E-08
 16  8  7  128  0.8001E-08
 16  8  7  128  0.8024E-08
 16  8  7  128  0.8016E-08
 16  8  7  128  0.7996E-08
 16  8  7  128  0.8024E-08
 16  8  7  128  0.7994E-08
 16  8  8  128  0.7371E-08
 16  8  8  128  0.7205E-08
 16  8  8  128  0.7205E-08
 16  8  8  128  0.7220E-08
 16  8  8  128  0.7385E-08
 16  8  8  128  0.7546E-08
 16  8  8  128  0.7231E-08
 16  8  8  128  0.7196E-08
 16  8  8  128  0.7185E-08
 16  8  8  128  0.7209E-08
 16  8  9  128  0.8319E-08
 16  8  9  128  0.8242E-08
 16  8  9  128  0.8219E-08
 16  8  9  128  0.8212E-08
 16  8  9  128  0.8210E-08
 16  8  9  128  0.8220E-08
 16  8  9  128  0.8203E-08
 16  8  9  128  0.8207E-08
 16  8  9  128  0.8204E-08
 16  8  9  128  0.8217E-08
 16  8  10  128  0.8668E-08
 16  8  10  128  0.8594E-08
 16  8  10  128  0.8588E-08
 16  8  10  128  0.8580E-08
 16  8  10  128  0.8604E-08
 16  8  10  128  0.8583E-08
 16  8  10  128  0.8582E-08
 16  8  10  128  0.8578E-08
 16  8  10  128  0.8593E-08
 16  8  10  128  0.8588E-08
 16  8  11  128  0.8951E-08
 16  8  11  128  0.8868E-08
 16  8  11  128  0.8872E-08
 16  8  11  128  0.8872E-08
 16  8  11  128  0.8866E-08
 16  8  11  128  0.8864E-08
 16  8  11  128  0.8862E-08
 16  8  11  128  0.8872E-08
 16  8  11  128  0.8877E-08
 16  8  11  128  0.8865E-08
 16  8  12  128  0.8272E-08
 16  8  12  128  0.8222E-08
 16  8  12  128  0.8210E-08
 16  8  12  128  0.8212E-08
 16  8  12  128  0.8208E-08
 16  8  12  128  0.8212E-08
 16  8  12  128  0.8215E-08
 16  8  12  128  0.8373E-08
 16  8  12  128  0.8214E-08
 16  8  12  128  0.8218E-08
 16  8  13  128  0.8541E-08
 16  8  13  128  0.8506E-08
 16  8  13  128  0.8500E-08
 16  8  13  128  0.8501E-08
 16  8  13  128  0.8496E-08
 16  8  13  128  0.8495E-08
 16  8  13  128  0.8496E-08
 16  8  13  128  0.8501E-08
 16  8  13  128  0.8497E-08
 16  8  13  128  0.8497E-08
 16  8  14  128  0.8193E-08
 16  8  14  128  0.8270E-08
 16  8  14  128  0.8165E-08
 16  8  14  128  0.8162E-08
 16  8  14  128  0.8159E-08
 16  8  14  128  0.8161E-08
 16  8  14  128  0.8162E-08
 16  8  14  128  0.8163E-08
 16  8  14  128  0.8164E-08
 16  8  14  128  0.8163E-08
 16  8  15  128  0.8881E-08
 16  8  15  128  0.8851E-08
 16  8  15  128  0.8849E-08
 16  8  15  128  0.8852E-08
 16  8  15  128  0.8851E-08
 16  8  15  128  0.8850E-08
 16  8  15  128  0.8848E-08
 16  8  15  128  0.8850E-08
 16  8  15  128  0.8855E-08
 16  8  15  128  0.8849E-08
 16  8  16  128  0.8839E-08
 16  8  16  128  0.8814E-08
 16  8  16  128  0.8811E-08
 16  8  16  128  0.8804E-08
 16  8  16  128  0.8807E-08
 16  8  16  128  0.8805E-08
 16  8  16  128  0.8810E-08
 16  8  16  128  0.8805E-08
 16  8  16  128  0.8809E-08
 16  8  16  128  0.8809E-08
 16  8  17  128  0.1040E-07
 16  8  17  128  0.1037E-07
 16  8  17  128  0.1037E-07
 16  8  17  128  0.1037E-07
 16  8  17  128  0.1037E-07
 16  8  17  128  0.1037E-07
 16  8  17  128  0.1037E-07
 16  8  17  128  0.1037E-07
 16  8  17  128  0.1037E-07
 16  8  17  128  0.1037E-07
 16  8  18  128  0.1021E-07
 16  8  18  128  0.1019E-07
 16  8  18  128  0.1019E-07
 16  8  18  128  0.1018E-07
 16  8  18  128  0.1019E-07
 16  8  18  128  0.1018E-07
 16  8  18  128  0.1018E-07
 16  8  18  128  0.1018E-07
 16  8  18  128  0.1019E-07
 16  8  18  128  0.1018E-07
 16  8  19  128  0.1103E-07
 16  8  19  128  0.1100E-07
 16  8  19  128  0.1100E-07
 16  8  19  128  0.1100E-07
 16  8  19  128  0.1100E-07
 16  8  19  128  0.1100E-07
 16  8  19  128  0.1100E-07
 16  8  19  128  0.1100E-07
 16  8  19  128  0.1100E-07
 16  8  19  128  0.1100E-07
 16  8  20  128  0.1080E-07
 16  8  20  128  0.1078E-07
 16  8  20  128  0.1078E-07
 16  8  20  128  0.1078E-07
 16  8  20  128  0.1078E-07
 16  8  20  128  0.1078E-07
 16  8  20  128  0.1078E-07
 16  8  20  128  0.1078E-07
 16  8  20  128  0.1078E-07
 16  8  20  128  0.1078E-07
