 16  256  3  4096  0.4964E-08
 16  256  3  4096  0.2685E-08
 16  256  3  4096  0.2563E-08
 16  256  3  4096  0.3192E-08
 16  256  3  4096  0.2538E-08
 16  256  3  4096  0.2685E-08
 16  256  3  4096  0.2535E-08
 16  256  3  4096  0.2472E-08
 16  256  3  4096  0.1789E-08
 16  256  3  4096  0.2797E-08
 16  256  4  4096  0.5331E-09
 16  256  4  4096  0.5111E-09
 16  256  4  4096  0.5105E-09
 16  256  4  4096  0.5165E-09
 16  256  4  4096  0.5250E-09
 16  256  4  4096  0.5066E-09
 16  256  4  4096  0.5118E-09
 16  256  4  4096  0.5156E-09
 16  256  4  4096  0.5081E-09
 16  256  4  4096  0.5128E-09
 16  256  5  4096  0.4574E-09
 16  256  5  4096  0.4553E-09
 16  256  5  4096  0.4506E-09
 16  256  5  4096  0.4520E-09
 16  256  5  4096  0.4484E-09
 16  256  5  4096  0.4453E-09
 16  256  5  4096  0.4466E-09
 16  256  5  4096  0.4525E-09
 16  256  5  4096  0.4508E-09
 16  256  5  4096  0.4496E-09
 16  256  6  4096  0.3891E-09
 16  256  6  4096  0.3798E-09
 16  256  6  4096  0.3803E-09
 16  256  6  4096  0.3841E-09
 16  256  6  4096  0.3818E-09
 16  256  6  4096  0.3844E-09
 16  256  6  4096  0.3803E-09
 16  256  6  4096  0.3833E-09
 16  256  6  4096  0.3812E-09
 16  256  6  4096  0.3809E-09
 16  256  7  4096  0.3447E-09
 16  256  7  4096  0.3416E-09
 16  256  7  4096  0.3422E-09
 16  256  7  4096  0.3436E-09
 16  256  7  4096  0.3419E-09
 16  256  7  4096  0.3418E-09
 16  256  7  4096  0.3414E-09
 16  256  7  4096  0.3409E-09
 16  256  7  4096  0.3433E-09
 16  256  7  4096  0.3430E-09
 16  256  8  4096  0.2895E-09
 16  256  8  4096  0.2875E-09
 16  256  8  4096  0.2856E-09
 16  256  8  4096  0.2865E-09
 16  256  8  4096  0.2856E-09
 16  256  8  4096  0.2857E-09
 16  256  8  4096  0.2851E-09
 16  256  8  4096  0.2894E-09
 16  256  8  4096  0.2877E-09
 16  256  8  4096  0.2846E-09
 16  256  9  4096  0.2950E-09
 16  256  9  4096  0.2913E-09
 16  256  9  4096  0.2910E-09
 16  256  9  4096  0.2916E-09
 16  256  9  4096  0.2919E-09
 16  256  9  4096  0.3018E-09
 16  256  9  4096  0.2912E-09
 16  256  9  4096  0.2911E-09
 16  256  9  4096  0.2932E-09
 16  256  9  4096  0.2915E-09
 16  256  10  4096  0.2864E-09
 16  256  10  4096  0.2841E-09
 16  256  10  4096  0.2845E-09
 16  256  10  4096  0.2846E-09
 16  256  10  4096  0.2850E-09
 16  256  10  4096  0.2846E-09
 16  256  10  4096  0.2845E-09
 16  256  10  4096  0.2846E-09
 16  256  10  4096  0.2852E-09
 16  256  10  4096  0.2838E-09
 16  256  11  4096  0.2846E-09
 16  256  11  4096  0.2835E-09
 16  256  11  4096  0.2830E-09
 16  256  11  4096  0.2833E-09
 16  256  11  4096  0.2829E-09
 16  256  11  4096  0.2830E-09
 16  256  11  4096  0.2831E-09
 16  256  11  4096  0.2829E-09
 16  256  11  4096  0.2839E-09
 16  256  11  4096  0.2878E-09
 16  256  12  4096  0.2567E-09
 16  256  12  4096  0.2598E-09
 16  256  12  4096  0.2559E-09
 16  256  12  4096  0.2558E-09
 16  256  12  4096  0.2560E-09
 16  256  12  4096  0.2559E-09
 16  256  12  4096  0.2560E-09
 16  256  12  4096  0.2556E-09
 16  256  12  4096  0.2562E-09
 16  256  12  4096  0.2562E-09
 16  256  13  4096  0.2633E-09
 16  256  13  4096  0.2623E-09
 16  256  13  4096  0.2622E-09
 16  256  13  4096  0.2625E-09
 16  256  13  4096  0.2624E-09
 16  256  13  4096  0.2620E-09
 16  256  13  4096  0.2624E-09
 16  256  13  4096  0.2623E-09
 16  256  13  4096  0.2624E-09
 16  256  13  4096  0.2622E-09
 16  256  14  4096  0.2503E-09
 16  256  14  4096  0.2467E-09
 16  256  14  4096  0.2499E-09
 16  256  14  4096  0.2468E-09
 16  256  14  4096  0.2468E-09
 16  256  14  4096  0.2469E-09
 16  256  14  4096  0.2471E-09
 16  256  14  4096  0.2468E-09
 16  256  14  4096  0.2470E-09
 16  256  14  4096  0.2471E-09
 16  256  15  4096  0.2710E-09
 16  256  15  4096  0.2704E-09
 16  256  15  4096  0.2704E-09
 16  256  15  4096  0.2705E-09
 16  256  15  4096  0.2706E-09
 16  256  15  4096  0.2705E-09
 16  256  15  4096  0.2726E-09
 16  256  15  4096  0.2703E-09
 16  256  15  4096  0.2708E-09
 16  256  15  4096  0.2706E-09
 16  256  16  4096  0.2673E-09
 16  256  16  4096  0.2666E-09
 16  256  16  4096  0.2666E-09
 16  256  16  4096  0.2664E-09
 16  256  16  4096  0.2666E-09
 16  256  16  4096  0.2666E-09
 16  256  16  4096  0.2682E-09
 16  256  16  4096  0.2668E-09
 16  256  16  4096  0.2667E-09
 16  256  16  4096  0.2668E-09
 16  256  17  4096  0.3372E-09
 16  256  17  4096  0.3377E-09
 16  256  17  4096  0.3373E-09
 16  256  17  4096  0.3366E-09
 16  256  17  4096  0.3369E-09
 16  256  17  4096  0.3363E-09
 16  256  17  4096  0.3380E-09
 16  256  17  4096  0.3377E-09
 16  256  17  4096  0.3368E-09
 16  256  17  4096  0.3376E-09
 16  256  18  4096  0.3107E-09
 16  256  18  4096  0.3120E-09
 16  256  18  4096  0.3119E-09
 16  256  18  4096  0.3106E-09
 16  256  18  4096  0.3105E-09
 16  256  18  4096  0.3104E-09
 16  256  18  4096  0.3119E-09
 16  256  18  4096  0.3119E-09
 16  256  18  4096  0.3107E-09
 16  256  18  4096  0.3106E-09
 16  256  19  4096  0.3351E-09
 16  256  19  4096  0.3371E-09
 16  256  19  4096  0.3361E-09
 16  256  19  4096  0.3358E-09
 16  256  19  4096  0.3359E-09
 16  256  19  4096  0.3371E-09
 16  256  19  4096  0.3360E-09
 16  256  19  4096  0.3348E-09
 16  256  19  4096  0.3371E-09
 16  256  19  4096  0.3360E-09
 16  256  20  4096  0.3291E-09
 16  256  20  4096  0.3298E-09
 16  256  20  4096  0.3288E-09
 16  256  20  4096  0.3289E-09
 16  256  20  4096  0.3300E-09
 16  256  20  4096  0.3290E-09
 16  256  20  4096  0.3289E-09
 16  256  20  4096  0.3298E-09
 16  256  20  4096  0.3288E-09
 16  256  20  4096  0.3288E-09
