 16  4  3  64  0.6807E-07
 16  4  3  64  0.6425E-07
 16  4  3  64  0.6425E-07
 16  4  3  64  0.6269E-07
 16  4  3  64  0.6232E-07
 16  4  3  64  0.6866E-07
 16  4  3  64  0.6154E-07
 16  4  3  64  0.6112E-07
 16  4  3  64  0.6135E-07
 16  4  3  64  0.6250E-07
 16  4  4  64  0.4076E-07
 16  4  4  64  0.3979E-07
 16  4  4  64  0.3832E-07
 16  4  4  64  0.3939E-07
 16  4  4  64  0.3832E-07
 16  4  4  64  0.3867E-07
 16  4  4  64  0.4092E-07
 16  4  4  64  0.3882E-07
 16  4  4  64  0.3816E-07
 16  4  4  64  0.3776E-07
 16  4  5  64  0.3896E-07
 16  4  5  64  0.3437E-07
 16  4  5  64  0.3433E-07
 16  4  5  64  0.3574E-07
 16  4  5  64  0.3483E-07
 16  4  5  64  0.3504E-07
 16  4  5  64  0.3459E-07
 16  4  5  64  0.3575E-07
 16  4  5  64  0.3450E-07
 16  4  5  64  0.3450E-07
 16  4  6  64  0.1453E-07
 16  4  6  64  0.1452E-07
 16  4  6  64  0.1452E-07
 16  4  6  64  0.1447E-07
 16  4  6  64  0.1444E-07
 16  4  6  64  0.1446E-07
 16  4  6  64  0.1451E-07
 16  4  6  64  0.1447E-07
 16  4  6  64  0.1446E-07
 16  4  6  64  0.1452E-07
 16  4  7  64  0.1411E-07
 16  4  7  64  0.1418E-07
 16  4  7  64  0.1409E-07
 16  4  7  64  0.1408E-07
 16  4  7  64  0.1409E-07
 16  4  7  64  0.1409E-07
 16  4  7  64  0.1411E-07
 16  4  7  64  0.1409E-07
 16  4  7  64  0.1415E-07
 16  4  7  64  0.1410E-07
 16  4  8  64  0.1244E-07
 16  4  8  64  0.1242E-07
 16  4  8  64  0.1239E-07
 16  4  8  64  0.1238E-07
 16  4  8  64  0.1238E-07
 16  4  8  64  0.1239E-07
 16  4  8  64  0.1241E-07
 16  4  8  64  0.1239E-07
 16  4  8  64  0.1244E-07
 16  4  8  64  0.1238E-07
 16  4  9  64  0.1458E-07
 16  4  9  64  0.1454E-07
 16  4  9  64  0.1454E-07
 16  4  9  64  0.1454E-07
 16  4  9  64  0.1454E-07
 16  4  9  64  0.1454E-07
 16  4  9  64  0.1454E-07
 16  4  9  64  0.1455E-07
 16  4  9  64  0.1455E-07
 16  4  9  64  0.1454E-07
 16  4  10  64  0.1543E-07
 16  4  10  64  0.1539E-07
 16  4  10  64  0.1540E-07
 16  4  10  64  0.1539E-07
 16  4  10  64  0.1541E-07
 16  4  10  64  0.1541E-07
 16  4  10  64  0.1540E-07
 16  4  10  64  0.1541E-07
 16  4  10  64  0.1540E-07
 16  4  10  64  0.1539E-07
 16  4  11  64  0.1605E-07
 16  4  11  64  0.1603E-07
 16  4  11  64  0.1604E-07
 16  4  11  64  0.1604E-07
 16  4  11  64  0.1604E-07
 16  4  11  64  0.1605E-07
 16  4  11  64  0.1604E-07
 16  4  11  64  0.1602E-07
 16  4  11  64  0.1605E-07
 16  4  11  64  0.1603E-07
 16  4  12  64  0.1489E-07
 16  4  12  64  0.1488E-07
 16  4  12  64  0.1489E-07
 16  4  12  64  0.1489E-07
 16  4  12  64  0.1488E-07
 16  4  12  64  0.1489E-07
 16  4  12  64  0.1489E-07
 16  4  12  64  0.1488E-07
 16  4  12  64  0.1488E-07
 16  4  12  64  0.1488E-07
 16  4  13  64  0.1554E-07
 16  4  13  64  0.1554E-07
 16  4  13  64  0.1554E-07
 16  4  13  64  0.1554E-07
 16  4  13  64  0.1554E-07
 16  4  13  64  0.1554E-07
 16  4  13  64  0.1553E-07
 16  4  13  64  0.1554E-07
 16  4  13  64  0.1554E-07
 16  4  13  64  0.1554E-07
 16  4  14  64  0.1491E-07
 16  4  14  64  0.1490E-07
 16  4  14  64  0.1492E-07
 16  4  14  64  0.1491E-07
 16  4  14  64  0.1491E-07
 16  4  14  64  0.1491E-07
 16  4  14  64  0.1490E-07
 16  4  14  64  0.1491E-07
 16  4  14  64  0.1490E-07
 16  4  14  64  0.1491E-07
 16  4  15  64  0.1640E-07
 16  4  15  64  0.1639E-07
 16  4  15  64  0.1640E-07
 16  4  15  64  0.1639E-07
 16  4  15  64  0.1639E-07
 16  4  15  64  0.1639E-07
 16  4  15  64  0.1639E-07
 16  4  15  64  0.1639E-07
 16  4  15  64  0.1639E-07
 16  4  15  64  0.1639E-07
 16  4  15  64  0.1644E-07
 16  4  15  64  0.1644E-07
 16  4  15  64  0.1644E-07
 16  4  15  64  0.1644E-07
 16  4  15  64  0.1644E-07
 16  4  15  64  0.1644E-07
 16  4  15  64  0.1644E-07
 16  4  15  64  0.1643E-07
 16  4  15  64  0.1643E-07
 16  4  15  64  0.1644E-07
 16  4  16  64  0.1638E-07
 16  4  16  64  0.1638E-07
 16  4  16  64  0.1638E-07
 16  4  16  64  0.1637E-07
 16  4  16  64  0.1638E-07
 16  4  16  64  0.1638E-07
 16  4  16  64  0.1638E-07
 16  4  16  64  0.1637E-07
 16  4  16  64  0.1638E-07
 16  4  16  64  0.1638E-07
 16  4  17  64  0.1951E-07
 16  4  17  64  0.1952E-07
 16  4  17  64  0.1952E-07
 16  4  17  64  0.1952E-07
 16  4  17  64  0.1951E-07
 16  4  17  64  0.1952E-07
 16  4  17  64  0.1951E-07
 16  4  17  64  0.1951E-07
 16  4  17  64  0.1951E-07
 16  4  17  64  0.1952E-07
 16  4  18  64  0.1927E-07
 16  4  18  64  0.1928E-07
 16  4  18  64  0.1927E-07
 16  4  18  64  0.1927E-07
 16  4  18  64  0.1927E-07
 16  4  18  64  0.1927E-07
 16  4  18  64  0.1926E-07
 16  4  18  64  0.1927E-07
 16  4  18  64  0.1927E-07
 16  4  18  64  0.1927E-07
 16  4  19  64  0.2075E-07
 16  4  19  64  0.2075E-07
 16  4  19  64  0.2074E-07
 16  4  19  64  0.2075E-07
 16  4  19  64  0.2075E-07
 16  4  19  64  0.2074E-07
 16  4  19  64  0.2074E-07
 16  4  19  64  0.2075E-07
 16  4  19  64  0.2075E-07
 16  4  19  64  0.2075E-07
 16  4  20  64  0.2050E-07
 16  4  20  64  0.2050E-07
 16  4  20  64  0.2050E-07
 16  4  20  64  0.2050E-07
 16  4  20  64  0.2049E-07
 16  4  20  64  0.2050E-07
 16  4  20  64  0.2050E-07
 16  4  20  64  0.2050E-07
 16  4  20  64  0.2050E-07
 16  4  20  64  0.2050E-07
