 16  32  3  512  0.1974E-07
 16  32  3  512  0.1394E-07
 16  32  3  512  0.1092E-07
 16  32  3  512  0.1063E-07
 16  32  3  512  0.1027E-07
 16  32  3  512  0.1175E-07
 16  32  3  512  0.1085E-07
 16  32  3  512  0.1027E-07
 16  32  3  512  0.1054E-07
 16  32  3  512  0.1064E-07
 16  32  4  512  0.1204E-07
 16  32  4  512  0.7344E-08
 16  32  4  512  0.6776E-08
 16  32  4  512  0.6885E-08
 16  32  4  512  0.6767E-08
 16  32  4  512  0.6682E-08
 16  32  4  512  0.7050E-08
 16  32  4  512  0.6551E-08
 16  32  4  512  0.7252E-08
 16  32  4  512  0.6815E-08
 16  32  5  512  0.1171E-07
 16  32  5  512  0.7057E-08
 16  32  5  512  0.5384E-08
 16  32  5  512  0.5348E-08
 16  32  5  512  0.6129E-08
 16  32  5  512  0.5219E-08
 16  32  5  512  0.5407E-08
 16  32  5  512  0.5255E-08
 16  32  5  512  0.5875E-08
 16  32  5  512  0.5500E-08
 16  32  6  512  0.2944E-08
 16  32  6  512  0.2892E-08
 16  32  6  512  0.2881E-08
 16  32  6  512  0.2879E-08
 16  32  6  512  0.2884E-08
 16  32  6  512  0.2876E-08
 16  32  6  512  0.2875E-08
 16  32  6  512  0.2882E-08
 16  32  6  512  0.2879E-08
 16  32  6  512  0.2885E-08
 16  32  7  512  0.2403E-08
 16  32  7  512  0.2360E-08
 16  32  7  512  0.2360E-08
 16  32  7  512  0.2365E-08
 16  32  7  512  0.2360E-08
 16  32  7  512  0.2361E-08
 16  32  7  512  0.2365E-08
 16  32  7  512  0.2359E-08
 16  32  7  512  0.2363E-08
 16  32  7  512  0.2358E-08
 16  32  8  512  0.2062E-08
 16  32  8  512  0.2056E-08
 16  32  8  512  0.2046E-08
 16  32  8  512  0.2047E-08
 16  32  8  512  0.2043E-08
 16  32  8  512  0.2043E-08
 16  32  8  512  0.2044E-08
 16  32  8  512  0.2046E-08
 16  32  8  512  0.2052E-08
 16  32  8  512  0.2049E-08
 16  32  9  512  0.2272E-08
 16  32  9  512  0.2257E-08
 16  32  9  512  0.2256E-08
 16  32  9  512  0.2252E-08
 16  32  9  512  0.2256E-08
 16  32  9  512  0.2256E-08
 16  32  9  512  0.2256E-08
 16  32  9  512  0.2254E-08
 16  32  9  512  0.2252E-08
 16  32  9  512  0.2253E-08
 16  32  10  512  0.2319E-08
 16  32  10  512  0.2303E-08
 16  32  10  512  0.2307E-08
 16  32  10  512  0.2306E-08
 16  32  10  512  0.2307E-08
 16  32  10  512  0.2307E-08
 16  32  10  512  0.2306E-08
 16  32  10  512  0.2305E-08
 16  32  10  512  0.2305E-08
 16  32  10  512  0.2305E-08
 16  32  11  512  0.2373E-08
 16  32  11  512  0.2360E-08
 16  32  11  512  0.2363E-08
 16  32  11  512  0.2364E-08
 16  32  11  512  0.2364E-08
 16  32  11  512  0.2363E-08
 16  32  11  512  0.2363E-08
 16  32  11  512  0.2365E-08
 16  32  11  512  0.2363E-08
 16  32  11  512  0.2363E-08
 16  32  12  512  0.2208E-08
 16  32  12  512  0.2203E-08
 16  32  12  512  0.2202E-08
 16  32  12  512  0.2201E-08
 16  32  12  512  0.2202E-08
 16  32  12  512  0.2201E-08
 16  32  12  512  0.2201E-08
 16  32  12  512  0.2201E-08
 16  32  12  512  0.2201E-08
 16  32  12  512  0.2202E-08
 16  32  13  512  0.2280E-08
 16  32  13  512  0.2274E-08
 16  32  13  512  0.2275E-08
 16  32  13  512  0.2275E-08
 16  32  13  512  0.2274E-08
 16  32  13  512  0.2273E-08
 16  32  13  512  0.2275E-08
 16  32  13  512  0.2275E-08
 16  32  13  512  0.2274E-08
 16  32  13  512  0.2273E-08
 16  32  14  512  0.2171E-08
 16  32  14  512  0.2168E-08
 16  32  14  512  0.2167E-08
 16  32  14  512  0.2168E-08
 16  32  14  512  0.2167E-08
 16  32  14  512  0.2168E-08
 16  32  14  512  0.2168E-08
 16  32  14  512  0.2168E-08
 16  32  14  512  0.2168E-08
 16  32  14  512  0.2168E-08
 16  32  15  512  0.2350E-08
 16  32  15  512  0.2348E-08
 16  32  15  512  0.2348E-08
 16  32  15  512  0.2348E-08
 16  32  15  512  0.2348E-08
 16  32  15  512  0.2347E-08
 16  32  15  512  0.2348E-08
 16  32  15  512  0.2348E-08
 16  32  15  512  0.2347E-08
 16  32  15  512  0.2348E-08
 16  32  16  512  0.2325E-08
 16  32  16  512  0.2321E-08
 16  32  16  512  0.2322E-08
 16  32  16  512  0.2322E-08
 16  32  16  512  0.2322E-08
 16  32  16  512  0.2322E-08
 16  32  16  512  0.2322E-08
 16  32  16  512  0.2322E-08
 16  32  16  512  0.2321E-08
 16  32  16  512  0.2322E-08
 16  32  17  512  0.2723E-08
 16  32  17  512  0.2721E-08
 16  32  17  512  0.2721E-08
 16  32  17  512  0.2721E-08
 16  32  17  512  0.2722E-08
 16  32  17  512  0.2721E-08
 16  32  17  512  0.2721E-08
 16  32  17  512  0.2721E-08
 16  32  17  512  0.2721E-08
 16  32  17  512  0.2721E-08
 16  32  18  512  0.2681E-08
 16  32  18  512  0.2680E-08
 16  32  18  512  0.2680E-08
 16  32  18  512  0.2680E-08
 16  32  18  512  0.2679E-08
 16  32  18  512  0.2679E-08
 16  32  18  512  0.2679E-08
 16  32  18  512  0.2680E-08
 16  32  18  512  0.2679E-08
 16  32  18  512  0.2680E-08
 16  32  19  512  0.2869E-08
 16  32  19  512  0.2867E-08
 16  32  19  512  0.2866E-08
 16  32  19  512  0.2866E-08
 16  32  19  512  0.2867E-08
 16  32  19  512  0.2866E-08
 16  32  19  512  0.2867E-08
 16  32  19  512  0.2867E-08
 16  32  19  512  0.2867E-08
 16  32  19  512  0.2866E-08
 16  32  20  512  0.2800E-08
 16  32  20  512  0.2800E-08
 16  32  20  512  0.2800E-08
 16  32  20  512  0.2799E-08
 16  32  20  512  0.2799E-08
 16  32  20  512  0.2800E-08
 16  32  20  512  0.2799E-08
 16  32  20  512  0.2800E-08
 16  32  20  512  0.2800E-08
 16  32  20  512  0.2799E-08
