 16  4096  3  65536  0.6085E-09
 16  4096  3  65536  0.5289E-09
 16  4096  3  65536  0.5414E-09
 16  4096  3  65536  0.5276E-09
 16  4096  3  65536  0.5403E-09
 16  4096  3  65536  0.5386E-09
 16  4096  3  65536  0.5317E-09
 16  4096  3  65536  0.5298E-09
 16  4096  3  65536  0.5368E-09
 16  4096  3  65536  0.5261E-09
 16  4096  4  65536  0.2755E-09
 16  4096  4  65536  0.2439E-09
 16  4096  4  65536  0.2417E-09
 16  4096  4  65536  0.2454E-09
 16  4096  4  65536  0.2468E-09
 16  4096  4  65536  0.2436E-09
 16  4096  4  65536  0.2433E-09
 16  4096  4  65536  0.2482E-09
 16  4096  4  65536  0.2417E-09
 16  4096  4  65536  0.2438E-09
 16  4096  5  65536  0.1719E-09
 16  4096  5  65536  0.1656E-09
 16  4096  5  65536  0.1645E-09
 16  4096  5  65536  0.1600E-09
 16  4096  5  65536  0.1699E-09
 16  4096  5  65536  0.1608E-09
 16  4096  5  65536  0.1680E-09
 16  4096  5  65536  0.1630E-09
 16  4096  5  65536  0.1594E-09
 16  4096  5  65536  0.1712E-09
 16  4096  6  65536  0.1265E-09
 16  4096  6  65536  0.1239E-09
 16  4096  6  65536  0.1199E-09
 16  4096  6  65536  0.1237E-09
 16  4096  6  65536  0.1198E-09
 16  4096  6  65536  0.1234E-09
 16  4096  6  65536  0.1195E-09
 16  4096  6  65536  0.1243E-09
 16  4096  6  65536  0.1194E-09
 16  4096  6  65536  0.1244E-09
