 16  128  3  2048  0.1233E-07
 16  128  3  2048  0.6250E-08
 16  128  3  2048  0.6190E-08
 16  128  3  2048  0.5986E-08
 16  128  3  2048  0.6035E-08
 16  128  3  2048  0.6118E-08
 16  128  3  2048  0.5914E-08
 16  128  3  2048  0.5962E-08
 16  128  3  2048  0.6909E-08
 16  128  3  2048  0.5847E-08
 16  128  4  2048  0.2007E-08
 16  128  4  2048  0.1995E-08
 16  128  4  2048  0.1980E-08
 16  128  4  2048  0.2002E-08
 16  128  4  2048  0.2006E-08
 16  128  4  2048  0.1990E-08
 16  128  4  2048  0.1988E-08
 16  128  4  2048  0.1978E-08
 16  128  4  2048  0.1971E-08
 16  128  4  2048  0.1996E-08
 16  128  5  2048  0.1665E-08
 16  128  5  2048  0.1646E-08
 16  128  5  2048  0.1637E-08
 16  128  5  2048  0.1636E-08
 16  128  5  2048  0.1643E-08
 16  128  5  2048  0.1640E-08
 16  128  5  2048  0.1638E-08
 16  128  5  2048  0.1632E-08
 16  128  5  2048  0.1632E-08
 16  128  5  2048  0.1639E-08
 16  128  6  2048  0.1107E-08
 16  128  6  2048  0.1100E-08
 16  128  6  2048  0.1093E-08
 16  128  6  2048  0.1093E-08
 16  128  6  2048  0.1097E-08
 16  128  6  2048  0.1093E-08
 16  128  6  2048  0.1097E-08
 16  128  6  2048  0.1096E-08
 16  128  6  2048  0.1101E-08
 16  128  6  2048  0.1092E-08
 16  128  7  2048  0.9327E-09
 16  128  7  2048  0.9239E-09
 16  128  7  2048  0.9195E-09
 16  128  7  2048  0.9212E-09
 16  128  7  2048  0.9196E-09
 16  128  7  2048  0.9184E-09
 16  128  7  2048  0.9204E-09
 16  128  7  2048  0.9200E-09
 16  128  7  2048  0.9241E-09
 16  128  7  2048  0.9229E-09
 16  128  8  2048  0.7698E-09
 16  128  8  2048  0.7676E-09
 16  128  8  2048  0.7669E-09
 16  128  8  2048  0.7673E-09
 16  128  8  2048  0.7669E-09
 16  128  8  2048  0.7680E-09
 16  128  8  2048  0.7671E-09
 16  128  8  2048  0.7695E-09
 16  128  8  2048  0.7675E-09
 16  128  8  2048  0.7668E-09
 16  128  9  2048  0.7546E-09
 16  128  9  2048  0.7523E-09
 16  128  9  2048  0.7513E-09
 16  128  9  2048  0.7501E-09
 16  128  9  2048  0.7523E-09
 16  128  9  2048  0.7504E-09
 16  128  9  2048  0.7492E-09
 16  128  9  2048  0.7502E-09
 16  128  9  2048  0.7502E-09
 16  128  9  2048  0.7486E-09
 16  128  10  2048  0.7332E-09
 16  128  10  2048  0.7201E-09
 16  128  10  2048  0.7315E-09
 16  128  10  2048  0.7209E-09
 16  128  10  2048  0.7208E-09
 16  128  10  2048  0.7217E-09
 16  128  10  2048  0.7207E-09
 16  128  10  2048  0.7209E-09
 16  128  10  2048  0.7195E-09
 16  128  10  2048  0.7212E-09
 16  128  10  2048  0.7248E-09
 16  128  10  2048  0.7215E-09
 16  128  10  2048  0.7359E-09
 16  128  10  2048  0.7219E-09
 16  128  10  2048  0.7240E-09
 16  128  10  2048  0.7225E-09
 16  128  10  2048  0.7234E-09
 16  128  10  2048  0.7314E-09
 16  128  10  2048  0.7220E-09
 16  128  10  2048  0.7217E-09
 16  128  11  2048  0.7070E-09
 16  128  11  2048  0.7039E-09
 16  128  11  2048  0.7028E-09
 16  128  11  2048  0.7049E-09
 16  128  11  2048  0.7048E-09
 16  128  11  2048  0.7043E-09
 16  128  11  2048  0.7037E-09
 16  128  11  2048  0.7037E-09
 16  128  11  2048  0.7038E-09
 16  128  11  2048  0.7028E-09
 16  128  12  2048  0.6638E-09
 16  128  12  2048  0.6625E-09
 16  128  12  2048  0.6622E-09
 16  128  12  2048  0.6615E-09
 16  128  12  2048  0.6617E-09
 16  128  12  2048  0.6616E-09
 16  128  12  2048  0.6610E-09
 16  128  12  2048  0.6618E-09
 16  128  12  2048  0.6616E-09
 16  128  12  2048  0.6611E-09
 16  128  13  2048  0.6669E-09
 16  128  13  2048  0.6655E-09
 16  128  13  2048  0.6654E-09
 16  128  13  2048  0.6651E-09
 16  128  13  2048  0.6663E-09
 16  128  13  2048  0.6712E-09
 16  128  13  2048  0.6664E-09
 16  128  13  2048  0.6656E-09
 16  128  13  2048  0.6656E-09
 16  128  13  2048  0.6658E-09
 16  128  14  2048  0.6201E-09
 16  128  14  2048  0.6192E-09
 16  128  14  2048  0.6239E-09
 16  128  14  2048  0.6193E-09
 16  128  14  2048  0.6243E-09
 16  128  14  2048  0.6194E-09
 16  128  14  2048  0.6197E-09
 16  128  14  2048  0.6189E-09
 16  128  14  2048  0.6191E-09
 16  128  14  2048  0.6193E-09
 16  128  15  2048  0.6547E-09
 16  128  15  2048  0.6535E-09
 16  128  15  2048  0.6537E-09
 16  128  15  2048  0.6536E-09
 16  128  15  2048  0.6537E-09
 16  128  15  2048  0.6538E-09
 16  128  15  2048  0.6569E-09
 16  128  15  2048  0.6541E-09
 16  128  15  2048  0.6534E-09
 16  128  15  2048  0.6537E-09
 16  128  16  2048  0.6381E-09
 16  128  16  2048  0.6366E-09
 16  128  16  2048  0.6361E-09
 16  128  16  2048  0.6365E-09
 16  128  16  2048  0.6367E-09
 16  128  16  2048  0.6411E-09
 16  128  16  2048  0.6366E-09
 16  128  16  2048  0.6367E-09
 16  128  16  2048  0.6359E-09
 16  128  16  2048  0.6364E-09
 16  128  17  2048  0.7274E-09
 16  128  17  2048  0.7272E-09
 16  128  17  2048  0.7270E-09
 16  128  17  2048  0.7271E-09
 16  128  17  2048  0.7270E-09
 16  128  17  2048  0.7272E-09
 16  128  17  2048  0.7276E-09
 16  128  17  2048  0.7273E-09
 16  128  17  2048  0.7269E-09
 16  128  17  2048  0.7270E-09
 16  128  18  2048  0.7500E-09
 16  128  18  2048  0.7479E-09
 16  128  18  2048  0.7512E-09
 16  128  18  2048  0.7477E-09
 16  128  18  2048  0.7488E-09
 16  128  18  2048  0.7470E-09
 16  128  18  2048  0.7514E-09
 16  128  18  2048  0.7472E-09
 16  128  18  2048  0.7494E-09
 16  128  18  2048  0.7487E-09
 16  128  19  2048  0.7857E-09
 16  128  19  2048  0.7854E-09
 16  128  19  2048  0.7850E-09
 16  128  19  2048  0.7856E-09
 16  128  19  2048  0.7846E-09
 16  128  19  2048  0.7841E-09
 16  128  19  2048  0.7846E-09
 16  128  19  2048  0.7831E-09
 16  128  19  2048  0.7832E-09
 16  128  19  2048  0.7838E-09
 16  128  20  2048  0.7365E-09
 16  128  20  2048  0.7343E-09
 16  128  20  2048  0.7344E-09
 16  128  20  2048  0.7360E-09
 16  128  20  2048  0.7343E-09
 16  128  20  2048  0.7344E-09
 16  128  20  2048  0.7357E-09
 16  128  20  2048  0.7343E-09
 16  128  20  2048  0.7364E-09
 16  128  20  2048  0.7342E-09
