 16  16  3  256  0.2122E-07
 16  16  3  256  0.1596E-07
 16  16  3  256  0.1572E-07
 16  16  3  256  0.1591E-07
 16  16  3  256  0.1519E-07
 16  16  3  256  0.1577E-07
 16  16  3  256  0.1510E-07
 16  16  3  256  0.1727E-07
 16  16  3  256  0.1852E-07
 16  16  3  256  0.1543E-07
 16  16  4  256  0.1292E-07
 16  16  4  256  0.1087E-07
 16  16  4  256  0.1095E-07
 16  16  4  256  0.1233E-07
 16  16  4  256  0.1096E-07
 16  16  4  256  0.1080E-07
 16  16  4  256  0.1087E-07
 16  16  4  256  0.1080E-07
 16  16  4  256  0.1104E-07
 16  16  4  256  0.1101E-07
 16  16  5  256  0.4692E-08
 16  16  5  256  0.4598E-08
 16  16  5  256  0.4621E-08
 16  16  5  256  0.4664E-08
 16  16  5  256  0.4616E-08
 16  16  5  256  0.4609E-08
 16  16  5  256  0.4607E-08
 16  16  5  256  0.4624E-08
 16  16  5  256  0.4621E-08
 16  16  5  256  0.4623E-08
 16  16  6  256  0.3952E-08
 16  16  6  256  0.3952E-08
 16  16  6  256  0.3925E-08
 16  16  6  256  0.3911E-08
 16  16  6  256  0.3914E-08
 16  16  6  256  0.3932E-08
 16  16  6  256  0.3929E-08
 16  16  6  256  0.3916E-08
 16  16  6  256  0.3950E-08
 16  16  6  256  0.3915E-08
 16  16  7  256  0.3788E-08
 16  16  7  256  0.3771E-08
 16  16  7  256  0.3770E-08
 16  16  7  256  0.3772E-08
 16  16  7  256  0.3767E-08
 16  16  7  256  0.3785E-08
 16  16  7  256  0.3767E-08
 16  16  7  256  0.3767E-08
 16  16  7  256  0.3770E-08
 16  16  7  256  0.3777E-08
 16  16  8  256  0.3315E-08
 16  16  8  256  0.3311E-08
 16  16  8  256  0.3299E-08
 16  16  8  256  0.3300E-08
 16  16  8  256  0.3295E-08
 16  16  8  256  0.3290E-08
 16  16  8  256  0.3296E-08
 16  16  8  256  0.3302E-08
 16  16  8  256  0.3302E-08
 16  16  8  256  0.3315E-08
 16  16  9  256  0.3815E-08
 16  16  9  256  0.3815E-08
 16  16  9  256  0.3804E-08
 16  16  9  256  0.3801E-08
 16  16  9  256  0.3800E-08
 16  16  9  256  0.3804E-08
 16  16  9  256  0.3810E-08
 16  16  9  256  0.3802E-08
 16  16  9  256  0.3808E-08
 16  16  9  256  0.3798E-08
 16  16  10  256  0.3980E-08
 16  16  10  256  0.3972E-08
 16  16  10  256  0.3978E-08
 16  16  10  256  0.3972E-08
 16  16  10  256  0.3976E-08
 16  16  10  256  0.3973E-08
 16  16  10  256  0.3972E-08
 16  16  10  256  0.3976E-08
 16  16  10  256  0.3972E-08
 16  16  10  256  0.3980E-08
 16  16  11  256  0.4137E-08
 16  16  11  256  0.4126E-08
 16  16  11  256  0.4131E-08
 16  16  11  256  0.4129E-08
 16  16  11  256  0.4126E-08
 16  16  11  256  0.4127E-08
 16  16  11  256  0.4129E-08
 16  16  11  256  0.4129E-08
 16  16  11  256  0.4133E-08
 16  16  11  256  0.4135E-08
 16  16  12  256  0.3836E-08
 16  16  12  256  0.3836E-08
 16  16  12  256  0.3912E-08
 16  16  12  256  0.3831E-08
 16  16  12  256  0.3830E-08
 16  16  12  256  0.3832E-08
 16  16  12  256  0.3832E-08
 16  16  12  256  0.3832E-08
 16  16  12  256  0.3832E-08
 16  16  12  256  0.3830E-08
 16  16  13  256  0.3986E-08
 16  16  13  256  0.3987E-08
 16  16  13  256  0.3980E-08
 16  16  13  256  0.3978E-08
 16  16  13  256  0.3978E-08
 16  16  13  256  0.3980E-08
 16  16  13  256  0.3979E-08
 16  16  13  256  0.3977E-08
 16  16  13  256  0.3982E-08
 16  16  13  256  0.3978E-08
 16  16  14  256  0.3814E-08
 16  16  14  256  0.3813E-08
 16  16  14  256  0.3812E-08
 16  16  14  256  0.3812E-08
 16  16  14  256  0.3811E-08
 16  16  14  256  0.3812E-08
 16  16  14  256  0.3806E-08
 16  16  14  256  0.3813E-08
 16  16  14  256  0.3813E-08
 16  16  14  256  0.3813E-08
 16  16  15  256  0.4201E-08
 16  16  15  256  0.4203E-08
 16  16  15  256  0.4198E-08
 16  16  15  256  0.4198E-08
 16  16  15  256  0.4198E-08
 16  16  15  256  0.4200E-08
 16  16  15  256  0.4198E-08
 16  16  15  256  0.4200E-08
 16  16  15  256  0.4201E-08
 16  16  15  256  0.4198E-08
 16  16  16  256  0.4171E-08
 16  16  16  256  0.4170E-08
 16  16  16  256  0.4196E-08
 16  16  16  256  0.4168E-08
 16  16  16  256  0.4168E-08
 16  16  16  256  0.4168E-08
 16  16  16  256  0.4167E-08
 16  16  16  256  0.4168E-08
 16  16  16  256  0.4169E-08
 16  16  16  256  0.4195E-08
 16  16  17  256  0.4968E-08
 16  16  17  256  0.4969E-08
 16  16  17  256  0.4968E-08
 16  16  17  256  0.4968E-08
 16  16  17  256  0.4968E-08
 16  16  17  256  0.4969E-08
 16  16  17  256  0.4969E-08
 16  16  17  256  0.4968E-08
 16  16  17  256  0.4968E-08
 16  16  17  256  0.4968E-08
 16  16  18  256  0.4890E-08
 16  16  18  256  0.4890E-08
 16  16  18  256  0.4888E-08
 16  16  18  256  0.4888E-08
 16  16  18  256  0.4893E-08
 16  16  18  256  0.4890E-08
 16  16  18  256  0.4890E-08
 16  16  18  256  0.4890E-08
 16  16  18  256  0.4889E-08
 16  16  18  256  0.4890E-08
 16  16  19  256  0.5283E-08
 16  16  19  256  0.5281E-08
 16  16  19  256  0.5282E-08
 16  16  19  256  0.5280E-08
 16  16  19  256  0.5282E-08
 16  16  19  256  0.5282E-08
 16  16  19  256  0.5282E-08
 16  16  19  256  0.5282E-08
 16  16  19  256  0.5281E-08
 16  16  19  256  0.5281E-08
 16  16  20  256  0.5190E-08
 16  16  20  256  0.5188E-08
 16  16  20  256  0.5189E-08
 16  16  20  256  0.5187E-08
 16  16  20  256  0.5189E-08
 16  16  20  256  0.5189E-08
 16  16  20  256  0.5188E-08
 16  16  20  256  0.5189E-08
 16  16  20  256  0.5188E-08
 16  16  20  256  0.5189E-08
