 16  64  3  1024  0.7241E-08
 16  64  3  1024  0.6806E-08
 16  64  3  1024  0.6776E-08
 16  64  3  1024  0.6851E-08
 16  64  3  1024  0.6805E-08
 16  64  3  1024  0.6757E-08
 16  64  3  1024  0.6788E-08
 16  64  3  1024  0.6770E-08
 16  64  3  1024  0.6798E-08
 16  64  3  1024  0.6752E-08
 16  64  4  1024  0.3759E-08
 16  64  4  1024  0.3531E-08
 16  64  4  1024  0.3494E-08
 16  64  4  1024  0.3513E-08
 16  64  4  1024  0.3475E-08
 16  64  4  1024  0.3495E-08
 16  64  4  1024  0.3502E-08
 16  64  4  1024  0.3506E-08
 16  64  4  1024  0.3482E-08
 16  64  4  1024  0.3498E-08
 16  64  5  1024  0.3068E-08
 16  64  5  1024  0.2944E-08
 16  64  5  1024  0.2937E-08
 16  64  5  1024  0.2956E-08
 16  64  5  1024  0.2927E-08
 16  64  5  1024  0.2924E-08
 16  64  5  1024  0.2930E-08
 16  64  5  1024  0.2926E-08
 16  64  5  1024  0.2938E-08
 16  64  5  1024  0.2941E-08
 16  64  6  1024  0.2478E-08
 16  64  6  1024  0.2412E-08
 16  64  6  1024  0.2410E-08
 16  64  6  1024  0.2417E-08
 16  64  6  1024  0.2407E-08
 16  64  6  1024  0.2416E-08
 16  64  6  1024  0.2410E-08
 16  64  6  1024  0.2405E-08
 16  64  6  1024  0.2410E-08
 16  64  6  1024  0.2422E-08
 16  64  7  1024  0.2219E-08
 16  64  7  1024  0.2190E-08
 16  64  7  1024  0.2184E-08
 16  64  7  1024  0.2179E-08
 16  64  7  1024  0.2182E-08
 16  64  7  1024  0.2188E-08
 16  64  7  1024  0.2185E-08
 16  64  7  1024  0.2189E-08
 16  64  7  1024  0.2183E-08
 16  64  7  1024  0.2183E-08
 16  64  8  1024  0.1893E-08
 16  64  8  1024  0.1866E-08
 16  64  8  1024  0.1870E-08
 16  64  8  1024  0.1874E-08
 16  64  8  1024  0.1865E-08
 16  64  8  1024  0.1865E-08
 16  64  8  1024  0.1872E-08
 16  64  8  1024  0.1871E-08
 16  64  8  1024  0.1869E-08
 16  64  8  1024  0.1872E-08
 16  64  10  1024  0.1739E-08
 16  64  10  1024  0.1732E-08
 16  64  10  1024  0.1736E-08
 16  64  10  1024  0.1733E-08
 16  64  10  1024  0.1734E-08
 16  64  10  1024  0.1730E-08
 16  64  10  1024  0.1732E-08
 16  64  10  1024  0.1733E-08
 16  64  10  1024  0.1733E-08
 16  64  10  1024  0.1731E-08
 16  64  11  1024  0.1706E-08
 16  64  11  1024  0.1705E-08
 16  64  11  1024  0.1705E-08
 16  64  11  1024  0.1707E-08
 16  64  11  1024  0.1706E-08
 16  64  11  1024  0.1706E-08
 16  64  11  1024  0.1706E-08
 16  64  11  1024  0.1706E-08
 16  64  11  1024  0.1708E-08
 16  64  11  1024  0.1723E-08
 16  64  12  1024  0.1631E-08
 16  64  12  1024  0.1627E-08
 16  64  12  1024  0.1629E-08
 16  64  12  1024  0.1628E-08
 16  64  12  1024  0.1628E-08
 16  64  12  1024  0.1628E-08
 16  64  12  1024  0.1627E-08
 16  64  12  1024  0.1628E-08
 16  64  12  1024  0.1627E-08
 16  64  12  1024  0.1629E-08
 16  64  13  1024  0.1652E-08
 16  64  13  1024  0.1649E-08
 16  64  13  1024  0.1649E-08
 16  64  13  1024  0.1649E-08
 16  64  13  1024  0.1648E-08
 16  64  13  1024  0.1656E-08
 16  64  13  1024  0.1648E-08
 16  64  13  1024  0.1648E-08
 16  64  13  1024  0.1648E-08
 16  64  13  1024  0.1649E-08
 16  64  14  1024  0.1566E-08
 16  64  14  1024  0.1562E-08
 16  64  14  1024  0.1563E-08
 16  64  14  1024  0.1562E-08
 16  64  14  1024  0.1562E-08
 16  64  14  1024  0.1562E-08
 16  64  14  1024  0.1562E-08
 16  64  14  1024  0.1562E-08
 16  64  14  1024  0.1562E-08
 16  64  14  1024  0.1562E-08
 16  64  15  1024  0.1588E-08
 16  64  15  1024  0.1585E-08
 16  64  15  1024  0.1590E-08
 16  64  15  1024  0.1585E-08
 16  64  15  1024  0.1585E-08
 16  64  15  1024  0.1584E-08
 16  64  15  1024  0.1584E-08
 16  64  15  1024  0.1584E-08
 16  64  15  1024  0.1590E-08
 16  64  15  1024  0.1584E-08
 16  64  17  1024  0.1753E-08
 16  64  17  1024  0.1751E-08
 16  64  17  1024  0.1751E-08
 16  64  17  1024  0.1751E-08
 16  64  17  1024  0.1751E-08
 16  64  17  1024  0.1751E-08
 16  64  17  1024  0.1751E-08
 16  64  17  1024  0.1751E-08
 16  64  17  1024  0.1751E-08
 16  64  17  1024  0.1751E-08
 16  64  18  1024  0.1712E-08
 16  64  18  1024  0.1713E-08
 16  64  18  1024  0.1709E-08
 16  64  18  1024  0.1710E-08
 16  64  18  1024  0.1714E-08
 16  64  18  1024  0.1710E-08
 16  64  18  1024  0.1709E-08
 16  64  18  1024  0.1713E-08
 16  64  18  1024  0.1709E-08
 16  64  18  1024  0.1709E-08
 16  64  19  1024  0.1809E-08
 16  64  19  1024  0.1803E-08
 16  64  19  1024  0.1803E-08
 16  64  19  1024  0.1806E-08
 16  64  19  1024  0.1803E-08
 16  64  19  1024  0.1806E-08
 16  64  19  1024  0.1803E-08
 16  64  19  1024  0.1803E-08
 16  64  19  1024  0.1806E-08
 16  64  19  1024  0.1803E-08
 16  64  20  1024  0.1814E-08
 16  64  20  1024  0.1810E-08
 16  64  20  1024  0.1811E-08
 16  64  20  1024  0.1811E-08
 16  64  20  1024  0.1808E-08
 16  64  20  1024  0.1811E-08
 16  64  20  1024  0.1808E-08
 16  64  20  1024  0.1811E-08
 16  64  20  1024  0.1808E-08
 16  64  20  1024  0.1811E-08
