 16  2  3  32  0.1373E-06
 16  2  3  32  0.1200E-06
 16  2  3  32  0.1150E-06
 16  2  3  32  0.1185E-06
 16  2  3  32  0.1145E-06
 16  2  3  32  0.1138E-06
 16  2  3  32  0.1280E-06
 16  2  3  32  0.1200E-06
 16  2  3  32  0.1162E-06
 16  2  3  32  0.1126E-06
 16  2  4  32  0.5437E-07
 16  2  4  32  0.5243E-07
 16  2  4  32  0.4967E-07
 16  2  4  32  0.4754E-07
 16  2  4  32  0.5549E-07
 16  2  4  32  0.4886E-07
 16  2  4  32  0.5111E-07
 16  2  4  32  0.6073E-07
 16  2  4  32  0.5274E-07
 16  2  4  32  0.5111E-07
 16  2  5  32  0.6123E-07
 16  2  5  32  0.4975E-07
 16  2  5  32  0.4991E-07
 16  2  5  32  0.4884E-07
 16  2  5  32  0.4866E-07
 16  2  5  32  0.4985E-07
 16  2  5  32  0.5217E-07
 16  2  5  32  0.4915E-07
 16  2  5  32  0.4858E-07
 16  2  5  32  0.4917E-07
 16  2  6  32  0.5725E-07
 16  2  6  32  0.5227E-07
 16  2  6  32  0.5194E-07
 16  2  6  32  0.5387E-07
 16  2  6  32  0.5199E-07
 16  2  6  32  0.5203E-07
 16  2  6  32  0.5363E-07
 16  2  6  32  0.5160E-07
 16  2  6  32  0.5131E-07
 16  2  6  32  0.5502E-07
 16  2  7  32  0.4437E-07
 16  2  7  32  0.4276E-07
 16  2  7  32  0.4072E-07
 16  2  7  32  0.4100E-07
 16  2  7  32  0.4389E-07
 16  2  7  32  0.4079E-07
 16  2  7  32  0.4097E-07
 16  2  7  32  0.4176E-07
 16  2  7  32  0.4079E-07
 16  2  7  32  0.4231E-07
 16  2  8  32  0.4413E-07
 16  2  8  32  0.3994E-07
 16  2  8  32  0.4136E-07
 16  2  8  32  0.4043E-07
 16  2  8  32  0.4222E-07
 16  2  8  32  0.3957E-07
 16  2  8  32  0.4228E-07
 16  2  8  32  0.3992E-07
 16  2  8  32  0.4236E-07
 16  2  8  32  0.3976E-07
 16  2  9  32  0.4398E-07
 16  2  9  32  0.4156E-07
 16  2  9  32  0.4187E-07
 16  2  9  32  0.4229E-07
 16  2  9  32  0.4227E-07
 16  2  9  32  0.4151E-07
 16  2  9  32  0.4138E-07
 16  2  9  32  0.4193E-07
 16  2  9  32  0.4217E-07
 16  2  9  32  0.4215E-07
 16  2  10  32  0.5390E-07
 16  2  10  32  0.5284E-07
 16  2  10  32  0.5266E-07
 16  2  10  32  0.5253E-07
 16  2  10  32  0.5279E-07
 16  2  10  32  0.5267E-07
 16  2  10  32  0.5325E-07
 16  2  10  32  0.5288E-07
 16  2  10  32  0.5251E-07
 16  2  10  32  0.5316E-07
 16  2  11  32  0.3247E-07
 16  2  11  32  0.3245E-07
 16  2  11  32  0.3245E-07
 16  2  11  32  0.3245E-07
 16  2  11  32  0.3245E-07
 16  2  11  32  0.3247E-07
 16  2  11  32  0.3246E-07
 16  2  11  32  0.3247E-07
 16  2  11  32  0.3245E-07
 16  2  11  32  0.3245E-07
 16  2  12  32  0.3032E-07
 16  2  12  32  0.3032E-07
 16  2  12  32  0.3028E-07
 16  2  12  32  0.3031E-07
 16  2  12  32  0.3031E-07
 16  2  12  32  0.3034E-07
 16  2  12  32  0.3031E-07
 16  2  12  32  0.3032E-07
 16  2  12  32  0.3030E-07
 16  2  12  32  0.3031E-07
 16  2  13  32  0.3161E-07
 16  2  13  32  0.3164E-07
 16  2  13  32  0.3162E-07
 16  2  13  32  0.3160E-07
 16  2  13  32  0.3162E-07
 16  2  13  32  0.3162E-07
 16  2  13  32  0.3161E-07
 16  2  13  32  0.3162E-07
 16  2  13  32  0.3162E-07
 16  2  13  32  0.3161E-07
 16  2  14  32  0.3029E-07
 16  2  14  32  0.3026E-07
 16  2  14  32  0.3029E-07
 16  2  14  32  0.3026E-07
 16  2  14  32  0.3026E-07
 16  2  14  32  0.3027E-07
 16  2  14  32  0.3026E-07
 16  2  14  32  0.3026E-07
 16  2  14  32  0.3026E-07
 16  2  14  32  0.3027E-07
 16  2  15  32  0.3309E-07
 16  2  15  32  0.3308E-07
 16  2  15  32  0.3308E-07
 16  2  15  32  0.3310E-07
 16  2  15  32  0.3307E-07
 16  2  15  32  0.3307E-07
 16  2  15  32  0.3307E-07
 16  2  15  32  0.3308E-07
 16  2  15  32  0.3309E-07
 16  2  15  32  0.3308E-07
 16  2  15  32  0.3310E-07
 16  2  15  32  0.3311E-07
 16  2  15  32  0.3312E-07
 16  2  15  32  0.3311E-07
 16  2  15  32  0.3311E-07
 16  2  15  32  0.3311E-07
 16  2  15  32  0.3310E-07
 16  2  15  32  0.3312E-07
 16  2  15  32  0.3311E-07
 16  2  15  32  0.3311E-07
 16  2  16  32  0.3313E-07
 16  2  16  32  0.3310E-07
 16  2  16  32  0.3312E-07
 16  2  16  32  0.3312E-07
 16  2  16  32  0.3336E-07
 16  2  16  32  0.3312E-07
 16  2  16  32  0.3310E-07
 16  2  16  32  0.3310E-07
 16  2  16  32  0.3311E-07
 16  2  16  32  0.3312E-07
 16  2  17  32  0.3941E-07
 16  2  17  32  0.3941E-07
 16  2  17  32  0.3940E-07
 16  2  17  32  0.3941E-07
 16  2  17  32  0.3941E-07
 16  2  17  32  0.3942E-07
 16  2  17  32  0.3940E-07
 16  2  17  32  0.3940E-07
 16  2  17  32  0.3941E-07
 16  2  17  32  0.3942E-07
 16  2  18  32  0.3888E-07
 16  2  18  32  0.3888E-07
 16  2  18  32  0.3889E-07
 16  2  18  32  0.3908E-07
 16  2  18  32  0.3888E-07
 16  2  18  32  0.3888E-07
 16  2  18  32  0.3887E-07
 16  2  18  32  0.3907E-07
 16  2  18  32  0.3888E-07
 16  2  18  32  0.3888E-07
 16  2  19  32  0.4171E-07
 16  2  19  32  0.4171E-07
 16  2  19  32  0.4170E-07
 16  2  19  32  0.4170E-07
 16  2  19  32  0.4170E-07
 16  2  19  32  0.4170E-07
 16  2  19  32  0.4171E-07
 16  2  19  32  0.4170E-07
 16  2  19  32  0.4171E-07
 16  2  19  32  0.4171E-07
 16  2  20  32  0.4114E-07
 16  2  20  32  0.4114E-07
 16  2  20  32  0.4114E-07
 16  2  20  32  0.4113E-07
 16  2  20  32  0.4113E-07
 16  2  20  32  0.4113E-07
 16  2  20  32  0.4113E-07
 16  2  20  32  0.4113E-07
 16  2  20  32  0.4112E-07
 16  2  20  32  0.4113E-07
