 16  512  3  8192  0.6292E-09
 16  512  3  8192  0.6096E-09
 16  512  3  8192  0.6083E-09
 16  512  3  8192  0.6056E-09
 16  512  3  8192  0.6022E-09
 16  512  3  8192  0.6117E-09
 16  512  3  8192  0.6102E-09
 16  512  3  8192  0.6187E-09
 16  512  3  8192  0.6092E-09
 16  512  3  8192  0.5996E-09
 16  512  4  8192  0.3216E-09
 16  512  4  8192  0.3164E-09
 16  512  4  8192  0.3141E-09
 16  512  4  8192  0.3094E-09
 16  512  4  8192  0.3091E-09
 16  512  4  8192  0.3134E-09
 16  512  4  8192  0.3106E-09
 16  512  4  8192  0.3142E-09
 16  512  4  8192  0.3190E-09
 16  512  4  8192  0.3150E-09
 16  512  5  8192  0.2700E-09
 16  512  5  8192  0.2655E-09
 16  512  5  8192  0.2671E-09
 16  512  5  8192  0.2654E-09
 16  512  5  8192  0.2623E-09
 16  512  5  8192  0.2622E-09
 16  512  5  8192  0.2604E-09
 16  512  5  8192  0.2670E-09
 16  512  5  8192  0.2659E-09
 16  512  5  8192  0.2644E-09
 16  512  6  8192  0.2229E-09
 16  512  6  8192  0.2172E-09
 16  512  6  8192  0.2261E-09
 16  512  6  8192  0.2177E-09
 16  512  6  8192  0.2170E-09
 16  512  6  8192  0.2181E-09
 16  512  6  8192  0.2200E-09
 16  512  6  8192  0.2176E-09
 16  512  6  8192  0.2185E-09
 16  512  6  8192  0.2177E-09
 16  512  7  8192  0.1938E-09
 16  512  7  8192  0.1978E-09
 16  512  7  8192  0.1903E-09
 16  512  7  8192  0.1906E-09
 16  512  7  8192  0.1908E-09
 16  512  7  8192  0.1914E-09
 16  512  7  8192  0.1901E-09
 16  512  7  8192  0.1934E-09
 16  512  7  8192  0.1900E-09
 16  512  7  8192  0.1910E-09
 16  512  8  8192  0.1577E-09
 16  512  8  8192  0.1601E-09
 16  512  8  8192  0.1546E-09
 16  512  8  8192  0.1561E-09
 16  512  8  8192  0.1555E-09
 16  512  8  8192  0.1567E-09
 16  512  8  8192  0.1552E-09
 16  512  8  8192  0.1559E-09
 16  512  8  8192  0.1555E-09
 16  512  8  8192  0.1560E-09
 16  512  9  8192  0.1562E-09
 16  512  9  8192  0.1542E-09
 16  512  9  8192  0.1545E-09
 16  512  9  8192  0.1547E-09
 16  512  9  8192  0.1586E-09
 16  512  9  8192  0.1544E-09
 16  512  9  8192  0.1545E-09
 16  512  9  8192  0.1542E-09
 16  512  9  8192  0.1544E-09
 16  512  9  8192  0.1546E-09
 16  512  10  8192  0.1534E-09
 16  512  10  8192  0.1490E-09
 16  512  10  8192  0.1495E-09
 16  512  10  8192  0.1490E-09
 16  512  10  8192  0.1492E-09
 16  512  10  8192  0.1511E-09
 16  512  10  8192  0.1503E-09
 16  512  10  8192  0.1496E-09
 16  512  10  8192  0.1491E-09
 16  512  10  8192  0.1491E-09
 16  512  11  8192  0.1472E-09
 16  512  11  8192  0.1464E-09
 16  512  11  8192  0.1469E-09
 16  512  11  8192  0.1466E-09
 16  512  11  8192  0.1464E-09
 16  512  11  8192  0.1469E-09
 16  512  11  8192  0.1487E-09
 16  512  11  8192  0.1473E-09
 16  512  11  8192  0.1463E-09
 16  512  11  8192  0.1466E-09
 16  512  12  8192  0.1403E-09
 16  512  12  8192  0.1402E-09
 16  512  12  8192  0.1402E-09
 16  512  12  8192  0.1401E-09
 16  512  12  8192  0.1414E-09
 16  512  12  8192  0.1400E-09
 16  512  12  8192  0.1405E-09
 16  512  12  8192  0.1412E-09
 16  512  12  8192  0.1405E-09
 16  512  12  8192  0.1406E-09
 16  512  13  8192  0.1361E-09
 16  512  13  8192  0.1342E-09
 16  512  13  8192  0.1343E-09
 16  512  13  8192  0.1342E-09
 16  512  13  8192  0.1344E-09
 16  512  13  8192  0.1344E-09
 16  512  13  8192  0.1342E-09
 16  512  13  8192  0.1340E-09
 16  512  13  8192  0.1342E-09
 16  512  13  8192  0.1341E-09
 16  512  14  8192  0.1264E-09
 16  512  14  8192  0.1271E-09
 16  512  14  8192  0.1260E-09
 16  512  14  8192  0.1276E-09
 16  512  14  8192  0.1329E-09
 16  512  14  8192  0.1319E-09
 16  512  14  8192  0.1332E-09
 16  512  14  8192  0.1332E-09
 16  512  14  8192  0.1332E-09
 16  512  14  8192  0.1333E-09
 16  512  15  8192  0.1371E-09
 16  512  15  8192  0.1369E-09
 16  512  15  8192  0.1368E-09
 16  512  15  8192  0.1370E-09
 16  512  15  8192  0.1380E-09
 16  512  15  8192  0.1368E-09
 16  512  15  8192  0.1379E-09
 16  512  15  8192  0.1380E-09
 16  512  15  8192  0.1368E-09
 16  512  15  8192  0.1369E-09
 16  512  16  8192  0.1360E-09
 16  512  16  8192  0.1351E-09
 16  512  16  8192  0.1348E-09
 16  512  16  8192  0.1348E-09
 16  512  16  8192  0.1356E-09
 16  512  16  8192  0.1358E-09
 16  512  16  8192  0.1364E-09
 16  512  16  8192  0.1349E-09
 16  512  16  8192  0.1357E-09
 16  512  16  8192  0.1349E-09
 16  512  17  8192  0.1597E-09
 16  512  17  8192  0.1603E-09
 16  512  17  8192  0.1610E-09
 16  512  17  8192  0.1603E-09
 16  512  17  8192  0.1603E-09
 16  512  17  8192  0.1595E-09
 16  512  17  8192  0.1601E-09
 16  512  17  8192  0.1604E-09
 16  512  17  8192  0.1610E-09
 16  512  17  8192  0.1603E-09
 16  512  18  8192  0.1579E-09
 16  512  18  8192  0.1570E-09
 16  512  18  8192  0.1578E-09
 16  512  18  8192  0.1570E-09
 16  512  18  8192  0.1571E-09
 16  512  18  8192  0.1571E-09
 16  512  18  8192  0.1578E-09
 16  512  18  8192  0.1578E-09
 16  512  18  8192  0.1565E-09
 16  512  18  8192  0.1578E-09
 16  512  19  8192  0.1686E-09
 16  512  19  8192  0.1689E-09
 16  512  19  8192  0.1690E-09
 16  512  19  8192  0.1684E-09
 16  512  19  8192  0.1691E-09
 16  512  19  8192  0.1689E-09
 16  512  19  8192  0.1685E-09
 16  512  19  8192  0.1685E-09
 16  512  19  8192  0.1691E-09
 16  512  19  8192  0.1690E-09
 16  512  20  8192  0.1750E-09
 16  512  20  8192  0.1746E-09
 16  512  20  8192  0.1748E-09
 16  512  20  8192  0.1751E-09
 16  512  20  8192  0.1750E-09
 16  512  20  8192  0.1750E-09
 16  512  20  8192  0.1753E-09
 16  512  20  8192  0.1752E-09
 16  512  20  8192  0.1752E-09
 16  512  20  8192  0.1760E-09
