 16  64  3  1024  0.2082E-07
 16  64  3  1024  0.1055E-07
 16  64  3  1024  0.9307E-08
 16  64  3  1024  0.9175E-08
 16  64  3  1024  0.8873E-08
 16  64  3  1024  0.8968E-08
 16  64  3  1024  0.9247E-08
 16  64  3  1024  0.9270E-08
 16  64  3  1024  0.9040E-08
 16  64  3  1024  0.8848E-08
 16  64  4  1024  0.8890E-08
 16  64  4  1024  0.5743E-08
 16  64  4  1024  0.5167E-08
 16  64  4  1024  0.5325E-08
 16  64  4  1024  0.5157E-08
 16  64  4  1024  0.5264E-08
 16  64  4  1024  0.5076E-08
 16  64  4  1024  0.5234E-08
 16  64  4  1024  0.5402E-08
 16  64  4  1024  0.5239E-08
 16  64  5  1024  0.2674E-08
 16  64  5  1024  0.2649E-08
 16  64  5  1024  0.2628E-08
 16  64  5  1024  0.2626E-08
 16  64  5  1024  0.2648E-08
 16  64  5  1024  0.2669E-08
 16  64  5  1024  0.2635E-08
 16  64  5  1024  0.2632E-08
 16  64  5  1024  0.2641E-08
 16  64  5  1024  0.2624E-08
 16  64  6  1024  0.1937E-08
 16  64  6  1024  0.1915E-08
 16  64  6  1024  0.1914E-08
 16  64  6  1024  0.1909E-08
 16  64  6  1024  0.1909E-08
 16  64  6  1024  0.1911E-08
 16  64  6  1024  0.1912E-08
 16  64  6  1024  0.1914E-08
 16  64  6  1024  0.1908E-08
 16  64  6  1024  0.1910E-08
 16  64  7  1024  0.1641E-08
 16  64  7  1024  0.1624E-08
 16  64  7  1024  0.1623E-08
 16  64  7  1024  0.1626E-08
 16  64  7  1024  0.1624E-08
 16  64  7  1024  0.1621E-08
 16  64  7  1024  0.1621E-08
 16  64  7  1024  0.1625E-08
 16  64  7  1024  0.1625E-08
 16  64  7  1024  0.1621E-08
 16  64  8  1024  0.1383E-08
 16  64  8  1024  0.1373E-08
 16  64  8  1024  0.1365E-08
 16  64  8  1024  0.1369E-08
 16  64  8  1024  0.1367E-08
 16  64  8  1024  0.1377E-08
 16  64  8  1024  0.1369E-08
 16  64  8  1024  0.1368E-08
 16  64  8  1024  0.1366E-08
 16  64  8  1024  0.1370E-08
 16  64  10  1024  0.1353E-08
 16  64  10  1024  0.1348E-08
 16  64  10  1024  0.1348E-08
 16  64  10  1024  0.1349E-08
 16  64  10  1024  0.1350E-08
 16  64  10  1024  0.1347E-08
 16  64  10  1024  0.1347E-08
 16  64  10  1024  0.1349E-08
 16  64  10  1024  0.1347E-08
 16  64  10  1024  0.1348E-08
 16  64  11  1024  0.1342E-08
 16  64  11  1024  0.1336E-08
 16  64  11  1024  0.1338E-08
 16  64  11  1024  0.1338E-08
 16  64  11  1024  0.1339E-08
 16  64  11  1024  0.1338E-08
 16  64  11  1024  0.1339E-08
 16  64  11  1024  0.1337E-08
 16  64  11  1024  0.1338E-08
 16  64  11  1024  0.1337E-08
 16  64  12  1024  0.1262E-08
 16  64  12  1024  0.1261E-08
 16  64  12  1024  0.1259E-08
 16  64  12  1024  0.1261E-08
 16  64  12  1024  0.1260E-08
 16  64  12  1024  0.1260E-08
 16  64  12  1024  0.1260E-08
 16  64  12  1024  0.1278E-08
 16  64  12  1024  0.1260E-08
 16  64  12  1024  0.1259E-08
 16  64  13  1024  0.1265E-08
 16  64  13  1024  0.1264E-08
 16  64  13  1024  0.1262E-08
 16  64  13  1024  0.1273E-08
 16  64  13  1024  0.1263E-08
 16  64  13  1024  0.1263E-08
 16  64  13  1024  0.1263E-08
 16  64  13  1024  0.1263E-08
 16  64  13  1024  0.1263E-08
 16  64  13  1024  0.1263E-08
 16  64  14  1024  0.1186E-08
 16  64  14  1024  0.1185E-08
 16  64  14  1024  0.1185E-08
 16  64  14  1024  0.1184E-08
 16  64  14  1024  0.1184E-08
 16  64  14  1024  0.1183E-08
 16  64  14  1024  0.1184E-08
 16  64  14  1024  0.1184E-08
 16  64  14  1024  0.1185E-08
 16  64  14  1024  0.1184E-08
 16  64  15  1024  0.1261E-08
 16  64  15  1024  0.1260E-08
 16  64  15  1024  0.1259E-08
 16  64  15  1024  0.1259E-08
 16  64  15  1024  0.1266E-08
 16  64  15  1024  0.1258E-08
 16  64  15  1024  0.1259E-08
 16  64  15  1024  0.1259E-08
 16  64  15  1024  0.1258E-08
 16  64  15  1024  0.1259E-08
 16  64  16  1024  0.1235E-08
 16  64  16  1024  0.1234E-08
 16  64  16  1024  0.1234E-08
 16  64  16  1024  0.1235E-08
 16  64  16  1024  0.1233E-08
 16  64  16  1024  0.1234E-08
 16  64  16  1024  0.1234E-08
 16  64  16  1024  0.1234E-08
 16  64  16  1024  0.1234E-08
 16  64  16  1024  0.1234E-08
 16  64  17  1024  0.1426E-08
 16  64  17  1024  0.1424E-08
 16  64  17  1024  0.1425E-08
 16  64  17  1024  0.1425E-08
 16  64  17  1024  0.1425E-08
 16  64  17  1024  0.1424E-08
 16  64  17  1024  0.1425E-08
 16  64  17  1024  0.1425E-08
 16  64  17  1024  0.1425E-08
 16  64  17  1024  0.1425E-08
 16  64  18  1024  0.1393E-08
 16  64  18  1024  0.1392E-08
 16  64  18  1024  0.1392E-08
 16  64  18  1024  0.1397E-08
 16  64  18  1024  0.1392E-08
 16  64  18  1024  0.1391E-08
 16  64  18  1024  0.1392E-08
 16  64  18  1024  0.1396E-08
 16  64  18  1024  0.1392E-08
 16  64  18  1024  0.1392E-08
 16  64  19  1024  0.1488E-08
 16  64  19  1024  0.1482E-08
 16  64  19  1024  0.1483E-08
 16  64  19  1024  0.1486E-08
 16  64  19  1024  0.1482E-08
 16  64  19  1024  0.1483E-08
 16  64  19  1024  0.1487E-08
 16  64  19  1024  0.1483E-08
 16  64  19  1024  0.1483E-08
 16  64  19  1024  0.1487E-08
 16  64  20  1024  0.1449E-08
 16  64  20  1024  0.1453E-08
 16  64  20  1024  0.1449E-08
 16  64  20  1024  0.1453E-08
 16  64  20  1024  0.1449E-08
 16  64  20  1024  0.1449E-08
 16  64  20  1024  0.1453E-08
 16  64  20  1024  0.1448E-08
 16  64  20  1024  0.1448E-08
 16  64  20  1024  0.1452E-08
