 16  16  3  256  0.1172E-07
 16  16  3  256  0.1137E-07
 16  16  3  256  0.1128E-07
 16  16  3  256  0.1129E-07
 16  16  3  256  0.1131E-07
 16  16  3  256  0.1128E-07
 16  16  3  256  0.1128E-07
 16  16  3  256  0.1132E-07
 16  16  3  256  0.1129E-07
 16  16  3  256  0.1136E-07
 16  16  4  256  0.7027E-08
 16  16  4  256  0.6861E-08
 16  16  4  256  0.6810E-08
 16  16  4  256  0.6851E-08
 16  16  4  256  0.6898E-08
 16  16  4  256  0.6811E-08
 16  16  4  256  0.6824E-08
 16  16  4  256  0.6838E-08
 16  16  4  256  0.6818E-08
 16  16  4  256  0.6833E-08
 16  16  5  256  0.5532E-08
 16  16  5  256  0.5387E-08
 16  16  5  256  0.5569E-08
 16  16  5  256  0.5372E-08
 16  16  5  256  0.5450E-08
 16  16  5  256  0.5379E-08
 16  16  5  256  0.5380E-08
 16  16  5  256  0.5378E-08
 16  16  5  256  0.5416E-08
 16  16  5  256  0.5387E-08
 16  16  6  256  0.5392E-08
 16  16  6  256  0.5321E-08
 16  16  6  256  0.5301E-08
 16  16  6  256  0.5303E-08
 16  16  6  256  0.5308E-08
 16  16  6  256  0.5303E-08
 16  16  6  256  0.5303E-08
 16  16  6  256  0.5305E-08
 16  16  6  256  0.5306E-08
 16  16  6  256  0.5304E-08
 16  16  7  256  0.5339E-08
 16  16  7  256  0.5284E-08
 16  16  7  256  0.5282E-08
 16  16  7  256  0.5268E-08
 16  16  7  256  0.5283E-08
 16  16  7  256  0.5281E-08
 16  16  7  256  0.5275E-08
 16  16  7  256  0.5304E-08
 16  16  7  256  0.5291E-08
 16  16  7  256  0.5287E-08
 16  16  8  256  0.4490E-08
 16  16  8  256  0.4468E-08
 16  16  8  256  0.4455E-08
 16  16  8  256  0.4463E-08
 16  16  8  256  0.4468E-08
 16  16  8  256  0.4463E-08
 16  16  8  256  0.4481E-08
 16  16  8  256  0.4455E-08
 16  16  8  256  0.4467E-08
 16  16  8  256  0.4451E-08
 16  16  9  256  0.4977E-08
 16  16  9  256  0.4955E-08
 16  16  9  256  0.4954E-08
 16  16  9  256  0.4962E-08
 16  16  9  256  0.4955E-08
 16  16  9  256  0.4961E-08
 16  16  9  256  0.4951E-08
 16  16  9  256  0.4961E-08
 16  16  9  256  0.4958E-08
 16  16  9  256  0.4949E-08
 16  16  10  256  0.5058E-08
 16  16  10  256  0.5047E-08
 16  16  10  256  0.5045E-08
 16  16  10  256  0.5053E-08
 16  16  10  256  0.5040E-08
 16  16  10  256  0.5051E-08
 16  16  10  256  0.5042E-08
 16  16  10  256  0.5044E-08
 16  16  10  256  0.5048E-08
 16  16  10  256  0.5042E-08
 16  16  11  256  0.5141E-08
 16  16  11  256  0.5137E-08
 16  16  11  256  0.5123E-08
 16  16  11  256  0.5137E-08
 16  16  11  256  0.5128E-08
 16  16  11  256  0.5134E-08
 16  16  11  256  0.5131E-08
 16  16  11  256  0.5134E-08
 16  16  11  256  0.5133E-08
 16  16  11  256  0.5127E-08
 16  16  12  256  0.4861E-08
 16  16  12  256  0.4775E-08
 16  16  12  256  0.4776E-08
 16  16  12  256  0.4783E-08
 16  16  12  256  0.4773E-08
 16  16  12  256  0.4781E-08
 16  16  12  256  0.4777E-08
 16  16  12  256  0.4777E-08
 16  16  12  256  0.4776E-08
 16  16  12  256  0.4777E-08
 16  16  13  256  0.4894E-08
 16  16  13  256  0.4888E-08
 16  16  13  256  0.4886E-08
 16  16  13  256  0.4888E-08
 16  16  13  256  0.4882E-08
 16  16  13  256  0.4888E-08
 16  16  13  256  0.4889E-08
 16  16  13  256  0.4886E-08
 16  16  13  256  0.4891E-08
 16  16  13  256  0.4885E-08
 16  16  14  256  0.4658E-08
 16  16  14  256  0.4654E-08
 16  16  14  256  0.4653E-08
 16  16  14  256  0.4654E-08
 16  16  14  256  0.4649E-08
 16  16  14  256  0.4653E-08
 16  16  14  256  0.4652E-08
 16  16  14  256  0.4653E-08
 16  16  14  256  0.4654E-08
 16  16  14  256  0.4652E-08
 16  16  15  256  0.4978E-08
 16  16  15  256  0.4976E-08
 16  16  15  256  0.4976E-08
 16  16  15  256  0.4978E-08
 16  16  15  256  0.4972E-08
 16  16  15  256  0.4982E-08
 16  16  15  256  0.4974E-08
 16  16  15  256  0.4978E-08
 16  16  15  256  0.4979E-08
 16  16  15  256  0.4975E-08
 16  16  16  256  0.4799E-08
 16  16  16  256  0.4766E-08
 16  16  16  256  0.4764E-08
 16  16  16  256  0.4765E-08
 16  16  16  256  0.4762E-08
 16  16  16  256  0.4766E-08
 16  16  16  256  0.4793E-08
 16  16  16  256  0.4763E-08
 16  16  16  256  0.4765E-08
 16  16  16  256  0.4762E-08
 16  16  17  256  0.5614E-08
 16  16  17  256  0.5610E-08
 16  16  17  256  0.5611E-08
 16  16  17  256  0.5611E-08
 16  16  17  256  0.5610E-08
 16  16  17  256  0.5612E-08
 16  16  17  256  0.5611E-08
 16  16  17  256  0.5610E-08
 16  16  17  256  0.5611E-08
 16  16  17  256  0.5608E-08
 16  16  18  256  0.5634E-08
 16  16  18  256  0.5630E-08
 16  16  18  256  0.5631E-08
 16  16  18  256  0.5632E-08
 16  16  18  256  0.5630E-08
 16  16  18  256  0.5632E-08
 16  16  18  256  0.5630E-08
 16  16  18  256  0.5633E-08
 16  16  18  256  0.5630E-08
 16  16  18  256  0.5631E-08
 16  16  19  256  0.5833E-08
 16  16  19  256  0.5829E-08
 16  16  19  256  0.5830E-08
 16  16  19  256  0.5830E-08
 16  16  19  256  0.5830E-08
 16  16  19  256  0.5830E-08
 16  16  19  256  0.5830E-08
 16  16  19  256  0.5831E-08
 16  16  19  256  0.5830E-08
 16  16  19  256  0.5830E-08
 16  16  20  256  0.5674E-08
 16  16  20  256  0.5669E-08
 16  16  20  256  0.5670E-08
 16  16  20  256  0.5670E-08
 16  16  20  256  0.5670E-08
 16  16  20  256  0.5672E-08
 16  16  20  256  0.5670E-08
 16  16  20  256  0.5670E-08
 16  16  20  256  0.5669E-08
 16  16  20  256  0.5670E-08
