 16  1  3  16  0.1466E-06
 16  1  3  16  0.1319E-06
 16  1  3  16  0.1343E-06
 16  1  3  16  0.1304E-06
 16  1  3  16  0.1358E-06
 16  1  3  16  0.1328E-06
 16  1  3  16  0.1319E-06
 16  1  3  16  0.1382E-06
 16  1  3  16  0.1398E-06
 16  1  3  16  0.1334E-06
 16  1  4  16  0.8529E-07
 16  1  4  16  0.6737E-07
 16  1  4  16  0.8071E-07
 16  1  4  16  0.1012E-06
 16  1  4  16  0.7551E-07
 16  1  4  16  0.8071E-07
 16  1  4  16  0.7978E-07
 16  1  4  16  0.6411E-07
 16  1  4  16  0.7940E-07
 16  1  4  16  0.7908E-07
 16  1  5  16  0.7685E-07
 16  1  5  16  0.7486E-07
 16  1  5  16  0.7681E-07
 16  1  5  16  0.7216E-07
 16  1  5  16  0.7435E-07
 16  1  5  16  0.7184E-07
 16  1  5  16  0.7097E-07
 16  1  5  16  0.7367E-07
 16  1  5  16  0.7383E-07
 16  1  5  16  0.7164E-07
 16  1  6  16  0.6673E-07
 16  1  6  16  0.6712E-07
 16  1  6  16  0.7147E-07
 16  1  6  16  0.6510E-07
 16  1  6  16  0.6317E-07
 16  1  6  16  0.6731E-07
 16  1  6  16  0.6722E-07
 16  1  6  16  0.7030E-07
 16  1  6  16  0.6731E-07
 16  1  6  16  0.6752E-07
 16  1  7  16  0.6978E-07
 16  1  7  16  0.6767E-07
 16  1  7  16  0.6931E-07
 16  1  7  16  0.6797E-07
 16  1  7  16  0.7094E-07
 16  1  7  16  0.6724E-07
 16  1  7  16  0.6832E-07
 16  1  7  16  0.7083E-07
 16  1  7  16  0.6760E-07
 16  1  7  16  0.6790E-07
 16  1  8  16  0.6808E-07
 16  1  8  16  0.6429E-07
 16  1  8  16  0.6421E-07
 16  1  8  16  0.6442E-07
 16  1  8  16  0.6425E-07
 16  1  8  16  0.6563E-07
 16  1  8  16  0.6424E-07
 16  1  8  16  0.6652E-07
 16  1  8  16  0.6413E-07
 16  1  8  16  0.6624E-07
 16  1  9  16  0.6876E-07
 16  1  9  16  0.6893E-07
 16  1  9  16  0.6899E-07
 16  1  9  16  0.6956E-07
 16  1  9  16  0.6753E-07
 16  1  9  16  0.6621E-07
 16  1  9  16  0.6927E-07
 16  1  9  16  0.6750E-07
 16  1  9  16  0.6687E-07
 16  1  9  16  0.6893E-07
 16  1  10  16  0.9490E-07
 16  1  10  16  0.9250E-07
 16  1  10  16  0.9257E-07
 16  1  10  16  0.9223E-07
 16  1  10  16  0.9258E-07
 16  1  10  16  0.9300E-07
 16  1  10  16  0.9250E-07
 16  1  10  16  0.9248E-07
 16  1  10  16  0.9250E-07
 16  1  10  16  0.9223E-07
 16  1  11  16  0.8637E-07
 16  1  11  16  0.8594E-07
 16  1  11  16  0.8607E-07
 16  1  11  16  0.8510E-07
 16  1  11  16  0.8516E-07
 16  1  11  16  0.8526E-07
 16  1  11  16  0.8590E-07
 16  1  11  16  0.8524E-07
 16  1  11  16  0.8610E-07
 16  1  11  16  0.8513E-07
 16  1  12  16  0.7249E-07
 16  1  12  16  0.7117E-07
 16  1  12  16  0.7184E-07
 16  1  12  16  0.7086E-07
 16  1  12  16  0.7377E-07
 16  1  12  16  0.7086E-07
 16  1  12  16  0.7169E-07
 16  1  12  16  0.7071E-07
 16  1  12  16  0.7177E-07
 16  1  12  16  0.7141E-07
 16  1  13  16  0.5342E-07
 16  1  13  16  0.5333E-07
 16  1  13  16  0.5338E-07
 16  1  13  16  0.5335E-07
 16  1  13  16  0.5335E-07
 16  1  13  16  0.5337E-07
 16  1  13  16  0.5334E-07
 16  1  13  16  0.5344E-07
 16  1  13  16  0.5337E-07
 16  1  13  16  0.5338E-07
 16  1  14  16  0.5031E-07
 16  1  14  16  0.5038E-07
 16  1  14  16  0.5033E-07
 16  1  14  16  0.5032E-07
 16  1  14  16  0.5032E-07
 16  1  14  16  0.5031E-07
 16  1  14  16  0.5032E-07
 16  1  14  16  0.5034E-07
 16  1  14  16  0.5033E-07
 16  1  14  16  0.5031E-07
 16  1  15  16  0.5557E-07
 16  1  15  16  0.5554E-07
 16  1  15  16  0.5557E-07
 16  1  15  16  0.5557E-07
 16  1  15  16  0.5555E-07
 16  1  15  16  0.5557E-07
 16  1  15  16  0.5557E-07
 16  1  15  16  0.5556E-07
 16  1  15  16  0.5556E-07
 16  1  15  16  0.5558E-07
 16  1  16  16  0.5314E-07
 16  1  16  16  0.5313E-07
 16  1  16  16  0.5312E-07
 16  1  16  16  0.5313E-07
 16  1  16  16  0.5313E-07
 16  1  16  16  0.5312E-07
 16  1  16  16  0.5315E-07
 16  1  16  16  0.5313E-07
 16  1  16  16  0.5314E-07
 16  1  16  16  0.5314E-07
 16  1  17  16  0.6592E-07
 16  1  17  16  0.6596E-07
 16  1  17  16  0.6594E-07
 16  1  17  16  0.6594E-07
 16  1  17  16  0.6593E-07
 16  1  17  16  0.6595E-07
 16  1  17  16  0.6594E-07
 16  1  17  16  0.6594E-07
 16  1  17  16  0.6596E-07
 16  1  17  16  0.6594E-07
 16  1  18  16  0.6409E-07
 16  1  18  16  0.6407E-07
 16  1  18  16  0.6407E-07
 16  1  18  16  0.6408E-07
 16  1  18  16  0.6411E-07
 16  1  18  16  0.6408E-07
 16  1  18  16  0.6409E-07
 16  1  18  16  0.6409E-07
 16  1  18  16  0.6409E-07
 16  1  18  16  0.6407E-07
 16  1  19  16  0.6926E-07
 16  1  19  16  0.6925E-07
 16  1  19  16  0.6927E-07
 16  1  19  16  0.6927E-07
 16  1  19  16  0.6926E-07
 16  1  19  16  0.6933E-07
 16  1  19  16  0.6927E-07
 16  1  19  16  0.6926E-07
 16  1  19  16  0.6926E-07
 16  1  19  16  0.6927E-07
 16  1  20  16  0.6837E-07
 16  1  20  16  0.6836E-07
 16  1  20  16  0.6837E-07
 16  1  20  16  0.6837E-07
 16  1  20  16  0.6835E-07
 16  1  20  16  0.6837E-07
 16  1  20  16  0.6837E-07
 16  1  20  16  0.6836E-07
 16  1  20  16  0.6837E-07
 16  1  20  16  0.6836E-07
