 16  128  3  2048  0.9596E-08
 16  128  3  2048  0.5799E-08
 16  128  3  2048  0.5631E-08
 16  128  3  2048  0.5335E-08
 16  128  3  2048  0.5486E-08
 16  128  3  2048  0.3363E-08
 16  128  3  2048  0.2988E-08
 16  128  3  2048  0.4177E-08
 16  128  3  2048  0.5418E-08
 16  128  3  2048  0.5588E-08
 16  128  4  2048  0.1703E-08
 16  128  4  2048  0.1663E-08
 16  128  4  2048  0.1666E-08
 16  128  4  2048  0.1670E-08
 16  128  4  2048  0.1657E-08
 16  128  4  2048  0.1661E-08
 16  128  4  2048  0.1680E-08
 16  128  4  2048  0.1674E-08
 16  128  4  2048  0.1679E-08
 16  128  4  2048  0.1660E-08
 16  128  5  2048  0.1439E-08
 16  128  5  2048  0.1422E-08
 16  128  5  2048  0.1430E-08
 16  128  5  2048  0.1428E-08
 16  128  5  2048  0.1419E-08
 16  128  5  2048  0.1422E-08
 16  128  5  2048  0.1424E-08
 16  128  5  2048  0.1427E-08
 16  128  5  2048  0.1421E-08
 16  128  5  2048  0.1424E-08
 16  128  6  2048  0.9938E-09
 16  128  6  2048  0.9828E-09
 16  128  6  2048  0.9867E-09
 16  128  6  2048  0.9905E-09
 16  128  6  2048  0.9928E-09
 16  128  6  2048  0.9856E-09
 16  128  6  2048  0.9889E-09
 16  128  6  2048  0.1017E-08
 16  128  6  2048  0.9838E-09
 16  128  6  2048  0.9863E-09
 16  128  7  2048  0.8436E-09
 16  128  7  2048  0.8385E-09
 16  128  7  2048  0.8407E-09
 16  128  7  2048  0.8396E-09
 16  128  7  2048  0.8390E-09
 16  128  7  2048  0.8376E-09
 16  128  7  2048  0.8819E-09
 16  128  7  2048  0.8376E-09
 16  128  7  2048  0.8400E-09
 16  128  7  2048  0.8375E-09
 16  128  8  2048  0.6942E-09
 16  128  8  2048  0.6888E-09
 16  128  8  2048  0.6917E-09
 16  128  8  2048  0.6922E-09
 16  128  8  2048  0.6928E-09
 16  128  8  2048  0.6904E-09
 16  128  8  2048  0.6913E-09
 16  128  8  2048  0.6925E-09
 16  128  8  2048  0.6930E-09
 16  128  8  2048  0.6941E-09
 16  128  9  2048  0.6915E-09
 16  128  9  2048  0.6901E-09
 16  128  9  2048  0.6898E-09
 16  128  9  2048  0.6878E-09
 16  128  9  2048  0.6892E-09
 16  128  9  2048  0.6890E-09
 16  128  9  2048  0.6886E-09
 16  128  9  2048  0.6892E-09
 16  128  9  2048  0.6913E-09
 16  128  9  2048  0.6892E-09
 16  128  10  2048  0.6631E-09
 16  128  10  2048  0.6627E-09
 16  128  10  2048  0.6608E-09
 16  128  10  2048  0.6627E-09
 16  128  10  2048  0.6614E-09
 16  128  10  2048  0.6632E-09
 16  128  10  2048  0.6633E-09
 16  128  10  2048  0.6630E-09
 16  128  10  2048  0.6609E-09
 16  128  10  2048  0.6610E-09
 16  128  10  2048  0.6610E-09
 16  128  10  2048  0.6634E-09
 16  128  10  2048  0.6571E-09
 16  128  10  2048  0.6597E-09
 16  128  10  2048  0.6632E-09
 16  128  10  2048  0.6613E-09
 16  128  10  2048  0.6609E-09
 16  128  10  2048  0.6626E-09
 16  128  10  2048  0.6605E-09
 16  128  10  2048  0.6570E-09
 16  128  11  2048  0.6579E-09
 16  128  11  2048  0.6548E-09
 16  128  11  2048  0.6551E-09
 16  128  11  2048  0.6553E-09
 16  128  11  2048  0.6549E-09
 16  128  11  2048  0.6549E-09
 16  128  11  2048  0.6548E-09
 16  128  11  2048  0.6553E-09
 16  128  11  2048  0.6549E-09
 16  128  11  2048  0.6533E-09
 16  128  12  2048  0.6093E-09
 16  128  12  2048  0.6066E-09
 16  128  12  2048  0.6077E-09
 16  128  12  2048  0.6086E-09
 16  128  12  2048  0.6073E-09
 16  128  12  2048  0.6165E-09
 16  128  12  2048  0.6089E-09
 16  128  12  2048  0.6078E-09
 16  128  12  2048  0.6089E-09
 16  128  12  2048  0.6071E-09
 16  128  13  2048  0.6171E-09
 16  128  13  2048  0.6161E-09
 16  128  13  2048  0.6156E-09
 16  128  13  2048  0.6222E-09
 16  128  13  2048  0.6167E-09
 16  128  13  2048  0.6157E-09
 16  128  13  2048  0.6159E-09
 16  128  13  2048  0.6157E-09
 16  128  13  2048  0.6155E-09
 16  128  13  2048  0.6152E-09
 16  128  14  2048  0.5764E-09
 16  128  14  2048  0.5755E-09
 16  128  14  2048  0.5810E-09
 16  128  14  2048  0.5756E-09
 16  128  14  2048  0.5815E-09
 16  128  14  2048  0.5758E-09
 16  128  14  2048  0.5753E-09
 16  128  14  2048  0.5757E-09
 16  128  14  2048  0.5756E-09
 16  128  14  2048  0.5756E-09
 16  128  15  2048  0.6137E-09
 16  128  15  2048  0.6171E-09
 16  128  15  2048  0.6132E-09
 16  128  15  2048  0.6135E-09
 16  128  15  2048  0.6136E-09
 16  128  15  2048  0.6133E-09
 16  128  15  2048  0.6127E-09
 16  128  15  2048  0.6132E-09
 16  128  15  2048  0.6139E-09
 16  128  15  2048  0.6176E-09
 16  128  16  2048  0.5999E-09
 16  128  16  2048  0.5992E-09
 16  128  16  2048  0.6026E-09
 16  128  16  2048  0.5995E-09
 16  128  16  2048  0.5996E-09
 16  128  16  2048  0.5989E-09
 16  128  16  2048  0.5991E-09
 16  128  16  2048  0.5994E-09
 16  128  16  2048  0.5995E-09
 16  128  16  2048  0.6021E-09
 16  128  17  2048  0.6930E-09
 16  128  17  2048  0.6929E-09
 16  128  17  2048  0.6929E-09
 16  128  17  2048  0.6927E-09
 16  128  17  2048  0.6925E-09
 16  128  17  2048  0.6927E-09
 16  128  17  2048  0.6930E-09
 16  128  17  2048  0.6927E-09
 16  128  17  2048  0.6928E-09
 16  128  17  2048  0.6923E-09
 16  128  18  2048  0.7190E-09
 16  128  18  2048  0.7192E-09
 16  128  18  2048  0.7186E-09
 16  128  18  2048  0.7162E-09
 16  128  18  2048  0.7181E-09
 16  128  18  2048  0.7191E-09
 16  128  18  2048  0.7182E-09
 16  128  18  2048  0.7169E-09
 16  128  18  2048  0.7194E-09
 16  128  18  2048  0.7200E-09
 16  128  19  2048  0.7573E-09
 16  128  19  2048  0.7560E-09
 16  128  19  2048  0.7560E-09
 16  128  19  2048  0.7558E-09
 16  128  19  2048  0.7565E-09
 16  128  19  2048  0.7562E-09
 16  128  19  2048  0.7563E-09
 16  128  19  2048  0.7573E-09
 16  128  19  2048  0.7564E-09
 16  128  19  2048  0.7565E-09
 16  128  20  2048  0.7068E-09
 16  128  20  2048  0.7085E-09
 16  128  20  2048  0.7066E-09
 16  128  20  2048  0.7065E-09
 16  128  20  2048  0.7087E-09
 16  128  20  2048  0.7067E-09
 16  128  20  2048  0.7066E-09
 16  128  20  2048  0.7083E-09
 16  128  20  2048  0.7066E-09
 16  128  20  2048  0.7066E-09
