 16  4  3  64  0.8200E-07
 16  4  3  64  0.6981E-07
 16  4  3  64  0.7524E-07
 16  4  3  64  0.6673E-07
 16  4  3  64  0.6655E-07
 16  4  3  64  0.6848E-07
 16  4  3  64  0.6673E-07
 16  4  3  64  0.6535E-07
 16  4  3  64  0.6710E-07
 16  4  3  64  0.6503E-07
 16  4  4  64  0.4395E-07
 16  4  4  64  0.4158E-07
 16  4  4  64  0.4094E-07
 16  4  4  64  0.4135E-07
 16  4  4  64  0.4631E-07
 16  4  4  64  0.4175E-07
 16  4  4  64  0.4125E-07
 16  4  4  64  0.4109E-07
 16  4  4  64  0.4109E-07
 16  4  4  64  0.4084E-07
 16  4  5  64  0.3975E-07
 16  4  5  64  0.3779E-07
 16  4  5  64  0.3883E-07
 16  4  5  64  0.3683E-07
 16  4  5  64  0.3688E-07
 16  4  5  64  0.3671E-07
 16  4  5  64  0.3829E-07
 16  4  5  64  0.3692E-07
 16  4  5  64  0.3704E-07
 16  4  5  64  0.3891E-07
 16  4  6  64  0.1604E-07
 16  4  6  64  0.1593E-07
 16  4  6  64  0.1599E-07
 16  4  6  64  0.1600E-07
 16  4  6  64  0.1595E-07
 16  4  6  64  0.1597E-07
 16  4  6  64  0.1598E-07
 16  4  6  64  0.1597E-07
 16  4  6  64  0.1601E-07
 16  4  6  64  0.1599E-07
 16  4  7  64  0.1532E-07
 16  4  7  64  0.1531E-07
 16  4  7  64  0.1530E-07
 16  4  7  64  0.1529E-07
 16  4  7  64  0.1531E-07
 16  4  7  64  0.1529E-07
 16  4  7  64  0.1531E-07
 16  4  7  64  0.1529E-07
 16  4  7  64  0.1531E-07
 16  4  7  64  0.1533E-07
 16  4  8  64  0.1349E-07
 16  4  8  64  0.1347E-07
 16  4  8  64  0.1347E-07
 16  4  8  64  0.1346E-07
 16  4  8  64  0.1348E-07
 16  4  8  64  0.1346E-07
 16  4  8  64  0.1347E-07
 16  4  8  64  0.1347E-07
 16  4  8  64  0.1347E-07
 16  4  8  64  0.1349E-07
 16  4  9  64  0.1559E-07
 16  4  9  64  0.1558E-07
 16  4  9  64  0.1557E-07
 16  4  9  64  0.1558E-07
 16  4  9  64  0.1557E-07
 16  4  9  64  0.1558E-07
 16  4  9  64  0.1557E-07
 16  4  9  64  0.1558E-07
 16  4  9  64  0.1557E-07
 16  4  9  64  0.1558E-07
 16  4  10  64  0.1642E-07
 16  4  10  64  0.1639E-07
 16  4  10  64  0.1639E-07
 16  4  10  64  0.1639E-07
 16  4  10  64  0.1639E-07
 16  4  10  64  0.1638E-07
 16  4  10  64  0.1639E-07
 16  4  10  64  0.1639E-07
 16  4  10  64  0.1640E-07
 16  4  10  64  0.1639E-07
 16  4  11  64  0.1705E-07
 16  4  11  64  0.1703E-07
 16  4  11  64  0.1705E-07
 16  4  11  64  0.1745E-07
 16  4  11  64  0.1704E-07
 16  4  11  64  0.1703E-07
 16  4  11  64  0.1704E-07
 16  4  11  64  0.1703E-07
 16  4  11  64  0.1703E-07
 16  4  11  64  0.1704E-07
 16  4  12  64  0.1602E-07
 16  4  12  64  0.1601E-07
 16  4  12  64  0.1601E-07
 16  4  12  64  0.1601E-07
 16  4  12  64  0.1602E-07
 16  4  12  64  0.1600E-07
 16  4  12  64  0.1601E-07
 16  4  12  64  0.1601E-07
 16  4  12  64  0.1601E-07
 16  4  12  64  0.1601E-07
 16  4  13  64  0.1661E-07
 16  4  13  64  0.1659E-07
 16  4  13  64  0.1660E-07
 16  4  13  64  0.1660E-07
 16  4  13  64  0.1661E-07
 16  4  13  64  0.1659E-07
 16  4  13  64  0.1659E-07
 16  4  13  64  0.1660E-07
 16  4  13  64  0.1659E-07
 16  4  13  64  0.1660E-07
 16  4  14  64  0.1591E-07
 16  4  14  64  0.1590E-07
 16  4  14  64  0.1590E-07
 16  4  14  64  0.1590E-07
 16  4  14  64  0.1591E-07
 16  4  14  64  0.1591E-07
 16  4  14  64  0.1590E-07
 16  4  14  64  0.1590E-07
 16  4  14  64  0.1590E-07
 16  4  14  64  0.1590E-07
 16  4  15  64  0.1735E-07
 16  4  15  64  0.1735E-07
 16  4  15  64  0.1735E-07
 16  4  15  64  0.1734E-07
 16  4  15  64  0.1735E-07
 16  4  15  64  0.1734E-07
 16  4  15  64  0.1734E-07
 16  4  15  64  0.1734E-07
 16  4  15  64  0.1735E-07
 16  4  15  64  0.1735E-07
 16  4  15  64  0.1739E-07
 16  4  15  64  0.1739E-07
 16  4  15  64  0.1739E-07
 16  4  15  64  0.1739E-07
 16  4  15  64  0.1738E-07
 16  4  15  64  0.1738E-07
 16  4  15  64  0.1738E-07
 16  4  15  64  0.1739E-07
 16  4  15  64  0.1739E-07
 16  4  15  64  0.1740E-07
 16  4  16  64  0.1731E-07
 16  4  16  64  0.1731E-07
 16  4  16  64  0.1730E-07
 16  4  16  64  0.1731E-07
 16  4  16  64  0.1731E-07
 16  4  16  64  0.1731E-07
 16  4  16  64  0.1731E-07
 16  4  16  64  0.1731E-07
 16  4  16  64  0.1731E-07
 16  4  16  64  0.1731E-07
 16  4  17  64  0.2041E-07
 16  4  17  64  0.2041E-07
 16  4  17  64  0.2041E-07
 16  4  17  64  0.2041E-07
 16  4  17  64  0.2041E-07
 16  4  17  64  0.2041E-07
 16  4  17  64  0.2041E-07
 16  4  17  64  0.2041E-07
 16  4  17  64  0.2041E-07
 16  4  17  64  0.2040E-07
 16  4  18  64  0.2013E-07
 16  4  18  64  0.2013E-07
 16  4  18  64  0.2013E-07
 16  4  18  64  0.2012E-07
 16  4  18  64  0.2013E-07
 16  4  18  64  0.2013E-07
 16  4  18  64  0.2012E-07
 16  4  18  64  0.2012E-07
 16  4  18  64  0.2012E-07
 16  4  18  64  0.2013E-07
 16  4  19  64  0.2159E-07
 16  4  19  64  0.2159E-07
 16  4  19  64  0.2159E-07
 16  4  19  64  0.2159E-07
 16  4  19  64  0.2159E-07
 16  4  19  64  0.2159E-07
 16  4  19  64  0.2159E-07
 16  4  19  64  0.2159E-07
 16  4  19  64  0.2159E-07
 16  4  19  64  0.2159E-07
 16  4  20  64  0.2130E-07
 16  4  20  64  0.2130E-07
 16  4  20  64  0.2130E-07
 16  4  20  64  0.2130E-07
 16  4  20  64  0.2130E-07
 16  4  20  64  0.2130E-07
 16  4  20  64  0.2130E-07
 16  4  20  64  0.2130E-07
 16  4  20  64  0.2130E-07
 16  4  20  64  0.2130E-07
