 16  32  3  512  0.2136E-07
 16  32  3  512  0.8876E-08
 16  32  3  512  0.8802E-08
 16  32  3  512  0.8681E-08
 16  32  3  512  0.8462E-08
 16  32  3  512  0.8416E-08
 16  32  3  512  0.8560E-08
 16  32  3  512  0.8002E-08
 16  32  3  512  0.8273E-08
 16  32  3  512  0.8106E-08
 16  32  4  512  0.1597E-07
 16  32  4  512  0.5544E-08
 16  32  4  512  0.5901E-08
 16  32  4  512  0.5493E-08
 16  32  4  512  0.5503E-08
 16  32  4  512  0.5379E-08
 16  32  4  512  0.6265E-08
 16  32  4  512  0.5474E-08
 16  32  4  512  0.5137E-08
 16  32  4  512  0.5105E-08
 16  32  5  512  0.1232E-07
 16  32  5  512  0.4224E-08
 16  32  5  512  0.4287E-08
 16  32  5  512  0.4636E-08
 16  32  5  512  0.4193E-08
 16  32  5  512  0.4287E-08
 16  32  5  512  0.4333E-08
 16  32  5  512  0.4515E-08
 16  32  5  512  0.4260E-08
 16  32  5  512  0.4490E-08
 16  32  6  512  0.1776E-08
 16  32  6  512  0.1711E-08
 16  32  6  512  0.1716E-08
 16  32  6  512  0.1698E-08
 16  32  6  512  0.1701E-08
 16  32  6  512  0.1699E-08
 16  32  6  512  0.1702E-08
 16  32  6  512  0.1699E-08
 16  32  6  512  0.1696E-08
 16  32  6  512  0.1698E-08
 16  32  7  512  0.1761E-08
 16  32  7  512  0.1735E-08
 16  32  7  512  0.1740E-08
 16  32  7  512  0.1732E-08
 16  32  7  512  0.1735E-08
 16  32  7  512  0.1736E-08
 16  32  7  512  0.1764E-08
 16  32  7  512  0.1736E-08
 16  32  7  512  0.1739E-08
 16  32  7  512  0.1739E-08
 16  32  8  512  0.1559E-08
 16  32  8  512  0.1534E-08
 16  32  8  512  0.1538E-08
 16  32  8  512  0.1549E-08
 16  32  8  512  0.1536E-08
 16  32  8  512  0.1534E-08
 16  32  8  512  0.1538E-08
 16  32  8  512  0.1535E-08
 16  32  8  512  0.1535E-08
 16  32  8  512  0.1536E-08
 16  32  9  512  0.1840E-08
 16  32  9  512  0.1828E-08
 16  32  9  512  0.1822E-08
 16  32  9  512  0.1818E-08
 16  32  9  512  0.1819E-08
 16  32  9  512  0.1818E-08
 16  32  9  512  0.1823E-08
 16  32  9  512  0.1818E-08
 16  32  9  512  0.1819E-08
 16  32  9  512  0.1819E-08
 16  32  10  512  0.1926E-08
 16  32  10  512  0.1914E-08
 16  32  10  512  0.1912E-08
 16  32  10  512  0.1912E-08
 16  32  10  512  0.1915E-08
 16  32  10  512  0.1912E-08
 16  32  10  512  0.1912E-08
 16  32  10  512  0.1913E-08
 16  32  10  512  0.1911E-08
 16  32  10  512  0.1911E-08
 16  32  11  512  0.2005E-08
 16  32  11  512  0.1995E-08
 16  32  11  512  0.1993E-08
 16  32  11  512  0.1995E-08
 16  32  11  512  0.1994E-08
 16  32  11  512  0.1995E-08
 16  32  11  512  0.1995E-08
 16  32  11  512  0.1993E-08
 16  32  11  512  0.1996E-08
 16  32  11  512  0.1993E-08
 16  32  12  512  0.1841E-08
 16  32  12  512  0.1836E-08
 16  32  12  512  0.1834E-08
 16  32  12  512  0.1835E-08
 16  32  12  512  0.1834E-08
 16  32  12  512  0.1837E-08
 16  32  12  512  0.1835E-08
 16  32  12  512  0.1834E-08
 16  32  12  512  0.1835E-08
 16  32  12  512  0.1835E-08
 16  32  13  512  0.1935E-08
 16  32  13  512  0.1930E-08
 16  32  13  512  0.1931E-08
 16  32  13  512  0.1930E-08
 16  32  13  512  0.1929E-08
 16  32  13  512  0.1930E-08
 16  32  13  512  0.1931E-08
 16  32  13  512  0.1929E-08
 16  32  13  512  0.1929E-08
 16  32  13  512  0.1929E-08
 16  32  14  512  0.1845E-08
 16  32  14  512  0.1841E-08
 16  32  14  512  0.1838E-08
 16  32  14  512  0.1839E-08
 16  32  14  512  0.1838E-08
 16  32  14  512  0.1838E-08
 16  32  14  512  0.1839E-08
 16  32  14  512  0.1838E-08
 16  32  14  512  0.1838E-08
 16  32  14  512  0.1840E-08
 16  32  15  512  0.2047E-08
 16  32  15  512  0.2044E-08
 16  32  15  512  0.2044E-08
 16  32  15  512  0.2042E-08
 16  32  15  512  0.2044E-08
 16  32  15  512  0.2043E-08
 16  32  15  512  0.2043E-08
 16  32  15  512  0.2042E-08
 16  32  15  512  0.2043E-08
 16  32  15  512  0.2042E-08
 16  32  16  512  0.2043E-08
 16  32  16  512  0.2041E-08
 16  32  16  512  0.2041E-08
 16  32  16  512  0.2040E-08
 16  32  16  512  0.2041E-08
 16  32  16  512  0.2041E-08
 16  32  16  512  0.2040E-08
 16  32  16  512  0.2041E-08
 16  32  16  512  0.2040E-08
 16  32  16  512  0.2041E-08
 16  32  17  512  0.2448E-08
 16  32  17  512  0.2446E-08
 16  32  17  512  0.2446E-08
 16  32  17  512  0.2446E-08
 16  32  17  512  0.2447E-08
 16  32  17  512  0.2446E-08
 16  32  17  512  0.2446E-08
 16  32  17  512  0.2446E-08
 16  32  17  512  0.2446E-08
 16  32  17  512  0.2446E-08
 16  32  18  512  0.2422E-08
 16  32  18  512  0.2420E-08
 16  32  18  512  0.2421E-08
 16  32  18  512  0.2421E-08
 16  32  18  512  0.2420E-08
 16  32  18  512  0.2421E-08
 16  32  18  512  0.2421E-08
 16  32  18  512  0.2421E-08
 16  32  18  512  0.2421E-08
 16  32  18  512  0.2421E-08
 16  32  19  512  0.2621E-08
 16  32  19  512  0.2620E-08
 16  32  19  512  0.2620E-08
 16  32  19  512  0.2620E-08
 16  32  19  512  0.2620E-08
 16  32  19  512  0.2619E-08
 16  32  19  512  0.2619E-08
 16  32  19  512  0.2619E-08
 16  32  19  512  0.2619E-08
 16  32  19  512  0.2619E-08
 16  32  20  512  0.2569E-08
 16  32  20  512  0.2568E-08
 16  32  20  512  0.2569E-08
 16  32  20  512  0.2568E-08
 16  32  20  512  0.2568E-08
 16  32  20  512  0.2568E-08
 16  32  20  512  0.2568E-08
 16  32  20  512  0.2568E-08
 16  32  20  512  0.2568E-08
 16  32  20  512  0.2569E-08
