 16  64  3  1024  0.1362E-07
 16  64  3  1024  0.8040E-08
 16  64  3  1024  0.7910E-08
 16  64  3  1024  0.7982E-08
 16  64  3  1024  0.7246E-08
 16  64  3  1024  0.5257E-08
 16  64  3  1024  0.6956E-08
 16  64  3  1024  0.6870E-08
 16  64  3  1024  0.6812E-08
 16  64  3  1024  0.7209E-08
 16  64  4  1024  0.7253E-08
 16  64  4  1024  0.4547E-08
 16  64  4  1024  0.4252E-08
 16  64  4  1024  0.4221E-08
 16  64  4  1024  0.4135E-08
 16  64  4  1024  0.4258E-08
 16  64  4  1024  0.4115E-08
 16  64  4  1024  0.4150E-08
 16  64  4  1024  0.4404E-08
 16  64  4  1024  0.4267E-08
 16  64  5  1024  0.2077E-08
 16  64  5  1024  0.2044E-08
 16  64  5  1024  0.2018E-08
 16  64  5  1024  0.2043E-08
 16  64  5  1024  0.2027E-08
 16  64  5  1024  0.2030E-08
 16  64  5  1024  0.2013E-08
 16  64  5  1024  0.2015E-08
 16  64  5  1024  0.2023E-08
 16  64  5  1024  0.2022E-08
 16  64  6  1024  0.1559E-08
 16  64  6  1024  0.1539E-08
 16  64  6  1024  0.1539E-08
 16  64  6  1024  0.1534E-08
 16  64  6  1024  0.1537E-08
 16  64  6  1024  0.1536E-08
 16  64  6  1024  0.1532E-08
 16  64  6  1024  0.1535E-08
 16  64  6  1024  0.1537E-08
 16  64  6  1024  0.1537E-08
 16  64  7  1024  0.1351E-08
 16  64  7  1024  0.1342E-08
 16  64  7  1024  0.1336E-08
 16  64  7  1024  0.1340E-08
 16  64  7  1024  0.1340E-08
 16  64  7  1024  0.1341E-08
 16  64  7  1024  0.1342E-08
 16  64  7  1024  0.1338E-08
 16  64  7  1024  0.1342E-08
 16  64  7  1024  0.1336E-08
 16  64  8  1024  0.1141E-08
 16  64  8  1024  0.1135E-08
 16  64  8  1024  0.1132E-08
 16  64  8  1024  0.1134E-08
 16  64  8  1024  0.1138E-08
 16  64  8  1024  0.1140E-08
 16  64  8  1024  0.1136E-08
 16  64  8  1024  0.1131E-08
 16  64  8  1024  0.1133E-08
 16  64  8  1024  0.1136E-08
 16  64  10  1024  0.1166E-08
 16  64  10  1024  0.1161E-08
 16  64  10  1024  0.1160E-08
 16  64  10  1024  0.1161E-08
 16  64  10  1024  0.1164E-08
 16  64  10  1024  0.1162E-08
 16  64  10  1024  0.1162E-08
 16  64  10  1024  0.1163E-08
 16  64  10  1024  0.1162E-08
 16  64  10  1024  0.1162E-08
 16  64  11  1024  0.1168E-08
 16  64  11  1024  0.1164E-08
 16  64  11  1024  0.1165E-08
 16  64  11  1024  0.1168E-08
 16  64  11  1024  0.1164E-08
 16  64  11  1024  0.1165E-08
 16  64  11  1024  0.1164E-08
 16  64  11  1024  0.1165E-08
 16  64  11  1024  0.1164E-08
 16  64  11  1024  0.1165E-08
 16  64  12  1024  0.1080E-08
 16  64  12  1024  0.1078E-08
 16  64  12  1024  0.1078E-08
 16  64  12  1024  0.1078E-08
 16  64  12  1024  0.1077E-08
 16  64  12  1024  0.1079E-08
 16  64  12  1024  0.1077E-08
 16  64  12  1024  0.1078E-08
 16  64  12  1024  0.1077E-08
 16  64  12  1024  0.1079E-08
 16  64  13  1024  0.1096E-08
 16  64  13  1024  0.1095E-08
 16  64  13  1024  0.1094E-08
 16  64  13  1024  0.1095E-08
 16  64  13  1024  0.1095E-08
 16  64  13  1024  0.1093E-08
 16  64  13  1024  0.1094E-08
 16  64  13  1024  0.1094E-08
 16  64  13  1024  0.1095E-08
 16  64  13  1024  0.1095E-08
 16  64  14  1024  0.1037E-08
 16  64  14  1024  0.1034E-08
 16  64  14  1024  0.1036E-08
 16  64  14  1024  0.1034E-08
 16  64  14  1024  0.1034E-08
 16  64  14  1024  0.1035E-08
 16  64  14  1024  0.1034E-08
 16  64  14  1024  0.1034E-08
 16  64  14  1024  0.1034E-08
 16  64  14  1024  0.1036E-08
 16  64  15  1024  0.1126E-08
 16  64  15  1024  0.1124E-08
 16  64  15  1024  0.1125E-08
 16  64  15  1024  0.1125E-08
 16  64  15  1024  0.1124E-08
 16  64  15  1024  0.1125E-08
 16  64  15  1024  0.1125E-08
 16  64  15  1024  0.1125E-08
 16  64  15  1024  0.1133E-08
 16  64  15  1024  0.1125E-08
 16  64  16  1024  0.1109E-08
 16  64  16  1024  0.1107E-08
 16  64  16  1024  0.1108E-08
 16  64  16  1024  0.1108E-08
 16  64  16  1024  0.1107E-08
 16  64  16  1024  0.1107E-08
 16  64  16  1024  0.1108E-08
 16  64  16  1024  0.1107E-08
 16  64  16  1024  0.1108E-08
 16  64  16  1024  0.1108E-08
 16  64  17  1024  0.1306E-08
 16  64  17  1024  0.1306E-08
 16  64  17  1024  0.1306E-08
 16  64  17  1024  0.1306E-08
 16  64  17  1024  0.1306E-08
 16  64  17  1024  0.1306E-08
 16  64  17  1024  0.1306E-08
 16  64  17  1024  0.1306E-08
 16  64  17  1024  0.1306E-08
 16  64  17  1024  0.1306E-08
 16  64  18  1024  0.1280E-08
 16  64  18  1024  0.1279E-08
 16  64  18  1024  0.1285E-08
 16  64  18  1024  0.1279E-08
 16  64  18  1024  0.1279E-08
 16  64  18  1024  0.1279E-08
 16  64  18  1024  0.1284E-08
 16  64  18  1024  0.1279E-08
 16  64  18  1024  0.1280E-08
 16  64  18  1024  0.1279E-08
 16  64  19  1024  0.1380E-08
 16  64  19  1024  0.1375E-08
 16  64  19  1024  0.1375E-08
 16  64  19  1024  0.1380E-08
 16  64  19  1024  0.1375E-08
 16  64  19  1024  0.1375E-08
 16  64  19  1024  0.1380E-08
 16  64  19  1024  0.1375E-08
 16  64  19  1024  0.1375E-08
 16  64  19  1024  0.1375E-08
 16  64  20  1024  0.1353E-08
 16  64  20  1024  0.1349E-08
 16  64  20  1024  0.1349E-08
 16  64  20  1024  0.1353E-08
 16  64  20  1024  0.1348E-08
 16  64  20  1024  0.1349E-08
 16  64  20  1024  0.1352E-08
 16  64  20  1024  0.1349E-08
 16  64  20  1024  0.1349E-08
 16  64  20  1024  0.1353E-08
