 16  8192  4  131072  0.4162E-10
 16  8192  4  131072  0.4156E-10
 16  8192  4  131072  0.4182E-10
 16  8192  4  131072  0.3907E-10
 16  8192  4  131072  0.3870E-10
 16  8192  4  131072  0.3838E-10
 16  8192  4  131072  0.3728E-10
 16  8192  4  131072  0.3786E-10
 16  8192  4  131072  0.3942E-10
 16  8192  4  131072  0.4173E-10
 16  8192  5  131072  0.2989E-10
 16  8192  5  131072  0.2962E-10
 16  8192  5  131072  0.3065E-10
 16  8192  5  131072  0.3120E-10
 16  8192  5  131072  0.3085E-10
 16  8192  5  131072  0.2946E-10
 16  8192  5  131072  0.3004E-10
 16  8192  5  131072  0.2997E-10
 16  8192  5  131072  0.3039E-10
 16  8192  5  131072  0.3164E-10
 16  8192  6  131072  0.2270E-10
 16  8192  6  131072  0.2213E-10
 16  8192  6  131072  0.2213E-10
 16  8192  6  131072  0.2220E-10
 16  8192  6  131072  0.2216E-10
 16  8192  6  131072  0.2189E-10
 16  8192  6  131072  0.2257E-10
 16  8192  6  131072  0.2209E-10
 16  8192  6  131072  0.2199E-10
 16  8192  6  131072  0.2214E-10
 16  8192  7  131072  0.1799E-10
 16  8192  7  131072  0.1726E-10
 16  8192  7  131072  0.1688E-10
 16  8192  7  131072  0.1762E-10
 16  8192  7  131072  0.1766E-10
 16  8192  7  131072  0.1708E-10
 16  8192  7  131072  0.1681E-10
 16  8192  7  131072  0.1747E-10
 16  8192  7  131072  0.1799E-10
 16  8192  7  131072  0.1730E-10
 16  8192  8  131072  0.1324E-10
 16  8192  8  131072  0.1342E-10
 16  8192  8  131072  0.1320E-10
 16  8192  8  131072  0.1300E-10
 16  8192  8  131072  0.1330E-10
 16  8192  8  131072  0.1344E-10
 16  8192  8  131072  0.1309E-10
 16  8192  8  131072  0.1279E-10
 16  8192  8  131072  0.1330E-10
 16  8192  8  131072  0.1336E-10
 16  8192  9  131072  0.1254E-10
 16  8192  9  131072  0.1230E-10
 16  8192  9  131072  0.1221E-10
 16  8192  9  131072  0.1237E-10
 16  8192  9  131072  0.1221E-10
 16  8192  9  131072  0.1232E-10
 16  8192  9  131072  0.1234E-10
 16  8192  9  131072  0.1215E-10
 16  8192  9  131072  0.1229E-10
 16  8192  9  131072  0.1226E-10
 16  8192  10  131072  0.1132E-10
 16  8192  10  131072  0.1126E-10
 16  8192  10  131072  0.1132E-10
 16  8192  10  131072  0.1121E-10
 16  8192  10  131072  0.1138E-10
 16  8192  10  131072  0.1116E-10
 16  8192  10  131072  0.1128E-10
 16  8192  10  131072  0.1124E-10
 16  8192  10  131072  0.1122E-10
 16  8192  10  131072  0.1126E-10
 16  8192  11  131072  0.1111E-10
 16  8192  11  131072  0.1099E-10
 16  8192  11  131072  0.1107E-10
 16  8192  11  131072  0.1102E-10
 16  8192  11  131072  0.1107E-10
 16  8192  11  131072  0.1111E-10
 16  8192  11  131072  0.1099E-10
 16  8192  11  131072  0.1108E-10
 16  8192  11  131072  0.1102E-10
 16  8192  11  131072  0.1103E-10
 16  8192  12  131072  0.9889E-11
 16  8192  12  131072  0.9971E-11
 16  8192  12  131072  0.9898E-11
 16  8192  12  131072  0.9899E-11
 16  8192  12  131072  0.9942E-11
 16  8192  12  131072  0.9888E-11
 16  8192  12  131072  0.9906E-11
 16  8192  12  131072  0.9985E-11
 16  8192  12  131072  0.9924E-11
 16  8192  12  131072  0.9861E-11
 16  8192  13  131072  0.1012E-10
 16  8192  13  131072  0.1010E-10
 16  8192  13  131072  0.1010E-10
 16  8192  13  131072  0.1014E-10
 16  8192  13  131072  0.1006E-10
 16  8192  13  131072  0.1015E-10
 16  8192  13  131072  0.1013E-10
 16  8192  13  131072  0.1015E-10
 16  8192  13  131072  0.1013E-10
 16  8192  13  131072  0.1014E-10
 16  8192  14  131072  0.9380E-11
 16  8192  14  131072  0.9413E-11
 16  8192  14  131072  0.9379E-11
 16  8192  14  131072  0.9379E-11
 16  8192  14  131072  0.9411E-11
 16  8192  14  131072  0.9397E-11
 16  8192  14  131072  0.9391E-11
 16  8192  14  131072  0.9400E-11
 16  8192  14  131072  0.9379E-11
 16  8192  14  131072  0.9415E-11
 16  8192  15  131072  0.1013E-10
 16  8192  15  131072  0.1007E-10
 16  8192  15  131072  0.1009E-10
 16  8192  15  131072  0.1012E-10
 16  8192  15  131072  0.1010E-10
 16  8192  15  131072  0.1007E-10
 16  8192  15  131072  0.1011E-10
 16  8192  15  131072  0.1008E-10
 16  8192  15  131072  0.1007E-10
 16  8192  15  131072  0.1010E-10
 16  8192  16  131072  0.9378E-11
 16  8192  16  131072  0.9404E-11
 16  8192  16  131072  0.9394E-11
 16  8192  16  131072  0.9405E-11
 16  8192  16  131072  0.9392E-11
 16  8192  16  131072  0.9431E-11
 16  8192  16  131072  0.9401E-11
 16  8192  16  131072  0.9410E-11
 16  8192  16  131072  0.9400E-11
 16  8192  16  131072  0.9420E-11
 16  8192  17  131072  0.1193E-10
 16  8192  17  131072  0.1189E-10
 16  8192  17  131072  0.1193E-10
 16  8192  17  131072  0.1197E-10
 16  8192  17  131072  0.1191E-10
 16  8192  17  131072  0.1190E-10
 16  8192  17  131072  0.1193E-10
 16  8192  17  131072  0.1195E-10
 16  8192  17  131072  0.1197E-10
 16  8192  17  131072  0.1195E-10
 16  8192  18  131072  -0.1355E-10
 16  8192  18  131072  -0.1356E-10
 16  8192  18  131072  -0.1354E-10
 16  8192  18  131072  -0.1354E-10
 16  8192  18  131072  -0.1358E-10
 16  8192  18  131072  -0.1360E-10
 16  8192  18  131072  -0.1360E-10
 16  8192  18  131072  -0.1359E-10
 16  8192  18  131072  -0.1358E-10
 16  8192  18  131072  -0.1360E-10
 16  8192  19  131072  -0.1969E-10
 16  8192  19  131072  -0.1965E-10
 16  8192  19  131072  -0.1965E-10
 16  8192  19  131072  -0.1964E-10
 16  8192  19  131072  -0.1963E-10
 16  8192  19  131072  -0.1965E-10
 16  8192  19  131072  -0.1965E-10
 16  8192  19  131072  -0.1963E-10
 16  8192  19  131072  -0.1963E-10
 16  8192  19  131072  -0.1965E-10
 16  8192  20  131072  -0.3364E-10
 16  8192  20  131072  -0.3364E-10
 16  8192  20  131072  -0.3370E-10
 16  8192  20  131072  -0.3373E-10
 16  8192  20  131072  -0.3361E-10
 16  8192  20  131072  -0.3369E-10
 16  8192  20  131072  -0.3370E-10
 16  8192  20  131072  -0.3367E-10
 16  8192  20  131072  -0.3369E-10
 16  8192  20  131072  -0.3365E-10
