 16  128  3  2048  0.2941E-08
 16  128  3  2048  0.2767E-08
 16  128  3  2048  0.2709E-08
 16  128  3  2048  0.2706E-08
 16  128  3  2048  0.2699E-08
 16  128  3  2048  0.2712E-08
 16  128  3  2048  0.5703E-08
 16  128  3  2048  0.5408E-08
 16  128  3  2048  0.5829E-08
 16  128  3  2048  0.5716E-08
 16  128  4  2048  0.2013E-08
 16  128  4  2048  0.1841E-08
 16  128  4  2048  0.1822E-08
 16  128  4  2048  0.1822E-08
 16  128  4  2048  0.1827E-08
 16  128  4  2048  0.1821E-08
 16  128  4  2048  0.1824E-08
 16  128  4  2048  0.1832E-08
 16  128  4  2048  0.1825E-08
 16  128  4  2048  0.1816E-08
 16  128  5  2048  0.1658E-08
 16  128  5  2048  0.1584E-08
 16  128  5  2048  0.1578E-08
 16  128  5  2048  0.1571E-08
 16  128  5  2048  0.1613E-08
 16  128  5  2048  0.1573E-08
 16  128  5  2048  0.1573E-08
 16  128  5  2048  0.1572E-08
 16  128  5  2048  0.1583E-08
 16  128  5  2048  0.1578E-08
 16  128  6  2048  0.9840E-09
 16  128  6  2048  0.9526E-09
 16  128  6  2048  0.9581E-09
 16  128  6  2048  0.9568E-09
 16  128  6  2048  0.9502E-09
 16  128  6  2048  0.9490E-09
 16  128  6  2048  0.9582E-09
 16  128  6  2048  0.9571E-09
 16  128  6  2048  0.9576E-09
 16  128  6  2048  0.9510E-09
 16  128  7  2048  0.8572E-09
 16  128  7  2048  0.8367E-09
 16  128  7  2048  0.8317E-09
 16  128  7  2048  0.8335E-09
 16  128  7  2048  0.8342E-09
 16  128  7  2048  0.8343E-09
 16  128  7  2048  0.8345E-09
 16  128  7  2048  0.8327E-09
 16  128  7  2048  0.8328E-09
 16  128  7  2048  0.8353E-09
 16  128  8  2048  0.7490E-09
 16  128  8  2048  0.7362E-09
 16  128  8  2048  0.7336E-09
 16  128  8  2048  0.7368E-09
 16  128  8  2048  0.7305E-09
 16  128  8  2048  0.7330E-09
 16  128  8  2048  0.7342E-09
 16  128  8  2048  0.7348E-09
 16  128  8  2048  0.7324E-09
 16  128  8  2048  0.7322E-09
 16  128  9  2048  0.7382E-09
 16  128  9  2048  0.7269E-09
 16  128  9  2048  0.7270E-09
 16  128  9  2048  0.7259E-09
 16  128  9  2048  0.7267E-09
 16  128  9  2048  0.7251E-09
 16  128  9  2048  0.7283E-09
 16  128  9  2048  0.7263E-09
 16  128  9  2048  0.7257E-09
 16  128  9  2048  0.7282E-09
 16  128  10  2048  0.7109E-09
 16  128  10  2048  0.7038E-09
 16  128  10  2048  0.7027E-09
 16  128  10  2048  0.7015E-09
 16  128  10  2048  0.7025E-09
 16  128  10  2048  0.7031E-09
 16  128  10  2048  0.7022E-09
 16  128  10  2048  0.7020E-09
 16  128  10  2048  0.7040E-09
 16  128  10  2048  0.7018E-09
 16  128  10  2048  0.7119E-09
 16  128  10  2048  0.7058E-09
 16  128  10  2048  0.7043E-09
 16  128  10  2048  0.7038E-09
 16  128  10  2048  0.7024E-09
 16  128  10  2048  0.7044E-09
 16  128  10  2048  0.7044E-09
 16  128  10  2048  0.7031E-09
 16  128  10  2048  0.7038E-09
 16  128  10  2048  0.7033E-09
 16  128  11  2048  0.6936E-09
 16  128  11  2048  0.6860E-09
 16  128  11  2048  0.6858E-09
 16  128  11  2048  0.6855E-09
 16  128  11  2048  0.6855E-09
 16  128  11  2048  0.6846E-09
 16  128  11  2048  0.6850E-09
 16  128  11  2048  0.6854E-09
 16  128  11  2048  0.6849E-09
 16  128  11  2048  0.6850E-09
 16  128  12  2048  0.6308E-09
 16  128  12  2048  0.6219E-09
 16  128  12  2048  0.6290E-09
 16  128  12  2048  0.6200E-09
 16  128  12  2048  0.6196E-09
 16  128  12  2048  0.6207E-09
 16  128  12  2048  0.6208E-09
 16  128  12  2048  0.6198E-09
 16  128  12  2048  0.6210E-09
 16  128  12  2048  0.6199E-09
 16  128  13  2048  0.6365E-09
 16  128  13  2048  0.6294E-09
 16  128  13  2048  0.6279E-09
 16  128  13  2048  0.6279E-09
 16  128  13  2048  0.6279E-09
 16  128  13  2048  0.6282E-09
 16  128  13  2048  0.6285E-09
 16  128  13  2048  0.6345E-09
 16  128  13  2048  0.6285E-09
 16  128  13  2048  0.6279E-09
 16  128  14  2048  0.5991E-09
 16  128  14  2048  0.5963E-09
 16  128  14  2048  0.5906E-09
 16  128  14  2048  0.5895E-09
 16  128  14  2048  0.5907E-09
 16  128  14  2048  0.5902E-09
 16  128  14  2048  0.5906E-09
 16  128  14  2048  0.5908E-09
 16  128  14  2048  0.5905E-09
 16  128  14  2048  0.5951E-09
 16  128  15  2048  0.6356E-09
 16  128  15  2048  0.6296E-09
 16  128  15  2048  0.6290E-09
 16  128  15  2048  0.6290E-09
 16  128  15  2048  0.6291E-09
 16  128  15  2048  0.6330E-09
 16  128  15  2048  0.6296E-09
 16  128  15  2048  0.6290E-09
 16  128  15  2048  0.6291E-09
 16  128  15  2048  0.6290E-09
 16  128  16  2048  0.6228E-09
 16  128  16  2048  0.6166E-09
 16  128  16  2048  0.6161E-09
 16  128  16  2048  0.6162E-09
 16  128  16  2048  0.6189E-09
 16  128  16  2048  0.6161E-09
 16  128  16  2048  0.6165E-09
 16  128  16  2048  0.6169E-09
 16  128  16  2048  0.6174E-09
 16  128  16  2048  0.6170E-09
 16  128  17  2048  0.7167E-09
 16  128  17  2048  0.7104E-09
 16  128  17  2048  0.7107E-09
 16  128  17  2048  0.7103E-09
 16  128  17  2048  0.7108E-09
 16  128  17  2048  0.7105E-09
 16  128  17  2048  0.7106E-09
 16  128  17  2048  0.7106E-09
 16  128  17  2048  0.7107E-09
 16  128  17  2048  0.7106E-09
 16  128  18  2048  0.7060E-09
 16  128  18  2048  0.6979E-09
 16  128  18  2048  0.7003E-09
 16  128  18  2048  0.7005E-09
 16  128  18  2048  0.7008E-09
 16  128  18  2048  0.7232E-09
 16  128  18  2048  0.7383E-09
 16  128  18  2048  0.7347E-09
 16  128  18  2048  0.7377E-09
 16  128  18  2048  0.7363E-09
 16  128  19  2048  0.7528E-09
 16  128  19  2048  0.7493E-09
 16  128  19  2048  0.7472E-09
 16  128  19  2048  0.7471E-09
 16  128  19  2048  0.7493E-09
 16  128  19  2048  0.7556E-09
 16  128  19  2048  0.7750E-09
 16  128  19  2048  0.7765E-09
 16  128  19  2048  0.7756E-09
 16  128  19  2048  0.7767E-09
 16  128  20  2048  0.7305E-09
 16  128  20  2048  0.7248E-09
 16  128  20  2048  0.7264E-09
 16  128  20  2048  0.7245E-09
 16  128  20  2048  0.7247E-09
 16  128  20  2048  0.7267E-09
 16  128  20  2048  0.7247E-09
 16  128  20  2048  0.7264E-09
 16  128  20  2048  0.7246E-09
 16  128  20  2048  0.7245E-09
