 16  512  3  8192  0.1476E-08
 16  512  3  8192  0.1381E-08
 16  512  3  8192  0.1378E-08
 16  512  3  8192  0.1362E-08
 16  512  3  8192  0.1369E-08
 16  512  3  8192  0.1363E-08
 16  512  3  8192  0.1373E-08
 16  512  3  8192  0.1372E-08
 16  512  3  8192  0.1383E-08
 16  512  3  8192  0.1355E-08
 16  512  4  8192  0.7418E-09
 16  512  4  8192  0.7365E-09
 16  512  4  8192  0.7342E-09
 16  512  4  8192  0.7380E-09
 16  512  4  8192  0.7183E-09
 16  512  4  8192  0.7218E-09
 16  512  4  8192  0.7234E-09
 16  512  4  8192  0.7267E-09
 16  512  4  8192  0.7341E-09
 16  512  4  8192  0.7322E-09
 16  512  5  8192  0.5348E-09
 16  512  5  8192  0.5291E-09
 16  512  5  8192  0.5289E-09
 16  512  5  8192  0.5282E-09
 16  512  5  8192  0.5341E-09
 16  512  5  8192  0.5268E-09
 16  512  5  8192  0.5238E-09
 16  512  5  8192  0.5293E-09
 16  512  5  8192  0.5268E-09
 16  512  5  8192  0.5299E-09
 16  512  6  8192  0.3823E-09
 16  512  6  8192  0.3802E-09
 16  512  6  8192  0.3765E-09
 16  512  6  8192  0.3764E-09
 16  512  6  8192  0.3761E-09
 16  512  6  8192  0.3774E-09
 16  512  6  8192  0.3793E-09
 16  512  6  8192  0.3763E-09
 16  512  6  8192  0.3765E-09
 16  512  6  8192  0.3763E-09
 16  512  7  8192  0.3194E-09
 16  512  7  8192  0.3179E-09
 16  512  7  8192  0.3173E-09
 16  512  7  8192  0.3112E-09
 16  512  7  8192  0.3086E-09
 16  512  7  8192  0.3058E-09
 16  512  7  8192  0.3082E-09
 16  512  7  8192  0.3070E-09
 16  512  7  8192  0.3051E-09
 16  512  7  8192  0.3036E-09
 16  512  8  8192  0.2455E-09
 16  512  8  8192  0.2443E-09
 16  512  8  8192  0.2444E-09
 16  512  8  8192  0.2447E-09
 16  512  8  8192  0.2444E-09
 16  512  8  8192  0.2444E-09
 16  512  8  8192  0.2451E-09
 16  512  8  8192  0.2471E-09
 16  512  8  8192  0.2440E-09
 16  512  8  8192  0.2452E-09
 16  512  9  8192  0.2265E-09
 16  512  9  8192  0.2253E-09
 16  512  9  8192  0.2257E-09
 16  512  9  8192  0.2268E-09
 16  512  9  8192  0.2258E-09
 16  512  9  8192  0.2253E-09
 16  512  9  8192  0.2254E-09
 16  512  9  8192  0.2256E-09
 16  512  9  8192  0.2251E-09
 16  512  9  8192  0.2254E-09
 16  512  10  8192  0.2098E-09
 16  512  10  8192  0.2074E-09
 16  512  10  8192  0.2078E-09
 16  512  10  8192  0.2096E-09
 16  512  10  8192  0.2081E-09
 16  512  10  8192  0.2082E-09
 16  512  10  8192  0.2081E-09
 16  512  10  8192  0.2106E-09
 16  512  10  8192  0.2082E-09
 16  512  10  8192  0.2078E-09
 16  512  11  8192  0.1982E-09
 16  512  11  8192  0.1980E-09
 16  512  11  8192  0.1970E-09
 16  512  11  8192  0.1976E-09
 16  512  11  8192  0.1969E-09
 16  512  11  8192  0.1990E-09
 16  512  11  8192  0.1978E-09
 16  512  11  8192  0.1973E-09
 16  512  11  8192  0.1981E-09
 16  512  11  8192  0.1977E-09
 16  512  12  8192  0.1868E-09
 16  512  12  8192  0.1869E-09
 16  512  12  8192  0.1866E-09
 16  512  12  8192  0.1878E-09
 16  512  12  8192  0.1867E-09
 16  512  12  8192  0.1880E-09
 16  512  12  8192  0.1869E-09
 16  512  12  8192  0.1865E-09
 16  512  12  8192  0.1866E-09
 16  512  12  8192  0.1868E-09
 16  512  13  8192  0.1789E-09
 16  512  13  8192  0.1782E-09
 16  512  13  8192  0.1779E-09
 16  512  13  8192  0.1782E-09
 16  512  13  8192  0.1780E-09
 16  512  13  8192  0.1783E-09
 16  512  13  8192  0.1794E-09
 16  512  13  8192  0.1784E-09
 16  512  13  8192  0.1782E-09
 16  512  13  8192  0.1782E-09
 16  512  14  8192  0.1728E-09
 16  512  14  8192  0.1733E-09
 16  512  14  8192  0.1735E-09
 16  512  14  8192  0.1749E-09
 16  512  14  8192  0.1735E-09
 16  512  14  8192  0.1729E-09
 16  512  14  8192  0.1739E-09
 16  512  14  8192  0.1737E-09
 16  512  14  8192  0.1743E-09
 16  512  14  8192  0.1742E-09
 16  512  15  8192  0.1741E-09
 16  512  15  8192  0.1719E-09
 16  512  15  8192  0.1720E-09
 16  512  15  8192  0.1720E-09
 16  512  15  8192  0.1722E-09
 16  512  15  8192  0.1730E-09
 16  512  15  8192  0.1719E-09
 16  512  15  8192  0.1737E-09
 16  512  15  8192  0.1720E-09
 16  512  15  8192  0.1719E-09
 16  512  16  8192  0.1668E-09
 16  512  16  8192  0.1679E-09
 16  512  16  8192  0.1672E-09
 16  512  16  8192  0.1674E-09
 16  512  16  8192  0.1674E-09
 16  512  16  8192  0.1666E-09
 16  512  16  8192  0.1664E-09
 16  512  16  8192  0.1679E-09
 16  512  16  8192  0.1680E-09
 16  512  16  8192  0.1665E-09
 16  512  17  8192  0.1895E-09
 16  512  17  8192  0.1898E-09
 16  512  17  8192  0.1891E-09
 16  512  17  8192  0.1893E-09
 16  512  17  8192  0.1884E-09
 16  512  17  8192  0.1899E-09
 16  512  17  8192  0.1900E-09
 16  512  17  8192  0.1893E-09
 16  512  17  8192  0.1885E-09
 16  512  17  8192  0.1892E-09
 16  512  18  8192  0.1844E-09
 16  512  18  8192  0.1856E-09
 16  512  18  8192  0.1843E-09
 16  512  18  8192  0.1844E-09
 16  512  18  8192  0.1848E-09
 16  512  18  8192  0.1855E-09
 16  512  18  8192  0.1836E-09
 16  512  18  8192  0.1848E-09
 16  512  18  8192  0.1850E-09
 16  512  18  8192  0.1848E-09
 16  512  19  8192  0.1936E-09
 16  512  19  8192  0.1940E-09
 16  512  19  8192  0.1941E-09
 16  512  19  8192  0.1936E-09
 16  512  19  8192  0.1941E-09
 16  512  19  8192  0.1941E-09
 16  512  19  8192  0.1935E-09
 16  512  19  8192  0.1941E-09
 16  512  19  8192  0.1940E-09
 16  512  19  8192  0.1935E-09
 16  512  20  8192  0.2131E-09
 16  512  20  8192  0.2138E-09
 16  512  20  8192  0.2118E-09
 16  512  20  8192  0.2147E-09
 16  512  20  8192  0.2151E-09
 16  512  20  8192  0.2121E-09
 16  512  20  8192  0.2122E-09
 16  512  20  8192  0.2144E-09
 16  512  20  8192  0.2118E-09
 16  512  20  8192  0.2130E-09
